
Total Runtime in seconds: 177.51282620429993Parameters:
population_size: 100, max_generations: 1000, executed generations: 1000, threshold_no_improvement: 500
target feasible proportion: 25
fitness_scaling: power_rank, selection_method: n_tournaments
p_c: 0.8, p_m: 0.5
tournament_size: 2, n_elite: 10
survivor_selection_step: 200, p_selection_survival: 0.7
kill clone step: 100
diversify_step: 300, diversify_step: 300, p_diversify_survival: 0.3
n_closest_neighbors: 3, diversity_weight: 0.5, distance_method: broken_pairs_distance
capacity_penalty_factor: 2, duration_penalty_factor 2, time_window_penalty: 2
Best fitness all generations, best individual before/after local search: 1361.8934433563852, 1361.8934433563852 / 1361.8934433563852
Best individual found before local search: (52, [10, 10, 14, 14, 45,  6,  3, 48, 11, 42, 46, 39, 35, 37, 10,  7, 19, 22, 27, 34,  9, 43, 21, 32, 26, 18, 17, 16, 28,  4, 14,  1, 33, 20, 13,  8, 29,  5, 15, 25, 40, 38,  2, 44, 31, 41, 36, 23, 30, 47, 12, 24], 1361.89344336, 1361.89344336, 0., 0., 0., 0., 0, 0, 0.)
Best individual found after local search: (52, [10, 10, 14, 14, 45,  6,  3, 48, 11, 42, 46, 39, 35, 37, 10,  7, 19, 22, 27, 34,  9, 43, 21, 32, 26, 18, 17, 16, 28,  4, 14,  1, 33, 20, 13,  8, 29,  5, 15, 25, 40, 38,  2, 44, 31, 41, 36, 23, 30, 47, 12, 24], 1361.89344336, 1361.89344336, 0., 0., 0., 0., 0, 0, 0.)
Best feasible individual found: (52, [10, 10, 14, 14, 45,  6,  3, 48, 11, 42, 46, 39, 35, 37, 10,  7, 19, 22, 27, 34,  9, 43, 21, 32, 26, 18, 17, 16, 28,  4, 14,  1, 33, 20, 13,  8, 29,  5, 15, 25, 40, 38,  2, 44, 31, 41, 36, 23, 30, 47, 12, 24], 1361.89344336, 1361.89344336, 0., 0., 0., 0., 0, 0, 0.)

Fitness stats min: [3578.50797399 3514.20886451 3423.71683655 3367.80714569 3352.88899857
 3264.2870361  3264.2870361  3249.30678968 3249.30678968 3223.13561816
 3223.13561816 3223.13561816 3150.66567036 3150.66567036 3053.55015384
 3053.55015384 2926.15967773 2926.15967773 2926.15967773 2848.30577935
 2830.55264964 2786.64114395 2786.64114395 2786.64114395 2786.64114395
 2589.46023829 2589.46023829 2589.46023829 2589.46023829 2589.46023829
 2580.34934356 2501.10598001 2501.10598001 2416.75637374 2416.75637374
 2394.68424962 2394.68424962 2383.17400743 2383.17400743 2383.17400743
 2274.964103   2274.964103   2274.964103   2274.964103   2274.964103
 2194.42490534 2194.42490534 2173.97576468 2131.39565854 2058.73585677
 2058.73585677 2051.4309832  2051.4309832  2048.24578744 2012.17107816
 2012.17107816 1972.52086394 1949.38097127 1910.16313895 1910.16313895
 1910.16313895 1910.16313895 1910.16313895 1896.64783351 1884.64859728
 1876.16629998 1876.16629998 1868.43618214 1868.43618214 1868.43618214
 1868.43618214 1866.29204715 1856.15790509 1856.15790509 1848.1773682
 1801.20143184 1801.20143184 1801.20143184 1783.20087655 1783.20087655
 1783.20087655 1783.20087655 1772.92043916 1700.9109202  1700.9109202
 1700.9109202  1673.30236353 1673.30236353 1673.30236353 1663.47878136
 1663.47878136 1663.47878136 1633.52557267 1633.52557267 1633.30960352
 1633.30960352 1620.8359986  1620.8359986  1603.12048722 1603.12048722
 1603.12048722 1603.12048722 1603.12048722 1603.12048722 1603.12048722
 1603.12048722 1603.12048722 1592.24071369 1592.24071369 1592.24071369
 1592.24071369 1592.24071369 1592.24071369 1592.24071369 1592.24071369
 1565.55551893 1565.55551893 1565.55551893 1565.55551893 1565.55551893
 1565.55551893 1565.55551893 1565.55551893 1565.55551893 1565.55551893
 1565.55551893 1565.55551893 1565.25843298 1551.0775073  1551.0775073
 1551.0775073  1551.0775073  1551.0775073  1551.0775073  1551.0775073
 1551.0775073  1524.21998897 1524.02857936 1524.02857936 1519.8455114
 1519.8455114  1519.8455114  1519.8455114  1519.8455114  1519.8455114
 1519.8455114  1519.8455114  1519.8455114  1519.8455114  1519.8455114
 1519.8455114  1519.8455114  1519.8455114  1519.8455114  1519.8455114
 1519.8455114  1519.8455114  1519.8455114  1519.8455114  1519.8455114
 1519.8455114  1519.8455114  1519.8455114  1519.8455114  1519.8455114
 1519.8455114  1519.8455114  1519.8455114  1519.8455114  1515.89643859
 1515.89643859 1515.89643859 1515.89643859 1515.89643859 1515.89643859
 1515.89643859 1514.98265534 1514.98265534 1514.98265534 1514.98265534
 1514.98265534 1514.98265534 1514.98265534 1514.98265534 1497.65744805
 1497.65744805 1497.65744805 1496.30070178 1496.30070178 1496.30070178
 1496.30070178 1493.11517798 1489.35400493 1489.35400493 1489.35400493
 1485.67079777 1485.67079777 1471.71880491 1471.71880491 1471.71880491
 1471.71880491 1471.71880491 1471.71880491 1471.71880491 1471.71880491
 1471.71880491 1471.71880491 1471.71880491 1458.36373905 1458.36373905
 1458.36373905 1458.36373905 1458.36373905 1458.36373905 1458.36373905
 1458.36373905 1458.36373905 1458.36373905 1458.36373905 1456.5572756
 1455.65119338 1455.65119338 1455.65119338 1454.54872119 1454.54872119
 1454.54872119 1454.54872119 1454.54872119 1454.54872119 1454.54872119
 1454.54872119 1454.54872119 1454.54872119 1454.54872119 1454.54872119
 1454.54872119 1454.54872119 1454.54872119 1454.54872119 1454.54872119
 1454.54872119 1454.54872119 1454.54872119 1454.54872119 1454.54872119
 1454.54872119 1454.54872119 1454.54872119 1454.54872119 1454.54872119
 1454.54872119 1454.54872119 1454.54872119 1454.54872119 1454.54872119
 1454.54872119 1454.54872119 1454.54872119 1454.54872119 1454.54872119
 1454.54872119 1454.54872119 1454.54872119 1454.54872119 1454.54872119
 1454.54872119 1454.54872119 1454.54872119 1454.54872119 1454.54872119
 1454.54872119 1454.54872119 1454.54872119 1454.54872119 1454.54872119
 1454.54872119 1454.54872119 1454.54872119 1454.54872119 1454.54872119
 1454.54872119 1454.54872119 1454.54872119 1454.54872119 1454.54872119
 1451.58952559 1451.58952559 1451.58952559 1451.58952559 1451.58952559
 1451.58952559 1451.58952559 1451.58952559 1451.58952559 1451.58952559
 1451.58952559 1451.58952559 1451.58952559 1451.58952559 1451.58952559
 1451.58952559 1451.58952559 1451.58952559 1448.67113843 1448.67113843
 1448.67113843 1448.67113843 1446.73265079 1446.73265079 1446.73265079
 1446.73265079 1446.73265079 1446.73265079 1446.73265079 1446.73265079
 1446.73265079 1446.73265079 1443.97135116 1443.97135116 1443.97135116
 1443.97135116 1443.97135116 1443.97135116 1443.97135116 1442.94368265
 1442.94368265 1442.94368265 1442.94368265 1442.94368265 1442.94368265
 1442.94368265 1442.94368265 1442.94368265 1442.94368265 1442.94368265
 1442.94368265 1442.94368265 1442.94368265 1442.94368265 1442.94368265
 1442.94368265 1442.94368265 1442.94368265 1442.94368265 1442.94368265
 1442.94368265 1442.94368265 1442.94368265 1442.94368265 1442.94368265
 1442.94368265 1442.94368265 1442.94368265 1442.94368265 1434.36856858
 1434.36856858 1434.36856858 1434.36856858 1434.36856858 1434.36856858
 1434.36856858 1432.32421781 1432.32421781 1425.1186011  1425.1186011
 1425.1186011  1422.13898923 1422.13898923 1422.13898923 1422.13898923
 1422.13898923 1420.20050158 1420.20050158 1420.20050158 1420.20050158
 1420.20050158 1420.20050158 1420.20050158 1420.20050158 1420.20050158
 1420.20050158 1420.20050158 1420.20050158 1420.20050158 1420.20050158
 1420.20050158 1420.20050158 1420.20050158 1420.20050158 1420.20050158
 1420.20050158 1420.20050158 1420.20050158 1420.20050158 1420.20050158
 1420.20050158 1420.20050158 1420.20050158 1420.20050158 1420.20050158
 1420.20050158 1420.20050158 1420.20050158 1420.20050158 1420.20050158
 1420.20050158 1420.20050158 1420.20050158 1420.20050158 1420.20050158
 1420.20050158 1420.20050158 1420.20050158 1420.20050158 1420.20050158
 1420.20050158 1420.20050158 1420.20050158 1418.3161652  1418.3161652
 1418.3161652  1418.3161652  1418.3161652  1418.3161652  1418.3161652
 1418.3161652  1418.3161652  1418.3161652  1418.3161652  1418.3161652
 1418.3161652  1418.3161652  1418.3161652  1418.3161652  1418.3161652
 1418.3161652  1418.3161652  1418.3161652  1418.3161652  1418.3161652
 1418.3161652  1418.3161652  1418.3161652  1418.3161652  1418.25700889
 1418.25700889 1418.25700889 1418.25700889 1418.25700889 1418.25700889
 1418.25700889 1418.25700889 1409.07599109 1409.07599109 1409.07599109
 1409.07599109 1409.07599109 1409.07599109 1409.07599109 1409.07599109
 1409.07599109 1409.07599109 1409.07599109 1406.38257623 1406.38257623
 1406.38257623 1406.38257623 1406.38257623 1406.38257623 1406.38257623
 1406.38257623 1406.38257623 1406.38257623 1406.38257623 1406.38257623
 1406.38257623 1406.34796458 1406.34796458 1406.34796458 1396.74629083
 1396.74629083 1396.74629083 1396.74629083 1396.74629083 1396.74629083
 1396.74629083 1396.74629083 1396.71167918 1396.71167918 1396.71167918
 1396.71167918 1396.71167918 1396.71167918 1396.71167918 1396.71167918
 1396.71167918 1396.71167918 1396.71167918 1396.71167918 1396.71167918
 1396.71167918 1396.71167918 1396.71167918 1396.71167918 1396.71167918
 1396.71167918 1396.71167918 1396.71167918 1396.71167918 1396.71167918
 1396.71167918 1396.71167918 1396.71167918 1396.71167918 1396.71167918
 1395.76391126 1395.76391126 1395.76391126 1395.76391126 1395.76391126
 1395.76391126 1395.76391126 1395.76391126 1395.76391126 1395.76391126
 1395.76391126 1395.76391126 1395.76391126 1395.76391126 1395.76391126
 1395.76391126 1395.76391126 1395.76391126 1395.76391126 1395.76391126
 1395.76391126 1395.76391126 1395.76391126 1395.76391126 1395.76391126
 1395.76391126 1395.76391126 1395.76391126 1395.76391126 1395.76391126
 1395.76391126 1395.76391126 1395.76391126 1395.76391126 1395.76391126
 1395.76391126 1395.76391126 1395.76391126 1395.76391126 1395.76391126
 1395.76391126 1395.76391126 1395.76391126 1395.76391126 1395.76391126
 1395.76391126 1395.76391126 1395.76391126 1395.76391126 1394.86004116
 1394.86004116 1394.86004116 1394.86004116 1394.86004116 1394.86004116
 1394.86004116 1394.86004116 1394.86004116 1394.86004116 1394.86004116
 1394.86004116 1394.86004116 1394.86004116 1394.86004116 1394.86004116
 1394.86004116 1394.86004116 1394.86004116 1394.86004116 1394.86004116
 1394.86004116 1394.86004116 1394.86004116 1394.86004116 1394.86004116
 1394.86004116 1394.86004116 1394.86004116 1394.86004116 1394.86004116
 1394.86004116 1394.86004116 1394.86004116 1394.86004116 1394.86004116
 1394.86004116 1394.86004116 1394.86004116 1394.86004116 1394.86004116
 1394.86004116 1394.86004116 1394.86004116 1394.86004116 1394.86004116
 1394.86004116 1394.86004116 1394.86004116 1394.86004116 1394.86004116
 1394.86004116 1394.86004116 1394.86004116 1394.86004116 1394.86004116
 1394.86004116 1394.86004116 1394.86004116 1394.86004116 1394.86004116
 1394.86004116 1394.86004116 1394.86004116 1394.86004116 1394.86004116
 1394.86004116 1394.86004116 1394.86004116 1394.86004116 1394.86004116
 1394.86004116 1394.86004116 1394.86004116 1394.86004116 1394.86004116
 1394.86004116 1394.86004116 1394.86004116 1394.86004116 1394.86004116
 1394.86004116 1394.86004116 1394.86004116 1394.86004116 1394.86004116
 1394.86004116 1394.86004116 1394.86004116 1394.86004116 1394.86004116
 1394.86004116 1394.86004116 1394.86004116 1394.86004116 1394.86004116
 1394.86004116 1394.86004116 1394.86004116 1394.86004116 1394.86004116
 1394.86004116 1394.86004116 1394.86004116 1394.86004116 1394.86004116
 1394.86004116 1394.86004116 1394.86004116 1394.86004116 1394.86004116
 1394.86004116 1394.86004116 1394.86004116 1394.86004116 1394.86004116
 1394.86004116 1394.86004116 1394.86004116 1394.86004116 1394.86004116
 1394.86004116 1394.86004116 1394.86004116 1394.86004116 1394.86004116
 1394.86004116 1394.86004116 1394.86004116 1394.86004116 1394.86004116
 1394.86004116 1394.86004116 1394.86004116 1394.86004116 1394.86004116
 1394.86004116 1394.86004116 1394.86004116 1394.86004116 1394.86004116
 1394.86004116 1394.86004116 1394.86004116 1394.86004116 1394.86004116
 1394.86004116 1394.86004116 1394.86004116 1394.86004116 1394.86004116
 1394.86004116 1394.86004116 1394.86004116 1394.86004116 1390.59569458
 1390.59569458 1390.59569458 1390.59569458 1390.59569458 1390.59569458
 1390.59569458 1390.59569458 1390.59569458 1390.59569458 1390.59569458
 1390.59569458 1390.59569458 1390.59569458 1390.59569458 1390.59569458
 1390.59569458 1390.59569458 1390.59569458 1390.59569458 1390.59569458
 1390.59569458 1390.59569458 1390.59569458 1390.59569458 1390.59569458
 1390.59569458 1367.48341678 1367.48341678 1367.48341678 1367.48341678
 1367.48341678 1367.48341678 1367.48341678 1367.48341678 1367.48341678
 1367.48341678 1367.48341678 1367.48341678 1367.48341678 1367.48341678
 1367.48341678 1367.48341678 1367.48341678 1367.48341678 1367.48341678
 1367.48341678 1367.48341678 1367.48341678 1367.48341678 1367.48341678
 1367.48341678 1367.48341678 1367.48341678 1367.48341678 1367.48341678
 1367.48341678 1367.48341678 1367.48341678 1367.48341678 1367.48341678
 1367.48341678 1367.48341678 1367.48341678 1367.48341678 1367.48341678
 1367.48341678 1367.48341678 1367.48341678 1367.48341678 1367.48341678
 1367.48341678 1367.48341678 1367.48341678 1367.48341678 1367.48341678
 1367.48341678 1367.48341678 1367.48341678 1367.48341678 1367.48341678
 1367.48341678 1367.48341678 1367.48341678 1367.48341678 1367.48341678
 1367.48341678 1367.48341678 1367.48341678 1367.48341678 1367.48341678
 1367.48341678 1367.48341678 1367.48341678 1367.48341678 1367.48341678
 1367.48341678 1367.48341678 1367.48341678 1367.48341678 1367.48341678
 1367.02188928 1367.02188928 1367.02188928 1367.02188928 1367.02188928
 1367.02188928 1367.02188928 1367.02188928 1367.02188928 1367.02188928
 1367.02188928 1367.02188928 1367.02188928 1367.02188928 1367.02188928
 1367.02188928 1367.02188928 1367.02188928 1367.02188928 1367.02188928
 1367.02188928 1367.02188928 1367.02188928 1367.02188928 1367.02188928
 1367.02188928 1367.02188928 1367.02188928 1367.02188928 1367.02188928
 1367.02188928 1367.02188928 1367.02188928 1367.02188928 1367.02188928
 1367.02188928 1367.02188928 1367.02188928 1367.02188928 1367.02188928
 1367.02188928 1367.02188928 1367.02188928 1367.02188928 1367.02188928
 1367.02188928 1367.02188928 1367.02188928 1367.02188928 1367.02188928
 1367.02188928 1367.02188928 1367.02188928 1367.02188928 1367.02188928
 1367.02188928 1367.02188928 1367.02188928 1367.02188928 1367.02188928
 1367.02188928 1367.02188928 1367.02188928 1367.02188928 1367.02188928
 1367.02188928 1367.02188928 1367.02188928 1367.02188928 1367.02188928
 1367.02188928 1367.02188928 1367.02188928 1367.02188928 1367.02188928
 1367.02188928 1367.02188928 1367.02188928 1367.02188928 1367.02188928
 1367.02188928 1367.02188928 1367.02188928 1367.02188928 1367.02188928
 1367.02188928 1367.02188928 1367.02188928 1367.02188928 1367.02188928
 1367.02188928 1367.02188928 1367.02188928 1367.02188928 1367.02188928
 1367.02188928 1367.02188928 1367.02188928 1367.02188928 1367.02188928
 1367.02188928 1367.02188928 1367.02188928 1367.02188928 1367.02188928
 1367.02188928 1367.02188928 1367.02188928 1367.02188928 1367.02188928
 1367.02188928 1367.02188928 1367.02188928 1367.02188928 1367.02188928
 1367.02188928 1367.02188928 1367.02188928 1367.02188928 1367.02188928
 1367.02188928 1367.02188928 1367.02188928 1367.02188928 1367.02188928
 1367.02188928 1367.02188928 1367.02188928 1367.02188928 1367.02188928
 1361.89344336 1361.89344336 1361.89344336 1361.89344336 1361.89344336
 1361.89344336 1361.89344336 1361.89344336 1361.89344336 1361.89344336
 1361.89344336 1361.89344336 1361.89344336 1361.89344336 1361.89344336
 1361.89344336 1361.89344336 1361.89344336 1361.89344336 1361.89344336
 1361.89344336 1361.89344336 1361.89344336 1361.89344336 1361.89344336
 1361.89344336 1361.89344336 1361.89344336 1361.89344336 1361.89344336
 1361.89344336 1361.89344336 1361.89344336 1361.89344336 1361.89344336
 1361.89344336 1361.89344336 1361.89344336 1361.89344336 1361.89344336
 1361.89344336 1361.89344336 1361.89344336 1361.89344336 1361.89344336
 1361.89344336 1361.89344336 1361.89344336 1361.89344336 1361.89344336
 1361.89344336] 

Fitness stats feasible min: [3587.45807171 3518.17450203 3423.71683655 3399.03711317 3399.03711317
 3369.71730555 3369.71730555 3365.36056365 3321.37264742 3264.86063328
 3245.10917737 3245.10917737 3150.66567036 3150.66567036 3150.66567036
 3097.87170564 3094.5418687  3094.5418687  3082.18030817 2955.45550887
 2955.45550887 2786.64114395 2786.64114395 2786.64114395 2786.64114395
 2717.81788044 2717.81788044 2714.16710856 2714.16710856 2615.55528249
 2615.55528249 2534.94322303 2534.94322303 2416.75637374 2416.75637374
 2394.68424962 2394.68424962 2383.17400743 2383.17400743 2383.17400743
 2383.17400743 2304.32303988 2304.32303988 2304.32303988 2302.49859101
 2194.42490534 2194.42490534 2188.87832358 2131.39565854 2058.73585677
 2058.73585677 2051.4309832  2051.4309832  2048.24578744 2012.17107816
 2012.17107816 1972.52086394 1972.52086394 1910.16313895 1910.16313895
 1910.16313895 1910.16313895 1910.16313895 1910.16313895 1884.64859728
 1884.64859728 1884.64859728 1868.43618214 1868.43618214 1868.43618214
 1868.43618214 1866.29204715 1856.15790509 1856.15790509 1848.1773682
 1801.20143184 1801.20143184 1801.20143184 1783.20087655 1783.20087655
 1783.20087655 1783.20087655 1783.20087655 1700.9109202  1700.9109202
 1700.9109202  1700.9109202  1700.9109202  1700.9109202  1674.1862812
 1674.1862812  1674.1862812  1674.1862812  1674.1862812  1644.02563506
 1644.02563506 1644.02563506 1644.02563506 1644.02563506 1634.62911533
 1634.62911533 1634.62911533 1634.62911533 1634.62911533 1633.14586153
 1607.94392057 1607.94392057 1607.94392057 1607.94392057 1607.94392057
 1607.94392057 1607.94392057 1607.94392057 1606.46066677 1606.46066677
 1606.46066677 1606.46066677 1606.46066677 1606.46066677 1606.46066677
 1591.98265513 1591.98265513 1591.98265513 1591.98265513 1591.98265513
 1591.98265513 1591.98265513 1588.56123058 1576.93292881 1576.93292881
 1576.93292881 1576.93292881 1576.93292881 1567.07054685 1567.07054685
 1567.07054685 1560.04838424 1560.04838424 1552.02082052 1552.02082052
 1552.02082052 1552.02082052 1552.02082052 1552.02082052 1534.82922466
 1527.43703827 1527.43703827 1527.43703827 1527.43703827 1527.43703827
 1527.10220098 1527.10220098 1527.10220098 1527.10220098 1527.10220098
 1523.48796547 1523.48796547 1523.48796547 1523.48796547 1523.48796547
 1523.15312817 1523.15312817 1523.15312817 1523.15312817 1523.15312817
 1522.57418222 1522.57418222 1522.57418222 1522.57418222 1522.57418222
 1522.57418222 1522.57418222 1522.23934492 1522.23934492 1522.23934492
 1522.23934492 1522.23934492 1522.23934492 1522.23934492 1522.23934492
 1522.23934492 1521.31228755 1521.31228755 1521.31228755 1497.65744805
 1497.65744805 1497.65744805 1497.65744805 1497.65744805 1497.65744805
 1497.65744805 1493.11517798 1489.35400493 1489.35400493 1489.35400493
 1485.67079777 1485.67079777 1485.67079777 1485.67079777 1485.67079777
 1485.67079777 1483.9864303  1483.9864303  1483.9864303  1483.9864303
 1483.9864303  1483.9864303  1483.9864303  1458.36373905 1458.36373905
 1458.36373905 1458.36373905 1458.36373905 1458.36373905 1458.36373905
 1458.36373905 1458.36373905 1458.36373905 1458.36373905 1456.5572756
 1455.65119338 1455.65119338 1455.65119338 1454.54872119 1454.54872119
 1454.54872119 1454.54872119 1454.54872119 1454.54872119 1454.54872119
 1454.54872119 1454.54872119 1454.54872119 1454.54872119 1454.54872119
 1454.54872119 1454.54872119 1454.54872119 1454.54872119 1454.54872119
 1454.54872119 1454.54872119 1454.54872119 1454.54872119 1454.54872119
 1454.54872119 1454.54872119 1454.54872119 1454.54872119 1454.54872119
 1454.54872119 1454.54872119 1454.54872119 1454.54872119 1454.54872119
 1454.54872119 1454.54872119 1454.54872119 1454.54872119 1454.54872119
 1454.54872119 1454.54872119 1454.54872119 1454.54872119 1454.54872119
 1454.54872119 1454.54872119 1454.54872119 1454.54872119 1454.54872119
 1454.54872119 1454.54872119 1454.54872119 1454.54872119 1454.54872119
 1454.54872119 1454.54872119 1454.54872119 1454.54872119 1454.54872119
 1454.54872119 1454.54872119 1454.54872119 1454.54872119 1454.54872119
 1454.54872119 1454.54872119 1454.54872119 1454.54872119 1454.54872119
 1454.54872119 1454.54872119 1454.54872119 1451.63033403 1451.63033403
 1451.63033403 1451.63033403 1451.63033403 1451.63033403 1451.63033403
 1451.63033403 1451.63033403 1451.63033403 1451.63033403 1451.63033403
 1451.63033403 1451.63033403 1446.73265079 1446.73265079 1446.73265079
 1446.73265079 1446.73265079 1446.73265079 1446.73265079 1446.73265079
 1446.73265079 1446.73265079 1443.97135116 1443.97135116 1443.97135116
 1443.97135116 1443.97135116 1443.97135116 1443.97135116 1442.94368265
 1442.94368265 1442.94368265 1442.94368265 1442.94368265 1442.94368265
 1442.94368265 1442.94368265 1442.94368265 1442.94368265 1442.94368265
 1442.94368265 1442.94368265 1442.94368265 1442.94368265 1442.94368265
 1442.94368265 1442.94368265 1442.94368265 1442.94368265 1442.94368265
 1442.94368265 1442.94368265 1442.94368265 1442.94368265 1442.94368265
 1442.94368265 1442.94368265 1442.94368265 1442.94368265 1434.36856858
 1434.36856858 1434.36856858 1434.36856858 1434.36856858 1434.36856858
 1434.36856858 1432.32421781 1432.32421781 1425.1186011  1425.1186011
 1425.1186011  1425.1186011  1425.1186011  1425.1186011  1425.1186011
 1425.1186011  1420.20050158 1420.20050158 1420.20050158 1420.20050158
 1420.20050158 1420.20050158 1420.20050158 1420.20050158 1420.20050158
 1420.20050158 1420.20050158 1420.20050158 1420.20050158 1420.20050158
 1420.20050158 1420.20050158 1420.20050158 1420.20050158 1420.20050158
 1420.20050158 1420.20050158 1420.20050158 1420.20050158 1420.20050158
 1420.20050158 1420.20050158 1420.20050158 1420.20050158 1420.20050158
 1420.20050158 1420.20050158 1420.20050158 1420.20050158 1420.20050158
 1420.20050158 1420.20050158 1420.20050158 1420.20050158 1420.20050158
 1420.20050158 1420.20050158 1420.20050158 1420.20050158 1420.20050158
 1420.20050158 1420.20050158 1420.20050158 1418.3161652  1418.3161652
 1418.3161652  1418.3161652  1418.3161652  1418.3161652  1418.3161652
 1418.3161652  1418.3161652  1418.3161652  1418.3161652  1418.3161652
 1418.3161652  1418.3161652  1418.3161652  1418.3161652  1418.3161652
 1418.3161652  1418.3161652  1418.3161652  1418.3161652  1418.3161652
 1418.3161652  1418.3161652  1418.3161652  1418.3161652  1418.25700889
 1418.25700889 1418.25700889 1418.25700889 1418.25700889 1418.25700889
 1418.25700889 1418.25700889 1409.07599109 1409.07599109 1409.07599109
 1409.07599109 1409.07599109 1409.07599109 1409.07599109 1409.07599109
 1409.07599109 1409.07599109 1409.07599109 1406.38257623 1406.38257623
 1406.38257623 1406.38257623 1406.38257623 1406.38257623 1406.38257623
 1406.38257623 1406.38257623 1406.38257623 1406.38257623 1406.38257623
 1406.38257623 1406.34796458 1406.34796458 1406.34796458 1396.74629083
 1396.74629083 1396.74629083 1396.74629083 1396.74629083 1396.74629083
 1396.74629083 1396.74629083 1396.71167918 1396.71167918 1396.71167918
 1396.71167918 1396.71167918 1396.71167918 1396.71167918 1396.71167918
 1396.71167918 1396.71167918 1396.71167918 1396.71167918 1396.71167918
 1396.71167918 1396.71167918 1396.71167918 1396.71167918 1396.71167918
 1396.71167918 1396.71167918 1396.71167918 1396.71167918 1396.71167918
 1396.71167918 1396.71167918 1396.71167918 1396.71167918 1396.71167918
 1395.76391126 1395.76391126 1395.76391126 1395.76391126 1395.76391126
 1395.76391126 1395.76391126 1395.76391126 1395.76391126 1395.76391126
 1395.76391126 1395.76391126 1395.76391126 1395.76391126 1395.76391126
 1395.76391126 1395.76391126 1395.76391126 1395.76391126 1395.76391126
 1395.76391126 1395.76391126 1395.76391126 1395.76391126 1395.76391126
 1395.76391126 1395.76391126 1395.76391126 1395.76391126 1395.76391126
 1395.76391126 1395.76391126 1395.76391126 1395.76391126 1395.76391126
 1395.76391126 1395.76391126 1395.76391126 1395.76391126 1395.76391126
 1395.76391126 1395.76391126 1395.76391126 1395.76391126 1395.76391126
 1395.76391126 1395.76391126 1395.76391126 1395.76391126 1394.86004116
 1394.86004116 1394.86004116 1394.86004116 1394.86004116 1394.86004116
 1394.86004116 1394.86004116 1394.86004116 1394.86004116 1394.86004116
 1394.86004116 1394.86004116 1394.86004116 1394.86004116 1394.86004116
 1394.86004116 1394.86004116 1394.86004116 1394.86004116 1394.86004116
 1394.86004116 1394.86004116 1394.86004116 1394.86004116 1394.86004116
 1394.86004116 1394.86004116 1394.86004116 1394.86004116 1394.86004116
 1394.86004116 1394.86004116 1394.86004116 1394.86004116 1394.86004116
 1394.86004116 1394.86004116 1394.86004116 1394.86004116 1394.86004116
 1394.86004116 1394.86004116 1394.86004116 1394.86004116 1394.86004116
 1394.86004116 1394.86004116 1394.86004116 1394.86004116 1394.86004116
 1394.86004116 1394.86004116 1394.86004116 1394.86004116 1394.86004116
 1394.86004116 1394.86004116 1394.86004116 1394.86004116 1394.86004116
 1394.86004116 1394.86004116 1394.86004116 1394.86004116 1394.86004116
 1394.86004116 1394.86004116 1394.86004116 1394.86004116 1394.86004116
 1394.86004116 1394.86004116 1394.86004116 1394.86004116 1394.86004116
 1394.86004116 1394.86004116 1394.86004116 1394.86004116 1394.86004116
 1394.86004116 1394.86004116 1394.86004116 1394.86004116 1394.86004116
 1394.86004116 1394.86004116 1394.86004116 1394.86004116 1394.86004116
 1394.86004116 1394.86004116 1394.86004116 1394.86004116 1394.86004116
 1394.86004116 1394.86004116 1394.86004116 1394.86004116 1394.86004116
 1394.86004116 1394.86004116 1394.86004116 1394.86004116 1394.86004116
 1394.86004116 1394.86004116 1394.86004116 1394.86004116 1394.86004116
 1394.86004116 1394.86004116 1394.86004116 1394.86004116 1394.86004116
 1394.86004116 1394.86004116 1394.86004116 1394.86004116 1394.86004116
 1394.86004116 1394.86004116 1394.86004116 1394.86004116 1394.86004116
 1394.86004116 1394.86004116 1394.86004116 1394.86004116 1394.86004116
 1394.86004116 1394.86004116 1394.86004116 1394.86004116 1394.86004116
 1394.86004116 1394.86004116 1394.86004116 1394.86004116 1394.86004116
 1394.86004116 1394.86004116 1394.86004116 1394.86004116 1394.86004116
 1394.86004116 1394.86004116 1394.86004116 1394.86004116 1394.86004116
 1394.86004116 1394.86004116 1394.86004116 1394.86004116 1390.59569458
 1390.59569458 1390.59569458 1390.59569458 1390.59569458 1390.59569458
 1390.59569458 1390.59569458 1390.59569458 1390.59569458 1390.59569458
 1390.59569458 1390.59569458 1390.59569458 1390.59569458 1390.59569458
 1390.59569458 1390.59569458 1390.59569458 1390.59569458 1390.59569458
 1390.59569458 1390.59569458 1390.59569458 1390.59569458 1390.59569458
 1390.59569458 1367.48341678 1367.48341678 1367.48341678 1367.48341678
 1367.48341678 1367.48341678 1367.48341678 1367.48341678 1367.48341678
 1367.48341678 1367.48341678 1367.48341678 1367.48341678 1367.48341678
 1367.48341678 1367.48341678 1367.48341678 1367.48341678 1367.48341678
 1367.48341678 1367.48341678 1367.48341678 1367.48341678 1367.48341678
 1367.48341678 1367.48341678 1367.48341678 1367.48341678 1367.48341678
 1367.48341678 1367.48341678 1367.48341678 1367.48341678 1367.48341678
 1367.48341678 1367.48341678 1367.48341678 1367.48341678 1367.48341678
 1367.48341678 1367.48341678 1367.48341678 1367.48341678 1367.48341678
 1367.48341678 1367.48341678 1367.48341678 1367.48341678 1367.48341678
 1367.48341678 1367.48341678 1367.48341678 1367.48341678 1367.48341678
 1367.48341678 1367.48341678 1367.48341678 1367.48341678 1367.48341678
 1367.48341678 1367.48341678 1367.48341678 1367.48341678 1367.48341678
 1367.48341678 1367.48341678 1367.48341678 1367.48341678 1367.48341678
 1367.48341678 1367.48341678 1367.48341678 1367.48341678 1367.48341678
 1367.02188928 1367.02188928 1367.02188928 1367.02188928 1367.02188928
 1367.02188928 1367.02188928 1367.02188928 1367.02188928 1367.02188928
 1367.02188928 1367.02188928 1367.02188928 1367.02188928 1367.02188928
 1367.02188928 1367.02188928 1367.02188928 1367.02188928 1367.02188928
 1367.02188928 1367.02188928 1367.02188928 1367.02188928 1367.02188928
 1367.02188928 1367.02188928 1367.02188928 1367.02188928 1367.02188928
 1367.02188928 1367.02188928 1367.02188928 1367.02188928 1367.02188928
 1367.02188928 1367.02188928 1367.02188928 1367.02188928 1367.02188928
 1367.02188928 1367.02188928 1367.02188928 1367.02188928 1367.02188928
 1367.02188928 1367.02188928 1367.02188928 1367.02188928 1367.02188928
 1367.02188928 1367.02188928 1367.02188928 1367.02188928 1367.02188928
 1367.02188928 1367.02188928 1367.02188928 1367.02188928 1367.02188928
 1367.02188928 1367.02188928 1367.02188928 1367.02188928 1367.02188928
 1367.02188928 1367.02188928 1367.02188928 1367.02188928 1367.02188928
 1367.02188928 1367.02188928 1367.02188928 1367.02188928 1367.02188928
 1367.02188928 1367.02188928 1367.02188928 1367.02188928 1367.02188928
 1367.02188928 1367.02188928 1367.02188928 1367.02188928 1367.02188928
 1367.02188928 1367.02188928 1367.02188928 1367.02188928 1367.02188928
 1367.02188928 1367.02188928 1367.02188928 1367.02188928 1367.02188928
 1367.02188928 1367.02188928 1367.02188928 1367.02188928 1367.02188928
 1367.02188928 1367.02188928 1367.02188928 1367.02188928 1367.02188928
 1367.02188928 1367.02188928 1367.02188928 1367.02188928 1367.02188928
 1367.02188928 1367.02188928 1367.02188928 1367.02188928 1367.02188928
 1367.02188928 1367.02188928 1367.02188928 1367.02188928 1367.02188928
 1367.02188928 1367.02188928 1367.02188928 1367.02188928 1367.02188928
 1367.02188928 1367.02188928 1367.02188928 1367.02188928 1367.02188928
 1361.89344336 1361.89344336 1361.89344336 1361.89344336 1361.89344336
 1361.89344336 1361.89344336 1361.89344336 1361.89344336 1361.89344336
 1361.89344336 1361.89344336 1361.89344336 1361.89344336 1361.89344336
 1361.89344336 1361.89344336 1361.89344336 1361.89344336 1361.89344336
 1361.89344336 1361.89344336 1361.89344336 1361.89344336 1361.89344336
 1361.89344336 1361.89344336 1361.89344336 1361.89344336 1361.89344336
 1361.89344336 1361.89344336 1361.89344336 1361.89344336 1361.89344336
 1361.89344336 1361.89344336 1361.89344336 1361.89344336 1361.89344336
 1361.89344336 1361.89344336 1361.89344336 1361.89344336 1361.89344336
 1361.89344336 1361.89344336 1361.89344336 1361.89344336 1361.89344336
 1361.89344336] 

Fitness stats avg: [4042.83019084 3894.98068622 3835.78001183 3745.10369084 3657.65037297
 3654.07550724 3637.90604944 3623.45670891 3590.7656912  3584.87306282
 3566.33725985 3507.91218904 3513.77340504 3446.0672449  3424.50519038
 3441.02020976 3403.99976078 3362.24325671 3353.14149151 3308.26824983
 3297.6091026  3321.81003506 3270.27640931 3281.30409678 3276.80156972
 3198.08571712 3158.75406366 3105.08139721 2998.14257143 2958.8036779
 2895.01152243 2807.45359507 2778.18568367 2757.72111373 2716.44474597
 2709.23118167 2678.2192826  2655.11417052 2618.4392321  2625.47603057
 2604.30982652 2559.70854939 2550.40067403 2561.87509873 2534.74989051
 2539.02120635 2544.7710662  2529.43134047 2507.32135547 2426.51388067
 2398.27219107 2366.23705289 2352.26936    2287.35599001 2271.50470426
 2243.68940601 2217.18951821 2196.7230156  2158.54369944 2180.24679362
 2174.37091242 2148.04796067 2168.20182624 2163.38704386 2174.23237281
 2162.83117147 2157.62564355 2131.7384384  2101.99907527 2105.07976635
 2080.73723521 2067.92249637 2046.64544578 2053.23088261 2044.09413154
 2037.41961247 2040.94604737 2043.90508026 2049.19031552 2037.844459
 2070.47391016 2060.62923633 2052.04580719 2020.41985542 1985.5439483
 1980.83028981 1923.91381138 1923.63247959 1894.35361075 1907.84427911
 1899.2130409  1899.912949   1899.61128716 1889.30124993 1878.42541447
 1877.27760493 1865.00428316 1843.36718952 1845.56823036 1855.23072434
 1859.22892915 1876.11046735 1879.24155434 1861.9746406  1881.3009257
 1875.85723202 1833.66738298 1810.77298068 1801.54514352 1819.06148081
 1811.44634974 1758.25197396 1778.65313244 1774.61143169 1775.4076135
 1803.2387359  1802.57980895 1809.43882008 1781.93612773 1786.34210473
 1800.95019438 1809.27500979 1768.90679947 1798.90307402 1803.29235915
 1822.7810364  1828.51067128 1785.34426868 1821.05724998 1808.12630035
 1816.66488722 1803.89579725 1853.22752802 1828.07132675 1821.81679662
 1793.01784291 1750.88659113 1731.1710647  1747.12582499 1726.07798025
 1726.12884759 1715.07875321 1724.8181784  1707.43747559 1722.00755938
 1734.06334136 1726.76812205 1733.47760267 1715.5854319  1731.5380695
 1734.66978516 1713.45318154 1714.77327097 1728.29577234 1710.67430167
 1682.24368005 1671.39618558 1708.4376652  1713.62313205 1740.47620357
 1701.72386621 1731.62478974 1689.1030629  1679.96871008 1679.48875653
 1660.29031846 1683.67849127 1701.39764185 1681.44696902 1672.68401347
 1674.61475543 1712.70240879 1727.34494677 1720.06830505 1739.71652966
 1738.67165812 1751.48843502 1721.58214182 1731.34379789 1719.63945316
 1715.49169401 1691.32518451 1694.36761079 1699.00923721 1714.15065591
 1747.86765239 1744.95976466 1737.22947635 1735.61257044 1720.07690827
 1710.83652234 1718.95236555 1728.64857098 1741.98138737 1693.84950926
 1699.98486022 1705.99730921 1711.24208744 1686.28674273 1675.29645598
 1677.23953159 1688.46398433 1667.83039844 1690.88969696 1667.48617972
 1680.47384484 1682.9500392  1721.04140738 1704.19790068 1699.21321679
 1687.82628484 1653.54812736 1643.13105863 1633.0415946  1652.82368568
 1662.75162208 1616.01772002 1628.23623234 1594.00237654 1640.51941015
 1673.78304737 1669.06787941 1721.05632049 1730.98983541 1730.63499157
 1714.28808992 1718.13282244 1731.84308302 1775.22596123 1739.23749942
 1759.09051206 1725.81761846 1727.7439222  1684.82425871 1646.88653262
 1687.67173344 1663.12110942 1658.57750901 1667.34873452 1680.88827206
 1662.45765976 1667.70670019 1660.78327702 1638.61121069 1635.75066352
 1646.35173565 1653.09983572 1669.30302067 1672.92302549 1680.88461161
 1654.4629076  1656.3981076  1700.28757858 1697.37433337 1705.14684223
 1709.73540441 1695.05622964 1704.79548403 1723.93619669 1709.31759457
 1707.35733658 1679.55157225 1705.4809015  1659.24590309 1669.35281797
 1668.3000603  1662.07919076 1742.26044363 1747.09637983 1696.65931732
 1665.11928925 1685.41045383 1678.68384946 1671.8808414  1693.31534333
 1657.9091808  1666.76344754 1645.06686761 1653.23628079 1666.46627411
 1621.54208353 1661.18269198 1634.80554514 1666.64449399 1661.74631441
 1647.98830274 1636.96478002 1666.91529328 1647.05639348 1628.64786485
 1620.47747273 1599.11108331 1588.07753528 1606.63439121 1627.40113613
 1633.31865324 1639.97428568 1618.33471242 1643.21793339 1657.96758307
 1639.78117895 1656.65405097 1684.11299288 1678.43354098 1633.90273781
 1631.78946606 1630.87235359 1659.42277377 1685.34342498 1649.19411274
 1646.30185667 1639.24733839 1650.01788953 1638.25765175 1668.55966113
 1666.44916769 1670.50753216 1640.27724584 1667.4049694  1656.06199298
 1678.91711713 1659.5678219  1639.12779629 1650.47100706 1668.87666692
 1630.19568007 1660.86994343 1664.10633751 1631.28595324 1636.61659389
 1609.78014624 1600.33789216 1643.17454725 1620.3328368  1649.58571045
 1609.82974754 1646.06458479 1607.18339474 1624.27553377 1599.64528171
 1597.61803716 1589.92448497 1602.5799818  1623.7147155  1624.70918386
 1618.98701697 1609.9462054  1605.65880667 1606.71669401 1598.39373769
 1625.64616158 1636.45466705 1647.6044536  1643.14775052 1638.22221366
 1628.25650556 1590.78277053 1651.69765228 1623.73502721 1627.98399889
 1608.43416984 1566.77625139 1581.69664209 1604.37306463 1600.54895091
 1626.4966441  1610.96776654 1615.54786656 1633.35349621 1647.57720892
 1623.17815085 1648.85375884 1638.77160864 1654.8108436  1628.7313988
 1618.23202763 1615.182042   1674.79941585 1653.35660702 1623.42946846
 1612.38529203 1605.30221197 1633.3112552  1674.52111638 1651.86955417
 1647.47223089 1638.15304175 1629.41674534 1597.3225587  1615.48190349
 1629.42132487 1614.64846743 1650.60308607 1594.58772884 1574.07040389
 1587.47244865 1580.14055684 1583.75966198 1568.32091194 1573.97419574
 1578.94620155 1580.86646126 1574.38647236 1610.13993422 1618.08396287
 1582.12363007 1626.02998632 1664.53661784 1622.17277099 1650.14883704
 1621.07217969 1595.76005691 1617.15506659 1611.78423728 1619.25901178
 1603.00507121 1583.67269211 1594.17662944 1596.0465332  1628.33937007
 1631.59869374 1626.7788817  1581.30312434 1651.68322025 1663.63805931
 1694.28016937 1690.86835559 1698.785304   1653.0652355  1612.32070206
 1608.83473553 1605.3262735  1597.91986616 1625.05276601 1599.80278504
 1590.57341755 1611.32450579 1610.88926679 1631.20603154 1641.09849646
 1633.71392534 1641.34783498 1622.81658516 1591.9053781  1578.99622374
 1608.9305389  1606.16804151 1603.4685401  1571.75116217 1592.94643304
 1614.51834353 1587.77996644 1606.58838545 1611.61578636 1644.4538487
 1602.66223128 1579.45965557 1549.79100743 1575.0636108  1575.72009481
 1557.40572877 1564.46319019 1614.65079671 1582.54333598 1573.51271957
 1556.12246607 1566.27548596 1557.8845416  1572.42286545 1569.72142738
 1593.66873071 1567.24603276 1613.13346104 1593.35967071 1629.03875217
 1613.36899903 1604.89954923 1630.78097351 1643.67478066 1610.62544164
 1596.57792886 1592.7587888  1636.61819411 1611.40430921 1629.15916128
 1641.26160512 1665.71242871 1642.9373388  1633.51480056 1646.1748032
 1624.48127748 1590.04970985 1604.42755743 1589.1112983  1558.95206695
 1543.62540329 1566.41030594 1618.38768672 1617.93664741 1625.99020481
 1584.5058535  1577.5940968  1572.34174312 1525.3329688  1569.20761875
 1584.40321604 1600.6353765  1588.28985551 1563.16569465 1597.28065645
 1572.34614003 1586.04055646 1571.37960705 1574.89955102 1573.65541454
 1575.08050093 1614.57383527 1575.10361556 1578.29058862 1598.65508903
 1596.30610718 1623.7530125  1628.96618692 1617.31666382 1613.59788808
 1630.31292804 1618.62039526 1603.37946545 1588.93346919 1564.29860061
 1545.21424051 1550.47936998 1567.55592787 1591.89506806 1601.65952266
 1600.88590552 1588.72807714 1605.45054593 1624.55115407 1598.12443137
 1604.72085105 1604.18588041 1598.32311363 1590.40515106 1582.63340455
 1569.3682818  1557.74129074 1575.74763705 1665.65102409 1691.85154178
 1668.09889586 1637.06833542 1629.25697987 1637.26914107 1609.71979157
 1596.03350939 1588.5322982  1599.95999355 1635.78580395 1625.21241986
 1596.18557057 1607.49175689 1649.22255214 1613.67767526 1600.82771918
 1648.48306642 1636.82854036 1622.27931872 1614.98804993 1588.26063954
 1572.29397519 1579.1819694  1613.79554085 1571.16854516 1559.61363848
 1530.67708484 1546.0617439  1532.17484672 1553.50454036 1566.85785859
 1550.1213419  1558.87846401 1573.74581879 1605.24463855 1584.88037114
 1591.43414575 1596.29079958 1557.79616481 1544.54877268 1568.27440833
 1565.28387492 1598.85807267 1595.00608163 1597.26991309 1559.64628969
 1593.18444365 1576.37898468 1589.5997839  1612.41798546 1578.10559796
 1558.43829502 1588.84350511 1539.83876214 1556.03294362 1574.59173066
 1586.90713925 1581.85678402 1568.9964356  1541.35984764 1555.450976
 1545.23737465 1533.48905745 1558.18533269 1616.05597053 1566.2601502
 1569.76745476 1551.66007214 1568.01102143 1570.89502575 1600.16698017
 1571.41093548 1572.62426045 1551.18580359 1578.64336941 1550.77737893
 1555.73541946 1582.06519084 1551.68304946 1561.12762659 1586.7969346
 1600.98373388 1619.77298215 1637.51390156 1612.51576984 1622.35636452
 1552.80485504 1562.06750048 1551.01472966 1574.59724239 1583.44535734
 1583.50742841 1595.55355538 1599.35335757 1585.76443441 1587.76872198
 1574.81601963 1583.59061028 1554.74718265 1535.63291299 1581.84061562
 1594.48724551 1590.40797417 1578.86553159 1566.42036251 1611.30144776
 1595.87129146 1621.14698754 1633.03466767 1573.90431815 1598.61669102
 1570.91828276 1577.30208942 1585.06830438 1605.49206906 1579.99314666
 1585.01191915 1574.47906764 1574.22336126 1537.92397728 1555.80419708
 1571.40854703 1590.30905827 1568.53109481 1560.27828077 1572.827222
 1568.60976621 1591.972973   1605.76897541 1599.26522268 1636.52432499
 1639.85383166 1662.036971   1643.2015022  1634.51750581 1649.50710131
 1637.47282702 1611.40428434 1595.9818098  1553.84337104 1557.37346113
 1591.59510116 1586.6075174  1604.38162319 1591.47620828 1565.63138539
 1577.12204248 1572.68256865 1592.2945281  1609.4652653  1638.81054581
 1620.96804455 1624.14383579 1633.19127861 1639.95066957 1655.80649272
 1594.79152573 1622.45614259 1604.23702289 1613.30542316 1591.06658049
 1598.46021563 1588.51687743 1594.37847725 1618.55370032 1610.66195731
 1602.90758801 1615.16484542 1591.96245955 1612.40163122 1570.91016215
 1562.48168283 1559.02832293 1548.59800455 1530.8760859  1553.59715344
 1550.08084453 1583.67306243 1577.9108372  1567.71668878 1599.82823091
 1623.65088491 1628.65726031 1624.47250644 1658.19889885 1645.32888244
 1642.86096838 1654.87984512 1637.1291708  1623.73611551 1576.23415344
 1582.44862825 1605.0866042  1623.85654216 1643.02133167 1608.85802036
 1630.39320108 1653.75245881 1620.65355157 1599.07417058 1566.16876868
 1548.46283138 1580.7544405  1489.22268104 1540.37334212 1556.51862633
 1545.05500458 1568.22127167 1542.70809062 1515.62139497 1541.37664187
 1520.71114415 1538.19685369 1551.92999241 1556.80574735 1567.62501382
 1572.62575227 1540.01266529 1553.82858829 1592.29681485 1585.80588343
 1523.34055383 1546.52564366 1524.24784529 1580.42874563 1583.24770245
 1557.65174334 1557.67534347 1534.29701308 1542.95120716 1572.1648071
 1552.4454987  1572.57112655 1585.78130553 1585.06906167 1566.23593779
 1558.75965532 1610.0703267  1572.97623303 1572.74858532 1537.0209225
 1522.19516102 1529.57510771 1518.57323757 1500.95082177 1520.07974477
 1566.63873425 1579.58510175 1594.97048476 1579.68897947 1577.73751803
 1590.61530213 1578.58858392 1592.385823   1532.34464655 1523.47595171
 1528.2457549  1531.09008324 1546.99287323 1513.240664   1516.79791931
 1527.13135801 1517.53659227 1560.08302344 1556.65636004 1553.41853914
 1546.58612614 1543.03308118 1561.82209908 1549.60570221 1545.79506074
 1527.47062683 1558.44554381 1558.53673909 1575.29378869 1542.15092467
 1530.77266786 1546.61932085 1563.27878217 1629.77673172 1600.14502213
 1602.47043252 1594.26461794 1604.81715484 1622.97002281 1597.65101406
 1552.70385108 1547.3407866  1563.48451071 1561.97607518 1595.12382758
 1602.40453963 1598.38276343 1603.14479555 1621.9320249  1590.61962363
 1575.17346486 1616.04388048 1620.75903223 1619.72615355 1584.96209523
 1586.06809299 1589.02342849 1570.80977293 1564.77875161 1589.56542393
 1539.67192992 1510.69598634 1572.2300832  1582.60750298 1557.34946332
 1573.41230397 1579.50704263 1562.09887622 1589.61659864 1561.2264651
 1612.70431054 1573.6957357  1553.19837839 1554.00627239 1578.39733579
 1573.61463258 1593.97354918 1533.52200124 1540.3700123  1548.58162188
 1530.32192187 1560.92742154 1578.22662661 1550.81981489 1536.59202758
 1562.52867784 1580.27648717 1583.62297593 1568.5595376  1532.64237446
 1555.3624598  1560.29981002 1584.30974133 1558.49290171 1551.99384678
 1553.86470895 1571.62048432 1596.48596936 1586.40331667 1574.42061788
 1553.04121286 1573.75180139 1565.14074688 1537.80605548 1562.15340568
 1580.34855763 1536.20051301 1553.51522513 1582.30192306 1562.56677935
 1545.74463585 1528.21584748 1544.63252598 1542.61623756 1577.06960182
 1583.23365707 1617.33681609 1679.3185269  1637.74666606 1585.01888061
 1526.37223801 1520.03921106 1530.58603205 1541.59582854 1539.70387774
 1565.4652179  1546.19027331 1594.32332132 1653.86356576 1620.03278876
 1616.84302381 1636.34490371 1618.04940551 1571.2573505  1575.328199
 1565.44578145 1554.95841873 1560.87085075 1571.73756423 1582.34713972
 1542.4853905  1560.06130871 1540.85155487 1571.95984032 1571.2249461
 1597.74976238 1563.30420732 1566.04081129 1593.50349076 1583.41916809
 1581.90193504 1569.15747445 1573.43922172 1608.0337132  1587.77209972
 1581.0476667  1607.35151237 1568.84688051 1586.17665951 1569.46659239
 1571.1113285  1602.29707774 1586.32525423 1549.3462178  1575.67774378
 1570.91502998 1539.732232   1563.52334483 1555.63579628 1553.02464552
 1542.58830359 1546.2817372  1563.16342145 1552.93858979 1547.91488514
 1556.09417597 1544.2281093  1536.19955857 1540.82155876 1577.02922534
 1563.40395595 1571.01770279 1555.54421479 1517.19156037 1501.6673383
 1543.51916821 1591.11968421 1573.11273341 1583.90221666 1548.11194997
 1499.87545334 1499.74236306 1521.56083121 1557.72025317 1566.27433106
 1556.51508828 1560.57825483 1529.23608105 1526.06136429 1538.84371537
 1544.98553555 1573.50842552 1579.34109102 1555.79141704 1575.28163691
 1580.02252537] 

Feasible stats: [( 0.,   0.) ( 0., 100.) ( 0., 100.) (62.,  38.) (62.,  38.) (62.,  38.)
 (62.,  38.) (44.,  56.) (44.,  56.) (41.,  59.) (41.,  59.) (36.,  64.)
 (36.,  64.) (36.,  64.) (36.,  64.) (52.,  48.) (52.,  48.) (63.,  37.)
 (63.,  37.) (46.,  54.) (46.,  54.) (43.,  57.) (43.,  57.) (56.,  44.)
 (56.,  44.) (49.,  51.) (49.,  51.) (51.,  49.) (51.,  49.) (48.,  52.)
 (48.,  52.) (66.,  34.) (66.,  34.) (50.,  50.) (50.,  50.) (69.,  31.)
 (69.,  31.) (59.,  41.) (59.,  41.) (57.,  43.) (57.,  43.) (63.,  37.)
 (63.,  37.) (57.,  43.) (57.,  43.) (49.,  51.) (49.,  51.) (61.,  39.)
 (61.,  39.) (64.,  36.) (64.,  36.) (63.,  37.) (63.,  37.) (64.,  36.)
 (64.,  36.) (76.,  24.) (76.,  24.) (80.,  20.) (80.,  20.) (83.,  17.)
 (83.,  17.) (81.,  19.) (81.,  19.) (85.,  15.) (85.,  15.) (80.,  20.)
 (80.,  20.) (74.,  26.) (74.,  26.) (74.,  26.) (74.,  26.) (82.,  18.)
 (82.,  18.) (80.,  20.) (80.,  20.) (83.,  17.) (83.,  17.) (75.,  25.)
 (75.,  25.) (76.,  24.) (76.,  24.) (63.,  37.) (63.,  37.) (60.,  40.)
 (60.,  40.) (58.,  42.) (58.,  42.) (57.,  43.) (57.,  43.) (62.,  38.)
 (62.,  38.) (69.,  31.) (69.,  31.) (78.,  22.) (78.,  22.) (70.,  30.)
 (70.,  30.) (72.,  28.) (72.,  28.) (64.,  36.) (64.,  36.) (68.,  32.)
 (68.,  32.) (76.,  24.) (76.,  24.) (75.,  25.) (75.,  25.) (79.,  21.)
 (79.,  21.) (80.,  20.) (80.,  20.) (81.,  19.) (81.,  19.) (76.,  24.)
 (76.,  24.) (82.,  18.) (82.,  18.) (78.,  22.) (78.,  22.) (81.,  19.)
 (81.,  19.) (86.,  14.) (86.,  14.) (87.,  13.) (87.,  13.) (77.,  23.)
 (77.,  23.) (70.,  30.) (70.,  30.) (61.,  39.) (61.,  39.) (65.,  35.)
 (65.,  35.) (73.,  27.) (73.,  27.) (76.,  24.) (76.,  24.) (80.,  20.)
 (80.,  20.) (66.,  34.) (66.,  34.) (65.,  35.) (65.,  35.) (81.,  19.)
 (81.,  19.) (84.,  16.) (84.,  16.) (76.,  24.) (76.,  24.) (72.,  28.)
 (72.,  28.) (81.,  19.) (81.,  19.) (82.,  18.) (82.,  18.) (72.,  28.)
 (72.,  28.) (80.,  20.) (80.,  20.) (86.,  14.) (86.,  14.) (85.,  15.)
 (85.,  15.) (84.,  16.) (84.,  16.) (85.,  15.) (85.,  15.) (91.,   9.)
 (91.,   9.) (91.,   9.) (91.,   9.) (91.,   9.) (91.,   9.) (89.,  11.)
 (89.,  11.) (76.,  24.) (76.,  24.) (71.,  29.) (71.,  29.) (75.,  25.)
 (75.,  25.) (70.,  30.) (70.,  30.) (66.,  34.) (66.,  34.) (81.,  19.)
 (81.,  19.) (79.,  21.) (79.,  21.) (80.,  20.) (80.,  20.) (85.,  15.)
 (85.,  15.) (74.,  26.) (74.,  26.) (78.,  22.) (78.,  22.) (82.,  18.)
 (82.,  18.) (88.,  12.) (88.,  12.) (91.,   9.) (91.,   9.) (87.,  13.)
 (87.,  13.) (88.,  12.) (88.,  12.) (87.,  13.) (87.,  13.) (83.,  17.)
 (83.,  17.) (73.,  27.) (73.,  27.) (73.,  27.) (73.,  27.) (79.,  21.)
 (79.,  21.) (79.,  21.) (79.,  21.) (78.,  22.) (78.,  22.) (83.,  17.)
 (83.,  17.) (81.,  19.) (81.,  19.) (77.,  23.) (77.,  23.) (79.,  21.)
 (79.,  21.) (83.,  17.) (83.,  17.) (72.,  28.) (72.,  28.) (68.,  32.)
 (68.,  32.) (74.,  26.) (74.,  26.) (76.,  24.) (76.,  24.) (76.,  24.)
 (76.,  24.) (84.,  16.) (84.,  16.) (85.,  15.) (85.,  15.) (83.,  17.)
 (83.,  17.) (81.,  19.) (81.,  19.) (84.,  16.) (84.,  16.) (89.,  11.)
 (89.,  11.) (79.,  21.) (79.,  21.) (68.,  32.) (68.,  32.) (68.,  32.)
 (68.,  32.) (83.,  17.) (83.,  17.) (76.,  24.) (76.,  24.) (87.,  13.)
 (87.,  13.) (91.,   9.) (91.,   9.) (82.,  18.) (82.,  18.) (71.,  29.)
 (71.,  29.) (78.,  22.) (78.,  22.) (79.,  21.) (79.,  21.) (88.,  12.)
 (88.,  12.) (82.,  18.) (82.,  18.) (80.,  20.) (80.,  20.) (85.,  15.)
 (85.,  15.) (79.,  21.) (79.,  21.) (86.,  14.) (86.,  14.) (82.,  18.)
 (82.,  18.) (77.,  23.) (77.,  23.) (82.,  18.) (82.,  18.) (76.,  24.)
 (76.,  24.) (73.,  27.) (73.,  27.) (71.,  29.) (71.,  29.) (82.,  18.)
 (82.,  18.) (79.,  21.) (79.,  21.) (81.,  19.) (81.,  19.) (77.,  23.)
 (77.,  23.) (67.,  33.) (67.,  33.) (69.,  31.) (69.,  31.) (72.,  28.)
 (72.,  28.) (79.,  21.) (79.,  21.) (62.,  38.) (62.,  38.) (70.,  30.)
 (70.,  30.) (75.,  25.) (75.,  25.) (83.,  17.) (83.,  17.) (88.,  12.)
 (88.,  12.) (85.,  15.) (85.,  15.) (80.,  20.) (80.,  20.) (84.,  16.)
 (84.,  16.) (84.,  16.) (84.,  16.) (86.,  14.) (86.,  14.) (78.,  22.)
 (78.,  22.) (85.,  15.) (85.,  15.) (86.,  14.) (86.,  14.) (90.,  10.)
 (90.,  10.) (87.,  13.) (87.,  13.) (87.,  13.) (87.,  13.) (90.,  10.)
 (90.,  10.) (88.,  12.) (88.,  12.) (83.,  17.) (83.,  17.) (91.,   9.)
 (91.,   9.) (83.,  17.) (83.,  17.) (92.,   8.) (92.,   8.) (84.,  16.)
 (84.,  16.) (79.,  21.) (79.,  21.) (77.,  23.) (77.,  23.) (74.,  26.)
 (74.,  26.) (81.,  19.) (81.,  19.) (81.,  19.) (81.,  19.) (81.,  19.)
 (81.,  19.) (80.,  20.) (80.,  20.) (77.,  23.) (77.,  23.) (86.,  14.)
 (86.,  14.) (93.,   7.) (93.,   7.) (88.,  12.) (88.,  12.) (87.,  13.)
 (87.,  13.) (86.,  14.) (86.,  14.) (85.,  15.) (85.,  15.) (83.,  17.)
 (83.,  17.) (87.,  13.) (87.,  13.) (81.,  19.) (81.,  19.) (87.,  13.)
 (87.,  13.) (92.,   8.) (92.,   8.) (94.,   6.) (94.,   6.) (91.,   9.)
 (91.,   9.) (88.,  12.) (88.,  12.) (83.,  17.) (83.,  17.) (85.,  15.)
 (85.,  15.) (92.,   8.) (92.,   8.) (87.,  13.) (87.,  13.) (90.,  10.)
 (90.,  10.) (91.,   9.) (91.,   9.) (89.,  11.) (89.,  11.) (80.,  20.)
 (80.,  20.) (79.,  21.) (79.,  21.) (87.,  13.) (87.,  13.) (85.,  15.)
 (85.,  15.) (79.,  21.) (79.,  21.) (88.,  12.) (88.,  12.) (95.,   5.)
 (95.,   5.) (91.,   9.) (91.,   9.) (90.,  10.) (90.,  10.) (87.,  13.)
 (87.,  13.) (85.,  15.) (85.,  15.) (90.,  10.) (90.,  10.) (93.,   7.)
 (93.,   7.) (88.,  12.) (88.,  12.) (87.,  13.) (87.,  13.) (74.,  26.)
 (74.,  26.) (88.,  12.) (88.,  12.) (91.,   9.) (91.,   9.) (87.,  13.)
 (87.,  13.) (89.,  11.) (89.,  11.) (97.,   3.) (97.,   3.) (92.,   8.)
 (92.,   8.) (88.,  12.) (88.,  12.) (90.,  10.) (90.,  10.) (90.,  10.)
 (90.,  10.) (84.,  16.) (84.,  16.) (93.,   7.) (93.,   7.) (90.,  10.)
 (90.,  10.) (84.,  16.) (84.,  16.) (90.,  10.) (90.,  10.) (82.,  18.)
 (82.,  18.) (88.,  12.) (88.,  12.) (92.,   8.) (92.,   8.) (90.,  10.)
 (90.,  10.) (77.,  23.) (77.,  23.) (86.,  14.) (86.,  14.) (92.,   8.)
 (92.,   8.) (91.,   9.) (91.,   9.) (84.,  16.) (84.,  16.) (93.,   7.)
 (93.,   7.) (89.,  11.) (89.,  11.) (81.,  19.) (81.,  19.) (89.,  11.)
 (89.,  11.) (90.,  10.) (90.,  10.) (88.,  12.) (88.,  12.) (80.,  20.)
 (80.,  20.) (77.,  23.) (77.,  23.) (84.,  16.) (84.,  16.) (65.,  35.)
 (65.,  35.) (84.,  16.) (84.,  16.) (87.,  13.) (87.,  13.) (89.,  11.)
 (89.,  11.) (80.,  20.) (80.,  20.) (81.,  19.) (81.,  19.) (82.,  18.)
 (82.,  18.) (74.,  26.) (74.,  26.) (89.,  11.) (89.,  11.) (93.,   7.)
 (93.,   7.) (81.,  19.) (81.,  19.) (82.,  18.) (82.,  18.) (83.,  17.)
 (83.,  17.) (86.,  14.) (86.,  14.) (89.,  11.) (89.,  11.) (91.,   9.)
 (91.,   9.) (87.,  13.) (87.,  13.) (82.,  18.) (82.,  18.) (87.,  13.)
 (87.,  13.) (90.,  10.) (90.,  10.) (89.,  11.) (89.,  11.) (91.,   9.)
 (91.,   9.) (90.,  10.) (90.,  10.) (88.,  12.) (88.,  12.) (90.,  10.)
 (90.,  10.) (83.,  17.) (83.,  17.) (73.,  27.) (73.,  27.) (84.,  16.)
 (84.,  16.) (88.,  12.) (88.,  12.) (80.,  20.) (80.,  20.) (87.,  13.)
 (87.,  13.) (79.,  21.) (79.,  21.) (84.,  16.) (84.,  16.) (76.,  24.)
 (76.,  24.) (76.,  24.) (76.,  24.) (68.,  32.) (68.,  32.) (75.,  25.)
 (75.,  25.) (76.,  24.) (76.,  24.) (82.,  18.) (82.,  18.) (66.,  34.)
 (66.,  34.) (74.,  26.) (74.,  26.) (74.,  26.) (74.,  26.) (81.,  19.)
 (81.,  19.) (81.,  19.) (81.,  19.) (89.,  11.) (89.,  11.) (72.,  28.)
 (72.,  28.) (73.,  27.) (73.,  27.) (76.,  24.) (76.,  24.) (81.,  19.)
 (81.,  19.) (76.,  24.) (76.,  24.) (65.,  35.) (65.,  35.) (68.,  32.)
 (68.,  32.) (71.,  29.) (71.,  29.) (76.,  24.) (76.,  24.) (74.,  26.)
 (74.,  26.) (81.,  19.) (81.,  19.) (72.,  28.) (72.,  28.) (72.,  28.)
 (72.,  28.) (73.,  27.) (73.,  27.) (69.,  31.) (69.,  31.) (68.,  32.)
 (68.,  32.) (82.,  18.) (82.,  18.) (78.,  22.) (78.,  22.) (79.,  21.)
 (79.,  21.) (70.,  30.) (70.,  30.) (77.,  23.) (77.,  23.) (74.,  26.)
 (74.,  26.) (77.,  23.) (77.,  23.) (67.,  33.) (67.,  33.) (72.,  28.)
 (72.,  28.) (64.,  36.) (64.,  36.) (67.,  33.) (67.,  33.) (73.,  27.)
 (73.,  27.) (61.,  39.) (61.,  39.) (66.,  34.) (66.,  34.) (84.,  16.)
 (84.,  16.) (85.,  15.) (85.,  15.) (85.,  15.) (85.,  15.) (78.,  22.)
 (78.,  22.) (82.,  18.) (82.,  18.) (79.,  21.) (79.,  21.) (72.,  28.)
 (72.,  28.) (69.,  31.) (69.,  31.) (68.,  32.) (68.,  32.) (73.,  27.)
 (73.,  27.) (68.,  32.) (68.,  32.) (61.,  39.) (61.,  39.) (80.,  20.)
 (80.,  20.) (79.,  21.) (79.,  21.) (75.,  25.) (75.,  25.) (75.,  25.)
 (75.,  25.) (72.,  28.) (72.,  28.) (65.,  35.) (65.,  35.) (66.,  34.)
 (66.,  34.) (76.,  24.) (76.,  24.) (78.,  22.) (78.,  22.) (76.,  24.)
 (76.,  24.) (74.,  26.) (74.,  26.) (76.,  24.) (76.,  24.) (68.,  32.)
 (68.,  32.) (68.,  32.) (68.,  32.) (69.,  31.) (69.,  31.) (72.,  28.)
 (72.,  28.) (76.,  24.) (76.,  24.) (70.,  30.) (70.,  30.) (77.,  23.)
 (77.,  23.) (77.,  23.) (77.,  23.) (76.,  24.) (76.,  24.) (64.,  36.)
 (64.,  36.) (68.,  32.) (68.,  32.) (56.,  44.) (56.,  44.) (60.,  40.)
 (60.,  40.) (69.,  31.) (69.,  31.) (67.,  33.) (67.,  33.) (64.,  36.)
 (64.,  36.) (66.,  34.) (66.,  34.) (63.,  37.) (63.,  37.) (71.,  29.)
 (71.,  29.) (77.,  23.) (77.,  23.) (86.,  14.) (86.,  14.) (75.,  25.)
 (75.,  25.) (77.,  23.) (77.,  23.) (76.,  24.) (76.,  24.) (85.,  15.)
 (85.,  15.) (86.,  14.) (86.,  14.) (74.,  26.) (74.,  26.) (71.,  29.)
 (71.,  29.) (66.,  34.) (66.,  34.) (82.,  18.) (82.,  18.) (79.,  21.)
 (79.,  21.) (66.,  34.) (66.,  34.) (79.,  21.) (79.,  21.) (79.,  21.)
 (79.,  21.) (76.,  24.) (76.,  24.) (76.,  24.) (76.,  24.) (79.,  21.)
 (79.,  21.) (77.,  23.) (77.,  23.) (81.,  19.) (81.,  19.) (82.,  18.)
 (82.,  18.) (79.,  21.) (79.,  21.) (81.,  19.) (81.,  19.) (76.,  24.)
 (76.,  24.) (74.,  26.) (74.,  26.) (69.,  31.) (69.,  31.) (73.,  27.)
 (73.,  27.) (77.,  23.) (77.,  23.) (78.,  22.) (78.,  22.) (73.,  27.)
 (73.,  27.) (73.,  27.) (73.,  27.) (74.,  26.) (74.,  26.) (70.,  30.)
 (70.,  30.) (77.,  23.) (77.,  23.) (76.,  24.) (76.,  24.) (81.,  19.)
 (81.,  19.) (84.,  16.) (84.,  16.) (73.,  27.) (73.,  27.) (70.,  30.)
 (70.,  30.) (65.,  35.) (65.,  35.) (64.,  36.) (64.,  36.) (53.,  47.)
 (53.,  47.) (64.,  36.) (64.,  36.) (69.,  31.) (69.,  31.) (69.,  31.)
 (69.,  31.) (59.,  41.) (59.,  41.) (68.,  32.) (68.,  32.) (65.,  35.)
 (65.,  35.) (63.,  37.) (63.,  37.) (63.,  37.) (63.,  37.) (65.,  35.)
 (65.,  35.) (65.,  35.) (65.,  35.) (67.,  33.) (67.,  33.) (78.,  22.)
 (78.,  22.) (67.,  33.) (67.,  33.) (71.,  29.) (71.,  29.) (69.,  31.)
 (69.,  31.) (60.,  40.) (60.,  40.) (67.,  33.) (67.,  33.) (75.,  25.)
 (75.,  25.) (73.,  27.) (73.,  27.) (70.,  30.) (70.,  30.) (71.,  29.)
 (71.,  29.) (68.,  32.) (68.,  32.) (66.,  34.) (66.,  34.) (63.,  37.)
 (63.,  37.) (63.,  37.) (63.,  37.) (83.,  17.) (83.,  17.) (71.,  29.)
 (71.,  29.) (65.,  35.) (65.,  35.) (80.,  20.) (80.,  20.) (67.,  33.)
 (67.,  33.) (71.,  29.) (71.,  29.) (79.,  21.) (79.,  21.) (83.,  17.)
 (83.,  17.) (64.,  36.) (64.,  36.) (73.,  27.) (73.,  27.) (64.,  36.)
 (64.,  36.) (66.,  34.) (66.,  34.) (71.,  29.) (71.,  29.) (69.,  31.)
 (69.,  31.) (51.,  49.) (51.,  49.) (60.,  40.) (60.,  40.) (68.,  32.)
 (68.,  32.) (71.,  29.) (71.,  29.) (69.,  31.) (69.,  31.) (71.,  29.)
 (71.,  29.) (63.,  37.) (63.,  37.) (54.,  46.) (54.,  46.) (67.,  33.)
 (67.,  33.) (73.,  27.) (73.,  27.) (78.,  22.) (78.,  22.) (65.,  35.)
 (65.,  35.) (73.,  27.) (73.,  27.) (68.,  32.) (68.,  32.) (71.,  29.)
 (71.,  29.) (69.,  31.) (69.,  31.) (67.,  33.) (67.,  33.) (65.,  35.)
 (65.,  35.) (65.,  35.) (65.,  35.) (71.,  29.) (71.,  29.) (66.,  34.)
 (66.,  34.) (57.,  43.) (57.,  43.) (65.,  35.) (65.,  35.) (70.,  30.)
 (70.,  30.) (57.,  43.) (57.,  43.) (63.,  37.) (63.,  37.) (63.,  37.)
 (63.,  37.) (58.,  42.) (58.,  42.) (63.,  37.) (63.,  37.) (65.,  35.)
 (65.,  35.) (72.,  28.) (72.,  28.) (62.,  38.) (62.,  38.) (74.,  26.)
 (74.,  26.) (82.,  18.) (82.,  18.) (66.,  34.) (66.,  34.) (69.,  31.)
 (69.,  31.) (71.,  29.) (71.,  29.) (72.,  28.) (72.,  28.) (69.,  31.)
 (69.,  31.) (72.,  28.) (72.,  28.) (74.,  26.) (74.,  26.) (75.,  25.)
 (75.,  25.) (63.,  37.) (63.,  37.) (70.,  30.) (70.,  30.)] 
Solution Description: 
p: [  0.          51.49826424  90.88809851  96.56923281 102.66494456
 102.79941172 181.31412015 242.77911942 266.50573245 267.24695451
 269.49584631   0.          11.41460818  43.37023572 181.72712098
 182.10972363 240.58149116 259.25887738 304.70445179 357.05215073
 398.5271413  406.22166349   0.          41.07277687  71.24587879
 123.41723963 124.77638141 154.33481283 187.0589901  187.91923178
 197.48588084 297.43953926 297.70648447 367.02652837 367.7796275
 368.44794928 385.32598042   0.          43.55761555  57.50784656
 110.97893067 118.18454473 128.69555857 165.67227142 176.48114853
 207.26320916 216.19144361 228.87342541 238.36606262 284.08935769
 296.88826869 300.84995314] 
pred: [ 0  0  0  0  0  0  5  5  5  5  5  0  0  0  0  0  0  5  5  5  5  5  0  0
  0  0  0  4  4  4  4  8  8  8  8  8  8  0  0  0  0  0  4  4  4  4  4  4
  4 11 11 11] 
distance [  0.          51.49826424  90.88809851  96.56923281 102.66494456
 102.79941172  78.51470843 139.9797077  163.70632073 164.44754279
 166.69643459   0.          11.41460818  43.37023572 181.72712098
 182.10972363 240.58149116  18.67738622  64.12296063 116.47065957
 157.94565014 165.64017233   0.          41.07277687  71.24587879
 123.41723963 124.77638141  29.55843142  62.28260869  63.14285037
  72.70949942  99.95365842 100.22060363 169.54064754 170.29374666
 170.96206844 187.84009958   0.          43.55761555  57.50784656
 110.97893067 118.18454473  10.51101384  47.48772669  58.29660381
  89.07866444  98.00689888 110.68888068 120.1815179   45.72329507
  58.52220607  62.48389051]
load: [  0  25  30  46  56  63  22  41  54  68  79   0  18  31  34  55  71  22
  35  59  84 100   0   6  23  28  53   9  14  23  35  19  35  44  64  84
  96   0   4  18  33  48   8  11  21  29  39  53  66  21  27  46] 
time: [  0.         130.         160.         389.         422.16015238
 458.86834383  75.         169.         243.86021267 295.46900694
 322.           0.          90.         170.         319.
 399.83031468 456.87625261 182.         211.1277655  459.
 503.13280071 559.15043249   0.         269.         434.
 475.95303324 534.60312924 257.         279.90630276 340.
 399.          72.         192.         241.20298871 268.20115563
 282.44169868 317.           0.         226.         329.
 457.         495.92676098 121.         174.         200.
 222.39224704 321.         378.         422.56770213 115.
 271.         308.        ] 
time warps: [0 0 0 0 0 0 0 0 0 0 0 0 0 0 0 0 0 0 0 0 0 0 0 0 0 0 0 0 0 0 0 0 0 0 0 0 0
 0 0 0 0 0 0 0 0 0 0 0 0 0 0 0] 
duration: [  0.          60.49826424 118.08230718 353.91243289 377.00814464
 381.1426118  103.51470843 220.09923223 265.82584527 270.56706733
 296.39910594   0.          12.41460818 108.65436168 327.36717743
 350.74978008 432.22154762  24.67738622  77.12296063 366.72088391
 412.19587448 420.89039667   0.          43.07277687 235.14337075
 290.31473159 309.67387338  35.55843142  92.28260869 131.55279301
 175.11867913 120.95365842 214.42823731 285.74828122 291.50138034
 300.16970212 332.70578374   0.          66.55761555 156.24756466
 314.90692128 344.11253534  17.51101384  84.71585779 115.35034637
 156.13240699 247.93967181 305.6796988  325.17233601  55.72329507
 217.83191721 251.32425496]

All individuals: [(52, [10, 10, 14, 14, 45,  6,  3, 48, 11, 42, 46, 39, 35, 37, 10,  7, 19, 22, 27, 34,  9, 43, 21, 32, 26, 18, 17, 16, 28,  4, 14,  1, 33, 20, 13,  8, 29,  5, 15, 25, 40, 38,  2, 44, 31, 41, 36, 23, 30, 47, 12, 24], 1361.89344336, 1361.89344336, 0.,  0.        , 0.        , 0., 0, 0, 0.)
 (52, [10, 10, 14, 14, 45,  6,  3, 48, 11, 42, 46, 39, 35, 37, 10,  7, 19, 22, 27, 34,  9, 43, 21, 32, 26, 18, 17, 16, 28,  4, 14,  1, 33, 20, 13,  8, 29,  5, 15, 25, 40, 38,  2, 44, 31, 41, 36, 23, 30, 47, 12, 24], 1361.89344336, 1361.89344336, 0.,  0.        , 0.        , 0., 0, 0, 0.)
 (52, [10, 10, 14, 14, 45,  6,  3, 48, 11, 42, 46, 39, 35, 37, 10,  7, 19, 22, 27, 34,  9, 43, 21, 32, 26, 18, 17, 16, 28,  4, 14,  1, 33, 20, 13,  8, 29,  5, 15, 25, 40, 38,  2, 44, 31, 41, 36, 23, 30, 47, 12, 24], 1361.89344336, 1361.89344336, 0.,  0.        , 0.        , 0., 0, 0, 0.)
 (52, [10, 10, 14, 14, 45,  6,  3, 48, 11, 42, 46, 39, 35, 37, 10,  7, 19, 22, 27, 34,  9, 43, 21, 32, 26, 18, 17, 16, 28,  4, 14,  1, 33, 20, 13,  8, 29,  5, 15, 25, 40, 38,  2, 44, 31, 41, 36, 23, 30, 47, 12, 24], 1361.89344336, 1361.89344336, 0.,  0.        , 0.        , 0., 0, 0, 0.)
 (52, [10, 10, 14, 14, 45,  6,  3, 48, 11, 42, 46, 39, 35, 37, 10,  7, 19, 22, 27, 34,  9, 43, 21, 32, 26, 18, 17, 16, 28,  4, 14,  1, 33, 20, 13,  8, 29,  5, 15, 25, 40, 38,  2, 44, 31, 41, 36, 23, 30, 47, 12, 24], 1361.89344336, 1361.89344336, 0.,  0.        , 0.        , 0., 0, 0, 0.)
 (52, [10, 10, 14, 14, 45,  6,  3, 48, 11, 42, 46, 39, 35, 37, 10,  7, 19, 22, 27, 34,  9, 43, 21, 32, 26, 18, 17, 16, 28,  4, 14,  1, 33, 20, 13,  8, 29,  5, 15, 25, 40, 38,  2, 44, 31, 41, 36, 23, 30, 47, 12, 24], 1361.89344336, 1361.89344336, 0.,  0.        , 0.        , 0., 0, 0, 0.)
 (52, [10, 10, 14, 14, 45,  6,  3, 48, 11, 42, 46, 39, 35, 37, 10,  7, 19, 22, 27, 34,  9, 43, 21, 32, 26, 18, 17, 16, 28,  4, 14,  1, 33, 20, 13,  8, 29,  5, 15, 25, 40, 38,  2, 44, 31, 41, 36, 23, 30, 47, 12, 24], 1361.89344336, 1361.89344336, 0.,  0.        , 0.        , 0., 0, 0, 0.)
 (52, [10, 10, 14, 14, 45,  6,  3, 48, 11, 42, 46, 39, 35, 37, 10,  7, 19, 22, 27, 34,  9, 43, 21, 32, 26, 18, 17, 16, 28,  4, 14,  1, 33, 20, 13,  8, 29,  5, 15, 25, 40, 38,  2, 44, 31, 41, 36, 23, 30, 47, 12, 24], 1361.89344336, 1361.89344336, 0.,  0.        , 0.        , 0., 0, 0, 0.)
 (52, [10, 10, 14, 14, 45,  6,  3, 48, 11, 42, 46, 39, 35, 37, 10,  7, 19, 22, 27, 34,  9, 43, 21, 32, 26, 18, 17, 16, 28,  4, 14,  1, 33, 20, 13,  8, 29,  5, 15, 25, 40, 38,  2, 44, 31, 41, 36, 23, 30, 47, 12, 24], 1361.89344336, 1361.89344336, 0.,  0.        , 0.        , 0., 0, 0, 0.)
 (52, [10, 10, 14, 14, 45,  6,  3, 48, 11, 42, 46, 39, 35, 37, 10,  7, 19, 22, 27, 34,  9, 43, 21, 32, 26, 18, 17, 16, 28,  4, 14,  1, 33, 20, 13,  8, 29,  5, 15, 25, 40, 38,  2, 44, 31, 41, 36, 23, 30, 47, 12, 24], 1361.89344336, 1361.89344336, 0.,  0.        , 0.        , 0., 0, 0, 0.)
 (52, [10, 10, 14, 14, 45,  6,  3, 48, 11, 42, 46, 39, 35, 37, 10,  7, 19, 22, 27, 34,  9, 43, 21, 32, 26, 18, 17, 16, 28,  4, 14,  1, 33, 20, 13,  8, 29,  5, 15, 25, 40, 38,  2, 44, 31, 41, 36, 23, 30, 47, 12, 24], 1361.89344336, 1361.89344336, 0.,  0.        , 0.        , 0., 0, 0, 0.)
 (52, [10, 10, 14, 14, 45,  6,  3, 48, 11, 42, 46, 39, 35, 37, 10,  7, 19, 22, 27, 34,  9, 43, 21, 32, 26, 18, 17, 16, 28,  4, 14,  1, 33, 20, 13,  8, 29,  5, 15, 25, 40, 38,  2, 44, 31, 41, 36, 23, 30, 47, 12, 24], 1361.89344336, 1361.89344336, 0.,  0.        , 0.        , 0., 0, 0, 0.)
 (52, [10, 10, 14, 14, 45,  6,  3, 48, 11, 42, 46, 39, 35, 37, 10,  7, 19, 22, 27, 34,  9, 43, 21, 32, 26, 18, 17, 16, 28,  4, 14,  1, 33, 20, 13,  8, 29,  5, 15, 25, 40, 38,  2, 44, 31, 41, 36, 23, 30, 47, 12, 24], 1361.89344336, 1361.89344336, 0.,  0.        , 0.        , 0., 0, 0, 0.)
 (52, [10, 10, 14, 14, 45,  6,  3, 48, 11, 42, 46, 39, 35, 37, 10,  7, 19, 22, 27, 34,  9, 43, 21, 32, 26, 18, 17, 16, 28,  4, 14,  1, 33, 20, 13,  8, 29,  5, 15, 25, 40, 38,  2, 44, 31, 41, 36, 23, 30, 47, 12, 24], 1361.89344336, 1361.89344336, 0.,  0.        , 0.        , 0., 0, 0, 0.)
 (52, [10, 10, 14, 14, 45,  6,  3, 48, 11, 42, 46, 39, 35, 37, 10,  7, 19, 22, 27, 34,  9, 43, 21, 32, 26, 18, 17, 16, 28,  4, 14,  1, 33, 20, 13,  8, 29,  5, 15, 25, 40, 38,  2, 44, 31, 41, 36, 23, 30, 47, 12, 24], 1361.89344336, 1361.89344336, 0.,  0.        , 0.        , 0., 0, 0, 0.)
 (52, [10, 10, 14, 14, 45,  6,  3, 48, 11, 42, 46, 39, 35, 37, 10,  7, 19, 22, 27, 34,  9, 43, 21, 32, 26, 18, 17, 16, 28,  4, 14,  1, 33, 20, 13,  8, 29,  5, 15, 25, 40, 38,  2, 44, 31, 41, 36, 23, 30, 47, 12, 24], 1361.89344336, 1361.89344336, 0.,  0.        , 0.        , 0., 0, 0, 0.)
 (52, [10, 10, 14, 14, 45,  6,  3, 48, 11, 42, 46, 39, 35, 37, 10,  7, 19, 22, 27, 34,  9, 43, 21, 32, 26, 18, 17, 16, 28,  4, 14,  1, 33, 20, 13,  8, 29,  5, 15, 25, 40, 38,  2, 44, 31, 41, 36, 23, 30, 47, 12, 24], 1361.89344336, 1361.89344336, 0.,  0.        , 0.        , 0., 0, 0, 0.)
 (52, [10, 10, 14, 14, 45,  6,  3, 48, 11, 42, 46, 39, 35, 37, 10,  7, 19, 22, 27, 34,  9, 43, 21, 32, 26, 18, 17, 16, 28,  4, 14,  1, 33, 20, 13,  8, 29,  5, 15, 25, 40, 38,  2, 44, 31, 41, 36, 23, 30, 47, 12, 24], 1361.89344336, 1361.89344336, 0.,  0.        , 0.        , 0., 0, 0, 0.)
 (52, [10, 10, 14, 14, 45,  6,  3, 48, 11, 42, 46, 39, 35, 37, 10,  7, 19, 22, 27, 34,  9, 43, 21, 32, 26, 18, 17, 16, 28,  4, 14,  1, 33, 20, 13,  8, 29,  5, 15, 25, 40, 38,  2, 44, 31, 41, 36, 23, 30, 47, 12, 24], 1361.89344336, 1361.89344336, 0.,  0.        , 0.        , 0., 0, 0, 0.)
 (52, [10, 10, 14, 14, 45,  6,  3, 48, 11, 42, 46, 39, 35, 37, 10,  7, 19, 22, 27, 34,  9, 43, 21, 32, 26, 18, 17, 16, 28,  4, 14,  1, 33, 20, 13,  8, 29,  5, 15, 25, 40, 38,  2, 44, 31, 41, 36, 23, 30, 47, 12, 24], 1361.89344336, 1361.89344336, 0.,  0.        , 0.        , 0., 0, 0, 0.)
 (52, [10, 10, 14, 14, 45,  6,  3, 48, 11, 42, 46, 39, 35, 37, 10,  7, 19, 22, 27, 34,  9, 43, 21, 32, 26, 18, 17, 16, 28,  4, 14,  1, 33, 20, 13,  8, 29,  5, 15, 25, 40, 38,  2, 44, 31, 41, 36, 23, 30, 47, 12, 24], 1361.89344336, 1361.89344336, 0.,  0.        , 0.        , 0., 0, 0, 0.)
 (52, [10, 10, 14, 14, 45,  6,  3, 48, 11, 42, 46, 39, 35, 37, 10,  7, 19, 22, 27, 34,  9, 43, 21, 32, 26, 18, 17, 16, 28,  4, 14,  1, 33, 20, 13,  8, 29,  5, 15, 25, 40, 38,  2, 44, 31, 41, 36, 23, 30, 47, 12, 24], 1361.89344336, 1361.89344336, 0.,  0.        , 0.        , 0., 0, 0, 0.)
 (52, [10, 10, 14, 14, 45,  6,  3, 48, 11, 42, 46, 39, 35, 37, 10,  7, 19, 22, 27, 34,  9, 43, 21, 32, 26, 18, 17, 16, 28,  4, 14,  1, 33, 20, 13,  8, 29,  5, 15, 25, 40, 38,  2, 44, 31, 41, 36, 23, 30, 47, 12, 24], 1361.89344336, 1361.89344336, 0.,  0.        , 0.        , 0., 0, 0, 0.)
 (52, [10, 10, 14, 14, 45,  6,  3, 48, 11, 42, 46, 39, 35, 37, 10,  7, 19, 22, 27, 34,  9, 43, 21, 32, 26, 18, 17, 16, 28,  4, 14,  1, 33, 20, 13,  8, 29,  5, 15, 25, 40, 38,  2, 44, 31, 41, 36, 23, 30, 47, 12, 24], 1361.89344336, 1361.89344336, 0.,  0.        , 0.        , 0., 0, 0, 0.)
 (52, [10, 10, 14, 14, 45,  6,  3, 48, 11, 42, 46, 39, 35, 37, 10,  7, 19, 22, 27, 34,  9, 43, 21, 32, 26, 18, 17, 16, 28,  4, 14,  1, 33, 20, 13,  8, 29,  5, 15, 25, 40, 38,  2, 44, 31, 41, 36, 23, 30, 47, 12, 24], 1361.89344336, 1361.89344336, 0.,  0.        , 0.        , 0., 0, 0, 0.)
 (52, [10, 10, 14, 14, 45,  6,  3, 48, 11, 42, 46, 39, 35, 37, 10,  7, 19, 22, 27, 34,  9, 43, 21, 32, 26, 18, 17, 16, 28,  4, 14,  1, 33, 20, 13,  8, 29,  5, 15, 25, 40, 38,  2, 44, 31, 41, 36, 23, 30, 47, 12, 24], 1361.89344336, 1361.89344336, 0.,  0.        , 0.        , 0., 0, 0, 0.)
 (52, [10, 10, 14, 14, 45,  6,  3, 48, 11, 42, 46, 39, 35, 37,  7, 19, 22, 27, 10, 34,  9, 43, 21, 32, 26, 18, 17, 16, 28,  4, 14,  1, 33, 20, 13,  8, 29,  5, 15, 25, 40, 38,  2, 44, 31, 41, 36, 23, 30, 47, 12, 24], 1363.83193101, 1513.91613411, 0.,  0.        , 0.56448547, 0., 0, 0, 0.)
 (52, [10, 10, 14, 14, 45,  6,  3, 48, 11, 42, 46, 39, 35, 37,  7, 19, 22, 27, 10, 34,  9, 43, 21, 32, 26, 18, 17, 16, 28,  4, 14,  1, 33, 20, 13,  8, 29,  5, 15, 25, 40, 38,  2, 44, 31, 41, 36, 23, 30, 47, 12, 24], 1363.83193101, 1513.91613411, 0.,  0.        , 0.56448547, 0., 0, 0, 0.)
 (52, [10, 10, 14, 14, 45,  6,  3, 48, 11, 42, 46, 39, 35, 37,  7, 19, 22, 27, 10, 34,  9, 43, 21, 32, 26, 18, 17, 16, 28,  4, 14,  1, 33, 20, 13,  8, 29,  5, 15, 25, 40, 38,  2, 44, 31, 41, 36, 23, 30, 47, 12, 24], 1363.83193101, 1513.91613411, 0.,  0.        , 0.56448547, 0., 0, 0, 0.)
 (52, [10, 10, 14, 14, 45,  6,  3, 48, 11, 42, 46, 39, 35, 37,  7, 19, 22, 10, 27, 34,  9, 43, 21, 32, 26, 18, 17, 16, 28,  4, 14,  1, 33, 20, 13,  8, 29,  5, 15, 25, 40, 38,  2, 44, 31, 41, 36, 23, 30, 47, 12, 24], 1372.76092178, 1372.76092178, 0.,  0.        , 0.        , 0., 0, 0, 0.)
 (52, [10, 10, 14, 14, 45,  6,  3, 48, 11, 42, 46, 39, 35,  7, 10, 37, 19, 22, 27, 34,  9, 43, 21, 32, 26, 18, 17, 16, 28,  4, 14,  1, 33, 20, 13,  8, 29,  5, 15, 25, 40, 38,  2, 44, 31, 41, 36, 23, 30, 47, 12, 24], 1396.60981054, 1542.32231246, 0.,  0.        , 0.        , 0., 0, 0, 0.)
 (52, [10, 10, 14, 14, 45,  6,  3, 48, 11, 42, 46, 39, 35, 37, 10,  7, 19, 22, 27, 34,  9, 43, 21, 32, 26, 18, 17, 16, 14,  4, 28,  1, 33, 20, 13,  8, 29,  5, 15, 25, 40, 38,  2, 44, 31, 41, 36, 23, 30, 47, 12, 24], 1399.74725167, 1399.74725167, 0.,  0.        , 0.        , 0., 0, 0, 0.)
 (52, [10, 10, 14, 14, 45,  6,  3, 48, 11, 42, 46, 39, 35, 37, 10,  7, 19, 22, 27, 34,  9, 43, 21, 32, 26, 18, 17, 16, 28,  4, 14,  1, 33, 20, 13,  8, 29,  5, 15, 25, 40, 38, 23, 44, 31, 41, 36,  2, 30, 47, 12, 24], 1409.70566938, 1409.70566938, 0.,  0.        , 0.        , 0., 0, 0, 0.)
 (52, [10, 10, 14, 14,  6,  3, 48, 11, 42, 46, 39, 45, 35, 37, 10,  7, 19, 22, 27, 34,  9, 43, 21, 32, 26, 18, 17, 16, 28,  4, 14,  1, 33, 20, 13,  8, 29,  5, 15, 25, 40, 38,  2, 44, 31, 41, 36, 23, 30, 47, 12, 24], 1422.38597891, 1422.38597891, 0.,  0.        , 0.        , 0., 0, 0, 0.)
 (52, [10, 10, 14, 14, 45,  6,  3, 48, 11, 42, 46, 39, 35, 37, 10,  7, 19, 22, 27, 34,  9, 43, 21, 32, 26, 18, 17, 16, 28,  4, 14,  1, 33, 20, 13,  8, 29,  5, 15, 25, 40, 38,  2, 44, 23, 31, 41, 36, 30, 47, 12, 24], 1424.41955643, 1424.41955643, 0.,  0.        , 0.        , 0., 0, 0, 0.)
 (52, [10, 10, 14, 14, 45,  6,  3, 48, 11, 42, 46, 39, 35, 37, 10,  7, 19, 22, 27, 34,  9, 43, 21, 32, 26, 18, 17, 16, 28,  4, 14,  1, 33, 20, 13,  8, 29,  5, 40, 25, 15, 38,  2, 44, 31, 41, 36, 23, 30, 47, 12, 24], 1427.82590394, 1427.82590394, 0.,  0.        , 0.        , 0., 0, 0, 0.)
 (52, [10, 10, 14, 14, 45,  6,  3, 48, 11, 42, 46, 39, 35, 37, 10,  7, 19, 22, 27, 34,  9, 43, 21, 32, 26, 18, 17, 16, 28,  4, 14,  1, 33, 20, 13,  8, 29,  5, 40, 25, 15, 38,  2, 44, 31, 41, 36, 23, 30, 47, 12, 24], 1427.82590394, 1427.82590394, 0.,  0.        , 0.        , 0., 0, 0, 0.)
 (52, [11,  9, 14, 14, 45,  6,  3, 48, 42, 46, 39, 35, 37, 10,  7, 19, 11, 22, 27, 34,  9, 43, 21, 32, 26, 18, 17, 16, 28,  4, 14,  1, 33, 20, 13,  8, 29,  5, 15, 25, 40, 38,  2, 44, 31, 41, 36, 23, 30, 47, 12, 24], 1434.05578891, 1480.15922088, 0.,  0.        , 0.        , 0., 0, 0, 0.)
 (52, [10, 10, 14, 14, 45,  6,  3, 48, 11, 42, 46, 39, 35, 37, 10,  7, 19, 22, 27, 34,  9, 43, 21, 32, 26, 18, 17, 29, 28,  4, 14,  1, 33, 20, 13,  8, 16,  5, 15, 25, 40, 38,  2, 44, 31, 41, 36, 23, 30, 47, 12, 24], 1472.38658678, 1472.38658678, 0.,  0.        , 0.        , 0., 0, 0, 0.)
 (52, [10, 10, 14, 14, 45,  6,  3, 48, 11, 42, 46, 39, 35, 37, 10,  7, 19, 22, 27, 34,  9, 43, 21, 32, 26, 18, 16, 17, 28,  4, 14,  1, 33, 20, 13,  8, 29,  5, 15, 25, 40, 38,  2, 44, 23, 31, 41, 36, 30, 47, 12, 24], 1483.19848737, 1483.19848737, 0.,  0.        , 0.        , 0., 0, 0, 0.)
 (52, [10, 10, 14, 14, 45,  6,  3, 48, 11, 42, 46, 39, 35, 37, 10,  7, 19, 22, 27, 34,  9, 43, 21, 32, 30, 18, 17, 16, 28,  4, 14,  1, 33, 20, 13,  8, 29,  5, 15, 25, 40, 38,  2, 44, 31, 41, 36, 23, 26, 47, 12, 24], 1487.24341264, 1487.24341264, 0.,  0.        , 0.        , 0., 0, 0, 0.)
 (52, [10, 10, 14, 14, 45,  6,  3, 48, 11, 42, 46, 39, 35, 37, 10,  7, 19, 22, 27, 34,  9, 43, 21, 32, 30, 18, 17, 16, 28,  4, 14,  1, 33, 20, 13,  8, 29,  5, 15, 25, 40, 38,  2, 44, 31, 41, 36, 23, 26, 47, 12, 24], 1487.24341264, 1487.24341264, 0.,  0.        , 0.        , 0., 0, 0, 0.)
 (52, [10, 10, 14, 14, 45,  6,  3, 48, 11, 42, 46, 39, 35, 37,  7, 10, 28, 22, 27, 34,  9, 43, 21, 32, 26, 18, 17, 16, 19,  4, 14,  1, 33, 20, 13,  8, 29,  5, 15, 25, 40, 38,  2, 44, 31, 41, 36, 23, 30, 47, 12, 24], 1490.4317343 , 1490.4317343 , 0.,  0.        , 0.        , 0., 0, 0, 0.)
 (52, [10, 11, 13, 14, 45,  6,  3, 48, 11, 42, 46, 39, 35, 37, 10,  7, 19, 22, 27, 34,  9, 43, 21, 32, 26, 18, 17, 16, 28,  4, 14,  1, 33, 20, 13,  8, 29,  5, 15, 25, 40, 38,  2, 44, 41, 31, 36, 23, 30, 47, 12, 24], 1511.68157483, 1511.68157483, 0.,  0.        , 0.        , 0., 0, 0, 0.)
 (52, [10, 10, 14, 14,  6,  3, 48, 11, 42, 46, 39, 12, 37,  7, 19, 45, 22, 27, 10, 34,  9, 43, 21, 32, 26, 18, 17, 16, 28,  4, 14,  1, 33, 20, 13,  8, 29,  5,  2, 15, 25, 40, 38, 44, 31, 41, 36, 23, 30, 47, 35, 24], 1544.92423987, 1695.00844297, 0.,  0.        , 0.56448547, 0., 0, 0, 0.)
 (52, [10, 10, 14, 14,  6,  3, 48, 11, 42, 46, 39, 12, 37,  7, 19, 45, 22, 27, 10, 34,  9, 43, 21, 32, 26, 18, 17, 16, 28,  4, 14,  1, 33, 20, 13,  8, 29,  5, 15,  2, 25, 40, 38, 44, 31, 41, 36, 23, 30, 47, 35, 24], 1578.87140385, 1728.95560696, 0.,  0.        , 0.56448547, 0., 0, 0, 0.)
 (52, [10, 10, 14, 14, 45,  6,  3, 48, 11, 42, 46, 39,  1, 37, 10,  7, 19, 22, 27, 34,  9, 43, 21, 32, 26, 18, 17, 16, 28,  4, 35, 14, 33, 20, 13,  8, 29,  5, 15, 25, 40, 38,  2, 44, 31, 41, 36, 23, 30, 47, 12, 24], 1579.14817665, 1579.14817665, 0.,  0.        , 0.        , 0., 0, 0, 0.)
 (52, [10, 10, 14, 14, 45,  6,  3, 48, 11, 42, 46, 39, 35, 37, 10,  7, 19,  5, 27, 34,  9, 43, 21, 22, 32, 26, 18, 17, 16, 28,  4, 14,  1, 33, 20, 13,  8, 29, 15, 25, 40, 38,  2, 44, 31, 41, 36, 23, 30, 47, 12, 24], 1579.21563264, 1579.21563264, 0.,  0.        , 0.        , 0., 0, 0, 0.)
 (52, [10,  9, 14, 15, 45,  6,  3, 48, 11, 42, 46, 39, 35, 37,  7, 19, 10, 22, 27, 34,  9, 43, 21, 32, 26, 18, 17, 16, 28,  4, 14,  1, 33, 20, 13,  8, 29,  5, 15, 25, 40, 38,  2, 44, 31, 41, 36, 23, 30, 47, 12, 24], 1580.72508138, 1571.44329302, 0.,  4.64089418, 0.        , 0., 0, 0, 0.)
 (52, [11,  9, 12, 16, 45,  6,  3, 48, 11, 42, 46, 39, 35, 19, 10,  7, 37, 22, 27, 34,  9, 43, 21, 32, 26, 18, 17, 16, 28,  4, 14,  1, 33, 20, 13,  8, 29,  5, 15, 25, 38, 40,  2, 44, 31, 41, 36, 23, 30, 47, 12, 24], 1582.5280476 , 1573.24625924, 0.,  4.64089418, 0.        , 0., 0, 0, 0.)
 (52, [10, 10, 13, 15, 45,  6,  3, 37, 11, 42, 46, 39, 35, 48, 10,  7, 19, 22, 27, 34,  9, 43, 21, 32, 26, 18, 17, 16, 28,  4, 14,  1, 33, 20, 13,  8, 29,  5, 15, 25, 40, 38,  2, 44, 31, 41, 36, 23, 30, 47, 12, 24], 1589.31069052, 1580.02890216, 0.,  4.64089418, 0.        , 0., 0, 0, 0.)
 (52, [12,  9, 13, 14, 45,  6,  3, 48, 11, 42, 46, 39, 35, 19, 10,  7, 37, 22, 27, 34,  9, 43, 21, 32, 26, 18, 17, 16, 28,  4, 14,  1, 33, 20, 13,  8, 29,  5, 15, 25, 40, 38,  2, 44, 31, 41, 36, 23, 30, 47, 12, 24], 1591.25232194, 1591.25232194, 0.,  0.        , 0.        , 0., 0, 0, 0.)
 (52, [ 9, 11, 15, 13, 45,  6,  3, 48, 11, 42, 46, 39, 35, 37,  7, 19, 22, 27, 10, 34,  9, 23, 21, 32, 26, 18, 17,  1, 28,  4, 14, 16, 33, 20, 13,  8, 29,  5, 15, 25, 40, 38,  2, 44, 31, 41, 36, 43, 30, 47, 12, 24], 1595.04863657, 1595.37989724, 0.,  4.64089418, 0.        , 0., 0, 0, 0.)
 (52, [10, 10, 14, 14, 45,  6,  3, 48,  4, 42, 46, 39, 35, 37, 10,  7, 19, 22, 27, 34,  9, 43, 21, 32, 26, 18, 17, 16, 28, 11, 14,  1, 33, 20, 13,  8, 29,  5, 15, 25, 40, 38,  2, 44, 31, 41, 36, 23, 30, 47, 12, 24], 1602.53264761, 1586.0644556 , 0.,  8.23409601, 0.        , 0., 0, 0, 0.)
 (52, [10, 10, 14, 14, 45,  6,  3, 48, 11, 42, 46, 39, 35, 37, 38,  7, 19, 22, 27, 34,  9, 43, 21, 32, 26, 18, 17, 16, 28,  4, 14,  1, 33, 20, 13,  8, 29,  5, 15, 25, 40, 10,  2, 44, 31, 41, 36, 23, 30, 47, 12, 24], 1614.46506944, 1614.46506944, 0.,  0.        , 0.        , 0., 0, 0, 0.)
 (52, [10, 10, 14, 14, 45,  6,  3, 48, 11, 42, 46, 39, 35, 37, 44, 19, 22, 34, 27, 10,  9, 43, 21, 32, 26, 18, 17, 16, 28,  4, 14,  1, 36, 33, 20, 13,  8, 29,  5, 15, 25, 40, 38,  2,  7, 31, 41, 23, 30, 47, 12, 24], 1620.91733339, 1593.11752973, 0.,  4.64089418, 9.25900765, 0., 0, 0, 0.)
 (52, [10, 10, 14, 14, 45,  6,  3, 48, 11, 42, 46, 39, 35, 37, 10,  7, 19, 22, 27, 34,  9, 43, 21, 32, 26, 18, 17, 16, 28,  4, 14,  1, 30, 20, 13,  8, 29,  5, 15, 25, 40, 38,  2, 44, 31, 41, 36, 23, 33, 47, 12, 24], 1622.77122023, 1622.77122023, 0.,  0.        , 0.        , 0., 0, 0, 0.)
 (52, [10, 10, 14, 14, 45,  6,  3, 48, 11, 42, 46, 39, 35, 37, 10,  7, 19, 22, 27, 34,  9, 43, 21, 32, 30, 18, 17, 16, 28,  4, 14,  1, 33, 20, 13, 26,  8, 29,  5, 15, 25, 40, 38,  2, 44, 31, 41, 36, 23, 47, 12, 24], 1630.35230872, 1728.50650562, 0.,  4.64089418, 0.        , 0., 0, 0, 0.)
 (52, [ 9, 10, 15, 14, 43,  6,  3, 48, 11, 42, 46, 39, 35, 37,  7, 19, 22, 27, 10, 34,  9, 45, 21, 32, 26, 18, 17, 16, 28,  4, 14,  1, 33, 20, 13,  8, 29,  5, 15, 25, 40, 38,  2, 44, 31, 41, 36, 23, 30, 47, 12, 24], 1632.70963126, 1632.70963126, 0.,  0.        , 0.        , 0., 0, 0, 0.)
 (52, [10,  9, 14, 15, 45,  6,  3, 48, 11, 42, 46, 39, 35, 37, 10,  7, 19, 22, 27, 34,  9, 43, 21, 26, 18, 17, 16, 28, 25,  4, 14,  1, 33, 20, 13,  8, 29,  5, 15, 32, 40, 38,  2, 44, 31, 41, 36, 23, 30, 47, 12, 24], 1633.22539705, 1623.94360869, 0.,  4.64089418, 0.        , 0., 0, 0, 0.)
 (52, [11,  8, 16, 13, 45,  6,  3, 48, 32, 42, 46, 39, 35, 37, 10,  7, 19, 22, 27, 34,  9, 43, 21, 11, 26, 18, 17, 16, 28,  4, 14,  1, 33, 20, 13,  8, 29,  5, 15, 25, 40, 38,  2, 44, 31, 41, 36, 23, 30, 47, 12, 24], 1641.68662978, 1632.40484142, 0.,  4.64089418, 0.        , 0., 0, 0, 0.)
 (52, [ 9, 10, 15, 14, 45,  6,  3, 48, 11, 42, 46, 39, 35, 37,  7, 19, 22, 27, 10, 34,  9, 43, 21, 32, 26, 18, 17, 16, 28,  4, 14,  1, 33, 20, 13,  8, 29,  5, 15, 25, 31, 38,  2, 44, 40, 41, 36, 23, 30, 47, 12, 24], 1645.06182858, 1643.93285765, 0.,  0.        , 0.56448547, 0., 0, 0, 0.)
 (52, [10, 10, 14, 14, 45,  6,  3, 48, 11, 42, 46, 39, 35, 37, 10,  7, 19, 27, 34,  9, 43, 21, 32, 26, 18, 17, 16, 28,  4, 14,  1, 33, 20, 22, 13,  8, 29,  5, 15, 25, 40, 38,  2, 44, 31, 41, 36, 23, 30, 47, 12, 24], 1658.56022953, 1658.56022953, 0.,  0.        , 0.        , 0., 0, 0, 0.)
 (52, [10, 10, 14, 14, 45,  6,  3, 48, 11, 42, 46, 39, 35, 37, 10,  7, 19, 22, 27, 34,  9, 43, 21, 26, 18, 17, 28,  4, 14,  1, 33,  5, 32, 20, 13,  8, 29, 16, 15, 25, 40, 38,  2, 44, 31, 41, 36, 23, 30, 47, 12, 24], 1659.35455499, 1659.35455499, 0.,  0.        , 0.        , 0., 0, 0, 0.)
 (52, [10, 10, 14, 14, 45,  6,  3, 48, 11, 42, 38, 39, 35, 37,  7, 19, 22, 27, 10, 34,  9, 23, 21, 32, 26, 18, 17, 16, 28,  4, 14,  1, 33, 20, 13,  8, 29,  5, 15, 25, 40, 46,  2, 44, 31, 41, 36, 43, 30, 47, 12, 24], 1661.24804939, 1661.24804939, 0.,  0.        , 0.        , 0., 0, 0, 0.)
 (52, [10, 10, 14, 14, 45,  6,  3, 48, 11, 42, 46, 39, 35, 37, 10,  7, 19, 22, 33, 34,  9, 43, 21, 32, 26, 18, 17, 16, 28,  4, 14,  1, 27, 20, 13,  8, 29,  5, 15, 25, 40, 38,  2, 44, 31, 41, 36, 23, 30, 47, 12, 24], 1665.89609651, 1717.67737721, 0.,  3.00808587, 0.        , 0., 0, 0, 0.)
 (52, [10, 10, 15, 13, 45,  6,  3, 48, 11, 42, 46, 39, 35, 37, 10,  7, 19, 22, 27, 34, 14, 43, 21, 32, 26, 18, 17, 16, 28,  4,  9,  1, 33, 20, 13,  8, 29,  5, 15, 25, 40, 38,  2, 44, 31, 41, 36, 23, 30, 47, 12, 24], 1670.12718461, 1660.84539625, 0.,  4.64089418, 0.        , 0., 0, 0, 0.)
 (52, [10, 10, 14, 14, 45,  6,  3, 48, 11, 42, 46, 39, 35, 37, 10,  7, 19, 22, 27, 34,  9, 43, 21, 32, 26, 18, 17, 16, 28,  4, 14,  1, 33, 20, 38, 13,  8, 29,  5, 15, 25, 40,  2, 44, 31, 41, 36, 23, 30, 47, 12, 24], 1673.23609192, 1663.95430356, 0.,  4.64089418, 0.        , 0., 0, 0, 0.)
 (52, [10, 10, 14, 14, 45,  6,  3, 48, 11, 42, 46, 39, 35, 37,  7, 19, 22, 27, 10, 34,  9, 28, 21, 32, 26, 18, 17, 16, 43,  4, 14,  1, 33, 20, 13,  5,  8, 29, 15, 25, 40, 38,  2, 44, 31, 41, 36, 23, 30, 47, 12, 24], 1674.25266845, 1687.07851462, 0.,  6.2314052 , 0.        , 0., 0, 0, 0.)
 (52, [10, 10, 14, 14, 45,  6,  3, 42, 11, 48, 46, 39,  1, 37, 10,  7, 19, 22, 27, 34,  9, 43, 21, 32, 26, 18, 17, 35, 28,  4, 14, 16, 33, 20, 13,  8, 29,  5, 15, 25, 40, 38,  2, 44, 31, 41, 36, 23, 30, 47, 12, 24], 1682.95698946, 1682.95698946, 0.,  0.        , 0.        , 0., 0, 0, 0.)
 (52, [10, 10, 14, 14, 45,  6,  3, 48, 11, 42, 46, 39, 35, 37, 10,  7, 19, 22, 27, 34,  9, 43, 21, 47, 26, 30, 18, 17, 16, 28,  4, 14,  1, 33, 20, 13,  8, 29,  5, 15, 25, 40, 38,  2, 44, 31, 41, 36, 23, 32, 12, 24], 1694.73155007, 1685.44976171, 0.,  4.64089418, 0.        , 0., 0, 0, 0.)
 (52, [10,  8, 14, 16, 45,  6,  3, 48, 11, 42, 46, 39, 35, 37, 10,  7, 19, 22, 27, 34,  9, 43, 21, 32, 26, 18, 17,  5, 28,  4, 14,  1, 33, 20, 13,  8, 29, 16, 15, 25, 40, 38,  2, 44, 31, 41, 36, 23, 30, 47, 12, 24], 1702.73589427, 1727.27511656, 0.,  0.        , 0.        , 0., 0, 0, 0.)
 (52, [ 9, 10, 13, 16, 45,  6,  3, 48, 11, 42, 46, 39, 35, 37,  7, 10, 28, 22, 27, 34,  9, 43, 21, 23, 26, 18, 17, 16, 19,  4, 14,  1, 33, 20, 13,  8, 29,  5, 15, 25, 40, 38,  2, 44, 31, 41, 36, 32, 30, 47, 12, 24], 1707.53324513, 1698.25145677, 0.,  4.64089418, 0.        , 0., 0, 0, 0.)
 (52, [10, 11, 12, 15, 45,  6,  3, 48, 11, 42, 46, 39,  7, 37, 10, 35, 19, 22, 27, 34,  9, 43, 21, 32, 26, 18, 17, 28,  4, 14,  1, 33,  5, 20, 13,  8, 29, 16, 15, 25, 40, 38,  2, 44, 31, 41, 36, 23, 30, 47, 12, 24], 1712.96903529, 1712.96903529, 0.,  0.        , 0.        , 0., 0, 0, 0.)
 (52, [11, 10, 13, 14, 45,  6,  3, 48, 11,  2, 46, 39, 35, 37, 10,  7, 19, 22, 27, 34,  9, 43, 21, 25, 26, 18, 17, 16, 28,  4, 14,  1, 33, 20, 13,  8, 29,  5, 15, 32, 40, 38, 42, 44, 31, 41, 36, 23, 30, 47, 12, 24], 1733.60269888, 1733.60269888, 0.,  0.        , 0.        , 0., 0, 0, 0.)
 (52, [10, 10, 14, 14, 45,  6,  3, 48, 11, 42, 46, 39, 35, 37,  7, 10, 19, 22, 27, 34,  9, 43, 21, 32, 26, 18, 17, 16, 28,  4, 14,  1, 12, 20, 13,  8, 29,  5, 15, 25, 40, 38,  2, 44, 31, 41, 36, 23, 30, 47, 33, 24], 1733.92171157, 1733.92171157, 0.,  0.        , 0.        , 0., 0, 0, 0.)
 (52, [10, 11, 13, 14, 45,  6,  3, 48, 11, 42, 46, 26, 35, 37, 10,  7, 22, 27, 34,  9, 43, 21, 39, 32, 19, 18, 17, 16, 28,  4, 14,  1, 23, 33, 20, 13,  8, 29,  5, 15, 25, 40, 38,  2, 44, 31, 41, 36, 30, 47, 12, 24], 1743.99376522, 1734.71197686, 0.,  4.64089418, 0.        , 0., 0, 0, 0.)
 (52, [11, 12, 14, 11, 45,  6,  3, 48, 11, 42, 46, 39, 35, 37, 10,  7, 19, 22, 27, 34,  9, 44, 43, 38, 32, 26, 18, 17, 16, 28,  4, 14,  1, 20, 13,  8, 29, 33,  5, 15, 25, 40, 21,  2, 31, 41, 36, 23, 30, 47, 12, 24], 1744.63881177, 1735.35702341, 0.,  4.64089418, 0.        , 0., 0, 0, 0.)
 (52, [10, 11, 13, 14, 45,  6,  3, 48, 11, 42, 46, 39, 35, 37, 15,  7, 19, 22, 27, 34,  9, 43, 21, 32, 26, 18, 17, 16, 28,  4, 14,  1, 33, 20, 13,  8, 29,  5,  2, 10, 25, 40, 38, 44, 31, 41, 36, 23, 30, 47, 12, 24], 1748.39698446, 1748.39698446, 0.,  0.        , 0.        , 0., 0, 0, 0.)
 (52, [ 9,  9, 14, 16, 45,  6,  3, 48, 11, 42, 46, 39, 35, 37, 10,  7, 19, 22, 27, 34,  9, 43, 21, 25, 26, 18, 17, 16, 28,  4, 14,  1, 32, 33, 20, 13,  8, 29,  5, 15, 40, 38,  2, 44, 31, 41, 36, 23, 30, 47, 12, 24], 1757.04061751, 1755.3661627 , 0., 29.27278383, 0.        , 0., 0, 0, 0.)
 (52, [10, 11, 13, 14, 12,  6,  3, 48, 11, 42, 46, 39, 35, 37, 10,  7, 19, 22, 27, 34,  9, 43, 21, 32, 26, 18, 17, 16, 28,  4, 14,  1, 33, 20, 13,  8, 29,  5, 15, 25, 40, 38,  2, 44, 31, 41, 36, 23, 30, 47, 45, 24], 1763.80837258, 1763.80837258, 0.,  0.        , 0.        , 0., 0, 0, 0.)
 (52, [10,  9, 16, 13, 45,  6,  3, 48, 11, 42, 46, 39,  1, 37, 10,  7, 19, 22, 27, 34, 35, 12, 43, 21, 32, 26, 18, 17, 16, 28,  4, 14, 33, 20, 13,  8, 29,  5, 15, 25, 40, 38,  2, 44, 31, 41, 36, 23, 30, 47,  9, 24], 1768.72064145, 1759.43885309, 0.,  4.64089418, 0.        , 0., 0, 0, 0.)
 (52, [10, 10, 14, 14, 45,  6,  3, 48, 11, 42, 46, 39, 35, 37, 10,  7, 19, 22, 15, 34,  9, 43, 21, 32, 26, 18, 17, 16, 36, 28,  4, 14,  1, 33, 20, 13,  8, 29,  5, 27, 25, 40, 38,  2, 44, 31, 41, 23, 30, 47, 12, 24], 1776.7250298 , 1795.79290397, 0.,  0.        , 0.        , 0., 0, 0, 0.)
 (52, [11, 10, 12, 15, 45,  6,  3, 48, 11, 19, 46, 39, 35, 37, 10,  7, 42, 22, 27, 34,  9, 43, 21, 32, 26, 18, 17, 16, 28,  4, 14,  1, 33, 20, 13,  8, 29,  5, 15, 25, 40, 38,  2, 44, 31, 41, 36, 23, 30, 47, 12, 24], 1785.21031869, 1775.92853033, 0.,  4.64089418, 0.        , 0., 0, 0, 0.)
 (52, [11, 10, 13, 14, 45,  6,  3, 48, 11, 42, 46, 39, 35, 37, 10,  7, 19, 22, 16, 34,  9, 43, 21, 32, 26, 18, 17, 27, 28,  4, 14,  1, 33, 20, 13,  8, 29,  5, 15, 25, 40, 38,  2, 44, 31, 41, 36, 23, 30, 47, 12, 24], 1795.07262256, 1795.07262256, 0.,  0.        , 0.        , 0., 0, 0, 0.)
 (52, [12, 11, 11, 14, 45,  6,  3, 48, 11, 14, 46, 39, 35, 37,  7, 10, 19, 22, 27, 34,  9, 43, 21, 32, 26, 18, 17, 16, 28,  4, 42,  1, 33, 20, 13,  8, 29,  5, 15, 25, 40, 38,  2, 44, 31, 41, 36, 23, 30, 47, 12, 24], 1797.44087599, 1797.44087599, 0.,  0.        , 0.        , 0., 0, 0, 0.)
 (52, [ 9, 10, 15, 14, 45,  6,  3, 48, 11, 42, 46, 39, 35, 37,  7, 19, 12, 27, 10, 34,  9, 43, 21, 32, 26, 18, 17, 16, 28,  4, 14,  1, 33, 20, 13,  8, 29,  5, 15, 25, 40, 38,  2, 44, 31, 41, 36, 24, 30, 47, 22, 23], 1802.36131075, 1801.23233982, 0.,  0.        , 0.56448547, 0., 0, 0, 0.)
 (52, [11, 12, 12, 13, 45, 43,  3, 48, 11, 42, 46, 39, 35, 37, 10,  7, 19, 22, 27, 34, 21,  6,  9, 32, 26, 18, 17, 23, 16, 28,  4, 14,  1, 33, 20, 13,  8, 29,  5, 15, 25, 40, 38,  2, 44, 31, 41, 36, 30, 47, 12, 24], 1803.86540358, 1803.86540358, 0.,  0.        , 0.        , 0., 0, 0, 0.)
 (52, [ 9, 10, 15, 14, 45,  6,  3, 48, 11, 42, 28, 39, 35, 37, 10,  7, 19, 22, 27, 34,  9, 43, 21, 32, 26, 18, 17, 16, 46,  4, 14,  1, 33, 20, 13,  8, 29,  5, 15, 25, 40, 38,  2, 44, 31, 41, 36, 23, 24, 30, 47, 12], 1824.65956816, 1872.70158238, 0.,  0.        , 0.        , 0., 0, 0, 0.)
 (52, [10, 10, 14, 14, 45,  6, 18, 48, 11, 42, 46, 39, 35, 37, 10,  7, 19, 22, 27, 34,  9, 43, 21, 32, 30,  3, 17, 16, 28,  4, 14,  1, 33, 20, 13,  8, 29,  5, 26, 15, 25, 40, 38,  2, 44, 31, 41, 36, 23, 47, 12, 24], 1847.95898287, 1847.95898287, 0.,  0.        , 0.        , 0., 0, 0, 0.)
 (52, [10, 11, 14, 13, 45,  6,  3, 48, 40, 42, 46, 39, 35, 37, 10,  7, 19, 22, 27, 34,  9, 43, 21, 32, 26, 18, 17, 16, 28,  4, 14,  1, 33, 20, 13,  8, 29,  5, 15, 25, 11, 38,  2, 44, 31, 41, 36, 23, 30, 47, 12, 24], 1852.12801073, 1842.84622237, 0.,  4.64089418, 0.        , 0., 0, 0, 0.)
 (52, [12,  6, 15, 15, 45,  6,  3, 48, 47, 12, 46, 39, 35, 37, 10,  7, 19, 22, 27, 34,  9, 43, 21, 32, 26, 18, 17, 16, 28,  4, 14,  1, 33, 20, 13,  8, 29,  5, 15, 25, 40, 38,  2, 44, 31, 41, 36, 23, 30, 24, 42, 11], 1869.06932035, 1859.78753199, 0.,  4.64089418, 0.        , 0., 0, 0, 0.)
 (52, [10, 11, 13, 14, 45,  6,  3, 48, 11, 42, 46, 39, 35, 37, 10,  7, 19, 22, 27, 34,  9, 43, 21, 32, 26, 18, 17, 16, 28,  4, 14,  1, 33, 24, 13,  8, 29,  5, 15, 25, 40, 38,  2, 44, 31, 41, 36, 23, 30, 47, 12, 20], 1875.06854618, 1875.06854618, 0.,  0.        , 0.        , 0., 0, 0, 0.)
 (52, [10,  8, 14, 16, 45,  6,  3, 48, 11, 42, 46, 39, 35, 37, 10,  7, 19, 22, 16, 34,  9, 43, 21, 32, 26, 18, 17, 27, 28,  4, 14,  1, 33, 20, 13,  8, 29,  5, 15, 25, 40, 38,  2, 44, 31, 41, 36, 23, 30, 47, 12, 24], 1876.52074707, 1867.23895871, 0.,  4.64089418, 0.        , 0., 0, 0, 0.)
 (52, [10, 11, 14, 13, 45,  6,  3, 48, 11, 42, 46, 39, 35, 37, 10,  7, 19, 22, 27, 34, 20, 43, 21, 32, 26, 18, 17, 16, 28,  4, 14,  1, 33,  9, 13,  8, 29,  5, 15, 25, 40, 38,  2, 44, 31, 41, 36, 23, 30, 47, 12, 24], 1914.5331186 , 1905.25133024, 0.,  4.64089418, 0.        , 0., 0, 0, 0.)
 (52, [10, 10, 13, 15, 45,  6,  3, 48, 11, 16, 46, 39, 35, 37, 10,  7, 19, 22, 27, 34,  9, 43, 21, 32, 26, 18, 17, 42, 28,  4, 14,  1, 33, 30, 20, 13,  8, 29,  5, 15, 25, 40, 38,  2, 44, 31, 41, 36, 23, 47, 12, 24], 1925.77199844, 1916.49021008, 0.,  4.64089418, 0.        , 0., 0, 0, 0.)
 (52, [12, 10, 13, 13, 45,  6,  3, 48, 11,  1, 46, 39, 35, 37, 10,  7, 19, 22, 27, 34,  9, 43, 21, 32, 26, 18, 17, 16, 28,  4, 14, 42, 33, 20, 13,  8, 29,  5, 15, 25, 40, 38,  2, 44, 31, 41, 36, 23, 30, 47, 12, 24], 1927.71779362, 1918.43600526, 0.,  4.64089418, 0.        , 0., 0, 0, 0.)
 (52, [10,  9, 14, 15,  6, 41, 48, 11, 42, 46, 39, 35, 37, 10,  7, 45, 19, 22, 27, 34,  9, 43, 21, 32, 26, 18, 17, 16, 28,  4, 14,  1, 33, 20, 13,  8, 29,  5, 15, 25, 40, 38,  2, 44, 31,  3, 36, 12, 30, 47, 23, 24], 1959.20749993, 1949.92571158, 0.,  4.64089418, 0.        , 0., 0, 0, 0.)
 (52, [10, 10, 14, 14, 45,  6, 18, 48, 11, 42, 46, 39, 35, 37, 10,  7, 19, 22, 27, 34,  9, 43, 21, 32, 26,  3, 17, 16, 28,  4, 14,  1, 33, 25, 20, 13,  8, 29,  5, 15, 40, 38,  2, 44, 31, 41, 36, 23, 30, 47, 12, 24], 2033.41158039, 2024.12979203, 0.,  4.64089418, 0.        , 0., 0, 0, 0.)
 (52, [10, 10, 14, 14, 23,  6,  3, 38, 42, 46, 39, 12, 37,  7, 19, 45, 22, 27, 10, 34,  9, 43, 21, 32, 26, 18, 17, 16, 28,  4, 11, 35, 14,  1, 33, 20, 13,  8, 29,  5, 15, 25, 40, 48,  2, 44, 31, 41, 36, 30, 47, 24], 2164.81100521, 2305.61341995, 0.,  4.64089418, 0.56448547, 0., 0, 0, 0.)]