
Total Runtime in seconds: 322.60222697257996Parameters:
population_size: 50, max_generations: 150, executed generations: 149, threshold_no_improvement: 75
target feasible proportion: 12
fitness_scaling: power_rank, selection_method: n_tournaments
p_c: 0.9, p_m: 0.0, NOT YET p_education: 0.0
tournament_size: 2, n_elite: 8
survivor_selection_step: 10, p_selection_survival: 0.7
kill clone step: 5
diversify_step: 20, diversify_step: 20, p_diversify_survival: 0.3
n_closest_neighbors: 3, diversity_weight: 0.5, distance_method: broken_pairs_distance
capacity_penalty_factor: 2, duration_penalty_factor 2, time_window_penalty: 2
Best fitness all generations, best individual before/after local search: 1113.9537447891776, 1117.5468490487615 / 1117.5468490487615
Best individual found before local search: (40, [10,  9, 16, 13,  7, 41, 31, 44, 32,  9, 42, 46, 35, 37, 22, 34, 10, 45,  6, 27,  3, 48, 11, 33, 20, 13,  8, 29,  5, 16, 28,  4, 19, 14,  1, 36, 26, 18, 17, 39, 43, 47, 24, 12, 21, 38, 40,  2, 15, 25, 23, 30], 1117.54684905, 1157.82031925, 0., 0., 0., 0., 1, 50, 26.)
Best individual found after local search: (40, [10,  9, 16, 13,  7, 41, 31, 44, 32,  9, 42, 46, 35, 37, 22, 34, 10, 45,  6, 27,  3, 48, 11, 33, 20, 13,  8, 29,  5, 16, 28,  4, 19, 14,  1, 36, 26, 18, 17, 39, 43, 47, 24, 12, 21, 38, 40,  2, 15, 25, 23, 30], 1117.54684905, 1157.82031925, 0., 0., 0., 0., 1, 50, 26.)
Best feasible individual found: (40, [10,  9, 16, 13,  7, 41, 31, 44, 32,  9, 42, 46, 35, 37, 22, 34, 10, 45,  6, 27,  3, 48, 11, 33, 20, 13,  8, 29,  5, 16, 28,  4, 19, 14,  1, 36, 26, 18, 17, 39, 43, 47, 24, 12, 21, 38, 40,  2, 15, 25, 23, 30], 1117.54684905, 1157.82031925, 0., 0., 0., 0., 1, 50, 26.)

Fitness stats min: [1187.60703506 1153.79803705 1153.79803705 1153.79803705 1133.3512368
 1133.3512368  1133.3512368  1117.54684905 1117.54684905 1117.54684905
 1117.54684905 1117.54684905 1117.54684905 1117.54684905 1117.54684905
 1117.54684905 1117.54684905 1117.54684905 1117.54684905 1117.54684905
 1117.54684905 1117.54684905 1117.54684905 1117.54684905 1113.95374479
 1117.54684905 1117.54684905 1117.54684905 1117.54684905 1117.54684905
 1117.54684905 1117.54684905 1117.54684905 1117.54684905 1117.54684905
 1117.54684905 1117.54684905 1117.54684905 1117.54684905 1117.54684905
 1117.54684905 1117.54684905 1117.54684905 1117.54684905 1117.54684905
 1117.54684905 1117.54684905 1117.54684905 1117.54684905 1117.54684905
 1117.54684905 1117.54684905 1117.54684905 1117.54684905 1117.54684905
 1117.54684905 1117.54684905 1117.54684905 1117.54684905 1117.54684905
 1117.54684905 1117.54684905 1117.54684905 1117.54684905 1117.54684905
 1117.54684905 1117.54684905 1117.54684905 1117.54684905 1117.54684905
 1117.54684905 1117.54684905 1117.54684905 1117.54684905 1117.54684905
 1117.54684905 1117.54684905 1117.54684905 1117.54684905 1117.54684905
 1117.54684905 1117.54684905 1117.54684905 1117.54684905 1117.54684905
 1117.54684905 1117.54684905 1117.54684905 1117.54684905 1117.54684905
 1117.54684905 1117.54684905 1117.54684905 1117.54684905 1117.54684905
 1117.54684905 1117.54684905 1117.54684905 1117.54684905 1117.54684905
 1117.54684905 1117.54684905 1117.54684905 1117.54684905 1117.54684905
 1117.54684905 1117.54684905 1117.54684905 1117.54684905 1117.54684905
 1117.54684905 1117.54684905 1117.54684905 1117.54684905 1117.54684905
 1117.54684905 1117.54684905 1117.54684905 1117.54684905 1117.54684905
 1117.54684905 1117.54684905 1117.54684905 1117.54684905 1117.54684905
 1117.54684905 1117.54684905 1117.54684905 1117.54684905 1117.54684905
 1117.54684905 1117.54684905 1117.54684905 1117.54684905 1117.54684905
 1117.54684905 1117.54684905 1117.54684905 1117.54684905 1117.54684905
 1117.54684905 1117.54684905 1117.54684905 1117.54684905 1117.54684905
 1117.54684905 1117.54684905 1117.54684905 1117.54684905 1117.54684905] 

Fitness stats feasible min: [1187.60703506 1153.79803705 1153.79803705 1153.79803705 1133.3512368
 1133.3512368  1133.3512368  1117.54684905 1117.54684905 1117.54684905
 1117.54684905 1117.54684905 1117.54684905 1117.54684905 1117.54684905
 1117.54684905 1117.54684905 1117.54684905 1117.54684905 1117.54684905
 1117.54684905 1117.54684905 1117.54684905 1117.54684905 1113.95374479
 1117.54684905 1117.54684905 1117.54684905 1117.54684905 1117.54684905
 1117.54684905 1117.54684905 1117.54684905 1117.54684905 1117.54684905
 1117.54684905 1117.54684905 1117.54684905 1117.54684905 1117.54684905
 1117.54684905 1117.54684905 1117.54684905 1117.54684905 1117.54684905
 1117.54684905 1117.54684905 1117.54684905 1117.54684905 1117.54684905
 1117.54684905 1117.54684905 1117.54684905 1117.54684905 1117.54684905
 1117.54684905 1117.54684905 1117.54684905 1117.54684905 1117.54684905
 1117.54684905 1117.54684905 1117.54684905 1117.54684905 1117.54684905
 1117.54684905 1117.54684905 1117.54684905 1117.54684905 1117.54684905
 1117.54684905 1117.54684905 1117.54684905 1117.54684905 1117.54684905
 1117.54684905 1117.54684905 1117.54684905 1117.54684905 1117.54684905
 1117.54684905 1117.54684905 1117.54684905 1117.54684905 1117.54684905
 1117.54684905 1117.54684905 1117.54684905 1117.54684905 1117.54684905
 1117.54684905 1117.54684905 1117.54684905 1117.54684905 1117.54684905
 1117.54684905 1117.54684905 1117.54684905 1117.54684905 1117.54684905
 1117.54684905 1117.54684905 1117.54684905 1117.54684905 1117.54684905
 1117.54684905 1117.54684905 1117.54684905 1117.54684905 1117.54684905
 1117.54684905 1117.54684905 1117.54684905 1117.54684905 1117.54684905
 1117.54684905 1117.54684905 1117.54684905 1117.54684905 1117.54684905
 1117.54684905 1117.54684905 1117.54684905 1117.54684905 1117.54684905
 1117.54684905 1117.54684905 1117.54684905 1117.54684905 1117.54684905
 1117.54684905 1117.54684905 1117.54684905 1117.54684905 1117.54684905
 1117.54684905 1117.54684905 1117.54684905 1117.54684905 1117.54684905
 1117.54684905 1117.54684905 1117.54684905 1117.54684905 1117.54684905
 1117.54684905 1117.54684905 1117.54684905 1117.54684905 1117.54684905] 

Fitness stats avg: [1462.09191919 1417.71865478 1365.32516904 1277.50493286 1215.30526534
 1330.97640159 1228.93054194 1169.12454201 1157.01970401 1137.74379016
 1831.08400536 1271.73525416 1144.73224767 1117.71011036 1117.71011036
 3721.75684751 3428.52467139 2907.95987736 2211.95395021 1639.71242495
 2820.42944968 1744.05105521 1369.63612649 1206.9452067  1132.51986811
 3604.07219999 2816.70015563 2016.20156252 1775.68413868 1545.57415544
 2712.38885606 1939.25881542 1453.3401296  1312.83120566 1156.83870152
 3565.5042743  3123.04171146 2600.79104461 2110.70803609 1708.73545021
 3008.8786109  2308.50333819 1725.97664622 1451.55786255 1310.52150409
 2704.69806071 2008.50941936 1642.53600284 1343.77713225 1164.29282566
 1843.31360697 1189.46381154 1132.18987506 1125.12152233 1119.32959509
 3726.17396322 3236.55580551 2539.33115667 1874.75772316 1490.02017537
 2378.04653057 1453.10769998 1330.26543116 1238.34827372 1128.74140087
 3578.66936934 3068.49601414 2572.76992122 2195.43422684 1788.63288909
 2887.954318   2187.57549843 1575.07279722 1315.63973329 1150.97897282
 3323.15065188 2549.07282192 1912.88209692 1560.99378634 1375.27075489
 2750.00195328 1750.14053058 1325.76869193 1212.78155968 1130.94811261
 3548.59402267 3135.05117796 2494.36113655 1968.92503814 1457.57981796
 2263.30892732 1421.15373656 1195.27769001 1119.59364447 1119.02151185
 3427.0252447  2832.02511554 2231.04907997 1566.04997811 1270.33361323
 1711.89128832 1182.85274633 1118.27061727 1118.27061727 1118.27061727
 3574.89237747 2821.89422978 2279.10038074 1746.30901997 1375.00375288
 2015.87462098 1320.97593982 1149.63862125 1118.92370684 1117.54684905
 3634.57193981 3209.63370683 2524.61057761 1931.4084696  1543.48184447
 2710.74243069 1810.9101824  1404.44347606 1131.18242589 1118.80442273
 3671.90106964 3283.6606628  2784.78082984 2373.61493637 1914.2761155
 2955.1651882  2190.24593582 1637.88607871 1351.31143193 1252.12269529
 2352.49404918 1733.27478872 1365.78770709 1177.39660532 1124.79519121
 1984.13747014 1300.72375119 1128.35073572 1125.6781955  1125.6781955
 3452.43730222 2615.31359076 1925.44972229 1507.53172345 1212.70499084] 

Feasible stats: [( 0., 50.) ( 0., 50.) (39., 11.) (39., 11.) (37., 13.) (37., 13.)
 (44.,  6.) (44.,  6.) (38., 12.) (38., 12.) (42.,  8.) (42.,  8.)
 (46.,  4.) (46.,  4.) (49.,  1.) (49.,  1.) (15., 35.) (15., 35.)
 (26., 24.) (26., 24.) (36., 14.) (36., 14.) (32., 18.) (32., 18.)
 (48.,  2.) (48.,  2.) (18., 32.) (18., 32.) (35., 15.) (35., 15.)
 (40., 10.) (40., 10.) (33., 17.) (33., 17.) (47.,  3.) (47.,  3.)
 (11., 39.) (11., 39.) (23., 27.) (23., 27.) (38., 12.) (38., 12.)
 (23., 27.) (23., 27.) (42.,  8.) (42.,  8.) (23., 27.) (23., 27.)
 (39., 11.) (39., 11.) (50.,  0.) (50.,  0.) (48.,  2.) (48.,  2.)
 (50.,  0.) (50.,  0.) (13., 37.) (13., 37.) (18., 32.) (18., 32.)
 (37., 13.) (37., 13.) (44.,  6.) (44.,  6.) (50.,  0.) (50.,  0.)
 (11., 39.) (11., 39.) (25., 25.) (25., 25.) (39., 11.) (39., 11.)
 (24., 26.) (24., 26.) (46.,  4.) (46.,  4.) (12., 38.) (12., 38.)
 (24., 26.) (24., 26.) (37., 13.) (37., 13.) (19., 31.) (19., 31.)
 (32., 18.) (32., 18.) (14., 36.) (14., 36.) (27., 23.) (27., 23.)
 (48.,  2.) (48.,  2.) (46.,  4.) (46.,  4.) (50.,  0.) (50.,  0.)
 (11., 39.) (11., 39.) (23., 27.) (23., 27.) (48.,  2.) (48.,  2.)
 (50.,  0.) (50.,  0.) (49.,  1.) (49.,  1.) (17., 33.) (17., 33.)
 (26., 24.) (26., 24.) (42.,  8.) (42.,  8.) (47.,  3.) (47.,  3.)
 (50.,  0.) (50.,  0.) (17., 33.) (17., 33.) (23., 27.) (23., 27.)
 (38., 12.) (38., 12.) (35., 15.) (35., 15.) (49.,  1.) (49.,  1.)
 ( 8., 42.) ( 8., 42.) (21., 29.) (21., 29.) (32., 18.) (32., 18.)
 (26., 24.) (26., 24.) (45.,  5.) (45.,  5.) (24., 26.) (24., 26.)
 (40., 10.) (40., 10.) (49.,  1.) (49.,  1.) (45.,  5.) (45.,  5.)
 (49.,  1.) (49.,  1.) (12., 38.) (12., 38.) (28., 22.) (28., 22.)] 
Solution Description: 
p: [  0.          17.53554117  47.19996294  62.30053615  65.88026605
  65.92539359 100.47267296 150.80322505 212.26822432 213.37332578
 215.62221757   0.          24.42432263  43.10170885  46.65486999
  57.82812628  97.13902742 123.69930729 138.71301667 147.86729141
 149.7330236    0.          99.95365842 100.22060363 169.54064754
 170.29374666 170.96206844 187.84009958 188.01651237 217.57494379
 250.29912106 334.1757395  334.63619243 344.20284148 384.47631168
 409.83091081 440.00401272 492.17537356   0.          26.15383911
  54.45601392 100.17930899 106.990564   117.96757294 131.65766839
 144.3222645  178.9701724  189.48118624 227.40797842 241.35820943
 250.5235971  260.01623432] 
pred: [ 0  0  0  0  0  0  5  5  5  5  5  0  0  1  1  1  1  1  1  1  1  0  0  0
  0  0  0  0  0  7  7  7  7  7  7 12 12 12  0  0  0  2  2  2  2  2  2  8
  8  8  8  8] 
distance [  0.          17.53554117  47.19996294  62.30053615  65.88026605
  65.92539359  34.54727937  84.87783147 146.34283074 147.44793219
 149.69682399   0.          24.42432263  18.67738622  22.23054736
  33.40380365  72.71470479  99.27498465 114.28869404 123.44296878
 125.30870097   0.          99.95365842 100.22060363 169.54064754
 170.29374666 170.96206844 187.84009958 188.01651237  29.55843142
  62.28260869 146.15922713 146.61968006 156.18632911 196.45979931
  65.62806933  95.80117124 147.97253208   0.          26.15383911
  54.45601392  45.72329507  52.53455008  63.51155902  77.20165447
  89.86625057 124.51415848  10.51101384  48.43780602  62.38803703
  71.55342471  81.04606192]
load: [  0  13  21  31  34  50  13  35  54  68  79   0  21  22  40  65  70  86
 102 112 119   0  19  35  44  64  84  96 121   9  14  17  26  38  48  16
  33  38   0  13  37  21  40  46  71  86 101   8  12  26  40  53] 
time: [  0.         170.         203.         228.39224704 244.56663558
 456.          80.         115.34683757 171.22731303 252.33358633
 322.           0.         371.         182.         195.18455016
 202.9955528  231.80134413 398.         440.23624841 473.3964008
 510.10459224   0.          72.         192.         241.20298871
 268.20115563 282.44169868 317.         446.         257.
 279.90630276 345.84518954 414.06688705 441.06764997 477.83410975
 357.24520703 434.         475.95303324   0.         207.
 459.         115.         308.         325.46934669 414.
 443.         485.92676098 121.         226.         329.
 378.         422.56770213] 
time warps: [0 0 0 0 0 0 0 0 0 0 0 0 0 0 0 0 0 0 0 0 0 0 0 0 0 0 0 0 0 0 0 0 0 0 0 0 0
 0 0 0 0 0 0 0 0 0 0 0 0 0 0 0] 
duration: [  0.          23.53554117  73.83796245  95.93853566 103.51826556
 311.61049336  41.54727937 116.87783147 195.34283074 200.44793219
 269.41539141   0.          47.42432263  24.67738622  29.23054736
  49.40380365 105.71470479 284.97668402 320.99039341 347.14466815
 353.01040033   0.         120.95365842 214.42823731 285.74828122
 291.50138034 300.16970212 332.70578374 447.51118491  35.55843142
  92.28260869 189.15922713 205.61968006 217.18632911 270.45979931
  80.62806933 184.45345617 239.62481701   0.          48.15383911
 315.00222923  55.72329507 251.32425496 272.3012639  360.05582284
 403.26861412 455.91652202  17.51101384 155.03431469 244.72426381
 305.6796988  325.17233601]

All individuals: [(40, [10,  9, 16, 13,  7, 41, 31, 44, 32,  9, 42, 46, 35, 37, 22, 34, 10, 45,  6, 27,  3, 48, 11, 33, 20, 13,  8, 29,  5, 16, 28,  4, 19, 14,  1, 36, 26, 18, 17, 39, 43, 47, 24, 12, 21, 38, 40,  2, 15, 25, 23, 30], 1117.54684905, 1157.82031925, 0., 0.        , 0.,  0.        ,  1, 50, 26. )
 (48, [13, 12, 11, 12,  8, 33, 11, 10, 16, 48,  5,  1, 17,  7, 30, 43, 14, 32, 40, 37, 25, 21, 18, 34, 12, 44, 42, 22, 36, 41, 47,  2,  4,  9,  3, 28, 19, 29, 15, 31, 38, 20,  6, 46, 45, 24, 39, 23, 26, 27, 35, 13], 1117.54684905, 1157.82031925, 0., 0.        , 0.,  0.        ,  2, 49, 26.5)
 (40, [10,  9, 16, 13,  7, 41, 31, 44, 32,  9, 42, 46, 35, 37, 22, 34, 10, 45,  6, 27,  3, 48, 11, 33, 20, 13,  8, 29,  5, 16, 28,  4, 19, 14,  1, 36, 26, 18, 17, 39, 43, 47, 24, 12, 21, 38, 40,  2, 15, 25, 23, 30], 1117.54684905, 1157.82031925, 0., 0.        , 0.,  0.        , 11, 40, 31. )
 (40, [10,  9, 16, 13,  7, 41, 31, 44, 32,  9, 42, 46, 35, 37, 22, 34, 10, 45,  6, 27,  3, 48, 11, 33, 20, 13,  8, 29,  5, 16, 28,  4, 19, 14,  1, 36, 26, 18, 17, 39, 43, 47, 24, 12, 21, 38, 40,  2, 15, 25, 23, 30], 1117.54684905, 1157.82031925, 0., 0.        , 0.,  0.        , 12, 39, 31.5)
 (40, [10,  9, 16, 13,  7, 41, 31, 44, 32,  9, 42, 46, 35, 37, 22, 34, 10, 45,  6, 27,  3, 48, 11, 33, 20, 13,  8, 29,  5, 16, 28,  4, 19, 14,  1, 36, 26, 18, 17, 39, 43, 47, 24, 12, 21, 38, 40,  2, 15, 25, 23, 30], 1117.54684905, 1157.82031925, 0., 0.        , 0.,  0.        , 13, 38, 32. )
 (40, [10,  9, 16, 13,  7, 41, 31, 44, 32,  9, 42, 46, 35, 37, 22, 34, 10, 45,  6, 27,  3, 48, 11, 33, 20, 13,  8, 29,  5, 16, 28,  4, 19, 14,  1, 36, 26, 18, 17, 39, 43, 47, 24, 12, 21, 38, 40,  2, 15, 25, 23, 30], 1117.54684905, 1157.82031925, 0., 0.        , 0.,  0.        , 14, 37, 32.5)
 (40, [10,  9, 16, 13,  7, 41, 31, 44, 32,  9, 42, 46, 35, 37, 22, 34, 10, 45,  6, 27,  3, 48, 11, 33, 20, 13,  8, 29,  5, 16, 28,  4, 19, 14,  1, 36, 26, 18, 17, 39, 43, 47, 24, 12, 21, 38, 40,  2, 15, 25, 23, 30], 1117.54684905, 1157.82031925, 0., 0.        , 0.,  0.        , 15, 36, 33. )
 (40, [10,  9, 16, 13,  7, 41, 31, 44, 32,  9, 42, 46, 35, 37, 22, 34, 10, 45,  6, 27,  3, 48, 11, 33, 20, 13,  8, 29,  5, 16, 28,  4, 19, 14,  1, 36, 26, 18, 17, 39, 43, 47, 24, 12, 21, 38, 40,  2, 15, 25, 23, 30], 1117.54684905, 1157.82031925, 0., 0.        , 0.,  0.        , 16, 35, 33.5)
 (40, [10,  9, 16, 13,  7, 41, 31, 44, 32,  9, 42, 46, 35, 37, 22, 34, 10, 45,  6, 27,  3, 48, 11, 33, 20, 13,  8, 29,  5, 16, 28,  4, 19, 14,  1, 36, 26, 18, 17, 39, 43, 47, 24, 12, 21, 38, 40,  2, 15, 25, 23, 30], 1117.54684905, 1157.82031925, 0., 0.        , 0.,  0.        , 20, 28, 34. )
 (40, [10,  9, 16, 13,  7, 41, 31, 44, 32,  9, 42, 46, 35, 37, 22, 34, 10, 45,  6, 27,  3, 48, 11, 33, 20, 13,  8, 29,  5, 16, 28,  4, 19, 14,  1, 36, 26, 18, 17, 39, 43, 47, 24, 12, 21, 38, 40,  2, 15, 25, 23, 30], 1117.54684905, 1157.82031925, 0., 0.        , 0.,  0.        ,  9, 42, 30. )
 (40, [10,  9, 16, 13,  7, 41, 31, 44, 32,  9, 42, 46, 35, 37, 22, 34, 10, 45,  6, 27,  3, 48, 11, 33, 20, 13,  8, 29,  5, 16, 28,  4, 19, 14,  1, 36, 26, 18, 17, 39, 43, 47, 24, 12, 21, 38, 40,  2, 15, 25, 23, 30], 1117.54684905, 1157.82031925, 0., 0.        , 0.,  0.        , 17, 34, 34. )
 (40, [10,  9, 16, 13,  7, 41, 31, 44, 32,  9, 42, 46, 35, 37, 22, 34, 10, 45,  6, 27,  3, 48, 11, 33, 20, 13,  8, 29,  5, 16, 28,  4, 19, 14,  1, 36, 26, 18, 17, 39, 43, 47, 24, 12, 21, 38, 40,  2, 15, 25, 23, 30], 1117.54684905, 1157.82031925, 0., 0.        , 0.,  0.        , 18, 33, 34.5)
 (40, [10,  9, 16, 13,  7, 41, 31, 44, 32,  9, 42, 46, 35, 37, 22, 34, 10, 45,  6, 27,  3, 48, 11, 33, 20, 13,  8, 29,  5, 16, 28,  4, 19, 14,  1, 36, 26, 18, 17, 39, 43, 47, 24, 12, 21, 38, 40,  2, 15, 25, 23, 30], 1117.54684905, 1157.82031925, 0., 0.        , 0.,  0.        ,  1, 50, 26. )
 (36, [12, 11, 16,  9, 28, 45, 43, 18,  3, 37, 44, 40, 24, 13, 41, 33, 31, 27, 19, 42,  9, 26,  6, 10,  1, 25, 20, 46, 38, 47, 34, 12,  7, 11,  8, 17, 23,  4, 21, 15, 30, 22, 32, 48, 35, 16,  2,  5, 36, 39, 14, 29], 1117.54684905, 1157.82031925, 0., 0.        , 0.,  0.        , 10, 41, 30.5)
 (37, [11, 10, 15, 12, 12, 11, 20,  8, 39, 21,  2, 35,  9, 44, 23, 45, 14, 32, 26, 19, 34, 42,  5,  3,  1, 43, 47, 46, 36, 37, 16,  7, 10, 28, 41, 38, 30, 15, 31, 25, 24, 33, 18, 13, 40,  4, 27,  6, 48, 17, 22, 29], 1117.54684905, 1157.82031925, 0., 0.        , 0.,  0.        , 11, 40, 31. )
 (41, [13, 11, 12, 12, 41, 31, 32, 28, 23, 13,  6, 18, 29, 20, 25, 26,  3, 15,  4,  7, 48, 14, 33, 11,  8, 27, 30, 39, 22, 35, 37, 21, 24, 10, 38, 45, 44,  5,  2, 47, 17, 16, 42, 40, 34, 43, 46, 36,  9, 19, 12,  1], 1117.54684905, 1157.82031925, 0., 0.        , 0.,  0.        , 12, 39, 31.5)
 (42, [11, 10, 15, 12, 43, 23, 25, 36, 42, 33, 37, 28, 39,  7, 10,  5, 20,  9, 47, 34, 31, 24, 26,  4, 15, 17, 16, 41,  2, 14, 13, 19,  6, 38, 35, 29, 11, 30,  3, 22, 32, 45, 44,  1, 46, 18, 27, 40, 48, 21,  8, 12], 1117.54684905, 1157.82031925, 0., 0.        , 0.,  0.        , 13, 38, 32. )
 (43, [ 9, 12, 13, 14,  4, 44, 28, 29, 18, 23, 47, 39, 12, 27, 21, 33, 37,  5, 36,  6, 34,  9, 26, 31, 48, 41, 24, 46, 17,  8,  3, 32, 10, 20, 25, 35,  1, 43, 42,  2, 16, 40, 11,  7, 15, 14, 38, 30, 22, 19, 13, 45], 1117.54684905, 1157.82031925, 0., 0.        , 0.,  0.        , 14, 37, 32.5)
 (44, [12, 12, 12, 12, 30, 37, 12, 33, 29, 17, 24, 26,  2, 36, 27, 18, 13, 48,  1,  9, 10,  5, 25, 47, 43, 31, 20, 38,  7,  4,  3, 23, 40, 22, 21, 11, 39, 45, 46,  6, 14,  8, 34, 15, 35, 28, 32, 42, 41, 19, 16, 44], 1117.54684905, 1157.82031925, 0., 0.        , 0.,  0.        , 15, 36, 33. )
 (40, [10,  9, 16, 13,  7, 41, 31, 44, 32,  9, 42, 46, 35, 37, 22, 34, 10, 45,  6, 27,  3, 48, 11, 33, 20, 13,  8, 29,  5, 16, 28,  4, 19, 14,  1, 36, 26, 18, 17, 39, 43, 47, 24, 12, 21, 38, 40,  2, 15, 25, 23, 30], 1117.54684905, 1157.82031925, 0., 0.        , 0.,  0.        , 21, 27, 34.5)
 (40, [10,  9, 16, 13,  7, 41, 31, 44, 32,  9, 42, 46, 35, 37, 22, 34, 10, 45,  6, 27,  3, 48, 11, 33, 20, 13,  8, 29,  5, 16, 28,  4, 19, 14,  1, 36, 26, 18, 17, 39, 43, 47, 24, 12, 21, 38, 40,  2, 15, 25, 23, 30], 1117.54684905, 1157.82031925, 0., 0.        , 0.,  0.        ,  8, 43, 29.5)
 (40, [10,  9, 16, 13,  7, 41, 31, 44, 32,  9, 42, 46, 35, 37, 22, 34, 10, 45,  6, 27,  3, 48, 11, 33, 20, 13,  8, 29,  5, 16, 28,  4, 19, 14,  1, 36, 26, 18, 17, 39, 43, 47, 24, 12, 21, 38, 40,  2, 15, 25, 23, 30], 1117.54684905, 1157.82031925, 0., 0.        , 0.,  0.        , 10, 41, 30.5)
 (40, [10,  9, 16, 13,  7, 41, 31, 44, 32,  9, 42, 46, 35, 37, 22, 34, 10, 45,  6, 27,  3, 48, 11, 33, 20, 13,  8, 29,  5, 16, 28,  4, 19, 14,  1, 36, 26, 18, 17, 39, 43, 47, 24, 12, 21, 38, 40,  2, 15, 25, 23, 30], 1117.54684905, 1157.82031925, 0., 0.        , 0.,  0.        ,  6, 45, 28.5)
 (40, [10,  9, 16, 13,  7, 41, 31, 44, 32,  9, 42, 46, 35, 37, 22, 34, 10, 45,  6, 27,  3, 48, 11, 33, 20, 13,  8, 29,  5, 16, 28,  4, 19, 14,  1, 36, 26, 18, 17, 39, 43, 47, 24, 12, 21, 38, 40,  2, 15, 25, 23, 30], 1117.54684905, 1157.82031925, 0., 0.        , 0.,  0.        ,  5, 46, 28. )
 (40, [10,  9, 16, 13,  7, 41, 31, 44, 32,  9, 42, 46, 35, 37, 22, 34, 10, 45,  6, 27,  3, 48, 11, 33, 20, 13,  8, 29,  5, 16, 28,  4, 19, 14,  1, 36, 26, 18, 17, 39, 43, 47, 24, 12, 21, 38, 40,  2, 15, 25, 23, 30], 1117.54684905, 1157.82031925, 0., 0.        , 0.,  0.        ,  4, 47, 27.5)
 (40, [10,  9, 16, 13,  7, 41, 31, 44, 32,  9, 42, 46, 35, 37, 22, 34, 10, 45,  6, 27,  3, 48, 11, 33, 20, 13,  8, 29,  5, 16, 28,  4, 19, 14,  1, 36, 26, 18, 17, 39, 43, 47, 24, 12, 21, 38, 40,  2, 15, 25, 23, 30], 1117.54684905, 1157.82031925, 0., 0.        , 0.,  0.        ,  3, 48, 27. )
 (40, [10,  9, 16, 13,  7, 41, 31, 44, 32,  9, 42, 46, 35, 37, 22, 34, 10, 45,  6, 27,  3, 48, 11, 33, 20, 13,  8, 29,  5, 16, 28,  4, 19, 14,  1, 36, 26, 18, 17, 39, 43, 47, 24, 12, 21, 38, 40,  2, 15, 25, 23, 30], 1117.54684905, 1157.82031925, 0., 0.        , 0.,  0.        ,  2, 49, 26.5)
 (40, [10,  9, 16, 13,  7, 41, 31, 44, 32,  9, 42, 46, 35, 37, 22, 34, 10, 45,  6, 27,  3, 48, 11, 33, 20, 13,  8, 29,  5, 16, 28,  4, 19, 14,  1, 36, 26, 18, 17, 39, 43, 47, 24, 12, 21, 38, 40,  2, 15, 25, 23, 30], 1117.54684905, 1157.82031925, 0., 0.        , 0.,  0.        ,  7, 44, 29. )
 (45, [12, 14, 12, 10, 22, 17, 13, 46, 34, 48, 12,  7, 16, 44, 45, 39,  5,  1, 30, 29, 38, 23, 21,  3, 35, 10, 26,  9, 42, 11, 33,  8, 14, 18, 43, 40, 19, 37, 27, 28, 36, 25,  6,  2, 24, 41, 20, 31, 47, 32, 15,  4], 1152.27771129, 1192.55118149, 0., 0.        , 0.,  5.33333333, 35,  9, 39.5)
 (45, [12, 14, 12, 10, 22, 17, 13, 46, 34, 48, 12,  7, 16, 44, 45, 39,  5,  1, 30, 29, 38, 23, 21,  3, 35, 10, 26,  9, 42, 11, 33,  8, 14, 18, 43, 40, 19, 37, 27, 28, 36, 25,  6,  2, 24, 41, 20, 31, 47, 32, 15,  4], 1152.27771129, 1192.55118149, 0., 0.        , 0.,  5.33333333, 35,  9, 39.5)
 (40, [10,  9, 16, 13,  7, 41, 31, 44, 32,  9, 42, 46, 35, 37, 22, 34, 10,  3, 45,  6, 27, 48, 11, 33, 20, 13,  8, 29,  5, 16, 28,  4, 19, 14,  1, 36, 26, 18, 17, 39, 43, 47, 24, 12, 21, 38, 40,  2, 15, 25, 23, 30], 1181.56571686, 1221.83918706, 0., 0.        , 0.,  1.        , 33, 16, 41. )
 (39, [13, 10, 12, 13, 27, 17, 30,  7, 42, 18, 26, 16, 21, 22, 14,  2, 24,  4, 37, 32, 36, 44, 31,  5, 15, 33, 43,  8, 41, 20, 29, 47, 10, 34,  6, 12, 19,  9,  1, 28,  3, 40, 13, 46, 25, 35, 48, 38, 45, 23, 39, 11], 1181.56571686, 1221.83918706, 0., 0.        , 0.,  1.        , 31, 15, 38.5)
 (38, [11, 13, 10, 14, 40, 16, 38,  1, 27, 20, 35, 34, 26, 14, 19, 29,  2,  7, 18,  8, 33, 47, 36, 23, 31, 17, 22,  4, 12,  3, 48,  9, 24, 43, 21, 42, 37, 13, 44, 28, 11, 15, 25, 32,  6, 46, 30,  5, 10, 39, 45, 41], 1221.90546352, 1262.17893372, 0., 0.        , 0.,  3.33333333, 34, 12, 40. )
 (38, [11, 13, 10, 14, 40, 16, 38,  1, 27, 20, 35, 34, 26, 14, 19, 29,  2,  7, 18,  8, 33, 47, 36, 23, 31, 17, 22,  4, 12,  3, 48,  9, 24, 43, 21, 42, 37, 13, 44, 28, 11, 15, 25, 32,  6, 46, 30,  5, 10, 39, 45, 41], 1221.90546352, 1262.17893372, 0., 0.        , 0.,  3.33333333, 34, 12, 40. )
 (49, [12, 11, 12, 13,  2, 41, 42, 18,  7, 16, 31, 12, 35, 32, 46, 10, 28, 29, 37, 36, 20,  6,  3, 44, 43, 24, 48, 30, 17, 38,  1, 39, 11, 47, 45, 14, 40, 13, 33, 23, 21, 15, 34,  8, 25, 26, 27,  9,  4, 19, 22,  5], 1272.37604169, 1333.54383561, 0., 0.        , 0.,  9.        , 36,  5, 38.5)
 (49, [12, 11, 12, 13,  2, 41, 42, 18,  7, 16, 31, 12, 35, 32, 46, 10, 28, 29, 37, 36, 20,  6,  3, 44, 43, 24, 48, 30, 17, 38,  1, 39, 11, 47, 45, 14, 40, 13, 33, 23, 21, 15, 34,  8, 25, 26, 27,  9,  4, 19, 22,  5], 1272.37604169, 1333.54383561, 0., 0.        , 0.,  9.        , 36,  5, 38.5)
 (40, [10,  9, 16, 13,  7, 41, 31, 44, 32,  9, 42, 46, 35, 37, 22, 34, 10,  3, 45,  6, 27, 48, 11, 33, 20, 13,  8, 29,  5, 16, 28,  4, 19, 14,  1, 36, 26, 18, 17, 39, 43, 47, 24, 12, 21, 25,  2, 15, 38, 40, 23, 30], 1285.92433133, 1326.19780153, 0., 0.        , 0.,  2.33333333, 38, 13, 44.5)
 (40, [10, 10, 15, 13,  7, 41, 31, 44, 32,  9, 42, 46, 35, 37, 22, 34, 10, 45,  6, 27,  3, 48, 11, 33, 20, 13,  8, 29,  5, 16, 28,  4, 19, 14,  1, 36, 26, 18, 17, 39, 43, 47, 24, 12, 21, 38, 40,  2, 15, 25, 23, 30], 1297.45928469, 1337.73275489, 0., 0.        , 0.,  0.66666667, 39, 19, 48.5)
 (46, [11, 11, 13, 13, 34, 43, 15, 25, 10, 44,  4, 28, 23, 17, 12, 46, 21, 27, 14,  2, 42,  7, 45, 30, 18,  1, 35, 16, 20, 13,  9, 39, 32, 33,  3, 22,  8, 26,  5, 36, 38, 47, 40, 48, 19,  6, 37, 29, 24, 11, 41, 31], 1297.45928469, 1337.73275489, 0., 0.        , 0.,  0.66666667, 40, 18, 49. )
 (47, [12, 10, 15, 11, 43, 39,  4, 47, 45,  6, 26, 16,  7, 41, 38, 12, 32, 31,  5, 29, 27, 44, 15, 18, 22, 10, 25, 23,  8, 34, 35, 37, 42,  3,  2, 30, 11, 40, 28, 24, 20, 14,  1,  9, 13, 33, 17, 46, 48, 36, 19, 21], 1297.45928469, 1337.73275489, 0., 0.        , 0.,  0.66666667, 41, 20, 51. )
 (40, [10,  9, 16, 13,  7, 41, 31, 44, 32,  9, 42, 46, 35, 37, 22, 34, 10, 45,  6, 27,  3, 48, 11, 33, 20, 13,  8, 29,  5, 16, 28,  4, 19, 14,  1, 36, 26, 38, 15, 18, 17, 39, 43, 47, 24, 12, 21, 40,  2, 25, 23, 30], 1369.60123016, 1409.87470036, 0., 0.        , 0.,  4.33333333, 42, 11, 47.5)
 (40, [10, 14, 12, 12,  7, 41, 31, 44, 32,  9, 42, 46, 35, 37, 22, 34, 10, 45,  6, 27,  3, 48, 11, 33, 20, 13,  8, 29,  5, 16, 28,  4, 19, 14,  1, 36, 26, 18, 17, 39, 30, 43, 47, 24, 12, 21, 38, 40,  2, 15, 25, 23], 1414.33095208, 1454.60442228, 0., 0.        , 0., 10.        , 43,  4, 45. )
 (35, [10, 11, 10, 17, 38, 11, 30,  7, 14, 22, 43,  2, 45, 16, 46, 35, 17, 37, 47, 21, 48, 41,  4, 27, 12, 24, 28, 33,  1,  3, 19, 34, 25, 26, 39,  8, 36, 18, 29, 23,  9, 40, 42,  5, 31, 10, 32, 20, 15,  6, 13, 44], 1430.07975341, 1430.07975341, 0., 0.        , 0.,  5.66666667, 44,  8, 48. )
 (40, [ 9, 11, 15, 13,  7, 44, 31, 23, 32,  9, 42, 46, 35, 33, 37, 22, 34, 10, 45,  6, 27,  3, 48, 11, 20, 13,  8, 29,  5, 26, 30, 36, 41,  4, 19, 14, 28,  1, 16,  2, 25, 18, 17, 40, 39, 43, 47, 24, 12, 21, 38, 15], 1445.1707308 , 1445.1707308 , 0., 0.        , 0.,  8.        , 49,  7, 52.5)
 (40, [11,  8, 15, 14,  7, 41, 31, 44, 32,  9, 42, 46, 35, 37, 34, 10, 45,  6, 27,  3, 48, 11, 33, 13,  8, 29, 20, 22,  4, 19, 14, 28,  1, 26,  5, 17, 18, 16, 39, 36, 30, 43, 47, 24, 12, 21, 38, 40,  2, 15, 25, 23], 1500.644739  , 1500.644739  , 0., 0.        , 0., 20.        , 45,  1, 45.5)
 (40, [12, 11, 11, 14, 40, 23,  3, 15, 36, 11, 39, 45, 32, 25, 21, 35, 29, 17,  8, 34,  1, 38, 28,  2, 26,  7, 41, 12, 43, 19,  4, 20,  9, 48, 37,  6, 13, 30, 42, 18, 24, 47, 22, 16, 14, 31, 27, 33, 44, 46, 10,  5], 1507.74321097, 1548.01668117, 0., 0.        , 0.,  9.        , 46,  6, 49. )
 (40, [12, 11, 11, 14, 40, 23,  3, 15, 36, 11, 39, 45, 32, 25, 21, 35, 29, 17,  8, 34,  1, 38, 28,  2, 26,  7, 41, 12, 43, 19,  4, 20,  9, 48, 37,  6, 13, 30, 42, 18, 24, 47, 22, 16, 14, 31, 27, 33, 44, 46, 10,  5], 1507.74321097, 1548.01668117, 0., 0.        , 0.,  9.        , 46,  6, 49. )
 (40, [10,  9, 17, 12,  7, 41, 31, 44, 32,  9, 42, 46, 35, 37, 34, 10, 45,  6, 27,  3, 48, 11, 33, 20, 22, 13,  8, 29,  5, 16, 28,  4, 19, 14,  1, 36, 26, 18, 17, 39, 43, 47, 24, 12, 21, 38, 40,  2, 15, 25, 23, 30], 1566.0782834 , 1606.3517536 , 0., 0.        , 0.,  5.        , 47, 10, 52. )
 (40, [10,  9, 16, 13,  7, 31,  9, 42, 46, 35, 37, 22, 34, 10, 45,  6, 27,  3, 48, 20, 13,  8, 11, 33, 29,  5, 16, 28,  1, 36, 19,  4, 14, 41, 44, 32, 26, 18, 17, 39, 43, 47, 24, 12, 21, 38, 40,  2, 15, 25, 23, 30], 1568.53164345, 1672.93592097, 0., 2.82748862, 0., 12.        , 48,  2, 49. )
 (40, [10, 10, 18, 10,  7, 41, 31, 44, 32,  9, 42, 46, 35, 37, 22, 34, 10, 45,  6, 27,  3, 48, 11, 33, 20, 13,  8, 29,  1, 36, 19,  5, 16, 28,  4, 14, 26, 18, 17, 39, 43, 47, 24, 12, 21, 38, 40,  2, 15, 25, 23, 30], 1651.18064363, 1826.42715421, 0., 0.        , 0., 11.        , 50,  3, 51.5)]