
Total Runtime in seconds: 194.95300960540771Parameters:
population_size: 100, max_generations: 1000, executed generations: 1000, threshold_no_improvement: 500
target feasible proportion: 25
fitness_scaling: power_rank, selection_method: n_tournaments
p_c: 0.8, p_m: 0.4
tournament_size: 2, n_elite: 1
survivor_selection_step: 200, p_selection_survival: 0.7
kill clone step: 100
diversify_step: 300, diversify_step: 300, p_diversify_survival: 0.3
n_closest_neighbors: 3, diversity_weight: 0.5, distance_method: broken_pairs_distance
capacity_penalty_factor: 2, duration_penalty_factor 2, time_window_penalty: 2
Best fitness all generations, best individual before/after local search: 1442.9128469032203, 1442.9128469032203 / 1442.9128469032203
Best individual found before local search: (76, [ 5, 15, 21,  7, 42, 46, 43, 37,  7,  6,  3, 27, 48, 11, 35, 47, 12, 24, 39, 32, 34, 10, 45, 22, 31,  9, 44, 41, 36, 15, 40, 16, 13, 33,  1, 28,  8, 29,  5, 17, 18, 20,  4, 19, 14,  2, 25, 26, 23, 30, 38, 21], 1442.9128469, 1442.9128469, 0., 0., 0., 0., 0, 0, 0.)
Best individual found after local search: (76, [ 5, 15, 21,  7, 42, 46, 43, 37,  7,  6,  3, 27, 48, 11, 35, 47, 12, 24, 39, 32, 34, 10, 45, 22, 31,  9, 44, 41, 36, 15, 40, 16, 13, 33,  1, 28,  8, 29,  5, 17, 18, 20,  4, 19, 14,  2, 25, 26, 23, 30, 38, 21], 1442.9128469, 1442.9128469, 0., 0., 0., 0., 0, 0, 0.)
Best feasible individual found: (76, [ 5, 15, 21,  7, 42, 46, 43, 37,  7,  6,  3, 27, 48, 11, 35, 47, 12, 24, 39, 32, 34, 10, 45, 22, 31,  9, 44, 41, 36, 15, 40, 16, 13, 33,  1, 28,  8, 29,  5, 17, 18, 20,  4, 19, 14,  2, 25, 26, 23, 30, 38, 21], 1442.9128469, 1442.9128469, 0., 0., 0., 0., 0, 0, 0.)

Fitness stats min: [3588.49886623 3559.35331991 3567.08927864 3355.21351005 3438.465085
 3359.26684329 3340.33351109 3283.18208225 3064.44462717 3068.32386381
 3068.32386381 3024.15382676 3141.32434709 3141.32434709 2857.44639683
 2882.55703315 2770.6017419  2770.6017419  2770.6017419  2770.6017419
 2770.6017419  2770.6017419  2770.6017419  2561.88160263 2561.88160263
 2561.88160263 2504.92401136 2504.92401136 2504.92401136 2504.92401136
 2504.92401136 2504.92401136 2504.92401136 2504.92401136 2504.92401136
 2504.92401136 2504.92401136 2455.67474191 2455.67474191 2455.67474191
 2455.67474191 2455.67474191 2411.99589626 2455.67474191 2455.67474191
 2455.67474191 2455.67474191 2404.42621026 2402.91591878 2404.42621026
 2404.42621026 2404.42621026 2373.47769984 2363.30735266 2363.30735266
 2363.30735266 2363.30735266 2363.30735266 2363.30735266 2362.98081673
 2298.48704575 2298.48704575 2298.48704575 2298.48704575 2281.0562205
 2281.0562205  2281.0562205  2150.05384462 2171.32920481 2265.57966139
 2265.57966139 2195.73251283 2195.73251283 2195.73251283 2195.73251283
 2195.73251283 2195.73251283 2169.84318163 2124.54294514 2124.54294514
 2124.54294514 2068.61670101 2068.61670101 2011.71708702 1961.40908338
 2011.71708702 2011.71708702 2011.71708702 2011.71708702 2011.71708702
 1918.40887212 1918.40887212 1874.18660437 1874.18660437 1874.18660437
 1874.18660437 1874.18660437 1874.18660437 1874.18660437 1874.18660437
 1874.18660437 1874.18660437 1874.18660437 1874.18660437 1866.82660455
 1874.18660437 1874.18660437 1874.18660437 1874.18660437 1874.18660437
 1874.18660437 1874.18660437 1874.18660437 1874.18660437 1874.18660437
 1874.18660437 1874.18660437 1874.18660437 1874.18660437 1858.20759235
 1874.18660437 1874.18660437 1874.18660437 1874.18660437 1874.18660437
 1852.90398821 1800.9693949  1800.9693949  1800.9693949  1800.9693949
 1800.9693949  1800.9693949  1800.9693949  1800.9693949  1800.9693949
 1800.9693949  1800.9693949  1800.89184102 1800.89184102 1800.89184102
 1800.89184102 1800.89184102 1800.89184102 1800.89184102 1800.89184102
 1800.89184102 1800.89184102 1800.89184102 1800.89184102 1800.89184102
 1800.89184102 1800.89184102 1800.89184102 1800.89184102 1800.89184102
 1800.89184102 1800.89184102 1800.89184102 1800.89184102 1800.89184102
 1800.89184102 1800.89184102 1800.89184102 1800.89184102 1800.89184102
 1800.89184102 1800.89184102 1800.89184102 1800.89184102 1800.89184102
 1800.89184102 1800.89184102 1800.89184102 1800.89184102 1800.89184102
 1800.73391928 1783.75870832 1783.75870832 1783.75870832 1783.75870832
 1783.75870832 1783.75870832 1783.75870832 1783.75870832 1783.75870832
 1783.75870832 1783.75870832 1783.75870832 1769.88991794 1769.88991794
 1769.88991794 1769.88991794 1769.88991794 1769.88991794 1769.88991794
 1769.88991794 1769.88991794 1769.88991794 1769.88991794 1758.63362558
 1758.63362558 1758.63362558 1758.63362558 1757.87797375 1757.87797375
 1757.87797375 1748.19867283 1736.6796744  1736.6796744  1712.49174636
 1736.6796744  1736.6796744  1736.6796744  1736.6796744  1736.6796744
 1736.6796744  1723.76930963 1687.37864716 1676.70634726 1669.57600419
 1669.57600419 1669.57600419 1669.57600419 1645.77288989 1645.77288989
 1645.77288989 1645.77288989 1645.77288989 1645.77288989 1645.77288989
 1645.77288989 1645.77288989 1645.77288989 1645.77288989 1645.77288989
 1645.77288989 1645.77288989 1645.77288989 1645.77288989 1645.77288989
 1645.77288989 1645.77288989 1645.77288989 1645.77288989 1645.77288989
 1645.77288989 1645.77288989 1645.77288989 1645.77288989 1645.77288989
 1645.77288989 1645.77288989 1645.77288989 1645.77288989 1645.77288989
 1645.77288989 1645.77288989 1645.77288989 1645.77288989 1645.77288989
 1645.77288989 1645.77288989 1645.77288989 1645.77288989 1645.77288989
 1645.77288989 1645.77288989 1645.77288989 1645.77288989 1645.77288989
 1645.77288989 1645.77288989 1645.77288989 1633.62300928 1633.62300928
 1633.62300928 1623.71966201 1623.71966201 1623.71966201 1623.71966201
 1623.71966201 1623.71966201 1623.71966201 1623.71966201 1623.71966201
 1623.71966201 1623.71966201 1623.71966201 1623.71966201 1623.71966201
 1623.71966201 1623.71966201 1623.71966201 1623.71966201 1623.71966201
 1623.71966201 1623.71966201 1623.71966201 1623.71966201 1623.71966201
 1623.71966201 1623.71966201 1623.71966201 1623.71966201 1623.71966201
 1623.71966201 1623.71966201 1623.71966201 1623.71966201 1623.71966201
 1623.71966201 1623.71966201 1623.71966201 1623.71966201 1623.71966201
 1623.71966201 1623.71966201 1623.71966201 1623.71966201 1623.71966201
 1623.71966201 1623.71966201 1623.71966201 1623.71966201 1623.71966201
 1623.71966201 1623.71966201 1617.42033448 1617.42033448 1617.42033448
 1617.42033448 1617.42033448 1617.42033448 1617.42033448 1617.42033448
 1617.42033448 1617.42033448 1617.42033448 1617.42033448 1617.42033448
 1617.42033448 1617.42033448 1617.42033448 1617.42033448 1617.42033448
 1617.42033448 1617.42033448 1617.42033448 1617.42033448 1617.42033448
 1617.42033448 1617.42033448 1617.42033448 1617.42033448 1617.42033448
 1617.42033448 1617.42033448 1617.42033448 1617.42033448 1617.42033448
 1617.42033448 1617.42033448 1617.42033448 1617.42033448 1617.42033448
 1617.42033448 1617.42033448 1617.42033448 1617.42033448 1617.42033448
 1617.42033448 1617.42033448 1617.42033448 1617.42033448 1617.42033448
 1617.42033448 1617.42033448 1617.42033448 1617.42033448 1617.42033448
 1617.42033448 1617.42033448 1617.42033448 1617.42033448 1617.42033448
 1617.42033448 1617.42033448 1617.42033448 1617.42033448 1617.42033448
 1617.42033448 1617.42033448 1617.42033448 1617.42033448 1617.42033448
 1617.42033448 1617.42033448 1617.42033448 1617.42033448 1617.42033448
 1617.42033448 1575.80924181 1615.18474109 1605.72128065 1605.72128065
 1605.72128065 1605.72128065 1605.72128065 1605.72128065 1605.72128065
 1605.72128065 1605.72128065 1605.72128065 1605.72128065 1605.72128065
 1605.72128065 1605.72128065 1605.72128065 1605.72128065 1605.72128065
 1605.72128065 1605.72128065 1605.72128065 1605.72128065 1605.72128065
 1605.72128065 1605.72128065 1605.72128065 1605.72128065 1605.72128065
 1605.72128065 1605.72128065 1605.72128065 1605.72128065 1605.72128065
 1605.72128065 1605.72128065 1605.72128065 1605.72128065 1605.72128065
 1605.72128065 1605.72128065 1605.72128065 1605.72128065 1605.72128065
 1605.72128065 1597.85983361 1597.85983361 1597.85983361 1597.85983361
 1597.85983361 1597.85983361 1597.85983361 1597.85983361 1597.85983361
 1597.85983361 1597.85983361 1597.85983361 1597.85983361 1597.85983361
 1597.85983361 1597.85983361 1597.85983361 1597.85983361 1597.85983361
 1597.85983361 1597.85983361 1597.85983361 1597.85983361 1597.85983361
 1597.85983361 1597.85983361 1597.85983361 1597.85983361 1597.85983361
 1597.85983361 1597.85983361 1597.85983361 1597.85983361 1597.85983361
 1597.85983361 1597.85983361 1597.85983361 1597.85983361 1597.85983361
 1597.85983361 1597.85983361 1597.85983361 1597.85983361 1597.85983361
 1597.85983361 1597.85983361 1597.85983361 1597.85983361 1597.85983361
 1597.85983361 1597.85983361 1597.85983361 1597.85983361 1597.85983361
 1597.85983361 1597.85983361 1597.85983361 1597.85983361 1591.85451341
 1583.82385635 1583.82385635 1583.82385635 1583.82385635 1583.82385635
 1583.82385635 1583.82385635 1569.18783595 1569.18783595 1569.18783595
 1569.18783595 1569.18783595 1569.18783595 1569.18783595 1569.18783595
 1569.18783595 1569.18783595 1569.18783595 1569.18783595 1569.18783595
 1555.25532897 1555.25532897 1555.25532897 1555.25532897 1555.25532897
 1555.25532897 1555.25532897 1555.25532897 1555.25532897 1555.25532897
 1555.25532897 1555.25532897 1555.25532897 1555.25532897 1555.25532897
 1555.25532897 1555.25532897 1555.25532897 1555.25532897 1555.25532897
 1555.25532897 1555.25532897 1555.25532897 1555.25532897 1555.25532897
 1555.25532897 1555.25532897 1555.25532897 1555.25532897 1555.25532897
 1555.25532897 1555.25532897 1555.25532897 1555.25532897 1552.99849319
 1552.99849319 1552.99849319 1552.99849319 1552.99849319 1552.99849319
 1552.99849319 1552.99849319 1552.99849319 1552.99849319 1552.99849319
 1552.99849319 1552.99849319 1552.99849319 1552.99849319 1552.99849319
 1552.99849319 1552.99849319 1552.99849319 1552.99849319 1552.99849319
 1552.99849319 1552.99849319 1552.99849319 1552.99849319 1552.99849319
 1552.99849319 1552.99849319 1552.99849319 1552.99849319 1552.99849319
 1552.99849319 1552.99849319 1552.99849319 1552.99849319 1552.99849319
 1552.99849319 1552.99849319 1552.99849319 1552.99849319 1552.99849319
 1552.99849319 1552.99849319 1552.99849319 1552.99849319 1552.99849319
 1552.99849319 1552.99849319 1552.99849319 1552.99849319 1552.99849319
 1552.99849319 1552.99849319 1552.99849319 1552.99849319 1552.99849319
 1552.99849319 1552.99849319 1552.99849319 1552.99849319 1552.99849319
 1552.99849319 1552.99849319 1552.99849319 1552.99849319 1552.99849319
 1552.99849319 1552.99849319 1552.99849319 1552.99849319 1552.99849319
 1552.99849319 1552.99849319 1552.99849319 1552.99849319 1552.99849319
 1552.99849319 1552.99849319 1552.99849319 1552.99849319 1552.99849319
 1552.99849319 1552.99849319 1552.99849319 1546.28946978 1546.28946978
 1546.28946978 1546.28946978 1546.28946978 1546.28946978 1546.28946978
 1546.28946978 1546.28946978 1546.28946978 1546.28946978 1546.28946978
 1546.28946978 1546.28946978 1546.28946978 1546.28946978 1546.28946978
 1546.28946978 1546.28946978 1546.28946978 1546.28946978 1546.28946978
 1546.28946978 1546.28946978 1546.28946978 1546.28946978 1546.28946978
 1546.28946978 1546.28946978 1546.28946978 1546.28946978 1546.28946978
 1546.28946978 1546.28946978 1540.76164391 1540.76164391 1540.76164391
 1535.42419827 1535.42419827 1535.42419827 1528.71517486 1528.71517486
 1528.71517486 1528.71517486 1528.71517486 1528.71517486 1528.71517486
 1528.71517486 1528.71517486 1528.71517486 1528.71517486 1528.71517486
 1528.71517486 1528.71517486 1528.71517486 1524.88353184 1524.88353184
 1524.88353184 1524.88353184 1524.88353184 1524.88353184 1524.88353184
 1524.88353184 1524.88353184 1524.88353184 1524.88353184 1524.88353184
 1524.88353184 1524.88353184 1524.88353184 1524.88353184 1524.88353184
 1524.88353184 1524.88353184 1524.88353184 1524.88353184 1524.88353184
 1524.88353184 1524.88353184 1524.88353184 1524.88353184 1524.88353184
 1524.88353184 1524.88353184 1524.88353184 1524.88353184 1524.88353184
 1524.88353184 1524.88353184 1524.88353184 1524.88353184 1524.88353184
 1524.88353184 1524.88353184 1524.88353184 1524.88353184 1524.88353184
 1524.88353184 1521.61057673 1521.61057673 1521.61057673 1521.61057673
 1521.61057673 1521.61057673 1521.61057673 1521.61057673 1521.61057673
 1521.61057673 1521.61057673 1521.61057673 1521.61057673 1521.61057673
 1521.61057673 1521.61057673 1521.61057673 1521.61057673 1510.19690173
 1510.19690173 1510.19690173 1510.19690173 1510.19690173 1510.19690173
 1510.19690173 1510.19690173 1510.19690173 1510.19690173 1510.19690173
 1510.19690173 1510.19690173 1510.19690173 1510.19690173 1510.19690173
 1510.19690173 1510.19690173 1510.19690173 1510.19690173 1510.19690173
 1510.19690173 1510.19690173 1510.19690173 1510.19690173 1510.19690173
 1510.19690173 1510.19690173 1510.19690173 1510.19690173 1510.19690173
 1510.19690173 1510.19690173 1510.19690173 1510.19690173 1510.19690173
 1510.19690173 1510.19690173 1510.19690173 1510.19690173 1510.19690173
 1510.19690173 1510.19690173 1510.19690173 1510.19690173 1510.19690173
 1510.19690173 1510.19690173 1510.19690173 1510.19690173 1510.19690173
 1510.19690173 1510.19690173 1510.19690173 1510.19690173 1510.19690173
 1510.19690173 1510.19690173 1510.19690173 1510.19690173 1510.19690173
 1510.19690173 1510.19690173 1510.19690173 1510.19690173 1510.19690173
 1510.19690173 1510.19690173 1510.19690173 1510.19690173 1510.19690173
 1477.35689377 1477.35689377 1477.35689377 1477.35689377 1477.35689377
 1477.35689377 1477.35689377 1477.35689377 1477.35689377 1477.35689377
 1477.35689377 1477.35689377 1477.35689377 1467.94154313 1467.94154313
 1467.94154313 1467.94154313 1467.94154313 1467.94154313 1467.94154313
 1467.94154313 1467.94154313 1467.94154313 1467.94154313 1467.94154313
 1467.94154313 1467.94154313 1467.94154313 1467.94154313 1467.94154313
 1467.94154313 1467.94154313 1467.94154313 1467.94154313 1467.94154313
 1467.94154313 1467.94154313 1467.94154313 1467.94154313 1467.94154313
 1467.94154313 1467.94154313 1467.94154313 1467.94154313 1467.94154313
 1467.94154313 1467.94154313 1467.94154313 1467.94154313 1467.94154313
 1467.94154313 1467.94154313 1467.94154313 1467.94154313 1467.94154313
 1467.94154313 1467.94154313 1467.94154313 1467.94154313 1451.25383452
 1451.25383452 1451.25383452 1451.25383452 1451.25383452 1451.25383452
 1451.25383452 1451.25383452 1451.25383452 1451.25383452 1451.25383452
 1451.25383452 1451.25383452 1451.25383452 1451.25383452 1451.25383452
 1451.25383452 1451.25383452 1451.25383452 1451.25383452 1451.25383452
 1451.25383452 1451.25383452 1451.25383452 1451.25383452 1451.25383452
 1451.25383452 1451.25383452 1451.25383452 1451.25383452 1451.25383452
 1451.25383452 1451.25383452 1451.25383452 1451.25383452 1451.25383452
 1451.25383452 1451.25383452 1451.25383452 1451.25383452 1451.25383452
 1451.25383452 1451.25383452 1451.25383452 1451.25383452 1451.25383452
 1451.25383452 1451.25383452 1451.25383452 1451.25383452 1451.25383452
 1451.25383452 1451.25383452 1451.25383452 1451.25383452 1451.25383452
 1451.25383452 1451.25383452 1451.25383452 1451.25383452 1451.25383452
 1451.25383452 1451.25383452 1451.25383452 1451.25383452 1450.21806003
 1450.21806003 1450.21806003 1450.21806003 1450.21806003 1450.21806003
 1450.21806003 1450.21806003 1450.21806003 1450.21806003 1450.21806003
 1450.21806003 1450.21806003 1450.21806003 1450.21806003 1450.21806003
 1450.21806003 1450.21806003 1450.21806003 1450.21806003 1450.21806003
 1450.21806003 1442.9128469  1442.9128469  1442.9128469  1442.9128469
 1442.9128469  1442.9128469  1442.9128469  1442.9128469  1442.9128469
 1442.9128469  1442.9128469  1442.9128469  1442.9128469  1442.9128469
 1442.9128469  1442.9128469  1442.9128469  1442.9128469  1442.9128469
 1442.9128469  1442.9128469  1442.9128469  1442.9128469  1442.9128469
 1442.9128469 ] 

Fitness stats feasible min: [3643.23189979 3643.23189979 3642.45613283 3488.2888818  3438.5080392
 3359.26684329 3340.33351109 3320.9226563  3320.9226563  3320.9226563
 3320.9226563  3320.9226563  3141.32434709 3141.32434709 3141.32434709
 3102.61341461 2770.6017419  2770.6017419  2770.6017419  2770.6017419
 2770.6017419  2770.6017419  2770.6017419  2561.88160263 2561.88160263
 2561.88160263 2504.92401136 2504.92401136 2504.92401136 2504.92401136
 2504.92401136 2504.92401136 2504.92401136 2504.92401136 2504.92401136
 2504.92401136 2504.92401136 2455.67474191 2455.67474191 2455.67474191
 2455.67474191 2455.67474191 2455.67474191 2455.67474191 2455.67474191
 2455.67474191 2455.67474191 2404.42621026 2404.42621026 2404.42621026
 2404.42621026 2404.42621026 2373.47769984 2363.30735266 2363.30735266
 2363.30735266 2363.30735266 2363.30735266 2363.30735266 2363.30735266
 2298.48704575 2298.48704575 2298.48704575 2298.48704575 2281.0562205
 2281.0562205  2281.0562205  2281.0562205  2265.57966139 2265.57966139
 2265.57966139 2195.73251283 2195.73251283 2195.73251283 2195.73251283
 2195.73251283 2195.73251283 2169.84318163 2124.54294514 2124.54294514
 2124.54294514 2068.61670101 2068.61670101 2011.71708702 2011.71708702
 2011.71708702 2011.71708702 2011.71708702 2011.71708702 2011.71708702
 1918.40887212 1918.40887212 1874.18660437 1874.18660437 1874.18660437
 1874.18660437 1874.18660437 1874.18660437 1874.18660437 1874.18660437
 1874.18660437 1874.18660437 1874.18660437 1874.18660437 1874.18660437
 1874.18660437 1874.18660437 1874.18660437 1874.18660437 1874.18660437
 1874.18660437 1874.18660437 1874.18660437 1874.18660437 1874.18660437
 1874.18660437 1874.18660437 1874.18660437 1874.18660437 1874.18660437
 1874.18660437 1874.18660437 1874.18660437 1874.18660437 1874.18660437
 1852.90398821 1800.9693949  1800.9693949  1800.9693949  1800.9693949
 1800.9693949  1800.9693949  1800.9693949  1800.9693949  1800.9693949
 1800.9693949  1800.9693949  1800.89184102 1800.89184102 1800.89184102
 1800.89184102 1800.89184102 1800.89184102 1800.89184102 1800.89184102
 1800.89184102 1800.89184102 1800.89184102 1800.89184102 1800.89184102
 1800.89184102 1800.89184102 1800.89184102 1800.89184102 1800.89184102
 1800.89184102 1800.89184102 1800.89184102 1800.89184102 1800.89184102
 1800.89184102 1800.89184102 1800.89184102 1800.89184102 1800.89184102
 1800.89184102 1800.89184102 1800.89184102 1800.89184102 1800.89184102
 1800.89184102 1800.89184102 1800.89184102 1800.89184102 1800.89184102
 1800.73391928 1783.75870832 1783.75870832 1783.75870832 1783.75870832
 1783.75870832 1783.75870832 1783.75870832 1783.75870832 1783.75870832
 1783.75870832 1783.75870832 1783.75870832 1769.88991794 1769.88991794
 1769.88991794 1769.88991794 1769.88991794 1769.88991794 1769.88991794
 1769.88991794 1769.88991794 1769.88991794 1769.88991794 1758.63362558
 1758.63362558 1758.63362558 1758.63362558 1757.87797375 1757.87797375
 1757.87797375 1748.19867283 1736.6796744  1736.6796744  1736.6796744
 1736.6796744  1736.6796744  1736.6796744  1736.6796744  1736.6796744
 1736.6796744  1736.6796744  1736.6796744  1676.70634726 1669.57600419
 1669.57600419 1669.57600419 1669.57600419 1645.77288989 1645.77288989
 1645.77288989 1645.77288989 1645.77288989 1645.77288989 1645.77288989
 1645.77288989 1645.77288989 1645.77288989 1645.77288989 1645.77288989
 1645.77288989 1645.77288989 1645.77288989 1645.77288989 1645.77288989
 1645.77288989 1645.77288989 1645.77288989 1645.77288989 1645.77288989
 1645.77288989 1645.77288989 1645.77288989 1645.77288989 1645.77288989
 1645.77288989 1645.77288989 1645.77288989 1645.77288989 1645.77288989
 1645.77288989 1645.77288989 1645.77288989 1645.77288989 1645.77288989
 1645.77288989 1645.77288989 1645.77288989 1645.77288989 1645.77288989
 1645.77288989 1645.77288989 1645.77288989 1645.77288989 1645.77288989
 1645.77288989 1645.77288989 1645.77288989 1633.62300928 1633.62300928
 1633.62300928 1623.71966201 1623.71966201 1623.71966201 1623.71966201
 1623.71966201 1623.71966201 1623.71966201 1623.71966201 1623.71966201
 1623.71966201 1623.71966201 1623.71966201 1623.71966201 1623.71966201
 1623.71966201 1623.71966201 1623.71966201 1623.71966201 1623.71966201
 1623.71966201 1623.71966201 1623.71966201 1623.71966201 1623.71966201
 1623.71966201 1623.71966201 1623.71966201 1623.71966201 1623.71966201
 1623.71966201 1623.71966201 1623.71966201 1623.71966201 1623.71966201
 1623.71966201 1623.71966201 1623.71966201 1623.71966201 1623.71966201
 1623.71966201 1623.71966201 1623.71966201 1623.71966201 1623.71966201
 1623.71966201 1623.71966201 1623.71966201 1623.71966201 1623.71966201
 1623.71966201 1623.71966201 1617.42033448 1617.42033448 1617.42033448
 1617.42033448 1617.42033448 1617.42033448 1617.42033448 1617.42033448
 1617.42033448 1617.42033448 1617.42033448 1617.42033448 1617.42033448
 1617.42033448 1617.42033448 1617.42033448 1617.42033448 1617.42033448
 1617.42033448 1617.42033448 1617.42033448 1617.42033448 1617.42033448
 1617.42033448 1617.42033448 1617.42033448 1617.42033448 1617.42033448
 1617.42033448 1617.42033448 1617.42033448 1617.42033448 1617.42033448
 1617.42033448 1617.42033448 1617.42033448 1617.42033448 1617.42033448
 1617.42033448 1617.42033448 1617.42033448 1617.42033448 1617.42033448
 1617.42033448 1617.42033448 1617.42033448 1617.42033448 1617.42033448
 1617.42033448 1617.42033448 1617.42033448 1617.42033448 1617.42033448
 1617.42033448 1617.42033448 1617.42033448 1617.42033448 1617.42033448
 1617.42033448 1617.42033448 1617.42033448 1617.42033448 1617.42033448
 1617.42033448 1617.42033448 1617.42033448 1617.42033448 1617.42033448
 1617.42033448 1617.42033448 1617.42033448 1617.42033448 1617.42033448
 1617.42033448 1617.42033448 1617.42033448 1605.72128065 1605.72128065
 1605.72128065 1605.72128065 1605.72128065 1605.72128065 1605.72128065
 1605.72128065 1605.72128065 1605.72128065 1605.72128065 1605.72128065
 1605.72128065 1605.72128065 1605.72128065 1605.72128065 1605.72128065
 1605.72128065 1605.72128065 1605.72128065 1605.72128065 1605.72128065
 1605.72128065 1605.72128065 1605.72128065 1605.72128065 1605.72128065
 1605.72128065 1605.72128065 1605.72128065 1605.72128065 1605.72128065
 1605.72128065 1605.72128065 1605.72128065 1605.72128065 1605.72128065
 1605.72128065 1605.72128065 1605.72128065 1605.72128065 1605.72128065
 1605.72128065 1597.85983361 1597.85983361 1597.85983361 1597.85983361
 1597.85983361 1597.85983361 1597.85983361 1597.85983361 1597.85983361
 1597.85983361 1597.85983361 1597.85983361 1597.85983361 1597.85983361
 1597.85983361 1597.85983361 1597.85983361 1597.85983361 1597.85983361
 1597.85983361 1597.85983361 1597.85983361 1597.85983361 1597.85983361
 1597.85983361 1597.85983361 1597.85983361 1597.85983361 1597.85983361
 1597.85983361 1597.85983361 1597.85983361 1597.85983361 1597.85983361
 1597.85983361 1597.85983361 1597.85983361 1597.85983361 1597.85983361
 1597.85983361 1597.85983361 1597.85983361 1597.85983361 1597.85983361
 1597.85983361 1597.85983361 1597.85983361 1597.85983361 1597.85983361
 1597.85983361 1597.85983361 1597.85983361 1597.85983361 1597.85983361
 1597.85983361 1597.85983361 1597.85983361 1597.85983361 1591.85451341
 1583.82385635 1583.82385635 1583.82385635 1583.82385635 1583.82385635
 1583.82385635 1583.82385635 1569.18783595 1569.18783595 1569.18783595
 1569.18783595 1569.18783595 1569.18783595 1569.18783595 1569.18783595
 1569.18783595 1569.18783595 1569.18783595 1569.18783595 1569.18783595
 1555.25532897 1555.25532897 1555.25532897 1555.25532897 1555.25532897
 1555.25532897 1555.25532897 1555.25532897 1555.25532897 1555.25532897
 1555.25532897 1555.25532897 1555.25532897 1555.25532897 1555.25532897
 1555.25532897 1555.25532897 1555.25532897 1555.25532897 1555.25532897
 1555.25532897 1555.25532897 1555.25532897 1555.25532897 1555.25532897
 1555.25532897 1555.25532897 1555.25532897 1555.25532897 1555.25532897
 1555.25532897 1555.25532897 1555.25532897 1555.25532897 1552.99849319
 1552.99849319 1552.99849319 1552.99849319 1552.99849319 1552.99849319
 1552.99849319 1552.99849319 1552.99849319 1552.99849319 1552.99849319
 1552.99849319 1552.99849319 1552.99849319 1552.99849319 1552.99849319
 1552.99849319 1552.99849319 1552.99849319 1552.99849319 1552.99849319
 1552.99849319 1552.99849319 1552.99849319 1552.99849319 1552.99849319
 1552.99849319 1552.99849319 1552.99849319 1552.99849319 1552.99849319
 1552.99849319 1552.99849319 1552.99849319 1552.99849319 1552.99849319
 1552.99849319 1552.99849319 1552.99849319 1552.99849319 1552.99849319
 1552.99849319 1552.99849319 1552.99849319 1552.99849319 1552.99849319
 1552.99849319 1552.99849319 1552.99849319 1552.99849319 1552.99849319
 1552.99849319 1552.99849319 1552.99849319 1552.99849319 1552.99849319
 1552.99849319 1552.99849319 1552.99849319 1552.99849319 1552.99849319
 1552.99849319 1552.99849319 1552.99849319 1552.99849319 1552.99849319
 1552.99849319 1552.99849319 1552.99849319 1552.99849319 1552.99849319
 1552.99849319 1552.99849319 1552.99849319 1552.99849319 1552.99849319
 1552.99849319 1552.99849319 1552.99849319 1552.99849319 1552.99849319
 1552.99849319 1552.99849319 1552.99849319 1546.28946978 1546.28946978
 1546.28946978 1546.28946978 1546.28946978 1546.28946978 1546.28946978
 1546.28946978 1546.28946978 1546.28946978 1546.28946978 1546.28946978
 1546.28946978 1546.28946978 1546.28946978 1546.28946978 1546.28946978
 1546.28946978 1546.28946978 1546.28946978 1546.28946978 1546.28946978
 1546.28946978 1546.28946978 1546.28946978 1546.28946978 1546.28946978
 1546.28946978 1546.28946978 1546.28946978 1546.28946978 1546.28946978
 1546.28946978 1546.28946978 1540.76164391 1540.76164391 1540.76164391
 1535.42419827 1535.42419827 1535.42419827 1528.71517486 1528.71517486
 1528.71517486 1528.71517486 1528.71517486 1528.71517486 1528.71517486
 1528.71517486 1528.71517486 1528.71517486 1528.71517486 1528.71517486
 1528.71517486 1528.71517486 1528.71517486 1524.88353184 1524.88353184
 1524.88353184 1524.88353184 1524.88353184 1524.88353184 1524.88353184
 1524.88353184 1524.88353184 1524.88353184 1524.88353184 1524.88353184
 1524.88353184 1524.88353184 1524.88353184 1524.88353184 1524.88353184
 1524.88353184 1524.88353184 1524.88353184 1524.88353184 1524.88353184
 1524.88353184 1524.88353184 1524.88353184 1524.88353184 1524.88353184
 1524.88353184 1524.88353184 1524.88353184 1524.88353184 1524.88353184
 1524.88353184 1524.88353184 1524.88353184 1524.88353184 1524.88353184
 1524.88353184 1524.88353184 1524.88353184 1524.88353184 1524.88353184
 1524.88353184 1521.61057673 1521.61057673 1521.61057673 1521.61057673
 1521.61057673 1521.61057673 1521.61057673 1521.61057673 1521.61057673
 1521.61057673 1521.61057673 1521.61057673 1521.61057673 1521.61057673
 1521.61057673 1521.61057673 1521.61057673 1521.61057673 1510.19690173
 1510.19690173 1510.19690173 1510.19690173 1510.19690173 1510.19690173
 1510.19690173 1510.19690173 1510.19690173 1510.19690173 1510.19690173
 1510.19690173 1510.19690173 1510.19690173 1510.19690173 1510.19690173
 1510.19690173 1510.19690173 1510.19690173 1510.19690173 1510.19690173
 1510.19690173 1510.19690173 1510.19690173 1510.19690173 1510.19690173
 1510.19690173 1510.19690173 1510.19690173 1510.19690173 1510.19690173
 1510.19690173 1510.19690173 1510.19690173 1510.19690173 1510.19690173
 1510.19690173 1510.19690173 1510.19690173 1510.19690173 1510.19690173
 1510.19690173 1510.19690173 1510.19690173 1510.19690173 1510.19690173
 1510.19690173 1510.19690173 1510.19690173 1510.19690173 1510.19690173
 1510.19690173 1510.19690173 1510.19690173 1510.19690173 1510.19690173
 1510.19690173 1510.19690173 1510.19690173 1510.19690173 1510.19690173
 1510.19690173 1510.19690173 1510.19690173 1510.19690173 1510.19690173
 1510.19690173 1510.19690173 1510.19690173 1510.19690173 1510.19690173
 1477.35689377 1477.35689377 1477.35689377 1477.35689377 1477.35689377
 1477.35689377 1477.35689377 1477.35689377 1477.35689377 1477.35689377
 1477.35689377 1477.35689377 1477.35689377 1467.94154313 1467.94154313
 1467.94154313 1467.94154313 1467.94154313 1467.94154313 1467.94154313
 1467.94154313 1467.94154313 1467.94154313 1467.94154313 1467.94154313
 1467.94154313 1467.94154313 1467.94154313 1467.94154313 1467.94154313
 1467.94154313 1467.94154313 1467.94154313 1467.94154313 1467.94154313
 1467.94154313 1467.94154313 1467.94154313 1467.94154313 1467.94154313
 1467.94154313 1467.94154313 1467.94154313 1467.94154313 1467.94154313
 1467.94154313 1467.94154313 1467.94154313 1467.94154313 1467.94154313
 1467.94154313 1467.94154313 1467.94154313 1467.94154313 1467.94154313
 1467.94154313 1467.94154313 1467.94154313 1467.94154313 1451.25383452
 1451.25383452 1451.25383452 1451.25383452 1451.25383452 1451.25383452
 1451.25383452 1451.25383452 1451.25383452 1451.25383452 1451.25383452
 1451.25383452 1451.25383452 1451.25383452 1451.25383452 1451.25383452
 1451.25383452 1451.25383452 1451.25383452 1451.25383452 1451.25383452
 1451.25383452 1451.25383452 1451.25383452 1451.25383452 1451.25383452
 1451.25383452 1451.25383452 1451.25383452 1451.25383452 1451.25383452
 1451.25383452 1451.25383452 1451.25383452 1451.25383452 1451.25383452
 1451.25383452 1451.25383452 1451.25383452 1451.25383452 1451.25383452
 1451.25383452 1451.25383452 1451.25383452 1451.25383452 1451.25383452
 1451.25383452 1451.25383452 1451.25383452 1451.25383452 1451.25383452
 1451.25383452 1451.25383452 1451.25383452 1451.25383452 1451.25383452
 1451.25383452 1451.25383452 1451.25383452 1451.25383452 1451.25383452
 1451.25383452 1451.25383452 1451.25383452 1451.25383452 1450.21806003
 1450.21806003 1450.21806003 1450.21806003 1450.21806003 1450.21806003
 1450.21806003 1450.21806003 1450.21806003 1450.21806003 1450.21806003
 1450.21806003 1450.21806003 1450.21806003 1450.21806003 1450.21806003
 1450.21806003 1450.21806003 1450.21806003 1450.21806003 1450.21806003
 1450.21806003 1442.9128469  1442.9128469  1442.9128469  1442.9128469
 1442.9128469  1442.9128469  1442.9128469  1442.9128469  1442.9128469
 1442.9128469  1442.9128469  1442.9128469  1442.9128469  1442.9128469
 1442.9128469  1442.9128469  1442.9128469  1442.9128469  1442.9128469
 1442.9128469  1442.9128469  1442.9128469  1442.9128469  1442.9128469
 1442.9128469 ] 

Fitness stats avg: [4077.85990465 4008.17058855 3957.04944167 3864.29812737 3825.0707789
 3751.86879469 3737.2364754  3677.73333607 3628.01572645 3602.09361667
 3587.40291761 3560.97485193 3560.30290493 3507.3949985  3476.97846974
 3426.60008607 3388.83725745 3349.5232461  3312.10559463 3263.81779435
 3247.8726149  3197.79850633 3165.03608378 3185.78129292 3160.22228524
 3163.07443427 3171.52557568 3136.85886532 3110.07143459 3102.04629439
 3122.51618203 3061.12901159 3085.40494362 3045.24362345 3094.19318794
 3090.74906715 3086.97479311 3070.70349542 3016.03094717 2984.09727157
 2937.44637    2939.30141041 2960.98481767 2960.0397249  2958.68724688
 2957.40555011 2999.2093107  3008.69392345 2969.94606687 2945.87000381
 2907.63995077 2865.72273118 2863.93898239 2850.13478221 2873.86296665
 2881.43196811 2821.50909082 2808.03210011 2813.48182827 2834.44081058
 2822.75260523 2796.48527997 2817.58933029 2792.21618748 2788.18469194
 2775.52862701 2755.86972463 2739.66081754 2744.21988856 2735.082232
 2703.22935521 2669.45700659 2662.22303229 2674.9428437  2629.61066146
 2564.43760795 2541.639511   2529.25620047 2520.14104976 2511.02832096
 2491.00806878 2477.98308409 2452.04335396 2414.78082632 2407.72754973
 2358.04810705 2344.85659234 2334.93351384 2354.06199367 2361.76599842
 2339.01103099 2347.27009513 2372.82371183 2361.00059726 2346.49392162
 2363.17374554 2341.10986926 2384.44962035 2343.06836885 2327.2585711
 2335.19495104 2312.20348341 2309.22821244 2307.37500525 2280.48743269
 2315.28041313 2323.35422102 2362.85360106 2343.06134291 2325.65690205
 2350.38682577 2328.7058465  2292.35448924 2316.42913539 2289.55281735
 2288.42543306 2302.6357476  2301.97006164 2266.62976664 2312.69225246
 2335.76034248 2351.13125978 2313.95060466 2199.95731478 2186.67958157
 2171.91433833 2201.21653793 2226.12341898 2189.04118798 2198.45671911
 2211.74294479 2197.28712943 2216.74770597 2266.82889879 2265.33295257
 2229.0026285  2269.68822273 2293.61199964 2291.62014378 2289.19778998
 2297.83145192 2303.2139361  2312.85405321 2258.509875   2312.36988707
 2327.58044638 2316.8931652  2287.15784246 2288.70455703 2257.31413965
 2204.57931161 2207.13085249 2216.38651706 2258.26271503 2212.72561194
 2212.32392695 2224.39285714 2276.12985555 2252.28526015 2231.9025376
 2244.81907586 2267.91036602 2299.81738137 2354.92019627 2349.67459811
 2303.85058355 2300.45365321 2283.16812738 2265.12803668 2270.38098468
 2255.25819946 2227.93995894 2230.2534763  2167.46092058 2183.00686766
 2188.07989453 2200.63404229 2196.0032581  2208.53497717 2196.88201618
 2178.72013621 2195.33000982 2205.45818112 2204.39077607 2192.62217221
 2164.0113609  2178.42515118 2161.23003402 2172.57756799 2145.27985514
 2122.13915881 2121.07618636 2152.16906354 2162.34880255 2173.33336374
 2169.44943104 2170.7945892  2169.93329759 2149.76061754 2117.93609908
 2107.47388865 2087.40441987 2104.09239003 2110.75223549 2085.15180039
 2088.77063936 2073.12400177 2110.40201606 2099.26112395 2114.68500156
 2121.60355384 2119.25306728 2101.67852416 2098.09785204 2111.29732531
 2104.5717416  2099.78628423 2083.23610475 2072.88193366 2083.13498996
 2089.21741505 2069.93902602 2030.64821235 2005.71693613 1980.95670155
 1979.47346135 1961.91187228 1984.76131275 1998.28908746 1982.72191101
 1982.44402479 1988.2444351  1984.41852142 2018.04209531 1975.37083763
 2001.10639363 2034.1389225  2040.45808008 2103.60608662 2132.92124705
 2109.35301446 2127.72376977 2158.09951978 2174.13845496 2171.71055186
 2184.01323538 2170.79568868 2198.17346759 2245.29084073 2193.72417734
 2214.56977998 2194.41003366 2161.66861107 2121.93584632 2081.07177118
 2048.19114881 2049.70675984 2041.4801037  1991.25381376 1953.70267659
 1964.33895761 1975.27252996 1991.69253636 1966.07160529 1977.14921877
 1951.34979582 1923.13044036 1948.56942819 1974.2742177  1977.68142701
 1980.4499325  1930.83021976 1932.10854751 1934.55917961 1944.88459949
 1949.23624838 1922.51529999 1941.09957662 1961.65301445 1963.09416732
 1972.18808195 1999.5116143  2012.32131323 2019.63814391 1990.04572092
 2043.41753242 2031.81925358 2039.24560692 2017.15545564 2007.49778652
 2030.03650627 2058.92013464 2063.53373315 2053.44176046 2048.75431523
 2043.34779936 2043.27888275 2040.08035452 2020.55027965 2013.22785673
 2052.05411191 2090.88901816 2065.33322018 2081.24409028 2060.95090947
 2039.69396985 2043.72089279 2093.36865664 2127.72668983 2153.23737689
 2163.56253152 2177.12297295 2172.22473226 2190.76062254 2150.46530332
 2130.52974082 2110.78774613 2126.7120984  2151.96278127 2183.89456018
 2164.06239399 2158.57801703 2203.19371895 2177.05376294 2163.2184028
 2171.29419264 2174.9132806  2192.03686228 2197.74583342 2215.8294443
 2240.20549206 2222.5594345  2209.61250682 2168.44339009 2169.34903973
 2139.45794384 2124.38314402 2077.87044101 2067.82547766 2042.47098652
 2024.57504534 1998.26636257 2023.85003303 2019.92561967 2014.58182806
 2056.77289419 2064.69136095 2082.07515946 2053.18896666 2043.09500407
 2051.59425494 2050.4396917  2046.80084865 2061.56049473 2010.0042556
 2014.931629   2030.61497346 2010.51103634 2016.79946325 2054.16328259
 2070.44062903 2035.26310989 2027.16392192 2035.66077411 2027.9451435
 2047.8926587  2050.86757939 2055.60827104 2055.06111618 2031.82064517
 2033.46528148 2011.97457302 2041.13370078 2054.78592587 2021.36960745
 1998.67891464 2020.22186712 2017.39070589 2061.00667212 2054.11107542
 2074.93070368 2094.30330152 2083.25570305 2085.21657227 2068.66792853
 2087.7268647  2076.3742142  2054.8707385  2046.41365524 2049.11211646
 2048.37143643 2033.61244097 1983.34802965 2011.09474647 2012.90449012
 1987.41548696 1989.88196258 1996.79877502 1959.50557233 1996.87542388
 2001.11873434 1979.86060851 1997.44158614 2011.0836232  1961.48811461
 1979.01989348 1991.2052094  1983.51210812 1992.21788324 1992.10252237
 2003.67143646 1966.79670881 1967.22436119 1996.56333737 1981.27559481
 1983.85452009 1940.48009975 1943.75431934 1960.10584158 1988.20556844
 2019.41145399 2022.39325968 2018.03652235 2022.65709525 1979.50033497
 1985.14580815 2005.73902476 2012.90343528 2008.0631345  1960.91793845
 1947.86520944 1964.76358296 1971.47620905 1954.78196309 1971.94450806
 2001.43829238 2006.46288302 1995.30369676 2004.5449827  2019.99367911
 1994.60772922 2015.58456276 2006.7634463  2059.43955191 2046.33985458
 2024.93492533 1996.5540463  2014.7241446  1994.34013218 2012.84487648
 2012.38061753 1995.94218155 2034.00231565 2015.49658495 2027.56800019
 2027.27239182 2030.36321915 2019.06985117 2012.89450996 2058.70265049
 2040.20330665 2007.50040716 1972.70193069 1963.87090653 2010.63979934
 1982.80243902 1956.02805619 1957.79340246 1955.5105253  2004.0116378
 1956.60104652 1989.78836817 1981.76462959 2006.1773673  2014.47845643
 2044.53690523 2043.25322467 2012.48188102 2030.91789094 2032.91052542
 2005.55632305 2014.66778276 1970.60020885 1970.55730618 1942.19532868
 1927.04472444 1936.03783124 1910.16868246 1888.49200943 1918.7049167
 1940.6886193  1930.22445056 1925.48878709 1949.09208605 1957.61488704
 1939.75988516 1938.35879005 1904.6655324  1910.17734817 1911.19425082
 1919.51794639 1924.58044032 1937.63750705 1943.79743373 1942.57447575
 1902.93880026 1889.33222144 1894.34033534 1917.88400086 1917.48477862
 1911.80323985 1895.73535397 1921.78281953 1911.7914284  1936.97644051
 1944.66044489 1937.43803908 1894.26499265 1922.19629114 1942.55996524
 1899.61410639 1869.7656815  1871.59314636 1865.3155186  1864.44358402
 1888.00458128 1890.13956948 1866.36193545 1871.72068435 1878.05434774
 1876.70379986 1849.43782463 1847.58612276 1842.34823178 1878.85994302
 1888.15431039 1859.22184319 1850.34050199 1847.98392665 1865.58636219
 1871.94191188 1870.32094671 1861.6866821  1869.20092599 1884.5694484
 1905.01306808 1884.88433214 1865.59989781 1903.77648521 1926.19075081
 1905.68245718 1917.06374113 1901.43199244 1924.70348708 1927.85483054
 1966.37502164 1954.70621441 1931.33764331 1934.86696635 1967.22856485
 1946.69795621 1944.49267057 1958.06936654 1957.58774189 1946.02668792
 1990.3579811  1975.1931732  1994.63666702 2026.97944633 2022.44602432
 2048.59086644 2070.96338342 2086.09386002 2096.38271266 2097.29577077
 2100.11609742 2177.37415288 2144.05033605 2094.88241311 2100.0692587
 2102.93432498 2114.82705904 2103.34909264 2114.92596776 2098.7638527
 2125.18342653 2148.93830672 2133.1203246  2122.77050533 2111.9324329
 2150.17718026 2110.77777383 2167.595524   2185.90127932 2191.08091155
 2146.29984886 2117.8528907  2105.92557591 2076.5175353  2112.51641385
 2097.59185421 2075.26344256 2069.30169401 2086.64679332 2083.19255304
 2121.74512348 2129.29781635 2086.31527219 2130.18052376 2130.0826069
 2126.11583534 2083.03796911 2130.71928934 2087.07112651 2097.33093987
 2051.35209286 2027.69043577 2032.96194874 2011.26505995 2000.4778499
 2019.63458973 2032.76469574 2028.23823926 2044.86448413 2070.94111741
 2108.85551663 2137.47159135 2129.62203104 2121.42057714 2066.47288281
 2038.16091864 2007.74238223 1966.66480014 2014.07552504 1983.39317877
 1985.63394043 1998.28649373 1967.67369992 1968.19479046 1958.72573259
 1953.40007532 1908.12091567 1921.78845442 1901.03987614 1904.2421752
 1906.21282861 1922.0601321  1948.60977787 1962.49976386 1982.4911106
 1957.73704243 1968.87298712 1936.05596463 1910.23052886 1891.66492144
 1888.96892513 1873.59314988 1879.82502928 1858.69892887 1894.13656869
 1908.42441509 1913.5588621  1914.79310804 1938.91494131 1892.13585927
 1874.25210775 1887.45168898 1906.33520215 1898.5632245  1845.85858085
 1838.38216465 1838.13801243 1858.6704676  1848.44253497 1811.01266905
 1812.60619827 1828.39295721 1814.9519066  1843.01435032 1852.49776327
 1863.06525269 1886.55964978 1895.31370409 1852.44075291 1892.19871004
 1898.94326682 1925.82252187 1906.72931816 1907.02104346 1868.91468941
 1885.48787449 1869.88237302 1885.27995797 1873.94361401 1867.10293037
 1883.79133881 1885.10590678 1877.82670583 1905.46876436 1893.21706927
 1889.69635316 1879.10007417 1917.59332802 1899.72855698 1874.95004348
 1916.35966859 1904.6771502  1923.18822148 1950.75489546 1932.71208184
 1961.43776774 1967.10424584 2014.48864127 2009.14848686 2004.96758337
 2000.5020187  2005.27761902 2016.53967543 2006.46779141 2006.04350949
 2027.56164465 1994.73903976 2001.66701804 1989.84815172 1984.20508855
 1944.3510787  1960.97492071 1945.24887463 1941.74483011 1924.22319618
 1936.96277242 1925.55302717 1956.27871586 1952.82078091 1939.71779348
 1947.8172935  1962.55364119 1936.85394609 1936.61968056 1943.97648383
 1933.33076095 1964.89494257 1954.28933823 1937.33001491 1932.05700562
 1965.66896261 1917.49920185 1888.4101471  1898.95196944 1892.97262397
 1906.01882525 1907.34903449 1907.72738944 1878.36686186 1860.66131239
 1892.33052936 1881.55443861 1887.92502694 1923.39338578 1934.69154591
 1937.98916206 1950.56851686 1928.97456746 1958.51626702 1954.52055252
 1939.95011136 1915.20752587 1901.44695592 1872.56636373 1842.71117518
 1847.80023862 1874.11231634 1891.0921807  1869.17235261 1875.42594511
 1888.8358593  1912.98398971 1967.67044596 1953.01722098 1941.57734426
 1908.94356667 1940.65710899 1966.80418152 1995.69931364 1998.75321902
 2014.4734327  2041.41521261 2037.73322234 2006.0005674  1980.64611448
 1964.10770514 1952.33494795 1981.59918415 2018.25597651 2017.04499499
 2047.88832136 2032.05905034 2010.49736659 2077.56756381 2059.34580358
 2053.13081719           inf 2095.29642935 2084.65997435 2084.81533575
 2104.06600853 2041.47949668 2021.60976056 2026.27862825 2033.30317684
 1999.25828407 2028.55801996 2004.57567025 2035.25269674 2019.26180289
 2072.35734506 2071.74730441 2093.2220271  2025.45767956 1993.91244154
 1980.24612253 1943.68992596 1887.68036597 1873.55320211 1872.87832359
 1914.64626844 1907.72032839 1922.32673655 1933.27723287 1905.65225072
 1870.54075172 1915.46849249 1905.15580519 1933.11135402 1981.56507033
 1956.37603391 1951.0736483  1935.37655334 1958.86063411 1968.61884109
 1964.18504497 1938.8560159  1935.32557343 1933.57380978 1928.14197605
 1937.19301238 1923.57740487 1914.39890716 1918.01878083 1917.37913423
 1924.91449472 1943.83695829 1916.54398911 1942.21459721 1922.40655578
 1935.24919226 1946.16788651 1969.10179245 1933.11970049 1958.56577873
 1976.88096307 1989.45571099 1980.93896361 1989.8930902  1978.22522851
 1958.62371577 1976.64854065 1982.18803281 2035.84934906 2079.44405483
 2075.25099394 2056.56849828 2046.32910576 2016.08151095 1959.87565517
 1925.00651298 1926.58179959 1899.71217313 1876.1671257  1844.56265138
 1849.34804913 1851.41483291 1886.12219803 1895.22312625 1827.93151663
 1863.58769307 1833.51697402 1878.81643459 1857.22355773 1845.43268297
 1909.86601619 1893.07810483 1928.32596837 1935.85480418 1953.72732379
 1901.16035811 1887.30450879 1866.71588806 1880.18369734 1915.29062729
 1899.05541448 1922.25894535 1950.98766177 1896.07267236 1875.73130602
 1820.30879113 1835.45713975 1865.81852286 1886.90199079 1897.94665294
 1932.72216484 1970.36241856 1970.77637145 1966.90128433 1963.58414732
 1983.84303642 1982.78876321 2014.44972905 1989.68565943 1971.95443642
 1945.25746929 1942.39464496 1940.02041579 1905.25919346 1900.5841441
 1863.03539449 1872.57213111 1828.63002471 1833.39061775 1806.6304589
 1830.66891635 1852.0465608  1886.49545627 1882.35073093 1902.66644227
 1903.86380508 1861.73863748 1915.75618741 1929.36492994 1917.19175256
 1932.67118592 1940.17385495 1939.41548727 1908.29052745 1899.43218757
 1838.365695   1813.61619658 1836.26208664 1848.50181532 1877.05975217
 1878.25513721 1844.82341554 1866.94215909 1819.68544652 1856.54605662
 1838.78557554 1836.97243107 1842.3504787  1843.76942623 1861.21094926
 1886.51156161 1900.66825681 1894.84905585 1842.80394329 1850.54992641
 1898.99933953 1915.15554307 1926.89077178 1943.20973495 1912.02617481
 1914.5194802  1861.89692499 1832.61340009 1869.20144608 1884.79052122
 1858.27806387 1886.01104264 1876.68117363 1871.6948649  1903.52095546
 1887.32104639 1882.94450472 1881.4707991  1934.96353687 1971.03658271
 1947.90366873 1936.59034369 1912.47581453 1942.73672231 1959.13600135
 1936.24243049 1958.99196786 1959.20815294 1971.54273203 1950.36214193
 1928.91033056 1967.4703786  1906.28896234 1878.51314675 1871.92619297
 1872.59262205] 

Feasible stats: [( 0.,   0.) ( 0., 100.) ( 0., 100.) (50.,  50.) (50.,  50.) (38.,  62.)
 (38.,  62.) (40.,  60.) (40.,  60.) (15.,  85.) (15.,  85.) (15.,  85.)
 (15.,  85.) (20.,  80.) (20.,  80.) (19.,  81.) (19.,  81.) (32.,  68.)
 (32.,  68.) (18.,  82.) (18.,  82.) (35.,  65.) (35.,  65.) (35.,  65.)
 (35.,  65.) (47.,  53.) (47.,  53.) (38.,  62.) (38.,  62.) (28.,  72.)
 (28.,  72.) (27.,  73.) (27.,  73.) (36.,  64.) (36.,  64.) (45.,  55.)
 (45.,  55.) (39.,  61.) (39.,  61.) (45.,  55.) (45.,  55.) (47.,  53.)
 (47.,  53.) (35.,  65.) (35.,  65.) (45.,  55.) (45.,  55.) (35.,  65.)
 (35.,  65.) (43.,  57.) (43.,  57.) (44.,  56.) (44.,  56.) (44.,  56.)
 (44.,  56.) (41.,  59.) (41.,  59.) (42.,  58.) (42.,  58.) (42.,  58.)
 (42.,  58.) (41.,  59.) (41.,  59.) (42.,  58.) (42.,  58.) (56.,  44.)
 (56.,  44.) (46.,  54.) (46.,  54.) (53.,  47.) (53.,  47.) (51.,  49.)
 (51.,  49.) (63.,  37.) (63.,  37.) (54.,  46.) (54.,  46.) (61.,  39.)
 (61.,  39.) (60.,  40.) (60.,  40.) (54.,  46.) (54.,  46.) (38.,  62.)
 (38.,  62.) (37.,  63.) (37.,  63.) (40.,  60.) (40.,  60.) (62.,  38.)
 (62.,  38.) (59.,  41.) (59.,  41.) (51.,  49.) (51.,  49.) (37.,  63.)
 (37.,  63.) (36.,  64.) (36.,  64.) (49.,  51.) (49.,  51.) (41.,  59.)
 (41.,  59.) (40.,  60.) (40.,  60.) (49.,  51.) (49.,  51.) (61.,  39.)
 (61.,  39.) (58.,  42.) (58.,  42.) (56.,  44.) (56.,  44.) (55.,  45.)
 (55.,  45.) (57.,  43.) (57.,  43.) (57.,  43.) (57.,  43.) (53.,  47.)
 (53.,  47.) (51.,  49.) (51.,  49.) (66.,  34.) (66.,  34.) (76.,  24.)
 (76.,  24.) (64.,  36.) (64.,  36.) (77.,  23.) (77.,  23.) (74.,  26.)
 (74.,  26.) (67.,  33.) (67.,  33.) (61.,  39.) (61.,  39.) (62.,  38.)
 (62.,  38.) (57.,  43.) (57.,  43.) (60.,  40.) (60.,  40.) (63.,  37.)
 (63.,  37.) (49.,  51.) (49.,  51.) (61.,  39.) (61.,  39.) (53.,  47.)
 (53.,  47.) (51.,  49.) (51.,  49.) (44.,  56.) (44.,  56.) (46.,  54.)
 (46.,  54.) (59.,  41.) (59.,  41.) (50.,  50.) (50.,  50.) (61.,  39.)
 (61.,  39.) (57.,  43.) (57.,  43.) (65.,  35.) (65.,  35.) (54.,  46.)
 (54.,  46.) (56.,  44.) (56.,  44.) (46.,  54.) (46.,  54.) (48.,  52.)
 (48.,  52.) (48.,  52.) (48.,  52.) (52.,  48.) (52.,  48.) (68.,  32.)
 (68.,  32.) (70.,  30.) (70.,  30.) (61.,  39.) (61.,  39.) (59.,  41.)
 (59.,  41.) (60.,  40.) (60.,  40.) (63.,  37.) (63.,  37.) (71.,  29.)
 (71.,  29.) (73.,  27.) (73.,  27.) (57.,  43.) (57.,  43.) (61.,  39.)
 (61.,  39.) (76.,  24.) (76.,  24.) (75.,  25.) (75.,  25.) (72.,  28.)
 (72.,  28.) (75.,  25.) (75.,  25.) (68.,  32.) (68.,  32.) (63.,  37.)
 (63.,  37.) (66.,  34.) (66.,  34.) (60.,  40.) (60.,  40.) (66.,  34.)
 (66.,  34.) (55.,  45.) (55.,  45.) (68.,  32.) (68.,  32.) (83.,  17.)
 (83.,  17.) (90.,  10.) (90.,  10.) (89.,  11.) (89.,  11.) (87.,  13.)
 (87.,  13.) (76.,  24.) (76.,  24.) (82.,  18.) (82.,  18.) (80.,  20.)
 (80.,  20.) (76.,  24.) (76.,  24.) (70.,  30.) (70.,  30.) (72.,  28.)
 (72.,  28.) (77.,  23.) (77.,  23.) (69.,  31.) (69.,  31.) (65.,  35.)
 (65.,  35.) (52.,  48.) (52.,  48.) (49.,  51.) (49.,  51.) (57.,  43.)
 (57.,  43.) (55.,  45.) (55.,  45.) (55.,  45.) (55.,  45.) (66.,  34.)
 (66.,  34.) (77.,  23.) (77.,  23.) (85.,  15.) (85.,  15.) (80.,  20.)
 (80.,  20.) (87.,  13.) (87.,  13.) (82.,  18.) (82.,  18.) (74.,  26.)
 (74.,  26.) (82.,  18.) (82.,  18.) (86.,  14.) (86.,  14.) (83.,  17.)
 (83.,  17.) (94.,   6.) (94.,   6.) (77.,  23.) (77.,  23.) (79.,  21.)
 (79.,  21.) (83.,  17.) (83.,  17.) (70.,  30.) (70.,  30.) (66.,  34.)
 (66.,  34.) (77.,  23.) (77.,  23.) (69.,  31.) (69.,  31.) (77.,  23.)
 (77.,  23.) (68.,  32.) (68.,  32.) (58.,  42.) (58.,  42.) (66.,  34.)
 (66.,  34.) (70.,  30.) (70.,  30.) (65.,  35.) (65.,  35.) (67.,  33.)
 (67.,  33.) (76.,  24.) (76.,  24.) (65.,  35.) (65.,  35.) (71.,  29.)
 (71.,  29.) (55.,  45.) (55.,  45.) (63.,  37.) (63.,  37.) (55.,  45.)
 (55.,  45.) (51.,  49.) (51.,  49.) (57.,  43.) (57.,  43.) (50.,  50.)
 (50.,  50.) (57.,  43.) (57.,  43.) (63.,  37.) (63.,  37.) (50.,  50.)
 (50.,  50.) (49.,  51.) (49.,  51.) (49.,  51.) (49.,  51.) (54.,  46.)
 (54.,  46.) (63.,  37.) (63.,  37.) (68.,  32.) (68.,  32.) (66.,  34.)
 (66.,  34.) (79.,  21.) (79.,  21.) (75.,  25.) (75.,  25.) (66.,  34.)
 (66.,  34.) (68.,  32.) (68.,  32.) (69.,  31.) (69.,  31.) (72.,  28.)
 (72.,  28.) (65.,  35.) (65.,  35.) (76.,  24.) (76.,  24.) (66.,  34.)
 (66.,  34.) (62.,  38.) (62.,  38.) (66.,  34.) (66.,  34.) (70.,  30.)
 (70.,  30.) (67.,  33.) (67.,  33.) (67.,  33.) (67.,  33.) (58.,  42.)
 (58.,  42.) (55.,  45.) (55.,  45.) (56.,  44.) (56.,  44.) (49.,  51.)
 (49.,  51.) (55.,  45.) (55.,  45.) (53.,  47.) (53.,  47.) (47.,  53.)
 (47.,  53.) (61.,  39.) (61.,  39.) (53.,  47.) (53.,  47.) (57.,  43.)
 (57.,  43.) (60.,  40.) (60.,  40.) (49.,  51.) (49.,  51.) (64.,  36.)
 (64.,  36.) (65.,  35.) (65.,  35.) (53.,  47.) (53.,  47.) (53.,  47.)
 (53.,  47.) (54.,  46.) (54.,  46.) (49.,  51.) (49.,  51.) (58.,  42.)
 (58.,  42.) (57.,  43.) (57.,  43.) (49.,  51.) (49.,  51.) (36.,  64.)
 (36.,  64.) (33.,  67.) (33.,  67.) (35.,  65.) (35.,  65.) (44.,  56.)
 (44.,  56.) (36.,  64.) (36.,  64.) (48.,  52.) (48.,  52.) (57.,  43.)
 (57.,  43.) (61.,  39.) (61.,  39.) (57.,  43.) (57.,  43.) (70.,  30.)
 (70.,  30.) (74.,  26.) (74.,  26.) (70.,  30.) (70.,  30.) (81.,  19.)
 (81.,  19.) (76.,  24.) (76.,  24.) (74.,  26.) (74.,  26.) (73.,  27.)
 (73.,  27.) (68.,  32.) (68.,  32.) (74.,  26.) (74.,  26.) (70.,  30.)
 (70.,  30.) (81.,  19.) (81.,  19.) (76.,  24.) (76.,  24.) (55.,  45.)
 (55.,  45.) (67.,  33.) (67.,  33.) (56.,  44.) (56.,  44.) (48.,  52.)
 (48.,  52.) (64.,  36.) (64.,  36.) (71.,  29.) (71.,  29.) (73.,  27.)
 (73.,  27.) (68.,  32.) (68.,  32.) (70.,  30.) (70.,  30.) (52.,  48.)
 (52.,  48.) (52.,  48.) (52.,  48.) (53.,  47.) (53.,  47.) (60.,  40.)
 (60.,  40.) (61.,  39.) (61.,  39.) (57.,  43.) (57.,  43.) (72.,  28.)
 (72.,  28.) (76.,  24.) (76.,  24.) (63.,  37.) (63.,  37.) (57.,  43.)
 (57.,  43.) (58.,  42.) (58.,  42.) (49.,  51.) (49.,  51.) (51.,  49.)
 (51.,  49.) (72.,  28.) (72.,  28.) (72.,  28.) (72.,  28.) (79.,  21.)
 (79.,  21.) (76.,  24.) (76.,  24.) (68.,  32.) (68.,  32.) (68.,  32.)
 (68.,  32.) (62.,  38.) (62.,  38.) (75.,  25.) (75.,  25.) (68.,  32.)
 (68.,  32.) (68.,  32.) (68.,  32.) (70.,  30.) (70.,  30.) (73.,  27.)
 (73.,  27.) (71.,  29.) (71.,  29.) (80.,  20.) (80.,  20.) (84.,  16.)
 (84.,  16.) (82.,  18.) (82.,  18.) (90.,  10.) (90.,  10.) (84.,  16.)
 (84.,  16.) (87.,  13.) (87.,  13.) (90.,  10.) (90.,  10.) (86.,  14.)
 (86.,  14.) (81.,  19.) (81.,  19.) (86.,  14.) (86.,  14.) (80.,  20.)
 (80.,  20.) (71.,  29.) (71.,  29.) (69.,  31.) (69.,  31.) (65.,  35.)
 (65.,  35.) (69.,  31.) (69.,  31.) (79.,  21.) (79.,  21.) (82.,  18.)
 (82.,  18.) (86.,  14.) (86.,  14.) (79.,  21.) (79.,  21.) (78.,  22.)
 (78.,  22.) (84.,  16.) (84.,  16.) (76.,  24.) (76.,  24.) (69.,  31.)
 (69.,  31.) (63.,  37.) (63.,  37.) (64.,  36.) (64.,  36.) (66.,  34.)
 (66.,  34.) (64.,  36.) (64.,  36.) (69.,  31.) (69.,  31.) (58.,  42.)
 (58.,  42.) (50.,  50.) (50.,  50.) (58.,  42.) (58.,  42.) (60.,  40.)
 (60.,  40.) (63.,  37.) (63.,  37.) (57.,  43.) (57.,  43.) (45.,  55.)
 (45.,  55.) (49.,  51.) (49.,  51.) (47.,  53.) (47.,  53.) (66.,  34.)
 (66.,  34.) (68.,  32.) (68.,  32.) (64.,  36.) (64.,  36.) (58.,  42.)
 (58.,  42.) (67.,  33.) (67.,  33.) (53.,  47.) (53.,  47.) (49.,  51.)
 (49.,  51.) (62.,  38.) (62.,  38.) (65.,  35.) (65.,  35.) (71.,  29.)
 (71.,  29.) (70.,  30.) (70.,  30.) (73.,  27.) (73.,  27.) (75.,  25.)
 (75.,  25.) (69.,  31.) (69.,  31.) (74.,  26.) (74.,  26.) (74.,  26.)
 (74.,  26.) (83.,  17.) (83.,  17.) (89.,  11.) (89.,  11.) (88.,  12.)
 (88.,  12.) (90.,  10.) (90.,  10.) (83.,  17.) (83.,  17.) (86.,  14.)
 (86.,  14.) (79.,  21.) (79.,  21.) (82.,  18.) (82.,  18.) (80.,  20.)
 (80.,  20.) (78.,  22.) (78.,  22.) (77.,  23.) (77.,  23.) (76.,  24.)
 (76.,  24.) (84.,  16.) (84.,  16.) (87.,  13.) (87.,  13.) (87.,  13.)
 (87.,  13.) (77.,  23.) (77.,  23.) (88.,  12.) (88.,  12.) (86.,  14.)
 (86.,  14.) (83.,  17.) (83.,  17.) (82.,  18.) (82.,  18.) (87.,  13.)
 (87.,  13.) (86.,  14.) (86.,  14.) (85.,  15.) (85.,  15.) (92.,   8.)
 (92.,   8.) (91.,   9.) (91.,   9.) (88.,  12.) (88.,  12.) (84.,  16.)
 (84.,  16.) (91.,   9.) (91.,   9.) (83.,  17.) (83.,  17.) (88.,  12.)
 (88.,  12.) (88.,  12.) (88.,  12.) (84.,  16.) (84.,  16.) (55.,  45.)
 (55.,  45.) (68.,  32.) (68.,  32.) (78.,  22.) (78.,  22.) (85.,  15.)
 (85.,  15.) (90.,  10.) (90.,  10.) (86.,  14.) (86.,  14.) (71.,  29.)
 (71.,  29.) (69.,  31.) (69.,  31.) (69.,  31.) (69.,  31.) (69.,  31.)
 (69.,  31.) (66.,  34.) (66.,  34.) (60.,  40.) (60.,  40.) (69.,  31.)
 (69.,  31.) (65.,  35.) (65.,  35.) (73.,  27.) (73.,  27.) (75.,  25.)
 (75.,  25.) (62.,  38.) (62.,  38.) (73.,  27.) (73.,  27.) (72.,  28.)
 (72.,  28.) (77.,  23.) (77.,  23.) (76.,  24.) (76.,  24.) (76.,  24.)
 (76.,  24.) (73.,  27.) (73.,  27.) (70.,  30.) (70.,  30.) (69.,  31.)
 (69.,  31.) (79.,  21.) (79.,  21.) (83.,  17.) (83.,  17.) (90.,  10.)
 (90.,  10.) (83.,  17.) (83.,  17.) (82.,  18.) (82.,  18.) (90.,  10.)
 (90.,  10.) (86.,  14.) (86.,  14.) (81.,  19.) (81.,  19.) (81.,  19.)
 (81.,  19.) (84.,  16.) (84.,  16.) (81.,  19.) (81.,  19.) (81.,  19.)
 (81.,  19.) (87.,  13.) (87.,  13.) (88.,  12.) (88.,  12.) (80.,  20.)
 (80.,  20.) (84.,  16.) (84.,  16.) (83.,  17.) (83.,  17.) (77.,  23.)
 (77.,  23.) (83.,  17.) (83.,  17.) (75.,  25.) (75.,  25.) (69.,  31.)
 (69.,  31.) (73.,  27.) (73.,  27.) (78.,  22.) (78.,  22.) (62.,  38.)
 (62.,  38.) (70.,  30.) (70.,  30.) (69.,  31.) (69.,  31.) (70.,  30.)
 (70.,  30.) (65.,  35.) (65.,  35.) (57.,  43.) (57.,  43.) (58.,  42.)
 (58.,  42.) (60.,  40.) (60.,  40.) (64.,  36.) (64.,  36.) (54.,  46.)
 (54.,  46.) (57.,  43.) (57.,  43.) (56.,  44.) (56.,  44.) (66.,  34.)
 (66.,  34.) (71.,  29.) (71.,  29.) (73.,  27.) (73.,  27.) (72.,  28.)
 (72.,  28.) (63.,  37.) (63.,  37.) (67.,  33.) (67.,  33.) (72.,  28.)
 (72.,  28.) (73.,  27.) (73.,  27.) (86.,  14.) (86.,  14.) (61.,  39.)
 (61.,  39.) (74.,  26.) (74.,  26.) (85.,  15.) (85.,  15.) (85.,  15.)
 (85.,  15.) (82.,  18.) (82.,  18.) (87.,  13.) (87.,  13.) (74.,  26.)
 (74.,  26.) (66.,  34.) (66.,  34.) (63.,  37.) (63.,  37.) (66.,  34.)
 (66.,  34.) (57.,  43.) (57.,  43.) (69.,  31.) (69.,  31.) (64.,  36.)
 (64.,  36.) (60.,  40.) (60.,  40.) (62.,  38.) (62.,  38.) (60.,  40.)
 (60.,  40.) (59.,  41.) (59.,  41.) (62.,  38.) (62.,  38.) (55.,  45.)
 (55.,  45.) (57.,  43.) (57.,  43.) (63.,  37.) (63.,  37.) (77.,  23.)
 (77.,  23.) (82.,  18.) (82.,  18.) (90.,  10.) (90.,  10.) (78.,  22.)
 (78.,  22.) (64.,  36.) (64.,  36.) (72.,  28.) (72.,  28.) (69.,  31.)
 (69.,  31.) (76.,  24.) (76.,  24.) (80.,  20.) (80.,  20.) (82.,  18.)
 (82.,  18.) (82.,  18.) (82.,  18.) (83.,  17.) (83.,  17.) (79.,  21.)
 (79.,  21.) (84.,  16.) (84.,  16.) (79.,  21.) (79.,  21.) (87.,  13.)
 (87.,  13.) (80.,  20.) (80.,  20.) (65.,  35.) (65.,  35.) (58.,  42.)
 (58.,  42.) (58.,  42.) (58.,  42.) (70.,  30.) (70.,  30.) (79.,  21.)
 (79.,  21.) (66.,  34.) (66.,  34.) (65.,  35.) (65.,  35.) (70.,  30.)
 (70.,  30.) (76.,  24.) (76.,  24.) (72.,  28.) (72.,  28.) (70.,  30.)
 (70.,  30.) (68.,  32.) (68.,  32.) (71.,  29.) (71.,  29.) (73.,  27.)
 (73.,  27.) (66.,  34.) (66.,  34.) (65.,  35.) (65.,  35.) (73.,  27.)
 (73.,  27.) (58.,  42.) (58.,  42.) (52.,  48.) (52.,  48.) (68.,  32.)
 (68.,  32.) (69.,  31.) (69.,  31.) (71.,  29.) (71.,  29.) (72.,  28.)
 (72.,  28.) (74.,  26.) (74.,  26.) (69.,  31.) (69.,  31.) (73.,  27.)
 (73.,  27.) (71.,  29.) (71.,  29.) (58.,  42.) (58.,  42.) (71.,  29.)
 (71.,  29.) (53.,  47.) (53.,  47.) (69.,  31.) (69.,  31.) (77.,  23.)
 (77.,  23.) (77.,  23.) (77.,  23.) (85.,  15.) (85.,  15.) (69.,  31.)
 (69.,  31.) (72.,  28.) (72.,  28.) (70.,  30.) (70.,  30.) (79.,  21.)
 (79.,  21.) (77.,  23.) (77.,  23.) (72.,  28.) (72.,  28.) (74.,  26.)
 (74.,  26.) (71.,  29.) (71.,  29.) (70.,  30.) (70.,  30.) (69.,  31.)
 (69.,  31.) (70.,  30.) (70.,  30.) (73.,  27.) (73.,  27.)] 
Solution Description: 
p: [  0.          78.51470843 139.9797077  158.74416974 161.02767319
 178.56321435   0.          59.14933511  64.84112804  88.29991547
 111.54208109 113.40781328 158.08031869 255.34170543 268.5782846
 269.21286874 269.99872758 275.84415922 294.52154544 298.07470658
 309.24796286 329.86714159   0.          70.64815698 119.80197979
 119.81540429 129.04015083 136.61657625 194.59763591 256.98404105
 261.83726917 390.97419576 406.54055926 410.68883187 420.30188089
 500.9486719  501.61699368 518.49502482 589.14199665 590.8767023
 659.7795185  686.96853437 770.84515281 771.30560573   0.
  10.51101384  58.40840884  88.47825397  88.50382322  97.99646044
 142.93787168 163.17688523] 
pred: [ 0  0  0  0  3  4  0  0  0  0  0  0  5  5  5  5  5  5 11 11 11 11  0  0
  0  0  0  0  0  0  0  8  8  8  8 12 12 12 12 12 17 17 17 17  0  0  0  0
  0  0  0  0] 
distance [  0.          78.51470843 139.9797077  158.74416974   2.28350345
  17.53554117   0.          59.14933511  64.84112804  88.29991547
 111.54208109 113.40781328  44.67250541 141.93389216 155.17047132
 155.80505546 156.59091431 162.43634594  18.67738622  22.23054736
  33.40380365  54.02298237   0.          70.64815698 119.80197979
 119.81540429 129.04015083 136.61657625 194.59763591 256.98404105
 261.83726917 129.13692659 144.70329008 148.85156269 158.46461172
  80.64679101  81.31511279  98.19314393 168.84011576 170.57482141
  68.9028162   96.09183207 179.96845051 180.42890343   0.
  10.51101384  58.40840884  88.47825397  88.50382322  97.99646044
 142.93787168 163.17688523]
load: [ 0 22 41 65 11 13  0  5 21 37 47 54 14 35 41 60 73 89 22 40 65 86  0 10
 23 26 34 44 48 63 88  9 28 40 49 20 40 52 57 74 16 21 24 33  0  8 22 28
 42 55 70 95] 
time: [  0.          75.         169.         459.         322.
 170.           0.         160.         389.         429.23624841
 482.7068307  519.41502215 159.         211.76017815 271.
 308.         337.56573587 456.         182.         195.18455016
 202.9955528  371.           0.         200.         231.58300332
 253.99449257 278.71730131 321.         368.41520985 457.
 550.53429536 108.         140.15799758 399.         412.17329674
 215.         229.24054306 317.         444.         473.95303324
 192.         233.04333374 319.         387.22169751   0.
 121.         329.         352.76536142 378.         422.56770213
 455.45127375 493.90307857] 
time warps: [0 0 0 0 0 0 0 0 0 0 0 0 0 0 0 0 0 0 0 0 0 0 0 0 0 0 0 0 0 0 0 0 0 0 0 0 0
 0 0 0 0 0 0 0 0 0 0 0 0 0 0 0] 
duration: [  0.         103.51470843 220.09923223 490.11641965  11.28350345
  23.53554117   0.          76.14933511 311.99011944 358.44890688
 398.6910725  404.55680468  48.67250541 155.93389216 221.72000432
 251.88524176 274.67110061 353.73752378  24.67738622  29.23054736
  49.40380365 233.55085443   0.          77.64815698 133.80197979
 137.81540429 157.04015083 191.17055234 272.15161201 386.53950142
 409.39272955 131.13692659 167.70329008 373.90792672 389.52097574
  85.64679101  94.31511279 180.05235004 332.14870542 348.88341106
  78.9028162  130.09183207 246.98622998 263.44668291   0.
  17.51101384 244.72426381 276.79410893 305.6796988  325.17233601
 392.11374726 416.3527608 ]

All individuals: [(76, [ 5, 15, 21,  7, 42, 46, 43, 37,  7,  6,  3, 27, 48, 11, 35, 47, 12, 24, 39, 32, 34, 10, 45, 22, 31,  9, 44, 41, 36, 15, 40, 16, 13, 33,  1, 28,  8, 29,  5, 17, 18, 20,  4, 19, 14,  2, 25, 26, 23, 30, 38, 21], 1442.9128469 , 1442.9128469 , 0.,  0.        ,  0.        , 0., 0, 0, 0.)
 (76, [ 5, 15, 21,  7, 42, 46, 43, 37,  7,  6,  3, 27, 48, 11, 35, 47, 12, 24, 39, 32, 34, 10, 45, 22, 31,  9, 44, 41, 36, 15, 40, 16, 13, 33,  1, 28,  8, 29,  5, 17, 18, 20,  4, 19, 14,  2, 25, 26, 23, 30, 38, 21], 1442.9128469 , 1442.9128469 , 0.,  0.        ,  0.        , 0., 0, 0, 0.)
 (76, [ 5, 15, 21,  7, 42, 46, 43, 37,  7,  6,  3, 27, 48, 11, 35, 47, 12, 24, 39, 32, 34, 10, 45, 22, 31,  9, 44, 41, 36, 15, 40, 16, 13, 33,  1, 28,  8, 29,  5, 17, 18, 20,  4, 19, 14,  2, 25, 26, 23, 30, 38, 21], 1442.9128469 , 1442.9128469 , 0.,  0.        ,  0.        , 0., 0, 0, 0.)
 (76, [ 5, 15, 21,  7, 42, 46, 43, 37,  7,  6,  3, 27, 48, 11, 35, 47, 12, 24, 39, 32, 34, 10, 45, 22, 31,  9, 44, 41, 36, 15, 40, 16,  1, 28, 29, 13,  5, 19, 33,  8, 17, 18, 20,  4, 14,  2, 25, 26, 23, 30, 38, 21], 1531.61288486, 1528.53919532, 0.,  0.        ,  1.53684477, 0., 0, 0, 0.)
 (76, [ 4, 16, 21,  7, 42, 46, 43, 37,  7,  6,  3, 27, 48, 11, 35, 47, 12, 24, 39, 32, 34, 10, 45, 22, 31,  9, 44, 41, 36, 15, 40, 16,  1, 28, 29, 13,  5, 19, 33,  8, 17, 18, 20,  4, 14,  2, 25, 26, 23, 30, 38, 21], 1547.94808953, 1544.87439999, 0.,  0.        ,  1.53684477, 0., 0, 0, 0.)
 (76, [ 5, 15, 22,  6, 42, 46, 43, 37,  7,  6,  3, 27, 48, 11, 35, 47, 12, 24, 39, 32, 34, 10, 45, 22, 31,  9, 44, 41, 36, 15, 40, 16, 13, 33,  1, 28,  8, 29,  5, 20, 26, 17, 18,  4, 19, 14, 30, 38,  2, 25, 23, 21], 1556.02832052, 1556.02832052, 0.,  0.        ,  0.        , 0., 0, 0, 0.)
 (76, [ 7, 13, 21,  7, 42, 46, 43, 37,  7,  6,  3, 27, 48, 11, 35, 47, 12, 24, 39, 32, 34, 10, 45, 22, 31,  9, 44, 41, 36, 15, 40, 20, 13, 33,  1, 28,  8, 29,  5, 17, 18, 16,  4, 19, 14,  2, 30, 26, 25, 23, 38, 21], 1576.32003087, 1645.64007478, 0.,  0.        ,  0.        , 0., 0, 0, 0.)
 (76, [ 8, 12, 21,  7, 42, 46, 43, 37,  7,  6,  3, 27, 48, 11, 35, 47, 12, 24, 39, 32, 34, 10, 45, 22, 31,  9, 44, 41, 36, 15, 40, 16,  1, 28, 29, 13,  5, 19, 33,  8, 17, 18, 20,  4, 14,  2, 25, 26, 23, 30, 38, 21], 1592.92894579, 1589.85525625, 0.,  0.        ,  1.53684477, 0., 0, 0, 0.)
 (76, [ 5, 15, 21,  7, 42, 46, 43, 37,  7,  6,  3, 27, 48, 11, 44, 47, 12, 24, 39, 32, 34, 10, 45, 22, 31,  9, 35, 41, 36,  1, 40, 16, 13, 33, 15, 28,  8, 29,  5, 17, 18, 20,  4, 19, 14,  2, 25, 26, 23, 30, 38, 21], 1609.39401031, 1712.04941093, 0.,  0.        ,  0.        , 0., 0, 0, 0.)
 (76, [ 7, 13, 21,  7, 42, 46, 43, 37,  7,  6,  3, 27, 48, 11, 35, 47, 12, 24, 39, 32, 34, 10, 45, 22, 31,  9, 44, 41, 36, 33, 15, 40, 20, 13,  1, 28,  8, 29,  5, 17, 18, 16,  4, 19, 14,  2, 30, 26, 25, 23, 38, 21], 1640.03335833, 1727.04081184, 0.,  0.        ,  0.        , 0., 0, 0, 0.)
 (76, [ 5, 13, 22,  8, 42, 46, 43, 37,  7,  6,  3, 27, 48, 11, 35, 47, 12, 24, 39, 32, 34, 10, 45, 22, 31,  9, 44, 41, 36, 15, 40, 16, 13, 33,  1, 28,  8, 29,  5, 17, 18, 20,  4, 19, 14,  2, 25, 26, 23, 30, 38, 21], 1685.35324015, 1685.35324015, 0.,  0.        ,  0.        , 0., 0, 0, 0.)
 (76, [ 5, 13, 22,  8, 42, 46, 43, 37,  7,  6,  3, 27, 48, 11, 35, 47, 12, 24, 39, 32, 34, 10, 45, 22, 31,  9, 44, 41, 36, 15, 40, 16, 13, 33,  1, 28,  8, 29,  5, 17, 18, 20,  4, 19, 14,  2, 25, 26, 23, 30, 38, 21], 1685.35324015, 1685.35324015, 0.,  0.        ,  0.        , 0., 0, 0, 0.)
 (76, [ 5, 13, 22,  8, 42, 46, 43, 37,  7,  6,  3, 27, 48, 11, 35, 47, 12, 24, 39, 32, 34, 10, 45, 22, 31,  9, 44, 41, 36, 15, 40, 16, 13, 33,  1, 28,  8, 29,  5, 17, 18, 20,  4, 19, 14,  2, 25, 26, 23, 30, 38, 21], 1685.35324015, 1685.35324015, 0.,  0.        ,  0.        , 0., 0, 0, 0.)
 (76, [ 5, 16, 21,  6, 42, 46, 43, 37,  7,  6,  3, 27, 48, 11, 35, 47, 12, 24, 39, 32, 34, 10, 45, 22, 31,  9, 44, 41, 36, 15, 40, 16, 30, 20, 13, 33,  1, 28,  8, 29,  5, 17, 18,  4, 19, 14,  2, 25, 26, 23, 38, 21], 1688.74478577, 1816.04588934, 0.,  0.        ,  0.        , 0., 0, 0, 0.)
 (76, [ 0, 20, 22,  6, 42, 46, 43, 37,  6,  3, 27, 48,  7, 11, 35,  2, 12, 24, 39, 32, 34, 10, 45, 22, 31,  9, 44, 41, 36, 15, 40, 16, 13, 33,  1, 28,  8, 29,  5, 17, 18, 20,  4, 19, 14, 47, 25, 26, 23, 30, 38, 21], 1690.84996814, 1675.88504028, 0.,  0.        ,  7.48246393, 0., 0, 0, 0.)
 (76, [ 8, 16, 21,  3, 42, 46, 43,  7,  3, 27, 48,  6, 37, 11, 35, 47, 12, 24, 39, 32, 34, 10, 45, 22, 31,  9, 44, 41, 36, 15, 40, 16, 13, 33,  1, 28,  8, 29,  5, 17, 18, 20,  4, 19, 14, 26,  2, 25, 23, 30, 38, 21], 1692.99183817, 1681.83809975, 0.,  5.57686921,  0.        , 0., 0, 0, 0.)
 (76, [10, 16, 19,  3, 42, 46, 43, 37,  6, 11,  3, 27, 48,  7, 35, 47, 12, 24, 39, 32, 10, 45, 22, 34, 31,  9, 44, 41, 36, 15, 40, 16, 13, 33,  1, 28,  8, 29,  5, 17, 18, 20,  4, 19, 14, 26,  2, 25, 23, 30, 38, 21], 1698.16197255, 1750.46602536, 0.,  5.57686921,  0.        , 0., 0, 0, 0.)
 (76, [ 5, 16, 21,  6, 42, 46, 43, 37,  7,  6,  3, 27, 48, 11, 35, 47, 12, 24, 39, 32, 34, 10, 45, 22, 31,  9, 44, 41, 36, 15, 40, 16, 13, 33,  1, 28,  8, 29,  5, 20, 26, 17, 18,  4, 19, 14, 30, 38, 25,  2, 23, 21], 1700.82235154, 1758.8034112 , 0.,  0.        ,  0.        , 0., 0, 0, 0.)
 (76, [ 5, 13, 22,  8, 42, 46, 43, 37,  7,  6,  3, 27, 48, 11, 35, 47, 12, 24, 39, 32, 34, 10, 45, 22, 31,  9, 44, 41, 36, 15, 40, 14, 13, 33,  1, 28,  8, 29,  5, 17, 18, 20,  4, 19, 16,  2, 25, 26, 23, 30, 38, 21], 1702.03076263, 1702.03076263, 0.,  0.        ,  0.        , 0., 0, 0, 0.)
 (76, [ 4, 19, 17,  8, 42, 46, 43, 37,  7,  6,  3, 27, 48, 11, 35, 47, 12, 24, 39, 32, 34, 10, 45, 22, 31,  9, 44, 41, 36,  2, 15, 40, 16, 13, 33,  1, 28,  8, 29,  5, 17, 18, 20,  4, 19, 14, 26, 25, 23, 30, 38, 21], 1704.72394585, 1704.72394585, 0.,  0.        ,  0.        , 0., 0, 0, 0.)
 (76, [ 5, 15, 20,  8, 42, 46, 43, 37,  7,  6,  3, 27, 48, 11, 35, 47, 12, 24, 39, 34, 32, 10, 45, 22, 31,  9, 44, 41, 36, 15, 40, 16, 33,  1, 13, 28,  8, 29,  5, 17, 18, 20,  4, 19, 14,  2, 25, 26, 23, 30, 38, 21], 1708.17062041, 1781.2675896 , 0.,  0.        ,  0.        , 0., 0, 0, 0.)
 (76, [ 4, 16, 21,  7, 42, 46, 43, 37,  7,  6,  3, 27, 48, 11, 35, 47, 12, 24, 39, 32, 34, 10, 45, 22, 31,  9, 44, 41, 36, 15, 40, 16, 13, 33,  1, 28,  8, 29,  5, 20, 26, 17, 18,  4, 19, 14, 30, 38, 25,  2, 23, 21], 1721.78215075, 1721.78215075, 0.,  0.        ,  0.        , 0., 0, 0, 0.)
 (76, [ 9, 13, 21,  5, 42, 46, 43, 37,  7,  6,  3, 27, 48, 11, 35, 47, 12, 24, 39, 32, 10, 45, 22, 34, 31,  9, 44, 41, 36, 15, 40, 16, 13, 25, 30, 33,  1, 28,  8, 29,  5, 17, 18, 20,  4, 19, 14,  2, 26, 23, 38, 21], 1726.16555667, 1789.62334791, 0.,  0.        ,  0.        , 0., 0, 0, 0.)
 (76, [ 7, 13, 18, 10, 46, 42, 43, 37,  7,  6,  3, 27, 48, 11, 35, 47, 12, 24, 39, 32, 34, 10, 45, 22, 31,  9, 44, 41, 36, 15, 40, 16, 13, 33,  1, 28,  8, 29,  5, 17, 18, 20,  4, 19, 14,  2, 25, 26, 23, 30, 38, 21], 1727.17659047, 1727.17659047, 0.,  0.        ,  0.        , 0., 0, 0, 0.)
 (76, [ 8, 15, 21,  4, 42, 46, 43, 37, 22,  6,  3, 27, 48, 11, 35, 47, 12, 24, 39, 32, 34, 10, 45,  7, 31,  9, 44, 41, 25, 30, 40,  2, 36, 15, 16, 13, 33,  1, 28,  8, 29,  5, 17, 18, 20,  4, 19, 14, 26, 23, 38, 21], 1729.89552129, 1807.05358592, 0.,  0.        ,  0.        , 0., 0, 0, 0.)
 (76, [ 8, 16, 20,  4, 42, 46, 43, 37,  7,  6,  3, 27, 48, 11, 35, 47, 12, 24, 39, 32, 34, 10, 45, 22, 31,  9, 44, 41, 36, 15, 40, 16, 13, 33,  1, 28,  8, 29,  5, 17, 18, 25, 30,  2, 20,  4, 19, 14, 26, 23, 38, 21], 1731.45399562, 1731.45399562, 0.,  0.        ,  0.        , 0., 0, 0, 0.)
 (76, [ 5, 16, 22,  5, 42, 46, 43, 37,  7,  6,  3, 27, 48, 11, 35, 47, 12, 24, 39, 32, 34, 10, 45, 22, 31,  9, 44, 41, 36, 15, 40, 16, 33,  1, 13, 28,  8, 29,  5, 17, 18, 20,  4, 19, 14,  2, 25, 26, 23, 30, 38, 21], 1742.90609994, 1873.9841288 , 0.,  0.        ,  0.        , 0., 0, 0, 0.)
 (76, [ 6, 13, 23,  6, 42, 46, 43, 37,  7,  6,  3, 27, 48, 11, 35, 47, 12, 24, 39, 32, 34, 10, 45, 22, 31,  9, 44, 41, 36, 15, 40, 20, 13, 33,  1, 28,  8, 29,  5, 17, 18, 16,  4, 19, 14,  2, 25, 26, 23, 30, 38, 21], 1747.62550823, 1816.94555213, 0.,  0.        ,  0.        , 0., 0, 0, 0.)
 (76, [ 9, 14, 19,  6, 42, 46, 43, 37, 48,  6,  3,  7, 27, 11, 35, 47, 12, 24, 39, 32, 34, 10, 45, 22, 31,  9, 44, 41, 36, 15, 40, 16, 13, 33,  1, 28,  8, 29,  5, 17, 18, 20,  4, 19, 14,  2, 25, 26, 23, 30, 38, 21], 1763.36858233, 1763.36858233, 0.,  0.        ,  0.        , 0., 0, 0, 0.)
 (76, [ 5, 16, 22,  5, 42, 46, 43, 37,  7,  6,  3, 27, 48, 11, 35, 47, 12, 24, 39, 32, 34, 10, 45, 22, 31,  9, 44, 41, 36, 15, 40, 16, 33,  1, 20,  8, 29, 13, 26,  5, 17, 18, 28,  4, 19, 14, 30, 25,  2, 23, 38, 21], 1763.45579937, 1789.70667378, 0., 15.86509263,  0.        , 0., 0, 0, 0.)
 (76, [ 5, 15, 22,  6, 42, 46, 43,  7,  6,  3, 27, 48, 11, 35, 12, 24, 39, 32, 34, 10, 45, 22, 37,  9, 44, 41, 36, 15, 40, 16, 13, 33,  1, 28, 47, 30,  8, 29,  5, 17, 18, 20,  4, 19, 14, 31,  2, 25, 26, 23, 38, 21], 1794.21480443, 1794.21480443, 0.,  0.        ,  0.        , 0., 0, 0, 0.)
 (76, [ 7, 16, 21,  4, 42, 46, 43, 37,  7,  6,  3, 27, 48, 11, 35, 47, 12, 24, 39, 32, 34, 10, 45, 22, 31,  9, 44, 41, 36, 25, 30, 40, 16, 13, 33,  1, 28,  8, 15, 29,  5, 17, 18, 20,  4, 19, 14,  2, 26, 23, 38, 21], 1803.34863812, 1803.34863812, 0.,  0.        ,  0.        , 0., 0, 0, 0.)
 (76, [ 3, 16, 22,  7, 42, 46, 43, 37,  7,  6,  3, 27, 48, 11, 35, 47, 12, 24, 39, 32, 34, 10, 45, 22, 31,  9, 44, 40, 36, 15, 41, 13, 16, 33,  1, 28,  8, 29,  5, 17, 18, 20,  4, 19, 14,  2, 25, 26, 23, 30, 38, 21], 1806.27645357, 1806.27645357, 0.,  0.        ,  0.        , 0., 0, 0, 0.)
 (76, [ 3, 13, 25,  7, 42, 46, 43, 37,  7,  6,  3, 27, 48, 11, 35, 47, 12, 24, 39, 32, 34, 10, 45, 22, 31,  9, 44, 40, 36, 15, 41, 13, 16, 33,  1, 28,  8, 29,  5, 17, 18, 20,  4, 19, 14,  2, 25, 26, 23, 30, 38, 21], 1807.94897626, 1807.94897626, 0.,  0.        ,  0.        , 0., 0, 0, 0.)
 (76, [ 8, 15, 21,  4, 42, 46, 43, 37,  6, 11,  3, 27, 48,  7, 35, 47, 12, 24, 39, 31, 10, 45, 22, 34, 32,  9, 44, 41, 36, 15, 40, 16, 13, 33,  1, 28,  8, 29,  5, 17, 18, 20,  4, 19, 14, 26,  2, 25, 23, 30, 38, 21], 1809.98887828, 1819.64939646, 0.,  5.57686921,  0.        , 0., 0, 0, 0.)
 (76, [ 2, 21, 19,  6, 42, 46, 43, 37,  6, 11, 27, 48,  7, 35, 47, 12, 24, 39, 32, 10, 45,  3, 34, 22, 31,  9, 44, 41, 36, 15, 40, 16, 13, 33,  1, 28,  8, 29,  5, 17, 18, 20,  4, 19, 14,  2, 25, 26, 23, 30, 38, 21], 1812.96836726, 1833.78262386, 0.,  0.        ,  0.        , 0., 0, 0, 0.)
 (76, [ 4, 15, 21,  8, 42, 46, 43, 37,  6,  3, 27, 11, 22, 48,  7, 35, 47, 12, 24, 39, 32, 10, 45, 34, 31,  9, 44, 41, 36, 15, 40, 16, 13, 33,  1,  2, 28,  8, 29,  5, 17, 18, 20,  4, 19, 14, 25, 26, 23, 30, 38, 21], 1834.56930426, 1910.34720373, 0., 35.63816618,  0.        , 0., 0, 0, 0.)
 (76, [ 5, 17, 22,  4, 45, 46, 43, 37,  7,  6,  3, 27, 48, 11, 35, 47, 12, 24, 39, 32, 34, 10, 42, 22, 31,  9, 44, 41, 36, 15, 40, 16, 13, 33,  1, 28,  8, 29,  5, 20, 30, 17, 18,  4, 19, 14,  2, 25, 26, 23, 38, 21], 1838.48534283, 1842.03850397, 0.,  0.        ,  0.        , 0., 0, 0, 0.)
 (76, [ 4, 17, 22,  5, 42, 46, 43, 37,  7,  6,  3, 27, 48, 11, 35, 47, 12, 24, 39, 32, 34, 10, 45, 22, 31,  9, 44, 41, 36, 15, 40, 16, 13, 33,  1, 28,  8, 14,  5, 26, 18, 20, 25, 29, 17,  4, 19,  2, 23, 30, 38, 21], 1848.94710199, 1973.77334324, 0.,  0.        ,  0.        , 0., 0, 0, 0.)
 (76, [ 5, 15, 21,  7, 42, 46, 43, 37,  7,  3, 27, 48, 11, 35, 47, 12, 24, 45, 39, 32, 34, 10,  6, 22, 31,  9, 44, 41, 36, 15, 40, 20, 13, 33,  1, 28,  8, 29,  5, 17, 18, 30, 16,  4, 19, 14,  2, 25, 26, 23, 38, 21], 1851.61123735, 1920.93128126, 0.,  0.        ,  0.        , 0., 0, 0, 0.)
 (76, [ 0, 20, 22,  6, 42, 46, 14, 37,  6,  3, 27, 48,  7, 11, 35,  2, 12, 24, 39, 32, 34, 10, 45, 22, 31,  9, 44, 41, 36, 15, 40, 16, 13, 33,  1, 28,  8, 29,  5, 17, 18, 20,  4, 19, 43, 47, 25, 26, 23, 30, 38, 21], 1852.84802595, 1852.84802595, 0.,  0.        ,  0.        , 0., 0, 0, 0.)
 (76, [ 6, 13, 22,  7, 42, 46, 43, 37,  7,  6,  3, 27, 48, 11, 35, 47, 12, 24, 39, 32, 34, 10, 45, 22, 31,  9, 44, 41, 36, 15, 40, 16,  1, 28, 29, 13,  5, 19, 33,  8, 17, 18, 20,  4, 14, 26, 30, 38, 25,  2, 23, 21], 1854.68214997, 1851.60846043, 0.,  0.        ,  1.53684477, 0., 0, 0, 0.)
 (76, [ 5, 15, 21,  7, 42, 46, 43,  7,  6,  3, 27, 48, 11, 35, 12, 24, 39, 32, 34, 10, 45, 22, 37, 47, 31,  9, 44, 41, 36,  1, 40, 16, 13, 33, 15, 28,  8, 29,  5, 17, 18, 20,  4, 19, 14,  2, 25, 26, 23, 30, 38, 21], 1855.2936018 , 1957.94900242, 0.,  0.        ,  0.        , 0., 0, 0, 0.)
 (76, [ 7, 17, 21,  3, 42, 46,  3, 37,  7,  6, 43, 27, 48, 11, 35, 47, 12, 30, 39, 32, 34, 10, 45, 22, 31,  9, 44, 41, 36, 15, 40, 20, 13, 33,  1, 28,  8, 29,  5, 17, 18, 16,  4, 19, 14,  2, 25, 26, 23, 24, 38, 21], 1859.35433442, 1928.67437833, 0.,  0.        ,  0.        , 0., 0, 0, 0.)
 (76, [ 7, 15, 19,  7, 42, 46, 43, 37, 48,  6,  3, 27,  7, 11, 35, 47, 38, 24, 39, 32, 34, 10, 45, 22, 31,  9, 44, 41, 36, 15, 40, 16, 13, 33,  1, 28,  8, 29,  5, 17, 18, 20,  4, 19, 14, 26,  2, 25, 23, 30, 12, 21], 1860.71195068, 1863.26540084, 0.,  3.46959353,  0.        , 0., 0, 0, 0.)
 (76, [ 5, 16, 24,  3, 42, 46, 43, 37,  7,  6,  3, 27, 48, 11, 35, 47, 12, 30, 39, 32, 34, 10, 45, 22, 31,  9, 44, 41, 36, 15, 40, 20, 25, 13, 33,  1, 28,  8, 29,  5, 17, 18,  4, 19, 16, 14,  2, 26, 23, 24, 38, 21], 1861.19265583, 1919.17371549, 0.,  0.        ,  0.        , 0., 0, 0, 0.)
 (76, [ 4, 15, 24,  5, 42, 46, 43, 37,  7,  6,  3, 27, 48, 11, 35, 47, 12, 24, 21, 32, 34, 10, 45, 22, 31,  9, 44, 41, 36, 15, 40, 16,  1, 28, 29, 13, 19, 33,  5, 17,  8, 18, 20,  4, 14,  2, 25, 26, 23, 30, 38, 39], 1861.74817124, 1861.74817124, 0.,  0.        ,  0.        , 0., 0, 0, 0.)
 (76, [ 9, 16, 19,  4, 42, 46, 43, 37,  6,  3, 27, 48,  7, 11, 35, 47, 12, 24, 21, 32, 34, 10, 45, 22, 31,  9, 44, 41, 36, 33, 40, 16, 28, 15, 13,  1,  8, 29,  5, 17, 18, 20,  4, 19, 14, 26,  2, 25, 23, 30, 38, 39], 1865.00104278, 1853.84730436, 0.,  5.57686921,  0.        , 0., 0, 0, 0.)
 (76, [ 4, 15, 22,  7, 42, 46, 43, 37,  7,  6,  3, 27, 48, 11, 35, 47, 12, 24, 39, 32, 34, 10, 45, 22, 31,  9, 44, 41, 36, 15, 40, 16,  1, 28, 29, 13, 33,  8, 14,  5, 30, 25, 17, 18, 20,  4, 19,  2, 26, 23, 38, 21], 1865.229055  , 1997.72526593, 0.,  0.        ,  0.        , 0., 0, 0, 0.)
 (76, [ 5, 15, 22,  6, 42, 46, 43,  6,  3, 27, 48,  7, 11, 35, 47, 12, 24, 30, 39, 32, 34, 10, 45, 22, 31,  9, 44, 41, 36, 15, 40, 16, 13, 33,  1, 28,  8, 29,  5, 17, 18, 20,  4, 19, 14,  2, 25, 37, 26, 23, 38, 21], 1870.71192677, 1870.71192677, 0.,  0.        ,  0.        , 0., 0, 0, 0.)
 (76, [ 3, 16, 22,  7, 42, 46, 43,  7,  3, 27, 48,  6, 37, 11, 35, 47, 12, 39, 32, 34, 10, 45, 22, 31,  9, 44, 41, 36, 15, 13, 16, 40, 33,  1, 30, 28,  8, 29,  5, 17, 18, 20,  4, 19, 14,  2, 25, 26, 23, 24, 38, 21], 1873.31590619, 1946.41287539, 0.,  0.        ,  0.        , 0., 0, 0, 0.)
 (76, [ 5, 15, 22,  6, 42, 46, 43,  7,  6,  3, 27, 48, 11, 35, 12, 24, 39, 32, 34, 10, 45, 22, 37,  9, 44, 41, 36, 15, 40, 16, 13, 33,  1, 28, 47, 30,  8, 29,  5, 17, 18, 20,  4, 19, 14,  2, 25, 31, 26, 23, 38, 21], 1875.2100485 , 1875.2100485 , 0.,  0.        ,  0.        , 0., 0, 0, 0.)
 (76, [ 5, 15, 21,  7, 42, 46, 43, 37,  7,  4,  3, 27, 48, 11, 35, 47, 12, 24, 39, 32, 34, 10, 45, 22, 31,  9, 44, 41, 36,  1, 40, 16, 13, 33, 15, 28,  8, 29,  5, 17, 18, 20,  6, 19, 14,  2, 25, 26, 23, 30, 38, 21], 1877.00941156, 1979.66481218, 0.,  0.        ,  0.        , 0., 0, 0, 0.)
 (76, [ 4, 17, 23,  4, 42, 46, 43, 37,  7,  6,  3, 27, 48, 11, 35, 47, 12, 24, 39, 32, 34, 10, 45, 22, 31,  9, 44, 41, 36, 15, 13, 26, 40, 33,  1, 28,  8, 29,  5, 17, 18, 20,  4, 19, 14,  2, 16, 30, 25, 23, 38, 21], 1880.21066404, 1907.58786546, 0.,  0.        ,  0.        , 0., 0, 0, 0.)
 (76, [ 8, 12, 22,  6, 42, 46, 43, 37,  7,  6,  3, 27, 48, 11, 35,  2, 12, 24, 39, 32, 34, 10, 45, 22, 31,  9, 44, 41, 36, 15, 40, 16, 13, 33,  1, 28, 47, 38, 30, 25,  8, 29,  5, 17, 18, 20,  4, 19, 14, 26, 23, 21], 1881.44225342, 1883.51090844, 0., 20.88357162,  6.47539308, 0., 0, 0, 0.)
 (76, [ 4, 15, 24,  5, 42, 46, 43,  6,  7, 35,  3, 27, 48, 11, 37, 47, 12, 24, 39, 32, 34, 10, 45, 22, 31,  9, 44, 41, 36, 15, 40, 16,  5, 33, 20, 13,  1, 28,  8, 29, 17, 18,  4, 19, 14,  2, 30, 26, 25, 23, 38, 21], 1883.34463491, 1883.34463491, 0.,  0.        ,  0.        , 0., 0, 0, 0.)
 (76, [ 8, 15, 18,  7, 42, 46, 43, 37,  7, 26,  3, 27, 48, 11, 35, 47, 12, 24, 39, 32, 34, 10, 45, 22, 31,  9, 44, 41, 36, 15, 40, 16, 13, 33,  1,  8, 29, 28,  5, 17, 18, 20,  4, 19, 14,  2, 25,  6, 23, 30, 38, 21], 1894.24305023, 1894.24305023, 0.,  0.        ,  0.        , 0., 0, 0, 0.)
 (76, [ 5, 16, 21,  6, 42, 46, 43, 37,  7,  6,  3, 27, 48, 11, 35, 47, 12, 24, 39, 32, 34, 10, 45, 22, 31,  9, 44, 41, 36, 15, 40, 16, 33,  1, 23, 28,  8, 29,  5, 17, 18, 20,  4, 19, 14,  2, 25, 26, 13, 30, 38, 21], 1895.95156061, 2081.14805556, 0.,  0.        ,  0.        , 0., 0, 0, 0.)
 (76, [ 9, 12, 21,  6, 42, 46, 43, 37,  7,  6,  3, 27, 48, 11, 35, 47, 12, 24, 39, 32, 34, 10, 45, 22, 36,  9, 44, 41, 31, 15, 40, 16, 13, 25, 30, 33,  1, 28,  8, 29,  5, 17, 18, 20,  4, 19, 14,  2, 26, 23, 38, 21], 1901.71596048, 1949.3739874 , 0.,  0.        ,  0.        , 0., 0, 0, 0.)
 (76, [ 4, 20, 19,  5, 42, 46, 43, 37,  6,  3, 27, 14,  7, 11, 35,  2, 12, 24, 39, 32, 34, 10, 45, 22, 31,  9, 44, 41, 36, 15, 40, 16, 13, 33,  1, 28,  8, 29,  5, 17, 18, 47, 20,  4, 19, 48, 26, 25, 23, 30, 38, 21], 1903.5666248 , 2083.21555612, 0.,  0.        ,  0.        , 0., 0, 0, 0.)
 (76, [ 4, 14, 22,  8, 42, 46, 43, 37,  7,  6,  3, 27, 48, 11, 35, 47, 12, 24, 39, 32, 34, 10, 45, 22, 31,  9, 44, 40, 36, 15, 41, 13, 16, 33,  1, 28,  8, 29,  5, 17, 18, 20,  4, 19, 14,  2, 25, 26, 23, 30, 38, 21], 1910.92565721, 1910.92565721, 0.,  0.        ,  0.        , 0., 0, 0, 0.)
 (76, [ 4, 17, 20,  7, 42, 46, 43, 37,  7,  6,  3, 27, 48, 13, 35, 47, 12, 24, 39, 32, 34, 10, 45, 22, 31,  9, 41, 44, 36, 15, 40, 16, 33,  1, 20,  8, 29,  5, 17, 18, 26, 28,  4, 19, 14,  2, 11, 25, 23, 30, 38, 21], 1911.11869041, 2012.8094046 , 0.,  0.        ,  0.        , 0., 0, 0, 0.)
 (76, [ 5, 15, 20,  8, 42, 46, 43,  6,  3, 27, 48,  7, 11, 35, 47, 12, 24, 30, 39, 32, 34, 10, 45, 22, 31,  9, 44, 41, 36, 15, 40, 16, 13, 33,  1, 28, 37,  8, 29,  5, 17, 18, 20,  4, 19, 14,  2, 25, 26, 23, 38, 21], 1915.05727173, 1915.05727173, 0.,  0.        ,  0.        , 0., 0, 0, 0.)
 (76, [ 5, 16, 21,  6, 42, 46, 43, 37,  7,  6,  3, 27, 48, 11, 35, 47, 12, 24, 39, 32, 34, 10, 45, 22, 31,  9, 36, 41, 44, 33, 40, 16, 28, 15, 13,  1,  8, 29,  5, 17, 18, 20,  4, 19, 14,  2, 25, 26, 23, 30, 38, 21], 1915.7211972 , 1945.60221698, 0.,  0.        ,  0.        , 0., 0, 0, 0.)
 (76, [ 5, 15, 21,  7, 42, 46, 43, 37,  7, 27, 48, 11, 35, 47, 12, 24,  3, 32, 10, 45, 22, 34, 31,  9, 44, 41, 36, 15, 40, 16, 13, 33,  1, 28, 39, 21,  8, 29,  5, 17, 18, 20,  4, 19, 14,  2, 25, 26, 23, 30, 38,  6], 1922.32924588, 1985.78703711, 0.,  0.        ,  0.        , 0., 0, 0, 0.)
 (76, [ 6, 16, 23,  3, 42, 46, 43, 37,  7,  6,  3, 27, 48, 11, 35, 47, 12, 24, 39, 32, 34, 28, 45, 22, 31,  9, 44, 41, 36, 15, 40, 16, 13, 33,  1, 10,  8, 29,  5, 17, 18, 26, 23, 20,  4, 19, 14,  2, 25, 30, 38, 21], 1927.06626459, 2095.3548247 , 0.,  0.        ,  0.        , 0., 0, 0, 0.)
 (76, [ 5, 14, 19, 10, 42, 46, 43, 37,  6,  3, 27, 48,  7, 11, 35,  2, 12, 24, 39, 32, 34, 47, 10, 45, 22, 31,  9, 44, 41, 36, 15, 40, 16, 13, 33,  1, 28,  8, 29,  5, 17, 18, 20,  4, 19, 14, 25, 26, 23, 30, 38, 21], 1933.62202344, 1957.76085839, 0., 14.50208553,  0.        , 0., 0, 0, 0.)
 (76, [ 5, 14, 21,  8, 42, 40, 43, 37,  7,  6,  3, 27, 48, 11, 35, 47, 12, 24, 39, 32, 34, 10, 45, 22, 31,  9, 44, 41, 36, 15, 46, 16, 13, 33,  1, 28,  8, 29,  5, 17, 18, 20,  4, 19, 14,  2, 25, 26, 23, 30, 38, 21], 1936.43168467, 1936.43168467, 0.,  0.        ,  0.        , 0., 0, 0, 0.)
 (76, [ 7, 15, 19,  7, 42, 46, 43, 37,  6,  3, 27, 48,  7, 11, 22, 47, 12, 24, 39, 32, 10, 45, 35, 19, 31,  9, 44, 41, 36, 15, 40, 20, 13, 33,  1, 28,  8, 29,  5, 17, 18, 16, 26, 25,  4, 34, 14,  2, 23, 30, 38, 21], 1946.09195496, 2015.41199887, 0.,  0.        ,  0.        , 0., 0, 0, 0.)
 (76, [ 8, 12, 22,  6, 42, 46, 43, 37,  7,  6,  3, 27, 48, 11, 35,  1, 12, 24, 39, 32, 34, 10, 45, 22, 31,  9, 44, 41, 36, 15, 40, 16, 47, 28, 29, 13,  5, 19, 33,  8, 17, 18, 20,  4, 14,  2, 25, 26, 23, 30, 38, 21], 1955.23161364, 1952.1579241 , 0.,  0.        ,  1.53684477, 0., 0, 0, 0.)
 (76, [ 6, 14, 19,  9, 42, 46, 43, 37,  7,  6,  3, 27, 48, 11, 35, 39, 12, 24, 47, 32, 34, 10, 45, 22, 31,  9, 44, 41, 36,  1, 40, 15, 16, 13, 33, 28,  8, 29,  5, 17, 18, 20,  4, 19, 14,  2, 25, 26, 23, 30, 38, 21], 1956.73994787, 2029.83691707, 0.,  0.        ,  0.        , 0., 0, 0, 0.)
 (76, [ 5, 19, 21,  3, 42, 46, 43, 37,  7, 40,  3, 27, 48, 11, 35, 47, 12, 24, 39, 32, 34, 10, 45, 22, 31,  9, 44, 41, 36, 15,  6, 16, 33,  1, 13, 28,  8, 29,  5, 17, 18, 20,  4, 19, 14,  2, 25, 26, 23, 30, 38, 21], 1960.74823889, 2033.84520808, 0.,  0.        ,  0.        , 0., 0, 0, 0.)
 (76, [ 5, 16, 23,  4, 42, 46, 43, 37,  7, 39,  3, 27, 48, 11, 35, 47, 12, 30,  6, 32, 34, 10, 45, 22, 31,  9, 44, 41, 36, 15, 40, 25, 13, 33,  1, 28,  8, 29,  5, 17, 18, 20,  4, 19, 16, 14,  2, 26, 23, 24, 38, 21], 1961.16537731, 2019.14643697, 0.,  0.        ,  0.        , 0., 0, 0, 0.)
 (76, [ 6, 17, 21,  4, 42, 46, 43, 37,  7,  6,  3, 27, 48, 11, 35, 47, 12, 24, 39, 32, 34, 10, 45, 22, 31,  9, 44, 41, 36, 15, 13, 16, 40, 33,  1, 30, 28,  8, 29,  5, 17, 18, 20,  4, 19, 14,  2, 25, 26, 23, 38, 21], 1964.03113969, 2037.12810889, 0.,  0.        ,  0.        , 0., 0, 0, 0.)
 (76, [ 8, 13, 22,  5, 42, 46, 43, 37,  7,  6,  3, 27, 48, 11, 35, 47, 12, 24, 39, 32, 34, 10, 45, 22, 31,  9, 44, 41, 36, 15, 40, 16, 13, 25, 30, 33,  1, 28,  8, 29,  5, 17, 18, 20,  2, 19, 14,  4, 26, 23, 38, 21], 1975.88288394, 2033.8639436 , 0.,  0.        ,  0.        , 0., 0, 0, 0.)
 (76, [ 5, 15, 20,  8, 42, 46, 43, 37,  7,  6,  3, 27, 48, 11, 35, 47, 12, 24, 39, 32, 34, 10, 45, 38, 31,  9, 44, 41, 36,  1, 40, 16, 13, 33, 15, 28,  8, 29,  5, 17, 18, 20,  4, 19, 14,  2, 25, 26, 23, 30, 22, 21], 1978.76764917, 2081.42304979, 0.,  0.        ,  0.        , 0., 0, 0, 0.)
 (76, [ 3, 14, 23,  8, 42, 46, 43, 37,  7,  6,  3, 27, 48, 11, 35, 47, 12, 24, 39, 32, 10, 45, 22, 31, 41,  9, 34, 44, 36, 15, 40, 16, 33,  1, 20,  8, 29,  5, 17, 18, 26, 28,  4, 19, 14, 13, 23,  2, 25, 30, 38, 21], 1989.17464486, 2249.21595027, 0., 33.23526294,  0.        , 0., 0, 0, 0.)
 (76, [ 4, 18, 19,  7, 42, 46, 43, 37,  7,  6,  3, 27, 48, 11, 35, 47, 12, 24, 39, 32, 34, 10, 45,  4, 31,  9, 44, 41, 36, 15, 40, 16, 13, 33,  1, 28,  8, 29,  5, 17, 18, 20, 22, 26, 19, 14, 30, 38, 25,  2, 23, 21], 1990.11651849, 2114.64480559, 0.,  0.        ,  0.        , 0., 0, 0, 0.)
 (76, [ 7, 16, 18,  7, 42, 46, 43, 37, 26,  6,  3, 27, 48, 11, 35, 47, 12, 24, 39, 32, 34, 10, 45, 22, 31,  9, 44, 41, 25, 30, 40,  2, 36, 15, 16, 13, 33,  1, 28,  8, 29,  5, 17, 18,  7, 23, 20,  4, 19, 14, 38, 21], 1994.85604916, 1994.85604916, 0.,  0.        ,  0.        , 0., 0, 0, 0.)
 (76, [ 8, 18, 20,  2, 42, 46, 43, 37,  7,  6,  3, 27, 48, 31, 35, 47, 12, 24, 39, 32, 34, 10, 45, 22, 11,  9, 44, 41, 36, 15, 40, 16, 13, 33,  1, 28,  8, 14,  5, 30, 25, 29, 17, 18, 20,  4, 19,  2, 26, 23, 38, 21], 1995.43034902, 2068.16701555, 0.,  0.        ,  0.        , 0., 0, 0, 0.)
 (76, [ 5, 17, 21,  5, 42, 46, 43, 37,  7,  6,  3, 22, 48, 11, 35, 47, 12, 24, 39, 32, 34, 10, 45, 27, 31,  9, 44, 41, 36, 15, 40, 16, 13, 33,  1, 28,  8, 29,  5,  2, 17, 18, 20, 26,  4, 14, 30, 19, 38, 25, 23, 21], 1998.91921626, 2053.43364751, 0.,  0.        ,  0.        , 0., 0, 0, 0.)
 (76, [10, 16, 17,  5, 42, 46, 43, 37,  7, 36,  3, 27, 48, 11, 35, 47, 12, 24, 39, 32, 10, 45, 22, 34, 31,  9, 44, 41,  6, 15, 40, 16, 13,  1, 28, 29,  5, 19, 33,  8, 17, 18, 20,  4, 14,  2, 25, 26, 23, 30, 38, 21], 2006.05427404, 2205.42708873, 0.,  0.        ,  1.53684477, 0., 0, 0, 0.)
 (76, [ 5, 15, 22,  6, 42, 46, 43, 37,  7,  6,  3, 27, 48, 11, 35, 12, 24, 39, 32, 34, 10, 45, 22, 31,  9, 44, 41, 36, 15, 47, 40, 16, 13, 25, 30, 33,  1, 28,  8, 29,  5, 17, 18, 20,  4, 19, 14,  2, 26, 38, 23, 21], 2032.98024913, 2019.0828231 , 0.,  0.        ,  6.94871301, 0., 0, 0, 0.)
 (76, [ 5, 16, 20,  7, 42, 46, 43, 37,  7,  6,  3, 27, 48, 11, 35, 47, 12, 33, 39, 32, 34, 10, 45, 22, 31,  9, 44, 41, 36,  1, 40, 16, 13, 24, 15, 28,  8, 29,  5, 17, 18, 20,  4, 19, 14,  2, 25, 26, 23, 30, 38, 21], 2041.71848867, 2171.33481474, 0.,  0.        ,  0.        , 0., 0, 0, 0.)
 (76, [ 7, 15, 23,  3, 42, 46, 43, 37,  7,  6,  3, 27, 48, 11, 35, 47, 12, 30, 39, 32, 24, 34, 10, 45, 22, 31,  9, 44, 41, 36, 15, 40, 16, 13, 25, 33,  1, 28,  8, 29,  5, 17, 18, 20,  4, 19, 14,  2, 26, 23, 38, 21], 2065.1939433 , 2076.07739587, 0., 23.54880354,  0.        , 0., 0, 0, 0.)
 (76, [ 6, 13, 24,  5, 42, 46, 43, 37,  7,  6, 26, 27, 48, 11, 35, 47, 12, 24, 39, 32, 34, 10, 45, 22, 31,  9, 44, 41, 36, 15, 40, 16, 33,  1,  8, 29, 13,  5, 17, 28, 18, 20,  4, 19, 14,  2, 25,  3, 23, 30, 38, 21], 2097.16424094, 2089.01567426, 0.,  4.07428334,  0.        , 0., 0, 0, 0.)
 (76, [ 7, 14, 23,  4, 42, 46, 43, 13,  7,  6,  3, 27, 48, 11, 35, 47, 12, 24, 39, 32, 34, 10, 45, 22, 31,  9, 44, 41, 36, 15, 40, 16,  1, 37, 25, 30, 33, 28,  8, 29,  5, 17, 18, 20,  4, 19, 14,  2, 26, 23, 38, 21], 2101.74610307, 2232.82413193, 0.,  0.        ,  0.        , 0., 0, 0, 0.)
 (76, [ 4, 15, 22,  7, 42,  8, 43, 37,  7,  6,  3, 27, 48, 11, 35, 47, 12, 24, 39, 32, 34, 10, 45, 22, 31,  9, 44, 41, 36, 15, 40, 16, 13, 33,  1, 28, 46, 29,  5, 17, 18, 20,  4, 26, 23, 19, 14,  2, 25, 30, 38, 21], 2109.2375108 , 2109.2375108 , 0.,  0.        ,  0.        , 0., 0, 0, 0.)
 (76, [ 1, 21, 20,  6, 42, 46, 43, 37,  6, 27, 20,  7, 11, 35, 47, 12, 24, 39, 32, 10, 22, 45,  3, 34, 31,  9, 44, 41, 36, 15, 40, 16, 13, 33,  1,  2, 28,  8, 29,  5, 17, 18, 48,  4, 19, 14, 25, 26, 23, 30, 38, 21], 2109.26973809, 2245.82449852, 0.,  0.        ,  0.        , 0., 0, 0, 0.)
 (76, [ 5, 16, 22,  5, 42, 46, 43, 37,  7,  6, 12, 27, 48, 11, 35, 47,  3, 24, 39, 32, 34, 10, 45, 22, 31,  9, 44, 41, 36, 15, 40, 16, 33,  1, 20,  8, 29, 13, 28,  5, 17, 18,  4, 19, 14,  2, 25, 26, 23, 30, 38, 21], 2116.12235154, 2142.37322595, 0., 15.86509263,  0.        , 0., 0, 0, 0.)
 (76, [ 5, 16, 21,  6, 42, 46, 43, 45,  7,  6,  3, 27, 48, 11, 35, 47, 12, 24, 39, 32, 34, 10, 37, 22, 31,  9, 44, 41, 36, 15, 13, 16, 40, 33,  1, 30, 28,  8, 29,  5, 20, 26, 17, 18,  4, 19, 14, 38, 25,  2, 23, 21], 2136.79119958, 2209.88816878, 0.,  0.        ,  0.        , 0., 0, 0, 0.)
 (76, [ 4, 16, 23,  5, 42, 46, 43,  6,  3, 27, 48,  7, 11, 35, 47, 12, 24, 30, 39, 32, 34, 10, 45, 33, 31,  9, 44, 41, 36, 15, 40, 16, 13, 22,  1, 28,  8, 29,  5, 17, 18, 20,  4, 19, 14,  2, 25, 37, 26, 23, 38, 21], 2177.69046725, 2297.50255546, 0.,  0.        ,  0.        , 0., 0, 0, 0.)
 (76, [ 7, 16, 18,  7, 42, 46, 43, 37,  7, 39,  3, 27, 48, 11, 35, 47, 12, 24,  6, 32, 34, 10, 45, 22, 31,  9, 44, 41, 36, 15, 40, 16, 33,  1, 13, 28,  8, 29,  5, 17, 18, 20,  4, 38, 19, 14, 26,  2, 25, 23, 30, 21], 2186.92243652, 2226.59265556, 0., 16.71337508,  0.        , 0., 0, 0, 0.)
 (76, [ 5, 16, 22,  5,  1, 46, 43, 33,  7,  6,  3, 27, 48, 11, 35, 47, 12, 24, 39, 32, 34, 10, 37, 45, 22, 31,  9, 44, 41, 42, 40,  2, 36, 15, 16, 13, 28,  8, 20, 29,  5, 17, 18,  4, 19, 14, 25, 26, 23, 30, 38, 21], 2188.40884635, 2261.50581554, 0.,  0.        ,  0.        , 0., 0, 0, 0.)
 (76, [ 4, 18, 22,  4, 42, 46, 43, 37,  7,  6,  3, 27, 48, 11, 35, 47, 12, 13, 39, 32, 34, 10, 45, 22, 31,  9, 44, 41, 36, 33, 28, 15, 40, 16, 24,  1, 30, 25,  8, 29,  5, 17, 18, 20,  4, 19, 14,  2, 26, 23, 38, 21], 2199.4910733 , 2266.31378455, 0.,  0.        , 10.37910969, 0., 0, 0, 0.)
 (76, [ 7, 12, 25,  4, 42, 46, 43, 27,  7,  6,  3, 48, 37, 11, 35, 47, 12, 24, 39, 32, 34, 10, 33, 22, 31,  9, 44, 41, 36, 25, 30, 40, 16, 13, 45,  1, 28,  8, 29,  5, 17, 18, 20,  4, 19, 14,  2, 26, 23, 15, 38, 21], 2202.46089568, 2202.46089568, 0.,  0.        ,  0.        , 0., 0, 0, 0.)
 (76, [ 6, 14, 21,  7,  2, 46, 43, 35,  7, 37,  6, 27, 48, 11, 12, 24,  3, 32, 10, 45, 22, 34, 31,  9, 44, 41, 36, 15, 40, 16, 13, 33,  1, 28,  8, 29, 39, 21,  5, 17, 18, 20,  4, 19, 42, 14, 47, 25, 26, 23, 30, 38], 2204.39028942, 2267.84808065, 0.,  0.        ,  0.        , 0., 0, 0, 0.)
 (76, [ 7, 15, 20,  6, 42, 46, 43,  7,  3, 27, 48,  6, 37, 11, 35, 47, 31, 30, 39, 32, 34, 10, 45, 22, 12,  9, 44, 41, 36, 40, 13,  1, 16, 33, 15, 28,  8, 29,  5, 17, 18, 20,  4, 19, 14,  2, 25, 26, 23, 24, 38, 21], 2210.32646084, 2312.98186145, 0.,  0.        ,  0.        , 0., 0, 0, 0.)
 (76, [ 2, 22, 20,  4, 42, 46, 43, 37,  6, 11, 22, 27, 48,  7, 35, 47, 13, 24, 39, 32, 10, 45,  3, 34, 31,  9, 44, 41, 36, 15, 40, 20, 12, 33,  1, 28,  8, 29,  5, 17, 18, 16,  4, 19, 14,  2, 30, 26, 25, 23, 38, 21], 2307.85039111, 2998.99413718, 0.,  0.        ,  0.        , 0., 0, 0, 0.)
 (76, [ 7, 14, 22,  5, 42, 46, 43, 37,  7,  6,  3, 27, 48, 11, 35, 47, 29, 24, 39, 32, 34, 10, 45, 22, 31,  9, 44, 41, 36,  1, 40, 16, 13, 15, 28, 12,  5, 19, 33,  8, 17, 18, 20,  4, 14,  2, 25, 26, 23, 30, 38, 21], 2365.48354266, 2669.53458677, 0., 11.86444302,  1.53684477, 0., 0, 0, 0.)]