
Total Runtime in seconds: 325.4083399772644Parameters:
population_size: 50, max_generations: 150, executed generations: 149, threshold_no_improvement: 75
target feasible proportion: 12
fitness_scaling: power_rank, selection_method: n_tournaments
p_c: 0.0, p_m: 0.2, NOT YET p_education: 0.0
tournament_size: 2, n_elite: 8
survivor_selection_step: 10, p_selection_survival: 0.7
kill clone step: 5
diversify_step: 20, diversify_step: 20, p_diversify_survival: 0.3
n_closest_neighbors: 3, diversity_weight: 0.5, distance_method: broken_pairs_distance
capacity_penalty_factor: 2, duration_penalty_factor 2, time_window_penalty: 2
Best fitness all generations, best individual before/after local search: 1113.9537447891776, 1113.9537447891776 / 1113.9537447891776
Best individual found before local search: (15, [10,  9, 16, 13,  7, 41, 31, 44, 32,  9, 42, 46, 35, 37, 22, 34, 10, 45,  6, 27,  3, 48, 11, 13, 33, 20, 29,  8,  5, 16, 28,  4, 19, 14,  1, 36, 26, 18, 17,  2, 15, 25, 23, 30, 39, 43, 47, 24, 12, 21, 38, 40], 1113.95374479, 1154.22721499, 0., 0., 0., 0., 1, 50, 26.)
Best individual found after local search: (15, [10,  9, 16, 13,  7, 41, 31, 44, 32,  9, 42, 46, 35, 37, 22, 34, 10, 45,  6, 27,  3, 48, 11, 13, 33, 20, 29,  8,  5, 16, 28,  4, 19, 14,  1, 36, 26, 18, 17,  2, 15, 25, 23, 30, 39, 43, 47, 24, 12, 21, 38, 40], 1113.95374479, 1154.22721499, 0., 0., 0., 0., 1, 50, 26.)
Best feasible individual found: (15, [10,  9, 16, 13,  7, 41, 31, 44, 32,  9, 42, 46, 35, 37, 22, 34, 10, 45,  6, 27,  3, 48, 11, 13, 33, 20, 29,  8,  5, 16, 28,  4, 19, 14,  1, 36, 26, 18, 17,  2, 15, 25, 23, 30, 39, 43, 47, 24, 12, 21, 38, 40], 1113.95374479, 1154.22721499, 0., 0., 0., 0., 1, 50, 26.)

Fitness stats min: [1195.77817082 1133.3512368  1124.92344403 1113.95374479 1113.95374479
 1113.95374479 1113.95374479 1113.95374479 1113.95374479 1113.95374479
 1113.95374479 1113.95374479 1113.95374479 1113.95374479 1113.95374479
 1113.95374479 1113.95374479 1113.95374479 1113.95374479 1113.95374479
 1113.95374479 1113.95374479 1113.95374479 1113.95374479 1113.95374479
 1113.95374479 1113.95374479 1113.95374479 1113.95374479 1113.95374479
 1113.95374479 1113.95374479 1113.95374479 1113.95374479 1113.95374479
 1113.95374479 1113.95374479 1113.95374479 1113.95374479 1113.95374479
 1113.95374479 1113.95374479 1113.95374479 1113.95374479 1113.95374479
 1113.95374479 1113.95374479 1113.95374479 1113.95374479 1113.95374479
 1113.95374479 1113.95374479 1113.95374479 1113.95374479 1113.95374479
 1113.95374479 1113.95374479 1113.95374479 1113.95374479 1113.95374479
 1113.95374479 1113.95374479 1113.95374479 1113.95374479 1113.95374479
 1113.95374479 1113.95374479 1113.95374479 1113.95374479 1113.95374479
 1113.95374479 1113.95374479 1113.95374479 1113.95374479 1113.95374479
 1113.95374479 1113.95374479 1113.95374479 1113.95374479 1113.95374479
 1113.95374479 1113.95374479 1113.95374479 1113.95374479 1113.95374479
 1113.95374479 1113.95374479 1113.95374479 1113.95374479 1113.95374479
 1113.95374479 1113.95374479 1113.95374479 1113.95374479 1113.95374479
 1113.95374479 1113.95374479 1113.95374479 1113.95374479 1113.95374479
 1113.95374479 1113.95374479 1113.95374479 1113.95374479 1113.95374479
 1113.95374479 1113.95374479 1113.95374479 1113.95374479 1113.95374479
 1113.95374479 1113.95374479 1113.95374479 1113.95374479 1113.95374479
 1113.95374479 1113.95374479 1113.95374479 1113.95374479 1113.95374479
 1113.95374479 1113.95374479 1113.95374479 1113.95374479 1113.95374479
 1113.95374479 1113.95374479 1113.95374479 1113.95374479 1113.95374479
 1113.95374479 1113.95374479 1113.95374479 1113.95374479 1113.95374479
 1113.95374479 1113.95374479 1113.95374479 1113.95374479 1113.95374479
 1113.95374479 1113.95374479 1113.95374479 1113.95374479 1113.95374479
 1113.95374479 1113.95374479 1113.95374479 1113.95374479 1113.95374479] 

Fitness stats feasible min: [1195.77817082 1133.3512368  1124.92344403 1113.95374479 1113.95374479
 1113.95374479 1113.95374479 1113.95374479 1113.95374479 1113.95374479
 1113.95374479 1113.95374479 1113.95374479 1113.95374479 1113.95374479
 1113.95374479 1113.95374479 1113.95374479 1113.95374479 1113.95374479
 1113.95374479 1113.95374479 1113.95374479 1113.95374479 1113.95374479
 1113.95374479 1113.95374479 1113.95374479 1113.95374479 1113.95374479
 1113.95374479 1113.95374479 1113.95374479 1113.95374479 1113.95374479
 1113.95374479 1113.95374479 1113.95374479 1113.95374479 1113.95374479
 1113.95374479 1113.95374479 1113.95374479 1113.95374479 1113.95374479
 1113.95374479 1113.95374479 1113.95374479 1113.95374479 1113.95374479
 1113.95374479 1113.95374479 1113.95374479 1113.95374479 1113.95374479
 1113.95374479 1113.95374479 1113.95374479 1113.95374479 1113.95374479
 1113.95374479 1113.95374479 1113.95374479 1113.95374479 1113.95374479
 1113.95374479 1113.95374479 1113.95374479 1113.95374479 1113.95374479
 1113.95374479 1113.95374479 1113.95374479 1113.95374479 1113.95374479
 1113.95374479 1113.95374479 1113.95374479 1113.95374479 1113.95374479
 1113.95374479 1113.95374479 1113.95374479 1113.95374479 1113.95374479
 1113.95374479 1113.95374479 1113.95374479 1113.95374479 1113.95374479
 1113.95374479 1113.95374479 1113.95374479 1113.95374479 1113.95374479
 1113.95374479 1113.95374479 1113.95374479 1113.95374479 1113.95374479
 1113.95374479 1113.95374479 1113.95374479 1113.95374479 1113.95374479
 1113.95374479 1113.95374479 1113.95374479 1113.95374479 1113.95374479
 1113.95374479 1113.95374479 1113.95374479 1113.95374479 1113.95374479
 1113.95374479 1113.95374479 1113.95374479 1113.95374479 1113.95374479
 1113.95374479 1113.95374479 1113.95374479 1113.95374479 1113.95374479
 1113.95374479 1113.95374479 1113.95374479 1113.95374479 1113.95374479
 1113.95374479 1113.95374479 1113.95374479 1113.95374479 1113.95374479
 1113.95374479 1113.95374479 1113.95374479 1113.95374479 1113.95374479
 1113.95374479 1113.95374479 1113.95374479 1113.95374479 1113.95374479
 1113.95374479 1113.95374479 1113.95374479 1113.95374479 1113.95374479] 

Fitness stats avg: [1497.8392528  1429.64195636 1377.61589873 1281.57023728 1259.59408382
 2253.55878941 1299.44767177 1192.99496941 1181.42996151 1214.2780736
 2001.92186438 1208.28622547 1281.1258301  1201.59611344 1215.00540507
 3274.33920936 2335.90599875 1305.99636191 1195.05592193 1213.33994669
 1809.66157465 1233.71847186 1143.72413646 1185.81206092 2218.53636186
 3258.87269534 2405.73652543 1384.38496349 1147.15764312 1159.07429087
 1741.21547876 1260.48436438 1169.8867095  1185.40423454 1182.19147245
 3456.63968635 2341.26115588 1369.48238878 1213.59990223 1216.87184386
 1582.58877812 1237.31161249 1185.80203604 1192.73784712 2275.45657637
 3194.1860323  2161.93119159 1347.8008894  1210.55879358 1176.63330383
 1930.45619153 1197.70224488 1161.89823039 1246.97975497 1232.91579111
 3276.66118284 2198.58604447 1377.38766278 1330.21587734 1239.2308325
 2004.45116732 1172.79206932 1168.76775768 1158.07177689 1913.47746427
 3021.83026192 1919.82683914 1286.59024904 1240.16457149 1250.22028263
 2008.17811125 1168.67910141 1203.68014112 1192.60260814 1202.33302204
 3279.27316566 2618.83944322 1399.80542138 1191.00410979 1231.61383281
 1790.41201168 1260.79150608 1178.40058444 1187.3969135  2152.32649047
 3129.83978749 2431.72220256 1384.42453355 1239.30860636 1152.48361679
 1931.04491504 1202.63659603 1163.49569657 1183.19341648 1171.14230892
 3420.04665001 2518.48265816 1377.36887878 1196.52326717 1174.01192633
 1577.5855573  1204.83041204 1266.92775813 1192.92128873 2010.07274654
 2951.22254795 1592.72965493 1244.15383911 1234.93517341 1194.34661686
 1620.75695177 1243.33270854 1257.57175517 1202.41170185 1138.66986473
 3523.15652526 2872.28655095 2014.74914822 1338.22761261 1162.46869803
 2008.9820547  1194.77025161 1202.94470854 1167.27052907 2369.49485419
 2531.61278656 1435.70854739 1212.79541242 1157.45766132 1203.59675354
 1937.17833625 1273.91587555 1233.64334823 1212.28134164 1173.09378095
 3506.28357685 2644.65639672 1895.13063006 1269.94800651 1162.47924891
 1700.42287655 1267.33725498 1182.35912096 1206.34808127 2392.13352982
 3053.54072559 1920.77701517 1233.98858305 1224.37472036 1199.96560871] 

Feasible stats: [( 0., 50.) ( 0., 50.) (37., 13.) (37., 13.) (45.,  5.) (45.,  5.)
 (32., 18.) (32., 18.) (47.,  3.) (47.,  3.) (48.,  2.) (48.,  2.)
 (49.,  1.) (49.,  1.) (48.,  2.) (48.,  2.) (24., 26.) (24., 26.)
 (44.,  6.) (44.,  6.) (45.,  5.) (45.,  5.) (47.,  3.) (47.,  3.)
 (47.,  3.) (47.,  3.) (16., 34.) (16., 34.) (43.,  7.) (43.,  7.)
 (50.,  0.) (50.,  0.) (46.,  4.) (46.,  4.) (47.,  3.) (47.,  3.)
 (11., 39.) (11., 39.) (33., 17.) (33., 17.) (45.,  5.) (45.,  5.)
 (47.,  3.) (47.,  3.) (48.,  2.) (48.,  2.) (21., 29.) (21., 29.)
 (42.,  8.) (42.,  8.) (47.,  3.) (47.,  3.) (47.,  3.) (47.,  3.)
 (45.,  5.) (45.,  5.) (16., 34.) (16., 34.) (44.,  6.) (44.,  6.)
 (45.,  5.) (45.,  5.) (50.,  0.) (50.,  0.) (48.,  2.) (48.,  2.)
 (17., 33.) (17., 33.) (49.,  1.) (49.,  1.) (49.,  1.) (49.,  1.)
 (48.,  2.) (48.,  2.) (47.,  3.) (47.,  3.) (17., 33.) (17., 33.)
 (37., 13.) (37., 13.) (44.,  6.) (44.,  6.) (47.,  3.) (47.,  3.)
 (47.,  3.) (47.,  3.) (18., 32.) (18., 32.) (39., 11.) (39., 11.)
 (49.,  1.) (49.,  1.) (46.,  4.) (46.,  4.) (47.,  3.) (47.,  3.)
 (22., 28.) (22., 28.) (40., 10.) (40., 10.) (47.,  3.) (47.,  3.)
 (48.,  2.) (48.,  2.) (45.,  5.) (45.,  5.) (20., 30.) (20., 30.)
 (45.,  5.) (45.,  5.) (46.,  4.) (46.,  4.) (43.,  7.) (43.,  7.)
 (44.,  6.) (44.,  6.) (14., 36.) (14., 36.) (31., 19.) (31., 19.)
 (47.,  3.) (47.,  3.) (47.,  3.) (47.,  3.) (49.,  1.) (49.,  1.)
 (28., 22.) (28., 22.) (47.,  3.) (47.,  3.) (48.,  2.) (48.,  2.)
 (47.,  3.) (47.,  3.) (45.,  5.) (45.,  5.) ( 6., 44.) ( 6., 44.)
 (28., 22.) (28., 22.) (48.,  2.) (48.,  2.) (46.,  4.) (46.,  4.)
 (47.,  3.) (47.,  3.) (14., 36.) (14., 36.) (46.,  4.) (46.,  4.)] 
Solution Description: 
p: [  0.          17.53554117  47.19996294  62.30053615  65.88026605
  65.92539359 100.47267296 150.80322505 212.26822432 213.37332578
 215.62221757   0.          24.42432263  43.10170885  46.65486999
  57.82812628  97.13902742 123.69930729 138.71301667 147.86729141
 149.7330236    0.         129.13692659 144.70329008 144.97023529
 160.79726676 178.6100311  184.24699532 184.42340811 213.98183953
 246.7060168  330.58263524 331.04308817 340.60973722 380.88320742
 406.23780655 436.41090846 488.5822693    0.          10.51101384
  48.43780602  62.38803703  71.55342471  81.04606192 107.19990103
 135.50207584 181.22537091 188.03662593 199.01363487 212.70373032
 225.36832642 260.01623432] 
pred: [ 0  0  0  0  0  0  5  5  5  5  5  0  0  1  1  1  1  1  1  1  1  0  0  0
  0  0  0  0  0  7  7  7  7  7  7 12 12 12  0  0  0  0  0  0  5  5  7  7
  7  7  7  7] 
distance [  0.          17.53554117  47.19996294  62.30053615  65.88026605
  65.92539359  34.54727937  84.87783147 146.34283074 147.44793219
 149.69682399   0.          24.42432263  18.67738622  22.23054736
  33.40380365  72.71470479  99.27498465 114.28869404 123.44296878
 125.30870097   0.         129.13692659 144.70329008 144.97023529
 160.79726676 178.6100311  184.24699532 184.42340811  29.55843142
  62.28260869 146.15922713 146.61968006 156.18632911 196.45979931
  65.62806933  95.80117124 147.97253208   0.          10.51101384
  48.43780602  62.38803703  71.55342471  81.04606192  26.15383911
  54.45601392  45.72329507  52.53455008  63.51155902  77.20165447
  89.86625057 124.51415848]
load: [  0  13  21  31  34  50  13  35  54  68  79   0  21  22  40  65  70  86
 102 112 119   0   9  28  44  64  84  96 121   9  14  17  26  38  48  16
  33  38   0   8  12  26  40  53  13  37  21  40  46  71  86 101] 
time: [  0.         170.         203.         228.39224704 244.56663558
 456.          80.         115.34683757 171.22731303 252.33358633
 322.           0.         371.         182.         195.18455016
 202.9955528  231.80134413 398.         440.23624841 473.3964008
 510.10459224   0.         108.         140.15799758 192.
 220.52726534 237.7678084  317.         446.         257.
 279.90630276 345.84518954 414.06688705 441.06764997 477.83410975
 357.24520703 434.         475.95303324   0.         121.
 226.         329.         378.         422.56770213 207.
 459.         115.         308.         325.46934669 414.
 443.         485.92676098] 
time warps: [0 0 0 0 0 0 0 0 0 0 0 0 0 0 0 0 0 0 0 0 0 0 0 0 0 0 0 0 0 0 0 0 0 0 0 0 0
 0 0 0 0 0 0 0 0 0 0 0 0 0 0 0] 
duration: [  0.          23.53554117  73.83796245  95.93853566 103.51826556
 311.61049336  41.54727937 116.87783147 195.34283074 200.44793219
 269.41539141   0.          47.42432263  24.67738622  29.23054736
  49.40380365 105.71470479 284.97668402 320.99039341 347.14466815
 353.01040033   0.         131.13692659 167.70329008 193.01987139
 216.84690286 239.6596672  311.29741782 426.10281899  35.55843142
  92.28260869 189.15922713 205.61968006 217.18632911 270.45979931
  80.62806933 184.45345617 239.62481701   0.          17.51101384
 155.03431469 244.72426381 305.6796988  325.17233601  48.15383911
 315.00222923  55.72329507 251.32425496 272.3012639  360.05582284
 403.26861412 455.91652202]

All individuals: [(15, [10,  9, 16, 13,  7, 41, 31, 44, 32,  9, 42, 46, 35, 37, 22, 34, 10, 45,  6, 27,  3, 48, 11, 13, 33, 20, 29,  8,  5, 16, 28,  4, 19, 14,  1, 36, 26, 18, 17,  2, 15, 25, 23, 30, 39, 43, 47, 24, 12, 21, 38, 40], 1113.95374479, 1154.22721499, 0.,  0.        ,  0.       ,  0.        ,  1, 50, 26. )
 (15, [10,  9, 16, 13,  7, 41, 31, 44, 32,  9, 42, 46, 35, 37, 22, 34, 10, 45,  6, 27,  3, 48, 11, 13, 33, 20, 29,  8,  5, 16, 28,  4, 19, 14,  1, 36, 26, 18, 17,  2, 15, 25, 23, 30, 39, 43, 47, 24, 12, 21, 38, 40], 1113.95374479, 1154.22721499, 0.,  0.        ,  0.       ,  0.        , 16, 35, 33.5)
 (15, [10,  9, 16, 13,  7, 41, 31, 44, 32,  9, 42, 46, 35, 37, 22, 34, 10, 45,  6, 27,  3, 48, 11, 13, 33, 20, 29,  8,  5, 16, 28,  4, 19, 14,  1, 36, 26, 18, 17,  2, 15, 25, 23, 30, 39, 43, 47, 24, 12, 21, 38, 40], 1113.95374479, 1154.22721499, 0.,  0.        ,  0.       ,  0.        , 17, 34, 34. )
 (15, [10,  9, 16, 13,  7, 41, 31, 44, 32,  9, 42, 46, 35, 37, 22, 34, 10, 45,  6, 27,  3, 48, 11, 13, 33, 20, 29,  8,  5, 16, 28,  4, 19, 14,  1, 36, 26, 18, 17,  2, 15, 25, 23, 30, 39, 43, 47, 24, 12, 21, 38, 40], 1113.95374479, 1154.22721499, 0.,  0.        ,  0.       ,  0.        , 18, 33, 34.5)
 (15, [10,  9, 16, 13,  7, 41, 31, 44, 32,  9, 42, 46, 35, 37, 22, 34, 10, 45,  6, 27,  3, 48, 11, 13, 33, 20, 29,  8,  5, 16, 28,  4, 19, 14,  1, 36, 26, 18, 17,  2, 15, 25, 23, 30, 39, 43, 47, 24, 12, 21, 38, 40], 1113.95374479, 1154.22721499, 0.,  0.        ,  0.       ,  0.        , 19, 32, 35. )
 (15, [10,  9, 16, 13,  7, 41, 31, 44, 32,  9, 42, 46, 35, 37, 22, 34, 10, 45,  6, 27,  3, 48, 11, 13, 33, 20, 29,  8,  5, 16, 28,  4, 19, 14,  1, 36, 26, 18, 17,  2, 15, 25, 23, 30, 39, 43, 47, 24, 12, 21, 38, 40], 1113.95374479, 1154.22721499, 0.,  0.        ,  0.       ,  0.        , 20, 31, 35.5)
 (15, [10,  9, 16, 13,  7, 41, 31, 44, 32,  9, 42, 46, 35, 37, 22, 34, 10, 45,  6, 27,  3, 48, 11, 13, 33, 20, 29,  8,  5, 16, 28,  4, 19, 14,  1, 36, 26, 18, 17,  2, 15, 25, 23, 30, 39, 43, 47, 24, 12, 21, 38, 40], 1113.95374479, 1154.22721499, 0.,  0.        ,  0.       ,  0.        , 21, 30, 36. )
 (15, [10,  9, 16, 13,  7, 41, 31, 44, 32,  9, 42, 46, 35, 37, 22, 34, 10, 45,  6, 27,  3, 48, 11, 13, 33, 20, 29,  8,  5, 16, 28,  4, 19, 14,  1, 36, 26, 18, 17,  2, 15, 25, 23, 30, 39, 43, 47, 24, 12, 21, 38, 40], 1113.95374479, 1154.22721499, 0.,  0.        ,  0.       ,  0.        , 22, 29, 36.5)
 (15, [10,  9, 16, 13,  7, 41, 31, 44, 32,  9, 42, 46, 35, 37, 22, 34, 10, 45,  6, 27,  3, 48, 11, 13, 33, 20, 29,  8,  5, 16, 28,  4, 19, 14,  1, 36, 26, 18, 17,  2, 15, 25, 23, 30, 39, 43, 47, 24, 12, 21, 38, 40], 1113.95374479, 1154.22721499, 0.,  0.        ,  0.       ,  0.        , 23, 28, 37. )
 (15, [10,  9, 16, 13,  7, 41, 31, 44, 32,  9, 42, 46, 35, 37, 22, 34, 10, 45,  6, 27,  3, 48, 11, 13, 33, 20, 29,  8,  5, 16, 28,  4, 19, 14,  1, 36, 26, 18, 17,  2, 15, 25, 23, 30, 39, 43, 47, 24, 12, 21, 38, 40], 1113.95374479, 1154.22721499, 0.,  0.        ,  0.       ,  0.        , 24, 27, 37.5)
 (15, [10,  9, 16, 13,  7, 41, 31, 44, 32,  9, 42, 46, 35, 37, 22, 34, 10, 45,  6, 27,  3, 48, 11, 13, 33, 20, 29,  8,  5, 16, 28,  4, 19, 14,  1, 36, 26, 18, 17,  2, 15, 25, 23, 30, 39, 43, 47, 24, 12, 21, 38, 40], 1113.95374479, 1154.22721499, 0.,  0.        ,  0.       ,  0.        , 15, 36, 33. )
 (35, [11, 12, 13, 12, 37,  7, 40, 22,  9, 15, 28, 21, 38, 43, 46,  2, 34, 26, 16, 30, 17, 47, 42, 23, 44, 29,  4,  6, 45, 13, 25, 48, 33, 12, 10, 24, 35, 39,  5, 11,  8, 18, 36,  1,  3, 27, 41, 31, 32, 20, 19, 14], 1113.95374479, 1154.22721499, 0.,  0.        ,  0.       ,  0.        , 12, 39, 31.5)
 (38, [10, 15, 11, 12, 43, 45, 42,  2, 15, 29, 14, 25, 26, 10, 46, 28, 23,  6, 38,  1, 31, 48, 21, 18, 33, 11, 44,  9,  7, 37, 19, 39, 16, 34, 30, 40, 17, 20, 36, 47, 41, 22, 27, 24, 13,  3, 35, 32,  8,  4, 12,  5], 1113.95374479, 1154.22721499, 0.,  0.        ,  0.       ,  0.        , 13, 38, 32. )
 (39, [11, 14, 12, 11, 47, 12,  6, 33,  1, 41, 48, 45,  8, 31, 37,  9,  4, 43,  2, 21, 10, 38, 14, 44, 23, 17,  3, 19, 18, 29, 30, 16, 35, 15,  7, 34, 32, 46, 40, 39,  5, 26, 28, 22, 20, 36, 11, 25, 42, 27, 13, 24], 1113.95374479, 1154.22721499, 0.,  0.        ,  0.       ,  0.        , 14, 37, 32.5)
 (40, [12, 14, 12, 10, 19, 30, 18, 24, 44, 20,  6,  8, 32, 34, 28,  4,  1, 35, 31, 39, 13, 37,  5, 29, 42, 21, 38, 26, 10, 33, 14, 23, 36, 47, 48, 22,  7, 43,  2, 45, 15, 40,  9, 46,  3, 41, 25, 27, 11, 16, 17, 12], 1113.95374479, 1154.22721499, 0.,  0.        ,  0.       ,  0.        , 15, 36, 33. )
 (41, [12, 13, 11, 12, 15, 34, 10,  9, 43, 16, 47, 48, 12, 19, 31, 35, 18, 14, 42, 21, 40, 23, 22,  4, 17, 36,  7, 24,  3, 29,  8, 45, 46, 32, 28,  5, 26, 27, 38,  6, 41, 30, 25, 39,  1, 37, 13,  2, 11, 33, 20, 44], 1113.95374479, 1154.22721499, 0.,  0.        ,  0.       ,  0.        , 16, 35, 33.5)
 (42, [12, 13, 11, 12, 44, 36, 15, 31, 27, 11, 12, 18, 16, 41,  8,  4, 37, 24, 28,  7, 40, 48, 14,  1, 23, 22, 13, 32, 33, 29,  6, 34, 26, 20,  3, 10, 39,  9, 38, 30, 42, 19, 17, 25,  2, 45, 35, 46, 43, 47,  5, 21], 1113.95374479, 1154.22721499, 0.,  0.        ,  0.       ,  0.        , 17, 34, 34. )
 (43, [11, 13, 12, 12,  1, 34, 31, 15,  5,  7,  2, 46, 33, 43, 42, 26, 25, 29,  9, 35, 17, 39, 48,  6, 37,  4, 23, 10, 44, 28, 47, 21, 30, 32,  8, 36, 13, 22, 12, 27, 24, 45, 41, 16,  3, 38, 14, 19, 18, 40, 20, 11], 1113.95374479, 1154.22721499, 0.,  0.        ,  0.       ,  0.        , 18, 33, 34.5)
 (44, [13, 13, 10, 12, 42, 27, 23, 12, 19, 46, 47, 25, 16, 41,  9, 18,  4, 38,  1, 31, 35, 17, 36, 11, 28, 30, 34, 13, 24, 14,  6, 48,  5, 39,  7, 21, 44,  3,  2, 43, 26, 15, 40, 45, 32, 37,  8, 20, 22, 33, 29, 10], 1113.95374479, 1154.22721499, 0.,  0.        ,  0.       ,  0.        , 19, 32, 35. )
 (45, [13, 11, 12, 12, 14,  6, 48, 20, 41, 10, 35, 24, 37, 12, 33, 45,  7, 47,  4,  5, 25, 39, 40, 30,  8, 31, 34,  3, 43, 13, 22,  2, 21, 11, 46, 17,  9, 19, 15, 28, 38, 27, 44, 32, 29, 18, 23, 42, 26,  1, 36, 16], 1113.95374479, 1154.22721499, 0.,  0.        ,  0.       ,  0.        , 20, 31, 35.5)
 (47, [12, 13, 11, 12, 12, 43, 21,  4, 39, 26, 18,  6, 44, 16, 20, 28, 46, 30, 37,  5, 25, 33,  7, 32,  8, 38, 14, 13, 42, 27, 41, 45, 17, 40, 22, 24, 29, 15, 34, 23,  3, 47, 19, 35, 36,  1, 11,  9, 31,  2, 48, 10], 1113.95374479, 1154.22721499, 0.,  0.        ,  0.       ,  0.        , 21, 30, 36. )
 (36, [14, 11, 11, 12, 39, 13, 42, 17, 37, 26,  3,  6,  8, 29, 22, 32, 46, 18,  9, 44, 45, 20, 24, 40, 10, 28, 36,  4, 47, 23, 35, 48, 15, 14,  1, 16, 43, 21, 27, 12, 30, 25, 38,  5,  7,  2, 34, 41, 11, 31, 19, 33], 1113.95374479, 1154.22721499, 0.,  0.        ,  0.       ,  0.        , 22, 29, 36.5)
 (48, [13, 11, 10, 14, 32, 29,  1, 36, 42, 23, 26, 31, 25, 15, 17, 34, 48, 30, 19, 11, 27, 45, 37, 13,  9, 47, 14,  4, 35, 21, 28,  7, 33, 24, 16, 38, 40, 41, 22, 43,  6, 20, 39,  3,  8,  5, 46, 12, 18, 10, 44,  2], 1113.95374479, 1154.22721499, 0.,  0.        ,  0.       ,  0.        , 11, 40, 31. )
 (15, [10,  9, 16, 13,  7, 41, 31, 44, 32,  9, 42, 46, 35, 37, 22, 34, 10, 45,  6, 27,  3, 48, 11, 13, 33, 20, 29,  8,  5, 16, 28,  4, 19, 14,  1, 36, 26, 18, 17,  2, 15, 25, 23, 30, 39, 43, 47, 24, 12, 21, 38, 40], 1113.95374479, 1154.22721499, 0.,  0.        ,  0.       ,  0.        , 14, 37, 32.5)
 (15, [10,  9, 16, 13,  7, 41, 31, 44, 32,  9, 42, 46, 35, 37, 22, 34, 10, 45,  6, 27,  3, 48, 11, 13, 33, 20, 29,  8,  5, 16, 28,  4, 19, 14,  1, 36, 26, 18, 17,  2, 15, 25, 23, 30, 39, 43, 47, 24, 12, 21, 38, 40], 1113.95374479, 1154.22721499, 0.,  0.        ,  0.       ,  0.        , 12, 39, 31.5)
 (15, [10,  9, 16, 13,  7, 41, 31, 44, 32,  9, 42, 46, 35, 37, 22, 34, 10, 45,  6, 27,  3, 48, 11, 13, 33, 20, 29,  8,  5, 16, 28,  4, 19, 14,  1, 36, 26, 18, 17,  2, 15, 25, 23, 30, 39, 43, 47, 24, 12, 21, 38, 40], 1113.95374479, 1154.22721499, 0.,  0.        ,  0.       ,  0.        , 13, 38, 32. )
 (15, [10,  9, 16, 13,  7, 41, 31, 44, 32,  9, 42, 46, 35, 37, 22, 34, 10, 45,  6, 27,  3, 48, 11, 13, 33, 20, 29,  8,  5, 16, 28,  4, 19, 14,  1, 36, 26, 18, 17,  2, 15, 25, 23, 30, 39, 43, 47, 24, 12, 21, 38, 40], 1113.95374479, 1154.22721499, 0.,  0.        ,  0.       ,  0.        ,  2, 49, 26.5)
 (15, [10,  9, 16, 13,  7, 41, 31, 44, 32,  9, 42, 46, 35, 37, 22, 34, 10, 45,  6, 27,  3, 48, 11, 13, 33, 20, 29,  8,  5, 16, 28,  4, 19, 14,  1, 36, 26, 18, 17,  2, 15, 25, 23, 30, 39, 43, 47, 24, 12, 21, 38, 40], 1113.95374479, 1154.22721499, 0.,  0.        ,  0.       ,  0.        ,  1, 50, 26. )
 (15, [10,  9, 16, 13,  7, 41, 31, 44, 32,  9, 42, 46, 35, 37, 22, 34, 10, 45,  6, 27,  3, 48, 11, 13, 33, 20, 29,  8,  5, 16, 28,  4, 19, 14,  1, 36, 26, 18, 17,  2, 15, 25, 23, 30, 39, 43, 47, 24, 12, 21, 38, 40], 1113.95374479, 1154.22721499, 0.,  0.        ,  0.       ,  0.        ,  4, 47, 27.5)
 (15, [10,  9, 16, 13,  7, 41, 31, 44, 32,  9, 42, 46, 35, 37, 22, 34, 10, 45,  6, 27,  3, 48, 11, 13, 33, 20, 29,  8,  5, 16, 28,  4, 19, 14,  1, 36, 26, 18, 17,  2, 15, 25, 23, 30, 39, 43, 47, 24, 12, 21, 38, 40], 1113.95374479, 1154.22721499, 0.,  0.        ,  0.       ,  0.        ,  5, 46, 28. )
 (15, [10,  9, 16, 13,  7, 41, 31, 44, 32,  9, 42, 46, 35, 37, 22, 34, 10, 45,  6, 27,  3, 48, 11, 13, 33, 20, 29,  8,  5, 16, 28,  4, 19, 14,  1, 36, 26, 18, 17,  2, 15, 25, 23, 30, 39, 43, 47, 24, 12, 21, 38, 40], 1113.95374479, 1154.22721499, 0.,  0.        ,  0.       ,  0.        ,  3, 48, 27. )
 (15, [10,  9, 16, 13,  7, 41, 31, 44, 32,  9, 42, 46, 35, 37, 22, 34, 10, 45,  6, 27,  3, 48, 11, 13, 33, 20, 29,  8,  5, 16, 28,  4, 19, 14,  1, 36, 26, 18, 17,  2, 15, 25, 23, 30, 39, 43, 47, 24, 12, 21, 38, 40], 1113.95374479, 1154.22721499, 0.,  0.        ,  0.       ,  0.        ,  7, 44, 29. )
 (15, [10,  9, 16, 13,  7, 41, 31, 44, 32,  9, 42, 46, 35, 37, 22, 34, 10, 45,  6, 27,  3, 48, 11, 13, 33, 20, 29,  8,  5, 16, 28,  4, 19, 14,  1, 36, 26, 18, 17,  2, 15, 25, 23, 30, 39, 43, 47, 24, 12, 21, 38, 40], 1113.95374479, 1154.22721499, 0.,  0.        ,  0.       ,  0.        ,  8, 43, 29.5)
 (15, [10,  9, 16, 13,  7, 41, 31, 44, 32,  9, 42, 46, 35, 37, 22, 34, 10, 45,  6, 27,  3, 48, 11, 13, 33, 20, 29,  8,  5, 16, 28,  4, 19, 14,  1, 36, 26, 18, 17,  2, 15, 25, 23, 30, 39, 43, 47, 24, 12, 21, 38, 40], 1113.95374479, 1154.22721499, 0.,  0.        ,  0.       ,  0.        ,  9, 42, 30. )
 (15, [10,  9, 16, 13,  7, 41, 31, 44, 32,  9, 42, 46, 35, 37, 22, 34, 10, 45,  6, 27,  3, 48, 11, 13, 33, 20, 29,  8,  5, 16, 28,  4, 19, 14,  1, 36, 26, 18, 17,  2, 15, 25, 23, 30, 39, 43, 47, 24, 12, 21, 38, 40], 1113.95374479, 1154.22721499, 0.,  0.        ,  0.       ,  0.        , 10, 41, 30.5)
 (15, [10,  9, 16, 13,  7, 41, 31, 44, 32,  9, 42, 46, 35, 37, 22, 34, 10, 45,  6, 27,  3, 48, 11, 13, 33, 20, 29,  8,  5, 16, 28,  4, 19, 14,  1, 36, 26, 18, 17,  2, 15, 25, 23, 30, 39, 43, 47, 24, 12, 21, 38, 40], 1113.95374479, 1154.22721499, 0.,  0.        ,  0.       ,  0.        , 11, 40, 31. )
 (15, [10,  9, 16, 13,  7, 41, 31, 44, 32,  9, 42, 46, 35, 37, 22, 34, 10, 45,  6, 27,  3, 48, 11, 13, 33, 20, 29,  8,  5, 16, 28,  4, 19, 14,  1, 36, 26, 18, 17,  2, 15, 25, 23, 30, 39, 43, 47, 24, 12, 21, 38, 40], 1113.95374479, 1154.22721499, 0.,  0.        ,  0.       ,  0.        ,  6, 45, 28.5)
 (37, [11, 12, 12, 13, 40, 42, 47,  9, 28,  4, 48,  3, 36, 46, 30, 13, 25, 11,  5, 19, 12, 34,  1, 45, 16, 14, 26, 18,  8, 31, 22, 29, 35, 44, 39, 41, 23, 27, 15, 10, 32, 20, 33, 17,  6, 38, 37, 24,  7, 21, 43,  2], 1172.53363221, 1172.53363221, 0.,  0.        ,  0.       ,  6.        , 40,  7, 43.5)
 (37, [11, 12, 12, 13, 40, 42, 47,  9, 28,  4, 48,  3, 36, 46, 30, 13, 25, 11,  5, 19, 12, 34,  1, 45, 16, 14, 26, 18,  8, 31, 22, 29, 35, 44, 39, 41, 23, 27, 15, 10, 32, 20, 33, 17,  6, 38, 37, 24,  7, 21, 43,  2], 1172.53363221, 1172.53363221, 0.,  0.        ,  0.       ,  6.        , 40,  7, 43.5)
 (15, [10,  9, 16, 13,  7, 41, 31, 44, 32,  9, 42, 46, 35, 37, 22, 34, 10, 45,  6, 27,  3, 48, 11, 13, 33, 20, 26,  8,  5, 16, 28,  4, 19, 14,  1, 36, 29, 18, 17,  2, 15, 25, 23, 30, 39, 43, 47, 24, 12, 21, 38, 40], 1238.08528191, 1238.08528191, 0.,  0.        ,  0.       ,  4.        , 41, 10, 46. )
 (15, [10,  9, 16, 13,  7, 42, 31, 44, 32,  9, 41, 46, 35, 37, 22, 34, 10, 45,  6, 27,  3, 48, 11, 13, 33, 20, 29,  8,  5, 16, 28,  4, 19, 14,  1, 36, 26, 18, 17,  2, 15, 25, 23, 30, 39, 43, 47, 24, 12, 21, 38, 40], 1249.6555822 , 1289.9290524 , 0.,  0.        ,  0.       ,  4.        , 42,  9, 46.5)
 (46, [11, 13, 12, 12,  3, 46, 20, 29, 36, 32, 18, 11,  6, 38, 33, 13, 48,  1, 31, 28, 37, 21,  5, 15, 47,  2,  7, 22, 14, 17, 35, 45, 40, 12, 43, 24, 44, 41, 27, 25, 26, 34, 39, 10,  4, 42, 30, 16,  9,  8, 23, 19], 1317.29164658, 1357.56511679, 0.,  0.        ,  0.       ,  3.        , 43, 11, 48.5)
 (46, [11, 13, 12, 12,  3, 46, 20, 29, 36, 32, 18, 11,  6, 38, 33, 13, 48,  1, 31, 28, 37, 21,  5, 15, 47,  2,  7, 22, 14, 17, 35, 45, 40, 12, 43, 24, 44, 41, 27, 25, 26, 34, 39, 10,  4, 42, 30, 16,  9,  8, 23, 19], 1317.29164658, 1357.56511679, 0.,  0.        ,  0.       ,  3.        , 43, 11, 48.5)
 (15, [10, 10, 16, 12,  7, 41, 31, 44, 32,  9, 42, 46, 35, 37, 22, 34, 10, 45,  6, 27,  3, 48, 11, 13, 33, 20, 29,  8,  5, 16, 28, 14, 19,  4,  1, 36, 26, 18, 17,  2, 15, 25, 23, 30, 39, 43, 47, 24, 12, 21, 38, 40], 1462.10941331, 1502.38288351, 0.,  0.        ,  0.       ,  6.        , 45,  8, 49. )
 (49, [14, 11, 11, 12, 31, 18, 19,  3, 35,  1, 23, 28,  5, 39,  6, 46, 25, 26, 47, 33, 42, 13, 30, 48, 43, 10, 37, 34, 44, 36, 17, 29, 38, 11, 15,  8, 41, 40, 21, 14,  9, 32,  7,  2, 16, 20, 22, 45, 24, 12, 27,  4], 1597.83773423, 1774.75720056, 0.,  6.46618982, 12.5617767, 15.66666667, 46,  3, 47.5)
 (49, [14, 11, 11, 12, 31, 18, 19,  3, 35,  1, 23, 28,  5, 39,  6, 46, 25, 26, 47, 33, 42, 13, 30, 48, 43, 10, 37, 34, 44, 36, 17, 29, 38, 11, 15,  8, 41, 40, 21, 14,  9, 32,  7,  2, 16, 20, 22, 45, 24, 12, 27,  4], 1597.83773423, 1774.75720056, 0.,  6.46618982, 12.5617767, 15.66666667, 46,  3, 47.5)
 (15, [10, 10, 17, 11,  7, 34, 22, 37, 35, 46, 42,  9, 32, 44, 31, 41, 10, 45,  6, 27,  3, 48, 11, 13, 33, 20, 29,  8,  5, 16, 28,  4, 19, 14,  1, 36, 26, 18, 17,  2, 15, 25, 23, 30, 39, 43, 47, 24, 12, 21, 38, 40], 1608.03906929, 1648.3125395 , 0.,  0.        ,  0.       , 15.66666667, 47,  4, 49. )
 (15, [10,  9, 15, 14,  7, 41, 31, 44, 33, 32,  9, 42, 46, 35, 37, 22, 34, 10, 45,  6, 27,  3, 48, 11, 13, 20,  1,  8,  5, 16, 28,  4, 19, 14, 29, 36, 26, 18, 17,  2, 15, 25, 23, 30, 39, 43, 47, 24, 12, 21, 38, 40], 1675.3760365 , 1675.3760365 , 0.,  0.        ,  0.       ,  9.        , 48,  6, 51. )
 (15, [11,  9, 16, 12,  7, 31, 44, 32,  9, 42, 46, 33, 20, 29, 41, 13, 34, 45,  6, 48,  3, 27, 10, 11, 35, 22, 37, 36,  2,  8,  5, 16, 28,  4, 19, 14,  1, 26, 18, 17, 15, 25, 23, 30, 39, 43, 47, 24, 12, 21, 38, 40], 1692.13829163, 1692.13829163, 0.,  0.        ,  0.       , 18.        , 49,  2, 50. )
 (15, [10,  9, 16, 13,  7, 41, 31, 44, 32,  9, 42, 46, 35, 37, 23, 25, 15,  2, 17, 18, 26, 36,  1, 14, 19,  4, 28, 16,  5,  8, 29, 20, 33, 13, 11, 48,  3, 27,  6, 45, 10, 34, 22, 30, 39, 43, 47, 24, 12, 21, 38, 40], 2151.57775489, 2319.28042947, 0., 52.70163978,  0.       , 25.66666667, 50,  1, 50.5)]