
Total Runtime in seconds: 293.31805181503296Parameters:
population_size: 50, max_generations: 30, executed generations: 29, threshold_no_improvement: 15
target feasible proportion: 12
fitness_scaling: power_rank, selection_method: n_tournaments
p_c: 0.8, p_m: 0.2, NOT YET p_education: 0.0
tournament_size: 2, n_elite: 8
survivor_selection_step: 10, p_selection_survival: 0.7
kill clone step: 5
diversify_step: 20, diversify_step: 20, p_diversify_survival: 0.3
n_closest_neighbors: 3, diversity_weight: 0.5, distance_method: broken_pairs_distance
capacity_penalty_factor: 2.5602936403565306, duration_penalty_factor 2.5602936403565306, time_window_penalty: 2
Best fitness all generations, best individual before/after local search: 1807.1679268372268, 1807.1679268372268 / 1807.1679268372268
Best individual found before local search: (45, [31, 12, 22, 31, 41, 70, 59, 84, 81, 19, 93, 38, 68, 39, 27, 74, 62, 55, 92, 20, 16, 64, 17, 44, 25, 60, 72, 86, 43,  8, 13, 73, 37, 69,  9, 42, 88, 78, 33, 65, 47,  1, 87, 32,  7,  5, 94,  2, 80, 48,  6, 10, 24, 14, 18, 96, 67, 51, 50, 76,  3, 12, 53, 36, 71, 66, 85, 22, 56, 57, 95, 29, 54, 58, 89, 63, 77, 90, 31, 35, 82, 79, 45, 26, 46, 23, 83, 30, 91, 28, 11, 21, 15, 75, 40, 34, 49,  4, 61, 52], 1807.16792684, 1816.30432169, 0., 0., 0., 0., 5, 47, 28.5)
Best individual found after local search: (45, [31, 12, 22, 31, 41, 70, 59, 84, 81, 19, 93, 38, 68, 39, 27, 74, 62, 55, 92, 20, 16, 64, 17, 44, 25, 60, 72, 86, 43,  8, 13, 73, 37, 69,  9, 42, 88, 78, 33, 65, 47,  1, 87, 32,  7,  5, 94,  2, 80, 48,  6, 10, 24, 14, 18, 96, 67, 51, 50, 76,  3, 12, 53, 36, 71, 66, 85, 22, 56, 57, 95, 29, 54, 58, 89, 63, 77, 90, 31, 35, 82, 79, 45, 26, 46, 23, 83, 30, 91, 28, 11, 21, 15, 75, 40, 34, 49,  4, 61, 52], 1807.16792684, 1816.30432169, 0., 0., 0., 0., 5, 47, 28.5)
Best feasible individual found: (45, [31, 12, 22, 31, 41, 70, 59, 84, 81, 19, 93, 38, 68, 39, 27, 74, 62, 55, 92, 20, 16, 64, 17, 44, 25, 60, 72, 86, 43,  8, 13, 73, 37, 69,  9, 33, 88, 78, 42, 65, 47,  1, 87, 32,  7,  5, 94,  2, 80, 48,  6, 10, 24, 14, 18, 96, 67, 51, 50, 76,  3, 12, 53, 36, 71, 66, 85, 22, 56, 57, 95, 29, 54, 58, 89, 63, 77, 90, 31, 35, 82, 79, 45, 26, 46, 23, 83, 30, 91, 28, 11, 21, 15, 75, 40, 34, 49,  4, 61, 52], 1808.4322215, 1808.4322215, 0., 0., 0., 0., 5, 47, 28.5)

Fitness stats min: [1912.93362713 1823.66575838 1812.829739   1812.829739   1812.08983016
 1810.42734022 1810.42734022 1810.42734022 1810.42734022 1809.83073374
 1809.66870113 1809.66870113 1808.92879229 1808.92879229 1808.92879229
 1808.92879229 1808.92879229 1808.92879229 1808.92879229 1808.92879229
 1808.92879229 1808.92879229 1808.92879229 1808.92879229 1808.92879229
 1808.4322215  1808.4322215  1808.4322215  1808.4322215  1807.16792684] 

Fitness stats feasible min: [1912.93362713 1823.66575838 1812.829739   1812.829739   1812.08983016
 1810.42734022 1810.42734022 1810.42734022 1810.42734022 1809.83073374
 1809.66870113 1809.66870113 1808.92879229 1808.92879229 1808.92879229
 1808.92879229 1808.92879229 1808.92879229 1808.92879229 1808.92879229
 1808.92879229 1808.92879229 1808.92879229 1808.92879229 1808.92879229
 1808.4322215  1808.4322215  1808.4322215  1808.4322215  1807.16792684] 

Fitness stats avg: [2869.32675487 2766.65867694 2494.68627953 2376.39858102 2066.23907075
 2170.90111778 2041.50652747 1940.07772147 1917.85353988 2012.39717029
 5207.37864219 3441.6676574  2368.41090579 1928.54865007 1859.69848061
 5255.09623015 3726.95068106 2538.1479058  2004.23074435 1904.08881264
 3954.73836606 2361.49976032 1924.3056388  1874.83246884 1861.17036416
 5556.9666111  4225.25896687 2830.84419679 2060.85893125 1933.75210684] 

Feasible stats: [( 0., 50.) ( 0., 50.) (25., 25.) (25., 25.) (38., 12.) (38., 12.)
 (45.,  5.) (45.,  5.) (45.,  5.) (45.,  5.) (41.,  9.) (41.,  9.)
 (24., 26.) (24., 26.) (48.,  2.) (48.,  2.) (12., 38.) (12., 38.)
 (32., 18.) (32., 18.) (42.,  8.) (42.,  8.) (37., 13.) (37., 13.)
 (48.,  2.) (48.,  2.) ( 9., 41.) ( 9., 41.) (28., 22.) (28., 22.)] 
Solution Description: 
p: [  0.          38.8670428   41.54576548  41.58415272  47.09143869
  53.47021757  88.24204625 120.05653681 141.52245499 166.10180969
 260.87884028 302.95011112 303.52490926 329.98550351 362.21402579
 392.27697628 400.39008061 414.12573032 417.05660537 418.06552487
 419.60487837 443.34827468 452.77814188 454.53875309 488.70808677
 528.45155564 668.81796244 681.81340696 706.7884477  715.46464914
 730.68397205 734.93772414   0.          24.16879376  28.43960134
  28.44583559  37.58223044  62.02959569  62.98506684  65.69682705
  82.99313782  83.14813351 221.17818764 231.79692094 237.34034807
   0.          33.04402669  47.16510668  69.58322548 105.25785939
 106.59137443 122.74585048 126.09417239 127.77773628 136.67274365
 153.45090117 195.59037172 223.83734407 233.97245464 244.96820038
 245.05615957 270.68848391 271.4858284  282.08403881 306.28856103
 320.50923338 325.20256253 332.77601434   0.          30.8155834
  43.73567644  43.7381115   43.90446628  51.53673866  56.88083634
 138.56279721 144.35820826 144.38334727 153.45479187 158.77332958
 167.61491301 182.11743169 187.11018944 203.81787702 230.95834037
 253.64111454 282.73912003 282.89792615 282.92250275 284.92568465
 294.60319921 308.07727957 349.04898238 426.52945096 445.08949134
 484.25357209 489.06738693 497.9506959  501.82540926 502.11384029] 
pred: [ 0  0  0  0  0  4  4  4  4  4  4  4  4 12 12 12 12 12 12 12 12 20 20 20
 23 23 23 23 27 27 27 27  0  0  0  0  0  3  3  3  3  3  9  9  9  0  0  0
  0  0  0  0  0  0  8  8  8  8  8  8  8  8  8  8 18 18 18 18  0  0  0  0
  0  0  5  5  5  5  5  5  5 12 12 12 12 12 12 12 12 12 21 21 21 21 21 21
 21 21 21 21] 
distance [  0.          38.8670428   41.54576548  41.58415272  47.09143869
   6.37877888  41.15060755  72.96509812  94.4310163  119.010371
 213.78740159 255.85867242 256.43347057  26.46059425  58.68911653
  88.75206702  96.86517135 110.60082106 113.53169611 114.54061561
 116.07996912  23.7433963   33.17326351  34.93387471  34.16933368
  73.91280255 214.27920935 227.27465387  24.97504074  33.65124219
  48.87056509  53.12431718   0.          24.16879376  28.43960134
  28.44583559  37.58223044  33.58376009  34.53923124  37.25099146
  54.54730223  54.70229792 138.03005413 148.64878743 154.19221456
   0.          33.04402669  47.16510668  69.58322548 105.25785939
 106.59137443 122.74585048 126.09417239 127.77773628   8.89500736
  25.67316489  67.81263544  96.05960779 106.19471836 117.1904641
 117.27842329 142.91074763 143.70809211 154.30630252  24.20452222
  38.42519457  43.11852372  50.69197553   0.          30.8155834
  43.73567644  43.7381115   43.90446628  51.53673866   5.34409768
  87.02605855  92.82146959  92.84660861 101.91805321 107.23659092
 116.07817435  14.50251868  19.49527643  36.20296401  63.34342736
  86.02620153 115.12420701 115.28301313 115.30758974 117.31077164
   9.67751456  23.15159492  64.12329773 141.60376631 160.16380669
 199.32788744 204.14170228 213.02501125 216.89972461 217.18815564]
load: [  0  23  33  34  36  13  29  48  60  66  73  82  87   9  12  35  53  74
  97 116 139  19  29  53   8  12  16  25   3  14  34  59   0  13  31  43
  57  28  37  41  66  88  21  34  36   0  12  32  42  62  83  99 104 106
  10  11  24  45  50  53  56  64  69  88   5  28  52  56   0  13  34  49
  69  87   4  17  21  26  50  70  71  11  28  40  53  61  64  68  89  92
   7  31  51  64  65  76  98 113 129 154] 
time: [  0.         140.         285.         313.27835541 350.
 106.         213.         231.37636996 243.11781353 260.50773072
 342.912164   403.12112361 481.2328686   95.         126.37011091
 150.37582442 206.         376.         386.73487495 425.26938032
 455.         103.         137.         300.         110.
 136.         224.76021669 417.         129.         152.39981091
 182.95258396 314.           0.         178.         324.
 350.09776622 359.80389945 241.31703655 450.         465.86341928
 488.46505274 519.51455686 257.         422.         493.75351166
   0.         125.         248.         267.05961308 336.
 375.38672649 402.         418.83844297 445.         124.
 153.76960324 175.99194442 216.         236.95530789 272.11160563
 282.23770107 318.89836181 375.         457.         222.
 242.66881288 378.         407.15348661   0.         169.
 186.61974315 210.87311616 229.54785008 424.         158.
 221.85226149 264.02932451 291.84323353 320.73262762 476.
 491.36242939 129.         231.         314.         333.14864991
 359.6233031  432.         466.90323688 487.66647824 514.37979312
 143.         161.         187.62067589 244.039433   287.29970021
 324.30362074 439.         490.54626192 526.81982354 536.03539484] 
time warps: [0 0 0 0 0 0 0 0 0 0 0 0 0 0 0 0 0 0 0 0 0 0 0 0 0 0 0 0 0 0 0 0 0 0 0 0 0
 0 0 0 0 0 0 0 0 0 0 0 0 0 0 0 0 0 0 0 0 0 0 0 0 0 0 0 0 0 0 0 0 0 0 0 0 0
 0 0 0 0 0 0 0 0 0 0 0 0 0 0 0 0 0 0 0 0 0 0 0 0 0 0] 
duration: [  0.          47.8670428  204.71805701 216.75644426 256.8323723
  10.37877888 132.74364087 165.55813144 192.02404962 237.60340432
 341.3804349  405.45170574 420.02650389  40.46059425  80.68911653
 133.75206702 187.69724258 340.50270834 366.43358339 381.44250288
 416.60273156  40.7433963   69.80229227 250.20337636  37.16933368
  90.93886636 247.30527316 406.2979109   43.97504074  73.65124219
 108.87056509 237.60058348   0.          44.16879376 187.29453655
 192.3007708  217.43716565  53.58376009 268.71109672 283.42285694
 325.7191677  337.87416339 153.03005413 314.11527113 330.65869826
   0.          34.04402669 166.26650547 207.68462428 286.32788078
 296.66139581 321.79506511 337.14338702 359.02249074  29.89500736
  47.67316489  98.81263544 148.25848433 180.39359489 192.38934064
 211.47729982 245.10962417 288.52888706 381.99465359  33.20452222
  69.42519457 197.90426289 215.4777147    0.          39.8155834
  71.73567644  84.7381115   89.90446628 300.43181441  28.34409768
 129.02605855 159.82146959 175.84660861 208.91805321 349.31877802
 364.16036145  24.50251868 139.65402328 208.17543252 247.31589587
 287.99867004 378.46364691 383.62245303 396.64702964 410.65021153
  14.67751456  40.387413    94.35911581 182.83958439 206.39962477
 253.56370552 372.24352996 396.12683893 404.00155229 427.28998332]

All individuals: [(45, [31, 12, 22, 31, 41, 70, 59, 84, 81, 19, 93, 38, 68, 39, 27, 74, 62, 55, 92, 20, 16, 64, 17, 44, 25, 60, 72, 86, 43,  8, 13, 73, 37, 69,  9, 33, 88, 78, 42, 65, 47,  1, 87, 32,  7,  5, 94,  2, 80, 48,  6, 10, 24, 14, 18, 96, 67, 51, 50, 76,  3, 12, 53, 36, 71, 66, 85, 22, 56, 57, 95, 29, 54, 58, 89, 63, 77, 90, 31, 35, 82, 79, 45, 26, 46, 23, 83, 30, 91, 28, 11, 21, 15, 75, 40, 34, 49,  4, 61, 52], 1808.4322215 , 1808.4322215 , 0.,  0.        , 0.,  0.        ,  1, 50, 26. )
 (48, [24, 26, 23, 23, 65, 30,  9, 69,  2, 85, 61, 31, 89, 92, 40, 78, 11, 56, 72, 15, 18,  8, 47,  7, 43, 66, 87, 73, 34, 88, 25,  1, 75, 42, 77, 27, 32, 63, 52, 12, 24, 67,  4, 96, 54, 74, 29, 44, 48, 93, 26, 71, 58, 91, 46, 55, 16, 95, 14, 49, 83, 35, 38, 76, 37, 19, 39, 20, 62, 60, 23, 84, 33, 70, 94, 64, 57, 68, 36, 82, 17, 21, 28, 51, 81, 22, 80,  5, 10, 53, 79, 45, 90, 13, 41, 59,  3,  6, 50, 86], 1808.4322215 , 1808.4322215 , 0.,  0.        , 0.,  0.        ,  3, 27, 16.5)
 (45, [31, 12, 22, 31, 41, 70, 59, 84, 81, 19, 93, 38, 68, 39, 27, 74, 62, 55, 92, 20, 16, 64, 17, 44, 25, 60, 72, 86, 43,  8, 13, 73, 37, 69,  9, 33, 88, 78, 42, 65, 47,  1, 87, 32,  7,  5, 94,  2, 80, 48,  6, 10, 24, 14, 18, 96, 67, 51, 50, 76,  3, 12, 53, 36, 71, 66, 85, 22, 56, 57, 95, 29, 54, 58, 89, 63, 77, 90, 31, 35, 82, 79, 45, 26, 46, 23, 83, 30, 91, 28, 11, 21, 15, 75, 40, 34, 49,  4, 61, 52], 1808.4322215 , 1808.4322215 , 0.,  0.        , 0.,  0.        ,  5, 47, 28.5)
 (45, [31, 12, 22, 31, 41, 70, 59, 84, 81, 19, 93, 38, 68, 39, 27, 74, 62, 55, 92, 20, 16, 64, 17, 44, 25, 60, 72, 86, 43,  8, 13, 73, 37, 69,  9, 33, 88, 78, 42, 65, 47,  1, 87, 32,  7,  5, 94,  2, 80, 48,  6, 10, 24, 14, 18, 96, 67, 51, 50, 76,  3, 12, 53, 36, 71, 66, 85, 22, 56, 57, 95, 29, 54, 58, 89, 63, 77, 90, 31, 35, 82, 79, 45, 26, 46, 23, 83, 30, 91, 28, 11, 21, 15, 75, 40, 34, 49,  4, 61, 52], 1808.4322215 , 1808.4322215 , 0.,  0.        , 0.,  0.        ,  4, 49, 28.5)
 (45, [31, 12, 22, 31, 41, 70, 59, 84, 81, 19, 93, 38, 68, 39, 27, 74, 62, 55, 92, 20, 16, 64, 17, 44, 25, 60, 72, 86, 43,  8, 13, 73, 37, 69,  9, 33, 88, 78, 42, 65, 47,  1, 87, 32,  7,  5, 94,  2, 80, 48,  6, 10, 24, 14, 18, 96, 67, 51, 50, 76,  3, 12, 53, 36, 71, 66, 85, 22, 56, 57, 95, 29, 54, 58, 89, 63, 77, 90, 31, 35, 82, 79, 45, 26, 46, 23, 83, 30, 91, 28, 11, 21, 15, 75, 40, 34, 49,  4, 61, 52], 1808.4322215 , 1808.4322215 , 0.,  0.        , 0.,  0.        ,  6, 46, 29. )
 (45, [31, 12, 22, 31, 41, 70, 59, 84, 81, 19, 93, 38, 68, 39, 27, 74, 62, 55, 92, 20, 16, 64, 17, 44, 25, 60, 72, 86, 43,  8, 13, 73, 37, 69,  9, 33, 88, 78, 42, 65, 47,  1, 87, 32,  7,  5, 94,  2, 80, 48,  6, 10, 24, 14, 18, 96, 67, 51, 50, 76,  3, 12, 53, 36, 71, 66, 85, 22, 56, 57, 95, 29, 54, 58, 89, 63, 77, 90, 31, 35, 82, 79, 45, 26, 46, 23, 83, 30, 91, 28, 11, 21, 15, 75, 40, 34, 49,  4, 61, 52], 1808.4322215 , 1808.4322215 , 0.,  0.        , 0.,  0.        ,  8, 42, 29. )
 (45, [31, 12, 22, 31, 41, 70, 59, 84, 81, 19, 93, 38, 68, 39, 27, 74, 62, 55, 92, 20, 16, 64, 17, 44, 25, 60, 72, 86, 43,  8, 13, 73, 37, 69,  9, 33, 88, 78, 42, 65, 47,  1, 87, 32,  7,  5, 94,  2, 80, 48,  6, 10, 24, 14, 18, 96, 67, 51, 50, 76,  3, 12, 53, 36, 71, 66, 85, 22, 56, 57, 95, 29, 54, 58, 89, 63, 77, 90, 31, 35, 82, 79, 45, 26, 46, 23, 83, 30, 91, 28, 11, 21, 15, 75, 40, 34, 49,  4, 61, 52], 1808.4322215 , 1808.4322215 , 0.,  0.        , 0.,  0.        ,  7, 45, 29.5)
 (45, [31, 12, 22, 31, 41, 70, 59, 84, 81, 19, 93, 38, 68, 39, 27, 74, 62, 55, 92, 20, 16, 64, 17, 44, 25, 60, 72, 86, 43,  8, 13, 73, 37, 69,  9, 33, 88, 78, 42, 65, 47,  1, 87, 32,  7,  5, 94,  2, 80, 48,  6, 10, 24, 14, 18, 96, 67, 51, 50, 76,  3, 12, 53, 36, 71, 66, 85, 22, 56, 57, 95, 29, 54, 58, 89, 63, 77, 90, 31, 35, 82, 79, 45, 26, 46, 23, 83, 30, 91, 28, 11, 21, 15, 75, 40, 34, 49,  4, 61, 52], 1808.4322215 , 1808.4322215 , 0.,  0.        , 0.,  0.        ,  9, 43, 30.5)
 (45, [31, 12, 22, 31, 41, 70, 59, 84, 81, 19, 93, 38, 68, 39, 27, 74, 62, 55, 92, 20, 16, 64, 17, 44, 25, 60, 72, 86, 43,  8, 13, 73, 37, 69,  9, 33, 88, 78, 42, 65, 47,  1, 87, 32,  7,  5, 94,  2, 80, 48,  6, 10, 24, 14, 18, 96, 67, 51, 50, 76,  3, 12, 53, 36, 71, 66, 85, 22, 56, 57, 95, 29, 54, 58, 89, 63, 77, 90, 31, 35, 82, 79, 45, 26, 46, 23, 83, 30, 91, 28, 11, 21, 15, 75, 40, 34, 49,  4, 61, 52], 1808.4322215 , 1808.4322215 , 0.,  0.        , 0.,  0.        , 10, 41, 30.5)
 (45, [31, 12, 22, 31, 41, 70, 59, 84, 81, 19, 93, 38, 68, 39, 27, 74, 62, 55, 92, 20, 16, 64, 17, 44, 25, 60, 72, 86, 43,  8, 13, 73, 37, 69,  9, 33, 88, 78, 42, 65, 47,  1, 87, 32,  7,  5, 94,  2, 80, 48,  6, 10, 24, 14, 18, 96, 67, 51, 50, 76,  3, 12, 53, 36, 71, 66, 85, 22, 56, 57, 95, 29, 54, 58, 89, 63, 77, 90, 31, 35, 82, 79, 45, 26, 46, 23, 83, 30, 91, 28, 11, 21, 15, 75, 40, 34, 49,  4, 61, 52], 1808.4322215 , 1808.4322215 , 0.,  0.        , 0.,  0.        , 12, 37, 30.5)
 (45, [31, 12, 22, 31, 41, 70, 59, 84, 81, 19, 93, 38, 68, 39, 27, 74, 62, 55, 92, 20, 16, 64, 17, 44, 25, 60, 72, 86, 43,  8, 13, 73, 37, 69,  9, 33, 88, 78, 42, 65, 47,  1, 87, 32,  7,  5, 94,  2, 80, 48,  6, 10, 24, 14, 18, 96, 67, 51, 50, 76,  3, 12, 53, 36, 71, 66, 85, 22, 56, 57, 95, 29, 54, 58, 89, 63, 77, 90, 31, 35, 82, 79, 45, 26, 46, 23, 83, 30, 91, 28, 11, 21, 15, 75, 40, 34, 49,  4, 61, 52], 1808.4322215 , 1808.4322215 , 0.,  0.        , 0.,  0.        , 11, 40, 31. )
 (45, [31, 12, 22, 31, 41, 70, 59, 84, 81, 19, 93, 38, 68, 39, 27, 74, 62, 55, 92, 20, 16, 64, 17, 44, 25, 60, 72, 86, 43,  8, 13, 73, 37, 69,  9, 33, 88, 78, 42, 65, 47,  1, 87, 32,  7,  5, 94,  2, 80, 48,  6, 10, 24, 14, 18, 96, 67, 51, 50, 76,  3, 12, 53, 36, 71, 66, 85, 22, 56, 57, 95, 29, 54, 58, 89, 63, 77, 90, 31, 35, 82, 79, 45, 26, 46, 23, 83, 30, 91, 28, 11, 21, 15, 75, 40, 34, 49,  4, 61, 52], 1808.4322215 , 1808.4322215 , 0.,  0.        , 0.,  0.        , 15, 35, 32.5)
 (35, [24, 24, 24, 24, 53, 31, 27, 19, 73, 50, 51,  1, 87, 36, 28, 74, 23, 24, 12, 82, 70, 71, 90, 55, 68, 91, 48,  8, 77, 81, 49,  4, 42, 65, 20, 60,  6, 80, 26, 83, 54, 43, 85, 14, 46, 96, 89, 35, 76, 88, 64, 93, 92, 57, 32, 59,  3,  9, 15, 94, 17, 75, 11, 34, 18, 38, 67, 25, 66, 63, 16, 84, 13, 37, 72, 58, 21, 47, 29,  7, 95, 56, 69, 44, 61, 41, 86, 33, 79, 30, 45, 10,  2, 62, 40, 22,  5, 78, 52, 39], 1808.4322215 , 1808.4322215 , 0.,  0.        , 0.,  0.        , 15, 35, 32.5)
 (38, [23, 24, 25, 24, 93, 73, 35, 21, 13, 26, 45, 95, 52, 92, 15, 71, 27, 38, 82, 56, 25, 39, 58,  3, 96, 11, 23, 60, 24, 61, 18, 43, 85, 90, 33, 67, 94, 54, 59,  4, 17, 42,  6, 72, 31, 53,  2, 30, 34, 48, 22, 70, 50, 19, 84,  7, 29,  5, 20, 36, 37, 66, 69, 46, 87, 83, 88, 10, 51,  8, 76,  1, 40, 55, 44, 32, 14, 78,  9, 16, 49, 91, 62, 75, 28, 81, 89, 65, 77, 79, 68, 63, 47, 80, 86, 74, 41, 12, 57, 64], 1808.4322215 , 1808.4322215 , 0.,  0.        , 0.,  0.        , 17, 33, 33.5)
 (39, [24, 24, 26, 22, 86, 61, 10, 14, 28, 55, 62, 65, 68, 80,  7, 27, 73, 37, 90, 88, 64, 59, 44, 52, 77,  4, 12,  3, 35, 56, 29, 50, 71, 93, 41, 81, 84, 87, 96, 57, 89, 43, 11, 83, 40, 95,  8, 51, 36, 42, 76, 82,  1, 24, 63, 17, 49, 38, 75, 67, 34, 78, 53, 58,  6, 66, 46,  5, 70, 47, 94, 30, 72,  2, 22, 54, 79, 92, 20, 48,  9, 33, 31, 26, 74, 18, 39, 13, 60, 25, 19, 85, 91, 69, 23, 21, 45, 32, 15, 16], 1808.4322215 , 1808.4322215 , 0.,  0.        , 0.,  0.        , 19, 31, 34.5)
 (46, [25, 24, 24, 23, 52, 96, 36,  3, 45, 92, 94, 88, 56, 80, 55,  8, 93, 33, 84, 32, 42, 27, 20, 82, 24, 75, 46, 95, 60, 31, 62, 43,  4, 39, 51, 53, 68, 64, 69,  6, 35, 26, 76, 63, 72, 50, 59, 10, 22, 38, 58,  5, 67, 18, 54, 30, 17, 78, 12, 28, 19, 15, 48, 21, 87, 41, 11, 29, 70, 83, 91, 49, 77, 14, 73, 65, 44, 34, 74, 81, 37, 25, 89, 90, 85, 79, 13,  9, 40, 16, 23, 71, 47,  2, 66, 57, 61,  7, 86,  1], 1808.4322215 , 1808.4322215 , 0.,  0.        , 0.,  0.        , 23, 28, 37. )
 (45, [31, 12, 22, 31, 41, 70, 59, 84, 81, 19, 93, 38, 68, 39, 27, 74, 62, 55, 92, 20, 16, 64, 17, 44, 25, 60, 72, 86, 43,  8, 13, 73, 37, 69,  9, 33, 88, 78, 42, 65, 47,  1, 87, 32,  7,  5, 94,  2, 80, 48,  6, 10, 24, 14, 18, 96, 67, 51, 50, 76,  3, 12, 53, 36, 71, 66, 85, 22, 56, 57, 95, 29, 54, 58, 89, 63, 77, 90, 31, 35, 82, 79, 45, 26, 46, 23, 83, 30, 91, 28, 11, 21, 15, 75, 40, 34, 49,  4, 61, 52], 1808.4322215 , 1808.4322215 , 0.,  0.        , 0.,  0.        ,  3, 27, 16.5)
 (45, [31, 12, 22, 31, 41, 70, 59, 84, 81, 19, 93, 38, 68, 39, 27, 74, 62, 55, 92, 20, 16, 64, 17, 44, 25, 60, 72, 86, 43,  8, 13, 73, 37, 69,  9, 33, 88, 78, 42, 65, 47,  1, 87, 32,  7,  5, 94,  2, 80, 48,  6, 10, 24, 14, 18, 96, 67, 51, 50, 76,  3, 12, 53, 36, 71, 66, 85, 22, 56, 57, 95, 29, 54, 58, 89, 63, 77, 90, 31, 35, 82, 79, 45, 26, 46, 23, 83, 30, 91, 28, 11, 21, 15, 75, 40, 34, 49,  4, 61, 52], 1808.4322215 , 1808.4322215 , 0.,  0.        , 0.,  0.        ,  2, 26, 15. )
 (49, [28, 23, 22, 23, 18, 94, 40, 69, 59, 60, 88, 53, 71, 65, 77, 22, 14, 73, 32,  9, 62, 16, 35, 58, 20, 12, 30, 43, 86, 15, 81, 28, 68, 51, 39, 36, 47, 48, 87, 83, 96, 95, 52, 85, 31, 33, 89, 13, 38, 54, 78, 61, 70, 91, 57,  6, 17, 37, 56, 46,  2, 27, 21, 11, 26,  7, 64, 66, 90,  5, 72, 34, 67, 41, 44,  3, 84, 49, 93, 80, 79, 92, 42, 29, 74, 19, 23, 10, 55, 50, 76,  1, 82,  4, 75,  8, 24, 63, 45, 25], 1808.4322215 , 1808.4322215 , 0.,  0.        , 0.,  0.        ,  1, 50, 26. )
 (45, [31, 12, 22, 31, 41, 70, 59, 84, 81, 19, 93, 38, 68, 39, 27, 74, 62, 55, 92, 20, 16, 64, 17, 44, 25, 60, 72, 86, 43,  8, 13, 73, 37, 69,  9, 33, 88, 78, 42, 65, 47,  1, 87, 32,  7,  5, 94,  2, 80, 48,  6, 10, 24, 14, 18, 96, 67, 51, 50, 76,  3, 12, 53, 36, 71, 66, 85, 22, 56, 57, 95, 29, 54, 58, 89, 63, 77, 90, 31, 35, 82, 79, 45, 26, 46, 23, 83, 30, 91, 28, 11, 21, 15, 75, 40, 34, 49,  4, 61, 52], 1808.4322215 , 1808.4322215 , 0.,  0.        , 0.,  0.        , 22, 29, 36.5)
 (45, [31, 12, 22, 31, 41, 70, 59, 84, 81, 19, 93, 38, 68, 39, 27, 74, 62, 55, 92, 20, 16, 64, 17, 44, 25, 60, 72, 86, 43,  8, 13, 73, 37, 69,  9, 33, 88, 78, 42, 65, 47,  1, 87, 32,  7,  5, 94,  2, 80, 48,  6, 10, 24, 14, 18, 96, 67, 51, 50, 76,  3, 12, 53, 36, 71, 66, 85, 22, 56, 57, 95, 29, 54, 58, 89, 63, 77, 90, 31, 35, 82, 79, 45, 26, 46, 23, 83, 30, 91, 28, 11, 21, 15, 75, 40, 34, 49,  4, 61, 52], 1808.4322215 , 1808.4322215 , 0.,  0.        , 0.,  0.        ,  2, 26, 15. )
 (45, [31, 12, 22, 31, 41, 70, 59, 84, 81, 19, 93, 38, 68, 39, 27, 74, 62, 55, 92, 20, 16, 64, 17, 44, 25, 60, 72, 86, 43,  8, 13, 73, 37, 69,  9, 33, 88, 78, 42, 65, 47,  1, 87, 32,  7,  5, 94,  2, 80, 48,  6, 10, 24, 14, 18, 96, 67, 51, 50, 76,  3, 12, 53, 36, 71, 22, 85, 66, 56, 57, 95, 29, 54, 58, 89, 63, 77, 90, 31, 35, 82, 79, 45, 26, 46, 23, 83, 30, 91, 28, 11, 21, 15, 75, 40, 34, 49,  4, 61, 52], 1808.92879229, 1808.92879229, 0.,  0.        , 0.,  2.        , 26, 16, 34. )
 (43, [22, 23, 23, 28, 58, 92, 82, 43, 44, 41, 93, 22, 61, 88, 11, 86, 27, 74, 95, 90, 78, 31, 91, 10, 57, 96, 84, 56, 19, 32, 63, 21, 18, 36, 55, 71,  5, 17, 30, 66, 29,  9, 79, 62, 83,  2, 64, 69, 75, 73, 77, 14, 39, 89, 34, 24, 25, 49, 52, 12, 40, 51, 33, 94,  3, 48, 35,  6,  1, 26, 65, 81, 38, 54, 60, 50, 87,  8, 70, 85, 23, 47, 15, 45, 42, 68, 46,  4, 80, 53, 13, 28,  7, 72, 76, 20, 37, 67, 59, 16], 1835.35335488, 1835.35335488, 0.,  0.        , 0.,  2.        , 33, 18, 42. )
 (43, [22, 23, 23, 28, 58, 92, 82, 43, 44, 41, 93, 22, 61, 88, 11, 86, 27, 74, 95, 90, 78, 31, 91, 10, 57, 96, 84, 56, 19, 32, 63, 21, 18, 36, 55, 71,  5, 17, 30, 66, 29,  9, 79, 62, 83,  2, 64, 69, 75, 73, 77, 14, 39, 89, 34, 24, 25, 49, 52, 12, 40, 51, 33, 94,  3, 48, 35,  6,  1, 26, 65, 81, 38, 54, 60, 50, 87,  8, 70, 85, 23, 47, 15, 45, 42, 68, 46,  4, 80, 53, 13, 28,  7, 72, 76, 20, 37, 67, 59, 16], 1835.35335488, 1835.35335488, 0.,  0.        , 0.,  2.        , 33, 18, 42. )
 (42, [24, 22, 24, 26, 31, 95, 22, 39, 89, 25, 54, 92, 11, 52, 47, 20,  3, 33, 83, 76, 13, 38, 72, 79,  2, 93, 66, 32, 58, 16, 74,  4, 78, 40, 30, 86, 34, 18, 96, 37, 94, 44,  6, 43, 59, 90, 84, 68, 57, 62, 56, 17, 64, 88, 60, 48,  8, 75, 21, 80, 91, 36, 81, 77, 82, 28, 67, 12, 19, 35, 24, 55, 65, 87, 26,  7, 69, 27, 14, 29, 10, 61, 53, 73, 42, 71, 41, 63, 49,  5, 70, 46,  9, 85,  1, 45, 51, 15, 23, 50], 1849.68564116, 1849.68564116, 0.,  0.        , 0.,  2.        , 27, 17, 35.5)
 (42, [24, 22, 24, 26, 31, 95, 22, 39, 89, 25, 54, 92, 11, 52, 47, 20,  3, 33, 83, 76, 13, 38, 72, 79,  2, 93, 66, 32, 58, 16, 74,  4, 78, 40, 30, 86, 34, 18, 96, 37, 94, 44,  6, 43, 59, 90, 84, 68, 57, 62, 56, 17, 64, 88, 60, 48,  8, 75, 21, 80, 91, 36, 81, 77, 82, 28, 67, 12, 19, 35, 24, 55, 65, 87, 26,  7, 69, 27, 14, 29, 10, 61, 53, 73, 42, 71, 41, 63, 49,  5, 70, 46,  9, 85,  1, 45, 51, 15, 23, 50], 1849.68564116, 1849.68564116, 0.,  0.        , 0.,  2.        , 27, 17, 35.5)
 (45, [24, 23, 25, 24, 74, 16, 10, 29, 48, 17, 20,  2, 27, 46, 87, 88, 56,  5, 37, 69, 45, 39, 44, 63, 65, 12, 82, 34, 93, 78, 72, 19, 68, 47, 33, 83, 58, 62, 35, 36, 14, 21, 40,  8, 96, 55, 28, 11, 42, 43, 91, 50, 94, 26, 64,  1, 70, 49,  6, 18,  4, 79, 25, 41, 76, 23, 61, 84,  9, 77, 24, 54, 52, 32, 51,  7, 38, 53, 67, 22, 95, 13, 66, 73,  3, 60, 59, 81, 31, 89, 71, 85, 80, 92, 30, 75, 90, 15, 86, 57], 1850.18221194, 1850.18221194, 0.,  0.        , 0.,  0.66666667, 28, 25, 40.5)
 (45, [30, 13, 22, 31, 41, 70, 59, 84, 81, 19, 93, 38, 68, 39, 27, 74, 62, 55, 92, 20, 16, 64, 17, 44, 25, 60, 72, 86, 43,  8, 13, 73, 37, 69,  9, 33, 88, 78, 42, 65, 47,  1, 87, 32,  7,  5, 94,  2, 80, 48,  6, 10, 24, 14, 18, 96, 67, 51, 50, 76,  3, 12, 53, 36, 71, 22, 85, 66, 56, 57, 95, 29, 54, 58, 89, 63, 77, 90, 31, 35, 82, 79, 45, 26, 46, 23, 83, 30, 91, 28, 11, 21, 15, 75, 40, 34, 49,  4, 61, 52], 1850.18221194, 1850.18221194, 0.,  0.        , 0.,  0.66666667, 29, 24, 41. )
 (45, [31, 12, 22, 31, 41, 70, 59, 81, 19, 93, 38, 68, 39, 27, 74, 55, 92, 20, 16, 64, 17, 44, 25, 60, 72,  9, 73, 37, 69, 62, 43,  8, 13, 86, 84, 33, 88, 78, 42, 65, 47,  1, 87, 32,  7,  5, 94,  2, 80, 48,  6, 10, 24, 14, 18, 96, 67, 51, 50, 76,  3, 12, 53, 36, 71, 22, 85, 66, 56, 57, 95, 29, 54, 58, 89, 63, 77, 90, 31, 35, 82, 79, 45, 26, 46, 23, 83, 30, 91, 28, 11, 21, 15, 75, 40, 34, 49,  4, 61, 52], 1856.90901906, 1921.166074  , 0.,  0.        , 0.,  5.66666667, 31, 11, 36.5)
 (37, [25, 25, 23, 23, 54, 17, 45, 66, 13, 42, 18, 41, 70, 22, 91, 53, 47, 52, 78,  9, 48, 95, 74, 14,  7, 46, 43, 15, 37, 67, 71, 26, 24, 25, 20, 49, 28, 79, 23, 59, 63, 82, 83, 56, 73, 90, 50,  1, 68, 34, 85, 81, 62, 38, 51, 80,  6, 72, 40, 32, 39, 44, 55, 35, 31, 64, 30, 86, 88, 61, 87,  8, 76, 94, 36,  2, 16, 10,  4, 60, 11,  3, 77, 29, 69, 58, 93, 84, 89, 92, 75, 96, 33, 27, 65, 57, 12, 19,  5, 21], 1886.16710859, 1886.16710859, 0.,  0.        , 0.,  2.66666667, 34, 15, 41.5)
 (37, [25, 25, 23, 23, 54, 17, 45, 66, 13, 42, 18, 41, 70, 22, 91, 53, 47, 52, 78,  9, 48, 95, 74, 14,  7, 46, 43, 15, 37, 67, 71, 26, 24, 25, 20, 49, 28, 79, 23, 59, 63, 82, 83, 56, 73, 90, 50,  1, 68, 34, 85, 81, 62, 38, 51, 80,  6, 72, 40, 32, 39, 44, 55, 35, 31, 64, 30, 86, 88, 61, 87,  8, 76, 94, 36,  2, 16, 10,  4, 60, 11,  3, 77, 29, 69, 58, 93, 84, 89, 92, 75, 96, 33, 27, 65, 57, 12, 19,  5, 21], 1886.16710859, 1886.16710859, 0.,  0.        , 0.,  2.66666667, 34, 15, 41.5)
 (45, [31, 12, 22, 31, 41, 70, 59, 84, 81, 19, 93, 38, 68, 39, 27, 74, 62, 55, 92, 20, 16, 64, 17, 44, 25, 60, 72, 86, 43,  8, 13, 73, 37, 69, 33, 88, 78, 42, 65,  9, 47,  1, 87, 32,  7,  5, 94,  2, 80, 48,  6, 10, 24, 14, 18, 96, 67, 51, 50, 76,  3, 12, 53, 36, 71, 22, 85, 66, 56, 57, 95, 29, 54, 58, 89, 63, 77, 90, 31, 35, 82, 79, 45, 26, 46, 23, 83, 30, 91, 28, 11, 21, 15, 75, 40, 34, 49,  4, 61, 52], 1887.13299678, 1887.13299678, 0.,  0.        , 0.,  4.33333333, 35, 13, 41.5)
 (45, [31, 13, 22, 30, 41, 70, 59, 84, 81, 19, 93, 38, 68, 39, 27, 74, 62, 55, 92, 20, 16, 64, 17, 44, 25, 60, 72, 86, 43,  8, 13, 73, 37, 69,  9, 33, 88, 78, 42, 65, 47,  1, 87, 32,  7,  5, 94,  2, 80, 48,  6, 10, 24, 14, 18, 96, 67, 51, 50, 76,  3, 12, 53, 36, 71, 22, 85, 66, 56, 57, 95, 29, 54, 58, 89, 63, 77, 90, 31, 35, 82, 79, 45, 26, 46, 23, 83, 30, 91, 28, 11, 21, 15, 75, 40, 34, 49,  4, 61, 52], 1936.83631188, 1936.83631188, 0.,  0.        , 0.,  2.        , 36, 20, 46. )
 (45, [31, 13, 22, 30, 41, 70, 59, 84, 81, 19, 93, 38, 68, 39, 27, 74, 62, 55, 92, 20, 16, 64, 17, 44, 25, 60, 72, 86, 43,  8, 13, 73, 37, 69,  9, 33, 88, 78, 42, 65, 47,  1, 87, 32,  7,  5, 94,  2, 80, 48,  6, 10, 24, 14, 18, 96, 67, 51, 50, 76,  3, 12, 53, 36, 71, 85, 66, 22, 56, 57, 95, 29, 54, 58, 89, 63, 77, 90, 31, 35, 82, 79, 45, 26, 46, 23, 83, 30, 91, 28, 11, 21, 15, 75, 40, 34, 49,  4, 61, 52], 1948.78504975, 1948.78504975, 0.,  0.        , 0.,  4.33333333, 37, 14, 44. )
 (36, [29, 24, 21, 22, 58, 74, 48, 22, 68, 45, 53, 66, 72, 82, 70, 63, 13, 85,  5, 24,  9,  8, 34, 41, 96, 51, 26, 89, 92, 52, 31, 12, 90, 69, 56, 47, 15, 23, 62, 77, 18, 91, 11, 64, 10, 44, 94,  6, 79, 88, 35, 17, 39, 55, 20, 36, 49,  2, 67, 57, 93, 61, 83, 25,  4, 21, 29, 86, 42, 43,  7, 65, 37, 50, 80, 19,  3, 27, 87, 16, 40, 78, 75,  1, 81, 54, 14, 76, 28, 32, 38, 33, 84, 95, 73, 60, 59, 30, 46, 71], 1973.41798872, 1973.41798872, 0.,  0.        , 0.,  1.33333333, 39, 21, 49.5)
 (45, [32, 12, 22, 30, 41, 70, 59, 84, 81, 19, 93, 38, 68, 39, 27, 74, 62, 55, 92, 20, 16, 64, 17, 44, 25, 60, 72, 86, 43,  8, 13, 73, 37, 69,  9, 33, 88, 78, 42, 65, 47,  1, 87, 32,  7,  5, 94,  2, 80, 48,  6, 10, 24, 14, 18, 96, 67, 51, 50, 76,  3, 12, 53, 36, 71, 66, 85, 22, 56, 57, 95, 29, 54, 58, 89, 63, 77, 90, 31, 35, 82, 79, 45, 26, 46, 23, 83, 30, 91, 28, 11, 21, 15, 75, 40, 34, 49,  4, 61, 52], 1973.41798872, 1973.41798872, 0.,  0.        , 0.,  1.33333333, 38, 22, 49. )
 (44, [24, 23, 24, 25,  7, 93, 44, 63, 38, 75, 84, 12, 59, 45,  2, 77, 68, 62, 51, 55, 22, 32, 61, 29, 16,  1, 96, 67, 58, 37, 33, 17, 54, 52, 47, 35, 28, 91, 19, 79,  9, 40, 95, 70, 53, 18, 24,  6, 49, 21, 30, 39, 42, 50, 15, 71, 60, 76,  4, 90, 56, 64, 26, 14, 78, 83, 82, 46, 27, 80, 10, 73, 74, 36, 86, 94, 23, 43, 25, 87, 69, 85, 34, 89,  5, 65, 48, 92, 66, 88, 72, 11, 41,  3,  8, 31, 81, 20, 57, 13], 2012.78193421, 2012.78193421, 0.,  0.        , 0.,  2.        , 40, 19, 49.5)
 (44, [24, 23, 24, 25,  7, 93, 44, 63, 38, 75, 84, 12, 59, 45,  2, 77, 68, 62, 51, 55, 22, 32, 61, 29, 16,  1, 96, 67, 58, 37, 33, 17, 54, 52, 47, 35, 28, 91, 19, 79,  9, 40, 95, 70, 53, 18, 24,  6, 49, 21, 30, 39, 42, 50, 15, 71, 60, 76,  4, 90, 56, 64, 26, 14, 78, 83, 82, 46, 27, 80, 10, 73, 74, 36, 86, 94, 23, 43, 25, 87, 69, 85, 34, 89,  5, 65, 48, 92, 66, 88, 72, 11, 41,  3,  8, 31, 81, 20, 57, 13], 2012.78193421, 2012.78193421, 0.,  0.        , 0.,  2.        , 40, 19, 49.5)
 (47, [22, 26, 24, 24, 63, 71, 14, 74, 60, 11, 42,  7, 45, 80,  6, 79, 96, 88, 13,  9, 56, 18, 94, 25, 86, 21, 22, 28, 75, 76, 52, 91, 33, 44, 31, 81, 92, 48, 69, 20, 16, 40, 61, 12, 24, 46, 51, 73, 82, 37, 85, 89, 35, 47, 30, 66,  8, 15, 68, 58, 49,  1, 84, 72, 38, 26, 32, 54, 53, 77, 34, 64, 10, 65,  3,  2, 67, 17, 90,  4, 59,  5, 23, 41, 55, 57, 36, 19, 39, 93, 70, 43, 95, 78, 62, 27, 50, 83, 87, 29], 2059.14584322, 2059.14584322, 0.,  0.        , 0., 10.        , 45,  5, 47.5)
 (47, [22, 26, 24, 24, 63, 71, 14, 74, 60, 11, 42,  7, 45, 80,  6, 79, 96, 88, 13,  9, 56, 18, 94, 25, 86, 21, 22, 28, 75, 76, 52, 91, 33, 44, 31, 81, 92, 48, 69, 20, 16, 40, 61, 12, 24, 46, 51, 73, 82, 37, 85, 89, 35, 47, 30, 66,  8, 15, 68, 58, 49,  1, 84, 72, 38, 26, 32, 54, 53, 77, 34, 64, 10, 65,  3,  2, 67, 17, 90,  4, 59,  5, 23, 41, 55, 57, 36, 19, 39, 93, 70, 43, 95, 78, 62, 27, 50, 83, 87, 29], 2059.14584322, 2059.14584322, 0.,  0.        , 0., 10.        , 45,  5, 47.5)
 (45, [31, 10, 21, 34, 41, 70, 59, 84, 81, 19, 93, 38, 68, 39, 27, 74, 62, 55, 92, 20, 16, 64, 17, 44, 25, 60, 72, 86, 43,  8, 13, 73, 37, 69,  9, 33, 88, 78, 42, 65, 47,  1, 87, 32, 18,  5, 94,  2, 80, 48,  6, 10, 24, 14,  7, 96, 67, 51, 50, 76,  3, 12, 53, 36, 71, 66, 85, 22, 56, 57, 95, 29, 54, 58, 89, 63, 77, 90, 31, 35, 82, 79, 45, 26, 46, 23, 83, 30, 91, 28, 11, 21, 15, 75, 40, 34, 49,  4, 61, 52], 2128.66350368, 2128.66350368, 0.,  0.        , 0., 10.        , 41,  6, 44. )
 (45, [30, 14, 22, 30, 41, 70, 59, 81, 19, 93, 38, 68, 39, 27, 74, 55, 92, 20, 16, 64, 17, 44, 25, 60, 72,  9, 73, 37, 32, 62, 43,  8, 13, 86, 84, 33, 88, 78, 42, 65, 47,  1, 87, 69,  7,  5, 94,  2, 80, 48,  6, 10, 24, 14, 18, 96, 67, 51, 50, 76,  3, 12, 53, 36, 71, 22, 85, 66, 56, 57, 95, 29, 54, 58, 89, 63, 77, 90, 31, 35, 82, 79, 45, 26, 46, 23, 83, 30, 91, 28, 11, 21, 15, 75, 40, 34, 49,  4, 61, 52], 2159.38961092, 2223.64666586, 0.,  0.        , 0., 10.        , 42,  7, 45.5)
 (45, [33, 11, 21, 31, 41, 70, 59, 84, 81, 19, 93, 38, 68, 39, 27, 74, 62, 55, 92, 20, 16, 64, 17, 44, 25, 60, 72, 86, 43,  8, 13, 73, 37, 69,  9, 33, 88, 78, 42, 65, 47,  1, 87, 32,  7,  5, 94,  2, 80, 48,  6, 10, 24, 14, 18, 96, 67, 51, 50, 76,  3, 12, 53, 36, 71, 66, 85, 22, 56, 57, 95, 29, 54, 58, 89, 63, 77, 90, 31, 35, 82, 79, 45, 26, 46,  4, 49, 34, 40, 75, 15, 21, 11, 28, 91, 30, 83, 23, 61, 52], 2167.05653163, 2232.59918779, 0.,  8.74074398, 0., 18.        , 43,  2, 44. )
 (45, [32, 12, 22, 30, 41, 70, 59, 84, 81, 19, 93, 38, 68, 39, 27, 74, 62, 55, 92, 20, 16, 64, 17, 44, 25, 60, 72, 86, 43,  8, 13, 73, 37, 69,  9, 33, 88, 78, 42, 65, 47,  1, 87, 32,  7,  5, 94,  2, 80, 48, 28, 10, 24, 14, 18, 96, 67, 51, 50, 76,  3, 12, 53, 36, 71, 66, 85, 22, 56, 57, 95, 29, 54, 58, 89, 63, 77, 90, 31, 35, 82, 79, 45, 26, 46, 23, 83, 30, 91,  6, 11, 21, 15, 75, 40, 34, 49,  4, 61, 52], 2277.12891208, 2277.12891208, 0.,  0.        , 0.,  4.66666667, 46, 12, 52. )
 (45, [31, 12, 22, 31, 41, 70, 59, 84, 81, 19, 93, 68, 39, 27, 74, 62, 55, 20, 17, 44, 25, 60, 72, 86, 43,  8, 13, 73, 37, 69,  9, 33,  4, 61, 38, 92, 88, 78, 42, 65, 47,  1, 87, 32,  7,  5, 94,  2, 80, 48,  6, 10, 24, 14, 18, 96, 67, 51, 50, 76,  3, 12, 53, 36, 71, 22, 85, 66, 56, 57, 95, 29, 54, 58, 89, 63, 77, 90, 31, 35, 82, 79, 45, 26, 46, 23, 83, 30, 91, 28, 11, 21, 15, 75, 40, 34, 49, 16, 64, 52], 2277.46036222, 2277.46036222, 0.,  0.        , 0., 10.33333333, 47,  4, 49. )
 (41, [25, 23, 24, 24, 31, 54, 79, 87, 29, 86, 32, 84, 80, 91, 20, 13, 62, 41, 27, 21, 69, 71, 42, 15, 34, 88, 19, 59, 93,  5, 16, 85, 17, 45, 66, 26, 90, 95, 37, 82, 50, 55, 53, 52, 92, 58, 83, 64, 65, 63, 25,  4, 44, 14,  6, 22, 89, 96, 94, 72, 75, 40, 51, 47, 38, 36, 70, 23, 48, 61, 30,  9, 28, 33, 68, 10,  1, 60, 74,  8, 12,  7, 39,  2, 78, 77, 56, 73, 49, 46, 43, 11, 24, 76, 18,  3, 35, 67, 57, 81], 2410.62402875, 2410.62402875, 0.,  0.        , 0.,  8.        , 48,  8, 52. )
 (41, [25, 23, 24, 24, 31, 54, 79, 87, 29, 86, 32, 84, 80, 91, 20, 13, 62, 41, 27, 21, 69, 71, 42, 15, 34, 88, 19, 59, 93,  5, 16, 85, 17, 45, 66, 26, 90, 95, 37, 82, 50, 55, 53, 52, 92, 58, 83, 64, 65, 63, 25,  4, 44, 14,  6, 22, 89, 96, 94, 72, 75, 40, 51, 47, 38, 36, 70, 23, 48, 61, 30,  9, 28, 33, 68, 10,  1, 60, 74,  8, 12,  7, 39,  2, 78, 77, 56, 73, 49, 46, 43, 11, 24, 76, 18,  3, 35, 67, 57, 81], 2410.62402875, 2410.62402875, 0.,  0.        , 0.,  8.        , 48,  8, 52. )
 (40, [24, 23, 25, 24, 45, 71, 85, 38, 25, 78,  9,  6, 73, 83, 27, 88, 11, 51, 29, 69, 18, 61, 75, 64, 23, 94, 74, 66, 40, 91, 15, 87, 47, 56,  1, 50, 60, 21, 81, 67, 16, 42, 54, 39,  3, 20, 10, 37, 96, 35, 32, 43, 41, 26, 44, 24, 28, 63, 22, 52, 59, 80, 55, 36, 65, 68,  2, 33, 48, 79, 90, 17, 77, 92, 30, 86, 13, 82, 62, 89, 53,  7, 57, 14, 58,  5, 19, 34, 76, 72, 12, 70, 46, 31, 84, 49,  8, 95, 93,  4], 2559.15020978, 2559.15020978, 0.,  0.        , 0., 12.33333333, 49,  3, 50.5)
 (40, [24, 23, 25, 24, 45, 71, 85, 38, 25, 78,  9,  6, 73, 83, 27, 88, 11, 51, 29, 69, 18, 61, 75, 64, 23, 94, 74, 66, 40, 91, 15, 87, 47, 56,  1, 50, 60, 21, 81, 67, 16, 42, 54, 39,  3, 20, 10, 37, 96, 35, 32, 43, 41, 26, 44, 24, 28, 63, 22, 52, 59, 80, 55, 36, 65, 68,  2, 33, 48, 79, 90, 17, 77, 92, 30, 86, 13, 82, 62, 89, 53,  7, 57, 14, 58,  5, 19, 34, 76, 72, 12, 70, 46, 31, 84, 49,  8, 95, 93,  4], 2559.15020978, 2559.15020978, 0.,  0.        , 0., 12.33333333, 49,  3, 50.5)
 (45, [31, 12, 22, 31, 41, 70, 59, 84, 81, 19, 93, 38, 68, 39, 27, 74, 62, 55, 92, 20, 16, 64, 17, 44, 25, 60, 72, 86, 43,  8, 13, 73, 37, 69, 35, 31, 90, 77, 63, 89, 58, 54, 29, 95, 57, 56, 22, 85, 66, 71, 36, 53, 12,  3, 76, 50, 51, 67, 96, 18, 14, 24, 10,  6, 48, 80,  2, 94,  5,  7, 32, 87,  1, 47, 65, 42, 78, 88, 33,  9, 82, 79, 45, 26, 46, 23, 83, 30, 91, 28, 11, 21, 15, 75, 40, 34, 49,  4, 61, 52], 2809.18667749, 2985.2011128 , 0., 31.28874162, 0., 45.66666667, 50,  1, 50.5)]