
Total Runtime in seconds: 975.2892024517059Parameters:
population_size: 50, max_generations: 30, executed generations: 29, threshold_no_improvement: 15
target feasible proportion: 12
fitness_scaling: power_rank, selection_method: n_tournaments
p_c: 0.9, p_m: 0.25, NOT YET p_education: 0.0
tournament_size: 2, n_elite: 8
survivor_selection_step: 10, p_selection_survival: 0.7
kill clone step: 5
diversify_step: 20, diversify_step: 20, p_diversify_survival: 0.3
n_closest_neighbors: 3, diversity_weight: 0.5, distance_method: broken_pairs_distance
capacity_penalty_factor: 2.5602936403565306, duration_penalty_factor 2.5602936403565306, time_window_penalty: 2
Best fitness all generations, best individual before/after local search: 1845.502841061695, 1845.502841061695 / 1845.502841061695
Best individual found before local search: (22, [31, 12, 22, 31, 62, 55, 92, 93, 38, 68, 39, 27, 74, 81, 19, 20, 16, 64, 17, 44, 41, 70, 59, 84, 86, 43,  8, 13, 73, 37, 69,  9, 25, 60, 72, 42, 88, 78, 33, 65, 47,  1, 87, 32,  7,  5, 94,  2, 80, 48,  6, 10, 24, 14, 18, 96, 67, 51, 50, 76,  3, 12, 53, 36, 71, 66, 85, 22, 56, 11, 57, 95, 29, 54, 21, 15, 46, 23, 26, 45, 31,  4, 90, 61, 52, 58, 89, 63, 77, 34, 49, 82, 35, 79, 40, 75, 83, 30, 91, 28], 1845.50284106, 1854.63923591, 0., 0., 0., 0., 1, 50, 26.)
Best individual found after local search: (22, [31, 12, 22, 31, 62, 55, 92, 93, 38, 68, 39, 27, 74, 81, 19, 20, 16, 64, 17, 44, 41, 70, 59, 84, 86, 43,  8, 13, 73, 37, 69,  9, 25, 60, 72, 42, 88, 78, 33, 65, 47,  1, 87, 32,  7,  5, 94,  2, 80, 48,  6, 10, 24, 14, 18, 96, 67, 51, 50, 76,  3, 12, 53, 36, 71, 66, 85, 22, 56, 11, 57, 95, 29, 54, 21, 15, 46, 23, 26, 45, 31,  4, 90, 61, 52, 58, 89, 63, 77, 34, 49, 82, 35, 79, 40, 75, 83, 30, 91, 28], 1845.50284106, 1854.63923591, 0., 0., 0., 0., 1, 50, 26.)
Best feasible individual found: (22, [31, 12, 22, 31, 62, 55, 92, 93, 38, 68, 39, 27, 74, 81, 19, 20, 16, 64, 17, 44, 41, 70, 59, 84, 86, 43,  8, 13, 73, 37, 69,  9, 25, 60, 72, 33, 88, 78, 42, 65, 47,  1, 87, 32,  7,  5, 94,  2, 80, 48,  6, 10, 24, 14, 18, 96, 67, 51, 50, 76,  3, 12, 53, 36, 71, 66, 85, 22, 56, 11, 57, 95, 29, 54, 21, 15, 46, 23, 26, 45, 31,  4, 90, 61, 52, 58, 89, 63, 77, 34, 49, 82, 35, 79, 40, 75, 83, 30, 91, 28], 1846.76713573, 1846.76713573, 0., 0., 0., 0., 1, 50, 26.)

Fitness stats min: [1907.28100511 1857.82652302 1848.47121047 1848.47121047 1848.47121047
 1848.47121047 1848.47121047 1846.76713573 1846.76713573 1846.76713573
 1846.76713573 1846.76713573 1846.76713573 1846.76713573 1846.76713573
 1846.76713573 1846.76713573 1846.76713573 1846.76713573 1846.76713573
 1846.76713573 1846.76713573 1846.76713573 1846.76713573 1846.76713573
 1846.76713573 1846.76713573 1846.76713573 1846.76713573 1845.50284106] 

Fitness stats feasible min: [1907.28100511 1857.82652302 1848.47121047 1848.47121047 1848.47121047
 1848.47121047 1848.47121047 1846.76713573 1846.76713573 1846.76713573
 1846.76713573 1846.76713573 1846.76713573 1846.76713573 1846.76713573
 1846.76713573 1846.76713573 1846.76713573 1846.76713573 1846.76713573
 1846.76713573 1846.76713573 1846.76713573 1846.76713573 1846.76713573
 1846.76713573 1846.76713573 1846.76713573 1846.76713573 1845.50284106] 

Fitness stats avg: [2884.66902119 2796.92408442 2630.03208845 2531.9754133  2303.22441181
 2200.63591448 2133.16297376 2035.05863093 1951.34479167 1964.54357162
 5314.86593486 4194.69980622 2957.7909121  2298.7924397  2021.44432722
 4268.75218346 3018.1469571  2292.37359648 2144.40465909 2016.91208455
 3889.46936612 2275.02377578 1968.75000765 1922.67025858 1949.9526829
 6192.27678249 5214.26408998 3342.04619264 3787.53649143 2318.82150448] 

Feasible stats: [( 0., 50.) ( 0., 50.) (24., 26.) (24., 26.) (27., 23.) (27., 23.)
 (39., 11.) (39., 11.) (35., 15.) (35., 15.) (44.,  6.) (44.,  6.)
 (14., 36.) (14., 36.) (42.,  8.) (42.,  8.) (15., 35.) (15., 35.)
 (31., 19.) (31., 19.) (40., 10.) (40., 10.) (39., 11.) (39., 11.)
 (47.,  3.) (47.,  3.) ( 9., 41.) ( 9., 41.) (25., 25.) (25., 25.)] 
Solution Description: 
p: [  0.          26.46059425  58.68911653  88.75206702  93.88227721
 115.3481954  139.92755009 234.70458068 276.77585152 277.35064966
 283.72942854 318.50125722 356.45967979 370.1953295  373.12620455
 374.13512404 375.67447755 414.54152035 417.22024303 417.25863028
 422.76591624 456.93524992 496.67871879 637.04512559 650.04057011
 675.01561085 683.6918123  698.9111352  703.1648873  726.9082836
 736.3381508  738.09876201   0.          24.16879376  28.43960134
  28.44583559  37.58223044  62.02959569  62.98506684  65.69682705
  82.99313782  83.14813351 221.17818764 231.79692094 237.34034807
   0.          33.04402669  47.16510668  69.58322548 105.25785939
 106.59137443 122.74585048 126.09417239 127.77773628 136.67274365
 153.45090117 195.59037172 223.83734407 233.97245464 244.96820038
 245.05615957 270.68848391 271.4858284  282.08403881 306.28856103
 320.50923338 325.20256253 332.77601434   0.           9.67751456
  32.74979419  45.66988724  45.6723223   45.83867708  60.30308992
 101.27479273 101.31895476 124.00172893 124.14151636 138.94704425
 163.22346824 183.60971362 188.05961007 189.48455655 189.77298757
 202.73361223 208.07770991 289.75967078 295.55508182 372.12865863
 376.94247347 377.84162001 379.72489537 394.22741404 484.29509557
 530.25558963 535.10115202 535.25995814 535.28453474 537.28771664] 
pred: [ 0  0  0  0  0  0  0  0  0  0  9  9  9  9  9  9  9 16 16 16 16 20 20 20
 20 24 24 24 24 28 28 28  0  0  0  0  0  3  3  3  3  3  9  9  9  0  0  0
  0  0  0  0  0  0  8  8  8  8  8  8  8  8  8  8 18 18 18 18  0  0  0  0
  0  0  0  0  0  0  0 10 10 10 10 10 10 10 17 17 17 17 17 17 17 24 24 24
 24 24 24 24] 
distance [  0.          26.46059425  58.68911653  88.75206702  93.88227721
 115.3481954  139.92755009 234.70458068 276.77585152 277.35064966
   6.37877888  41.15060755  79.10903013  92.84467983  95.77555489
  96.78447438  98.32382789  38.8670428   41.54576548  41.58415272
  47.09143869  34.16933368  73.91280255 214.27920935 227.27465387
  24.97504074  33.65124219  48.87056509  53.12431718  23.7433963
  33.17326351  34.93387471   0.          24.16879376  28.43960134
  28.44583559  37.58223044  33.58376009  34.53923124  37.25099146
  54.54730223  54.70229792 138.03005413 148.64878743 154.19221456
   0.          33.04402669  47.16510668  69.58322548 105.25785939
 106.59137443 122.74585048 126.09417239 127.77773628   8.89500736
  25.67316489  67.81263544  96.05960779 106.19471836 117.1904641
 117.27842329 142.91074763 143.70809211 154.30630252  24.20452222
  38.42519457  43.11852372  50.69197553   0.           9.67751456
  32.74979419  45.66988724  45.6723223   45.83867708  60.30308992
 101.27479273 101.31895476 124.00172893 124.14151636  14.80552789
  39.08195188  59.46819726  63.91809371  65.34304019  65.63147121
  78.59209587   5.34409768  87.02605855  92.82146959 169.3950464
 174.20886125 175.10800778 176.99128314  14.50251868 104.57020021
 150.53069427 155.37625665 155.53506277 155.55963938 157.56282127]
load: [  0   9  12  35  54  66  72  79  88  93  13  29  47  68  91 110 133  23
  33  34  36   8  12  16  25   3  14  34  59  19  29  53   0  13  31  43
  57  28  37  41  66  88  21  34  36   0  12  32  42  62  83  99 104 106
  10  11  24  45  50  53  56  64  69  88   5  28  52  56   0   7  20  41
  56  76 100 120 133 141 153  17  41  56  61  77 102 120   4  17  21  32
  54  55  75  11  12  25  28  32  53  56] 
time: [  0.          95.         126.37011091 150.37582442 216.
 234.         251.38991719 333.79435047 394.00331008 472.11505507
 106.         213.         235.04572855 376.         386.73487495
 425.26938032 455.         140.         285.         313.27835541
 350.         110.         136.         224.76021669 417.
 129.         152.39981091 182.95258396 314.         103.
 137.         300.           0.         178.         324.
 350.09776622 359.80389945 241.31703655 450.         465.86341928
 488.46505274 519.51455686 257.         422.         493.75351166
   0.         125.         248.         267.05961308 336.
 375.38672649 402.         418.83844297 445.         124.
 153.76960324 175.99194442 216.         236.95530789 272.11160563
 282.23770107 318.89836181 375.         457.         222.
 242.66881288 378.         407.15348661   0.         143.
 169.         186.61974315 210.87311616 229.54785008 246.4124317
 273.03310758 322.         348.47465319 386.81437504 231.
 316.         382.         406.86038995 436.27369119 445.48926249
 478.84169563 158.         221.85226149 264.02932451 332.30167006
 439.         489.178036   500.5404654  129.         184.05777359
 221.31804081 432.         466.90323688 487.66647824 514.37979312] 
time warps: [0 0 0 0 0 0 0 0 0 0 0 0 0 0 0 0 0 0 0 0 0 0 0 0 0 0 0 0 0 0 0 0 0 0 0 0 0
 0 0 0 0 0 0 0 0 0 0 0 0 0 0 0 0 0 0 0 0 0 0 0 0 0 0 0 0 0 0 0 0 0 0 0 0 0
 0 0 0 0 0 0 0 0 0 0 0 0 0 0 0 0 0 0 0 0 0 0 0 0 0 0] 
duration: [  0.          40.46059425  80.68911653 133.75206702 171.22266916
 203.94714378 249.52649847 353.30352906 417.3747999  431.94959804
  10.37877888 132.74364087 195.70206345 319.46180065 345.39267571
 360.4015952  395.56182388  47.8670428  204.71805701 216.75644426
 256.8323723   37.16933368  90.93886636 247.30527316 406.2979109
  43.97504074  73.65124219 108.87056509 237.60058348  40.7433963
  69.80229227 250.20337636   0.          44.16879376 187.29453655
 192.3007708  217.43716565  53.58376009 268.71109672 283.42285694
 325.7191677  337.87416339 153.03005413 314.11527113 330.65869826
   0.          34.04402669 166.26650547 207.68462428 286.32788078
 296.66139581 321.79506511 337.14338702 359.02249074  29.89500736
  47.67316489  98.81263544 148.25848433 180.39359489 192.38934064
 211.47729982 245.10962417 288.52888706 381.99465359  33.20452222
  69.42519457 197.90426289 215.4777147    0.          14.67751456
  55.24654898  87.16664202 100.16907708 105.33543186 125.7998447
 179.77154751 219.7547439  260.43751807 264.5773055   37.80552789
 135.91614069 202.14458368 222.59448013 228.01942661 251.30785763
 285.26848229  28.34409768 129.02605855 159.82146959 244.3950464
 355.07682152 361.97596806 373.85924341  24.50251868 119.57020021
 176.53069427 378.46364691 383.62245303 396.64702964 410.65021153]

All individuals: [(22, [31, 12, 22, 31, 62, 55, 92, 93, 38, 68, 39, 27, 74, 81, 19, 20, 16, 64, 17, 44, 41, 70, 59, 84, 86, 43,  8, 13, 73, 37, 69,  9, 25, 60, 72, 33, 88, 78, 42, 65, 47,  1, 87, 32,  7,  5, 94,  2, 80, 48,  6, 10, 24, 14, 18, 96, 67, 51, 50, 76,  3, 12, 53, 36, 71, 66, 85, 22, 56, 11, 57, 95, 29, 54, 21, 15, 46, 23, 26, 45, 31,  4, 90, 61, 52, 58, 89, 63, 77, 34, 49, 82, 35, 79, 40, 75, 83, 30, 91, 28], 1846.76713573, 1846.76713573, 0., 0.00000000e+00,  0.        ,  0.        ,  1, 50, 26. )
 (22, [31, 12, 22, 31, 62, 55, 92, 93, 38, 68, 39, 27, 74, 81, 19, 20, 16, 64, 17, 44, 41, 70, 59, 84, 86, 43,  8, 13, 73, 37, 69,  9, 25, 60, 72, 33, 88, 78, 42, 65, 47,  1, 87, 32,  7,  5, 94,  2, 80, 48,  6, 10, 24, 14, 18, 96, 67, 51, 50, 76,  3, 12, 53, 36, 71, 66, 85, 22, 56, 11, 57, 95, 29, 54, 21, 15, 46, 23, 26, 45, 31,  4, 90, 61, 52, 58, 89, 63, 77, 34, 49, 82, 35, 79, 40, 75, 83, 30, 91, 28], 1846.76713573, 1846.76713573, 0., 0.00000000e+00,  0.        ,  0.        ,  5, 46, 28. )
 (22, [31, 12, 22, 31, 62, 55, 92, 93, 38, 68, 39, 27, 74, 81, 19, 20, 16, 64, 17, 44, 41, 70, 59, 84, 86, 43,  8, 13, 73, 37, 69,  9, 25, 60, 72, 33, 88, 78, 42, 65, 47,  1, 87, 32,  7,  5, 94,  2, 80, 48,  6, 10, 24, 14, 18, 96, 67, 51, 50, 76,  3, 12, 53, 36, 71, 66, 85, 22, 56, 11, 57, 95, 29, 54, 21, 15, 46, 23, 26, 45, 31,  4, 90, 61, 52, 58, 89, 63, 77, 34, 49, 82, 35, 79, 40, 75, 83, 30, 91, 28], 1846.76713573, 1846.76713573, 0., 0.00000000e+00,  0.        ,  0.        ,  6, 45, 28.5)
 (22, [31, 12, 22, 31, 62, 55, 92, 93, 38, 68, 39, 27, 74, 81, 19, 20, 16, 64, 17, 44, 41, 70, 59, 84, 86, 43,  8, 13, 73, 37, 69,  9, 25, 60, 72, 33, 88, 78, 42, 65, 47,  1, 87, 32,  7,  5, 94,  2, 80, 48,  6, 10, 24, 14, 18, 96, 67, 51, 50, 76,  3, 12, 53, 36, 71, 66, 85, 22, 56, 11, 57, 95, 29, 54, 21, 15, 46, 23, 26, 45, 31,  4, 90, 61, 52, 58, 89, 63, 77, 34, 49, 82, 35, 79, 40, 75, 83, 30, 91, 28], 1846.76713573, 1846.76713573, 0., 0.00000000e+00,  0.        ,  0.        ,  7, 44, 29. )
 (22, [31, 12, 22, 31, 62, 55, 92, 93, 38, 68, 39, 27, 74, 81, 19, 20, 16, 64, 17, 44, 41, 70, 59, 84, 86, 43,  8, 13, 73, 37, 69,  9, 25, 60, 72, 33, 88, 78, 42, 65, 47,  1, 87, 32,  7,  5, 94,  2, 80, 48,  6, 10, 24, 14, 18, 96, 67, 51, 50, 76,  3, 12, 53, 36, 71, 66, 85, 22, 56, 11, 57, 95, 29, 54, 21, 15, 46, 23, 26, 45, 31,  4, 90, 61, 52, 58, 89, 63, 77, 34, 49, 82, 35, 79, 40, 75, 83, 30, 91, 28], 1846.76713573, 1846.76713573, 0., 0.00000000e+00,  0.        ,  0.        ,  8, 43, 29.5)
 (22, [31, 12, 22, 31, 62, 55, 92, 93, 38, 68, 39, 27, 74, 81, 19, 20, 16, 64, 17, 44, 41, 70, 59, 84, 86, 43,  8, 13, 73, 37, 69,  9, 25, 60, 72, 33, 88, 78, 42, 65, 47,  1, 87, 32,  7,  5, 94,  2, 80, 48,  6, 10, 24, 14, 18, 96, 67, 51, 50, 76,  3, 12, 53, 36, 71, 66, 85, 22, 56, 11, 57, 95, 29, 54, 21, 15, 46, 23, 26, 45, 31,  4, 90, 61, 52, 58, 89, 63, 77, 34, 49, 82, 35, 79, 40, 75, 83, 30, 91, 28], 1846.76713573, 1846.76713573, 0., 0.00000000e+00,  0.        ,  0.        ,  9, 42, 30. )
 (22, [31, 12, 22, 31, 62, 55, 92, 93, 38, 68, 39, 27, 74, 81, 19, 20, 16, 64, 17, 44, 41, 70, 59, 84, 86, 43,  8, 13, 73, 37, 69,  9, 25, 60, 72, 33, 88, 78, 42, 65, 47,  1, 87, 32,  7,  5, 94,  2, 80, 48,  6, 10, 24, 14, 18, 96, 67, 51, 50, 76,  3, 12, 53, 36, 71, 66, 85, 22, 56, 11, 57, 95, 29, 54, 21, 15, 46, 23, 26, 45, 31,  4, 90, 61, 52, 58, 89, 63, 77, 34, 49, 82, 35, 79, 40, 75, 83, 30, 91, 28], 1846.76713573, 1846.76713573, 0., 0.00000000e+00,  0.        ,  0.        , 10, 41, 30.5)
 (22, [31, 12, 22, 31, 62, 55, 92, 93, 38, 68, 39, 27, 74, 81, 19, 20, 16, 64, 17, 44, 41, 70, 59, 84, 86, 43,  8, 13, 73, 37, 69,  9, 25, 60, 72, 33, 88, 78, 42, 65, 47,  1, 87, 32,  7,  5, 94,  2, 80, 48,  6, 10, 24, 14, 18, 96, 67, 51, 50, 76,  3, 12, 53, 36, 71, 66, 85, 22, 56, 11, 57, 95, 29, 54, 21, 15, 46, 23, 26, 45, 31,  4, 90, 61, 52, 58, 89, 63, 77, 34, 49, 82, 35, 79, 40, 75, 83, 30, 91, 28], 1846.76713573, 1846.76713573, 0., 0.00000000e+00,  0.        ,  0.        , 11, 40, 31. )
 (22, [31, 12, 22, 31, 62, 55, 92, 93, 38, 68, 39, 27, 74, 81, 19, 20, 16, 64, 17, 44, 41, 70, 59, 84, 86, 43,  8, 13, 73, 37, 69,  9, 25, 60, 72, 33, 88, 78, 42, 65, 47,  1, 87, 32,  7,  5, 94,  2, 80, 48,  6, 10, 24, 14, 18, 96, 67, 51, 50, 76,  3, 12, 53, 36, 71, 66, 85, 22, 56, 11, 57, 95, 29, 54, 21, 15, 46, 23, 26, 45, 31,  4, 90, 61, 52, 58, 89, 63, 77, 34, 49, 82, 35, 79, 40, 75, 83, 30, 91, 28], 1846.76713573, 1846.76713573, 0., 0.00000000e+00,  0.        ,  0.        , 12, 39, 31.5)
 (35, [26, 25, 22, 23, 61, 41, 42,  4, 58,  2, 92, 20, 62, 11, 17, 82, 29, 25,  8, 39, 67, 50, 84,  7, 26, 52, 56, 76, 55, 86, 63, 10, 22, 16, 53, 66, 72, 51, 77, 43, 64,  6, 32, 73, 68, 75, 87, 94, 80, 34, 59, 74, 15, 31, 83, 90,  5, 14, 65, 33, 88, 45, 37, 30, 24, 85, 46, 93, 38, 28,  3, 91, 19, 48, 95, 40, 21, 81,  9, 57, 13, 49, 54, 96, 12, 44, 47, 70, 69, 18, 79, 60, 27, 35, 71, 23, 89, 36,  1, 78], 1846.76713573, 1846.76713573, 0., 0.00000000e+00,  0.        ,  0.        ,  8, 43, 29.5)
 (37, [23, 26, 22, 25, 18, 47,  7, 38, 21, 27, 25, 63, 69, 60, 59, 41,  8, 61, 48, 90, 15, 53, 84, 29, 80,  9, 46, 45, 77, 62, 66, 93, 54, 96, 79,  5, 57, 32, 89, 65, 13, 42, 81, 35, 87, 31,  4, 44, 17, 10,  2,  1, 26, 72, 78, 33, 64, 37, 12, 22, 19, 92, 68, 94, 14, 23, 52, 91, 20, 28, 51, 11, 39, 83, 75, 58, 86, 70, 36, 16, 30, 56, 71, 34, 82, 73, 24,  3, 74,  6, 88, 49, 55, 76, 43, 67, 40, 85, 95, 50], 1846.76713573, 1846.76713573, 0., 0.00000000e+00,  0.        ,  0.        ,  9, 42, 30. )
 (41, [23, 23, 27, 23, 19, 40, 94, 76, 45, 52, 74, 83, 38, 25, 20, 48, 47, 75, 42, 70, 54,  5, 39, 50, 62, 96, 59, 14, 32,  3, 26, 13, 27,  9, 51, 69, 88, 55, 92, 43, 93, 82, 66, 21, 81, 56, 34, 67, 10, 85, 15, 36, 86, 89, 77, 63, 57, 90, 22, 64, 11, 16, 23, 35, 28, 37,  1, 58, 29, 65, 17, 33, 44, 30,  4, 68, 95, 18, 31, 60, 73, 80,  7, 71, 91, 79, 49, 61, 46, 84, 87,  2, 41, 72, 53, 24,  6,  8, 78, 12], 1846.76713573, 1846.76713573, 0., 0.00000000e+00,  0.        ,  0.        , 10, 41, 30.5)
 (42, [24, 25, 25, 22, 77, 63, 56, 79,  3, 57, 52, 78, 71, 45, 15, 62, 84, 69, 80,  7, 34,  6, 32, 59, 94, 23, 74, 44, 60, 93, 82, 96, 72, 49, 17, 11, 38, 51, 76,  2, 14, 10, 70, 28, 48, 66, 43, 26, 53, 68, 81, 91, 31, 40, 36, 89, 83, 39, 86, 92, 41, 37, 16, 61, 42, 21, 12,  5, 58, 88, 19, 29, 18, 95, 67, 22, 27, 24,  9, 33,  4,  8, 47, 25, 50, 46, 65,  1, 55, 35, 20, 54, 64, 85, 87, 75, 13, 73, 30, 90], 1846.76713573, 1846.76713573, 0., 0.00000000e+00,  0.        ,  0.        , 11, 40, 31. )
 (43, [24, 24, 25, 23,  1, 63, 49, 10, 81, 62, 78, 58, 45, 16, 23, 15, 27, 29, 32, 34, 53, 24, 88, 87, 91,  2, 71, 75, 43, 26, 65, 20, 12, 11, 57, 74, 89, 73,  6, 21, 50, 44, 56, 79,  5, 33, 47, 84, 59, 28, 66, 17, 54, 68, 40, 61, 14,  8, 52, 36, 60, 83, 35, 92, 41, 94, 48, 19, 67, 42, 25, 96,  7, 18, 30, 64, 46, 90, 51, 85, 72, 80, 70, 55, 77,  3, 95, 39,  4, 38,  9, 86, 69, 82, 76, 31, 22, 37, 93, 13], 1846.76713573, 1846.76713573, 0., 0.00000000e+00,  0.        ,  0.        , 12, 39, 31.5)
 (44, [22, 24, 28, 22, 12, 18, 47, 29, 51, 27, 92, 42, 48, 16,  5, 76,  2, 68, 65, 89,  1, 82, 86, 21, 80, 85, 11,  3, 28, 41,  8, 36, 64, 50, 22, 37,  4, 94, 31, 91, 32, 17, 10, 40, 15, 75, 88, 77, 46, 13, 87, 66, 96, 20, 43, 23, 53, 14, 71, 57, 79, 59, 35, 62, 69, 54, 45, 83, 56, 63, 72, 34, 58,  6, 25,  7, 24, 84, 74, 67, 55, 78, 19, 38, 49, 30, 39, 81, 52, 73, 95,  9, 61, 90, 60, 44, 93, 26, 70, 33], 1846.76713573, 1846.76713573, 0., 0.00000000e+00,  0.        ,  0.        , 13, 38, 32. )
 (45, [23, 24, 24, 25,  6, 25, 74, 50, 87, 15, 90, 78,  4, 52, 18, 95, 10, 40, 53, 91, 20, 93, 80, 32, 37, 96, 57, 14, 44,  2, 29,  9, 16, 60, 12, 38,  1, 42, 39, 47, 68, 49, 34,  5, 72, 41, 48, 67, 26, 94, 63, 65, 84, 83, 30, 85, 45, 54, 36, 46, 82, 75, 59, 62, 58,  7, 31, 22, 76, 55, 51, 64, 86,  8, 81, 69, 24, 23, 43, 33, 70, 88, 77, 11, 35, 89, 28, 66, 17, 27, 79,  3, 92, 73, 13, 21, 71, 56, 19, 61], 1846.76713573, 1846.76713573, 0., 0.00000000e+00,  0.        ,  0.        , 14, 37, 32.5)
 (46, [25, 24, 23, 24, 28, 40, 11, 69, 89, 33, 17, 52, 63, 59, 91, 62, 42, 76, 86, 30, 66, 10, 27, 93, 12, 45, 32,  9, 50, 84, 49,  8, 54, 18, 46, 80, 65, 24,  7, 13, 48, 20, 77, 14, 58, 35, 74, 29, 55,  2, 82, 57, 21, 79, 70, 60, 81, 25, 61,  4, 47, 34, 90, 37, 15, 38, 75,  3, 96, 72, 26, 94, 64, 95, 83, 39, 23,  6, 87, 68, 85, 78,  5, 41, 44, 67, 51, 31, 19, 36, 56, 53,  1, 16, 88, 73, 92, 22, 43, 71], 1846.76713573, 1846.76713573, 0., 0.00000000e+00,  0.        ,  0.        , 15, 36, 33. )
 (47, [26, 24, 23, 23,  4, 69, 84, 23, 52, 87, 78,  5, 65, 70, 77, 31, 48, 35, 94, 89, 56, 57, 76, 39, 20, 92, 61, 33, 86, 18, 66, 63, 64, 71, 29, 54, 30, 34, 79,  3, 27,  2, 32, 51, 67,  8, 43, 49, 21, 19, 90, 60, 55, 88, 28, 50, 12, 37, 81, 96, 16, 41, 59, 38, 80, 13,  6, 36, 40, 26, 82, 42, 15, 75, 85, 68, 11,  7, 91, 17,  9, 24, 46, 62, 73, 72, 58, 10, 74, 22, 95, 47, 83, 93,  1, 14, 25, 45, 44, 53], 1846.76713573, 1846.76713573, 0., 0.00000000e+00,  0.        ,  0.        , 16, 35, 33.5)
 (22, [31, 12, 22, 31, 62, 55, 92, 93, 38, 68, 39, 27, 74, 81, 19, 20, 16, 64, 17, 44, 41, 70, 59, 84, 86, 43,  8, 13, 73, 37, 69,  9, 25, 60, 72, 33, 88, 78, 42, 65, 47,  1, 87, 32,  7,  5, 94,  2, 80, 48,  6, 10, 24, 14, 18, 96, 67, 51, 50, 76,  3, 12, 53, 36, 71, 66, 85, 22, 56, 11, 57, 95, 29, 54, 21, 15, 46, 23, 26, 45, 31,  4, 90, 61, 52, 58, 89, 63, 77, 34, 49, 82, 35, 79, 40, 75, 83, 30, 91, 28], 1846.76713573, 1846.76713573, 0., 0.00000000e+00,  0.        ,  0.        ,  4, 47, 27.5)
 (22, [31, 12, 22, 31, 62, 55, 92, 93, 38, 68, 39, 27, 74, 81, 19, 20, 16, 64, 17, 44, 41, 70, 59, 84, 86, 43,  8, 13, 73, 37, 69,  9, 25, 60, 72, 33, 88, 78, 42, 65, 47,  1, 87, 32,  7,  5, 94,  2, 80, 48,  6, 10, 24, 14, 18, 96, 67, 51, 50, 76,  3, 12, 53, 36, 71, 66, 85, 22, 56, 11, 57, 95, 29, 54, 21, 15, 46, 23, 26, 45, 31,  4, 90, 61, 52, 58, 89, 63, 77, 34, 49, 82, 35, 79, 40, 75, 83, 30, 91, 28], 1846.76713573, 1846.76713573, 0., 0.00000000e+00,  0.        ,  0.        ,  3, 48, 27. )
 (22, [31, 12, 22, 31, 62, 55, 92, 93, 38, 68, 39, 27, 74, 81, 19, 20, 16, 64, 17, 44, 41, 70, 59, 84, 86, 43,  8, 13, 73, 37, 69,  9, 25, 60, 72, 33, 88, 78, 42, 65, 47,  1, 87, 32,  7,  5, 94,  2, 80, 48,  6, 10, 24, 14, 18, 96, 67, 51, 50, 76,  3, 12, 53, 36, 71, 66, 85, 22, 56, 11, 57, 95, 29, 54, 21, 15, 46, 23, 26, 45, 31,  4, 90, 61, 52, 58, 89, 63, 77, 34, 49, 82, 35, 79, 40, 75, 83, 30, 91, 28], 1846.76713573, 1846.76713573, 0., 0.00000000e+00,  0.        ,  0.        ,  2, 49, 26.5)
 (49, [23, 24, 22, 27, 49, 83, 52, 80, 64, 85, 23, 45, 88, 77, 72, 33,  9, 47, 53, 61, 24, 30, 43, 41,  6, 34,  3, 20, 44, 16,  2, 76, 10, 19, 78, 75, 90, 31, 62, 22, 48, 60, 96, 57, 18, 37, 27, 81,  7, 51, 68, 69, 12, 94, 38, 73, 65, 17, 11, 54, 95, 50, 56,  5, 66, 28, 67, 32, 35, 59, 40, 39, 42, 25, 14, 71,  1, 63, 58, 15, 91, 46, 89, 26, 82,  8, 29, 74, 13, 93, 70, 79, 84, 92,  4, 36, 86, 87, 21, 55], 1846.76713573, 1846.76713573, 0., 0.00000000e+00,  0.        ,  0.        , 20, 31, 35.5)
 (22, [31, 12, 22, 31, 62, 55, 92, 93, 38, 68, 39, 27, 74, 81, 19, 20, 16, 64, 17, 44, 41, 70, 59, 84, 86, 43,  8, 13, 73, 37, 69,  9, 25, 60, 72, 33, 88, 78, 42, 65, 47,  1, 87, 32,  7,  5, 94,  2, 80, 48,  6, 10, 24, 14, 18, 96, 67, 51, 50, 76,  3, 12, 53, 36, 71, 66, 85, 22, 56, 11, 57, 95, 29, 54, 21, 15, 46, 23, 26, 45, 31,  4, 90, 61, 52, 58, 89, 63, 77, 34, 49, 82, 35, 79, 40, 75, 83, 30, 91, 28], 1846.76713573, 1846.76713573, 0., 0.00000000e+00,  0.        ,  0.        ,  1, 50, 26. )
 (22, [31, 12, 22, 31, 62, 55, 92, 93, 38, 68, 39, 27, 74, 81, 19, 20, 16, 64, 17, 44, 41, 70, 59, 84, 86, 43,  8, 13, 73, 37, 69,  9, 25, 60, 72, 33, 88, 78, 42, 65, 56,  1, 87, 32,  7,  5, 94,  2, 80, 48,  6, 10, 24, 14, 18, 96, 67, 51, 50, 76,  3, 12, 53, 36, 71, 66, 85, 22, 47, 11, 57, 95, 29, 54, 21, 15, 46, 23, 26, 45, 31,  4, 90, 61, 52, 58, 89, 63, 77, 34, 49, 82, 35, 79, 40, 75, 83, 30, 91, 28], 1916.60410095, 1916.60410095, 0., 0.00000000e+00,  0.        ,  4.        , 28, 20, 38. )
 (22, [31, 12, 22, 31, 62, 55, 92, 93, 38, 68, 39, 27, 74, 81, 19, 20, 16, 64, 17, 94, 44, 41, 70, 59, 84, 86, 43,  8, 13, 73, 37, 69,  9, 25, 60, 72, 33, 88, 78, 42, 65, 47,  1, 87, 32,  7,  5,  2, 80, 48,  6, 10, 24, 14, 18, 96, 67, 51, 50, 76,  3, 12, 53, 36, 71, 66, 85, 22, 56, 11, 57, 95, 29, 54, 21, 15, 46, 23, 26, 45, 31,  4, 90, 61, 52, 58, 89, 63, 77, 34, 49, 82, 35, 79, 40, 75, 83, 30, 91, 28], 1934.9346149 , 1934.9346149 , 0., 0.00000000e+00,  0.        ,  3.        , 29, 23, 40.5)
 (22, [31, 12, 21, 32, 62, 55, 92, 93, 38, 68, 39, 27, 74, 81, 19, 20, 16, 64, 17, 44, 41, 70, 59, 84, 86, 43,  8, 13, 73, 37, 69,  9, 25, 60, 72, 33, 88, 78, 42, 65, 47,  1, 87, 32,  7,  5, 94,  2, 80, 48,  6, 10, 24, 56, 14, 18, 96, 67, 51, 50, 76,  3, 12, 53, 36, 71, 66, 85, 22, 11, 57, 95, 29, 54, 21, 15, 46, 23, 26, 45, 31,  4, 90, 61, 52, 58, 89, 63, 77, 34, 49, 82, 35, 79, 40, 75, 83, 30, 91, 28], 1950.85044014, 1950.85044014, 0., 0.00000000e+00,  0.        ,  5.        , 30, 19, 39.5)
 (30, [30, 22, 19, 25, 62, 55, 92, 93, 38, 68, 39, 27, 74, 81, 19, 20, 16, 64, 17, 44, 59, 25, 70, 41, 84, 86, 43,  8, 13, 61, 73, 37, 69,  9, 42, 65, 60, 72, 33, 88, 78,  1, 47, 87, 32,  7,  5, 94,  2, 80, 48,  6, 24, 14, 18, 10, 96, 67, 51, 50, 76,  3, 12, 53, 36, 71, 66, 56, 95, 29, 54, 11, 57, 85, 22, 21, 23, 15, 46, 26, 45, 31,  4, 52, 58, 89, 63, 77, 90, 34, 49, 82, 35, 79, 40, 75, 83, 30, 91, 28], 1966.61055882, 1966.44702847, 0., 8.17651755e-02,  0.        , 34.33333333, 31, 10, 36. )
 (22, [33, 12, 22, 29, 62, 55, 92, 93, 38, 68, 39, 27, 74, 81, 19, 20, 16, 64, 17, 44, 86, 43,  8, 13, 73, 37, 69,  9, 33, 41, 31, 70, 59, 84, 25, 60, 72, 88, 78, 42, 65, 47,  1, 87, 32,  2,  7,  5, 94, 80, 48,  6, 10, 24, 14, 18, 96, 67, 51, 50, 76,  3, 12, 53, 36, 71, 66, 11, 85, 22, 56, 57, 95, 29, 54, 21, 15, 46, 23, 26, 45,  4, 90, 61, 52, 58, 89, 63, 77, 34, 49, 82, 35, 79, 40, 75, 83, 30, 91, 28], 2058.70510774, 2058.70510774, 0., 0.00000000e+00,  0.        ,  7.        , 35, 18, 44. )
 (40, [25, 24, 25, 22, 90, 55, 86, 48,  9, 84, 21, 79, 17, 87, 26, 78, 13, 43, 30, 10, 82, 50, 93, 11, 47, 85, 18, 77, 62,  6, 53, 33, 41, 56, 54, 65, 57, 72, 28, 94, 34, 66, 75, 14, 61, 15, 40, 24, 73, 25, 36, 19, 81, 60, 74, 37, 12, 83, 71,  5,  3, 95, 49, 27, 42, 67, 29, 38, 16, 23, 46, 69, 63, 22, 52, 64, 35, 51,  4, 76, 39,  2,  7, 45, 91, 96, 44, 59, 70, 58, 31,  8, 88, 32, 89, 92,  1, 20, 68, 80], 2098.30098969, 2098.30098969, 0., 0.00000000e+00,  0.        ,  4.        , 32, 21, 42.5)
 (40, [25, 24, 25, 22, 90, 55, 86, 48,  9, 84, 21, 79, 17, 87, 26, 78, 13, 43, 30, 10, 82, 50, 93, 11, 47, 85, 18, 77, 62,  6, 53, 33, 41, 56, 54, 65, 57, 72, 28, 94, 34, 66, 75, 14, 61, 15, 40, 24, 73, 25, 36, 19, 81, 60, 74, 37, 12, 83, 71,  5,  3, 95, 49, 27, 42, 67, 29, 38, 16, 23, 46, 69, 63, 22, 52, 64, 35, 51,  4, 76, 39,  2,  7, 45, 91, 96, 44, 59, 70, 58, 31,  8, 88, 32, 89, 92,  1, 20, 68, 80], 2098.30098969, 2098.30098969, 0., 0.00000000e+00,  0.        ,  4.        , 32, 21, 42.5)
 (22, [26, 12, 25, 33, 62, 55, 92, 93, 38, 68, 39, 27, 74, 81, 19, 20, 16, 64, 17, 44, 41, 70, 59, 84, 86, 43,  8, 13, 73, 37, 69,  9, 25, 60, 72, 33, 88, 78, 36, 42, 65, 47,  1, 87, 32,  7,  5, 94,  2, 80, 48,  6, 10, 24, 14, 18, 96, 67, 51, 50, 76,  3, 12, 53, 71, 66, 85, 22, 56, 11, 57, 95, 29, 54, 21, 15, 46, 23, 26, 45, 31,  4, 90, 61, 52, 58, 89, 63, 77, 34, 49, 82, 35, 79, 40, 75, 83, 30, 91, 28], 2137.11234236, 2137.11234236, 0., 0.00000000e+00,  0.        , 13.        , 33, 16, 41. )
 (22, [31, 12, 22, 31, 62, 55, 92, 93, 38, 68, 39, 27, 74, 81, 19, 20, 16, 64, 17, 44, 41, 70, 59, 84, 86, 43,  8, 13, 73, 37, 69,  9, 25, 60, 72, 33, 88, 78, 42, 65, 47,  1, 87, 32,  7,  5, 75, 94,  2, 80, 48,  6, 10, 24, 14, 18, 96, 67, 51, 50, 76,  3, 12, 53, 36, 71, 66, 85, 22, 56, 11, 57, 95, 29, 54, 21, 15, 46, 23, 26, 45, 31,  4, 90, 61, 52, 58, 89, 63, 77, 34, 49, 82, 35, 79, 40, 83, 30, 91, 28], 2140.75777965, 2140.75777965, 0., 0.00000000e+00,  0.        ,  3.        , 34, 22, 45. )
 (48, [23, 24, 26, 23, 54, 37, 71,  2, 56, 84, 85, 23, 91, 92, 26, 70, 94,  3, 89, 76, 40, 55, 22,  4, 16, 17, 75, 77, 82, 34,  1, 78,  6, 72, 73, 42,  9, 29, 66, 53, 28, 60, 95, 19, 15, 47, 52, 31, 43, 41, 27, 51, 79, 62, 63, 33, 14, 83, 38, 21, 90, 96, 58, 57, 45,  7, 68, 50, 59, 46, 11, 13, 67, 44,  5,  8, 49, 36, 93, 74, 20, 61, 25, 35, 30, 80, 24, 81, 69, 10, 48, 86, 12, 87, 88, 64, 65, 32, 39, 18], 2244.44530836, 2184.14678281, 0., 3.01492628e+01,  0.        , 34.33333333, 36,  9, 40.5)
 (48, [23, 24, 26, 23, 54, 37, 71,  2, 56, 84, 85, 23, 91, 92, 26, 70, 94,  3, 89, 76, 40, 55, 22,  4, 16, 17, 75, 77, 82, 34,  1, 78,  6, 72, 73, 42,  9, 29, 66, 53, 28, 60, 95, 19, 15, 47, 52, 31, 43, 41, 27, 51, 79, 62, 63, 33, 14, 83, 38, 21, 90, 96, 58, 57, 45,  7, 68, 50, 59, 46, 11, 13, 67, 44,  5,  8, 49, 36, 93, 74, 20, 61, 25, 35, 30, 80, 24, 81, 69, 10, 48, 86, 12, 87, 88, 64, 65, 32, 39, 18], 2244.44530836, 2184.14678281, 0., 3.01492628e+01,  0.        , 34.33333333, 36,  9, 40.5)
 (22, [29, 12, 24, 31, 62, 55, 92, 93, 38, 68, 39, 27, 90, 81, 19, 20, 16, 64, 17, 44, 41, 70, 59, 84, 86, 43,  8, 13, 73, 37, 69,  9, 25, 60, 72, 33, 88, 78, 42, 65, 47,  1, 87, 32,  7,  5, 94,  2, 80, 48,  6, 10, 24, 14, 18, 96, 67, 51, 50, 76,  3, 12, 53, 36, 71, 66, 85, 22, 56, 11, 57, 95, 29, 54, 21, 15, 46, 23, 26, 45, 31,  4, 74, 61, 52, 58, 89, 63, 77, 34, 49, 82, 35, 79, 40, 75, 83, 30, 91, 28], 2246.82653506, 2362.77227263, 0., 0.00000000e+00,  0.        ,  8.        , 37, 17, 45.5)
 (43, [27, 13, 21, 35, 62, 55, 92, 93, 38, 68, 39, 27, 74, 81, 19, 20, 16, 64, 17, 44, 41, 70, 59, 84, 86, 43,  8, 13, 73, 37, 69,  9, 25, 60, 72, 33, 88, 78, 42, 65, 47,  1, 87, 32,  7,  5, 94,  2, 80, 48, 83, 10, 24, 14, 18, 96, 67, 51, 50, 76,  3, 12, 53, 36, 71, 66, 85, 22, 56, 11, 57, 95, 29, 54, 21, 15, 46, 23, 26, 45, 31,  4, 90, 61, 52, 58, 89, 63, 77, 34, 49, 82, 35, 79, 40, 75,  6, 30, 91, 28], 2288.59530005, 2288.59530005, 0., 0.00000000e+00,  0.        , 14.        , 38, 15, 45.5)
 (39, [23, 28, 23, 22, 67, 30, 35,  2, 28, 82, 83, 73, 95, 43, 10, 36, 48, 41, 70, 62, 56, 92, 12, 15, 37, 85, 58, 29, 57, 22, 47, 16,  9, 39, 91, 24, 77, 18, 78, 59,  4, 72, 66, 31, 84, 38, 11, 89, 26, 23, 45, 87, 27, 17,  5, 33, 53, 52, 75, 90, 65, 60, 34, 55,  6, 81, 25,  7, 50, 80, 40, 76, 19, 74, 96,  1, 54, 93, 44, 61, 49, 20, 46, 32, 63, 71, 88, 79, 68,  8, 64, 21, 42, 94, 14, 51, 69,  3, 86, 13], 2329.07951178, 2482.64173259, 0., 0.00000000e+00,  0.        , 15.66666667, 39, 14, 46. )
 (39, [23, 28, 23, 22, 67, 30, 35,  2, 28, 82, 83, 73, 95, 43, 10, 36, 48, 41, 70, 62, 56, 92, 12, 15, 37, 85, 58, 29, 57, 22, 47, 16,  9, 39, 91, 24, 77, 18, 78, 59,  4, 72, 66, 31, 84, 38, 11, 89, 26, 23, 45, 87, 27, 17,  5, 33, 53, 52, 75, 90, 65, 60, 34, 55,  6, 81, 25,  7, 50, 80, 40, 76, 19, 74, 96,  1, 54, 93, 44, 61, 49, 20, 46, 32, 63, 71, 88, 79, 68,  8, 64, 21, 42, 94, 14, 51, 69,  3, 86, 13], 2329.07951178, 2482.64173259, 0., 0.00000000e+00,  0.        , 15.66666667, 39, 14, 46. )
 (22, [34, 18, 25, 19, 62, 55, 92, 93, 38, 68, 39, 27, 76, 56, 17, 74, 81, 19, 20, 16, 64, 44, 41, 70, 59, 84, 86, 43,  8, 13, 73, 37, 69,  9, 25, 60, 72, 33, 88, 78, 42, 65, 47,  1, 87, 32,  7,  5, 94,  2, 80, 48,  6, 10, 24, 14, 18, 96, 67, 51, 50,  3, 12, 53, 36, 71, 66, 85, 22, 11, 57, 95, 29, 54, 21, 15, 46, 23, 26, 45, 52, 31,  4, 90, 61, 58, 89, 63, 77, 34, 49, 82, 35, 79, 40, 75, 83, 30, 91, 28], 2379.21321027, 2311.21190349, 0., 3.40006534e+01,  0.        , 33.33333333, 40, 11, 45.5)
 (22, [32, 14, 22, 28, 62, 55, 92, 93, 38, 68, 39, 27, 74, 81, 19, 20, 16, 64, 17, 44, 41, 70, 59, 84, 86, 43,  8, 13, 73, 37, 69,  9, 25, 60, 72, 46, 15, 21, 54, 29, 95, 57, 11, 56, 22, 85, 66, 71, 36, 53, 12,  3, 76, 50, 51, 67, 96, 18, 14, 24, 10,  6, 48, 80,  2, 94,  5,  7, 32, 87,  1, 47, 65, 42, 78, 88, 33, 23, 26, 45, 31,  4, 90, 61, 52, 58, 89, 63, 77, 34, 49, 82, 35, 79, 40, 75, 83, 30, 91, 28], 2599.56974403, 2701.54739598, 0., 3.12887416e+01,  0.        , 43.        , 41,  7, 44.5)
 (48, [25, 22, 21, 28, 92, 93, 38, 68, 62, 55, 39, 27, 74, 19, 20, 16, 64, 17, 44, 25, 70, 41, 59, 43,  8, 13, 73, 69,  9, 42, 65, 87, 72, 33, 78, 88,  1, 47,  7,  5,  2, 80,  6, 24, 18, 10, 48, 51, 50, 76,  3, 12, 71, 95, 84, 32, 96, 85, 66, 67, 14, 60, 81, 86, 34, 53, 36, 56, 15, 11, 91, 22, 57, 29, 54, 45, 31, 82, 83, 30, 28, 37, 94, 58, 21, 61, 52, 89, 63, 77, 90,  4, 49, 35, 79, 40, 75, 23, 46, 26], 2688.53786527, 2688.53786527, 0., 0.00000000e+00,  0.        , 70.66666667, 42,  3, 43.5)
 (38, [24, 23, 24, 25,  4, 41, 63, 53, 36, 77,  5, 74, 93, 73, 56, 20, 16, 39, 43, 26, 24, 21, 88, 78, 71, 12,  2, 59, 29, 65, 22, 13, 60, 80,  7, 84, 51, 54, 95, 23, 30, 83, 90, 34, 64, 38, 75,  9, 81, 19, 85, 79, 25, 33,  6, 68, 57, 82, 52, 69, 14, 76, 44, 46, 17, 92, 10, 27, 67, 42,  8, 18, 35, 87, 37, 32, 94, 72, 28, 15,  3,  1, 58, 86, 89, 47, 55, 70, 49, 96, 62, 66, 50, 91, 48, 40, 61, 45, 11, 31], 3066.71508458, 3070.84187431, 0., 2.35646905e+00,  0.72198117, 48.33333333, 46,  5, 48.5)
 (38, [24, 23, 24, 25,  4, 41, 63, 53, 36, 77,  5, 74, 93, 73, 56, 20, 16, 39, 43, 26, 24, 21, 88, 78, 71, 12,  2, 59, 29, 65, 22, 13, 60, 80,  7, 84, 51, 54, 95, 23, 30, 83, 90, 34, 64, 38, 75,  9, 81, 19, 85, 79, 25, 33,  6, 68, 57, 82, 52, 69, 14, 76, 44, 46, 17, 92, 10, 27, 67, 42,  8, 18, 35, 87, 37, 32, 94, 72, 28, 15,  3,  1, 58, 86, 89, 47, 55, 70, 49, 96, 62, 66, 50, 91, 48, 40, 61, 45, 11, 31], 3066.71508458, 3070.84187431, 0., 2.35646905e+00,  0.72198117, 48.33333333, 46,  5, 48.5)
 (22, [26, 13, 25, 32, 93, 79, 30, 62, 92, 68, 39, 27, 74, 81, 19, 20, 16, 64, 17, 44, 41, 70, 59, 84, 86, 43,  8, 13, 73, 37, 69,  9, 25, 60, 72, 33, 88, 78, 42, 65, 47,  1, 87, 32, 55, 49, 82, 38, 75,  7,  5, 94,  2, 80, 48,  6, 10, 24, 14, 18, 96, 67, 51, 50, 76,  3, 12, 53, 36, 71, 66, 85, 22, 56, 11, 57, 95, 29, 54, 21, 15, 46, 23, 26, 45, 31,  4, 90, 61, 52, 58, 77, 35, 34, 91, 89, 28, 83, 40, 63], 3178.77786566, 3336.14354989, 0., 0.00000000e+00,  0.        , 27.33333333, 44, 13, 50.5)
 (22, [33, 10, 22, 31, 73, 74, 72, 79, 69, 17, 25, 70, 41, 34, 92, 83, 19, 35,  8, 84, 60, 30, 77, 82, 93, 68, 13, 16, 44, 27, 64, 59, 81, 86, 20, 33, 88, 78, 42, 65, 47,  1, 87, 32,  7,  5, 94,  9,  2, 80, 48,  6, 10, 24, 14, 18, 96, 67, 51, 50, 76,  3, 12, 53, 36, 71, 66, 85, 22, 56, 11, 57, 95, 29, 54, 21, 15, 46, 23, 26, 45, 31,  4, 90, 61, 52, 58, 89, 63, 40, 91, 55, 62, 75, 37, 28, 38, 39, 43, 49], 3771.64850037, 3799.12241002, 0., 3.24231152e-01,  0.        , 48.        , 45,  6, 48. )
 (22, [31, 13, 22, 30, 62, 55, 92, 93, 21, 54, 29, 95, 57, 11, 56, 22, 85, 66, 71, 36, 53, 12,  3, 76, 50, 51, 67, 96, 18, 14, 24, 10,  6, 48, 80,  2, 94,  5,  7, 32, 87,  1, 47, 65, 42, 78, 88, 33, 72, 60, 25,  9, 69, 37, 73, 13,  8, 43, 86, 84, 59, 70, 41, 44, 17, 64, 16, 20, 19, 81, 74, 27, 39, 68, 38, 15, 46, 23, 26, 45, 31,  4, 90, 61, 52, 58, 89, 63, 77, 34, 49, 82, 35, 79, 40, 75, 83, 30, 91, 28], 4316.76835823, 4792.8336534 , 0., 2.74930552e+02, 75.35677716, 42.33333333, 47,  8, 51. )
 (22, [30, 22, 23, 21, 92, 38, 94, 96, 67, 51, 36, 66, 11, 81, 19, 20, 16, 64, 17, 44, 41, 70, 59, 84, 86, 43,  8, 13, 73, 37, 69,  9, 25, 60, 72, 33, 88, 78, 42, 65, 47,  1, 87, 32,  7,  5, 54, 15, 23, 45, 26, 29, 76, 30, 58, 89, 50, 31, 55, 68, 71, 12, 27, 95, 93, 53, 62, 75, 24, 22, 48,  3, 18,  2, 85, 91, 80, 10, 74, 57, 46, 35, 21, 14, 56, 77, 63,  6, 82, 61, 39,  4, 90, 52, 34, 49, 79, 40, 83, 28], 4794.76190379, 5009.8901901 , 0., 9.17706301e+00,  0.        , 75.33333333, 48,  1, 48.5)
 (36, [24, 24, 25, 23, 45, 32, 62, 54, 57, 36, 10,  6, 55, 21, 16, 19, 60, 72, 29, 77, 65, 13, 53, 88,  4, 64, 27,  1,  8, 39, 34, 37, 42, 61, 49, 85, 18, 94, 76, 75,  2, 35, 89, 73, 51, 50, 90, 70, 46, 41, 83, 96, 12, 14, 47, 31, 79, 71, 15, 84, 74, 82, 44, 91, 81, 58, 23, 92, 93, 28, 20, 80,  9, 43, 56,  7, 33, 66, 78, 11,  3, 86, 68, 22,  5, 17, 52, 48, 59, 26, 67, 63, 25, 69, 30, 40, 95, 38, 87, 24], 4901.14102338, 5329.49044965, 0., 0.00000000e+00,  0.        , 55.        , 49,  4, 51. )
 (36, [24, 24, 25, 23, 45, 32, 62, 54, 57, 36, 10,  6, 55, 21, 16, 19, 60, 72, 29, 77, 65, 13, 53, 88,  4, 64, 27,  1,  8, 39, 34, 37, 42, 61, 49, 85, 18, 94, 76, 75,  2, 35, 89, 73, 51, 50, 90, 70, 46, 41, 83, 96, 12, 14, 47, 31, 79, 71, 15, 84, 74, 82, 44, 91, 81, 58, 23, 92, 93, 28, 20, 80,  9, 43, 56,  7, 33, 66, 78, 11,  3, 86, 68, 22,  5, 17, 52, 48, 59, 26, 67, 63, 25, 69, 30, 40, 95, 38, 87, 24], 4901.14102338, 5329.49044965, 0., 0.00000000e+00,  0.        , 55.        , 49,  4, 51. )
 (22, [31, 12, 22, 31, 39, 94, 68, 54, 19, 15, 52, 82, 76, 56, 23, 31, 20,  1, 17, 44, 41, 70, 59, 84, 86, 43,  8, 13, 73, 37, 69,  9, 25, 60, 72, 33, 88, 78, 42, 65, 96, 50, 18, 77, 11, 87, 83,  7, 47, 45, 91, 57, 80, 71, 10, 55, 22, 93, 16, 89, 53, 32,  3, 14, 85, 81, 67, 34, 46, 79, 64, 48, 66, 62, 74, 28, 61, 63,  5,  4, 26, 29,  6, 75, 40, 38, 27, 95, 90, 49, 51, 35, 21, 36, 30, 24,  2, 92, 12, 58], 5925.70488437, 6002.5861588 , 0., 3.46390837e+01,  0.        , 74.        , 50,  2, 51. )]