
Total Runtime in seconds: 1103.2872343063354Parameters:
population_size: 50, max_generations: 15, executed generations: 15, threshold_no_improvement: 7
target feasible proportion: 12
fitness_scaling: power_rank, selection_method: n_tournaments
p_c: 0.8, p_m: 0.4
tournament_size: 2, n_elite: 10
survivor_selection_step: 10, p_selection_survival: 0.7
kill clone step: 100
diversify_step: 300, diversify_step: 300, p_diversify_survival: 0.3
n_closest_neighbors: 3, diversity_weight: 0.75, distance_method: broken_pairs_distance
capacity_penalty_factor: 3.4916864804687497, duration_penalty_factor 3.4916864804687497, time_window_penalty: 7.035502113281252
Best fitness all generations, best individual before/after local search: 3929.428721295255, 3982.1302039760476 / 3982.1302039760476
Best individual found before local search: (43, [ 38,  37,  35,  34,  11,  35,  71,  26,  78, 109,  12, 112,  62,  50,  10,  14, 133,  69,  91,  87, 107,  39, 127,   3, 139,  17,   1,  13,  95, 119,  27,  80, 132,  40,  88,  52,  45, 129,  73, 121, 110, 114,  70,  34,  74,   8,  56,  36,  46,  37,  85,  57, 117, 125,  61, 135, 115,  83, 111,  51,  79,  19, 100,  72,  24, 108,   6,  68, 126,  54,  98,   4,  49,  75,  67,  55, 105, 101, 141, 122, 134,  99,  32,  97,  77, 137, 113,  81,  89,   9,  94, 131,  47, 124,  60, 136, 140,  20,  38,  42, 118, 130,  44, 144,  23,  31, 103,   2, 142, 102,   7,  48,  64,  30,  63,  15, 143,  28,  84,  43, 123,  59,  16, 128, 120,  41,  25,  33,  93,  86,  66,  90,  82,  21,  65,  29,  53, 104, 138, 106,   5,  92,  96,  76, 116,  18,  22,  58], 3982.13020398, 3982.13020398, 0., 0., 0., 0., 2, 50, 39.5)
Best individual found after local search: (43, [ 38,  37,  35,  34,  11,  35,  71,  26,  78, 109,  12, 112,  62,  50,  10,  14, 133,  69,  91,  87, 107,  39, 127,   3, 139,  17,   1,  13,  95, 119,  27,  80, 132,  40,  88,  52,  45, 129,  73, 121, 110, 114,  70,  34,  74,   8,  56,  36,  46,  37,  85,  57, 117, 125,  61, 135, 115,  83, 111,  51,  79,  19, 100,  72,  24, 108,   6,  68, 126,  54,  98,   4,  49,  75,  67,  55, 105, 101, 141, 122, 134,  99,  32,  97,  77, 137, 113,  81,  89,   9,  94, 131,  47, 124,  60, 136, 140,  20,  38,  42, 118, 130,  44, 144,  23,  31, 103,   2, 142, 102,   7,  48,  64,  30,  63,  15, 143,  28,  84,  43, 123,  59,  16, 128, 120,  41,  25,  33,  93,  86,  66,  90,  82,  21,  65,  29,  53, 104, 138, 106,   5,  92,  96,  76, 116,  18,  22,  58], 3982.13020398, 3982.13020398, 0., 0., 0., 0., 2, 50, 39.5)
Best feasible individual found: (43, [ 38,  37,  35,  34,  11,  35,  71,  26,  14, 109,  12, 112,  39,  50,  10,  78, 133,  69,  91,  87, 107,  62, 127,   3, 139,  17,   1,  13,  95, 119,  27,  80, 132,  40,  88,  52,  45, 129,  73, 121, 110, 114,  70,  34,  74,   8,  56,  36,  46,  37,  85,  57, 117, 125,  61, 135, 115,  83, 111,  51,  79,  19, 100,  72,  24, 108,   6,  68, 126,  54,  98,   4,  49,  75,  67,  55, 105, 101, 141, 122, 134,  99,  32,  97,  77, 137, 113,  81,  89,   9,  94, 131,  47, 124,  60, 136, 140,  20,  38,  42, 118, 130,  44, 144,  23,  31, 103,   2, 142, 102,   7,  48,  64,  30,  63,  15, 143,  28,  84,  43, 123,  59,  16, 128, 120,  41,  25,  33,  93,  86,  66,  90,  82,  21,  65,  29,  53, 104, 138, 106,   5,  92,  96,  76, 116,  18,  22,  58], 3990.66188084, 3990.66188084, 0., 0., 0., 0., 2, 50, 39.5)

Fitness stats min: [6785.53400492 4201.17573316 4039.91110562 3991.64194065 3990.66188084
 3990.66188084 3990.66188084 3990.66188084 3990.66188084 3990.66188084
 3990.66188084 3990.66188084 3990.66188084 3990.66188084 3929.4287213
 3982.13020398] 

Fitness stats feasible min: [7025.28984258 4201.17573316 4039.91110562 3991.64194065 3990.66188084
 3990.66188084 3990.66188084 3990.66188084 3990.66188084 3990.66188084
 3990.66188084 3990.66188084 3990.66188084 3990.66188084 3990.66188084
 3982.13020398] 

Fitness stats avg: [ 7102.52743896  6989.86582576  6595.29519612  6018.27285285
  5227.29891962  5058.30076867  4782.55120214  4503.78191992
  4333.35071125  4352.82471861  4354.57364057 10300.59022039
  7662.73948716  5403.12357112  4364.26506891  4269.60049564] 

Feasible stats: [( 0.,  0.) ( 0., 50.) ( 0., 50.) (12., 38.) (12., 38.) (31., 19.)
 (31., 19.) (37., 13.) (37., 13.) (39., 11.) (39., 11.) (36., 14.)
 (36., 14.) (22., 28.) (22., 28.) (38., 12.)] 
Solution Description: 
p: [   0.           26.02701712   34.59829433   51.81835995   69.61773856
  105.93200086  125.50373313  169.76363753  174.8116518   182.36856254
  238.74613542  259.88047896  281.87584654  303.96672112  369.42763413
  380.95329142  386.083346    396.09863754  403.15590301  438.67198267
  459.44622524  469.14642323  477.15919154  492.24464133  500.47277022
  529.85551708  572.03831035  602.0907598   634.88507473  651.25766652
  684.19330345  706.44855607  710.26816404  722.66937829  729.30172938
  738.90022036  761.38309509  855.1249373   877.63060578    0.
   36.28815195   75.24488796  135.42328159  168.47277845  172.58856962
  227.44492544  268.76019833  286.22092054  365.90035802  405.80799013
  418.78086167  442.45949016  467.07340787  493.81446096  509.30320201
  514.94912488  544.19379166  569.4170131   599.59965687  608.34168232
  695.70372139  711.52021335  736.00860056  757.02271251  776.6478255
  816.22681822  892.75000239  908.80463714  935.39706932  953.79628778
 1059.03213785 1089.22152391 1130.61264885 1164.36140564 1212.11994525
 1217.80821573 1259.27736637    0.           42.63629088   77.06153349
  105.00305048  134.23354246  170.87351947  207.80205198  233.38019656
  262.92579843  303.61687766  387.33901955  406.60902095  421.32567818
  476.6994465   490.78349393  505.25052237  539.2361625   542.57695956
  572.60276555  635.56563922  693.12747688  704.34492979  714.10616998
  733.95099407  762.99091958  786.88979248  822.18345359  870.10366397
  885.2168458   910.13540788  922.05192251  941.36421985  999.47725184
 1021.07830069 1037.8088627  1133.18279118    0.           17.1409834
   25.07318619   26.79174867   62.80413535  101.8509366   111.30500599
  126.40094964  159.42806182  178.03177006  192.91628359  222.00205401
  257.33906186  299.94592993  319.90362672  329.10130306  345.61825314
  361.38481344  377.22786598  399.1513498   423.40916753  441.38746497
  453.67757079  464.17548378  476.62768925  507.46059419  518.11720247
  556.00192548  565.1882009   587.8500095   653.44341498  667.47274586
  698.10748813  704.37814121  712.03944064] 
pred: [ 0  0  0  0  3  3  5  5  5  8  8  8  8 12 12 14 14 14 17 17 17 17 21 21
 21 24 24 24 27 27 27 27 27 32 32 32 32 36 36  0  0  0  0  3  3  3  6  7
  7  7 10 10 10 13 13 13 13 17 17 17 17 17 22 22 24 24 26 26 26 29 29 31
 31 31 34 34 34  0  0  0  2  2  4  4  4  4  8  8  8 11 11 11 14 14 14 14
 14 19 19 19 19 19 19 25 25 25 28 28 30 30 32 32 32  0  0  0  0  0  4  5
  5  5  8  8  8 11 11 11 11 15 15 15 15 19 19 19 19 23 23 23 23 27 27 27
 27 31 31 31] 
distance [  0.          26.02701712  34.59829433  51.81835995  17.79937861
  54.11364092  19.57173227  63.83163667  68.87965093   7.55691074
  63.93448362  85.06882717 107.06419475  22.09087458  87.55178758
  11.52565729  16.65571187  26.67100341   7.05726548  42.57334514
  63.3475877   73.04778569   8.01276831  23.09821811  31.32634699
  29.38274686  71.56554013 101.61798958  32.79431493  49.16690671
  82.10254364 104.35779627 108.17740423  12.40121426  19.03356535
  28.63205632  51.11493105  93.74184221 116.24751069   0.
  36.28815195  75.24488796 135.42328159  33.04949685  37.16528803
  92.02164384  41.3152729   17.46072221  97.14015968 137.0477918
  12.97287154  36.65150003  61.26541774  26.74105308  42.22979414
  47.875717    77.12038379  25.22322144  55.40586521  64.14789066
 151.50992973 167.32642169  24.48838721  45.50249916  19.62511299
  59.20410571  76.52318417  92.57781892 119.1702511   18.39921846
 123.63506853  30.18938605  71.580511   105.32926779  47.75853961
  53.44681009  94.91596073   0.          42.63629088  77.06153349
  27.941517    57.17200898  36.639977    73.56850952  99.14665409
 128.69225597  40.69107923 124.41322112 143.68322252  14.71665723
  70.09042555  84.17447298  14.46702844  48.45266857  51.79346563
  81.81927162 144.78214529  57.56183765  68.77929057  78.54053076
  98.38535485 127.42528036 151.32415326  35.29366111  83.21387149
  98.32705332  24.91856208  36.83507671  19.31229734  77.42532933
  21.60104885  38.33161085 133.70553934   0.          17.1409834
  25.07318619  26.79174867  62.80413535  39.04680126   9.45406939
  24.55001304  57.57712522  18.60370823  33.48822177  62.57399219
  35.33700784  77.94387591  97.90157271 107.09924904  16.51695008
  32.28351038  48.12656292  70.05004674  24.25781773  42.23611518
  54.526221    65.02413398  12.45220548  43.28511041  53.94171869
  91.82644171   9.18627541  31.84808401  97.44148949 111.47082038
  30.63474227  36.90539535  44.56669478]
load: [ 0  5 24 34 25 50  9  0  7  5 23 42 56 10 11 22 36 61 17 32 42 67 10 19
 27  5 21 46 16 20 36 50 73  6 12 13 14 23 28  0  3 20 37  1 15 21  1 10
 12 23 22 33 51  5 17 20 35  9 20 37  0  5 17 23  6  0  8 12 19 24  0 14
 19 20  8 10 22  0  8 25 11  0  4 14 30 36 25 27 46 19  0 11 17 20 34 38
 48 22 23 41 65  0 23 12 31 43 22 41 12  0 22 44  0  0  6 10 16  0  7 21
 41 62  7 23 28  5 24 45 67  6 23 38 58  8 21 42 59 24  0  4  0  4 14 18
 21 22 36 43] 
time: [  0.         143.         476.         509.22006562 314.
 365.31426231 282.         340.2599044  355.30791866  95.
 216.         345.         402.         134.         220.46091301
 404.         413.13005458 431.14534612 171.         223.51607966
 266.29032222 456.         298.         410.         443.22812889
  85.         147.18279327 387.         248.         275.37259179
 322.30822872 357.56348134 436.         231.         239.63235109
 250.23084207 276.7137168   80.         123.50566849   0.
 285.         324.95673601 398.13512964  81.         370.
 435.85635581 322.         100.         190.         248.90763211
  61.         119.         422.         282.         386.
 432.         464.24466678  70.         129.         213.
 387.         406.81649196 402.         424.01411195 336.
 381.57899272 150.         210.         255.59243218 382.
 507.23585007  95.         157.39112494 211.13988173 169.
 177.68827048 451.           0.         130.         174.42524261
 447.         499.23049198 242.         283.92853251 358.
 411.54560187 106.         199.72214189 314.         442.
 513.37376832 543.45781575 124.         171.98564012 180.32643718
 234.35224318 304.31511685 234.         263.21745292 295.97869311
 459.         499.03992551 523.93879841 228.         316.
 333.11318183 125.         415.         267.         376.26169848
 162.         299.         408.37392849   0.         107.
 117.93220278 136.65076526 447.         350.         136.
 171.09594365 300.         376.         394.88451354 428.97028396
 140.         187.60686807 217.56456486 241.7622412  110.
 222.         272.         410.         161.         201.97829745
 237.26840326 300.         288.         336.83290494 466.
 528.88472302  82.         127.6618086  196.25521408 263.
 445.         460.27065308 474.93195251] 
time warps: [0 0 0 0 0 0 0 0 0 0 0 0 0 0 0 0 0 0 0 0 0 0 0 0 0 0 0 0 0 0 0 0 0 0 0 0 0
 0 0 0 0 0 0 0 0 0 0 0 0 0 0 0 0 0 0 0 0 0 0 0 0 0 0 0 0 0 0 0 0 0 0 0 0 0
 0 0 0 0 0 0 0 0 0 0 0 0 0 0 0 0 0 0 0 0 0 0 0 0 0 0 0 0 0 0 0 0 0 0 0 0 0
 0 0 0 0 0 0 0 0 0 0 0 0 0 0 0 0 0 0 0 0 0 0 0 0 0 0 0 0 0 0 0 0 0 0 0 0 0] 
duration: [  0.          45.02701712 375.02701712 402.24708274  32.79937861
  94.11364092  31.57173227  87.83163667  94.87965093  30.55691074
 132.55691074 261.55691074 318.55691074  43.09087458 122.55178758
  15.52565729  28.65571187  59.67100341  24.05726548  81.57334514
 122.3475877  296.05726548  11.01276831 145.01276831 168.2408972
  49.38274686 110.56554013 332.38274686  43.79431493  74.16690671
 120.10254364 155.35779627 225.79431493  14.40121426  22.03356535
  35.63205632  67.11493105 114.74184221 158.24751069   0.
  37.28815195  89.24488796 172.42328159  48.04949685 333.04949685
 408.90585267  56.3152729   18.46072221 126.46072221 189.36835432
  24.97287154  77.97287154 378.97287154  33.74105308 154.74105308
 179.74105308 214.98571987  40.22322144  89.22322144 193.22322144
 346.22322144 365.03971341  25.48838721  71.50249916  21.62511299
  70.20410571  81.52318417 155.52318417 198.11561635  34.39921846
 156.63506853  51.18938605 112.580511   162.32926779  50.75853961
  58.44681009 342.75853961   0.          52.63629088  95.06153349
  48.941517   103.17200898  41.639977    99.56850952 176.639977
 230.18557888  50.69107923 149.41322112 258.69107923  28.71665723
 102.09042555 136.17447298  28.46702844  67.45266857  94.79346563
 131.81927162 208.78214529  75.56183765 109.77929057 141.54053076
 291.56183765 323.60176316 371.50063606  42.29366111 125.29366111
 155.40684293  37.91856208 339.91856208  30.31229734 135.57399582
  30.60104885 168.60104885 277.97497734   0.          20.1409834
  45.07318619  56.79174867 359.1409834   52.04680126  29.45406939
  49.55001304 197.45406939  22.60370823  42.48822177  79.57399219
  40.33700784  92.94387591 127.90157271 160.09924904  29.51695008
 151.51695008 188.51695008 321.51695008  47.25781773  88.23611518
 109.526221   171.25781773  28.45220548  77.28511041 211.45220548
 257.33692849  32.18627541  57.84808401 126.44148949 201.18627541
  39.63474227  52.90539535  74.56669478]

All individuals: [(43, [ 38,  40,  34,  32,  11,  35,  71,  26,  14, 109,  12, 112,  39,  50,  10,  78, 133,  69,  91,  87, 107,  62, 127,   3, 139,  17,   1,  13,  95, 119,  27,  80, 132,  40,  88,  52,  45, 129,  73, 121, 110, 114,  70,  34,  74,   8,  56,  36,  37,  85,  57, 117, 125,  61, 135, 115,  83, 111,  51,  79,  19, 100,  72,  24, 108,   6,  68, 126,  54,  98,   4,  49,  75,  67,  55, 105, 101, 141,  46,  18,  22,  58, 122, 134,  97,  77, 137, 113,  81,  89,   9,  94, 131,  47, 124, 136,  60,  20,  38,  42, 118, 130,  44, 144,  23,  31, 103,   2, 142, 102,   7,  48,  64, 140,  99,  32,  63,  15, 143,  28,  43, 123,  59,  16, 128, 120,  41,  25,  33,  93,  86,  66,  90,  82,  30,  21,  65,  29,  53, 104, 138, 106,   5,  92,  96,  76, 116,  84], 3929.43686155, 3929.26591614, 0., 0.02429754, 0., 21.        ,  1,  3,  3.25)
 (43, [ 38,  37,  35,  34,  11,  35,  71,  26,  14, 109,  12, 112,  39,  50,  10,  78, 133,  69,  91,  87, 107,  62, 127,   3, 139,  17,   1,  13,  95, 119,  27,  80, 132,  40,  88,  52,  45, 129,  73, 121, 110, 114,  70,  34,  74,   8,  56,  36,  46,  37,  85,  57, 117, 125,  61, 135, 115,  83, 111,  51,  79,  19, 100,  72,  24, 108,   6,  68, 126,  54,  98,   4,  49,  75,  67,  55, 105, 101, 141, 122, 134,  99,  32,  97,  77, 137, 113,  81,  89,   9,  94, 131,  47, 124,  60, 136, 140,  20,  38,  42, 118, 130,  44, 144,  23,  31, 103,   2, 142, 102,   7,  48,  64,  30,  63,  15, 143,  28,  84,  43, 123,  59,  16, 128, 120,  41,  25,  33,  93,  86,  66,  90,  82,  21,  65,  29,  53, 104, 138, 106,   5,  92,  96,  76, 116,  18,  22,  58], 3990.66188084, 3990.66188084, 0., 0.        , 0.,  0.        ,  2, 50, 39.5 )
 (43, [ 38,  37,  35,  34,  11,  35,  71,  26,  14, 109,  12, 112,  39,  50,  10,  78, 133,  69,  91,  87, 107,  62, 127,   3, 139,  17,   1,  13,  95, 119,  27,  80, 132,  40,  88,  52,  45, 129,  73, 121, 110, 114,  70,  34,  74,   8,  56,  36,  46,  37,  85,  57, 117, 125,  61, 135, 115,  83, 111,  51,  79,  19, 100,  72,  24, 108,   6,  68, 126,  54,  98,   4,  49,  75,  67,  55, 105, 101, 141, 122, 134,  99,  32,  97,  77, 137, 113,  81,  89,   9,  94, 131,  47, 124,  60, 136, 140,  20,  38,  42, 118, 130,  44, 144,  23,  31, 103,   2, 142, 102,   7,  48,  64,  30,  63,  15, 143,  28,  84,  43, 123,  59,  16, 128, 120,  41,  25,  33,  93,  86,  66,  90,  82,  21,  65,  29,  53, 104, 138, 106,   5,  92,  96,  76, 116,  18,  22,  58], 3990.66188084, 3990.66188084, 0., 0.        , 0.,  0.        ,  3, 49, 39.75)
 (43, [ 38,  37,  35,  34,  11,  35,  71,  26,  14, 109,  12, 112,  39,  50,  10,  78, 133,  69,  91,  87, 107,  62, 127,   3, 139,  17,   1,  13,  95, 119,  27,  80, 132,  40,  88,  52,  45, 129,  73, 121, 110, 114,  46,  70,  34,  74,   8,  56,  36,  37,  85,  57, 117, 125,  61, 135, 115,  83, 111,  51,  79,  19, 100,  72,  24, 108,   6,  68, 126,  54,  98,   4,  49,  75,  67,  55, 105, 101, 141, 122, 134,  99,  32,  97,  77, 137, 113,  81,  89,   9,  94, 131,  47, 124,  60, 136, 140,  20,  38,  42, 118, 130,  44, 144,  23,  31, 103,   2, 142, 102,   7,  48,  64,  30,  63,  15, 143,  28,  84,  43, 123,  59,  16, 128, 120,  41,  25,  33,  93,  86,  66,  90,  82,  21,  65,  29,  53, 104, 138, 106,   5,  92,  96,  76, 116,  18,  22,  58], 3990.66188084, 3990.66188084, 0., 0.        , 0.,  0.        ,  4, 48, 40.  )
 (43, [ 38,  37,  35,  34,  11,  35,  71,  26,  14, 109,  12, 112,  39,  50,  10,  78, 133,  69,  91,  87, 107,  62, 127,   3, 139,  17,   1,  13,  95, 119,  27,  80, 132,  40,  88,  52,  45, 129,  73, 121, 110, 114,  46,  70,  34,  74,   8,  56,  36,  37,  85,  57, 117, 125,  61, 135, 115,  83, 111,  51,  79,  19, 100,  72,  24, 108,   6,  68, 126,  54,  98,   4,  49,  75,  67,  55, 105, 101, 141, 122, 134,  99,  32,  97,  77, 137, 113,  81,  89,   9,  94, 131,  47, 124,  60, 136, 140,  20,  38,  42, 118, 130,  44, 144,  23,  31, 103,   2, 142, 102,   7,  48,  64,  30,  63,  15, 143,  28,  84,  43, 123,  59,  16, 128, 120,  41,  25,  33,  93,  86,  66,  90,  82,  21,  65,  29,  53, 104, 138, 106,   5,  92,  96,  76, 116,  18,  22,  58], 3990.66188084, 3990.66188084, 0., 0.        , 0.,  0.        ,  5, 47, 40.25)
 (43, [ 38,  37,  35,  34,  11,  35,  71,  26,  14, 109,  12, 112,  39,  50,  10,  78, 133,  69,  91,  87, 107,  62, 127,   3, 139,  17,   1,  13,  95, 119,  27,  80, 132,  40,  88,  52,  45, 129,  73, 121, 110, 114,  46,  70,  34,  74,   8,  56,  36,  37,  85,  57, 117, 125,  61, 135, 115,  83, 111,  51,  79,  19, 100,  72,  24, 108,   6,  68, 126,  54,  98,   4,  49,  75,  67,  55, 105, 101, 141, 122, 134,  99,  32,  97,  77, 137, 113,  81,  89,   9,  94, 131,  47, 124,  60, 136, 140,  20,  38,  42, 118, 130,  44, 144,  23,  31, 103,   2, 142, 102,   7,  48,  64,  30,  63,  15, 143,  28,  84,  43, 123,  59,  16, 128, 120,  41,  25,  33,  93,  86,  66,  90,  82,  21,  65,  29,  53, 104, 138, 106,   5,  92,  96,  76, 116,  18,  22,  58], 3990.66188084, 3990.66188084, 0., 0.        , 0.,  0.        ,  6, 46, 40.5 )
 (43, [ 38,  37,  35,  34,  11,  35,  71,  26,  14, 109,  12, 112,  39,  50,  10,  78, 133,  69,  91,  87, 107,  62, 127,   3, 139,  17,   1,  13,  95, 119,  27,  80, 132,  40,  88,  52,  45, 129,  73, 121, 110, 114,  70,  34,  74,   8,  56,  36,  46,  37,  85,  57, 117, 125,  61, 135, 115,  83, 111,  51,  79,  19, 100,  72,  24, 108,   6,  68, 126,  54,  98,   4,  49,  75,  67,  55, 105, 101, 141, 122, 134,  99,  32,  97,  77, 137, 113,  81,  89,   9,  94, 131,  47, 124,  60, 136, 140,  20,  38,  42, 118, 130,  44, 144,  23,  31, 103,   2, 142, 102,   7,  48,  64,  30,  63,  15, 143,  28,  84,  43, 123,  59,  16, 128, 120,  41,  25,  33,  93,  86,  66,  90,  82,  21,  65,  29,  53, 104, 138, 106,   5,  92,  96,  76, 116,  18,  22,  58], 3990.66188084, 3990.66188084, 0., 0.        , 0.,  0.        ,  7, 45, 40.75)
 (43, [ 38,  37,  35,  34,  11,  35,  71,  26,  14, 109,  12, 112,  39,  50,  10,  78, 133,  69,  91,  87, 107,  62, 127,   3, 139,  17,   1,  13,  95, 119,  27,  80, 132,  40,  88,  52,  45, 129,  73, 121, 110, 114,  70,  34,  74,   8,  56,  36,  46,  37,  85,  57, 117, 125,  61, 135, 115,  83, 111,  51,  79,  19, 100,  72,  24, 108,   6,  68, 126,  54,  98,   4,  49,  75,  67,  55, 105, 101, 141, 122, 134,  99,  32,  97,  77, 137, 113,  81,  89,   9,  94, 131,  47, 124,  60, 136, 140,  20,  38,  42, 118, 130,  44, 144,  23,  31, 103,   2, 142, 102,   7,  48,  64,  30,  63,  15, 143,  28,  84,  43, 123,  59,  16, 128, 120,  41,  25,  33,  93,  86,  66,  90,  82,  21,  65,  29,  53, 104, 138, 106,   5,  92,  96,  76, 116,  18,  22,  58], 3990.66188084, 3990.66188084, 0., 0.        , 0.,  0.        ,  2, 50, 39.5 )
 (43, [ 38,  37,  35,  34,  11,  35,  71,  26,  14, 109,  12, 112,  39,  50,  10,  78, 133,  69,  91,  87, 107,  62, 127,   3, 139,  17,   1,  13,  95, 119,  27,  80, 132,  40,  88,  52,  45, 129,  73, 121, 110, 114,  46,  70,  34,  74,   8,  56,  36,  37,  85,  57, 117, 125,  61, 135, 115,  83, 111,  51,  79,  19, 100,  72,  24, 108,   6,  68, 126,  54,  98,   4,  49,  75,  67,  55, 105, 101, 141, 122, 134,  99,  32,  97,  77, 137, 113,  81,  89,   9,  94, 131,  47, 124,  60, 136, 140,  20,  38,  42, 118, 130,  44, 144,  23,  31, 103,   2, 142, 102,   7,  48,  64,  30,  63,  15, 143,  28,  84,  43, 123,  59,  16, 128, 120,  41,  25,  33,  93,  86,  66,  90,  82,  21,  65,  29,  53, 104, 138, 106,   5,  92,  96,  76, 116,  18,  22,  58], 3990.66188084, 3990.66188084, 0., 0.        , 0.,  0.        ,  8, 44, 41.  )
 (43, [ 38,  37,  35,  34,  11,  35,  71,  26,  14, 109,  12, 112,  39,  50,  10,  78, 133,  69,  91,  87, 107,  62, 127,   3, 139,  17,   1,  13,  95, 119,  27,  80, 132,  40,  88,  52,  45, 129,  73, 121, 110, 114,  70,  34,  74,   8,  56,  36,  46,  37,  85,  57, 117, 125,  61, 135, 115,  83, 111,  51,  79,  19, 100,  72,  24, 108,   6,  68, 126,  54,  98,   4,  49,  75,  67,  55, 105, 101, 141, 122, 134,  99,  32,  97,  77, 137, 113,  81,  89,   9,  94, 131,  47, 124,  60, 136, 140,  20,  38,  42, 118, 130,  44, 144,  23,  31, 103,   2, 142, 102,   7,  48,  64,  30,  63,  15, 143,  28,  84,  43, 123,  59,  16, 128, 120,  41,  25,  33,  93,  86,  66,  90,  82,  21,  65,  29,  53, 104, 138, 106,   5,  92,  96,  76, 116,  18,  22,  58], 3990.66188084, 3990.66188084, 0., 0.        , 0.,  0.        ,  9, 43, 41.25)
 (43, [ 38,  37,  35,  34,  11,  35,  71,  26,  14, 109,  12, 112,  39,  50,  10,  78, 133,  69,  91,  87, 107,  62, 127,   3, 139,  17,   1,  13,  95, 119,  27,  80, 132,  40,  88,  52,  45, 129,  73, 121, 110, 114,  70,  34,  74,   8,  56,  36,  46,  37,  85,  57, 117, 125,  61, 135, 115,  83, 111,  51,  79,  19, 100,  72,  24, 108,   6,  68, 126,  54,  98,   4,  49,  75,  67,  55, 105, 101, 141, 122, 134,  99,  32,  97,  77, 137, 113,  81,  89,   9,  94, 131,  47, 124,  60, 136, 140,  20,  38,  42, 118, 130,  44, 144,  23,  31, 103,   2, 142, 102,   7,  48,  64,  30,  63,  15, 143,  28,  84,  43, 123,  59,  16, 128, 120,  41,  25,  33,  93,  86,  66,  90,  82,  21,  65,  29,  53, 104, 138, 106,   5,  92,  96,  76, 116,  18,  22,  58], 3990.66188084, 3990.66188084, 0., 0.        , 0.,  0.        , 10, 42, 41.5 )
 (43, [ 38,  37,  35,  34,  11,  35,  71,  26,  14, 109,  12, 112,  39,  50,  10,  78, 133,  69,  91,  87, 107,  62, 127,   3, 139,  17,   1,  13,  95, 119,  27,  80, 132,  40,  88,  52,  45, 129,  73, 121, 110, 114,  70,  34,  74,   8,  56,  36,  46,  37,  85,  57, 117, 125,  61, 135, 115,  83, 111,  51,  79,  19, 100,  72,  24, 108,   6,  68, 126,  54,  98,   4,  49,  75,  67,  55, 105, 101, 141, 122, 134,  99,  32,  97,  77, 137, 113,  81,  89,   9,  94, 131,  47, 124,  60, 136, 140,  20,  38,  42, 118, 130,  44, 144,  23,  31, 103,   2, 142, 102,   7,  48,  64,  30,  63,  15, 143,  28,  84,  43, 123,  59,  16, 128, 120,  41,  25,  33,  93,  86,  66,  90,  82,  21,  65,  29,  53, 104, 138, 106,   5,  92,  96,  76, 116,  18,  22,  58], 3990.66188084, 3990.66188084, 0., 0.        , 0.,  0.        , 11, 36, 38.  )
 (43, [ 38,  37,  35,  34,  11,  35,  71,  26,  14, 109,  12, 112,  39,  50,  10,  78, 133,  69,  91,  87, 107,  62, 127,   3, 139,  17,   1,  13,  95, 119,  27,  80, 132,  40,  88,  52,  45, 129,  73, 121, 110, 114,  70,  34,  74,   8,  56,  36,  46,  37,  85,  57, 117, 125,  61, 135, 115,  83, 111,  51,  79,  19, 100,  72,  24, 108,   6,  68, 126,  54,  98,   4,  49,  75,  67,  55, 105, 101, 141, 122, 134,  99,  32,  97,  77, 137, 113,  81,  89,   9,  94, 131,  47, 124,  60, 136, 140,  20,  38,  42, 118, 130,  44, 144,  23,  31, 103,   2, 142, 102,   7,  48,  64,  30,  63,  15, 143,  28,  84,  43, 123,  59,  16, 128, 120,  41,  25,  33,  93,  86,  66,  90,  82,  21,  65,  29,  53, 104, 138, 106,   5,  92,  96,  76, 116,  18,  22,  58], 3990.66188084, 3990.66188084, 0., 0.        , 0.,  0.        , 13, 39, 42.25)
 (43, [ 38,  37,  35,  34,  11,  35,  71,  26,  14, 109,  12, 112,  39,  50,  10,  78, 133,  69,  91,  87, 107,  62, 127,   3, 139,  17,   1,  13,  95, 119,  27,  80, 132,  40,  88,  52,  45, 129,  73, 121, 110, 114,  46,  70,  34,  74,   8,  56,  36,  37,  85,  57, 117, 125,  61, 135, 115,  83, 111,  51,  79,  19, 100,  72,  24, 108,   6,  68, 126,  54,  98,   4,  49,  75,  67,  55, 105, 101, 141, 122, 134,  99,  32,  97,  77, 137, 113,  81,  89,   9,  94, 131,  47, 124,  60, 136, 140,  20,  38,  42, 118, 130,  44, 144,  23,  31, 103,   2, 142, 102,   7,  48,  64,  30,  63,  15, 143,  28,  84,  43, 123,  59,  16, 128, 120,  41,  25,  33,  93,  86,  66,  90,  82,  21,  65,  29,  53, 104, 138, 106,   5,  92,  96,  76, 116,  18,  22,  58], 3990.66188084, 3990.66188084, 0., 0.        , 0.,  0.        , 14, 41, 44.75)
 (43, [ 38,  37,  35,  34,  11,  35,  71,  26,  14, 109,  12, 112,  39,  50,  10,  78, 133,  69,  91,  87, 107,  62, 127,   3, 139,  17,   1,  13,  95, 119,  27,  80, 132,  40,  88,  52,  45, 129,  73, 121, 110, 114,  46,  70,  34,  74,   8,  56,  36,  37,  85,  57, 117, 125,  61, 135, 115,  83, 111,  51,  79,  19, 100,  72,  24, 108,   6,  68, 126,  54,  98,   4,  49,  75,  67,  55, 105, 101, 141, 122, 134,  99,  32,  97,  77, 137, 113,  81,  89,   9,  94, 131,  47, 124,  60, 136, 140,  20,  38,  42, 118, 130,  44, 144,  23,  31, 103,   2, 142, 102,   7,  48,  64,  30,  63,  15, 143,  28,  84,  43, 123,  59,  16, 128, 120,  41,  25,  33,  93,  86,  66,  90,  82,  21,  65,  29,  53, 104, 138, 106,   5,  92,  96,  76, 116,  18,  22,  58], 3990.66188084, 3990.66188084, 0., 0.        , 0.,  0.        , 16, 38, 44.5 )
 (43, [ 38,  37,  35,  34,  11,  35,  71,  26,  14, 109,  12, 112,  39,  50,  10,  78, 133,  69,  91,  87, 107,  62, 127,   3, 139,  17,   1,  13,  95, 119,  27,  80, 132,  40,  88,  52,  45, 129,  73, 121, 110, 114,  46,  70,  34,  74,   8,  56,  36,  37,  85,  57, 117, 125,  61, 135, 115,  83, 111,  51,  79,  19, 100,  72,  24, 108,   6,  68, 126,  54,  98,   4,  49,  75,  67,  55, 105, 101, 141, 122, 134,  99,  32,  97,  77, 137, 113,  81,  89,   9,  94, 131,  47, 124,  60, 136, 140,  20,  38,  42, 118, 130,  44, 144,  23,  31, 103,   2, 142, 102,   7,  48,  64,  30,  63,  15, 143,  28,  84,  43, 123,  59,  16, 128, 120,  41,  25,  33,  93,  86,  66,  90,  82,  21,  65,  29,  53, 104, 138, 106,   5,  92,  96,  76, 116,  18,  22,  58], 3990.66188084, 3990.66188084, 0., 0.        , 0.,  0.        , 15, 37, 42.75)
 (43, [ 38,  37,  35,  34,  11,  35,  71,  26,  14, 109,  12, 112,  39,  50,  10,  78, 133,  69,  91,  87, 107,  62, 127,   3, 139,  17,   1,  13,  95, 119,  27,  80, 132,  40,  88,  52,  45, 129,  73, 121, 110, 114,  46,  70,  34,  74,   8,  56,  36,  37,  85,  57, 117, 125,  61, 135, 115,  83, 111,  51,  79,  19, 100,  72,  24, 108,   6,  68, 126,  54,  98,   4,  49,  75,  67,  55, 105, 101, 141, 122, 134,  99,  32,  97,  77, 137, 113,  81,  89,   9,  94, 131,  47, 124,  60, 136, 140,  20,  38,  42, 118, 130,  44, 144,  23,  31, 103,   2, 142, 102,   7,  48,  64,  30,  63,  15, 143,  28,  84,  43, 123,  59,  16, 128, 120,  41,  25,  33,  93,  86,  66,  90,  82,  21,  65,  29,  53, 104, 138, 106,   5,  92,  96,  76, 116,  18,  22,  58], 3990.66188084, 3990.66188084, 0., 0.        , 0.,  0.        , 12, 40, 42.  )
 (43, [ 38,  37,  35,  34,  11,  35,  71,  26,  14, 109,  12, 112,  39,  50,  10,  78, 133,  69,  91,  87, 107,  62, 127,   3, 139,  17,   1,  13,  95, 119,  27,  80, 132,  40,  88,  52,  45, 129,  73, 121, 110, 114,  46,  70,  34,  74,   8,  56,  36,  37,  85,  57, 117, 125,  61, 135, 115,  83, 111,  51,  79,  19, 100,  72,  24, 108,   6,  68, 126,  54,  98,   4,  49,  75,  67,  55, 105, 101, 141, 122, 134, 142,  97,  77, 137, 113,  81,  89,   9,  94, 131,  47, 124,   7,  99,  32,  48,  64, 140,   2, 136,  60,  20,  38,  42, 118, 130,  44, 144,  23,  31, 103, 102,  30,  63,  15, 143,  84,  28,  43, 123,  59,  16, 128, 120,  41,  25,  33,  93,  86,  66,  90,  82,  21,  65,  29,  53, 104, 138, 106,   5,  92,  96,  76, 116,  18,  22,  58], 4007.08360168, 4006.91265627, 0., 0.02429754, 0.,  9.33333333, 26, 20, 41.  )
 (43, [ 38,  37,  35,  34,  11,  35,  71,  26,  14, 109,  12, 112,  39,  50,  10,  78, 133,  69,  91,  87, 107,  62, 127,   3, 139,  17,   1,  13,  95, 119,  27,  80, 132,  40,  88,  52,  45, 129,  73, 121, 110, 114,  46,  70,  34,  74,   8,  56,  36,  37,  85,  57, 117, 125,  61, 135, 115,  83, 111,  51,  79,  19, 100,  72,  24, 108,   6,  68, 126,  54,  98,   4,  49,  75,  67,  55, 105, 101, 141, 122, 134,  99,  32,  97,  77, 137, 113,  81,  89,   9,  94, 131,  47, 124,   7, 142,  48,  64, 140,   2, 136,  60,  20,  38,  42, 118, 130,  44, 144,  23,  31, 103, 102,  30,  63,  15, 143,  28,  43, 123,  59,  16, 128, 120,  41,  25,  33,  93,  86,  66,  90,  82,  84,  21,  65,  29,  53, 104, 138, 106,   5,  92,  96,  76, 116,  18,  22,  58], 4018.4924007 , 4018.32145528, 0., 0.02429754, 0., 10.33333333, 17, 17, 29.75)
 (43, [ 38,  37,  35,  34,  11,  35,  71,  26,  14, 109,  12, 112,  39,  50,  10,  78, 133,  69,  91,  87, 107,  62, 127,   3, 139,  17,   1,  13,  95, 119,  27,  80, 132,  40,  88,  52,  45, 129,  73, 121, 110, 114,  70,  34,  74,   8,  56,  36,  46,  37,  85,  57, 117, 125,  61, 135, 115,  83, 111,  51,  79,  19, 100,  72,  24, 108,   6,  68, 126,  54,  98,   4,  49,  75,  67,  55, 105, 101, 141, 122, 134,  99,  32,  97,  77, 137, 113,  81,  89,   9,  94, 131,  47, 124,  60, 136, 140,  20,  38,  42, 118, 130,  44, 144,  23,  31, 103,   2, 142, 102,   7,  48,  64,  30,  63,  15, 143,  28,  84,  21, 123,  59,  16, 128, 120,  41,  25,  33,  93,  86,  66,  90,  82,  43,  65,  29,  53, 104, 138, 106,   5,  92,  96,  76, 116,  18,  22,  58], 4020.05434291, 4020.05434291, 0., 0.        , 0.,  2.66666667, 19, 34, 44.5 )
 (43, [ 38,  37,  35,  34,  11,  35,  71,  26,  14, 109,  12, 112,  39,  50,  10,  78, 133,  69,  91,  87, 107,  62, 127,   3, 139,  17,   1,  13,  95, 119,  27,  80, 132,  40,  88,  52,  45, 129,  73, 121, 110, 114,  70,  34,  74,   8,  56,  36,  46,  37,  85,  57, 117, 125,  61, 135, 115,  83, 111,  51,  79,  19, 100,  72,  24, 108,   6,  68, 126,  54,  98,   4,  49,  75,  67,  55, 105, 101, 141, 122, 134,  99,  32,  97,  77, 137, 113,  81,  89,   9,  94, 131,  47, 124,  60, 136, 140,  20,  38,  42, 118, 130,  44, 144,  23,  31, 103,   2, 142, 102,   7,  48,  64,  30,  63,  15, 143,  28,  84,  21, 123,  59,  16, 128, 120,  41,  25,  33,  93,  86,  66,  90,  82,  43,  65,  29,  53, 104, 138, 106,   5,  92,  96,  76, 116,  18,  22,  58], 4020.05434291, 4020.05434291, 0., 0.        , 0.,  2.66666667, 18, 33, 42.75)
 (43, [ 38,  37,  35,  34,  11,  35,  71,  26,  14, 109,  12, 112,  39,  50,  10,  78, 133,  69,  91,  87, 107,  62, 127,   3, 139,  17,   1,  13,  95, 119,  27,  80, 132,  40,  88,  52,  45, 129,  73, 121, 110, 114,  70,  34,  74,   8,  56,  36,  46,  37,  85,  57, 117, 125,  61, 115,  83, 111,  51,  79,  19, 100,  72,  24, 135, 108,   6,  68, 126,  54,  98,   4,  49,  75,  67,  55, 105, 101, 141, 122, 134,  99,  32,  97,  77, 137, 113,  81,  89,   9,  94, 131,  47, 124,  60, 136, 140,  20,  38,  42, 118, 130,  44, 144,  23,  31, 103,   2, 142, 102,   7,  48,  64,  30,  63,  15, 143,  28,  84,  43, 123,  59,  16, 128, 120,  41,  25,  33,  93,  86,  66,  90,  82,  21,  65,  29,  53, 104, 138, 106,   5,  92,  96,  76, 116,  18,  22,  58], 4049.99682116, 4049.99682116, 0., 0.        , 0.,  3.        , 20, 30, 42.5 )
 (43, [ 38,  37,  34,  35,  11,  35,  71,  26,  14, 109,  12, 112,  39,  50,  10,  78, 133,  69,  91,  87, 107,  62, 127,   3, 139,  17,   1,  13,  95, 119,  27,  80, 132,  40,  88,  52,  45, 129,  73, 121, 110, 114,  46,  70,  34,  74,   8,  56,  36,  37,  85,  57, 117, 125,  61, 135, 115,  83, 111,  51,  79,  19, 100,  72,  24, 108,   6,  68, 126,  54,  98,   4,  49,  75,  67,  55, 105, 101, 141, 122, 134,  99,  32,  97,  77, 137, 113,  81,  89,   9,  94, 131,  47, 124,  60, 136, 140,  20,  38,  42, 118, 130,  44, 144,  23,  31, 103,   2, 142, 102,   7,  48,  64,  30,  63,  15, 143,  28,  84,  43, 123,  59,  16, 128, 120,  41,  25,  33,  93,  86,  66,  90,  82,  21,  65,  29,  53, 104, 138, 106,   5,  92,  96,  76, 116,  18,  22,  58], 4054.14324844, 4054.14324844, 0., 0.        , 0.,  2.        , 21, 35, 47.25)
 (43, [ 38,  37,  35,  34,  11,  35,  71,  26,  14, 109,  12, 112,  39,  50,  10,  78, 133,  69,  91,  87, 107,  62, 127,   3, 139,  17,   1,  13,  95, 119,  27,  80, 132,  40,  88,  52,  45, 129,  73, 121, 110, 114,  46,  70,  34,  74,   8,  56,  36,  37,  85,  57, 117, 125,  61, 135, 115,  83, 111,  51,  79,  19, 100,  72,  24, 108,   6,  68, 126,  54,  98,   4,  49,  55,  75,  67, 105, 101, 141, 122, 134,  99,  32,  97,  77, 137, 113,  81,  89,   9,  94, 131,  47, 124,  60, 136, 140,  20,  38,  42, 118, 130,  44, 144,  23,  31, 103,   2, 142, 102,   7,  48,  64,  30,  63,  15, 143,  28,  84,  43, 123,  59,  16, 128, 120,  41,  25,  33,  93,  86,  66,  90,  82,  21,  65,  29,  53, 104, 138, 106,   5,  92,  96,  76, 116,  18,  22,  58], 4090.68002761, 4090.68002761, 0., 0.        , 0.,  3.        , 23, 32, 47.  )
 (43, [ 38,  37,  35,  34,  11,  35,  71,  26,  14, 109,  12, 112,  39,  50,  10,  78, 133,  69,  91,  87, 107,  62, 127,   3, 139,  17,   1,  13,  95, 119,  27,  80, 132,  40,  88,  52,  45, 129,  73, 121, 110, 114,  70,  34,  74,   8,  56,  36,  46,  37,  85,  57, 117, 125,  61, 135, 115,  83, 111,  51,  79,  19, 100,  72,  24, 108,   6,  68, 126,  54,  98,   4,  49,  55,  75,  67, 105, 101, 141, 122, 134,  99,  32,  97,  77, 137, 113,  81,  89,   9,  94, 131,  47, 124,  60, 136, 140,  20,  38,  42, 118, 130,  44, 144,  23,  31, 103,   2, 142, 102,   7,  48,  64,  30,  63,  15, 143,  28,  84,  43, 123,  59,  16, 128, 120,  41,  25,  33,  93,  86,  66,  90,  82,  21,  65,  29,  53, 104, 138, 106,   5,  92,  96,  76, 116,  18,  22,  58], 4090.68002761, 4090.68002761, 0., 0.        , 0.,  3.        , 22, 31, 45.25)
 (43, [ 38,  37,  35,  34,  11,  35,  71,  26,  14, 109,  12, 112,  39,  50,  10,  78, 133,  69,  91,  87, 107,  62, 127,   3, 139,  17,   1,  13,  95, 119,  27,  80, 132,  40,  88,  52,  45, 129,  73, 121, 110, 114,  70,  34,  74,   8,  56,  36,  37,  85,  57, 117, 125,  61,  46, 135, 115,  83, 111,  51,  79,  19, 100,  72,  24, 108,   6,  68, 126,  54,  98,   4,  49,  75,  67,  55, 105, 101, 141, 122, 134,   7,  97,  77, 137, 113,  81,  89,   9,  94, 142,  48,  64, 140,   2, 131,  47, 124, 136,  60,  20,  38,  42, 118, 130,  44, 144,  23,  31, 103,  99,  32, 102,  30,  63,  15, 143,  28,  43, 123,  59,  16, 128,  66, 120,  41,  25,  33,  93,  86,  90,  82,  84,  21,  65,  29,  53, 104, 138, 106,   5,  92,  96,  76, 116,  18,  22,  58], 4101.85082352, 4101.6798781 , 0., 0.02429754, 0., 11.66666667, 24, 15, 35.25)
 (43, [ 38,  37,  34,  35,  11,  35,  71,  26,  14, 109,  12, 112,  39,  50,  10,  78, 133,  69,  91,  87, 107,  62, 127,   3, 139,  17,   1,  13,  95, 119,  27,  80, 132,  40,  88,  52,  45, 129,  73, 121, 110, 114,  46,  70,  34,  74,   8,  56,  36,  37,  85,  57, 117, 125,  61, 135, 115,  83, 111,  51,  79,  19, 100,  72,  24, 108,   6,  68, 126,  54,  98,   4,  49,  75,  67,  55, 105, 101, 141, 122, 134,  99,  32,  97,  77, 137, 113,  81,  89,   9,  94, 131,  47, 124,  60, 136, 140,  20,  38,  42, 118, 130,  44, 144,  23,  31, 103,   2, 106, 102,   7,  48,  64,  30,  63,  15, 143,  28,  84,  43, 123,  59,  16, 128, 120,  41,  25,  33,  93,  86,  66,  90,  82,  21,  65,  29,  53, 104, 138, 142,   5,  92,  96,  76, 116,  18,  22,  58], 4137.63002595, 4137.63002595, 0., 0.        , 0.,  5.33333333, 25, 27, 45.25)
 (43, [ 38,  37,  35,  34,  11,  35,  71,  26,  14, 109,  12, 112,  39,  50,  10,  78, 133,  69,  91,  87, 107,  62, 127,   3, 139,  17,   1,  13,  95, 119,  27,  80, 132,  40,  88,  52,  45, 129,  73, 121, 110, 114,  70,  34,  74,   8,  56,  36,  46,  37,  85,  57, 117, 125,  61, 135, 115,  83, 111,  51,  79,  55, 100,  72,  24, 108,   6,  68, 126,  54,  98,   4,  49,  75,  67,  19, 105, 101, 141, 122, 134,  99,  32,  97,  77, 137, 113,  81,  89,   9,  94, 131,  47, 124,  60, 136, 140,  20,  38,  42, 118, 130,  44, 144,  23,  31, 103,   2, 142, 102,   7,  48,  64,  30,  63,  15, 143,  28,  84,  43, 123,  59,  16, 128, 120,  41,  25,  33,  93,  86,  90,  82,  21,  66,  65,  29,  53, 104, 138, 106,   5,  92,  96,  76, 116,  18,  22,  58], 4194.97206894, 4245.71116739, 0., 0.        , 0.,  7.        , 27, 24, 45.  )
 (43, [ 38,  37,  37,  32,  11,  35,  71,  26,  14, 109,  12, 112,  39,  50,  10, 108, 133,  69,  87,  91, 107,  62, 127,   3, 139,  17,   1,  13,  95, 119,  27,  80, 132,  40,  88,  52,  45, 129,  73, 121, 110, 114,  46,  70,  34,  74,   8,  56,  36,  37,  85,  57, 117, 125,  61, 135, 115,  83, 111,  51,  79,  19, 100,  72,  24,  78,   6,  68, 126,  54,  98,   4,  49,  75,  67,  55, 105, 101, 141, 122, 134,  99,  32,  97,  77, 137, 113,  81,  89,   9,  94, 131,  47, 124,  60, 136, 140,  20,  38,  42, 118, 130,  44, 144,  23,  31, 103,   2, 142, 102,   7,  48,  64,  30,  63,  15, 143,  28,  84,  43, 123,  59,  16, 128, 120,  41,  25,  33,  93,  86,  66,  90,  82,  21,  65,  29,  53, 104, 138, 106,   5,  92,  96,  76, 116,  18,  22,  58], 4199.74482193, 4199.74482193, 0., 0.        , 0., 11.        , 28, 16, 40.  )
 (43, [ 38,  37,  35,  34,  11,  35,  71,  26,  14, 109,  12, 112,  39,  50,  10,  78, 133,  69,  91,  87, 107,  62, 127,   3, 139,  17,   1,  13,  95, 119,  27,  80, 132,  40,  88,  52,  45, 129,  73, 121, 110, 114,  46,  70,  34,  74,   8,  56,  36,  37,  85,  57, 111, 125,  61, 135, 115,  83, 117,  51,  79,  19, 100,  72,  24, 108,   6,  68, 126,  54,  98,   4,  49,  75,  67,  55, 105, 101, 141, 122, 134,  99,  32,  97,  77, 137, 113,  81,  89,   9,  94, 131,  47, 124,  60, 136, 140,  20,  38,  42, 118, 130,  44, 144,  23,  31, 103,   2, 106, 102,   7,  48,  64,  30,  63,  15, 143,  28,  84,  43, 123,  59,  16, 128, 120,  41,  25,  33,  93,  86,  66,  90,  82,  21,  65,  29,  53, 104, 142, 138,   5,  92,  96,  76, 116,  18,  22,  58], 4221.6366011 , 4221.6366011 , 0., 0.        , 0.,  9.        , 29, 22, 45.5 )
 (43, [ 38,  37,  35,  34,  11,  35,  71,  26,  14, 109,  12, 112,  39,  50,  10,  78, 133,  69,  91,  87, 107,  62, 127,   3, 139,  17,   1,  13,  95, 119,  27,  80, 132,  40,  88,  52,  45, 129,  73, 121, 110, 114,  70,  34,  74,   8,  56,  36,  37,  85,  57, 117, 125,  61, 135, 115,  83, 111,  51,  79,  19, 100,  72,  24, 108,   6,  68, 126,  54,  46,  98,   4,  49,  75,  67,  55, 105, 101, 141, 122, 134,  99,  32,  97,  77, 137, 113,  81,  89,   9,  94, 131,  47, 124,   7, 142,  48,  64, 140,   2, 136,  60,  20,  38,  42, 118,  44, 144,  23,  31, 103, 130, 102,  30,  63,  15, 143,  28,  43, 123,  59,  16, 128, 120,  41,  25,  33,  93,  86,  66,  84,  90,  82,  21,  65,  29,  53, 104, 138, 106,   5,  92,  96,  76, 116,  18,  22,  58], 4223.50150238, 4223.33055697, 0., 0.02429754, 0.,  9.33333333, 30, 19, 44.25)
 (43, [ 38,  37,  35,  34,  11,  35,  71,  26,  14, 109,  12, 112,  39,  50,  10,  78, 133,  69,  91,  87, 107,  62, 127,   3, 139,  17,   1,  13,  95, 119,  27,  80, 132,  40,  88,  52,  45, 129,  73, 121, 110, 114,  70,  34,  74,   8,  56,  36,  46,  37,  85,  57, 117, 125,  61, 135, 115,  83, 111,  51,  79,  55, 100,  72,  24, 108,   6,  68, 126,  54,  98,   4,  49,  75,  67,  19, 105, 101, 141, 122, 134,  99,  32,  97,  77, 137, 113,  81,  89,   9,  94, 131,  47, 124,  60, 136, 140,  20,  38,  42, 118, 130,  44, 144,  23,  31, 103,   2, 142, 102,   7,  48,  64,  30,  63,  15, 143,  28,  43, 123,  59,  16, 128, 120,  84,  41,  25,  33,  93,  86,  66,  90,  82,  21,  65,  29,  53, 104, 138, 106,   5,  92,  96,  58,  76, 116,  18,  22], 4240.68064225, 4240.68064225, 0., 0.        , 0.,  6.66666667, 31, 25, 49.75)
 (43, [ 38,  37,  35,  34,  11,  35,  71,  26,  14, 109,  12, 112,  39,  50,  10,  78, 133,  69,  91,  87, 107,  62, 127,   3, 139,  17,   1,  13,  95, 119,  27,  80, 132,  40,  88,  52,  45, 129,  73, 121, 110, 114,  70,  34,  74,   8,  56,  36,  46,  37,  85,  57, 117, 125,  61, 135, 115,  83, 111,  51,  79,  55, 100,  72,  24, 108,   6,  68, 126,  54,  98,   4,  49,  75,  67,  19, 105, 101, 141, 122, 134,  99,  32,  97,  77, 137, 113,  81,  89,   9,  94, 131,  47, 124,  60, 136, 140,  20,  38,  42, 118, 130,  44, 144,  23,  31, 103,   2, 142, 102,   7,  48,  64,  30,  63,  15, 143,  28,  43, 123,  59,  16, 128, 120,  41,  25,  33,  93,  86,  66,  90,  82,  84,  21,  65,  29,  53, 104, 138, 106,   5,  92,  96,  58,  76, 116,  18,  22], 4240.68064225, 4240.68064225, 0., 0.        , 0.,  6.66666667, 32, 26, 51.5 )
 (43, [ 38,  37,  36,  33,  11,  35,  71,  26,  14, 109,  12, 112,  39,  50,  10,  78, 133,  69,  91,  87, 107,  62, 127,   3, 139,  17,   1,  13,  95, 119,  27,  80, 132,  40,  88,  52,  45, 129,  73, 121, 110, 114,  46,  70,  34,  74,   8,  56,  36,  37,  85,  57, 117, 125,  61, 135, 115,  83, 111,  51,  79,  19, 100,  72,  24, 108,   6,  68, 126,  54,  98,   4,  82,  75,  67,  55, 105, 101, 141, 122, 134,  99,  32,  97,  77, 137, 113,  81,  89,   9,  94, 131,  47, 124,  60, 136, 140,  20,  38,  42, 118, 130,  44, 144,  23,  31, 103,   2, 142, 102,   7,  48,  64,  30,  63,  15, 143,  28,  84,  21, 123,  59,  16, 128, 120,  41,  25,  33,  93,  92,  66,  90,  49,  43,  65,  29,  53, 104, 138, 106,   5,  86,  96,  76, 116,  18,  22,  58], 4241.1824748 , 4241.1824748 , 0., 0.        , 0., 13.        , 33, 11, 41.25)
 (43, [ 43,  35,  32,  34,  62, 122, 134,  99,  17, 107,  35,  26,  14, 109,  12, 112,  39,  50,  10,  78, 133,  69,  91,  87,   3, 139,  71,   1,  13,  95, 127, 119,  27,  80, 132,  40,  88,  52,  45,  73, 121, 110, 114, 129,  70,  34,  74,   8,  56,  36,  37,  85,  57,  46,  49, 125,  61, 135,  19, 115,  83, 111,  24, 108,   6,  68,  51, 126,  54,  98,   4, 117, 100,  72,  75,  67,  55, 105, 101, 141,  79,  11,  97,  77, 137, 113,  81,  89,   9,  94, 131,  47, 124,  60, 136, 140,  20,  38,  42, 118, 130,  44, 144,  32,  23,  31, 103,   2, 142, 102,   7,  48,  64,  30,  63,  15, 143,  28,  43, 123,  59,  84,  16, 128, 120,  41,  25,  33,  93,  86,  66,  90,  82,  21,  65,  29,  53, 104, 138, 106,   5,  92,  96,  76, 116,  18,  22,  58], 4262.12743187, 4262.12743187, 0., 0.        , 0., 13.        , 43, 10, 50.5 )
 (43, [ 38,  37,  35,  34,  11,  35,  71,  26,  14, 109,  12, 112,  39,  50,  10,  78, 133,  69,  91,  87, 107,  62, 127,   3, 139,  17,   1,  13,  95, 119,  27,  80, 132,  40,  88,  52,  45, 129,  73, 121, 110, 114,  70,  34,  74,   8,  56,  36,  37,  85,  57, 117, 125,  61,  46, 135, 115,  83, 111,  51,  79,  19,  82,  72,  24, 108,   6,  68, 126,  54,  98,   4,  49,  75,  67,  55, 105, 101, 141, 122, 134,   7,  97,  77, 137, 113,  81,  89,   9,  94, 142,  48,  64, 140,   2, 131,  47, 124, 136,  60,  20,  38,  42, 118, 130,  44, 144,  23,  31, 103,  99,  32, 102,  30,  63,  15, 143,  28,  43, 123,  59,  16, 128, 120,  41,  25,  33,  93,  86,  66,  90, 100,  84,  21,  65,  29,  53, 104, 138, 106,   5,  92,  96,  76, 116,  18,  22,  58], 4263.28992035, 4263.11897493, 0., 0.02429754, 0., 12.        , 34, 14, 44.5 )
 (43, [ 38,  37,  35,  34,  11,  35,  71,  26,  14, 109,  12, 112,  39,  50,  10,  78, 133,  69,  91,  87, 107,  62, 127,   3, 139,  17,   1,  13,  95, 119,  27,  80, 132,  40,  88,  52,  45, 129,  73, 121, 110, 114,  70,  34,  74,   8,  56,  36,  46,  37,  85,  57, 117, 125,  61, 135, 115,  83, 111,  51,  79,  55, 100,  72,  24, 108,   6,  68, 126,  54,  19,  98,   4,  49,  75,  67, 105, 101, 141, 122, 134,   7,  97,  77, 137, 113,  81,  89,   9,  94, 142,  48,  64, 140,   2, 131,  47, 124, 136,  60,  20,  38,  42, 118, 130,  44, 144,  23,  31, 103,  99,  32, 102,  30,  63,  15, 143,  25,  43, 123,  59,  16, 128, 120,  41,  28,  33,  93,  86,  66,  90,  82,  84,  21,  65,  29,  53, 104, 138, 106,   5,  92,  96,  76, 116,  18,  22,  58], 4273.91860235, 4273.74765694, 0., 0.02429754, 0., 16.33333333, 35,  6, 39.5 )
 (43, [ 38,  37,  35,  34,  11,  35,  71,  26,  14, 109,  12, 112,  39,  50,  10,  78, 133,  69,  91,  87, 107,  62, 127,   3, 139,  17,   1,  13,  95, 119,  27,  80, 132,  40,  88,  52,  45, 129,  73, 121, 110, 114,  70,  34,  74,   8,  56,  36,  37,  85,  57, 117, 125,  61, 135, 115,  83, 111,  51,  79,  19, 100,  72,  24, 108,   6,  68, 126,  54,  98,   4,  49,  75,  67,  55,  46, 105, 101, 141, 122, 134,  97,  77, 137,  23, 113,  81,  89,   9,  94, 142,  48,  64, 140,   2, 131,  47, 124, 136,  60,  20,  38,  42,  99,  32, 118, 130,  44, 144,  31, 103, 102,   7,  30,  63,  15, 143,  28,  84,  43, 123,  59,  16, 128, 120,  41,  25,  33,  93,  86,  66,  90,  82,  21,  18,  29,  53, 104, 138, 106,   5,  92,  96,  76, 116,  65,  22,  58], 4274.25859671, 4274.08765129, 0., 0.02429754, 0., 19.66666667, 36,  4, 39.  )
 (43, [ 38,  37,  35,  34,  11,  35,  71,  26,  14,   2,  12, 112,  39,  50,  10,  78, 133,  69,  91,  87, 107,  62, 127,   3, 139,  17,   1,  13,  95, 119,  27,  80, 132,  40,  88,  52,  45, 129,  73, 121, 110, 114,  46,  70,  34,  74,   8,  56,  36,  37,  85,  57, 117, 125,  61, 135, 115,  83, 111,  51,  79,  19, 100,  72,  24, 108,   6,  68, 126,  54,  98,   4,  49,  75,  67,  55, 105, 101, 141, 122, 134,  99,  32,  97,  77, 137, 113,  81,  89,   9,  94, 131,  47, 124,  60, 136, 140,  20,  38,  42, 118, 130,  44, 144,  23,  31, 103, 109, 142, 102,   7,  48,  64,  30,  63,  15, 143,  28,  84,  43, 123,  59,  16, 128, 120,  41,  25,  33,  93,  86,  66,  90,  82,  21,  65,  29,  53, 104, 138, 106,   5,  92,  96,  76, 116,  18,  22,  58], 4317.54737712, 4317.54737712, 0., 0.        , 0.,  4.        , 37, 29, 58.75)
 (43, [ 38,  37,  35,  34,  11,  35,  71,  26,  14, 109,  12, 112,  39,  50,  10,  78, 133,  69,  91,  87, 107,  62, 127,   3, 139,  17,   1,  13,  95, 119,  27,  80, 132,  40,  88,  52,  45, 129,  73, 121, 110, 114,  70,  34,  74,   8,  56,  36,  46,  37,  89,  57, 117, 125,  61, 135, 115,  83, 111,  51,  79,  19, 100,  72,  24, 108,   6,  68, 126,  54,  98,   4,  49,  75,  67,  55, 105, 101, 141, 122, 134,  99,  32,  97,  77, 137, 113,  81,  85,   9,  94, 131,  47, 124,  60, 136, 140,  20,  38,  42, 118, 130,  44, 144,  23,  31, 103,   2, 142, 102,   7,  48,  64,  30,  63,  15, 143,  28,  84,  43, 123,  59,  16, 128, 120,  41,  25,  33,  93,  86,  66,  90,  82,  21,  65,  29,  53, 104, 138, 106,   5,  92,  96,  76, 116,  18,  22,  58], 4395.03807557, 4395.03807557, 0., 0.        , 0.,  4.        , 38, 28, 59.  )
 (43, [ 38,  37,  35,  34,  11,  35,  71,  26,  14, 109,  12, 112,  39,  50,  10,  78, 133,  69,  91,  87, 107,  62, 127,   3, 139,  17,   1,  13,  95, 119,  27,  80, 132,  40,  88,  52,  45, 129,  73, 121, 110, 114,  70,  34,  74,   8,  56,  22,  46,  37,  85,  57, 117, 125,  61, 135, 115,  83, 111,  51,  79,  19, 100,  72,  24, 108,   6,  68, 126,  54,  98,   4,  49,  75,  67,  55, 105, 101,  36, 141, 122, 134,   7,  97,  77, 137, 113,  81,  89,   9,  94, 142,  48,  64, 140,   2, 131,  47, 124, 136,  60,  20,  38,  42,  99,  32, 118, 130,  44, 144,  23,  31, 103, 102,  30,  63,  15, 143,  28,  84,  43, 123,  59,  16, 128, 120,  41,  25,  33,  93,  86,  66,  90,  82,  21,  65,  29,  53, 104, 138, 106,   5,  92,  96,  76, 116,  18,  58], 4445.7356773 , 4445.56473189, 0., 0.02429754, 0., 16.        , 39,  7, 44.25)
 (43, [ 38,  37,  35,  34,  11,  35,  71,  26,  14, 109,  55, 112,  39,  50,  10,  78, 133,  69,  91,  87, 107,  62, 127,   3, 139,  17,   1,  13,  95, 119,  27,  80, 132,  40,  88,  52,  45, 129,  73, 121, 110, 114,  70,  34,  74,   8,  56,  36,  46,  37,  85,  57, 117, 125,  61, 135, 115,  83, 111,  51,  79,  19, 100,  72,  24, 108,   6,  68, 126,  54,  98,   4,  49,  75,  67,  12, 105, 101, 141, 122, 134,  99,  32,  97, 137, 113,  81,  89,   9,  94, 142,  48,  64, 140,   2, 131,  47, 124,  77,  60, 136,  20,  38,  42, 118, 130,  44, 144,  23,  31, 103, 102,   7,  30,  63,  15, 143,  28,  84,  21, 123,  59,  16, 128, 120,  41,  25,  33,  93,  86,  66,  90,  82,  43,  65,  29,  53, 104, 138, 106,   5,  92,  96,  76, 116,  18,  22,  58], 4486.12060858, 4485.94966317, 0., 0.02429754, 0., 16.        , 41,  8, 47.  )
 (43, [ 38,  37,  34,  35,  11,  35,  71,  26,  14, 109,  12, 112,  39,  50,  10,  78, 133,  69,  91,  87, 107,  62, 127,   3, 139,  17,   1,  13,  95, 119,  27,  80, 132,  40,  88,  52,  45, 129,  73, 121, 110, 114,  46,  70,  34,  74,   8,  56,  36,  37,  85,  57, 117, 125,  61, 135, 115,  83, 111,  51,  79,  19, 100,  72,  24, 108,   6,  68, 126,  54,  98,   4,  49,  75,  67,  55, 105, 101, 141, 122, 134,  99,  32,  97,  77, 137, 113,  81,  89,   9, 116, 131,  47, 124,  60, 136, 140,  20,  38,  42, 118, 130,  44, 144,  23,  31, 103,   2, 106, 102,   7,  48,  64,  30,  63,  15, 143,  28,  84,  43, 123,  59, 142,  16, 128, 120,  41,  25,  33,  93,  86,  66,  90,  82,  21,  65,  29,  53, 104, 138,   5,  92,  96,  76,  94,  18,  22,  58], 4499.98521426, 4499.98521426, 0., 0.        , 0.,  9.        , 42, 23, 59.25)
 (43, [ 37,  37,  36,  34,  11,  35,  71,  26,  14, 109,  12, 112,  39,  50,  10, 108, 133,  69,  87,  91, 107,  62, 127,   3, 139,  17,   1,  13,  95, 119,  27,  80, 132,  40,  88,  52,  45, 129,  73, 121, 110, 114,  70,  34,  74,   8,  56,  36,  46,  37,  85,  57, 117, 125,  61, 135, 115,  83, 111,  51,  79,  19, 100,  72,  24,  78,   6,  68, 126,  54,  98,   4,  49,  75,  67,  55, 105, 101, 141, 122, 134,  99,  32,  97,  77, 137, 113,  81,  89,   9,  94, 140,  23,  31, 103, 131,  47, 124, 136,  60,  20,  38,  42, 118, 130,  44, 144,   2, 142, 102,   7,  48,  64,  30,  63,  15, 143,  28,  84,  43, 123,  59,  16, 128, 120,  41,  25,  33,  93,  86,  66,  90,  82,  21,  65,  29,  53, 104, 138, 106,   5,  92,  96,  76, 116,  18,  22,  58], 4643.80048806, 4714.526707  , 0., 0.        , 0., 15.33333333, 44,  9, 50.75)
 (43, [ 39,  37,  35,  33,  11,  35,  71,  26,  14, 109,  12, 112,  39,  50,  10,  78, 133,  69,  91,  87, 107,  62, 127,   3, 139,  17,   1,  13,  95, 119,  27,  80, 132,  40, 137,  52,  45, 129,  73, 121, 110, 114,  46,  70,  34,  74,   8,  56,  36,  37,  85,  22,  57, 117, 125,  61, 135, 115,  83, 111,  51,  79,  19, 100,  72,  24, 108,   6,  68, 126,  54,  98,   4,  49,  75,  67,  55, 105, 101, 141, 122, 134,  99,  32,  97,  77,  88, 113,  81,  89,   9,  94, 131,  47, 124,  60, 136, 140,  20,  38,  42, 118, 130,  44, 144,  23,  31, 103,   2, 142, 102,   7,  48,  64,  30,  63,  15, 143,  28,  84,  43, 123,  59,  16, 128, 120,  41,  25,  33,  93,  86,  66,  90,  82,  21,  65,  29,  53, 104, 138, 106,   5,  92,  96,  76, 116,  18,  58], 4713.1229225 , 4713.1229225 , 0., 0.        , 0.,  9.        , 45, 21, 60.75)
 (43, [ 40,  38,  33,  33,  11,  35,  71,  26,  14, 109,  12, 112,  39,  50,  10,  78, 133,  69,  91,  87, 107,  62, 127,   3, 139,  17,   1,  13,  95, 119,  27,  80, 132,  40,  88,  52,  45, 129,  73, 121,  49, 114,  70,  34,  74,   8,  56,  36,  46,  37,  85,  57, 117, 125,  61, 135, 115,  83, 111,  51,  79,  19, 100,  72,  24, 108,   6,  68, 126,  54,  98,   4, 110,  75,  67,  55, 105, 101, 141, 122, 134,  99,  32,  97,  77, 137, 113,  81,  89,   9,  94, 131,  47, 124,  60, 136, 140,  20,  38,  42, 118, 130,  44, 144,  23,  31, 103,   2, 142, 102,   7,  48,  64,  30,  63,  15, 143,  28,  84,  43, 123,  59,  16, 128, 120,  41,  25,  33,  93,  86,  66,  90,  82,  21,  65,  29,  53, 104, 138, 106,   5,  92,  96,  76, 116,  18,  22,  58], 4814.94112859, 4814.94112859, 0., 0.        , 0., 10.        , 46, 18, 59.5 )
 (43, [ 40,  37,  32,  35,  11,  35,  71,  26,  14, 109,  12, 112,  39,  50,  10,  78, 133,  69,  91,  87, 107,  62, 127,   3, 139,  17,   1,  13,  95, 119,  27,  80, 132,  40,  88,  52,  45, 129,  73, 121, 110, 114,  46,  70,  34,  74,   8,  56,  36,  37,  85,  57, 117, 125,  61, 135, 115,  83, 111,  51,  79,  19, 100,  72,  24, 108,   6,  68, 126,  54,  98,   4,  49,  75,  67,  48, 105, 101, 141, 122, 134,  99,  32,  97,  77, 137, 113,  81,  89,   9,  94, 131,  47, 124,  60, 136, 140,  20,  38,  42, 118, 130,  44, 144,  23,  31, 103,   2, 142, 102,   7,  55,  64,  30,  63,  15, 143,  28,  84,  43, 123,  59,  16, 106, 128, 120,  41,  25,  33,  93,  86,  66,  90,  82,  21,  65,  29,  53, 104, 138,   5,  92,  96,  76, 116,  18,  22,  58], 4833.92902449, 4833.92902449, 0., 0.        , 0., 12.33333333, 47, 13, 56.75)
 (43, [ 39,  34,  35,  36,  11,  35,  71,  26,  14, 109,  12, 112,  39,  50,  10,  78, 133,  69,  91,  87, 107,  62, 127,   3, 139,  17,   1,  13,  95, 119,  27,  80, 132,  40,  88,  52,  45, 129,  73, 121, 110, 114,  70,  34,  74,   8,  56,  36,  37,  85,  57, 117, 125,  61,  46, 135, 115,  83, 111,  51,  79,  19, 100,  72,  24, 108,   6,  68, 126,  54,  98,   4,   9,  75,  67,  55, 105, 101, 141, 122, 134,   7,  97,  77, 137, 113,  81,  89,  49,  94, 142,  48,  64, 140,   2, 131,  47, 124, 136,  60,  20,  38,  42, 118, 130,  44, 144,  23,  31, 103,  99,  32, 102,  30,  63,  15, 143,  28,  43, 123,  59,  16, 128, 120,  41,  25,  33,  93,  86,  84,  66,  90,  82,  21,  65,  29,  53, 104, 138, 106,   5,  92,  96,  76, 116,  18,  22,  58], 5092.50602281, 5092.3350774 , 0., 0.02429754, 0., 18.        , 48,  5, 51.75)
 (43, [ 38,  37,  35,  34,  11,  35,  71,  26,  14, 109,  12,  39,  50,  10,  78, 133,  69,  91, 107,  62, 127,   3, 139,  17,   1,  13,  95, 119,  27,  80, 132,  40,  88,  52,  45, 129,  73, 121, 110, 114,  70,  34,   8,  56,  36,  85,  57, 117,  61, 135, 115,  83, 111,  51,  19, 108, 126,  98,   4,  49,  75,  67,  55, 105, 101, 141,  79, 113,   6,  24,  74,  37, 125,  46,  87, 112,  92,  68,  33,  97,   9,  94, 131,  47, 124,  60, 136, 140,  20,  38,  42, 118, 130,  44, 144,   2, 142,  54,  66, 137,  81,   7,  64,  89,  48,  77, 100,  72, 122, 134,  99,  32,  23,  31, 103, 102,  30,  63,  15, 143,  28,  84,  21, 123,  59,  16, 128, 120,  41,  25,  93,  86,  90,  82,  43,  65,  29,  53, 104, 138, 106,   5,  96,  76, 116,  18,  22,  58], 5754.6685204 , 5712.14264312, 0., 6.04446941, 0., 43.33333333, 49,  2, 50.5 )
 (43, [ 35,  36,  37,  36,  11,  71,  35,  80,  12,  91, 107,  26,  14,  39,  50,  10, 133,  69,  62, 114, 109,   3, 139,  27,  17,   1,  13, 132,  40,  88,  52,  45, 129,  73, 121,  95, 127,   8,  70,  34,  56,  36,  85,  93,  74,  37,  46,  87, 112,  92,  33,  57, 117, 125,  61, 135, 115,  83, 111,  51,  79,  19, 100,  72,  24, 108,   6,  68, 126,  54,  98,   4,  49,  75,  78,  55, 105, 101, 141, 122, 134,  99,  32,  97,  77, 137, 113,  81,  89,   9,  94, 131,  47, 124,  60, 136, 140,  20,  38,  42, 118, 130,  44, 144,  23,  31, 103,   2, 142, 102,   7,  48,  64,  30,  63,  66,  84,  15, 143,  28,  43, 123,  59,  16, 128, 120,  41,  25, 138,  90,  82,  86,  18,  22, 110, 119,  67,  65, 106, 104,  21,  29,  53,   5,  96,  76, 116,  58], 5991.41620555, 5987.75349828, 0., 6.04446941, 0., 60.        , 50,  1, 50.75)]