
Total Runtime in seconds: 346.1557586193085Parameters:
population_size: 50, max_generations: 150, executed generations: 149, threshold_no_improvement: 75
target feasible proportion: 12
fitness_scaling: power_rank, selection_method: n_tournaments
p_c: 0.6, p_m: 0.2, NOT YET p_education: 0.0
tournament_size: 2, n_elite: 8
survivor_selection_step: 10, p_selection_survival: 0.7
kill clone step: 5
diversify_step: 20, diversify_step: 20, p_diversify_survival: 0.3
n_closest_neighbors: 3, diversity_weight: 0.5, distance_method: broken_pairs_distance
capacity_penalty_factor: 2, duration_penalty_factor 2, time_window_penalty: 2
Best fitness all generations, best individual before/after local search: 1107.1766544951445, 1113.9537447891776 / 1113.9537447891776
Best individual found before local search: (28, [10,  9, 16, 13,  7, 41, 31, 44, 32,  9, 42, 46, 35, 37, 34, 10, 45,  6, 27,  3, 48, 11, 22, 13, 33, 20, 29,  8,  5, 16, 28,  4, 19, 14,  1, 36, 26, 18, 17, 47, 24, 12, 21, 38, 40,  2, 15, 25, 23, 30, 39, 43], 1113.95374479, 1154.22721499, 0., 0., 0., 0., 1, 50, 26.)
Best individual found after local search: (28, [10,  9, 16, 13,  7, 41, 31, 44, 32,  9, 42, 46, 35, 37, 34, 10, 45,  6, 27,  3, 48, 11, 22, 13, 33, 20, 29,  8,  5, 16, 28,  4, 19, 14,  1, 36, 26, 18, 17, 47, 24, 12, 21, 38, 40,  2, 15, 25, 23, 30, 39, 43], 1113.95374479, 1154.22721499, 0., 0., 0., 0., 1, 50, 26.)
Best feasible individual found: (28, [10,  9, 16, 13,  7, 41, 31, 44, 32,  9, 42, 46, 35, 37, 34, 10, 45,  6, 27,  3, 48, 11, 22, 13, 33, 20, 29,  8,  5, 16, 28,  4, 19, 14,  1, 36, 26, 18, 17, 47, 24, 12, 21, 38, 40,  2, 15, 25, 23, 30, 39, 43], 1113.95374479, 1154.22721499, 0., 0., 0., 0., 1, 50, 26.)

Fitness stats min: [1142.09823539 1117.46107577 1113.95374479 1113.95374479 1113.95374479
 1113.95374479 1113.95374479 1113.95374479 1113.95374479 1113.95374479
 1113.95374479 1113.95374479 1113.95374479 1113.95374479 1113.95374479
 1113.95374479 1113.95374479 1113.95374479 1113.95374479 1113.95374479
 1113.95374479 1113.95374479 1113.95374479 1113.95374479 1113.95374479
 1113.95374479 1113.95374479 1113.95374479 1113.95374479 1113.95374479
 1113.95374479 1113.95374479 1113.95374479 1113.95374479 1113.95374479
 1113.95374479 1113.95374479 1113.95374479 1113.95374479 1113.95374479
 1113.95374479 1113.95374479 1113.95374479 1113.95374479 1113.95374479
 1113.95374479 1113.95374479 1113.95374479 1113.95374479 1113.95374479
 1113.95374479 1113.95374479 1113.95374479 1113.95374479 1113.95374479
 1113.95374479 1113.95374479 1113.95374479 1113.95374479 1113.95374479
 1113.95374479 1113.95374479 1113.95374479 1113.95374479 1113.95374479
 1113.95374479 1113.95374479 1113.95374479 1113.95374479 1113.95374479
 1113.95374479 1113.95374479 1113.95374479 1113.95374479 1113.95374479
 1113.95374479 1113.95374479 1113.95374479 1113.95374479 1113.95374479
 1113.95374479 1113.95374479 1107.1766545  1107.1766545  1107.1766545
 1113.95374479 1113.95374479 1113.95374479 1113.95374479 1113.95374479
 1113.95374479 1113.95374479 1113.95374479 1113.95374479 1113.95374479
 1113.95374479 1113.95374479 1113.95374479 1113.95374479 1113.95374479
 1113.95374479 1113.95374479 1113.95374479 1113.95374479 1113.95374479
 1113.95374479 1113.95374479 1113.95374479 1113.95374479 1113.95374479
 1113.95374479 1113.95374479 1113.95374479 1113.95374479 1113.95374479
 1113.95374479 1113.95374479 1113.95374479 1113.95374479 1113.95374479
 1113.95374479 1113.95374479 1113.95374479 1113.95374479 1113.95374479
 1113.95374479 1113.95374479 1113.95374479 1113.95374479 1113.95374479
 1113.95374479 1113.95374479 1113.95374479 1113.95374479 1113.95374479
 1113.95374479 1113.95374479 1113.95374479 1113.95374479 1113.95374479
 1113.95374479 1113.95374479 1113.95374479 1113.95374479 1113.95374479
 1113.95374479 1113.95374479 1113.95374479 1113.95374479 1113.95374479] 

Fitness stats feasible min: [1142.09823539 1117.46107577 1113.95374479 1113.95374479 1113.95374479
 1113.95374479 1113.95374479 1113.95374479 1113.95374479 1113.95374479
 1113.95374479 1113.95374479 1113.95374479 1113.95374479 1113.95374479
 1113.95374479 1113.95374479 1113.95374479 1113.95374479 1113.95374479
 1113.95374479 1113.95374479 1113.95374479 1113.95374479 1113.95374479
 1113.95374479 1113.95374479 1113.95374479 1113.95374479 1113.95374479
 1113.95374479 1113.95374479 1113.95374479 1113.95374479 1113.95374479
 1113.95374479 1113.95374479 1113.95374479 1113.95374479 1113.95374479
 1113.95374479 1113.95374479 1113.95374479 1113.95374479 1113.95374479
 1113.95374479 1113.95374479 1113.95374479 1113.95374479 1113.95374479
 1113.95374479 1113.95374479 1113.95374479 1113.95374479 1113.95374479
 1113.95374479 1113.95374479 1113.95374479 1113.95374479 1113.95374479
 1113.95374479 1113.95374479 1113.95374479 1113.95374479 1113.95374479
 1113.95374479 1113.95374479 1113.95374479 1113.95374479 1113.95374479
 1113.95374479 1113.95374479 1113.95374479 1113.95374479 1113.95374479
 1113.95374479 1113.95374479 1113.95374479 1113.95374479 1113.95374479
 1113.95374479 1113.95374479 1113.95374479 1113.95374479 1113.95374479
 1113.95374479 1113.95374479 1113.95374479 1113.95374479 1113.95374479
 1113.95374479 1113.95374479 1113.95374479 1113.95374479 1113.95374479
 1113.95374479 1113.95374479 1113.95374479 1113.95374479 1113.95374479
 1113.95374479 1113.95374479 1113.95374479 1113.95374479 1113.95374479
 1113.95374479 1113.95374479 1113.95374479 1113.95374479 1113.95374479
 1113.95374479 1113.95374479 1113.95374479 1113.95374479 1113.95374479
 1113.95374479 1113.95374479 1113.95374479 1113.95374479 1113.95374479
 1113.95374479 1113.95374479 1113.95374479 1113.95374479 1113.95374479
 1113.95374479 1113.95374479 1113.95374479 1113.95374479 1113.95374479
 1113.95374479 1113.95374479 1113.95374479 1113.95374479 1113.95374479
 1113.95374479 1113.95374479 1113.95374479 1113.95374479 1113.95374479
 1113.95374479 1113.95374479 1113.95374479 1113.95374479 1113.95374479
 1113.95374479 1113.95374479 1113.95374479 1113.95374479 1113.95374479] 

Fitness stats avg: [1543.48513229 1444.89080869 1376.44242808 1367.84577414 1271.53808096
 1477.65855468 1299.67069708 1229.02834652 1221.65668143 1163.06565608
 1726.50667344 1241.97614361 1197.93499573 1198.49184761 1220.84227153
 3205.97085906 2633.10067978 2092.26338503 1592.42303823 1292.86591738
 1916.07393306 1251.87305827 1173.41401927 2395.06688443 1559.85201084
 2603.52747578 1704.83578593 1407.75073374 1307.00658946 1298.4669984
 2010.89546713 1285.20056614 1187.09757499 1145.67386955 1165.67435419
 3132.29769716 2345.53043027 1617.30751671 1333.34203763 1257.29061274
 2036.58303673 1429.60853136 1336.56816911 2505.15486562 1611.36621584
 2741.14284179 1948.0891782  1614.80343638 1403.72419784 1257.33608462
 1926.7974925  1332.26547859 1204.78043364 1171.45356284 1173.95422111
 3468.86377623 2839.77381257 2094.13694612 1479.06780809 1301.55934697
 1963.81582669 1310.00393025 1176.60809881 2062.06212684 1297.0770175
 2667.40096304 2024.3669414  1411.38969602 1247.11397501 1205.6444527
 2301.8793033  1461.50629439 1216.9657667  1244.47267301 1232.04475773
 3108.17307019 2301.47572005 1639.30608822 1369.81223929 1258.64673742
 2082.76188312 1351.22454741 1246.58149482 1247.99269623 1242.4205003
 2979.44701575 2239.4522489  1711.98426329 1445.37802511 1323.10955317
 1781.97786003 1283.4288251  1234.25387639 1204.86293593 1190.49777625
 2995.5103552  2421.34810678 1726.68210375 1368.51987552 1293.92477673
 2377.63406436 1556.88919946 1308.03289331 2334.7256125  1560.74777222
 2911.4632253  2045.20585384 1603.63291869 1414.66931113 1268.93181303
 2006.31890167 1278.80031854 1220.93929077 1160.31537187 1159.84214847
 3304.61232001 2827.3768555  2158.16582433 1663.04700856 1524.72659825
 2900.70349333 1891.99947048 1358.7562822  2297.25611741 1368.95742336
 2796.66230925 1956.4052414  1535.72190137 1319.30836194 1245.44604994
 2111.1080766  1460.90909221 1172.23378387 1136.54350759 1198.92820986
 3063.29228454 2068.3590115  1554.56440455 1335.730654   1212.17326698
 1850.40373242 1278.14019877 1227.31274205 2444.35503304 1752.76037943
 2670.03782835 1828.92274234 1477.66974881 1270.23193222 1221.82954565] 

Feasible stats: [( 0., 50.) ( 0., 50.) (41.,  9.) (41.,  9.) (44.,  6.) (44.,  6.)
 (45.,  5.) (45.,  5.) (47.,  3.) (47.,  3.) (49.,  1.) (49.,  1.)
 (48.,  2.) (48.,  2.) (47.,  3.) (47.,  3.) (18., 32.) (18., 32.)
 (29., 21.) (29., 21.) (47.,  3.) (47.,  3.) (48.,  2.) (48.,  2.)
 (30., 20.) (30., 20.) (19., 31.) (19., 31.) (43.,  7.) (43.,  7.)
 (45.,  5.) (45.,  5.) (38., 12.) (38., 12.) (47.,  3.) (47.,  3.)
 (15., 35.) (15., 35.) (33., 17.) (33., 17.) (39., 11.) (39., 11.)
 (34., 16.) (34., 16.) (26., 24.) (26., 24.) (25., 25.) (25., 25.)
 (32., 18.) (32., 18.) (48.,  2.) (48.,  2.) (45.,  5.) (45.,  5.)
 (47.,  3.) (47.,  3.) (11., 39.) (11., 39.) (27., 23.) (27., 23.)
 (43.,  7.) (43.,  7.) (47.,  3.) (47.,  3.) (30., 20.) (30., 20.)
 (19., 31.) (19., 31.) (45.,  5.) (45.,  5.) (43.,  7.) (43.,  7.)
 (38., 12.) (38., 12.) (47.,  3.) (47.,  3.) (13., 37.) (13., 37.)
 (29., 21.) (29., 21.) (47.,  3.) (47.,  3.) (40., 10.) (40., 10.)
 (43.,  7.) (43.,  7.) (23., 27.) (23., 27.) (33., 17.) (33., 17.)
 (37., 13.) (37., 13.) (47.,  3.) (47.,  3.) (46.,  4.) (46.,  4.)
 (17., 33.) (17., 33.) (26., 24.) (26., 24.) (42.,  8.) (42.,  8.)
 (38., 12.) (38., 12.) (33., 17.) (33., 17.) (15., 35.) (15., 35.)
 (30., 20.) (30., 20.) (40., 10.) (40., 10.) (45.,  5.) (45.,  5.)
 (48.,  2.) (48.,  2.) (13., 37.) (13., 37.) (25., 25.) (25., 25.)
 (37., 13.) (37., 13.) (29., 21.) (29., 21.) (25., 25.) (25., 25.)
 (20., 30.) (20., 30.) (37., 13.) (37., 13.) (45.,  5.) (45.,  5.)
 (38., 12.) (38., 12.) (48.,  2.) (48.,  2.) (23., 27.) (23., 27.)
 (32., 18.) (32., 18.) (46.,  4.) (46.,  4.) (46.,  4.) (46.,  4.)
 (26., 24.) (26., 24.) (22., 28.) (22., 28.) (38., 12.) (38., 12.)] 
Solution Description: 
p: [  0.          17.53554117  47.19996294  62.30053615  65.88026605
  65.92539359 100.47267296 150.80322505 212.26822432 213.37332578
 215.62221757   0.          18.67738622  22.23054736  33.40380365
  72.71470479  99.27498465 114.28869404 123.44296878 125.30870097
 149.7330236    0.         129.13692659 144.70329008 144.97023529
 160.79726676 178.6100311  184.24699532 184.42340811 213.98183953
 246.7060168  330.58263524 331.04308817 340.60973722 380.88320742
 406.23780655 436.41090846 488.5822693    0.          45.72329507
  52.53455008  63.51155902  77.20165447  89.86625057 124.51415848
 135.02517232 172.9519645  186.90219551 196.06758318 205.5602204
 231.71405951 260.01623432] 
pred: [ 0  0  0  0  0  0  5  5  5  5  5  0  0  0  0  0  0  0  0  0  8  0  0  0
  0  0  0  0  0  7  7  7  7  7  7 12 12 12  0  0  0  0  0  0  0  6  6  6
  6  6 11 11] 
distance [  0.          17.53554117  47.19996294  62.30053615  65.88026605
  65.92539359  34.54727937  84.87783147 146.34283074 147.44793219
 149.69682399   0.          18.67738622  22.23054736  33.40380365
  72.71470479  99.27498465 114.28869404 123.44296878 125.30870097
  24.42432263   0.         129.13692659 144.70329008 144.97023529
 160.79726676 178.6100311  184.24699532 184.42340811  29.55843142
  62.28260869 146.15922713 146.61968006 156.18632911 196.45979931
  65.62806933  95.80117124 147.97253208   0.          45.72329507
  52.53455008  63.51155902  77.20165447  89.86625057 124.51415848
  10.51101384  48.43780602  62.38803703  71.55342471  81.04606192
  26.15383911  54.45601392]
load: [  0  13  21  31  34  50  13  35  54  68  79   0  22  40  65  70  86 102
 112 119  21   0   9  28  44  64  84  96 121   9  14  17  26  38  48  16
  33  38   0  21  40  46  71  86 101   8  12  26  40  53  13  37] 
time: [  0.         170.         203.         228.39224704 244.56663558
 456.          80.         115.34683757 171.22731303 252.33358633
 322.           0.         182.         195.18455016 202.9955528
 231.80134413 398.         440.23624841 473.3964008  510.10459224
 371.           0.         108.         140.15799758 192.
 220.52726534 237.7678084  317.         446.         257.
 279.90630276 345.84518954 414.06688705 441.06764997 477.83410975
 357.24520703 434.         475.95303324   0.         115.
 308.         325.46934669 414.         443.         485.92676098
 121.         226.         329.         378.         422.56770213
 207.         459.        ] 
time warps: [0 0 0 0 0 0 0 0 0 0 0 0 0 0 0 0 0 0 0 0 0 0 0 0 0 0 0 0 0 0 0 0 0 0 0 0 0
 0 0 0 0 0 0 0 0 0 0 0 0 0 0 0] 
duration: [  0.          23.53554117  73.83796245  95.93853566 103.51826556
 311.61049336  41.54727937 116.87783147 195.34283074 200.44793219
 269.41539141   0.          24.67738622  29.23054736  49.40380365
 105.71470479 284.97668402 320.99039341 347.14466815 353.01040033
  47.42432263   0.         131.13692659 167.70329008 193.01987139
 216.84690286 239.6596672  311.29741782 426.10281899  35.55843142
  92.28260869 189.15922713 205.61968006 217.18632911 270.45979931
  80.62806933 184.45345617 239.62481701   0.          55.72329507
 251.32425496 272.3012639  360.05582284 403.26861412 455.91652202
  17.51101384 155.03431469 244.72426381 305.6796988  325.17233601
  48.15383911 315.00222923]

All individuals: [(28, [10,  9, 16, 13,  7, 41, 31, 44, 32,  9, 42, 46, 35, 37, 34, 10, 45,  6, 27,  3, 48, 11, 22, 13, 33, 20, 29,  8,  5, 16, 28,  4, 19, 14,  1, 36, 26, 18, 17, 47, 24, 12, 21, 38, 40,  2, 15, 25, 23, 30, 39, 43], 1113.95374479, 1154.22721499, 0.,  0.        , 0.,  0.        ,  1, 50, 26. )
 (28, [10,  9, 16, 13,  7, 41, 31, 44, 32,  9, 42, 46, 35, 37, 34, 10, 45,  6, 27,  3, 48, 11, 22, 13, 33, 20, 29,  8,  5, 16, 28,  4, 19, 14,  1, 36, 26, 18, 17, 47, 24, 12, 21, 38, 40,  2, 15, 25, 23, 30, 39, 43], 1113.95374479, 1154.22721499, 0.,  0.        , 0.,  0.        ,  9, 41, 29.5)
 (28, [10,  9, 16, 13,  7, 41, 31, 44, 32,  9, 42, 46, 35, 37, 34, 10, 45,  6, 27,  3, 48, 11, 22, 13, 33, 20, 29,  8,  5, 16, 28,  4, 19, 14,  1, 36, 26, 18, 17, 47, 24, 12, 21, 38, 40,  2, 15, 25, 23, 30, 39, 43], 1113.95374479, 1154.22721499, 0.,  0.        , 0.,  0.        , 11, 40, 31. )
 (28, [10,  9, 16, 13,  7, 41, 31, 44, 32,  9, 42, 46, 35, 37, 34, 10, 45,  6, 27,  3, 48, 11, 22, 13, 33, 20, 29,  8,  5, 16, 28,  4, 19, 14,  1, 36, 26, 18, 17, 47, 24, 12, 21, 38, 40,  2, 15, 25, 23, 30, 39, 43], 1113.95374479, 1154.22721499, 0.,  0.        , 0.,  0.        , 12, 39, 31.5)
 (28, [10,  9, 16, 13,  7, 41, 31, 44, 32,  9, 42, 46, 35, 37, 34, 10, 45,  6, 27,  3, 48, 11, 22, 13, 33, 20, 29,  8,  5, 16, 28,  4, 19, 14,  1, 36, 26, 18, 17, 47, 24, 12, 21, 38, 40,  2, 15, 25, 23, 30, 39, 43], 1113.95374479, 1154.22721499, 0.,  0.        , 0.,  0.        , 14, 38, 33. )
 (28, [10,  9, 16, 13,  7, 41, 31, 44, 32,  9, 42, 46, 35, 37, 34, 10, 45,  6, 27,  3, 48, 11, 22, 13, 33, 20, 29,  8,  5, 16, 28,  4, 19, 14,  1, 36, 26, 18, 17, 47, 24, 12, 21, 38, 40,  2, 15, 25, 23, 30, 39, 43], 1113.95374479, 1154.22721499, 0.,  0.        , 0.,  0.        , 15, 37, 33.5)
 (28, [10,  9, 16, 13,  7, 41, 31, 44, 32,  9, 42, 46, 35, 37, 34, 10, 45,  6, 27,  3, 48, 11, 22, 13, 33, 20, 29,  8,  5, 16, 28,  4, 19, 14,  1, 36, 26, 18, 17, 47, 24, 12, 21, 38, 40,  2, 15, 25, 23, 30, 39, 43], 1113.95374479, 1154.22721499, 0.,  0.        , 0.,  0.        , 16, 36, 34. )
 (28, [10,  9, 16, 13,  7, 41, 31, 44, 32,  9, 42, 46, 35, 37, 34, 10, 45,  6, 27,  3, 48, 11, 22, 13, 33, 20, 29,  8,  5, 16, 28,  4, 19, 14,  1, 36, 26, 18, 17, 47, 24, 12, 21, 38, 40,  2, 15, 25, 23, 30, 39, 43], 1113.95374479, 1154.22721499, 0.,  0.        , 0.,  0.        , 17, 35, 34.5)
 (28, [10,  9, 16, 13,  7, 41, 31, 44, 32,  9, 42, 46, 35, 37, 34, 10, 45,  6, 27,  3, 48, 11, 22, 13, 33, 20, 29,  8,  5, 16, 28,  4, 19, 14,  1, 36, 26, 18, 17, 47, 24, 12, 21, 38, 40,  2, 15, 25, 23, 30, 39, 43], 1113.95374479, 1154.22721499, 0.,  0.        , 0.,  0.        , 18, 34, 35. )
 (28, [10,  9, 16, 13,  7, 41, 31, 44, 32,  9, 42, 46, 35, 37, 34, 10, 45,  6, 27,  3, 48, 11, 22, 13, 33, 20, 29,  8,  5, 16, 28,  4, 19, 14,  1, 36, 26, 18, 17, 47, 24, 12, 21, 38, 40,  2, 15, 25, 23, 30, 39, 43], 1113.95374479, 1154.22721499, 0.,  0.        , 0.,  0.        , 20, 32, 36. )
 (28, [10,  9, 16, 13,  7, 41, 31, 44, 32,  9, 42, 46, 35, 37, 34, 10, 45,  6, 27,  3, 48, 11, 22, 13, 33, 20, 29,  8,  5, 16, 28,  4, 19, 14,  1, 36, 26, 18, 17, 47, 24, 12, 21, 38, 40,  2, 15, 25, 23, 30, 39, 43], 1113.95374479, 1154.22721499, 0.,  0.        , 0.,  0.        , 21, 31, 36.5)
 (35, [11, 10, 15, 12, 11, 33, 45, 18, 32, 39, 16, 31, 35, 13, 36,  9,  5, 23, 46, 42, 28,  2, 48, 15, 47,  8, 26,  3, 19, 38, 44,  7, 43, 27, 30, 20, 10, 25, 34, 40, 37,  4, 24, 12, 21, 41, 29,  1, 22, 14,  6, 17], 1113.95374479, 1154.22721499, 0.,  0.        , 0.,  0.        , 11, 40, 31. )
 (36, [10, 18, 12,  8,  1, 18, 47, 48, 41, 40, 16, 12,  3, 20, 35, 31, 34, 32, 42, 27, 43, 10, 29, 44, 13, 26, 46,  8, 21, 17,  5, 28, 15, 38, 14, 19, 37, 24, 33,  6,  9, 23, 11,  4,  2, 22, 25, 39, 45, 30, 36,  7], 1113.95374479, 1154.22721499, 0.,  0.        , 0.,  0.        , 12, 39, 31.5)
 (37, [11, 13, 13, 11,  8, 31,  2, 46, 34, 21, 26,  1, 45, 16, 29, 37, 35, 38,  7, 24, 36, 39,  4,  6, 11, 20, 15, 28, 19, 10, 23, 30, 22, 33, 27, 18, 47,  5, 12, 42, 43, 40, 25, 48,  3, 32, 17, 13, 14, 44,  9, 41], 1113.95374479, 1154.22721499, 0.,  0.        , 0.,  3.        , 13, 15, 20.5)
 (38, [13, 13, 11, 11,  7, 48,  9,  3, 11, 23,  2, 35, 41, 20, 26, 22, 10, 25, 37, 36, 33, 47, 24,  1, 40, 38, 44, 14, 12, 32, 28, 21,  8, 31, 30,  6, 29, 27, 18,  5, 42, 39, 16, 46,  4, 17, 34, 13, 45, 15, 43, 19], 1113.95374479, 1154.22721499, 0.,  0.        , 0.,  0.        , 14, 38, 33. )
 (40, [12, 13, 11, 12,  1, 10, 18, 36, 47, 17, 29,  2, 44, 30, 43, 12,  8, 22, 35, 46, 40,  9, 27, 21, 24, 38, 20, 16,  4, 19, 32,  6,  5, 13, 34, 37, 28, 42, 33, 45, 31, 25, 41,  3, 26, 48, 23, 39,  7, 11, 14, 15], 1113.95374479, 1154.22721499, 0.,  0.        , 0.,  0.        , 15, 37, 33.5)
 (28, [10,  9, 16, 13,  7, 41, 31, 44, 32,  9, 42, 46, 35, 37, 34, 10, 45,  6, 27,  3, 48, 11, 22, 13, 33, 20, 29,  8,  5, 16, 28,  4, 19, 14,  1, 36, 26, 18, 17, 47, 24, 12, 21, 38, 40,  2, 15, 25, 23, 30, 39, 43], 1113.95374479, 1154.22721499, 0.,  0.        , 0.,  0.        ,  1, 50, 26. )
 (43, [12, 12, 12, 12, 42, 12, 48, 37, 21, 36, 47, 31,  4, 18, 25,  5,  2, 14, 16, 22,  8, 29,  9, 38,  7, 28, 15, 10, 13, 43, 34, 23, 45, 30, 41, 20, 40, 35, 32,  6, 46, 44, 26, 24, 17,  3,  1, 19, 27, 33, 11, 39], 1113.95374479, 1154.22721499, 0.,  0.        , 0.,  0.        , 16, 36, 34. )
 (44, [11, 11, 16, 10, 38, 15, 26, 30, 47, 18, 20, 19,  5, 23, 12, 36, 14, 32, 29, 17,  2, 44, 41, 22, 25, 16, 10,  4, 35, 13, 39, 37, 42, 11,  3,  7,  9, 31,  1, 46,  6, 45, 28, 43, 33, 48,  8, 24, 27, 34, 21, 40], 1113.95374479, 1154.22721499, 0.,  0.        , 0.,  0.        , 17, 35, 34.5)
 (47, [11, 13, 11, 13, 14,  9, 12,  7, 28, 36, 41, 16,  3, 19,  4, 34, 29, 33,  5, 13, 25,  2, 46, 27, 35, 45, 40, 26, 39, 23, 11, 24,  1, 18, 15, 38, 43, 42, 30, 17,  6, 31, 22, 48,  8, 44, 21, 10, 47, 20, 37, 32], 1113.95374479, 1154.22721499, 0.,  0.        , 0.,  0.        , 18, 34, 35. )
 (48, [11, 12, 12, 13, 29, 19, 43, 46, 40, 45, 26, 48, 37,  2, 23, 41,  7, 22, 47,  5, 28, 44, 33, 18, 10, 15, 34, 13, 30,  8, 32, 36, 12,  3, 11, 31, 24, 16,  6,  4,  1, 39, 14, 35, 27, 17, 25,  9, 21, 20, 38, 42], 1113.95374479, 1154.22721499, 0.,  0.        , 0.,  0.        ,  3, 48, 27. )
 (28, [10,  9, 16, 13,  7, 41, 31, 44, 32,  9, 42, 46, 35, 37, 34, 10, 45,  6, 27,  3, 48, 11, 22, 13, 33, 20, 29,  8,  5, 16, 28,  4, 19, 14,  1, 36, 26, 18, 17, 47, 24, 12, 21, 38, 40,  2, 15, 25, 23, 30, 39, 43], 1113.95374479, 1154.22721499, 0.,  0.        , 0.,  0.        ,  7, 44, 29. )
 (28, [10,  9, 16, 13,  7, 41, 31, 44, 32,  9, 42, 46, 35, 37, 34, 10, 45,  6, 27,  3, 48, 11, 22, 13, 33, 20, 29,  8,  5, 16, 28,  4, 19, 14,  1, 36, 26, 18, 17, 47, 24, 12, 21, 38, 40,  2, 15, 25, 23, 30, 39, 43], 1113.95374479, 1154.22721499, 0.,  0.        , 0.,  0.        ,  8, 43, 29.5)
 (28, [10,  9, 16, 13,  7, 41, 31, 44, 32,  9, 42, 46, 35, 37, 34, 10, 45,  6, 27,  3, 48, 11, 22, 13, 33, 20, 29,  8,  5, 16, 28,  4, 19, 14,  1, 36, 26, 18, 17, 47, 24, 12, 21, 38, 40,  2, 15, 25, 23, 30, 39, 43], 1113.95374479, 1154.22721499, 0.,  0.        , 0.,  0.        ,  5, 46, 28. )
 (28, [10,  9, 16, 13,  7, 41, 31, 44, 32,  9, 42, 46, 35, 37, 34, 10, 45,  6, 27,  3, 48, 11, 22, 13, 33, 20, 29,  8,  5, 16, 28,  4, 19, 14,  1, 36, 26, 18, 17, 47, 24, 12, 21, 38, 40,  2, 15, 25, 23, 30, 39, 43], 1113.95374479, 1154.22721499, 0.,  0.        , 0.,  0.        ,  4, 47, 27.5)
 (28, [10,  9, 16, 13,  7, 41, 31, 44, 32,  9, 42, 46, 35, 37, 34, 10, 45,  6, 27,  3, 48, 11, 22, 13, 33, 20, 29,  8,  5, 16, 28,  4, 19, 14,  1, 36, 26, 18, 17, 47, 24, 12, 21, 38, 40,  2, 15, 25, 23, 30, 39, 43], 1113.95374479, 1154.22721499, 0.,  0.        , 0.,  0.        ,  3, 48, 27. )
 (28, [10,  9, 16, 13,  7, 41, 31, 44, 32,  9, 42, 46, 35, 37, 34, 10, 45,  6, 27,  3, 48, 11, 22, 13, 33, 20, 29,  8,  5, 16, 28,  4, 19, 14,  1, 36, 26, 18, 17, 47, 24, 12, 21, 38, 40,  2, 15, 25, 23, 30, 39, 43], 1113.95374479, 1154.22721499, 0.,  0.        , 0.,  0.        , 10, 33, 26.5)
 (28, [10,  9, 16, 13,  7, 41, 31, 44, 32,  9, 42, 46, 35, 37, 34, 10, 45,  6, 27,  3, 48, 11, 22, 13, 33, 20, 29,  8,  5, 16, 28,  4, 19, 14,  1, 36, 26, 18, 17, 47, 24, 12, 21, 38, 40,  2, 15, 25, 23, 30, 39, 43], 1113.95374479, 1154.22721499, 0.,  0.        , 0.,  0.        ,  2, 49, 26.5)
 (28, [10,  9, 16, 13,  7, 41, 31, 44, 32,  9, 42, 46, 35, 37, 22, 34, 10, 45,  6, 27,  3, 48, 11, 13, 33, 20, 29,  8,  5, 16, 28,  4, 19, 14,  1, 36, 26, 18, 17, 47, 24, 12, 21, 38, 40,  2, 15, 25, 23, 30, 39, 43], 1113.95374479, 1154.22721499, 0.,  0.        , 0.,  3.        , 13, 15, 20.5)
 (28, [10,  9, 16, 13,  7, 41, 31, 44, 32,  9, 42, 46, 35, 37, 34, 10, 45,  6, 27,  3, 48, 11, 22, 13, 33, 20, 29,  8,  5, 16, 28,  4, 19, 14,  1, 36, 26, 18, 17, 47, 24, 12, 21, 38, 40,  2, 15, 25, 23, 30, 39, 43], 1113.95374479, 1154.22721499, 0.,  0.        , 0.,  0.        ,  6, 45, 28.5)
 (46, [12, 15, 11, 10, 16, 14, 23, 38, 29,  4,  5,  3, 42, 41, 31, 37, 13, 19, 20, 22, 43, 12, 26, 47,  9, 48, 45, 18, 30, 15, 46, 40, 10, 35,  2, 11, 27,  8, 44,  6, 25, 32, 28, 39, 17, 34, 36,  7, 24, 21, 33,  1], 1162.82461796, 1203.09808817, 0.,  0.        , 0.,  8.33333333, 34,  8, 38. )
 (46, [12, 15, 11, 10, 16, 14, 23, 38, 29,  4,  5,  3, 42, 41, 31, 37, 13, 19, 20, 22, 43, 12, 26, 47,  9, 48, 45, 18, 30, 15, 46, 40, 10, 35,  2, 11, 27,  8, 44,  6, 25, 32, 28, 39, 17, 34, 36,  7, 24, 21, 33,  1], 1162.82461796, 1203.09808817, 0.,  0.        , 0.,  8.33333333, 34,  8, 38. )
 (28, [10,  9, 16, 13,  7, 41, 31, 44, 32,  9, 42, 46, 35, 37, 34, 10, 45,  6, 27,  3, 48, 11, 22, 13, 33, 20, 29,  8,  5, 16, 28,  4, 19, 14,  1, 36, 26, 18, 17, 47, 24, 38, 21, 12, 40,  2, 15, 25, 23, 30, 39, 43], 1185.25278507, 1225.52625527, 0.,  0.        , 0.,  4.        , 35, 11, 40.5)
 (45, [11, 14, 12, 11, 17, 30, 45, 16, 12, 46, 26, 43, 37, 21, 36,  6,  7, 23, 13,  9,  5, 19, 10, 22, 27, 40, 32,  4,  3, 29, 25, 39, 42, 34, 14,  2, 15, 20,  1, 33, 47, 41, 24,  8, 18, 44, 38, 31, 28, 35, 11, 48], 1216.13938042, 1256.41285062, 0.,  0.        , 0.,  1.66666667, 36, 18, 45. )
 (28, [10,  9, 16, 13,  7, 41, 31, 44, 32,  9, 42, 46, 35, 37, 34, 27,  6, 45, 10,  3, 48, 11, 22, 13, 33, 20, 29,  8,  5, 16, 28,  4, 19, 14,  1, 36, 26, 18, 17, 47, 24, 12, 21, 38, 40,  2, 15, 25, 23, 30, 39, 43], 1216.13938042, 1256.41285062, 0.,  0.        , 0.,  1.66666667, 37, 17, 45.5)
 (28, [10,  9, 16, 13,  7, 41, 31, 44, 32,  9, 42, 46, 35, 37, 34, 10, 45,  6, 27,  3, 48, 11, 22, 26, 33, 20, 29,  8,  5, 16, 28,  4, 19, 14,  1, 36, 13, 18, 17, 47, 24, 12, 21, 38, 40,  2, 15, 25, 23, 30, 39, 43], 1224.01253336, 1224.01253336, 0.,  0.        , 0.,  4.        , 39, 14, 46. )
 (28, [10,  9, 16, 13,  7, 41, 28, 31, 44, 32,  9, 42, 46, 35, 34, 37, 10, 45,  6, 27,  3, 48, 11, 13, 33, 20, 29,  8,  5, 16,  4, 19, 22, 36, 14,  1, 26, 18, 17, 47, 24, 12, 21, 38, 40,  2, 15, 25, 23, 30, 39, 43], 1241.46090055, 1241.46090055, 0.,  0.        , 0.,  9.33333333, 40,  6, 43. )
 (28, [10,  9, 16, 13,  7, 41, 31, 44, 32,  9, 42, 46, 35, 37, 39, 34, 10, 45,  6, 48, 27, 11, 22, 13, 33, 20, 29,  8,  5, 16, 28,  4, 19, 14,  1, 36, 26, 18, 17, 47, 24, 12, 21, 38, 40, 15, 25, 23, 30,  2,  3, 43], 1346.58429369, 1386.8577639 , 0.,  0.        , 0.,  4.        , 41, 12, 47. )
 (49, [13, 12, 12, 11, 34, 18, 22, 44,  2, 17,  8, 13, 35,  4, 28, 11, 47, 21, 36, 46, 10, 32, 29,  5, 30, 45,  6, 26, 38, 43, 20,  9, 37, 16,  3, 24,  1, 25, 41, 15, 19, 14, 48, 27, 40, 42, 33, 31, 39, 23, 12,  7], 1389.92117206, 1389.92117206, 0.,  0.        , 0.,  9.        , 42,  7, 45.5)
 (49, [13, 12, 12, 11, 34, 18, 22, 44,  2, 17,  8, 13, 35,  4, 28, 11, 47, 21, 36, 46, 10, 32, 29,  5, 30, 45,  6, 26, 38, 43, 20,  9, 37, 16,  3, 24,  1, 25, 41, 15, 19, 14, 48, 27, 40, 42, 33, 31, 39, 23, 12,  7], 1389.92117206, 1389.92117206, 0.,  0.        , 0.,  9.        , 42,  7, 45.5)
 (28, [ 8,  8, 16, 16,  7, 41, 31, 44, 32,  9, 42, 46, 35, 37, 34, 10, 45,  6, 27,  3, 48, 11, 22, 13, 33, 20, 29,  8,  5, 16, 28,  4, 19, 14,  1, 36, 26, 18, 17, 47, 24, 12, 21, 38, 40,  2, 15, 25, 23, 30, 39, 43], 1393.85215486, 1362.71493029, 0., 15.56861228, 0.,  6.        , 43,  9, 47.5)
 (39, [11, 11, 15, 11, 10, 16,  5,  1, 14, 17, 19, 32, 23, 11, 41, 38, 12, 27, 35, 36,  4,  2, 39, 46, 28, 33, 22, 45, 43, 48, 26, 40, 29, 42, 18, 25,  8,  9, 15, 20,  7, 30, 44,  3, 21, 34,  6, 24, 47, 13, 31, 37], 1403.22614734, 1403.22614734, 0.,  0.        , 0., 11.        , 44,  5, 46.5)
 (39, [11, 11, 15, 11, 10, 16,  5,  1, 14, 17, 19, 32, 23, 11, 41, 38, 12, 27, 35, 36,  4,  2, 39, 46, 28, 33, 22, 45, 43, 48, 26, 40, 29, 42, 18, 25,  8,  9, 15, 20,  7, 30, 44,  3, 21, 34,  6, 24, 47, 13, 31, 37], 1403.22614734, 1403.22614734, 0.,  0.        , 0., 11.        , 44,  5, 46.5)
 (42, [11, 10, 11, 16, 27, 24, 29, 12, 39, 48, 37,  4,  1,  7,  2, 34, 41, 45, 20, 14, 18, 10, 23,  3, 35, 44,  8, 21, 31, 30, 42,  6, 16, 26,  9, 19, 17, 43, 47, 11, 46, 40, 32, 22, 25,  5, 13, 38, 36, 28, 33, 15], 1439.19975823, 1479.47322843, 0.,  0.        , 0.,  5.        , 45, 10, 50. )
 (41, [11, 14, 11, 12, 46,  3,  5,  2, 31, 33, 11, 10, 16, 36, 48, 41, 18, 12, 19,  6, 39, 45, 24, 17, 44, 13, 15,  4,  8, 34, 21, 20, 38, 30,  1, 28, 43, 32, 47, 42, 37, 23, 27, 26, 29, 35, 40, 22,  7, 25, 14,  9], 1489.73779354, 1530.01126375, 0.,  0.        , 0.,  4.        , 46, 13, 52.5)
 (41, [11, 14, 11, 12, 46,  3,  5,  2, 31, 33, 11, 10, 16, 36, 48, 41, 18, 12, 19,  6, 39, 45, 24, 17, 44, 13, 15,  4,  8, 34, 21, 20, 38, 30,  1, 28, 43, 32, 47, 42, 37, 23, 27, 26, 29, 35, 40, 22,  7, 25, 14,  9], 1489.73779354, 1530.01126375, 0.,  0.        , 0.,  4.        , 46, 13, 52.5)
 (28, [10,  9, 16, 13,  7, 41, 31, 44, 32,  9, 42, 46, 35, 37, 34,  6, 27, 45, 10, 47, 26, 18, 17, 13, 33, 20,  1,  4, 19, 14, 28, 29,  8,  5, 16, 36, 22, 48, 11, 39,  3, 43, 24, 12, 21, 38, 40,  2, 15, 25, 23, 30], 1595.56151372, 1637.90510915, 0.,  0.        , 0., 15.        , 49,  4, 51. )
 (28, [ 8, 11, 16, 13,  7, 41, 31, 44, 32,  9, 42, 46, 35, 37, 34, 10, 45,  6, 27,  3, 48, 11, 17, 18, 26, 36,  1, 14, 19,  4, 28, 16,  5,  8, 29, 20, 33, 13, 22, 47, 24, 12, 21, 38, 40,  2, 15, 25, 23, 30, 39, 43], 1696.4075421 , 1721.66826508, 0.,  6.2314052 , 0., 17.66666667, 47,  3, 48.5)
 (28, [ 9, 13, 16, 10, 48,  3, 27,  6, 45, 10, 34, 37, 35, 46, 42,  9, 32, 44, 31, 41,  7, 11, 22, 13, 33, 20, 29,  8,  5, 16, 28,  4, 19, 14,  1, 36, 26, 18, 17, 47, 24, 12, 21, 38, 40,  2, 15, 25, 23, 30, 39, 43], 1715.84057476, 1742.88045703, 0.,  6.61679397, 0., 22.        , 48,  1, 48.5)
 (28, [10,  9, 16, 13,  7, 41, 31, 44, 32,  9, 12, 24, 47, 17, 18, 26, 36,  1, 14, 19,  4, 28, 16,  5,  8, 29, 20, 33, 13, 22, 11, 48,  3, 27,  6, 45, 10, 34, 37, 35, 46, 42, 21, 38, 40,  2, 15, 25, 23, 30, 39, 43], 2398.70377578, 2523.10617377, 0., 52.03567269, 0., 21.33333333, 50,  2, 51. )]