
Total Runtime in seconds: 248.68118286132812Parameters:
population_size: 100, max_generations: 1000, executed generations: 1000, threshold_no_improvement: 500
target feasible proportion: 25
fitness_scaling: power_rank, selection_method: n_tournaments
p_c: 0.9, p_m: 0.25
tournament_size: 2, n_elite: 10
survivor_selection_step: 200, p_selection_survival: 0.7
kill clone step: 100
diversify_step: 300, diversify_step: 300, p_diversify_survival: 0.3
n_closest_neighbors: 3, diversity_weight: 0.5, distance_method: broken_pairs_distance
capacity_penalty_factor: 2, duration_penalty_factor 2, time_window_penalty: 2
Best fitness all generations, best individual before/after local search: 1293.7623538093449, 1293.7623538093449 / 1293.7623538093449
Best individual found before local search: (44, [12,  8, 17, 11,  7, 14, 28, 42, 46, 43, 35,  9, 44, 32, 34, 37, 45,  6, 27,  3, 48, 11, 10, 22, 41, 31,  2, 25, 26, 23, 36, 33, 20, 13,  8, 29,  5, 16,  4, 19,  1, 39, 30, 47, 24, 12, 21, 38, 40, 15, 17, 18], 1293.76235381, 1293.76235381, 0., 0., 0., 0., 0, 0, 0.)
Best individual found after local search: (44, [12,  8, 17, 11,  7, 14, 28, 42, 46, 43, 35,  9, 44, 32, 34, 37, 45,  6, 27,  3, 48, 11, 10, 22, 41, 31,  2, 25, 26, 23, 36, 33, 20, 13,  8, 29,  5, 16,  4, 19,  1, 39, 30, 47, 24, 12, 21, 38, 40, 15, 17, 18], 1293.76235381, 1293.76235381, 0., 0., 0., 0., 0, 0, 0.)
Best feasible individual found: (44, [12,  8, 17, 11,  7, 14, 28, 42, 46, 43, 35,  9, 44, 32, 34, 37, 45,  6, 27,  3, 48, 11, 10, 22, 41, 31,  2, 25, 26, 23, 36, 33, 20, 13,  8, 29,  5, 16,  4, 19,  1, 39, 30, 47, 24, 12, 21, 38, 40, 15, 17, 18], 1293.76235381, 1293.76235381, 0., 0., 0., 0., 0, 0, 0.)

Fitness stats min: [3513.24459861 3391.61729738 3285.62231349 3216.38772372 3162.70617732
 3101.37666137 2957.09003932 2862.2224938  2862.2224938  2862.2224938
 2862.2224938  2829.34354403 2829.34354403 2820.85791683 2740.51482939
 2740.51482939 2655.55392266 2588.42750028 2588.42750028 2511.15795715
 2511.15795715 2490.76017479 2466.50956769 2420.05936488 2411.33537172
 2302.34152798 2302.34152798 2302.34152798 2302.34152798 2302.34152798
 2302.34152798 2296.9430607  2296.9430607  2241.80256943 2241.80256943
 2241.80256943 2241.80256943 2197.49791166 2172.333074   2172.333074
 2156.8631065  2089.12533519 2089.12533519 2070.55596708 2039.00966979
 2039.00966979 2030.49077227 2003.95295343 2003.95295343 1932.63280402
 1932.63280402 1932.43209178 1920.93426209 1920.93426209 1920.93426209
 1904.85377984 1904.85377984 1899.3245452  1881.55950485 1881.55950485
 1881.55950485 1869.12389672 1869.12389672 1868.92318448 1868.92318448
 1868.92318448 1868.92318448 1853.70956846 1853.70956846 1853.70956846
 1853.70956846 1853.70956846 1853.70956846 1853.70956846 1853.70956846
 1802.40816967 1802.40816967 1802.40816967 1802.40816967 1802.40816967
 1802.40816967 1788.7459801  1788.7459801  1788.7459801  1788.7459801
 1788.7459801  1787.06043222 1749.03132873 1749.03132873 1735.36913917
 1735.36913917 1735.36913917 1735.36913917 1735.36913917 1735.36913917
 1731.49297379 1731.49297379 1731.49297379 1731.49297379 1721.01143482
 1721.01143482 1704.52116141 1704.52116141 1696.10004288 1696.10004288
 1696.10004288 1696.10004288 1696.10004288 1675.78368822 1659.29341481
 1659.29341481 1659.29341481 1646.61535144 1646.61535144 1631.10234353
 1631.10234353 1618.42428016 1618.42428016 1618.42428016 1619.89852382
 1619.89852382 1616.27975193 1616.27975193 1617.90510556 1617.90510556
 1619.61172688 1619.61172688 1621.40367926 1621.40367926 1623.28522927
 1608.48764909 1610.46327659 1605.29654885 1607.37095773 1607.37095773
 1609.54908705 1609.54908705 1594.06952862 1594.06952862 1595.58258648
 1595.58258648 1593.29324451 1593.29324451 1594.76748817 1580.49427946
 1582.0422353  1582.0422353  1583.66758894 1583.66758894 1585.37421026
 1585.37421026 1587.16616264 1587.16616264 1588.20232876 1588.20232876
 1576.51561185 1576.51561185 1564.5123075  1564.5123075  1565.98655116
 1565.98655116 1564.5123075  1550.973931   1550.973931   1550.973931
 1548.41930051 1548.41930051 1549.96725636 1539.48840221 1541.11375585
 1541.11375585 1542.82037717 1542.82037717 1544.61232955 1544.61232955
 1546.49387955 1546.49387955 1548.46950705 1548.46950705 1543.7571052
 1543.7571052  1529.67939198 1529.67939198 1529.67939198 1529.67939198
 1529.67939198 1529.67939198 1529.67939198 1502.33137996 1502.33137996
 1502.33137996 1502.33137996 1502.33137996 1503.80562362 1503.80562362
 1502.33137996 1502.33137996 1502.33137996 1502.33137996 1502.33137996
 1502.33137996 1503.80562362 1503.80562362 1502.33137996 1501.39731869
 1499.11501777 1499.11501777 1475.84021025 1470.67949498 1472.15373864
 1472.15373864 1470.67949498 1470.67949498 1472.15373864 1472.15373864
 1470.67949498 1470.67949498 1470.67949498 1470.67949498 1470.67949498
 1470.67949498 1466.87435107 1466.87435107 1468.34859473 1460.82130268
 1459.34705902 1459.34705902 1460.82130268 1460.82130268 1462.36925853
 1446.89239392 1448.51774756 1443.3029864  1445.00960772 1445.00960772
 1439.27426806 1439.27426806 1441.15581806 1441.15581806 1443.13144556
 1443.13144556 1431.12814122 1431.12814122 1432.60238488 1432.60238488
 1434.15034072 1434.15034072 1414.85060514 1414.85060514 1416.55722646
 1416.55722646 1410.203052   1410.203052   1411.67729566 1411.67729566
 1413.22525151 1413.22525151 1413.18612315 1413.18612315 1414.89274447
 1414.89274447 1416.68469685 1416.68469685 1408.53857001 1408.53857001
 1410.01281367 1410.01281367 1411.56076951 1411.56076951 1413.18612315
 1413.18612315 1414.89274447 1414.89274447 1408.53857001 1402.15985489
 1403.63409856 1403.63409856 1405.1820544  1405.1820544  1406.80740804
 1406.80740804 1408.51402935 1408.51402935 1410.30598174 1410.30598174
 1386.04468229 1386.04468229 1386.04468229 1386.04468229 1386.04468229
 1386.04468229 1386.04468229 1386.04468229 1386.04468229 1386.04468229
 1385.88004972 1368.30336149 1368.30336149 1368.30336149 1368.30336149
 1368.30336149 1368.30336149 1368.30336149 1368.30336149 1368.28872966
 1368.28872966 1368.28872966 1368.28872966 1368.28872966 1368.28872966
 1368.28872966 1368.28872966 1368.28872966 1363.58641895 1363.58641895
 1363.58641895 1363.58641895 1363.58641895 1363.58641895 1363.58641895
 1363.58641895 1354.635774   1354.635774   1354.635774   1354.635774
 1354.635774   1354.55338612 1354.55338612 1354.55338612 1354.55338612
 1354.55338612 1349.00495063 1349.00495063 1349.00495063 1349.00495063
 1346.2107867  1346.2107867  1346.2107867  1346.2107867  1346.2107867
 1346.2107867  1346.2107867  1346.2107867  1346.2107867  1346.2107867
 1346.2107867  1346.2107867  1346.2107867  1346.2107867  1341.55341856
 1341.55341856 1341.55341856 1341.55341856 1319.23590296 1319.23590296
 1319.23590296 1319.23590296 1319.23590296 1319.23590296 1314.57853483
 1314.57853483 1314.57853483 1314.57853483 1314.57853483 1314.57853483
 1314.57853483 1311.39567295 1311.39567295 1311.39567295 1311.39567295
 1311.39567295 1311.39567295 1311.39567295 1311.39567295 1311.39567295
 1311.39567295 1311.39567295 1311.39567295 1311.39567295 1311.39567295
 1311.39567295 1311.39567295 1311.39567295 1311.39567295 1311.39567295
 1311.39567295 1311.39567295 1311.39567295 1305.29709554 1305.29709554
 1305.29709554 1305.29709554 1305.29709554 1305.29709554 1305.29709554
 1305.29709554 1305.29709554 1305.29709554 1305.29709554 1305.29709554
 1305.29709554 1305.29709554 1305.29709554 1305.29709554 1305.29709554
 1305.29709554 1305.29709554 1305.29709554 1305.29709554 1305.29709554
 1305.29709554 1305.29709554 1305.29709554 1305.29709554 1305.29709554
 1305.29709554 1305.29709554 1305.29709554 1305.29709554 1305.29709554
 1305.29709554 1305.29709554 1305.29709554 1305.29709554 1305.29709554
 1305.29709554 1305.29709554 1293.76235381 1293.76235381 1293.76235381
 1293.76235381 1293.76235381 1293.76235381 1293.76235381 1293.76235381
 1293.76235381 1293.76235381 1293.76235381 1293.76235381 1293.76235381
 1293.76235381 1293.76235381 1293.76235381 1293.76235381 1293.76235381
 1293.76235381 1293.76235381 1293.76235381 1293.76235381 1293.76235381
 1293.76235381 1293.76235381 1293.76235381 1293.76235381 1293.76235381
 1293.76235381 1293.76235381 1293.76235381 1293.76235381 1293.76235381
 1293.76235381 1293.76235381 1293.76235381 1293.76235381 1293.76235381
 1293.76235381 1293.76235381 1293.76235381 1293.76235381 1293.76235381
 1293.76235381 1293.76235381 1293.76235381 1293.76235381 1293.76235381
 1293.76235381 1293.76235381 1293.76235381 1293.76235381 1293.76235381
 1293.76235381 1293.76235381 1293.76235381 1293.76235381 1293.76235381
 1293.76235381 1293.76235381 1293.76235381 1293.76235381 1293.76235381
 1293.76235381 1293.76235381 1293.76235381 1293.76235381 1293.76235381
 1293.76235381 1293.76235381 1293.76235381 1293.76235381 1293.76235381
 1293.76235381 1293.76235381 1293.76235381 1293.76235381 1293.76235381
 1293.76235381 1293.76235381 1293.76235381 1293.76235381 1293.76235381
 1293.76235381 1293.76235381 1293.76235381 1293.76235381 1293.76235381
 1293.76235381 1293.76235381 1293.76235381 1293.76235381 1293.76235381
 1293.76235381 1293.76235381 1293.76235381 1293.76235381 1293.76235381
 1293.76235381 1293.76235381 1293.76235381 1293.76235381 1293.76235381
 1293.76235381 1293.76235381 1293.76235381 1293.76235381 1293.76235381
 1293.76235381 1293.76235381 1293.76235381 1293.76235381 1293.76235381
 1293.76235381 1293.76235381 1293.76235381 1293.76235381 1293.76235381
 1293.76235381 1293.76235381 1293.76235381 1293.76235381 1293.76235381
 1293.76235381 1293.76235381 1293.76235381 1293.76235381 1293.76235381
 1293.76235381 1293.76235381 1293.76235381 1293.76235381 1293.76235381
 1293.76235381 1293.76235381 1293.76235381 1293.76235381 1293.76235381
 1293.76235381 1293.76235381 1293.76235381 1293.76235381 1293.76235381
 1293.76235381 1293.76235381 1293.76235381 1293.76235381 1293.76235381
 1293.76235381 1293.76235381 1293.76235381 1293.76235381 1293.76235381
 1293.76235381 1293.76235381 1293.76235381 1293.76235381 1293.76235381
 1293.76235381 1293.76235381 1293.76235381 1293.76235381 1293.76235381
 1293.76235381 1293.76235381 1293.76235381 1293.76235381 1293.76235381
 1293.76235381 1293.76235381 1293.76235381 1293.76235381 1293.76235381
 1293.76235381 1293.76235381 1293.76235381 1293.76235381 1293.76235381
 1293.76235381 1293.76235381 1293.76235381 1293.76235381 1293.76235381
 1293.76235381 1293.76235381 1293.76235381 1293.76235381 1293.76235381
 1293.76235381 1293.76235381 1293.76235381 1293.76235381 1293.76235381
 1293.76235381 1293.76235381 1293.76235381 1293.76235381 1293.76235381
 1293.76235381 1293.76235381 1293.76235381 1293.76235381 1293.76235381
 1293.76235381 1293.76235381 1293.76235381 1293.76235381 1293.76235381
 1293.76235381 1293.76235381 1293.76235381 1293.76235381 1293.76235381
 1293.76235381 1293.76235381 1293.76235381 1293.76235381 1293.76235381
 1293.76235381 1293.76235381 1293.76235381 1293.76235381 1293.76235381
 1293.76235381 1293.76235381 1293.76235381 1293.76235381 1293.76235381
 1293.76235381 1293.76235381 1293.76235381 1293.76235381 1293.76235381
 1293.76235381 1293.76235381 1293.76235381 1293.76235381 1293.76235381
 1293.76235381 1293.76235381 1293.76235381 1293.76235381 1293.76235381
 1293.76235381 1293.76235381 1293.76235381 1293.76235381 1293.76235381
 1293.76235381 1293.76235381 1293.76235381 1293.76235381 1293.76235381
 1293.76235381 1293.76235381 1293.76235381 1293.76235381 1293.76235381
 1293.76235381 1293.76235381 1293.76235381 1293.76235381 1293.76235381
 1293.76235381 1293.76235381 1293.76235381 1293.76235381 1293.76235381
 1293.76235381 1293.76235381 1293.76235381 1293.76235381 1293.76235381
 1293.76235381 1293.76235381 1293.76235381 1293.76235381 1293.76235381
 1293.76235381 1293.76235381 1293.76235381 1293.76235381 1293.76235381
 1293.76235381 1293.76235381 1293.76235381 1293.76235381 1293.76235381
 1293.76235381 1293.76235381 1293.76235381 1293.76235381 1293.76235381
 1293.76235381 1293.76235381 1293.76235381 1293.76235381 1293.76235381
 1293.76235381 1293.76235381 1293.76235381 1293.76235381 1293.76235381
 1293.76235381 1293.76235381 1293.76235381 1293.76235381 1293.76235381
 1293.76235381 1293.76235381 1293.76235381 1293.76235381 1293.76235381
 1293.76235381 1293.76235381 1293.76235381 1293.76235381 1293.76235381
 1293.76235381 1293.76235381 1293.76235381 1293.76235381 1293.76235381
 1293.76235381 1293.76235381 1293.76235381 1293.76235381 1293.76235381
 1293.76235381 1293.76235381 1293.76235381 1293.76235381 1293.76235381
 1293.76235381 1293.76235381 1293.76235381 1293.76235381 1293.76235381
 1293.76235381 1293.76235381 1293.76235381 1293.76235381 1293.76235381
 1293.76235381 1293.76235381 1293.76235381 1293.76235381 1293.76235381
 1293.76235381 1293.76235381 1293.76235381 1293.76235381 1293.76235381
 1293.76235381 1293.76235381 1293.76235381 1293.76235381 1293.76235381
 1293.76235381 1293.76235381 1293.76235381 1293.76235381 1293.76235381
 1293.76235381 1293.76235381 1293.76235381 1293.76235381 1293.76235381
 1293.76235381 1293.76235381 1293.76235381 1293.76235381 1293.76235381
 1293.76235381 1293.76235381 1293.76235381 1293.76235381 1293.76235381
 1293.76235381 1293.76235381 1293.76235381 1293.76235381 1293.76235381
 1293.76235381 1293.76235381 1293.76235381 1293.76235381 1293.76235381
 1293.76235381 1293.76235381 1293.76235381 1293.76235381 1293.76235381
 1293.76235381 1293.76235381 1293.76235381 1293.76235381 1293.76235381
 1293.76235381 1293.76235381 1293.76235381 1293.76235381 1293.76235381
 1293.76235381 1293.76235381 1293.76235381 1293.76235381 1293.76235381
 1293.76235381 1293.76235381 1293.76235381 1293.76235381 1293.76235381
 1293.76235381 1293.76235381 1293.76235381 1293.76235381 1293.76235381
 1293.76235381 1293.76235381 1293.76235381 1293.76235381 1293.76235381
 1293.76235381 1293.76235381 1293.76235381 1293.76235381 1293.76235381
 1293.76235381 1293.76235381 1293.76235381 1293.76235381 1293.76235381
 1293.76235381 1293.76235381 1293.76235381 1293.76235381 1293.76235381
 1293.76235381 1293.76235381 1293.76235381 1293.76235381 1293.76235381
 1293.76235381 1293.76235381 1293.76235381 1293.76235381 1293.76235381
 1293.76235381 1293.76235381 1293.76235381 1293.76235381 1293.76235381
 1293.76235381 1293.76235381 1293.76235381 1293.76235381 1293.76235381
 1293.76235381 1293.76235381 1293.76235381 1293.76235381 1293.76235381
 1293.76235381 1293.76235381 1293.76235381 1293.76235381 1293.76235381
 1293.76235381 1293.76235381 1293.76235381 1293.76235381 1293.76235381
 1293.76235381 1293.76235381 1293.76235381 1293.76235381 1293.76235381
 1293.76235381 1293.76235381 1293.76235381 1293.76235381 1293.76235381
 1293.76235381 1293.76235381 1293.76235381 1293.76235381 1293.76235381
 1293.76235381 1293.76235381 1293.76235381 1293.76235381 1293.76235381
 1293.76235381 1293.76235381 1293.76235381 1293.76235381 1293.76235381
 1293.76235381 1293.76235381 1293.76235381 1293.76235381 1293.76235381
 1293.76235381 1293.76235381 1293.76235381 1293.76235381 1293.76235381
 1293.76235381 1293.76235381 1293.76235381 1293.76235381 1293.76235381
 1293.76235381 1293.76235381 1293.76235381 1293.76235381 1293.76235381
 1293.76235381 1293.76235381 1293.76235381 1293.76235381 1293.76235381
 1293.76235381 1293.76235381 1293.76235381 1293.76235381 1293.76235381
 1293.76235381 1293.76235381 1293.76235381 1293.76235381 1293.76235381
 1293.76235381 1293.76235381 1293.76235381 1293.76235381 1293.76235381
 1293.76235381 1293.76235381 1293.76235381 1293.76235381 1293.76235381
 1293.76235381 1293.76235381 1293.76235381 1293.76235381 1293.76235381
 1293.76235381 1293.76235381 1293.76235381 1293.76235381 1293.76235381
 1293.76235381 1293.76235381 1293.76235381 1293.76235381 1293.76235381
 1293.76235381 1293.76235381 1293.76235381 1293.76235381 1293.76235381
 1293.76235381 1293.76235381 1293.76235381 1293.76235381 1293.76235381
 1293.76235381 1293.76235381 1293.76235381 1293.76235381 1293.76235381
 1293.76235381] 

Fitness stats feasible min: [3619.37527965 3391.61729738 3285.62231349 3285.62231349 3285.62231349
 3285.62231349 2982.35919754 3096.52702456 3073.05732749 3073.05732749
 3027.50519318 2935.76649333 2935.76649333 2870.7808133  2762.36455005
 2752.84385542 2655.55392266 2655.55392266 2655.55392266 2511.15795715
 2511.15795715 2490.76017479 2480.60351292 2420.05936488 2420.05936488
 2420.05936488 2372.43634537 2372.43634537 2372.43634537 2372.43634537
 2372.43634537 2296.9430607  2296.9430607  2241.80256943 2241.80256943
 2241.80256943 2241.80256943 2197.49791166 2172.333074   2172.333074
 2156.8631065  2089.12533519 2089.12533519 2070.55596708 2039.00966979
 2039.00966979 2030.49077227 2030.49077227 2015.98256339 1989.44045462
 1971.41674026 1971.41674026 1920.93426209 1920.93426209 1920.93426209
 1904.85377984 1904.85377984 1899.3245452  1881.55950485 1881.55950485
 1881.55950485 1869.12389672 1869.12389672 1868.92318448 1868.92318448
 1868.92318448 1868.92318448 1853.70956846 1853.70956846 1853.70956846
 1853.70956846 1853.70956846 1853.70956846 1853.70956846 1853.70956846
 1802.40816967 1802.40816967 1802.40816967 1802.40816967 1802.40816967
 1802.40816967 1796.75879399 1791.11831389 1791.11831389 1791.11831389
 1791.11831389 1787.06043222 1781.8706444  1781.8706444  1773.407397
 1773.407397   1773.407397   1758.05965955 1741.84997808 1741.84997808
 1741.84997808 1741.84997808 1741.84997808 1736.64956044 1736.64956044
 1724.35227653 1724.35227653 1724.35227653 1724.35227653 1724.35227653
 1724.35227653 1707.86200312 1704.57917369 1695.18393975 1695.18393975
 1695.18393975 1695.18393975 1695.18393975 1695.18393975 1684.37774076
 1684.37774076 1684.37774076 1666.99286847 1666.99286847 1666.99286847
 1666.99286847 1666.99286847 1666.99286847 1666.99286847 1666.99286847
 1666.99286847 1666.99286847 1656.18666947 1656.18666947 1656.18666947
 1656.18666947 1656.18666947 1651.01994174 1651.01994174 1651.01994174
 1631.05563382 1631.05563382 1631.05563382 1631.05563382 1631.05563382
 1631.05563382 1631.05563382 1631.05563382 1631.05563382 1631.05563382
 1631.05563382 1631.05563382 1631.05563382 1631.05563382 1631.05563382
 1616.78242512 1616.78242512 1616.78242512 1616.78242512 1616.78242512
 1616.78242512 1606.47838779 1606.47838779 1606.47838779 1606.47838779
 1605.63300391 1605.63300391 1591.9706595  1591.9706595  1591.9706595
 1591.9706595  1591.9706595  1591.9706595  1591.9706595  1591.9706595
 1591.9706595  1588.87241709 1574.22859203 1574.22859203 1574.22859203
 1574.22859203 1574.22859203 1574.22859203 1574.22859203 1574.22859203
 1574.22859203 1574.22859203 1574.22859203 1574.22859203 1574.22859203
 1574.22859203 1574.22859203 1574.22859203 1574.22859203 1571.01222983
 1571.01222983 1571.01222983 1571.01222983 1571.01222983 1571.01222983
 1571.01222983 1567.6669471  1567.6669471  1567.6669471  1567.6669471
 1567.6669471  1567.6669471  1567.6669471  1567.6669471  1567.6669471
 1519.72565203 1519.72565203 1519.72565203 1519.72565203 1519.72565203
 1519.72565203 1519.72565203 1519.72565203 1519.72565203 1519.72565203
 1519.72565203 1511.21965402 1511.21965402 1507.41451011 1499.88721806
 1499.88721806 1499.88721806 1499.88721806 1499.88721806 1499.88721806
 1499.88721806 1499.88721806 1499.88721806 1499.88721806 1499.88721806
 1499.88721806 1499.88721806 1499.88721806 1499.88721806 1499.88721806
 1499.88721806 1499.88721806 1499.88721806 1499.88721806 1467.65744122
 1467.65744122 1467.65744122 1467.65744122 1467.65744122 1467.65744122
 1467.65744122 1467.65744122 1467.65744122 1467.65744122 1467.65744122
 1467.65744122 1467.65744122 1467.65744122 1467.65744122 1443.42825962
 1443.42825962 1443.42825962 1443.42825962 1443.42825962 1443.42825962
 1443.42825962 1443.42825962 1443.42825962 1443.42825962 1422.50317041
 1420.83868842 1420.83868842 1420.83868842 1420.83868842 1420.83868842
 1420.83868842 1420.83868842 1420.83868842 1420.83868842 1420.83868842
 1420.83868842 1420.83868842 1420.83868842 1420.83868842 1420.83868842
 1420.83868842 1420.83868842 1420.83868842 1420.67405584 1420.67405584
 1386.04468229 1386.04468229 1386.04468229 1386.04468229 1386.04468229
 1386.04468229 1386.04468229 1386.04468229 1386.04468229 1386.04468229
 1385.88004972 1368.30336149 1368.30336149 1368.30336149 1368.30336149
 1368.30336149 1368.30336149 1368.30336149 1368.30336149 1368.28872966
 1368.28872966 1368.28872966 1368.28872966 1368.28872966 1368.28872966
 1368.28872966 1368.28872966 1368.28872966 1363.58641895 1363.58641895
 1363.58641895 1363.58641895 1363.58641895 1363.58641895 1363.58641895
 1363.58641895 1354.635774   1354.635774   1354.635774   1354.635774
 1354.635774   1354.55338612 1354.55338612 1354.55338612 1354.55338612
 1354.55338612 1349.00495063 1349.00495063 1349.00495063 1349.00495063
 1346.2107867  1346.2107867  1346.2107867  1346.2107867  1346.2107867
 1346.2107867  1346.2107867  1346.2107867  1346.2107867  1346.2107867
 1346.2107867  1346.2107867  1346.2107867  1346.2107867  1341.55341856
 1341.55341856 1341.55341856 1341.55341856 1319.23590296 1319.23590296
 1319.23590296 1319.23590296 1319.23590296 1319.23590296 1314.57853483
 1314.57853483 1314.57853483 1314.57853483 1314.57853483 1314.57853483
 1314.57853483 1311.39567295 1311.39567295 1311.39567295 1311.39567295
 1311.39567295 1311.39567295 1311.39567295 1311.39567295 1311.39567295
 1311.39567295 1311.39567295 1311.39567295 1311.39567295 1311.39567295
 1311.39567295 1311.39567295 1311.39567295 1311.39567295 1311.39567295
 1311.39567295 1311.39567295 1311.39567295 1305.29709554 1305.29709554
 1305.29709554 1305.29709554 1305.29709554 1305.29709554 1305.29709554
 1305.29709554 1305.29709554 1305.29709554 1305.29709554 1305.29709554
 1305.29709554 1305.29709554 1305.29709554 1305.29709554 1305.29709554
 1305.29709554 1305.29709554 1305.29709554 1305.29709554 1305.29709554
 1305.29709554 1305.29709554 1305.29709554 1305.29709554 1305.29709554
 1305.29709554 1305.29709554 1305.29709554 1305.29709554 1305.29709554
 1305.29709554 1305.29709554 1305.29709554 1305.29709554 1305.29709554
 1305.29709554 1305.29709554 1293.76235381 1293.76235381 1293.76235381
 1293.76235381 1293.76235381 1293.76235381 1293.76235381 1293.76235381
 1293.76235381 1293.76235381 1293.76235381 1293.76235381 1293.76235381
 1293.76235381 1293.76235381 1293.76235381 1293.76235381 1293.76235381
 1293.76235381 1293.76235381 1293.76235381 1293.76235381 1293.76235381
 1293.76235381 1293.76235381 1293.76235381 1293.76235381 1293.76235381
 1293.76235381 1293.76235381 1293.76235381 1293.76235381 1293.76235381
 1293.76235381 1293.76235381 1293.76235381 1293.76235381 1293.76235381
 1293.76235381 1293.76235381 1293.76235381 1293.76235381 1293.76235381
 1293.76235381 1293.76235381 1293.76235381 1293.76235381 1293.76235381
 1293.76235381 1293.76235381 1293.76235381 1293.76235381 1293.76235381
 1293.76235381 1293.76235381 1293.76235381 1293.76235381 1293.76235381
 1293.76235381 1293.76235381 1293.76235381 1293.76235381 1293.76235381
 1293.76235381 1293.76235381 1293.76235381 1293.76235381 1293.76235381
 1293.76235381 1293.76235381 1293.76235381 1293.76235381 1293.76235381
 1293.76235381 1293.76235381 1293.76235381 1293.76235381 1293.76235381
 1293.76235381 1293.76235381 1293.76235381 1293.76235381 1293.76235381
 1293.76235381 1293.76235381 1293.76235381 1293.76235381 1293.76235381
 1293.76235381 1293.76235381 1293.76235381 1293.76235381 1293.76235381
 1293.76235381 1293.76235381 1293.76235381 1293.76235381 1293.76235381
 1293.76235381 1293.76235381 1293.76235381 1293.76235381 1293.76235381
 1293.76235381 1293.76235381 1293.76235381 1293.76235381 1293.76235381
 1293.76235381 1293.76235381 1293.76235381 1293.76235381 1293.76235381
 1293.76235381 1293.76235381 1293.76235381 1293.76235381 1293.76235381
 1293.76235381 1293.76235381 1293.76235381 1293.76235381 1293.76235381
 1293.76235381 1293.76235381 1293.76235381 1293.76235381 1293.76235381
 1293.76235381 1293.76235381 1293.76235381 1293.76235381 1293.76235381
 1293.76235381 1293.76235381 1293.76235381 1293.76235381 1293.76235381
 1293.76235381 1293.76235381 1293.76235381 1293.76235381 1293.76235381
 1293.76235381 1293.76235381 1293.76235381 1293.76235381 1293.76235381
 1293.76235381 1293.76235381 1293.76235381 1293.76235381 1293.76235381
 1293.76235381 1293.76235381 1293.76235381 1293.76235381 1293.76235381
 1293.76235381 1293.76235381 1293.76235381 1293.76235381 1293.76235381
 1293.76235381 1293.76235381 1293.76235381 1293.76235381 1293.76235381
 1293.76235381 1293.76235381 1293.76235381 1293.76235381 1293.76235381
 1293.76235381 1293.76235381 1293.76235381 1293.76235381 1293.76235381
 1293.76235381 1293.76235381 1293.76235381 1293.76235381 1293.76235381
 1293.76235381 1293.76235381 1293.76235381 1293.76235381 1293.76235381
 1293.76235381 1293.76235381 1293.76235381 1293.76235381 1293.76235381
 1293.76235381 1293.76235381 1293.76235381 1293.76235381 1293.76235381
 1293.76235381 1293.76235381 1293.76235381 1293.76235381 1293.76235381
 1293.76235381 1293.76235381 1293.76235381 1293.76235381 1293.76235381
 1293.76235381 1293.76235381 1293.76235381 1293.76235381 1293.76235381
 1293.76235381 1293.76235381 1293.76235381 1293.76235381 1293.76235381
 1293.76235381 1293.76235381 1293.76235381 1293.76235381 1293.76235381
 1293.76235381 1293.76235381 1293.76235381 1293.76235381 1293.76235381
 1293.76235381 1293.76235381 1293.76235381 1293.76235381 1293.76235381
 1293.76235381 1293.76235381 1293.76235381 1293.76235381 1293.76235381
 1293.76235381 1293.76235381 1293.76235381 1293.76235381 1293.76235381
 1293.76235381 1293.76235381 1293.76235381 1293.76235381 1293.76235381
 1293.76235381 1293.76235381 1293.76235381 1293.76235381 1293.76235381
 1293.76235381 1293.76235381 1293.76235381 1293.76235381 1293.76235381
 1293.76235381 1293.76235381 1293.76235381 1293.76235381 1293.76235381
 1293.76235381 1293.76235381 1293.76235381 1293.76235381 1293.76235381
 1293.76235381 1293.76235381 1293.76235381 1293.76235381 1293.76235381
 1293.76235381 1293.76235381 1293.76235381 1293.76235381 1293.76235381
 1293.76235381 1293.76235381 1293.76235381 1293.76235381 1293.76235381
 1293.76235381 1293.76235381 1293.76235381 1293.76235381 1293.76235381
 1293.76235381 1293.76235381 1293.76235381 1293.76235381 1293.76235381
 1293.76235381 1293.76235381 1293.76235381 1293.76235381 1293.76235381
 1293.76235381 1293.76235381 1293.76235381 1293.76235381 1293.76235381
 1293.76235381 1293.76235381 1293.76235381 1293.76235381 1293.76235381
 1293.76235381 1293.76235381 1293.76235381 1293.76235381 1293.76235381
 1293.76235381 1293.76235381 1293.76235381 1293.76235381 1293.76235381
 1293.76235381 1293.76235381 1293.76235381 1293.76235381 1293.76235381
 1293.76235381 1293.76235381 1293.76235381 1293.76235381 1293.76235381
 1293.76235381 1293.76235381 1293.76235381 1293.76235381 1293.76235381
 1293.76235381 1293.76235381 1293.76235381 1293.76235381 1293.76235381
 1293.76235381 1293.76235381 1293.76235381 1293.76235381 1293.76235381
 1293.76235381 1293.76235381 1293.76235381 1293.76235381 1293.76235381
 1293.76235381 1293.76235381 1293.76235381 1293.76235381 1293.76235381
 1293.76235381 1293.76235381 1293.76235381 1293.76235381 1293.76235381
 1293.76235381 1293.76235381 1293.76235381 1293.76235381 1293.76235381
 1293.76235381 1293.76235381 1293.76235381 1293.76235381 1293.76235381
 1293.76235381 1293.76235381 1293.76235381 1293.76235381 1293.76235381
 1293.76235381 1293.76235381 1293.76235381 1293.76235381 1293.76235381
 1293.76235381 1293.76235381 1293.76235381 1293.76235381 1293.76235381
 1293.76235381 1293.76235381 1293.76235381 1293.76235381 1293.76235381
 1293.76235381 1293.76235381 1293.76235381 1293.76235381 1293.76235381
 1293.76235381 1293.76235381 1293.76235381 1293.76235381 1293.76235381
 1293.76235381 1293.76235381 1293.76235381 1293.76235381 1293.76235381
 1293.76235381 1293.76235381 1293.76235381 1293.76235381 1293.76235381
 1293.76235381 1293.76235381 1293.76235381 1293.76235381 1293.76235381
 1293.76235381 1293.76235381 1293.76235381 1293.76235381 1293.76235381
 1293.76235381 1293.76235381 1293.76235381 1293.76235381 1293.76235381
 1293.76235381 1293.76235381 1293.76235381 1293.76235381 1293.76235381
 1293.76235381 1293.76235381 1293.76235381 1293.76235381 1293.76235381
 1293.76235381 1293.76235381 1293.76235381 1293.76235381 1293.76235381
 1293.76235381 1293.76235381 1293.76235381 1293.76235381 1293.76235381
 1293.76235381 1293.76235381 1293.76235381 1293.76235381 1293.76235381
 1293.76235381 1293.76235381 1293.76235381 1293.76235381 1293.76235381
 1293.76235381 1293.76235381 1293.76235381 1293.76235381 1293.76235381
 1293.76235381 1293.76235381 1293.76235381 1293.76235381 1293.76235381
 1293.76235381 1293.76235381 1293.76235381 1293.76235381 1293.76235381
 1293.76235381 1293.76235381 1293.76235381 1293.76235381 1293.76235381
 1293.76235381 1293.76235381 1293.76235381 1293.76235381 1293.76235381
 1293.76235381 1293.76235381 1293.76235381 1293.76235381 1293.76235381
 1293.76235381 1293.76235381 1293.76235381 1293.76235381 1293.76235381
 1293.76235381 1293.76235381 1293.76235381 1293.76235381 1293.76235381
 1293.76235381 1293.76235381 1293.76235381 1293.76235381 1293.76235381
 1293.76235381 1293.76235381 1293.76235381 1293.76235381 1293.76235381
 1293.76235381 1293.76235381 1293.76235381 1293.76235381 1293.76235381
 1293.76235381 1293.76235381 1293.76235381 1293.76235381 1293.76235381
 1293.76235381 1293.76235381 1293.76235381 1293.76235381 1293.76235381
 1293.76235381 1293.76235381 1293.76235381 1293.76235381 1293.76235381
 1293.76235381 1293.76235381 1293.76235381 1293.76235381 1293.76235381
 1293.76235381 1293.76235381 1293.76235381 1293.76235381 1293.76235381
 1293.76235381 1293.76235381 1293.76235381 1293.76235381 1293.76235381
 1293.76235381 1293.76235381 1293.76235381 1293.76235381 1293.76235381
 1293.76235381 1293.76235381 1293.76235381 1293.76235381 1293.76235381
 1293.76235381 1293.76235381 1293.76235381 1293.76235381 1293.76235381
 1293.76235381 1293.76235381 1293.76235381 1293.76235381 1293.76235381
 1293.76235381 1293.76235381 1293.76235381 1293.76235381 1293.76235381
 1293.76235381 1293.76235381 1293.76235381 1293.76235381 1293.76235381
 1293.76235381 1293.76235381 1293.76235381 1293.76235381 1293.76235381
 1293.76235381] 

Fitness stats avg: [4030.57267168 3918.60812914 3813.38422415 3734.47222945 3632.75474404
 3597.13075809 3522.1859446  3408.82699361 3365.39318452 3360.8438729
 3337.64953032 3278.5229194  3245.67239629 3212.87533    3179.25736074
 3134.37234406 3106.59934586 3048.8067101  3001.79176977 2942.37804034
 2867.61690373 2833.06637059 2793.92179363 2745.6047087  2727.92704748
 2729.35149785 2749.23030159 2718.94429904 2708.08856202 2719.4124462
 2678.22111149 2647.4269666  2628.21299208 2634.95198049 2631.44603814
 2605.28975665 2600.29932102 2540.29398713 2483.4976632  2443.62904042
 2387.8989658  2329.20073451 2291.96129152 2283.53489536 2257.76329382
 2242.62755523 2243.46106499 2223.75861897 2193.68212236 2147.6715437
 2130.16863597 2115.9871914  2114.11894448 2104.29416372 2115.01934286
 2073.99674511 2053.65101469 2050.15653571 2042.88568575 2021.28684018
 2023.1245079  2011.85805272 1989.92818757 1991.71972958 1968.43340087
 1969.16713102 1961.07171163 1947.41241282 1936.56959155 1940.30128296
 1934.49114414 1900.95610154 1918.43577303 1924.06097641 1897.8856603
 1920.48090687 1947.14956119 1913.45308063 1907.85165422 1912.99503787
 1919.99335945 1918.26234333 1888.06098552 1883.27850124 1867.33596448
 1883.02242167 1881.83492864 1875.4429419  1909.95722125 1886.64729259
 1893.01777577 1901.31763491 1892.55062968 1877.87563083 1909.58932092
 1897.71897638 1905.16879978 1888.80986017 1844.56632299 1849.96893384
 1865.09866408 1859.45793528 1840.28315242 1819.24858555 1809.35830548
 1811.48188736 1799.42077332 1787.00185903 1791.52670344 1775.04374616
 1764.02921003 1768.83215926 1750.7430709  1750.86895009 1732.01117875
 1729.48827023 1748.86261394 1736.45252258 1718.606141   1709.48154059
 1709.95070683 1683.94703495 1720.03864426 1732.04896929 1724.38910403
 1725.90579233 1679.22028375 1696.42704869 1690.12548517 1686.24850722
 1676.54605526 1693.07723534 1683.41589852 1699.02458847 1708.78036578
 1709.04565134 1730.65523268 1701.60651266 1702.63284896 1697.63170089
 1671.64321888 1696.05998001 1659.47748844 1683.00408    1654.84374114
 1651.14891252 1688.41252984 1675.44492181 1654.72472708 1670.20525676
 1675.19692809 1696.89157617 1659.93860288 1652.4414851  1672.13836396
 1651.33972564 1665.21993233 1642.31312504 1649.97458515 1652.36258533
 1661.95367374 1663.92895307 1659.84986898 1633.68086484 1641.56662394
 1643.85140878 1653.05783919 1657.518814   1657.15283616 1656.49225515
 1655.10528052 1649.07446082 1664.45663765 1678.48228038 1664.81082078
 1645.91341646 1653.35915102 1672.69601342 1671.12100034 1666.53729026
 1683.66508682 1661.71527155 1648.80095766 1650.54246483 1644.13777588
 1659.34350335 1650.45576045 1640.07787054 1637.95559465 1638.0735959
 1611.2250569  1638.19039331 1631.93696951 1622.43214701 1662.37373159
 1623.40655214 1619.95872745 1618.69748144 1644.81732187 1639.95158621
 1663.0560776  1644.16459241 1649.22083491 1622.16648778 1609.00219637
 1618.37180492 1607.98690915 1612.0456967  1612.66714059 1619.7203397
 1639.07160471 1624.79759135 1640.30683029 1644.59377329 1635.35196982
 1602.25567088 1598.88193343 1594.20045457 1596.85763183 1579.28298098
 1601.18512459 1560.33349839 1562.25408389 1542.05197751 1573.57428224
 1536.85124624 1550.46431323 1567.31341803 1548.48823814 1554.18728279
 1558.33801558 1537.21358154 1546.23640697 1558.77263712 1547.34685771
 1545.06168152 1539.86164444 1557.088608   1560.4467524  1555.37652452
 1533.90409999 1513.40709245 1507.76304476 1520.96807167 1542.1013021
 1497.0711429  1540.45315053 1519.13102537 1524.74047473 1510.19476939
 1499.68393479 1482.31781075 1515.61145966 1485.98699771 1486.59151918
 1487.0929226  1479.90495867 1475.60277078 1513.24299581 1485.81427317
 1512.43750321 1512.17850808 1515.81771636 1518.19184838 1492.72547679
 1492.32099937 1477.38280934 1469.73002573 1460.19428784 1491.82267746
 1507.75600481 1505.19597903 1493.27090366 1523.29713357 1480.08051967
 1477.24769895 1502.89014489 1485.06519966 1491.70586889 1492.72850668
 1483.68732392 1498.82957191 1530.9460798  1509.83349566 1520.34139943
 1492.50973861 1501.84273698 1521.14662103 1517.82551401 1507.38789717
 1514.88574991 1507.61056484 1490.25036872 1524.22960252 1516.16203399
 1545.32579496 1549.5026848  1568.56440528 1572.16009212 1561.02937912
 1497.6341916  1481.59727269 1451.12452686 1434.07859948 1430.68986203
 1455.12480485 1453.95472824 1420.11921526 1436.92352515 1423.93296542
 1426.36235246 1444.75422482 1448.34914706 1427.01690163 1413.01197401
 1442.6282786  1450.31603541 1419.46877029 1463.06478513 1445.84605547
 1455.74093492 1447.81936062 1425.2096158  1432.32700047 1438.98306516
 1446.09675549 1433.17688421 1418.03703451 1427.11686632 1442.64920517
 1436.42344927 1419.66418115 1440.24011612 1444.82551822 1428.82813678
 1468.05561092 1438.05401053 1430.23157728 1440.690895   1435.8774225
 1422.36465642 1436.77814699 1401.30123463 1400.5112472  1416.88088822
 1426.82650997 1432.91411933 1428.20898875 1402.83138616 1414.95627892
 1441.27868495 1452.9398866  1440.01448043 1435.7182984  1433.41783928
 1445.61005556 1464.58003239 1455.47411994 1454.13807961 1457.17347051
 1465.26657503 1442.21015671 1426.65542031 1410.37803436 1417.39678134
 1435.08080722 1429.88999005 1412.5635844  1428.40022332 1433.99225522
 1403.62157458 1406.32909614 1390.47132336 1388.93665841 1394.6003945
 1390.98647496 1373.10694374 1400.29406139 1388.22709071 1391.02279446
 1384.04308147 1382.86433049 1370.99171724 1371.77398434 1352.00351402
 1379.18769451 1387.92298448 1375.10220639 1393.17423395 1384.97325806
 1383.1064993  1379.19960687 1417.27011356 1429.74957084 1419.24670584
 1408.60711623 1398.18241936 1361.58127566 1369.69603569 1339.5375898
 1380.80231647 1384.48209288 1367.73333139 1381.60078966 1403.89372727
 1359.30967599 1382.48425613 1385.0086504  1367.85825097 1366.63819833
 1360.6733245  1357.53558648 1380.77990104 1389.43060519 1370.07757633
 1394.48668003 1393.09586735 1396.14930417 1370.29097931 1375.71959413
 1381.58765516 1359.10890981 1372.3944798  1381.75095824 1381.14552893
 1373.25351692 1369.2573428  1373.32526974 1361.14404217 1366.40383367
 1380.92269734 1370.41291928 1378.53655027 1373.35522919 1408.92893129
 1376.63440455 1358.91839917 1377.65020796 1369.39058232 1394.04143565
 1368.9856876  1366.98663311 1372.03779279 1365.97284932 1369.20638858
 1368.08828788 1334.10300538 1341.45833778 1365.14318481 1350.33281817
 1366.45672052 1377.59017881 1369.16363244 1375.25719683 1362.31694354
 1365.83732514 1368.16671644 1373.54946355 1368.66189544 1346.19711285
 1349.07130579 1361.52729348 1370.84912078 1377.60266918 1362.30480559
 1361.97940533 1381.26302872 1368.19532746 1361.86110922 1382.55776123
 1354.69757149 1360.75578718 1361.33527763 1347.68120315 1353.44726184
 1385.83694268 1414.752936   1369.02268644 1381.40485509 1377.93878324
 1378.94961575 1363.87395219 1375.25872034 1371.03669695 1355.09659498
 1356.67111863 1359.70491654 1370.75693937 1356.24871486 1370.87483816
 1347.54735167 1355.34759374 1379.83706453 1368.13814386 1355.33312215
 1340.05851412 1340.04571233 1350.58723955 1358.83977413 1340.08415492
 1371.52068392 1364.916896   1362.07792495 1358.07150507 1365.35026205
 1380.1018493  1369.30441075 1367.12018622 1365.13336573 1359.5561841
 1372.52661186 1360.65376083 1389.27381058 1364.97966541 1388.24904092
 1355.75731256 1354.8689753  1386.23717179 1390.91294988 1404.38838214
 1399.1900016  1357.67840288 1354.45494821 1348.98100522 1372.72599277
 1329.23181433 1358.5698885  1386.29176607 1368.5252683  1357.86915443
 1365.46929275 1386.57747663 1378.96285551 1367.84299742 1369.30662975
 1357.91868123 1374.80402571 1378.7904146  1366.40444286 1381.30187144
 1367.49098427 1339.82130095 1358.81458199 1373.32445848 1361.95341036
 1354.87542074 1368.80462247 1367.02812246 1363.27671064 1371.77579236
 1360.94855216 1365.43661116 1355.03616996 1368.38604849 1346.0870158
 1361.09958949 1334.46559776 1354.76484945 1383.46438023 1381.15537817
 1388.34227386 1360.36176323 1380.19928934 1389.16479033 1358.4111831
 1358.45372939 1358.05874102 1356.62696424 1335.56143204 1370.58168221
 1365.71690749 1346.86887548 1382.82430135 1356.84158048 1363.60828113
 1353.03323009 1376.17691305 1381.37289062 1377.19622476 1350.36899777
 1361.47555935 1348.80446217 1372.15027656 1378.3762725  1374.33145868
 1372.74801968 1372.98100414 1355.33788657 1373.75145542 1377.65570761
 1363.16566791 1335.99344268 1362.82093189 1358.80246266 1364.97535866
 1382.84924604 1361.05020933 1378.26138876 1334.89503818 1357.73576247
 1376.1911947  1361.08778664 1377.61428153 1355.98967767 1347.43116737
 1415.14273601 1370.66648557 1374.24623075 1334.1144757  1383.24225207
 1373.71128252 1383.00689243 1366.82140811 1339.31363152 1350.70985004
 1366.43066771 1363.79024212 1364.71881098 1391.35418251 1377.1082582
 1365.09259326 1367.74699053 1363.02567482 1372.45083136 1368.19019609
 1345.42249352 1397.48313789 1352.33221771 1375.33770817 1360.04855144
 1354.01871868 1377.35600325 1399.34626181 1384.09082383 1392.47776978
 1387.17553915 1392.39107975 1364.5865902  1363.88039243 1372.57003349
 1352.83739748 1370.10510289 1337.93080998 1359.42817613 1378.22870835
 1362.6713781  1350.6133902  1352.95984487 1370.04507137 1366.63758254
 1372.54687141 1375.30038047 1353.96099372 1372.43697291 1371.61500334
 1359.87432877 1363.24680266 1369.54960666 1368.3877713  1389.26318319
 1363.36565469 1361.15858825 1356.47620538 1382.51234962 1380.42720117
 1368.85791949 1376.43853091 1390.0388796  1373.98806761 1369.75514397
 1357.11904838 1370.73966284 1373.03945332 1371.64186093 1377.69382496
 1378.7817902  1355.1433601  1339.86424363 1342.13651118 1361.98483456
 1363.21904809 1374.01595511 1371.70358067 1384.20143385 1385.9668951
 1403.01268805 1383.75011432 1364.41346678 1385.00631017 1350.54016345
 1348.64501226 1379.32779191 1404.57791538 1417.39069913 1382.39733003
 1404.69883041 1380.43256871 1373.53244157 1377.46133178 1355.09464782
 1359.19024054 1347.75735035 1356.1388417  1362.54114046 1350.96648235
 1356.63003569 1366.06628119 1364.4936563  1352.64643153 1357.73796308
 1374.70508531 1381.3821071  1345.34515043 1361.32928555 1356.16070705
 1378.43706968 1354.14028513 1344.4681711  1379.81970093 1372.27141891
 1371.47515806 1385.80618516 1366.13619135 1376.01442976 1378.31103759
 1365.56635623 1372.05409373 1386.15578511 1345.75622524 1376.06889334
 1375.20682306 1356.56322976 1348.84201839 1357.68991371 1364.13508734
 1377.71635153 1383.51212395 1381.12168408 1368.45515493 1375.86972974
 1370.64829938 1387.66753785 1372.58082626 1382.85255606 1364.59794467
 1374.34587679 1348.48195945 1352.60019444 1375.25193861 1362.38687914
 1360.46230839 1348.39004072 1353.07023532 1364.8073848  1361.79503266
 1370.65753517 1341.13991542 1360.81541672 1355.12014237 1353.28514526
 1351.31378071 1363.93369231 1374.32851756 1367.68825666 1362.74872792
 1366.55895039 1343.50779985 1359.88707094 1345.42478623 1358.97731452
 1344.29158357 1347.4531057  1349.27874154 1348.76595201 1378.83770752
 1356.3239875  1350.11659796 1360.04872925 1324.41557314 1365.46856785
 1384.22737117 1342.89184311 1356.20085568 1355.23899471 1395.23604344
 1382.29322155 1397.45591941 1364.53701472 1387.88667262 1376.68516886
 1357.26849029 1356.04189725 1377.28621776 1395.31644085 1373.91091804
 1357.35205142 1366.04651123 1367.22509152 1337.95370699 1369.58098113
 1372.62726264 1374.46568809 1363.8832266  1352.20750265 1380.60926866
 1346.4978485  1346.36235691 1365.3780439  1378.62422239 1385.01675755
 1361.43129471 1380.38566937 1361.03312249 1360.90696005 1380.95764258
 1369.66112698 1396.7817215  1382.77569311 1376.47260891 1357.1996387
 1348.17590542 1330.12935257 1356.88991787 1356.24710349 1378.71668547
 1360.40081356 1337.5363295  1362.7645816  1355.99715897 1367.72766169
 1385.23895513 1358.12485823 1363.84916704 1371.74973664 1363.91617347
 1354.42848371 1346.86422634 1363.08854195 1366.53090964 1342.22591894
 1374.62245754 1374.9806782  1362.42225804 1353.49685408 1350.17004356
 1376.88384438 1356.01223565 1382.00700272 1361.74727095 1355.77380525
 1363.87775132 1377.62974986 1376.9975677  1375.83167559 1363.57056305
 1353.50349337 1356.06745373 1379.29775492 1355.85817898 1359.53037128
 1383.10322018 1382.36995889 1349.09139752 1352.34500209 1349.93944778
 1358.49477802 1367.64304002 1391.76218036 1365.64496204 1355.03173569
 1335.69338077 1352.92198227 1394.20701549 1375.25763534 1359.93636392
 1347.20503608 1344.70877845 1341.76423088 1364.90380113 1351.17173693
 1390.00816438 1375.5783899  1363.97862292 1347.2476013  1375.7065313
 1390.27055447 1372.96836512 1367.48328459 1363.55504387 1394.56564644
 1366.25390694 1352.08234826 1345.37545132 1361.72594509 1348.59418604
 1356.69233662 1371.94115135 1366.52756644 1366.65879234 1374.33851222
 1397.94226249 1386.34900334 1390.65653446 1361.20044004 1355.70055438
 1353.21380208 1365.21896121 1363.7891342  1370.95335413 1355.78859878
 1329.45200186 1374.55360318 1353.32242988 1364.08519968 1371.22100552
 1371.24535003 1358.97345228 1330.41865745 1350.23065001 1343.92094883
 1379.39877557 1364.10602716 1349.74793436 1380.71236732 1363.07297365
 1361.09422269 1369.77232012 1360.66620429 1371.89659128 1380.23487337
 1383.13394766 1369.76183505 1367.29425395 1374.53347149 1351.01465176
 1359.34864215 1362.46992722 1359.67812322 1371.69785682 1392.1709208
 1363.23657274 1356.53433635 1377.45532589 1374.42068011 1358.68048089
 1375.53525377 1363.96585745 1350.34825698 1352.13228055 1402.25719208
 1366.03058283 1352.03489159 1354.88508979 1372.12313724 1339.95915207
 1376.47870323 1356.80003592 1364.48510947 1371.77578817 1343.63185108
 1366.14654045 1360.03240309 1375.30419739 1359.71141208 1354.37591735
 1349.11929908 1349.35534488 1366.02908214 1354.40795702 1351.25988476
 1382.10787892 1374.77734736 1377.32076326 1341.65869843 1366.00224269
 1369.83702632 1355.64998359 1388.68741585 1360.72201381 1367.72112519
 1380.91071462 1373.14117455 1357.99519638 1379.59920909 1375.33770082
 1353.23603808 1353.07359377 1365.31024964 1371.01505086 1359.74898865
 1357.90713351 1367.01743664 1366.51639774 1379.11156506 1356.72144298
 1398.99601956 1368.59514863 1362.5557847  1358.40137493 1385.74902564
 1362.62998585] 

Feasible stats: [(  0.,   0.) (  0., 100.) (  0., 100.) ( 61.,  39.) ( 61.,  39.)
 ( 41.,  59.) ( 41.,  59.) ( 44.,  56.) ( 44.,  56.) ( 41.,  59.)
 ( 41.,  59.) ( 42.,  58.) ( 42.,  58.) ( 36.,  64.) ( 36.,  64.)
 ( 41.,  59.) ( 41.,  59.) ( 43.,  57.) ( 43.,  57.) ( 36.,  64.)
 ( 36.,  64.) ( 39.,  61.) ( 39.,  61.) ( 43.,  57.) ( 43.,  57.)
 ( 52.,  48.) ( 52.,  48.) ( 48.,  52.) ( 48.,  52.) ( 48.,  52.)
 ( 48.,  52.) ( 48.,  52.) ( 48.,  52.) ( 46.,  54.) ( 46.,  54.)
 ( 53.,  47.) ( 53.,  47.) ( 48.,  52.) ( 48.,  52.) ( 58.,  42.)
 ( 58.,  42.) ( 76.,  24.) ( 76.,  24.) ( 83.,  17.) ( 83.,  17.)
 ( 90.,  10.) ( 90.,  10.) ( 81.,  19.) ( 81.,  19.) ( 86.,  14.)
 ( 86.,  14.) ( 79.,  21.) ( 79.,  21.) ( 78.,  22.) ( 78.,  22.)
 ( 84.,  16.) ( 84.,  16.) ( 89.,  11.) ( 89.,  11.) ( 92.,   8.)
 ( 92.,   8.) ( 93.,   7.) ( 93.,   7.) ( 96.,   4.) ( 96.,   4.)
 ( 92.,   8.) ( 92.,   8.) ( 87.,  13.) ( 87.,  13.) ( 92.,   8.)
 ( 92.,   8.) ( 92.,   8.) ( 92.,   8.) ( 97.,   3.) ( 97.,   3.)
 ( 97.,   3.) ( 97.,   3.) ( 92.,   8.) ( 92.,   8.) ( 92.,   8.)
 ( 92.,   8.) ( 91.,   9.) ( 91.,   9.) ( 92.,   8.) ( 92.,   8.)
 ( 91.,   9.) ( 91.,   9.) ( 86.,  14.) ( 86.,  14.) ( 72.,  28.)
 ( 72.,  28.) ( 61.,  39.) ( 61.,  39.) ( 53.,  47.) ( 53.,  47.)
 ( 62.,  38.) ( 62.,  38.) ( 61.,  39.) ( 61.,  39.) ( 64.,  36.)
 ( 64.,  36.) ( 75.,  25.) ( 75.,  25.) ( 86.,  14.) ( 86.,  14.)
 ( 83.,  17.) ( 83.,  17.) ( 89.,  11.) ( 89.,  11.) ( 95.,   5.)
 ( 95.,   5.) ( 78.,  22.) ( 78.,  22.) ( 51.,  49.) ( 51.,  49.)
 ( 34.,  66.) ( 34.,  66.) ( 26.,  74.) ( 26.,  74.) ( 24.,  76.)
 ( 24.,  76.) ( 18.,  82.) ( 18.,  82.) ( 14.,  86.) ( 14.,  86.)
 ( 17.,  83.) ( 17.,  83.) ( 16.,  84.) ( 16.,  84.) ( 13.,  87.)
 ( 13.,  87.) ( 15.,  85.) ( 15.,  85.) ( 13.,  87.) ( 13.,  87.)
 ( 19.,  81.) ( 19.,  81.) ( 28.,  72.) ( 28.,  72.) ( 19.,  81.)
 ( 19.,  81.) ( 27.,  73.) ( 27.,  73.) ( 21.,  79.) ( 21.,  79.)
 ( 19.,  81.) ( 19.,  81.) ( 22.,  78.) ( 22.,  78.) ( 17.,  83.)
 ( 17.,  83.) ( 14.,  86.) ( 14.,  86.) ( 12.,  88.) ( 12.,  88.)
 ( 18.,  82.) ( 18.,  82.) ( 31.,  69.) ( 31.,  69.) ( 23.,  77.)
 ( 23.,  77.) ( 28.,  72.) ( 28.,  72.) ( 31.,  69.) ( 31.,  69.)
 ( 20.,  80.) ( 20.,  80.) ( 17.,  83.) ( 17.,  83.) ( 18.,  82.)
 ( 18.,  82.) ( 17.,  83.) ( 17.,  83.) ( 18.,  82.) ( 18.,  82.)
 ( 24.,  76.) ( 24.,  76.) ( 22.,  78.) ( 22.,  78.) ( 24.,  76.)
 ( 24.,  76.) ( 34.,  66.) ( 34.,  66.) ( 43.,  57.) ( 43.,  57.)
 ( 44.,  56.) ( 44.,  56.) ( 38.,  62.) ( 38.,  62.) ( 49.,  51.)
 ( 49.,  51.) ( 51.,  49.) ( 51.,  49.) ( 24.,  76.) ( 24.,  76.)
 ( 36.,  64.) ( 36.,  64.) ( 29.,  71.) ( 29.,  71.) ( 28.,  72.)
 ( 28.,  72.) ( 20.,  80.) ( 20.,  80.) ( 29.,  71.) ( 29.,  71.)
 ( 25.,  75.) ( 25.,  75.) ( 31.,  69.) ( 31.,  69.) ( 20.,  80.)
 ( 20.,  80.) ( 25.,  75.) ( 25.,  75.) ( 20.,  80.) ( 20.,  80.)
 ( 26.,  74.) ( 26.,  74.) ( 31.,  69.) ( 31.,  69.) ( 26.,  74.)
 ( 26.,  74.) ( 33.,  67.) ( 33.,  67.) ( 23.,  77.) ( 23.,  77.)
 ( 26.,  74.) ( 26.,  74.) ( 20.,  80.) ( 20.,  80.) ( 13.,  87.)
 ( 13.,  87.) ( 14.,  86.) ( 14.,  86.) ( 13.,  87.) ( 13.,  87.)
 ( 19.,  81.) ( 19.,  81.) ( 19.,  81.) ( 19.,  81.) ( 19.,  81.)
 ( 19.,  81.) ( 25.,  75.) ( 25.,  75.) ( 22.,  78.) ( 22.,  78.)
 ( 14.,  86.) ( 14.,  86.) ( 17.,  83.) ( 17.,  83.) ( 15.,  85.)
 ( 15.,  85.) ( 26.,  74.) ( 26.,  74.) ( 15.,  85.) ( 15.,  85.)
 ( 13.,  87.) ( 13.,  87.) ( 13.,  87.) ( 13.,  87.) ( 15.,  85.)
 ( 15.,  85.) ( 16.,  84.) ( 16.,  84.) ( 25.,  75.) ( 25.,  75.)
 ( 21.,  79.) ( 21.,  79.) ( 16.,  84.) ( 16.,  84.) ( 15.,  85.)
 ( 15.,  85.) ( 15.,  85.) ( 15.,  85.) ( 28.,  72.) ( 28.,  72.)
 ( 15.,  85.) ( 15.,  85.) ( 19.,  81.) ( 19.,  81.) ( 24.,  76.)
 ( 24.,  76.) ( 22.,  78.) ( 22.,  78.) ( 20.,  80.) ( 20.,  80.)
 ( 30.,  70.) ( 30.,  70.) ( 32.,  68.) ( 32.,  68.) ( 33.,  67.)
 ( 33.,  67.) ( 38.,  62.) ( 38.,  62.) ( 32.,  68.) ( 32.,  68.)
 ( 50.,  50.) ( 50.,  50.) ( 68.,  32.) ( 68.,  32.) ( 78.,  22.)
 ( 78.,  22.) ( 91.,   9.) ( 91.,   9.) ( 98.,   2.) ( 98.,   2.)
 ( 99.,   1.) ( 99.,   1.) ( 94.,   6.) ( 94.,   6.) ( 99.,   1.)
 ( 99.,   1.) ( 98.,   2.) ( 98.,   2.) ( 98.,   2.) ( 98.,   2.)
 ( 97.,   3.) ( 97.,   3.) ( 98.,   2.) ( 98.,   2.) ( 98.,   2.)
 ( 98.,   2.) ( 97.,   3.) ( 97.,   3.) ( 93.,   7.) ( 93.,   7.)
 ( 96.,   4.) ( 96.,   4.) ( 97.,   3.) ( 97.,   3.) ( 95.,   5.)
 ( 95.,   5.) ( 99.,   1.) ( 99.,   1.) ( 97.,   3.) ( 97.,   3.)
 ( 96.,   4.) ( 96.,   4.) ( 96.,   4.) ( 96.,   4.) ( 98.,   2.)
 ( 98.,   2.) ( 96.,   4.) ( 96.,   4.) (100.,   0.) (100.,   0.)
 ( 99.,   1.) ( 99.,   1.) ( 96.,   4.) ( 96.,   4.) (100.,   0.)
 (100.,   0.) ( 97.,   3.) ( 97.,   3.) ( 98.,   2.) ( 98.,   2.)
 ( 98.,   2.) ( 98.,   2.) ( 99.,   1.) ( 99.,   1.) ( 97.,   3.)
 ( 97.,   3.) ( 86.,  14.) ( 86.,  14.) ( 94.,   6.) ( 94.,   6.)
 ( 98.,   2.) ( 98.,   2.) ( 97.,   3.) ( 97.,   3.) ( 99.,   1.)
 ( 99.,   1.) ( 95.,   5.) ( 95.,   5.) ( 98.,   2.) ( 98.,   2.)
 ( 97.,   3.) ( 97.,   3.) (100.,   0.) (100.,   0.) ( 99.,   1.)
 ( 99.,   1.) ( 97.,   3.) ( 97.,   3.) ( 98.,   2.) ( 98.,   2.)
 ( 98.,   2.) ( 98.,   2.) ( 98.,   2.) ( 98.,   2.) ( 99.,   1.)
 ( 99.,   1.) ( 99.,   1.) ( 99.,   1.) ( 96.,   4.) ( 96.,   4.)
 ( 92.,   8.) ( 92.,   8.) ( 96.,   4.) ( 96.,   4.) ( 95.,   5.)
 ( 95.,   5.) (100.,   0.) (100.,   0.) ( 98.,   2.) ( 98.,   2.)
 ( 94.,   6.) ( 94.,   6.) ( 97.,   3.) ( 97.,   3.) ( 99.,   1.)
 ( 99.,   1.) (100.,   0.) (100.,   0.) ( 99.,   1.) ( 99.,   1.)
 ( 95.,   5.) ( 95.,   5.) ( 94.,   6.) ( 94.,   6.) ( 97.,   3.)
 ( 97.,   3.) ( 97.,   3.) ( 97.,   3.) ( 97.,   3.) ( 97.,   3.)
 ( 94.,   6.) ( 94.,   6.) ( 99.,   1.) ( 99.,   1.) ( 96.,   4.)
 ( 96.,   4.) ( 96.,   4.) ( 96.,   4.) ( 98.,   2.) ( 98.,   2.)
 ( 95.,   5.) ( 95.,   5.) ( 97.,   3.) ( 97.,   3.) ( 93.,   7.)
 ( 93.,   7.) ( 98.,   2.) ( 98.,   2.) ( 96.,   4.) ( 96.,   4.)
 ( 97.,   3.) ( 97.,   3.) ( 97.,   3.) ( 97.,   3.) ( 95.,   5.)
 ( 95.,   5.) ( 96.,   4.) ( 96.,   4.) ( 97.,   3.) ( 97.,   3.)
 ( 94.,   6.) ( 94.,   6.) ( 97.,   3.) ( 97.,   3.) ( 96.,   4.)
 ( 96.,   4.) ( 97.,   3.) ( 97.,   3.) ( 96.,   4.) ( 96.,   4.)
 ( 98.,   2.) ( 98.,   2.) ( 97.,   3.) ( 97.,   3.) ( 96.,   4.)
 ( 96.,   4.) ( 99.,   1.) ( 99.,   1.) ( 97.,   3.) ( 97.,   3.)
 ( 99.,   1.) ( 99.,   1.) ( 98.,   2.) ( 98.,   2.) ( 94.,   6.)
 ( 94.,   6.) ( 95.,   5.) ( 95.,   5.) ( 98.,   2.) ( 98.,   2.)
 ( 97.,   3.) ( 97.,   3.) ( 98.,   2.) ( 98.,   2.) ( 94.,   6.)
 ( 94.,   6.) ( 97.,   3.) ( 97.,   3.) ( 98.,   2.) ( 98.,   2.)
 ( 96.,   4.) ( 96.,   4.) (100.,   0.) (100.,   0.) ( 96.,   4.)
 ( 96.,   4.) ( 97.,   3.) ( 97.,   3.) ( 92.,   8.) ( 92.,   8.)
 ( 97.,   3.) ( 97.,   3.) ( 97.,   3.) ( 97.,   3.) ( 99.,   1.)
 ( 99.,   1.) ( 98.,   2.) ( 98.,   2.) ( 97.,   3.) ( 97.,   3.)
 ( 97.,   3.) ( 97.,   3.) ( 98.,   2.) ( 98.,   2.) ( 96.,   4.)
 ( 96.,   4.) ( 98.,   2.) ( 98.,   2.) ( 98.,   2.) ( 98.,   2.)
 ( 97.,   3.) ( 97.,   3.) ( 96.,   4.) ( 96.,   4.) ( 97.,   3.)
 ( 97.,   3.) ( 95.,   5.) ( 95.,   5.) ( 98.,   2.) ( 98.,   2.)
 ( 97.,   3.) ( 97.,   3.) ( 96.,   4.) ( 96.,   4.) ( 97.,   3.)
 ( 97.,   3.) ( 97.,   3.) ( 97.,   3.) ( 97.,   3.) ( 97.,   3.)
 ( 97.,   3.) ( 97.,   3.) ( 98.,   2.) ( 98.,   2.) ( 97.,   3.)
 ( 97.,   3.) ( 98.,   2.) ( 98.,   2.) ( 97.,   3.) ( 97.,   3.)
 ( 97.,   3.) ( 97.,   3.) ( 99.,   1.) ( 99.,   1.) ( 93.,   7.)
 ( 93.,   7.) ( 97.,   3.) ( 97.,   3.) ( 96.,   4.) ( 96.,   4.)
 ( 99.,   1.) ( 99.,   1.) ( 95.,   5.) ( 95.,   5.) (100.,   0.)
 (100.,   0.) ( 95.,   5.) ( 95.,   5.) ( 97.,   3.) ( 97.,   3.)
 ( 97.,   3.) ( 97.,   3.) ( 99.,   1.) ( 99.,   1.) ( 97.,   3.)
 ( 97.,   3.) ( 98.,   2.) ( 98.,   2.) ( 97.,   3.) ( 97.,   3.)
 (100.,   0.) (100.,   0.) ( 94.,   6.) ( 94.,   6.) ( 98.,   2.)
 ( 98.,   2.) ( 98.,   2.) ( 98.,   2.) ( 97.,   3.) ( 97.,   3.)
 ( 99.,   1.) ( 99.,   1.) ( 98.,   2.) ( 98.,   2.) ( 99.,   1.)
 ( 99.,   1.) ( 97.,   3.) ( 97.,   3.) ( 96.,   4.) ( 96.,   4.)
 ( 96.,   4.) ( 96.,   4.) ( 99.,   1.) ( 99.,   1.) (100.,   0.)
 (100.,   0.) ( 98.,   2.) ( 98.,   2.) ( 98.,   2.) ( 98.,   2.)
 ( 99.,   1.) ( 99.,   1.) ( 95.,   5.) ( 95.,   5.) ( 97.,   3.)
 ( 97.,   3.) ( 95.,   5.) ( 95.,   5.) ( 98.,   2.) ( 98.,   2.)
 ( 94.,   6.) ( 94.,   6.) ( 95.,   5.) ( 95.,   5.) ( 98.,   2.)
 ( 98.,   2.) ( 97.,   3.) ( 97.,   3.) ( 95.,   5.) ( 95.,   5.)
 ( 96.,   4.) ( 96.,   4.) ( 95.,   5.) ( 95.,   5.) ( 93.,   7.)
 ( 93.,   7.) ( 96.,   4.) ( 96.,   4.) ( 97.,   3.) ( 97.,   3.)
 ( 98.,   2.) ( 98.,   2.) ( 98.,   2.) ( 98.,   2.) ( 99.,   1.)
 ( 99.,   1.) ( 97.,   3.) ( 97.,   3.) ( 99.,   1.) ( 99.,   1.)
 ( 96.,   4.) ( 96.,   4.) ( 96.,   4.) ( 96.,   4.) ( 99.,   1.)
 ( 99.,   1.) ( 95.,   5.) ( 95.,   5.) ( 98.,   2.) ( 98.,   2.)
 ( 96.,   4.) ( 96.,   4.) ( 98.,   2.) ( 98.,   2.) ( 98.,   2.)
 ( 98.,   2.) ( 98.,   2.) ( 98.,   2.) ( 98.,   2.) ( 98.,   2.)
 ( 97.,   3.) ( 97.,   3.) ( 97.,   3.) ( 97.,   3.) (100.,   0.)
 (100.,   0.) ( 96.,   4.) ( 96.,   4.) ( 96.,   4.) ( 96.,   4.)
 ( 97.,   3.) ( 97.,   3.) ( 96.,   4.) ( 96.,   4.) ( 97.,   3.)
 ( 97.,   3.) ( 98.,   2.) ( 98.,   2.) ( 97.,   3.) ( 97.,   3.)
 ( 97.,   3.) ( 97.,   3.) ( 95.,   5.) ( 95.,   5.) ( 99.,   1.)
 ( 99.,   1.) ( 96.,   4.) ( 96.,   4.) ( 92.,   8.) ( 92.,   8.)
 (100.,   0.) (100.,   0.) ( 99.,   1.) ( 99.,   1.) ( 98.,   2.)
 ( 98.,   2.) ( 98.,   2.) ( 98.,   2.) (100.,   0.) (100.,   0.)
 ( 95.,   5.) ( 95.,   5.) ( 98.,   2.) ( 98.,   2.) ( 97.,   3.)
 ( 97.,   3.) ( 96.,   4.) ( 96.,   4.) ( 97.,   3.) ( 97.,   3.)
 ( 94.,   6.) ( 94.,   6.) ( 97.,   3.) ( 97.,   3.) ( 98.,   2.)
 ( 98.,   2.) ( 98.,   2.) ( 98.,   2.) ( 97.,   3.) ( 97.,   3.)
 ( 98.,   2.) ( 98.,   2.) ( 95.,   5.) ( 95.,   5.) ( 98.,   2.)
 ( 98.,   2.) ( 98.,   2.) ( 98.,   2.) ( 96.,   4.) ( 96.,   4.)
 ( 96.,   4.) ( 96.,   4.) (100.,   0.) (100.,   0.) ( 98.,   2.)
 ( 98.,   2.) ( 97.,   3.) ( 97.,   3.) ( 99.,   1.) ( 99.,   1.)
 ( 97.,   3.) ( 97.,   3.) ( 95.,   5.) ( 95.,   5.) ( 99.,   1.)
 ( 99.,   1.) ( 99.,   1.) ( 99.,   1.) ( 96.,   4.) ( 96.,   4.)
 ( 98.,   2.) ( 98.,   2.) ( 97.,   3.) ( 97.,   3.) ( 99.,   1.)
 ( 99.,   1.) ( 97.,   3.) ( 97.,   3.) ( 99.,   1.) ( 99.,   1.)
 ( 98.,   2.) ( 98.,   2.) ( 96.,   4.) ( 96.,   4.) ( 98.,   2.)
 ( 98.,   2.) ( 99.,   1.) ( 99.,   1.) (100.,   0.) (100.,   0.)
 ( 96.,   4.) ( 96.,   4.) ( 98.,   2.) ( 98.,   2.) ( 99.,   1.)
 ( 99.,   1.) ( 97.,   3.) ( 97.,   3.) ( 98.,   2.) ( 98.,   2.)
 ( 98.,   2.) ( 98.,   2.) ( 99.,   1.) ( 99.,   1.) ( 99.,   1.)
 ( 99.,   1.) ( 98.,   2.) ( 98.,   2.) ( 96.,   4.) ( 96.,   4.)
 ( 97.,   3.) ( 97.,   3.) ( 97.,   3.) ( 97.,   3.) ( 98.,   2.)
 ( 98.,   2.) ( 98.,   2.) ( 98.,   2.) ( 98.,   2.) ( 98.,   2.)
 ( 98.,   2.) ( 98.,   2.) ( 97.,   3.) ( 97.,   3.) ( 93.,   7.)
 ( 93.,   7.) ( 97.,   3.) ( 97.,   3.) (100.,   0.) (100.,   0.)
 ( 98.,   2.) ( 98.,   2.) ( 98.,   2.) ( 98.,   2.) ( 97.,   3.)
 ( 97.,   3.) ( 96.,   4.) ( 96.,   4.) ( 94.,   6.) ( 94.,   6.)
 ( 98.,   2.) ( 98.,   2.) ( 99.,   1.) ( 99.,   1.) ( 99.,   1.)
 ( 99.,   1.) ( 97.,   3.) ( 97.,   3.) ( 97.,   3.) ( 97.,   3.)
 ( 98.,   2.) ( 98.,   2.) ( 94.,   6.) ( 94.,   6.) ( 97.,   3.)
 ( 97.,   3.) ( 98.,   2.) ( 98.,   2.) ( 94.,   6.) ( 94.,   6.)
 ( 97.,   3.) ( 97.,   3.) ( 97.,   3.) ( 97.,   3.) ( 97.,   3.)
 ( 97.,   3.) ( 98.,   2.) ( 98.,   2.) ( 97.,   3.) ( 97.,   3.)
 ( 98.,   2.) ( 98.,   2.) ( 97.,   3.) ( 97.,   3.) ( 98.,   2.)
 ( 98.,   2.) ( 98.,   2.) ( 98.,   2.) ( 98.,   2.) ( 98.,   2.)
 ( 96.,   4.) ( 96.,   4.) ( 97.,   3.) ( 97.,   3.) ( 96.,   4.)
 ( 96.,   4.) ( 97.,   3.) ( 97.,   3.) ( 96.,   4.) ( 96.,   4.)
 ( 98.,   2.) ( 98.,   2.) ( 97.,   3.) ( 97.,   3.) ( 97.,   3.)
 ( 97.,   3.) ( 98.,   2.) ( 98.,   2.) ( 98.,   2.) ( 98.,   2.)
 ( 97.,   3.) ( 97.,   3.) ( 99.,   1.) ( 99.,   1.) ( 95.,   5.)
 ( 95.,   5.) ( 93.,   7.) ( 93.,   7.) ( 95.,   5.) ( 95.,   5.)
 ( 98.,   2.) ( 98.,   2.) ( 99.,   1.) ( 99.,   1.) ( 98.,   2.)
 ( 98.,   2.) ( 98.,   2.) ( 98.,   2.) ( 99.,   1.) ( 99.,   1.)
 ( 98.,   2.) ( 98.,   2.) ( 99.,   1.) ( 99.,   1.) ( 98.,   2.)
 ( 98.,   2.) ( 97.,   3.) ( 97.,   3.) ( 97.,   3.) ( 97.,   3.)
 ( 97.,   3.) ( 97.,   3.) ( 96.,   4.) ( 96.,   4.) ( 96.,   4.)
 ( 96.,   4.) ( 97.,   3.) ( 97.,   3.) ( 99.,   1.) ( 99.,   1.)
 ( 98.,   2.) ( 98.,   2.) ( 96.,   4.) ( 96.,   4.) ( 98.,   2.)
 ( 98.,   2.) ( 96.,   4.) ( 96.,   4.) ( 97.,   3.) ( 97.,   3.)
 ( 95.,   5.) ( 95.,   5.) ( 98.,   2.) ( 98.,   2.) ( 99.,   1.)
 ( 99.,   1.) ( 98.,   2.) ( 98.,   2.) (100.,   0.) (100.,   0.)
 (100.,   0.) (100.,   0.) ( 97.,   3.) ( 97.,   3.) ( 97.,   3.)
 ( 97.,   3.) ( 99.,   1.) ( 99.,   1.) ( 99.,   1.) ( 99.,   1.)
 ( 97.,   3.) ( 97.,   3.) ( 97.,   3.) ( 97.,   3.) ( 97.,   3.)
 ( 97.,   3.) ( 95.,   5.) ( 95.,   5.) ( 96.,   4.) ( 96.,   4.)
 ( 97.,   3.) ( 97.,   3.) ( 97.,   3.) ( 97.,   3.) ( 95.,   5.)
 ( 95.,   5.) ( 97.,   3.) ( 97.,   3.) ( 97.,   3.) ( 97.,   3.)
 ( 96.,   4.) ( 96.,   4.) ( 95.,   5.) ( 95.,   5.) ( 98.,   2.)
 ( 98.,   2.) ( 98.,   2.) ( 98.,   2.) ( 98.,   2.) ( 98.,   2.)
 ( 97.,   3.) ( 97.,   3.) ( 94.,   6.) ( 94.,   6.) ( 95.,   5.)
 ( 95.,   5.)] 
Solution Description: 
p: [  0.          17.53554117 103.64347564 105.8262604  184.34096883
 245.8059681  264.57043014 278.2518425  299.14616621 313.46787517
 313.51300271 339.09092108 340.47622504   0.          20.13911547
  59.45001662  86.01029648 101.02400587 110.1782806  112.04401279
 123.45862097 147.42308243   0.          65.99754208  83.71509657
 112.13500659 133.25933186 134.14736316 157.45175092 168.77402137
 268.72767979 268.994625   338.31466891 339.06776803 339.73608982
 356.61412096 356.79053374 417.98471418 501.86133262 503.94937943
   0.          26.15383911  38.29973378  84.02302885  90.83428386
 101.8112928  115.50138825 128.16598436 162.81389226 206.3715078
 296.311579   301.91366691] 
pred: [ 0  0  0  0  3  3  3  6  6  6  6 10 10  0  0  0  0  0  0  0  6  6  0  0
  0  0  0  0  0  0  7  7  7  7  7  7  7 14 14 14  0  0  0  2  2  2  2  2
  2  8  8  8] 
distance [  0.          17.53554117 103.64347564 105.8262604   78.51470843
 139.9797077  158.74416974  13.68141235  34.57573607  48.89744503
  48.94257257  25.57791837  26.96322233   0.          20.13911547
  59.45001662  86.01029648 101.02400587 110.1782806  112.04401279
  11.41460818  35.37906964   0.          65.99754208  83.71509657
 112.13500659 133.25933186 134.14736316 157.45175092 168.77402137
  99.95365842 100.22060363 169.54064754 170.29374666 170.96206844
 187.84009958 188.01651237  61.19418044 145.07079888 147.15884568
   0.          26.15383911  38.29973378  45.72329507  52.53455008
  63.51155902  77.20165447  89.86625057 124.51415848  43.55761555
 133.49768675 139.09977465]
load: [  0  13  22  31  22  41  65  14  27  30  46  22  33   0  25  30  46  62
  72  79  18  39   0   8  18  26  40  46  60  70  19  35  44  64  84  96
 121   5   8  20   0  13  26  21  40  46  71  86 101   4   9  26] 
time: [  0.         170.         340.         359.24049641  75.
 169.         459.         159.         173.4613902  195.87287946
 456.         182.         322.           0.         130.
 160.         398.         440.23624841 473.3964008  510.10459224
  90.         371.           0.         203.         228.39224704
 255.16269724 329.         352.76536142 378.         416.94195481
  72.         192.         241.20298871 268.20115563 282.44169868
 317.         446.         204.         319.         399.
   0.         207.         375.         115.         308.
 325.46934669 414.         443.         485.92676098 226.
 444.         473.95303324] 
time warps: [0 0 0 0 0 0 0 0 0 0 0 0 0 0 0 0 0 0 0 0 0 0 0 0 0 0 0 0 0 0 0 0 0 0 0 0 0
 0 0 0 0 0 0 0 0 0 0 0 0 0 0 0] 
duration: [  0.          23.53554117 245.58353374 253.76631851 103.51470843
 220.09923223 490.11641965  17.68141235  45.57573607  63.89744503
 320.68342895  31.57791837 162.93071091   0.          29.13911547
  86.64422529 337.70754865 373.72125804 399.87553277 405.74126496
  12.41460818 321.91946541   0.          75.99754208 100.71509657
 136.13500659 202.41248959 205.30052089 257.46492925 281.7871997
 120.95365842 214.42823731 285.74828122 291.50138034 300.16970212
 332.70578374 447.51118491  85.19418044 231.13191211 243.93655365
   0.          48.15383911 199.42604651  55.72329507 251.32425496
 272.3012639  360.05582284 403.26861412 455.91652202  66.55761555
 309.39545114 329.99753904]

All individuals: [(44, [12,  8, 17, 11,  7, 14, 28, 42, 46, 43, 35,  9, 44, 32, 34, 37, 45,  6, 27,  3, 48, 11, 10, 22, 41, 31,  2, 25, 26, 23, 36, 33, 20, 13,  8, 29,  5, 16,  4, 19,  1, 39, 30, 47, 24, 12, 21, 38, 40, 15, 17, 18], 1293.76235381, 1293.76235381, 0.,  0.        , 0., 0., 0, 0, 0.)
 (44, [12,  8, 17, 11,  7, 14, 28, 42, 46, 43, 35,  9, 44, 32, 34, 37, 45,  6, 27,  3, 48, 11, 10, 22, 41, 31,  2, 25, 26, 23, 36, 33, 20, 13,  8, 29,  5, 16,  4, 19,  1, 39, 30, 47, 24, 12, 21, 38, 40, 15, 17, 18], 1293.76235381, 1293.76235381, 0.,  0.        , 0., 0., 0, 0, 0.)
 (44, [12,  8, 17, 11,  7, 14, 28, 42, 46, 43, 35,  9, 44, 32, 34, 37, 45,  6, 27,  3, 48, 11, 10, 22, 41, 31,  2, 25, 26, 23, 36, 33, 20, 13,  8, 29,  5, 16,  4, 19,  1, 39, 30, 47, 24, 12, 21, 38, 40, 15, 17, 18], 1293.76235381, 1293.76235381, 0.,  0.        , 0., 0., 0, 0, 0.)
 (44, [12,  8, 17, 11,  7, 14, 28, 42, 46, 43, 35,  9, 44, 32, 34, 37, 45,  6, 27,  3, 48, 11, 10, 22, 41, 31,  2, 25, 26, 23, 36, 33, 20, 13,  8, 29,  5, 16,  4, 19,  1, 39, 30, 47, 24, 12, 21, 38, 40, 15, 17, 18], 1293.76235381, 1293.76235381, 0.,  0.        , 0., 0., 0, 0, 0.)
 (44, [12,  8, 17, 11,  7, 14, 28, 42, 46, 43, 35,  9, 44, 32, 34, 37, 45,  6, 27,  3, 48, 11, 10, 22, 41, 31,  2, 25, 26, 23, 36, 33, 20, 13,  8, 29,  5, 16,  4, 19,  1, 39, 30, 47, 24, 12, 21, 38, 40, 15, 17, 18], 1293.76235381, 1293.76235381, 0.,  0.        , 0., 0., 0, 0, 0.)
 (44, [12,  8, 17, 11,  7, 14, 28, 42, 46, 43, 35,  9, 44, 32, 34, 37, 45,  6, 27,  3, 48, 11, 10, 22, 41, 31,  2, 25, 26, 23, 36, 33, 20, 13,  8, 29,  5, 16,  4, 19,  1, 39, 30, 47, 24, 12, 21, 38, 40, 15, 17, 18], 1293.76235381, 1293.76235381, 0.,  0.        , 0., 0., 0, 0, 0.)
 (44, [12,  8, 17, 11,  7, 14, 28, 42, 46, 43, 35,  9, 44, 32, 34, 37, 45,  6, 27,  3, 48, 11, 10, 22, 41, 31,  2, 25, 26, 23, 36, 33, 20, 13,  8, 29,  5, 16,  4, 19,  1, 39, 30, 47, 24, 12, 21, 38, 40, 15, 17, 18], 1293.76235381, 1293.76235381, 0.,  0.        , 0., 0., 0, 0, 0.)
 (44, [12,  8, 17, 11,  7, 14, 28, 42, 46, 43, 35,  9, 44, 32, 34, 37, 45,  6, 27,  3, 48, 11, 10, 22, 41, 31,  2, 25, 26, 23, 36, 33, 20, 13,  8, 29,  5, 16,  4, 19,  1, 39, 30, 47, 24, 12, 21, 38, 40, 15, 17, 18], 1293.76235381, 1293.76235381, 0.,  0.        , 0., 0., 0, 0, 0.)
 (44, [12,  8, 17, 11,  7, 14, 28, 42, 46, 43, 35,  9, 44, 32, 34, 37, 45,  6, 27,  3, 48, 11, 10, 22, 41, 31,  2, 25, 26, 23, 36, 33, 20, 13,  8, 29,  5, 16,  4, 19,  1, 39, 30, 47, 24, 12, 21, 38, 40, 15, 17, 18], 1293.76235381, 1293.76235381, 0.,  0.        , 0., 0., 0, 0, 0.)
 (44, [12,  8, 17, 11,  7, 14, 28, 42, 46, 43, 35,  9, 44, 32, 34, 37, 45,  6, 27,  3, 48, 11, 10, 22, 41, 31,  2, 25, 26, 23, 36, 33, 20, 13,  8, 29,  5, 16,  4, 19,  1, 39, 30, 47, 24, 12, 21, 38, 40, 15, 17, 18], 1293.76235381, 1293.76235381, 0.,  0.        , 0., 0., 0, 0, 0.)
 (44, [12,  8, 17, 11,  7, 14, 28, 42, 46, 43, 35,  9, 44, 32, 34, 37, 45,  6, 27,  3, 48, 11, 10, 22, 41, 31,  2, 25, 26, 23, 36, 33, 20, 13,  8, 29,  5, 16,  4, 19,  1, 39, 30, 47, 24, 12, 21, 38, 40, 15, 17, 18], 1293.76235381, 1293.76235381, 0.,  0.        , 0., 0., 0, 0, 0.)
 (44, [12,  8, 17, 11,  7, 14, 28, 42, 46, 43, 35,  9, 44, 32, 34, 37, 45,  6, 27,  3, 48, 11, 10, 22, 41, 31,  2, 25, 26, 23, 36, 33, 20, 13,  8, 29,  5, 16,  4, 19,  1, 39, 30, 47, 24, 12, 21, 38, 40, 15, 17, 18], 1293.76235381, 1293.76235381, 0.,  0.        , 0., 0., 0, 0, 0.)
 (44, [12,  8, 17, 11,  7, 14, 28, 42, 46, 43, 35,  9, 44, 32, 34, 37, 45,  6, 27,  3, 48, 11, 10, 22, 41, 31,  2, 25, 26, 23, 36, 33, 20, 13,  8, 29,  5, 16,  4, 19,  1, 39, 30, 47, 24, 12, 21, 38, 40, 15, 17, 18], 1293.76235381, 1293.76235381, 0.,  0.        , 0., 0., 0, 0, 0.)
 (44, [12,  8, 17, 11,  7, 14, 28, 42, 46, 43, 35,  9, 44, 32, 34, 37, 45,  6, 27,  3, 48, 11, 10, 22, 41, 31,  2, 25, 26, 23, 36, 33, 20, 13,  8, 29,  5, 16,  4, 19,  1, 39, 30, 47, 24, 12, 21, 38, 40, 15, 17, 18], 1293.76235381, 1293.76235381, 0.,  0.        , 0., 0., 0, 0, 0.)
 (44, [12,  8, 17, 11,  7, 14, 28, 42, 46, 43, 35,  9, 44, 32, 34, 37, 45,  6, 27,  3, 48, 11, 10, 22, 41, 31,  2, 25, 26, 23, 36, 33, 20, 13,  8, 29,  5, 16,  4, 19,  1, 39, 30, 47, 24, 12, 21, 38, 40, 15, 17, 18], 1293.76235381, 1293.76235381, 0.,  0.        , 0., 0., 0, 0, 0.)
 (44, [12,  8, 17, 11,  7, 14, 28, 42, 46, 43, 35,  9, 44, 32, 34, 37, 45,  6, 27,  3, 48, 11, 10, 22, 41, 31,  2, 25, 26, 23, 36, 33, 20, 13,  8, 29,  5, 16,  4, 19,  1, 39, 30, 47, 24, 12, 21, 38, 40, 15, 17, 18], 1293.76235381, 1293.76235381, 0.,  0.        , 0., 0., 0, 0, 0.)
 (44, [12,  8, 17, 11,  7, 14, 28, 42, 46, 43, 35,  9, 44, 32, 34, 37, 45,  6, 27,  3, 48, 11, 10, 22, 41, 31,  2, 25, 26, 23, 36, 33, 20, 13,  8, 29,  5, 16,  4, 19,  1, 39, 30, 47, 24, 12, 21, 38, 40, 15, 17, 18], 1293.76235381, 1293.76235381, 0.,  0.        , 0., 0., 0, 0, 0.)
 (44, [12,  8, 17, 11,  7, 14, 28, 42, 46, 43, 35,  9, 44, 32, 34, 37, 45,  6, 27,  3, 48, 11, 10, 22, 41, 31,  2, 25, 26, 23, 36, 33, 20, 13,  8, 29,  5, 16,  4, 19,  1, 39, 30, 47, 24, 12, 21, 38, 40, 15, 17, 18], 1293.76235381, 1293.76235381, 0.,  0.        , 0., 0., 0, 0, 0.)
 (44, [12,  8, 17, 11,  7, 14, 28, 42, 46, 43, 35,  9, 44, 32, 34, 37, 45,  6, 27,  3, 48, 11, 10, 22, 41, 31,  2, 25, 26, 23, 36, 33, 20, 13,  8, 29,  5, 16,  4, 19,  1, 39, 30, 47, 24, 12, 21, 38, 40, 15, 17, 18], 1293.76235381, 1293.76235381, 0.,  0.        , 0., 0., 0, 0, 0.)
 (44, [12,  8, 17, 11,  7, 14, 28, 42, 46, 43, 35,  9, 44, 32, 34, 37, 45,  6, 27,  3, 48, 11, 10, 22, 41, 31,  2, 25, 26, 23, 36, 33, 20, 13,  8, 29,  5, 16,  4, 19,  1, 39, 30, 47, 24, 12, 21, 38, 40, 15, 17, 18], 1293.76235381, 1293.76235381, 0.,  0.        , 0., 0., 0, 0, 0.)
 (44, [12,  8, 17, 11,  7, 14, 28, 42, 46, 43, 35,  9, 44, 32, 34, 37, 45,  6, 27,  3, 48, 11, 10, 22, 41, 31,  2, 25, 26, 23, 36, 33, 20, 13,  8, 29,  5, 16,  4, 19,  1, 39, 30, 47, 24, 12, 21, 38, 40, 15, 17, 18], 1293.76235381, 1293.76235381, 0.,  0.        , 0., 0., 0, 0, 0.)
 (44, [12,  8, 17, 11,  7, 14, 28, 42, 46, 43, 35,  9, 44, 32, 34, 37, 45,  6, 27,  3, 48, 11, 10, 22, 41, 31,  2, 25, 26, 23, 36, 33, 20, 13,  8, 29,  5, 16,  4, 19,  1, 39, 30, 47, 24, 12, 21, 38, 40, 15, 17, 18], 1293.76235381, 1293.76235381, 0.,  0.        , 0., 0., 0, 0, 0.)
 (44, [12,  8, 17, 11,  7, 14, 28, 42, 46, 43, 35,  9, 44, 32, 34, 37, 45,  6, 27,  3, 48, 11, 10, 22, 41, 31,  2, 25, 26, 23, 36, 33, 20, 13,  8, 29,  5, 16,  4, 19,  1, 39, 30, 47, 24, 12, 21, 38, 40, 15, 17, 18], 1293.76235381, 1293.76235381, 0.,  0.        , 0., 0., 0, 0, 0.)
 (44, [12,  8, 17, 11,  7, 14, 28, 42, 46, 43, 35,  9, 44, 32, 34, 37, 45,  6, 27,  3, 48, 11, 10, 22, 41, 31,  2, 25, 26, 23, 36, 33, 20, 13,  8, 29,  5, 16,  4, 19,  1, 39, 30, 47, 24, 12, 21, 38, 40, 15, 17, 18], 1293.76235381, 1293.76235381, 0.,  0.        , 0., 0., 0, 0, 0.)
 (44, [12,  8, 17, 11,  7, 14, 28, 42, 46, 43, 35,  9, 44, 32, 34, 37, 45,  6, 27,  3, 48, 11, 10, 22, 41, 31,  2, 25, 26, 23, 36, 33, 20, 13,  8, 29,  5, 16,  4, 19,  1, 39, 30, 47, 24, 12, 21, 38, 40, 15, 17, 18], 1293.76235381, 1293.76235381, 0.,  0.        , 0., 0., 0, 0, 0.)
 (44, [12,  8, 17, 11,  7, 14, 28, 42, 46, 43, 35,  9, 44, 32, 34, 37, 45,  6, 27,  3, 48, 11, 10, 22, 41, 31,  2, 25, 26, 23, 36, 33, 20, 13,  8, 29,  5, 16,  4, 19,  1, 39, 30, 47, 24, 12, 21, 38, 40, 15, 17, 18], 1293.76235381, 1293.76235381, 0.,  0.        , 0., 0., 0, 0, 0.)
 (44, [12,  8, 17, 11,  7, 14, 28, 42, 46, 43, 35,  9, 44, 32, 34, 37, 45,  6, 27,  3, 48, 11, 10, 22, 41, 31,  2, 25, 26, 23, 36, 33, 20, 13,  8, 29,  5, 16,  4, 19,  1, 39, 30, 47, 24, 12, 21, 38, 40, 15, 17, 18], 1293.76235381, 1293.76235381, 0.,  0.        , 0., 0., 0, 0, 0.)
 (44, [12,  8, 17, 11,  7, 14, 28, 42, 46, 43, 35,  9, 44, 32, 34, 37, 45,  6, 27,  3, 48, 11, 10, 22, 41, 31,  2, 25, 26, 23, 36, 33, 20, 13,  8, 29,  5, 16,  4, 19,  1, 39, 30, 47, 24, 12, 21, 38, 40, 15, 17, 18], 1293.76235381, 1293.76235381, 0.,  0.        , 0., 0., 0, 0, 0.)
 (44, [12,  8, 17, 11,  7, 14, 28, 42, 46, 43, 35,  9, 44, 32, 34, 37, 45,  6, 27,  3, 48, 11, 10, 22, 41, 31,  2, 25, 26, 23, 36, 33, 20, 13,  8, 29,  5, 16,  4, 19,  1, 39, 30, 47, 24, 12, 21, 38, 40, 15, 17, 18], 1293.76235381, 1293.76235381, 0.,  0.        , 0., 0., 0, 0, 0.)
 (44, [12,  8, 17, 11,  7, 14, 28, 42, 46, 43, 35,  9, 44, 32, 34, 37, 45,  6, 27,  3, 48, 11, 10, 22, 41, 31,  2, 25, 26, 23, 36, 33, 20, 13,  8, 29,  5, 16,  4, 19,  1, 39, 30, 47, 24, 12, 21, 38, 40, 15, 17, 18], 1293.76235381, 1293.76235381, 0.,  0.        , 0., 0., 0, 0, 0.)
 (44, [12,  8, 17, 11,  7, 14, 28, 42, 46, 43, 35,  9, 44, 32, 34, 37, 45,  6, 27,  3, 48, 11, 10, 22, 41, 31,  2, 25, 26, 23, 36, 33, 20, 13,  8, 29,  5, 16,  4, 19,  1, 39, 30, 47, 24, 12, 21, 38, 40, 15, 17, 18], 1293.76235381, 1293.76235381, 0.,  0.        , 0., 0., 0, 0, 0.)
 (44, [12,  8, 17, 11,  7, 14, 28, 42, 46, 43, 35,  9, 44, 32, 34, 37, 45,  6, 27,  3, 48, 11, 10, 22, 41, 31,  2, 25, 26, 23, 36, 33, 20, 13,  8, 29,  5, 16,  4, 19,  1, 39, 30, 47, 24, 12, 21, 38, 40, 15, 17, 18], 1293.76235381, 1293.76235381, 0.,  0.        , 0., 0., 0, 0, 0.)
 (44, [12,  8, 17, 11,  7, 14, 28, 42, 46, 43, 35,  9, 44, 32, 34, 37, 45,  6, 27,  3, 48, 11, 10, 22, 41, 31,  2, 25, 26, 23, 36, 33, 20, 13,  8, 29,  5, 16,  4, 19,  1, 39, 30, 47, 24, 12, 21, 38, 40, 15, 17, 18], 1293.76235381, 1293.76235381, 0.,  0.        , 0., 0., 0, 0, 0.)
 (44, [12,  8, 17, 11,  7, 14, 28, 42, 46, 43, 35,  9, 44, 32, 34, 37, 45,  6, 27,  3, 48, 11, 10, 22, 41, 31,  2, 25, 26, 23, 36, 33, 20, 13,  8, 29,  5, 16,  4, 19,  1, 39, 30, 47, 24, 12, 21, 38, 40, 15, 17, 18], 1293.76235381, 1293.76235381, 0.,  0.        , 0., 0., 0, 0, 0.)
 (44, [12,  8, 17, 11,  7, 14, 28, 42, 46, 43, 35,  9, 44, 32, 34, 37, 45,  6, 27,  3, 48, 11, 10, 22, 41, 31,  2, 25, 26, 23, 36, 33, 20, 13,  8, 29,  5, 16,  4, 19,  1, 39, 30, 47, 24, 12, 21, 38, 40, 15, 17, 18], 1293.76235381, 1293.76235381, 0.,  0.        , 0., 0., 0, 0, 0.)
 (44, [12,  8, 17, 11,  7, 14, 28, 42, 46, 43, 35,  9, 44, 32, 34, 37, 45,  6, 27,  3, 48, 11, 10, 22, 41, 31,  2, 25, 26, 23, 36, 33, 20, 13,  8, 29,  5, 16,  4, 19,  1, 39, 30, 47, 24, 12, 21, 38, 40, 15, 17, 18], 1293.76235381, 1293.76235381, 0.,  0.        , 0., 0., 0, 0, 0.)
 (44, [12,  8, 17, 11,  7, 14, 28, 42, 46, 43, 35,  9, 44, 32, 34, 37, 45,  6, 27,  3, 48, 11, 10, 22, 41, 31,  2, 25, 26, 23, 36, 33, 20, 13,  8, 29,  5, 16,  4, 19,  1, 39, 30, 47, 24, 12, 21, 38, 40, 15, 17, 18], 1293.76235381, 1293.76235381, 0.,  0.        , 0., 0., 0, 0, 0.)
 (44, [12,  8, 17, 11,  7, 14, 28, 42, 46, 43, 35,  9, 44, 32, 34, 37, 45,  6, 27,  3, 48, 11, 10, 22, 41, 31,  2, 25, 26, 23, 36, 33, 20, 13,  8, 29,  5, 16,  4, 19,  1, 39, 30, 47, 24, 12, 21, 38, 40, 15, 17, 18], 1293.76235381, 1293.76235381, 0.,  0.        , 0., 0., 0, 0, 0.)
 (44, [12,  8, 17, 11,  7, 14, 28, 42, 46, 43, 35,  9, 44, 32, 34, 37, 45,  6, 27,  3, 48, 11, 10, 22, 41, 31,  2, 25, 26, 23, 36, 33, 20, 13,  8, 29,  5, 16,  4, 19,  1, 39, 30, 47, 24, 12, 21, 38, 40, 15, 17, 18], 1293.76235381, 1293.76235381, 0.,  0.        , 0., 0., 0, 0, 0.)
 (44, [12,  8, 17, 11,  7, 14, 28, 42, 46, 43, 35,  9, 44, 32, 34, 37, 45,  6, 27,  3, 48, 11, 10, 22, 41, 31,  2, 25, 26, 23, 36, 33, 20, 13,  8, 29,  5, 16,  4, 19,  1, 39, 30, 47, 24, 12, 21, 38, 40, 15, 17, 18], 1293.76235381, 1293.76235381, 0.,  0.        , 0., 0., 0, 0, 0.)
 (44, [12,  8, 17, 11,  7, 14, 28, 42, 46, 43, 35,  9, 44, 32, 34, 37, 45,  6, 27,  3, 48, 11, 10, 22, 41, 31,  2, 25, 26, 23, 36, 33, 20, 13,  8, 29,  5, 16,  4, 19,  1, 39, 30, 47, 24, 12, 21, 38, 40, 15, 17, 18], 1293.76235381, 1293.76235381, 0.,  0.        , 0., 0., 0, 0, 0.)
 (44, [12,  8, 17, 11,  7, 14, 28, 42, 46, 43, 35,  9, 44, 32, 34, 37, 45,  6, 27,  3, 48, 11, 10, 22, 41, 31,  2, 25, 26, 23, 36, 33, 20, 13,  8, 29,  5, 16,  4, 19,  1, 39, 30, 47, 24, 12, 21, 38, 40, 15, 17, 18], 1293.76235381, 1293.76235381, 0.,  0.        , 0., 0., 0, 0, 0.)
 (44, [12,  8, 17, 11,  7, 14, 28, 42, 46, 43, 35,  9, 44, 32, 34, 37, 45,  6, 27,  3, 48, 11, 10, 22, 41, 31,  2, 25, 26, 23, 36, 33, 20, 13,  8, 29,  5, 16,  4, 19,  1, 39, 30, 47, 24, 12, 21, 38, 40, 15, 17, 18], 1293.76235381, 1293.76235381, 0.,  0.        , 0., 0., 0, 0, 0.)
 (44, [12,  8, 17, 11,  7, 14, 28, 42, 46, 43, 35,  9, 44, 32, 34, 37, 45,  6, 27,  3, 48, 11, 10, 22, 41, 31,  2, 25, 26, 23, 36, 33, 20, 13,  8, 29,  5, 16,  4, 19,  1, 39, 30, 47, 24, 12, 21, 38, 40, 15, 17, 18], 1293.76235381, 1293.76235381, 0.,  0.        , 0., 0., 0, 0, 0.)
 (44, [12,  8, 17, 11,  7, 14, 28, 42, 46, 43, 35,  9, 44, 32, 34, 37, 45,  6, 27,  3, 48, 11, 10, 22, 41, 31,  2, 25, 26, 23, 36, 33, 20, 13,  8, 29,  5, 16,  4, 19,  1, 39, 30, 47, 24, 12, 21, 38, 40, 15, 17, 18], 1293.76235381, 1293.76235381, 0.,  0.        , 0., 0., 0, 0, 0.)
 (44, [12,  8, 17, 11,  7, 14, 28, 42, 46, 43, 35,  9, 44, 32, 34, 37, 45,  6, 27,  3, 48, 11, 10, 22, 41, 31,  2, 25, 26, 23, 36, 33, 20, 13,  8, 29,  5, 16,  4, 19,  1, 39, 30, 47, 24, 12, 21, 38, 40, 15, 17, 18], 1293.76235381, 1293.76235381, 0.,  0.        , 0., 0., 0, 0, 0.)
 (44, [12,  8, 17, 11,  7, 14, 28, 42, 46, 43, 35,  9, 44, 32, 34, 37, 45,  6, 27,  3, 48, 11, 10, 22, 41, 31,  2, 25, 26, 23, 36, 33, 20, 13,  8, 29,  5, 16,  4, 19,  1, 39, 30, 47, 24, 12, 21, 38, 40, 15, 17, 18], 1293.76235381, 1293.76235381, 0.,  0.        , 0., 0., 0, 0, 0.)
 (44, [12,  8, 17, 11,  7, 14, 28, 42, 46, 43, 35,  9, 44, 32, 34, 37, 45,  6, 27,  3, 48, 11, 10, 22, 41, 31,  2, 25, 26, 23, 36, 33, 20, 13,  8, 29,  5, 16,  4, 19,  1, 39, 30, 47, 24, 12, 21, 38, 40, 15, 17, 18], 1293.76235381, 1293.76235381, 0.,  0.        , 0., 0., 0, 0, 0.)
 (44, [12,  8, 17, 11,  7, 14, 28, 42, 46, 43, 35,  9, 44, 32, 34, 37, 45,  6, 27,  3, 48, 11, 10, 22, 41, 31,  2, 25, 26, 23, 36, 33, 20, 13,  8, 29,  5, 16,  4, 19,  1, 39, 30, 47, 24, 12, 21, 38, 40, 15, 17, 18], 1293.76235381, 1293.76235381, 0.,  0.        , 0., 0., 0, 0, 0.)
 (44, [12,  8, 17, 11,  7, 14, 28, 42, 46, 43, 35,  9, 44, 32, 34, 37, 45,  6, 27,  3, 48, 11, 10, 22, 41, 31,  2, 25, 26, 23, 36, 33, 20, 13,  8, 29,  5, 16,  4, 19,  1, 39, 30, 47, 24, 12, 21, 38, 40, 15, 17, 18], 1293.76235381, 1293.76235381, 0.,  0.        , 0., 0., 0, 0, 0.)
 (44, [12,  8, 17, 11,  7, 14, 28, 42, 46, 43, 35,  9, 44, 32, 34, 37, 45,  6, 27,  3, 48, 11, 10, 22, 41, 31,  2, 25, 26, 23, 36, 33, 20, 13,  8, 29,  5, 16,  4, 19,  1, 39, 30, 47, 24, 12, 21, 38, 40, 15, 17, 18], 1293.76235381, 1293.76235381, 0.,  0.        , 0., 0., 0, 0, 0.)
 (44, [12,  8, 17, 11,  7, 14, 28, 42, 46, 43, 35,  9, 44, 32, 34, 37, 45,  6, 27,  3, 48, 11, 10, 22, 41, 31,  2, 25, 26, 23, 36, 33, 20, 13,  8, 29,  5, 16,  4, 19,  1, 39, 30, 47, 24, 12, 21, 38, 40, 15, 17, 18], 1293.76235381, 1293.76235381, 0.,  0.        , 0., 0., 0, 0, 0.)
 (44, [12,  8, 17, 11,  7, 14, 28, 42, 46, 43, 35,  9, 44, 32, 34, 37, 45,  6, 27,  3, 48, 11, 10, 22, 41, 31,  2, 25, 26, 23, 36, 33, 20, 13,  8, 29,  5, 16,  4, 19,  1, 39, 30, 47, 24, 12, 21, 38, 40, 15, 17, 18], 1293.76235381, 1293.76235381, 0.,  0.        , 0., 0., 0, 0, 0.)
 (44, [12,  8, 17, 11,  7, 14, 28, 42, 46, 43, 35,  9, 44, 32, 34, 37, 45,  6, 27,  3, 48, 11, 10, 22, 41, 31,  2, 25, 26, 23, 36, 33, 20, 13,  8, 29,  5, 16,  4, 19,  1, 39, 30, 47, 24, 12, 21, 38, 40, 15, 17, 18], 1293.76235381, 1293.76235381, 0.,  0.        , 0., 0., 0, 0, 0.)
 (44, [12,  8, 17, 11,  7, 14, 28, 42, 46, 43, 35,  9, 44, 32, 34, 37, 45,  6, 27,  3, 48, 11, 10, 22, 41, 31,  2, 25, 26, 23, 36, 33, 20, 13,  8, 29,  5, 16,  4, 19,  1, 39, 30, 47, 24, 12, 21, 38, 40, 15, 17, 18], 1293.76235381, 1293.76235381, 0.,  0.        , 0., 0., 0, 0, 0.)
 (44, [12,  8, 17, 11,  7, 14, 28, 42, 46, 43, 35,  9, 44, 32, 34, 37, 45,  6, 27,  3, 48, 11, 10, 22, 41, 31,  2, 25, 26, 23, 36, 33, 20, 13,  8, 29,  5, 16,  4, 19,  1, 39, 30, 47, 24, 12, 21, 38, 40, 15, 17, 18], 1293.76235381, 1293.76235381, 0.,  0.        , 0., 0., 0, 0, 0.)
 (44, [12,  8, 17, 11,  7, 14, 28, 42, 46, 43, 35,  9, 44, 32, 34, 37, 45,  6, 27,  3, 48, 11, 10, 22, 41, 31,  2, 25, 26, 23, 36, 33, 20, 13,  8, 29,  5, 16,  4, 19,  1, 39, 30, 47, 24, 12, 21, 38, 40, 15, 17, 18], 1293.76235381, 1293.76235381, 0.,  0.        , 0., 0., 0, 0, 0.)
 (44, [12,  8, 17, 11,  7, 14, 28, 42, 46, 43, 35,  9, 44, 32, 34, 37, 45,  6, 27,  3, 48, 11, 10, 22, 41, 31,  2, 25, 26, 23, 36, 33, 20, 13,  8, 29,  5, 16,  4, 19,  1, 39, 30, 47, 24, 12, 21, 38, 40, 15, 17, 18], 1293.76235381, 1293.76235381, 0.,  0.        , 0., 0., 0, 0, 0.)
 (44, [12,  8, 17, 11,  7, 14, 28, 42, 46, 43, 35,  9, 44, 32, 34, 37, 45,  6, 27,  3, 48, 11, 10, 22, 41, 31,  2, 25, 26, 23, 36, 33, 20, 13,  8, 29,  5, 16,  4, 19,  1, 39, 30, 47, 24, 12, 21, 38, 40, 15, 17, 18], 1293.76235381, 1293.76235381, 0.,  0.        , 0., 0., 0, 0, 0.)
 (44, [12,  8, 17, 11,  7, 14, 28, 42, 46, 43, 35,  9, 44, 32, 34, 37, 45,  6, 27,  3, 48, 11, 10, 22, 41, 31,  2, 25, 26, 23, 36, 33, 20, 13,  8, 29,  5, 16,  4, 19,  1, 39, 30, 47, 24, 12, 21, 38, 40, 15, 17, 18], 1293.76235381, 1293.76235381, 0.,  0.        , 0., 0., 0, 0, 0.)
 (44, [12,  8, 17, 11,  7, 14, 28, 42, 46, 43, 35,  9, 44, 32, 34, 37, 45,  6, 27,  3, 48, 11, 10, 22, 41, 31,  2, 25, 26, 23, 36, 33, 20, 13,  8, 29,  5, 16,  4, 19,  1, 39, 30, 47, 24, 12, 21, 38, 40, 15, 17, 18], 1293.76235381, 1293.76235381, 0.,  0.        , 0., 0., 0, 0, 0.)
 (44, [12,  8, 17, 11,  7, 14, 28, 42, 46, 43, 35,  9, 44, 32, 34, 37, 45,  6, 27,  3, 48, 11, 10, 22, 41, 31,  2, 25, 26, 23, 36, 33, 20, 13,  8, 29,  5, 16,  4, 19,  1, 39, 30, 47, 24, 12, 21, 38, 40, 15, 17, 18], 1293.76235381, 1293.76235381, 0.,  0.        , 0., 0., 0, 0, 0.)
 (44, [12,  8, 17, 11,  7, 14, 28, 42, 46, 43, 35,  9, 44, 32, 34, 37, 45,  6, 27,  3, 48, 11, 10, 22, 41, 31,  2, 25, 26, 23, 36, 33, 20, 13,  8, 29,  5, 16,  4, 19,  1, 39, 30, 47, 24, 12, 21, 38, 40, 15, 17, 18], 1293.76235381, 1293.76235381, 0.,  0.        , 0., 0., 0, 0, 0.)
 (44, [12,  8, 17, 11,  7, 14, 28, 42, 46, 43, 35,  9, 44, 32, 34, 37, 45,  6, 27,  3, 48, 11, 10, 22, 41, 31,  2, 25, 26, 23, 36, 33, 20, 13,  8, 29,  5, 16,  4, 19,  1, 39, 30, 47, 24, 12, 21, 38, 40, 15, 17, 18], 1293.76235381, 1293.76235381, 0.,  0.        , 0., 0., 0, 0, 0.)
 (44, [12,  8, 17, 11,  7, 14, 28, 42, 46, 43, 35,  9, 44, 32, 34, 37, 45,  6, 27,  3, 48, 11, 10, 22, 41, 31,  2, 25, 26, 23, 36, 33, 20, 13,  8, 29,  5, 16,  4, 19,  1, 39, 30, 47, 24, 12, 21, 38, 40, 15, 17, 18], 1293.76235381, 1293.76235381, 0.,  0.        , 0., 0., 0, 0, 0.)
 (44, [12,  8, 17, 11,  7, 14, 28, 42, 46, 43, 35,  9, 44, 32, 34, 37, 45,  6, 27,  3, 48, 11, 10, 22, 41, 31,  2, 25, 26, 23, 36, 33, 20, 13,  8, 29,  5, 16,  4, 19,  1, 39, 30, 47, 24, 12, 21, 38, 40, 15, 17, 18], 1293.76235381, 1293.76235381, 0.,  0.        , 0., 0., 0, 0, 0.)
 (44, [12,  8, 17, 11,  7, 14, 28, 42, 46, 43, 35,  9, 44, 32, 34, 37, 45,  6, 27,  3, 48, 11, 10, 22, 41, 31,  2, 25, 26, 23, 36, 33, 20, 13,  8, 29,  5, 16,  4, 19,  1, 39, 30, 47, 24, 12, 21, 38, 40, 15, 17, 18], 1293.76235381, 1293.76235381, 0.,  0.        , 0., 0., 0, 0, 0.)
 (44, [12,  8, 17, 11,  7, 14, 28, 42, 46, 43, 35,  9, 44, 32, 34, 37, 45,  6, 27,  3, 48, 11, 10, 22, 41, 31,  2, 25, 26, 23, 36, 33, 20, 13,  8, 29,  5, 16,  4, 19,  1, 39, 30, 47, 24, 12, 21, 38, 40, 15, 17, 18], 1293.76235381, 1293.76235381, 0.,  0.        , 0., 0., 0, 0, 0.)
 (44, [12,  8, 17, 11,  7, 14, 28, 42, 46, 43, 35,  9, 44, 32, 34, 37, 45,  6, 27,  3, 48, 11, 10, 22, 41, 31,  2, 25, 26, 23, 36, 33, 20, 13,  8, 29,  5, 16,  4, 19,  1, 39, 30, 47, 24, 12, 21, 38, 40, 15, 17, 18], 1293.76235381, 1293.76235381, 0.,  0.        , 0., 0., 0, 0, 0.)
 (44, [12,  8, 17, 11,  7, 14, 28, 42, 46, 43, 35,  9, 44, 32, 34, 37, 45,  6, 27,  3, 48, 11, 10, 22, 41, 31,  2, 25, 26, 23, 36, 33, 20, 13,  8, 29,  5, 16,  4, 19,  1, 39, 30, 47, 24, 12, 21, 38, 40, 15, 17, 18], 1293.76235381, 1293.76235381, 0.,  0.        , 0., 0., 0, 0, 0.)
 (44, [12,  8, 17, 11,  7, 14, 28, 42, 46, 43, 35,  9, 44, 32, 34, 37, 45,  6, 27,  3, 48, 11, 10, 22, 41, 31,  2, 25, 26, 23, 36, 20, 33, 13,  8, 29,  5, 16,  4, 19,  1, 39, 30, 47, 24, 12, 21, 38, 40, 15, 17, 18], 1337.82781255, 1337.82781255, 0.,  0.        , 0., 0., 0, 0, 0.)
 (44, [12,  8, 17, 11,  7, 14, 28, 42, 46, 43, 35,  9, 44, 32, 34, 37, 45,  6, 27,  3, 48, 11, 10, 22, 41, 31,  2, 25, 17, 23, 36, 33, 20, 13,  8, 29,  5, 16,  4, 19,  1, 39, 30, 47, 24, 12, 21, 38, 40, 15, 26, 18], 1359.37262231, 1359.37262231, 0.,  0.        , 0., 0., 0, 0, 0.)
 (44, [12,  8, 17, 11,  7, 14, 28, 42, 46, 43, 35,  9, 44, 32, 34, 37, 45,  6, 27,  3, 48, 11, 10, 22, 41, 31,  2, 25, 26, 23, 36,  4, 20, 13,  8, 29,  5, 16, 33, 19,  1, 39, 30, 47, 24, 12, 21, 38, 40, 15, 17, 18], 1366.23374493, 1401.13139656, 0.,  0.        , 0., 0., 0, 0, 0.)
 (44, [12,  8, 17, 11,  7, 14, 42, 46, 43, 35,  9, 44, 32, 34, 37, 28, 45,  6, 27,  3, 48, 11, 10, 22, 41, 31,  2, 25, 26, 23, 36, 33, 20, 13,  8, 29,  5, 16,  4, 19,  1, 39, 30, 47, 24, 12, 21, 38, 40, 15, 17, 18], 1389.11516936, 1389.11516936, 0.,  0.        , 0., 0., 0, 0, 0.)
 (44, [12,  9, 16, 11,  7, 14, 28, 42, 46, 43, 35,  9, 44, 32, 34, 37, 45,  3, 27,  6, 48, 11, 10, 22, 41, 31,  2, 25, 26, 23, 36, 33, 20, 13,  8, 29,  5, 16,  4, 19,  1, 39, 30, 47, 24, 12, 21, 38, 40, 15, 17, 18], 1394.82265251, 1394.82265251, 0.,  0.        , 0., 0., 0, 0, 0.)
 (44, [12,  8, 17, 11,  7, 14, 35, 42, 46, 43, 28,  9, 44, 32, 34, 37, 45,  6, 27,  3, 48, 11, 10, 22, 41, 31,  2, 25, 26, 23, 36, 33, 20, 13,  8, 29,  5, 16,  4, 19,  1, 39, 30, 47, 24, 12, 21, 38, 40, 15, 17, 18], 1404.74862772, 1404.74862772, 0.,  0.        , 0., 0., 0, 0, 0.)
 (44, [12,  8, 17, 11,  7, 14, 28, 42, 46, 43, 47,  9, 44, 32, 34, 37, 45,  6, 27,  3, 48, 11, 10, 22, 41, 31,  2, 25, 26, 23, 36, 33, 20, 13,  8, 29,  5, 16,  4, 19,  1, 39, 30, 35, 24, 12, 21, 38, 40, 15, 17, 18], 1425.54010678, 1425.54010678, 0.,  0.        , 0., 0., 0, 0, 0.)
 (44, [12,  8, 17, 11,  7, 14, 28, 42, 46, 35,  9, 44, 32, 34, 37, 45,  6, 27,  3, 48, 10, 11, 43, 22, 41, 31,  2, 25, 26, 23, 36, 33, 20, 13,  8, 29,  5, 16,  4, 19,  1, 39, 30, 47, 24, 12, 21, 38, 40, 15, 17, 18], 1435.95390733, 1437.05900878, 0.,  0.        , 0., 0., 0, 0, 0.)
 (44, [12,  8, 17, 11,  7, 14, 28, 42, 46, 43, 35,  9, 44, 32, 34, 37, 45,  6, 27,  3, 48, 11, 10, 22, 17, 31,  2, 25, 26, 23, 36, 33, 20, 13,  8, 29,  5, 16,  4, 19,  1, 39, 30, 47, 24, 12, 21, 38, 40, 15, 41, 18], 1436.61318987, 1436.61318987, 0.,  0.        , 0., 0., 0, 0, 0.)
 (44, [12,  8, 17, 11,  7, 14, 42, 46, 43, 35,  9, 44, 32, 34, 37, 45,  6, 27,  3, 48, 11, 10, 22, 41, 31,  2, 25, 26, 23, 36, 33, 20, 13,  8, 16, 29,  5, 28,  4, 19,  1, 39, 30, 47, 24, 12, 21, 38, 40, 15, 17, 18], 1459.79336125, 1484.33258354, 0.,  0.        , 0., 0., 0, 0, 0.)
 (44, [12,  8, 18, 10,  7, 14, 28, 42, 46, 43, 35,  9, 44, 32, 34, 37, 45,  6, 27,  3, 48, 11, 10, 22, 41, 31,  2, 25, 26, 23, 36, 33, 20, 13,  8, 29,  5, 16,  4, 19,  1, 39, 30, 47, 38, 12, 21, 24, 40, 15, 17, 18], 1461.21218872, 1461.21218872, 0.,  0.        , 0., 0., 0, 0, 0.)
 (44, [12,  8, 17, 11,  7, 14, 28, 42, 46, 35,  9, 44, 32, 34, 37, 45,  6, 27,  3, 43, 48, 11, 10, 22, 41, 31,  2, 25, 26, 23, 36, 33, 20, 13,  8, 29,  5, 16,  4, 19,  1, 39, 30, 47, 24, 12, 21, 38, 40, 15, 17, 18], 1477.19832103, 1478.30342248, 0.,  0.        , 0., 0., 0, 0, 0.)
 (44, [13,  8, 17, 10,  7, 14, 28, 42, 46, 43, 35,  9, 44, 32, 34, 37, 45,  6, 27,  3, 48, 11, 10, 22, 41, 31,  2, 25, 26, 23, 36, 33, 20, 13,  8, 29,  5, 16,  4, 19,  1, 39, 30, 47, 24, 12, 21, 38, 40, 15, 17, 18], 1496.76289117, 1496.76289117, 0.,  0.        , 0., 0., 0, 0, 0.)
 (44, [12,  8, 17, 11,  7, 14, 28, 42, 46, 43, 35,  9, 44, 32, 12, 37, 45,  6, 27,  3, 48, 11, 10, 22, 41, 31,  2, 25, 26, 23, 36, 33, 20, 13,  8, 29,  5, 16,  4, 19,  1, 39, 30, 47, 24, 34, 21, 38, 40, 15, 17, 18], 1518.46887547, 1518.46887547, 0.,  0.        , 0., 0., 0, 0, 0.)
 (44, [12,  8, 17, 11,  7, 14, 28, 42, 46, 43, 35,  9, 44, 32, 34, 37, 45,  6, 27,  3, 48, 11, 10, 22, 41, 31,  2, 25, 26, 23, 12, 33, 20, 13,  8, 29,  5, 16,  4, 19,  1, 39, 30, 47, 24, 36, 21, 38, 40, 15, 17, 18], 1528.36465034, 1478.67097393, 0., 24.84683821, 0., 0., 0, 0, 0.)
 (44, [12,  8, 17, 11,  7, 14, 28, 42, 46, 43, 35, 44, 32, 34, 37, 45,  6, 27,  3, 48, 11, 10, 19, 22, 41, 31,  2, 25, 26, 23, 36, 33, 20, 13,  8, 29,  5, 16,  4,  9,  1, 39, 30, 47, 24, 12, 21, 38, 40, 15, 17, 18], 1529.34870766, 1529.34870766, 0.,  0.        , 0., 0., 0, 0, 0.)
 (44, [12,  8, 17, 11,  7, 14, 20, 42, 46, 43, 35,  9, 44, 32, 34, 37, 45,  6, 27,  3, 48, 11, 10, 22, 41, 31,  2, 25, 26, 23, 36, 33, 28, 13,  8, 29,  5, 16,  4, 19,  1, 39, 30, 47, 24, 12, 21, 38, 40, 15, 17, 18], 1530.65419587, 1530.65419587, 0.,  0.        , 0., 0., 0, 0, 0.)
 (44, [12,  8, 17, 11,  7, 14, 28, 42, 46, 43, 35,  9, 44, 32, 34, 37, 45,  6, 27,  3, 36, 11, 10, 22, 41, 31,  2, 25, 26, 23, 48, 33, 20, 13,  8, 29,  5, 16,  4, 19,  1, 39, 30, 47, 24, 12, 21, 38, 40, 15, 17, 18], 1543.41547519, 1543.41547519, 0.,  0.        , 0., 0., 0, 0, 0.)
 (44, [12,  8, 17, 11,  7, 14, 28, 42, 46, 43, 35,  9, 44, 32, 34, 37, 45,  6, 27,  3, 48, 11, 10, 22, 24, 31,  2, 25, 26, 23, 36, 33, 20, 13,  8, 29,  5, 16,  4, 19,  1, 39, 30, 47, 41, 12, 21, 38, 40, 15, 17, 18], 1546.57393055, 1556.03783919, 0., 28.13738478, 0., 0., 0, 0, 0.)
 (44, [12,  9, 17, 10,  7, 14, 28, 42, 46, 43, 35,  9, 44, 32, 34, 37, 45,  6, 27,  3, 48, 11, 39, 22, 41, 31,  2, 25, 26, 23, 36, 33, 20, 13,  8, 29,  5, 16,  4, 19,  1, 10, 30, 47, 24, 12, 21, 38, 40, 15, 17, 18], 1554.10813962, 1554.10813962, 0.,  0.        , 0., 0., 0, 0, 0.)
 (44, [13,  8, 16, 11,  7, 14, 28, 42, 46, 43, 35,  9, 44, 32, 34, 37, 45,  6, 27,  3, 48, 11, 10, 22, 41, 31,  2, 25, 19, 23, 36, 33, 20, 13,  8, 29,  5, 16,  4, 26,  1, 39, 30, 47, 24, 12, 21, 38, 40, 15, 17, 18], 1560.6922281 , 1704.09347021, 0.,  0.        , 0., 0., 0, 0, 0.)
 (44, [12,  9, 17, 10,  7, 14, 28, 42, 46, 43, 35,  9, 44, 32, 34, 37, 45,  6, 27,  3, 48, 11, 10, 22, 41, 31, 25, 26, 23, 36, 33, 20, 13,  8, 29,  5, 16,  4,  2, 19,  1, 39, 30, 47, 24, 12, 21, 38, 40, 15, 17, 18], 1566.42342294, 1566.42342294, 0.,  0.        , 0., 0., 0, 0, 0.)
 (44, [12,  8, 17, 11,  7, 14, 12, 42, 46, 43, 35,  9, 44, 32, 34, 37, 45,  6, 27,  3, 48, 11, 10, 22, 41, 31,  2, 25, 26, 23, 36, 33, 20, 13,  8, 29,  5, 16,  4, 19,  1, 39, 30, 47, 24, 28, 21, 38, 40, 15, 17, 18], 1569.94750328, 1762.61358624, 0.,  0.        , 0., 0., 0, 0, 0.)
 (44, [12,  8, 17, 11,  7, 14, 42, 46, 43, 35,  9, 44, 32, 34, 17, 37, 45,  6, 27,  3, 48, 11, 10, 22, 41, 31,  2, 25, 26, 23, 36, 33, 20, 13,  8, 29,  5, 28,  4, 19,  1, 39, 30, 47, 16, 24, 12, 21, 38, 40, 15, 18], 1587.76821066, 1612.30743296, 0.,  0.        , 0., 0., 0, 0, 0.)
 (44, [14,  8, 16, 10,  7, 14, 28, 42, 46, 43, 35,  9, 44, 32, 34, 37, 45,  6, 27,  3, 48, 11, 10, 22, 41, 31,  2, 25, 26, 23, 13, 33, 20, 36,  8, 29,  5, 16,  4, 19,  1, 39, 30, 47, 24, 12, 21, 38, 40, 15, 17, 18], 1620.39832667, 1620.39832667, 0.,  0.        , 0., 0., 0, 0, 0.)
 (44, [11,  8, 17, 12,  7, 14, 28, 42, 46, 43, 35,  9, 25, 32, 34, 37, 45,  6, 27,  3, 48, 11, 10, 22, 41, 31,  2, 44, 26, 23, 36, 33, 20, 13,  8, 29,  5, 16,  4, 19,  1, 39, 30, 47, 24, 12, 21, 38, 40, 15, 17, 18], 1652.89952239, 1652.89952239, 0.,  0.        , 0., 0., 0, 0, 0.)
 (44, [12,  8, 17, 11,  7, 14, 28, 42, 46, 43, 35,  9, 44, 32, 34, 37, 13,  6, 27,  3, 48, 11, 10, 22, 41, 31,  2, 25, 26, 23, 36, 33, 20, 45,  8, 29,  5, 16,  4, 19,  1, 39, 30, 47, 24, 12, 21, 38, 40, 15, 17, 18], 1710.84189261, 1710.84189261, 0.,  0.        , 0., 0., 0, 0, 0.)
 (44, [11, 11, 17,  9,  7, 14, 29, 42, 46, 43, 35,  9, 44, 32, 34, 37, 45,  6, 27,  3, 48, 11, 10, 22, 41, 31,  2, 25, 26, 23, 36, 33, 20, 13,  8, 28,  5, 16,  4, 19,  1, 39, 30, 47, 24, 12, 21, 38, 40, 15, 17, 18], 1722.13517098, 1722.13517098, 0.,  0.        , 0., 0., 0, 0, 0.)
 (44, [11,  7, 18, 12,  7, 14, 28, 42, 46, 43, 35,  9, 44, 32, 34, 37, 45,  6, 27,  3, 48, 11, 10, 22, 41, 31,  2, 25, 26, 23, 36, 33, 20, 13,  8, 29,  5, 30,  4, 19,  1, 39, 16, 47, 24, 12, 21, 38, 40, 15, 17, 18], 1751.10249525, 1751.10249525, 0.,  0.        , 0., 0., 0, 0, 0.)
 (44, [14,  8, 16, 10,  7, 14, 28, 42, 46, 43, 35,  9, 44, 32, 34, 37, 45, 16, 27,  3, 48, 11, 10, 22, 41, 31,  2, 25, 26, 23, 36, 33, 20, 13,  8, 29,  5,  6,  4, 19,  1, 39, 30, 47, 24, 12, 21, 38, 40, 15, 17, 18], 1761.29647551, 1761.29647551, 0.,  0.        , 0., 0., 0, 0, 0.)]