
Total Runtime in seconds: 319.10511112213135Parameters:
population_size: 50, max_generations: 150, executed generations: 149, threshold_no_improvement: 75
target feasible proportion: 12
fitness_scaling: power_rank, selection_method: n_tournaments
p_c: 0.7, p_m: 0.2, NOT YET p_education: 0.0
tournament_size: 2, n_elite: 8
survivor_selection_step: 10, p_selection_survival: 0.7
kill clone step: 5
diversify_step: 20, diversify_step: 20, p_diversify_survival: 0.3
n_closest_neighbors: 3, diversity_weight: 0.5, distance_method: broken_pairs_distance
capacity_penalty_factor: 2, duration_penalty_factor 2, time_window_penalty: 2
Best fitness all generations, best individual before/after local search: 1133.3512367979074, 1133.3512367979074 / 1133.3512367979074
Best individual found before local search: (40, [10,  9, 16, 13,  7, 41, 31, 44, 32,  9, 42, 46, 35, 37, 34, 11, 22, 10, 45,  6, 48,  3, 27, 28,  4, 19, 14,  1, 36, 26, 18, 17, 33, 20, 13,  8, 29,  5, 16, 47, 24, 12, 21, 38, 40,  2, 15, 25, 23, 30, 39, 43], 1133.3512368, 1173.624707, 0., 0., 0., 0., 5, 42, 26.)
Best individual found after local search: (40, [10,  9, 16, 13,  7, 41, 31, 44, 32,  9, 42, 46, 35, 37, 34, 11, 22, 10, 45,  6, 48,  3, 27, 28,  4, 19, 14,  1, 36, 26, 18, 17, 33, 20, 13,  8, 29,  5, 16, 47, 24, 12, 21, 38, 40,  2, 15, 25, 23, 30, 39, 43], 1133.3512368, 1173.624707, 0., 0., 0., 0., 5, 42, 26.)
Best feasible individual found: (40, [10,  9, 16, 13,  7, 41, 31, 44, 32,  9, 42, 46, 35, 37, 34, 11, 22, 10, 45,  6, 48,  3, 27, 28,  4, 19, 14,  1, 36, 26, 18, 17, 33, 20, 13,  8, 29,  5, 16, 47, 24, 12, 21, 38, 40,  2, 15, 25, 23, 30, 39, 43], 1133.3512368, 1173.624707, 0., 0., 0., 0., 5, 42, 26.)

Fitness stats min: [1205.02274026 1154.03335914 1133.3512368  1133.3512368  1133.3512368
 1133.3512368  1133.3512368  1133.3512368  1133.3512368  1133.3512368
 1133.3512368  1133.3512368  1133.3512368  1133.3512368  1133.3512368
 1133.3512368  1133.3512368  1133.3512368  1133.3512368  1133.3512368
 1133.3512368  1133.3512368  1133.3512368  1133.3512368  1133.3512368
 1133.3512368  1133.3512368  1133.3512368  1133.3512368  1133.3512368
 1133.3512368  1133.3512368  1133.3512368  1133.3512368  1133.3512368
 1133.3512368  1133.3512368  1133.3512368  1133.3512368  1133.3512368
 1133.3512368  1133.3512368  1133.3512368  1133.3512368  1133.3512368
 1133.3512368  1133.3512368  1133.3512368  1133.3512368  1133.3512368
 1133.3512368  1133.3512368  1133.3512368  1133.3512368  1133.3512368
 1133.3512368  1133.3512368  1133.3512368  1133.3512368  1133.3512368
 1133.3512368  1133.3512368  1133.3512368  1133.3512368  1133.3512368
 1133.3512368  1133.3512368  1133.3512368  1133.3512368  1133.3512368
 1133.3512368  1133.3512368  1133.3512368  1133.3512368  1133.3512368
 1133.3512368  1133.3512368  1133.3512368  1133.3512368  1133.3512368
 1133.3512368  1133.3512368  1133.3512368  1133.3512368  1133.3512368
 1133.3512368  1133.3512368  1133.3512368  1133.3512368  1133.3512368
 1133.3512368  1133.3512368  1133.3512368  1133.3512368  1133.3512368
 1133.3512368  1133.3512368  1133.3512368  1133.3512368  1133.3512368
 1133.3512368  1133.3512368  1133.3512368  1133.3512368  1133.3512368
 1133.3512368  1133.3512368  1133.3512368  1133.3512368  1133.3512368
 1133.3512368  1133.3512368  1133.3512368  1133.3512368  1133.3512368
 1133.3512368  1133.3512368  1133.3512368  1133.3512368  1133.3512368
 1133.3512368  1133.3512368  1133.3512368  1133.3512368  1133.3512368
 1133.3512368  1133.3512368  1133.3512368  1133.3512368  1133.3512368
 1133.3512368  1133.3512368  1133.3512368  1133.3512368  1133.3512368
 1133.3512368  1133.3512368  1133.3512368  1133.3512368  1133.3512368
 1133.3512368  1133.3512368  1133.3512368  1133.3512368  1133.3512368
 1133.3512368  1133.3512368  1133.3512368  1133.3512368  1133.3512368 ] 

Fitness stats feasible min: [1205.02274026 1154.03335914 1133.3512368  1133.3512368  1133.3512368
 1133.3512368  1133.3512368  1133.3512368  1133.3512368  1133.3512368
 1133.3512368  1133.3512368  1133.3512368  1133.3512368  1133.3512368
 1133.3512368  1133.3512368  1133.3512368  1133.3512368  1133.3512368
 1133.3512368  1133.3512368  1133.3512368  1133.3512368  1133.3512368
 1133.3512368  1133.3512368  1133.3512368  1133.3512368  1133.3512368
 1133.3512368  1133.3512368  1133.3512368  1133.3512368  1133.3512368
 1133.3512368  1133.3512368  1133.3512368  1133.3512368  1133.3512368
 1133.3512368  1133.3512368  1133.3512368  1133.3512368  1133.3512368
 1133.3512368  1133.3512368  1133.3512368  1133.3512368  1133.3512368
 1133.3512368  1133.3512368  1133.3512368  1133.3512368  1133.3512368
 1133.3512368  1133.3512368  1133.3512368  1133.3512368  1133.3512368
 1133.3512368  1133.3512368  1133.3512368  1133.3512368  1133.3512368
 1133.3512368  1133.3512368  1133.3512368  1133.3512368  1133.3512368
 1133.3512368  1133.3512368  1133.3512368  1133.3512368  1133.3512368
 1133.3512368  1133.3512368  1133.3512368  1133.3512368  1133.3512368
 1133.3512368  1133.3512368  1133.3512368  1133.3512368  1133.3512368
 1133.3512368  1133.3512368  1133.3512368  1133.3512368  1133.3512368
 1133.3512368  1133.3512368  1133.3512368  1133.3512368  1133.3512368
 1133.3512368  1133.3512368  1133.3512368  1133.3512368  1133.3512368
 1133.3512368  1133.3512368  1133.3512368  1133.3512368  1133.3512368
 1133.3512368  1133.3512368  1133.3512368  1133.3512368  1133.3512368
 1133.3512368  1133.3512368  1133.3512368  1133.3512368  1133.3512368
 1133.3512368  1133.3512368  1133.3512368  1133.3512368  1133.3512368
 1133.3512368  1133.3512368  1133.3512368  1133.3512368  1133.3512368
 1133.3512368  1133.3512368  1133.3512368  1133.3512368  1133.3512368
 1133.3512368  1133.3512368  1133.3512368  1133.3512368  1133.3512368
 1133.3512368  1133.3512368  1133.3512368  1133.3512368  1133.3512368
 1133.3512368  1133.3512368  1133.3512368  1133.3512368  1133.3512368
 1133.3512368  1133.3512368  1133.3512368  1133.3512368  1133.3512368 ] 

Fitness stats avg: [1556.78766809 1474.16048759 1404.23814064 1404.03461609 1305.48519444
 1747.90967118 1450.08595087 1274.18110087 1305.77069458 1199.12988966
 1915.30325866 1278.06024375 1189.00936395 1261.2290862  1239.16135254
 3775.07757562 3161.63468977 2552.75953137 1856.41219081 1523.77003837
 2446.69311234 1667.06038961 1402.18977857 2418.95672344 1596.32875425
 2914.69168014 2353.22411886 1862.25513875 1458.3147466  1287.42131611
 2052.50749057 1433.83249056 1237.992133   1232.35517463 1256.94476889
 3263.50764042 2543.9051575  1731.7478531  1366.3956129  1191.71301885
 2212.43653655 1335.62071537 1224.78686263 2494.99636262 1620.25850278
 3067.35816886 2464.96339177 1584.48789465 1267.85962213 1233.60590516
 1924.88789631 1463.45714339 1294.53816291 1176.72427768 1264.82461659
 3475.48960017 3002.40428848 2245.1360592  1811.50640258 1475.12650451
 2486.03742034 1579.17367433 1352.34659534 2446.87821983 1782.30571718
 2288.79514359 1826.17351369 1592.68055183 1493.3469152  1278.87248369
 2238.22150418 1284.18784077 1254.34360795 1263.16495626 1173.31606072
 3671.05867447 3275.50364353 2718.16763137 1865.97388857 1450.24428227
 2483.73669656 1887.67637435 1419.97275694 2272.4757472  1504.61772041
 3093.36066159 2504.63334356 1913.46439142 1537.85910057 1393.96283155
 2641.22592161 1785.81012957 1340.90742562 1265.51138513 1194.10538355
 3035.23168958 1968.50500637 1464.30805966 1297.82561443 1210.30018375
 1828.82431813 1343.83396591 1216.11806271 2255.6179484  1428.43379128
 2651.8261806  1920.09792786 1499.37622142 1508.03185154 1323.66052291
 2584.09210996 1609.05393783 1387.72487318 1258.53414383 1233.73436356
 3348.02018427 2713.09036157 2011.05857026 1581.26470069 1424.46301307
 3149.17464066 2256.89681018 1674.15623384 2357.08744823 1588.72564358
 2606.08941794 2157.50388006 1613.35529792 1336.69574445 1240.09784048
 2129.67490803 1419.22466938 1216.31544659 1240.18424572 1172.66245346
 3601.21419574 3091.37260169 2399.5817875  1847.9958777  1382.4351452
 1929.21390183 1360.40178608 1196.66076051 2332.72079657 1497.3096605
 2827.21281687 2231.64987519 1702.23149853 1444.39629205 1319.66091978] 

Feasible stats: [( 0., 50.) ( 0., 50.) (38., 12.) (38., 12.) (43.,  7.) (43.,  7.)
 (42.,  8.) (42.,  8.) (48.,  2.) (48.,  2.) (49.,  1.) (49.,  1.)
 (44.,  6.) (44.,  6.) (47.,  3.) (47.,  3.) (12., 38.) (12., 38.)
 (24., 26.) (24., 26.) (38., 12.) (38., 12.) (37., 13.) (37., 13.)
 (27., 23.) (27., 23.) (15., 35.) (15., 35.) (31., 19.) (31., 19.)
 (48.,  2.) (48.,  2.) (44.,  6.) (44.,  6.) (48.,  2.) (48.,  2.)
 (14., 36.) (14., 36.) (33., 17.) (33., 17.) (47.,  3.) (47.,  3.)
 (46.,  4.) (46.,  4.) (29., 21.) (29., 21.) (14., 36.) (14., 36.)
 (38., 12.) (38., 12.) (49.,  1.) (49.,  1.) (43.,  7.) (43.,  7.)
 (50.,  0.) (50.,  0.) (16., 34.) (16., 34.) (23., 27.) (23., 27.)
 (38., 12.) (38., 12.) (39., 11.) (39., 11.) (26., 24.) (26., 24.)
 (23., 27.) (23., 27.) (38., 12.) (38., 12.) (47.,  3.) (47.,  3.)
 (43.,  7.) (43.,  7.) (45.,  5.) (45.,  5.) (14., 36.) (14., 36.)
 (19., 31.) (19., 31.) (41.,  9.) (41.,  9.) (29., 21.) (29., 21.)
 (30., 20.) (30., 20.) (15., 35.) (15., 35.) (24., 26.) (24., 26.)
 (43.,  7.) (43.,  7.) (34., 16.) (34., 16.) (43.,  7.) (43.,  7.)
 (17., 33.) (17., 33.) (43.,  7.) (43.,  7.) (49.,  1.) (49.,  1.)
 (42.,  8.) (42.,  8.) (26., 24.) (26., 24.) (20., 30.) (20., 30.)
 (42.,  8.) (42.,  8.) (45.,  5.) (45.,  5.) (41.,  9.) (41.,  9.)
 (47.,  3.) (47.,  3.) (13., 37.) (13., 37.) (33., 17.) (33., 17.)
 (42.,  8.) (42.,  8.) (24., 26.) (24., 26.) (31., 19.) (31., 19.)
 (19., 31.) (19., 31.) (33., 17.) (33., 17.) (47.,  3.) (47.,  3.)
 (42.,  8.) (42.,  8.) (44.,  6.) (44.,  6.) ( 8., 42.) ( 8., 42.)
 (15., 35.) (15., 35.) (45.,  5.) (45.,  5.) (45.,  5.) (45.,  5.)
 (31., 19.) (31., 19.) (16., 34.) (16., 34.) (33., 17.) (33., 17.)] 
Solution Description: 
p: [  0.          17.53554117  47.19996294  62.30053615  65.88026605
  65.92539359 100.47267296 150.80322505 212.26822432 213.37332578
 215.62221757   0.          18.67738622  30.64321524  54.14868242
  65.5632906   76.73654689 116.04744803 126.91259388 142.07862391
 165.53741135   0.          29.55843142  62.28260869 146.15922713
 146.61968006 156.18632911 196.45979931 221.81439844 251.98750035
 304.15886119 404.11251961 404.37946482 473.69950873 474.45260785
 475.12092963 491.99896077 492.17537356   0.          45.72329507
  52.53455008  63.51155902  77.20165447  89.86625057 124.51415848
 135.02517232 172.9519645  186.90219551 196.06758318 205.5602204
 231.71405951 260.01623432] 
pred: [ 0  0  0  0  0  0  5  5  5  5  5  0  0  0  0  3  3  3  3  3  3  0  0  0
  0  0  0  0  5  5  5  9  9  9  9  9  9  9  0  0  0  0  0  0  0  6  6  6
  6  6 11 11] 
distance [  0.          17.53554117  47.19996294  62.30053615  65.88026605
  65.92539359  34.54727937  84.87783147 146.34283074 147.44793219
 149.69682399   0.          18.67738622  30.64321524  54.14868242
  11.41460818  22.58786447  61.89876561  72.76391146  87.92994149
 111.38872893   0.          29.55843142  62.28260869 146.15922713
 146.61968006 156.18632911 196.45979931  65.62806933  95.80117124
 147.97253208  99.95365842 100.22060363 169.54064754 170.29374666
 170.96206844 187.84009958 188.01651237   0.          45.72329507
  52.53455008  63.51155902  77.20165447  89.86625057 124.51415848
  10.51101384  48.43780602  62.38803703  71.55342471  81.04606192
  26.15383911  54.45601392]
load: [  0  13  21  31  34  50  13  35  54  68  79   0  22  29  50  18  43  48
  58  74  90   0   9  14  17  26  38  48  16  33  38  19  35  44  64  84
  96 121   0  21  40  46  71  86 101   8  12  26  40  53  13  37] 
time: [  0.         170.         203.         228.39224704 244.56663558
 456.          80.         115.34683757 171.22731303 252.33358633
 322.           0.         182.         397.         423.86042084
  90.         130.         160.         414.         443.16015238
 483.3964008    0.         257.         279.90630276 345.84518954
 414.06688705 441.06764997 477.83410975 357.24520703 434.
 475.95303324  72.         192.         241.20298871 268.20115563
 282.44169868 317.         446.           0.         115.
 308.         325.46934669 414.         443.         485.92676098
 121.         226.         329.         378.         422.56770213
 207.         459.        ] 
time warps: [0 0 0 0 0 0 0 0 0 0 0 0 0 0 0 0 0 0 0 0 0 0 0 0 0 0 0 0 0 0 0 0 0 0 0 0 0
 0 0 0 0 0 0 0 0 0 0 0 0 0 0 0] 
duration: [  0.          23.53554117  73.83796245  95.93853566 103.51826556
 311.61049336  41.54727937 116.87783147 195.34283074 200.44793219
 269.41539141   0.          24.67738622 239.90580809 286.41127527
  12.41460818  64.77686183 122.28197165 376.11687833 412.28290836
 458.7416958    0.          35.55843142  92.28260869 189.15922713
 205.61968006 217.18632911 270.45979931  80.62806933 184.45345617
 239.62481701 120.95365842 214.42823731 285.74828122 291.50138034
 300.16970212 332.70578374 447.51118491   0.          55.72329507
 251.32425496 272.3012639  360.05582284 403.26861412 455.91652202
  17.51101384 155.03431469 244.72426381 305.6796988  325.17233601
  48.15383911 315.00222923]

All individuals: [(40, [10,  9, 16, 13,  7, 41, 31, 44, 32,  9, 42, 46, 35, 37, 34, 11, 22, 10, 45,  6, 48,  3, 27, 28,  4, 19, 14,  1, 36, 26, 18, 17, 33, 20, 13,  8, 29,  5, 16, 47, 24, 12, 21, 38, 40,  2, 15, 25, 23, 30, 39, 43], 1133.3512368 , 1173.624707  , 0.,   0.        , 0.        ,  0.        ,  4, 41, 24.5)
 (40, [10,  9, 16, 13,  7, 41, 31, 44, 32,  9, 42, 46, 35, 37, 34, 11, 22, 10, 45,  6, 48,  3, 27, 28,  4, 19, 14,  1, 36, 26, 18, 17, 33, 20, 13,  8, 29,  5, 16, 47, 24, 12, 21, 38, 40,  2, 15, 25, 23, 30, 39, 43], 1133.3512368 , 1173.624707  , 0.,   0.        , 0.        ,  0.        ,  1, 50, 26. )
 (40, [10,  9, 16, 13,  7, 41, 31, 44, 32,  9, 42, 46, 35, 37, 34, 11, 22, 10, 45,  6, 48,  3, 27, 28,  4, 19, 14,  1, 36, 26, 18, 17, 33, 20, 13,  8, 29,  5, 16, 47, 24, 12, 21, 38, 40,  2, 15, 25, 23, 30, 39, 43], 1133.3512368 , 1173.624707  , 0.,   0.        , 0.        ,  0.        ,  5, 42, 26. )
 (40, [10,  9, 16, 13,  7, 41, 31, 44, 32,  9, 42, 46, 35, 37, 34, 11, 22, 10, 45,  6, 48,  3, 27, 28,  4, 19, 14,  1, 36, 26, 18, 17, 33, 20, 13,  8, 29,  5, 16, 47, 24, 12, 21, 38, 40,  2, 15, 25, 23, 30, 39, 43], 1133.3512368 , 1173.624707  , 0.,   0.        , 0.        ,  0.        ,  6, 43, 27.5)
 (40, [10,  9, 16, 13,  7, 41, 31, 44, 32,  9, 42, 46, 35, 37, 34, 11, 22, 10, 45,  6, 48,  3, 27, 28,  4, 19, 14,  1, 36, 26, 18, 17, 33, 20, 13,  8, 29,  5, 16, 47, 24, 12, 21, 38, 40,  2, 15, 25, 23, 30, 39, 43], 1133.3512368 , 1173.624707  , 0.,   0.        , 0.        ,  0.        , 16, 23, 27.5)
 (40, [10,  9, 16, 13,  7, 41, 31, 44, 32,  9, 42, 46, 35, 37, 34, 11, 22, 10, 45,  6, 48,  3, 27, 28,  4, 19, 14,  1, 36, 26, 18, 17, 33, 20, 13,  8, 29,  5, 16, 47, 24, 12, 21, 38, 40,  2, 15, 25, 23, 30, 39, 43], 1133.3512368 , 1173.624707  , 0.,   0.        , 0.        ,  0.        , 15, 27, 28.5)
 (40, [10,  9, 16, 13,  7, 41, 31, 44, 32,  9, 42, 46, 35, 37, 34, 11, 22, 10, 45,  6, 48,  3, 27, 28,  4, 19, 14,  1, 36, 26, 18, 17, 33, 20, 13,  8, 29,  5, 16, 47, 24, 12, 21, 38, 40,  2, 15, 25, 23, 30, 39, 43], 1133.3512368 , 1173.624707  , 0.,   0.        , 0.        ,  0.        ,  7, 44, 29. )
 (40, [10,  9, 16, 13,  7, 41, 31, 44, 32,  9, 42, 46, 35, 37, 34, 11, 22, 10, 45,  6, 48,  3, 27, 28,  4, 19, 14,  1, 36, 26, 18, 17, 33, 20, 13,  8, 29,  5, 16, 47, 24, 12, 21, 38, 40,  2, 15, 25, 23, 30, 39, 43], 1133.3512368 , 1173.624707  , 0.,   0.        , 0.        ,  0.        , 12, 36, 30. )
 (40, [10,  9, 16, 13,  7, 41, 31, 44, 32,  9, 42, 46, 35, 37, 34, 11, 22, 10, 45,  6, 48,  3, 27, 28,  4, 19, 14,  1, 36, 26, 18, 17, 33, 20, 13,  8, 29,  5, 16, 47, 24, 12, 21, 38, 40,  2, 15, 25, 23, 30, 39, 43], 1133.3512368 , 1173.624707  , 0.,   0.        , 0.        ,  0.        , 13, 34, 30. )
 (40, [10,  9, 16, 13,  7, 41, 31, 44, 32,  9, 42, 46, 35, 37, 34, 11, 22, 10, 45,  6, 48,  3, 27, 28,  4, 19, 14,  1, 36, 26, 18, 17, 33, 20, 13,  8, 29,  5, 16, 47, 24, 12, 21, 38, 40,  2, 15, 25, 23, 30, 39, 43], 1133.3512368 , 1173.624707  , 0.,   0.        , 0.        ,  0.        ,  1, 50, 26. )
 (40, [10,  9, 16, 13,  7, 41, 31, 44, 32,  9, 42, 46, 35, 37, 34, 11, 22, 10, 45,  6, 48,  3, 27, 28,  4, 19, 14,  1, 36, 26, 18, 17, 33, 20, 13,  8, 29,  5, 16, 47, 24, 12, 21, 38, 40,  2, 15, 25, 23, 30, 39, 43], 1133.3512368 , 1173.624707  , 0.,   0.        , 0.        ,  0.        ,  3, 40, 23. )
 (40, [10,  9, 16, 13,  7, 41, 31, 44, 32,  9, 42, 46, 35, 37, 34, 11, 22, 10, 45,  6, 48,  3, 27, 28,  4, 19, 14,  1, 36, 26, 18, 17, 33, 20, 13,  8, 29,  5, 16, 47, 24, 12, 21, 38, 40,  2, 15, 25, 23, 30, 39, 43], 1133.3512368 , 1173.624707  , 0.,   0.        , 0.        ,  0.        ,  8, 46, 31. )
 (35, [12, 13, 12, 11, 24,  4,  8, 25, 17, 11, 27, 33, 46, 47, 43, 20, 48, 28,  6, 32, 34, 29, 16, 15, 31, 45, 21, 19,  5,  2,  7, 30, 36, 35, 26,  1, 39, 44, 37, 42, 12, 40,  3, 41, 14, 38, 13,  9, 10, 22, 23, 18], 1133.3512368 , 1173.624707  , 0.,   0.        , 0.        ,  0.        , 14, 45, 36.5)
 (37, [12, 12, 13, 11, 27, 39, 32, 30, 13, 44,  5, 12,  4, 43, 46, 20, 42, 16, 36, 25,  6, 18, 29, 37, 38, 10,  1, 34, 22, 14, 15, 24,  3,  9, 11,  8, 45, 35, 33, 31, 47, 17, 26, 40, 21, 28, 41, 48,  7,  2, 19, 23], 1133.3512368 , 1173.624707  , 0.,   0.        , 0.        ,  0.        , 15, 27, 28.5)
 (38, [11, 13, 12, 12, 45, 37,  6, 23,  2, 12, 17, 32, 43,  5, 44,  1, 24, 20, 27, 35, 14, 28, 22, 25, 26,  4, 48, 29,  7, 46,  3, 41, 21, 39, 31, 11, 47,  8, 16, 15, 19, 30,  9, 13, 10, 18, 33, 40, 38, 36, 42, 34], 1133.3512368 , 1173.624707  , 0.,   0.        , 0.        ,  0.        , 16, 23, 27.5)
 (41, [15, 11, 12, 10, 34, 20, 45, 27, 44, 22, 13, 11, 18, 32, 41,  1, 10,  2, 16, 25, 29,  5, 47,  8, 39, 36, 14,  7, 23,  4, 40, 28, 38, 12, 35, 19, 26, 37,  3,  9, 30, 21, 48, 46,  6, 43, 33, 17, 31, 24, 42, 15], 1133.3512368 , 1173.624707  , 0.,   0.        , 0.        ,  0.        ,  2, 24, 14. )
 (40, [10,  9, 16, 13,  7, 41, 31, 44, 32,  9, 42, 46, 35, 37, 34, 11, 22, 10, 45,  6, 48,  3, 27, 28,  4, 19, 14,  1, 36, 26, 18, 17, 33, 20, 13,  8, 29,  5, 16, 47, 24, 12, 21, 38, 40,  2, 15, 25, 23, 30, 39, 43], 1133.3512368 , 1173.624707  , 0.,   0.        , 0.        ,  0.        , 25, 31, 40.5)
 (44, [11, 12, 12, 13, 17, 26, 30,  4, 18, 29, 11, 45, 33, 44, 25, 36, 19,  8, 48, 10, 47, 35, 38, 46, 34,  7, 40, 23, 41,  5, 43, 27,  1,  2,  9, 21, 28, 37,  3, 31, 14, 39, 22, 20, 13,  6, 32, 15, 24, 42, 12, 16], 1133.3512368 , 1173.624707  , 0.,   0.        , 0.        ,  0.        , 27, 25, 39.5)
 (47, [12, 12, 12, 12, 14,  6, 28, 39, 31, 33, 36,  5, 37, 10, 41, 46, 38, 35,  8, 42, 45,  1, 15, 22, 18, 29, 27,  9,  7, 20, 34, 25, 21, 44, 19, 23, 11, 17, 12, 13, 32, 24, 26, 48, 40, 16, 30, 43,  2,  3, 47,  4], 1133.3512368 , 1173.624707  , 0.,   0.        , 0.        ,  0.        , 24, 32, 40. )
 (40, [10,  9, 16, 13,  7, 41, 31, 44, 32,  9, 42, 46, 35, 37, 34, 11, 22, 10, 45,  6, 48,  3, 27, 28,  4, 19, 14,  1, 36, 26, 18, 17, 33, 20, 13,  8, 29,  5, 16, 47, 24, 12, 21, 38, 40,  2, 15, 25, 23, 30, 39, 43], 1133.3512368 , 1173.624707  , 0.,   0.        , 0.        ,  0.        ,  9, 47, 32.5)
 (40, [10,  9, 16, 13,  7, 41, 31, 44, 32,  9, 42, 46, 35, 37, 34, 11, 22, 10, 45,  6, 48,  3, 27, 28,  4, 19, 14,  1, 36, 26, 18, 17, 33, 20, 13,  8, 29,  5, 16, 47, 24, 12, 21, 38, 40,  2, 15, 25, 23, 30, 39, 43], 1133.3512368 , 1173.624707  , 0.,   0.        , 0.        ,  0.        ,  2, 24, 14. )
 (40, [10,  9, 16, 13,  7, 41, 31, 44, 32,  9, 42, 46, 35, 37, 34, 11, 22,  6, 45, 10, 48,  3, 27, 28,  4, 19, 14,  1, 36, 26, 18, 17, 33, 20, 13,  8, 29,  5, 16, 47, 24, 12, 21, 38, 40,  2, 15, 25, 23, 30, 39, 43], 1179.80147857, 1220.07494877, 0.,   0.        , 0.        ,  4.        , 29, 17, 37.5)
 (40, [10,  9, 16, 13,  7, 41, 31, 44, 32,  9,  3, 42, 46, 35, 37, 34, 11, 22, 10, 45,  6, 48, 27, 28,  4, 19, 14,  1, 36, 26, 18, 17, 33, 20, 13,  8, 29,  5, 16, 47, 24, 12, 21, 38, 40,  2, 15, 25, 23, 30, 39, 43], 1279.92137615, 1320.19484635, 0.,   0.        , 0.        ,  3.        , 30, 18, 39. )
 (24, [ 9, 15, 11, 13, 37, 34, 35, 44, 32,  9, 42, 46, 11, 41,  7, 31,  4, 36, 28, 14, 19, 22, 10, 45,  6, 27,  3, 48, 26, 18, 17, 16, 33, 20, 13,  8, 29,  5,  1, 47, 24, 12, 21, 38, 40,  2, 15, 25, 23, 30, 39, 43], 1310.55246785, 1495.63776235, 0.,  10.4812411 , 0.        , 31.        , 31,  2, 32. )
 (39, [12, 14, 12, 10, 30, 10, 36, 24, 17, 11, 35, 38, 23, 29, 41, 43, 26, 12, 16, 48,  9,  6,  7, 21,  5, 32, 42,  8, 14,  1, 15, 33, 18,  3, 37, 34, 19, 31,  4, 40, 47, 44,  2, 39, 27, 25, 20, 22, 13, 28, 45, 46], 1370.95233888, 1411.22580908, 0.,   0.        , 0.        ,  7.        , 32, 16, 40. )
 (39, [12, 14, 12, 10, 30, 10, 36, 24, 17, 11, 35, 38, 23, 29, 41, 43, 26, 12, 16, 48,  9,  6,  7, 21,  5, 32, 42,  8, 14,  1, 15, 33, 18,  3, 37, 34, 19, 31,  4, 40, 47, 44,  2, 39, 27, 25, 20, 22, 13, 28, 45, 46], 1370.95233888, 1411.22580908, 0.,   0.        , 0.        ,  7.        , 32, 16, 40. )
 (40, [10,  9, 16, 13,  7, 41, 31, 44, 32,  9, 42, 46, 35, 37, 34, 11, 22, 10, 45,  6, 48,  3, 27, 28,  4, 19, 14,  1, 36, 26, 18, 17, 33, 20, 15,  8, 29,  5, 16, 47, 24, 12, 21, 38, 40,  2, 13, 25, 23, 30, 39, 43], 1394.96298943, 1592.81829393, 0.,   0.        , 0.        ,  2.66666667, 33, 22, 44. )
 (48, [14, 10, 13, 11, 10,  4,  9, 45, 38, 27, 42, 25, 13, 24, 11, 26, 43, 47, 30, 32, 18, 31, 14, 40, 48, 41,  8, 35,  3, 19, 21, 34,  2, 36, 23,  7, 28, 33, 39, 15,  1, 17,  5, 37, 29, 20, 46, 44, 16, 22, 12,  6], 1394.96298943, 1592.81829393, 0.,   0.        , 0.        ,  2.66666667, 34, 21, 44.5)
 (24, [10, 11, 14, 13,  7, 41, 31, 44, 32,  9, 42, 46, 35, 37, 34, 11, 22,  6, 45, 10,  3, 27, 28,  4, 48, 26, 18, 17, 16, 33, 19, 14,  1, 36, 20, 13,  8, 29,  5, 47, 24, 12, 21, 38, 40,  2, 15, 25, 23, 30, 39, 43], 1395.59868324, 1395.59868324, 0.,   0.        , 0.        , 14.        , 35,  8, 39. )
 (40, [11, 15, 11, 11,  8, 48, 23,  3, 47, 25, 33, 46,  2, 28, 44, 40, 35,  4, 42, 45, 16, 15,  7, 14, 27, 30,  1, 20, 41, 38, 34, 29, 22, 37, 39, 11, 13, 43,  5, 10, 19, 32, 26, 18, 24,  6, 21,  9, 36, 17, 31, 12], 1440.82106067, 1481.09453087, 0.,   0.        , 0.        , 10.66666667, 36, 10, 41. )
 (40, [11, 15, 11, 11,  8, 48, 23,  3, 47, 25, 33, 46,  2, 28, 44, 40, 35,  4, 42, 45, 16, 15,  7, 14, 27, 30,  1, 20, 41, 38, 34, 29, 22, 37, 39, 11, 13, 43,  5, 10, 19, 32, 26, 18, 24,  6, 21,  9, 36, 17, 31, 12], 1440.82106067, 1481.09453087, 0.,   0.        , 0.        , 10.66666667, 36, 10, 41. )
 (40, [ 8,  9, 18, 13,  7, 41, 31, 44, 32,  9, 42, 46, 34, 35, 37, 22, 10, 45,  6, 48, 11, 24,  3, 27, 28,  4, 19, 14,  1, 36, 26, 18, 17, 33, 20, 13,  8, 29,  5,  2, 23, 16, 47, 12, 21, 38, 40, 25, 15, 30, 39, 43], 1471.54169646, 1511.81516666, 0.,   0.        , 0.        ,  7.        , 44, 15, 51.5)
 (40, [14,  7, 15, 12,  7, 41, 31, 44, 32,  9, 42, 46, 35, 37, 34, 11, 22, 10, 45,  6, 48,  3, 27, 28,  4, 19, 14,  1, 36, 26, 18, 17, 33, 20, 13,  8, 29,  5, 16, 47, 24, 12, 21, 38, 40, 23,  2, 15, 25, 30, 39, 43], 1495.1557867 , 1535.42925691, 0.,   0.        , 0.        ,  9.33333333, 37, 12, 43. )
 (40, [13,  8, 14, 13,  7, 41, 31, 44, 32,  9, 42, 46, 35, 37, 34, 11, 22, 10, 45, 23,  6, 48,  3, 27, 28,  4, 19, 14,  1, 36, 26, 18, 17, 33, 20, 13,  8, 29,  5, 16, 47, 24, 12, 21, 38, 40,  2, 15, 25, 30, 39, 43], 1502.58348055, 1542.85695075, 0.,   0.        , 0.        ,  8.33333333, 38, 13, 44.5)
 (46, [12, 13, 10, 13,  9, 47, 12, 13, 15, 14, 48, 11, 29, 41, 19, 44, 31, 35, 27, 22,  7, 40, 24, 21,  1, 23, 39, 46, 38,  6, 33, 26,  2, 36, 28, 18, 30, 16,  8, 25, 43,  3, 32,  5, 17, 45, 37, 10, 34,  4, 42, 20], 1509.39235821, 1796.05698054, 0.,   1.32362771, 0.49686221, 31.33333333, 49,  1, 49.5)
 (46, [12, 13, 10, 13,  9, 47, 12, 13, 15, 14, 48, 11, 29, 41, 19, 44, 31, 35, 27, 22,  7, 40, 24, 21,  1, 23, 39, 46, 38,  6, 33, 26,  2, 36, 28, 18, 30, 16,  8, 25, 43,  3, 32,  5, 17, 45, 37, 10, 34,  4, 42, 20], 1509.39235821, 1796.05698054, 0.,   1.32362771, 0.49686221, 31.33333333, 49,  1, 49.5)
 (43, [11, 12, 15, 10, 40, 34, 48, 15, 13, 26,  3, 20, 11, 30, 23, 28,  9, 44,  5, 38, 24, 35,  1,  7, 12, 46, 33, 27, 22, 32,  4, 18, 45, 29, 36, 17, 25,  6, 41,  2, 14, 31, 16, 39, 21, 43, 10, 37,  8, 19, 42, 47], 1512.69329519, 1552.96676539, 0.,   0.        , 0.        , 15.33333333, 39,  7, 42.5)
 (43, [11, 12, 15, 10, 40, 34, 48, 15, 13, 26,  3, 20, 11, 30, 23, 28,  9, 44,  5, 38, 24, 35,  1,  7, 12, 46, 33, 27, 22, 32,  4, 18, 45, 29, 36, 17, 25,  6, 41,  2, 14, 31, 16, 39, 21, 43, 10, 37,  8, 19, 42, 47], 1512.69329519, 1552.96676539, 0.,   0.        , 0.        , 15.33333333, 39,  7, 42.5)
 (40, [11,  7, 15, 15,  7, 41, 31, 44, 32,  9, 42, 46, 35, 37, 34, 11, 22, 10, 45,  6, 48,  3, 27, 28,  4,  1, 14, 19, 36, 26, 18, 17, 33, 20, 13,  8, 29,  5, 16, 47, 24, 12, 21, 38, 40,  2, 15, 25, 23, 30, 39, 43], 1519.47811038, 1562.08985399, 0.,   5.08691234, 0.        , 10.        , 40, 11, 45.5)
 (40, [10,  9, 16, 13,  7, 41, 31, 44, 32,  9, 42, 46, 35, 37, 34, 11, 22, 10, 45,  6, 48,  3, 38, 27, 28,  4, 19, 14,  1, 36, 26, 18, 17, 33, 20, 13,  8, 29,  5, 16, 47, 24, 12, 21, 40,  2, 15, 25, 23, 30, 39, 43], 1570.78597132, 1611.05944152, 0.,   0.        , 0.        ,  3.        , 41, 19, 50.5)
 (45, [11, 13, 12, 12,  2, 16, 10, 17,  1, 26, 18, 12, 33, 28, 41, 15, 31,  3, 40,  9, 48, 38, 29, 36, 11, 13,  4, 37, 24, 45, 46, 25, 14, 39, 43, 47, 22, 19,  7, 42,  5,  6, 32, 35,  8, 34, 44, 21, 30, 23, 20, 27], 1571.22307153, 1611.49654173, 0.,   0.        , 0.        ,  3.        , 42, 20, 52. )
 (45, [11, 13, 12, 12,  2, 16, 10, 17,  1, 26, 18, 12, 33, 28, 41, 15, 31,  3, 40,  9, 48, 38, 29, 36, 11, 13,  4, 37, 24, 45, 46, 25, 14, 39, 43, 47, 22, 19,  7, 42,  5,  6, 32, 35,  8, 34, 44, 21, 30, 23, 20, 27], 1571.22307153, 1611.49654173, 0.,   0.        , 0.        ,  3.        , 42, 20, 52. )
 (36, [12, 11, 11, 14, 39, 41, 30,  2, 15, 35, 40, 38, 13, 31,  9, 42, 14, 22, 11, 32,  3, 20, 44, 23, 48, 28, 36,  1, 45, 43, 18,  4, 27,  8, 12,  7, 16, 33, 10, 34, 24, 21, 37, 19,  5,  6, 47, 17, 29, 46, 25, 26], 1575.20099553, 1615.47446574, 0.,   0.        , 0.        , 13.        , 43,  9, 47.5)
 (49, [14, 11, 11, 12, 18, 41, 13, 42,  8, 34, 29, 28,  2,  6, 35, 40, 14, 12, 46,  9, 27, 16, 32, 47, 23,  7, 22, 26, 39, 10, 33,  5, 37,  4, 44, 36, 38, 21, 45, 11, 43, 15,  3, 25, 30, 48, 24, 20, 17, 19,  1, 31], 1619.78908824, 1824.8474376 , 0.,   0.        , 1.53684477, 17.        , 45,  5, 47.5)
 (49, [14, 11, 11, 12, 18, 41, 13, 42,  8, 34, 29, 28,  2,  6, 35, 40, 14, 12, 46,  9, 27, 16, 32, 47, 23,  7, 22, 26, 39, 10, 33,  5, 37,  4, 44, 36, 38, 21, 45, 11, 43, 15,  3, 25, 30, 48, 24, 20, 17, 19,  1, 31], 1619.78908824, 1824.8474376 , 0.,   0.        , 1.53684477, 17.        , 45,  5, 47.5)
 (40, [13, 10, 12, 13,  7, 41, 31, 44, 32,  9, 42, 46, 35, 37, 34, 11, 22, 28, 27,  3, 48,  6, 45, 10,  4, 19, 14,  1, 36, 26, 18, 17, 33, 20, 40, 13,  8, 29,  5, 16, 47, 24, 12, 21, 38,  2, 15, 25, 23, 30, 39, 43], 1689.75196132, 1730.02543152, 0.,   0.        , 0.        , 16.66666667, 46,  6, 49. )
 (40, [11, 10, 15, 12,  7, 41, 31, 44, 32,  9, 42, 46, 35, 37, 34, 11, 12, 10, 45,  6, 48,  3, 27, 28,  4, 19, 14,  1, 36, 26, 18, 17, 33, 20, 13,  8, 29,  5, 16, 47, 24, 22, 21, 38, 40,  2, 15, 25, 23, 30, 39, 43], 1711.14083756, 1751.41430777, 0.,   0.        , 0.        ,  8.        , 47, 14, 54. )
 (42, [13, 12, 12, 11, 39, 40, 38, 48, 18,  5, 29,  1, 10, 19, 32, 36, 27, 46, 43, 33, 28,  9, 14, 13, 11, 21, 44, 41, 45, 16, 35, 25,  3, 30, 37,  7, 15,  6, 24, 22, 47, 26, 17, 42, 23, 12,  2, 31, 34,  8,  4, 20], 1975.63000635, 2003.1628495 , 0.,  18.80142277, 0.        , 28.        , 48,  3, 49.5)
 (42, [13, 12, 12, 11, 39, 40, 38, 48, 18,  5, 29,  1, 10, 19, 32, 36, 27, 46, 43, 33, 28,  9, 14, 13, 11, 21, 44, 41, 45, 16, 35, 25,  3, 30, 37,  7, 15,  6, 24, 22, 47, 26, 17, 42, 23, 12,  2, 31, 34,  8,  4, 20], 1975.63000635, 2003.1628495 , 0.,  18.80142277, 0.        , 28.        , 48,  3, 49.5)
 (40, [10,  8, 16, 14,  7, 41, 31, 44, 32,  9, 13, 20, 33, 17, 18, 26, 36,  1, 14, 19,  4, 28, 27,  3, 48,  6, 45, 10, 22, 11, 34, 37, 35, 46, 42,  8, 29,  5, 16, 47, 24, 12, 21, 38, 40,  2, 15, 25, 23, 30, 39, 43], 2757.27131523, 2999.16384007, 0., 151.45994244, 0.        , 23.66666667, 50,  4, 52. )]