
Total Runtime in seconds: 466.29577112197876Parameters:
population_size: 50, max_generations: 50, executed generations: 50, threshold_no_improvement: 25
target feasible proportion: 12
fitness_scaling: power_rank, selection_method: n_tournaments
p_c: 0.8, p_m: 0.4
tournament_size: 2, n_elite: 10
survivor_selection_step: 200, p_selection_survival: 0.7
kill clone step: 100
diversify_step: 300, diversify_step: 300, p_diversify_survival: 0.3
n_closest_neighbors: 3, diversity_weight: 0.5, distance_method: broken_pairs_distance
capacity_penalty_factor: 1.3869478656091687, duration_penalty_factor 1.3869478656091687, time_window_penalty: 16.93177470449694
Best fitness all generations, best individual before/after local search: 1899.8731807438471, 1899.8731807438471 / 1899.8731807438471
Best individual found before local search: (30, [31, 12, 22, 31, 86, 43,  8, 68, 38, 93, 74, 73, 37, 69,  9, 25, 60, 72, 41, 70, 59, 84, 62, 55, 20, 16, 64, 17, 44, 81, 19, 92, 39, 27, 13, 42, 65, 33, 88,  1, 47, 87, 32, 78,  7,  5, 94, 66, 12,  3, 53, 36, 71,  2, 80, 48, 10, 85, 22, 56, 96, 67, 76, 50, 51,  6, 24, 14, 18, 79, 45, 89, 63, 77, 90,  4, 31, 61, 52, 58, 57, 95, 29, 54, 26, 46, 23, 83, 30, 91, 28, 11, 21, 15, 75, 40, 34, 49, 82, 35], 1899.87318074, 1901.74614318, 0., 0., 0., 0., 0, 0, 0.)
Best individual found after local search: (30, [31, 12, 22, 31, 86, 43,  8, 68, 38, 93, 74, 73, 37, 69,  9, 25, 60, 72, 41, 70, 59, 84, 62, 55, 20, 16, 64, 17, 44, 81, 19, 92, 39, 27, 13, 42, 65, 33, 88,  1, 47, 87, 32, 78,  7,  5, 94, 66, 12,  3, 53, 36, 71,  2, 80, 48, 10, 85, 22, 56, 96, 67, 76, 50, 51,  6, 24, 14, 18, 79, 45, 89, 63, 77, 90,  4, 31, 61, 52, 58, 57, 95, 29, 54, 26, 46, 23, 83, 30, 91, 28, 11, 21, 15, 75, 40, 34, 49, 82, 35], 1899.87318074, 1901.74614318, 0., 0., 0., 0., 0, 0, 0.)
Best feasible individual found: (30, [31, 12, 22, 31, 86, 43,  8, 68, 38, 93, 74, 73, 37, 69,  9, 25, 60, 72, 41, 70, 59, 84, 62, 55, 20, 16, 64, 17, 44, 81, 19, 92, 39, 27, 13, 42, 65, 33, 88,  1, 47, 87, 32, 78,  7,  5, 94, 66, 12,  3, 53, 36, 71,  2, 80, 48, 10, 85, 22, 56, 96, 67, 76, 50, 51,  6, 24, 14, 18, 79, 45, 89, 63, 77, 90,  4, 31, 61, 52, 58, 57, 95, 29, 54, 26, 46, 23, 83, 30, 91, 28, 11, 21, 15, 75, 40, 34, 49, 82, 35], 1899.87318074, 1901.74614318, 0., 0., 0., 0., 0, 0, 0.)

Fitness stats min: [2982.93434597 2123.13770211 1974.31925465 1934.93541107 1929.80090956
 1920.93042742 1920.93042742 1920.93042742 1920.93042742 1920.93042742
 1920.93042742 1920.93042742 1920.93042742 1920.93042742 1920.93042742
 1920.93042742 1920.93042742 1920.93042742 1920.93042742 1920.93042742
 1920.93042742 1920.93042742 1920.93042742 1920.93042742 1920.93042742
 1920.93042742 1920.93042742 1920.93042742 1920.93042742 1920.93042742
 1920.93042742 1920.93042742 1920.93042742 1920.93042742 1920.93042742
 1920.93042742 1920.93042742 1920.93042742 1919.40590431 1915.38829738
 1903.82866166 1903.82866166 1903.82866166 1903.82866166 1903.82866166
 1903.82866166 1903.82866166 1903.82866166 1903.82866166 1903.82866166
 1899.87318074] 

Fitness stats feasible min: [3079.48170406 2123.13770211 1974.31925465 1934.93541107 1929.80090956
 1920.93042742 1920.93042742 1920.93042742 1920.93042742 1920.93042742
 1920.93042742 1920.93042742 1920.93042742 1920.93042742 1920.93042742
 1920.93042742 1920.93042742 1920.93042742 1920.93042742 1920.93042742
 1920.93042742 1920.93042742 1920.93042742 1920.93042742 1920.93042742
 1920.93042742 1920.93042742 1920.93042742 1920.93042742 1920.93042742
 1920.93042742 1920.93042742 1920.93042742 1920.93042742 1920.93042742
 1920.93042742 1920.93042742 1920.93042742 1919.40590431 1915.38829738
 1903.82866166 1903.82866166 1903.82866166 1903.82866166 1903.82866166
 1903.82866166 1903.82866166 1903.82866166 1903.82866166 1903.82866166
 1899.87318074] 

Fitness stats avg: [3181.9381807  3203.73471249 2984.66721519 2707.70712939 2435.56670704
 2288.56230648 2233.10042886 2089.30997116 2100.46045604 2027.42457406
 2071.59316866 2042.96704138 2023.939964   2009.30092158 2051.28172462
 2066.42351712 2052.22615833 2042.8160944  2035.93158884 2040.92809926
 2033.78768024 2053.75827991 2027.14358032 2046.36136768 1993.10379021
 2018.76721441 2012.36452926 2050.13071309 2025.69707553 2017.54487137
 2052.67533448 2025.10999148 1981.37154491 2005.20021098 2065.05781836
 2059.5342206  2001.93601145 2048.30391941 2053.55839673 2025.45271476
 2028.04210849 2028.30753067 2097.9070725  2055.92575419 2018.50454394
 2007.40373635 1996.95058217 1984.21481845 1999.6296069  2012.39323359
 2024.47275622] 

Feasible stats: [( 0.,  0.) ( 0., 50.) ( 0., 50.) (27., 23.) (27., 23.) (43.,  7.)
 (43.,  7.) (48.,  2.) (48.,  2.) (49.,  1.) (49.,  1.) (50.,  0.)
 (50.,  0.) (47.,  3.) (47.,  3.) (50.,  0.) (50.,  0.) (48.,  2.)
 (48.,  2.) (50.,  0.) (50.,  0.) (48.,  2.) (48.,  2.) (49.,  1.)
 (49.,  1.) (48.,  2.) (48.,  2.) (50.,  0.) (50.,  0.) (50.,  0.)
 (50.,  0.) (47.,  3.) (47.,  3.) (49.,  1.) (49.,  1.) (48.,  2.)
 (48.,  2.) (50.,  0.) (50.,  0.) (49.,  1.) (49.,  1.) (49.,  1.)
 (49.,  1.) (47.,  3.) (47.,  3.) (49.,  1.) (49.,  1.) (46.,  4.)
 (46.,  4.) (49.,  1.) (49.,  1.)] 
Solution Description: 
p: [  0.          34.16933368  73.91280255 214.27920935 239.26385182
 239.46433151 239.48130047 243.03559723 268.01063797 276.68683942
 291.90616232 296.15991441 319.90331072 329.33317792 331.09378913
 369.96083193 372.63955461 372.67794185 378.18522782 404.64582207
 436.87434435 457.79419049 471.52984019 474.46071525 475.46963474
 477.00898825 483.38776713 518.1595958  561.37873065 668.64880383
 710.72007467 784.96556995   0.          24.16879376  46.43458646
  46.5826381   48.3379691   61.9735268   64.98860516  79.67546684
  79.83046253  86.06767793 223.56150039 234.18023368 239.72366081
   0.          24.20452222  64.98822708  83.15245878 101.48701228
 102.28435676 112.88256717 145.92659387 160.04767385 182.46579266
 182.49874753 211.80698869 216.50031784 224.07376965 232.96877702
 249.74693454 307.72329512 329.49880035 330.87018608 367.55169438
 369.38202343 372.73034533 374.41390923   0.          14.50251868
  19.49527643  21.36823886 106.52133497 112.31674602 112.34188503
 127.61276849 129.54212788 137.32654163 137.61497265 150.57559731
 181.39118071 194.31127376 194.31370881 194.48006359 212.73810895
 239.8785723  262.56134647 291.65935196 291.81815808 291.84273468
 293.84591658 303.52343114 316.9975115  357.96921431 435.44968289
 454.00972327 493.17380402 497.98761886 498.8867654  500.77004075] 
pred: [ 0  0  0  0  0  0  0  0  7  7  7  7 11 11 11 14 14 14 14 18 18 18 18 18
 18 18 25 25 25 25 25 25  0  0  0  0  0  0  0  0  0  8  8  8  8  0  0  0
  0  0  0  0  6  6  6  6 10 10 10 13 13 13 13 13 13 13 13 13  0  0  0  0
  2  2  2  2  2  2  2  2 11 11 11 11 11 11 11 11 11 11 11 22 22 22 22 22
 22 22 22 22] 
distance [  0.          34.16933368  73.91280255 214.27920935 239.26385182
 239.46433151 239.48130047 243.03559723  24.97504074  33.65124219
  48.87056509  53.12431718  23.7433963   33.17326351  34.93387471
  38.8670428   41.54576548  41.58415272  47.09143869  26.46059425
  58.68911653  79.60896267  93.34461238  96.27548743  97.28440692
  98.82376043   6.37877888  41.15060755  84.36974241 191.63981558
 233.71108642 307.9565817    0.          24.16879376  46.43458646
  46.5826381   48.3379691   61.9735268   64.98860516  79.67546684
  79.83046253   6.2372154  143.73103786 154.34977115 159.89319828
   0.          24.20452222  64.98822708  83.15245878 101.48701228
 102.28435676 112.88256717  33.04402669  47.16510668  69.58322548
  69.61618036  29.30824116  34.00157031  41.57502212   8.89500736
  25.67316489  83.64952547 105.42503069 106.79641643 143.47792473
 145.30825377 148.65657568 150.34013957   0.          14.50251868
  19.49527643  21.36823886  87.02605855  92.82146959  92.84660861
 108.11749206 110.04685145 117.83126521 118.11969623 131.08032089
  30.8155834   43.73567644  43.7381115   43.90446628  62.16251164
  89.30297499 111.98574916 141.08375464 141.24256076 141.26713737
 143.27031927   9.67751456  23.15159492  64.12329773 141.60376631
 160.16380669 199.32788744 204.14170228 205.04084881 206.92412417]
load: [  0   8  12  16  22  34  53  58   3  14  34  59  19  29  53  23  33  34
  36   9  12  30  51  74  93 116  13  29  52  59  68  77   0  13  27  41
  59  63  72  97 119  12  33  46  48   0   5   8  11  19  24  43  12  32
  42  63  23  47  51  10  11  16  37  50  70  86  91  93   0  11  28  32
  17  21  26  41  65  81 106 124  13  34  49  69  81  94 102 105 109 130
 133   7  31  51  64  65  76  98  99 119] 
time: [  0.         110.         136.         224.76021669 306.29896464
 339.68888183 355.4303254  372.         129.         152.39981091
 182.95258396 314.         103.         137.         300.
 140.         285.         313.27835541 350.          95.
 126.37011091 206.         376.         386.73487495 425.26938032
 455.         106.         213.         236.62744081 316.76457799
 387.         495.17344391   0.         178.         215.63233535
 228.9493719  324.         410.         450.         471.14384344
 502.19334755 306.         382.59740309 422.         493.75351166
   0.         222.         254.0938709  282.21996634 302.6209925
 375.         457.         125.         248.         267.05961308
 345.         190.         378.         407.15348661 124.
 153.76960324 184.21123847 222.16654636 241.97572541 336.
 402.         418.83844297 445.           0.         129.
 231.         260.60367754 221.85226149 264.02932451 291.84323353
 382.         408.15780238 448.1126214  457.3281927  490.68062585
 169.         186.61974315 210.87311616 229.54785008 314.
 333.14864991 359.6233031  432.         466.90323688 487.66647824
 514.37979312 143.         161.         187.62067589 244.039433
 287.29970021 324.30362074 439.         489.178036   500.5404654 ] 
time warps: [0 0 0 0 0 0 0 0 0 0 0 0 0 0 0 0 0 0 0 0 0 0 0 0 0 0 0 0 0 0 0 0 0 0 0 0 0
 0 0 0 0 0 0 0 0 0 0 0 0 0 0 0 0 0 0 0 0 0 0 0 0 0 0 0 0 0 0 0 0 0 0 0 0 0
 0 0 0 0 0 0 0 0 0 0 0 0 0 0 0 0 0 0 0 0 0 0 0 0 0 0] 
duration: [  0.          37.16933368  90.93886636 247.30527316 293.28991563
 298.49039532 299.50736428 320.68891269  43.97504074  73.65124219
 108.87056509 237.60058348  40.7433963   69.80229227 250.20337636
  47.8670428  204.71805701 216.75644426 256.8323723   40.46059425
  80.68911653 187.69724258 340.50270834 366.43358339 381.44250288
 416.60273156  10.37877888 132.74364087 198.96277573 315.2328489
 389.33058213 474.57607742   0.          44.16879376  70.43458646
  86.5826381  187.29453655 270.09496521 311.24662428 350.93348596
 363.08848166  11.2372154  163.73103786 199.21885177 215.7622789
   0.          33.20452222  92.98822708 112.15245878 138.48701228
 198.18364449 291.64941102  34.04402669 166.26650547 207.68462428
 266.27466932  51.30824116 232.45612236 250.02957417  29.89500736
  47.67316489 127.64952547 154.42503069 164.79641643 275.25337111
 310.72055545 326.06887735 347.94798108   0.          24.50251868
 139.65402328 164.52698571 129.02605855 159.82146959 175.84660861
 270.41386858 296.34322797 308.12764172 331.41607275 365.37669741
  39.8155834   71.73567644  84.7381115   89.90446628 176.33196488
 215.47242822 256.15520239 346.62017927 351.77898539 364.80356199
 378.80674389  14.67751456  40.387413    94.35911581 182.83958439
 206.39962477 253.56370552 372.24352996 379.1426765  391.02595185]

All individuals: [(30, [31, 12, 22, 31, 86, 43,  8, 68, 38, 93, 74, 73, 37, 69,  9, 25, 60, 72, 41, 70, 59, 84, 62, 55, 20, 16, 64, 17, 44, 81, 19, 92, 39, 27, 13, 42, 65, 33, 88,  1, 47, 87, 32, 78,  7,  5, 94, 66, 12,  3, 53, 36, 71,  2, 80, 48, 10, 85, 22, 56, 96, 67, 76, 50, 51,  6, 24, 14, 18, 79, 45, 89, 63, 77, 90,  4, 31, 61, 52, 58, 57, 95, 29, 54, 26, 46, 23, 83, 30, 91, 28, 11, 21, 15, 75, 40, 34, 49, 82, 35], 1899.87318074, 1901.74614318, 0., 0.        ,  0.        , 0., 0, 0, 0.)
 (30, [31, 12, 22, 31, 86, 43,  8, 68, 38, 93, 74, 73, 37, 69,  9, 25, 60, 72, 41, 70, 59, 84, 62, 55, 20, 16, 64, 17, 44, 81, 19, 92, 39, 27, 13, 42, 65, 33, 88,  1, 47, 87, 32, 78,  7,  5, 94, 66, 12,  3, 53, 36, 71,  2, 80, 48, 10, 85, 22, 56, 96, 67, 76, 50, 51,  6, 24, 14, 18, 79, 26, 45, 89, 63, 77, 90,  4, 31, 61, 52, 58, 29, 95, 54, 57, 46, 23, 83, 30, 91, 28, 11, 21, 15, 75, 40, 34, 49, 82, 35], 1903.82866166, 1903.82866166, 0., 0.        ,  0.        , 0., 0, 0, 0.)
 (30, [31, 12, 22, 31, 86, 43,  8, 68, 38, 93, 74, 73, 37, 69,  9, 25, 60, 72, 41, 70, 59, 84, 62, 55, 20, 16, 64, 17, 44, 81, 19, 92, 39, 27, 13, 42, 65, 33, 88,  1, 47, 87, 32, 78,  7,  5, 94, 66, 12,  3, 53, 36, 71,  2, 80, 48, 10, 85, 22, 56, 96, 67, 76, 50, 51,  6, 24, 14, 18, 79, 26, 45, 89, 63, 77, 90,  4, 31, 61, 52, 58, 29, 95, 54, 57, 46, 23, 83, 30, 91, 28, 11, 21, 15, 75, 40, 34, 49, 82, 35], 1903.82866166, 1903.82866166, 0., 0.        ,  0.        , 0., 0, 0, 0.)
 (30, [31, 12, 22, 31, 86, 43,  8, 68, 38, 93, 74, 73, 37, 69,  9, 25, 60, 72, 41, 70, 59, 84, 62, 55, 20, 16, 64, 17, 44, 81, 19, 92, 39, 27, 13, 42, 65, 33, 88,  1, 47, 87, 32, 78,  7,  5, 94, 66, 12,  3, 53, 36, 71,  2, 80, 48, 10, 85, 22, 56, 96, 67, 76, 50, 51,  6, 24, 14, 18, 79, 26, 45, 89, 63, 77, 90,  4, 31, 61, 52, 58, 29, 95, 54, 57, 46, 23, 83, 30, 91, 28, 11, 21, 15, 75, 40, 34, 49, 82, 35], 1903.82866166, 1903.82866166, 0., 0.        ,  0.        , 0., 0, 0, 0.)
 (30, [31, 12, 22, 31, 86, 43,  8, 68, 38, 93, 74, 73, 37, 69,  9, 25, 60, 72, 41, 70, 59, 84, 62, 55, 20, 16, 64, 17, 44, 81, 19, 92, 39, 27, 13, 42, 65, 33, 88,  1, 47, 87, 32, 78,  7,  5, 94, 66, 12,  3, 53, 36, 71,  2, 80, 48, 10, 85, 22, 56, 96, 67, 76, 50, 51,  6, 24, 14, 18, 79, 26, 45, 89, 63, 77, 90,  4, 31, 61, 52, 58, 29, 95, 54, 57, 46, 23, 83, 30, 91, 28, 11, 21, 15, 75, 40, 34, 49, 82, 35], 1903.82866166, 1903.82866166, 0., 0.        ,  0.        , 0., 0, 0, 0.)
 (30, [31, 12, 22, 31, 86, 43,  8, 68, 38, 93, 74, 73, 37, 69,  9, 25, 60, 72, 41, 70, 59, 84, 62, 55, 20, 16, 64, 17, 44, 81, 19, 92, 39, 27, 13, 42, 65, 33, 88,  1, 47, 87, 32, 78,  7,  5, 94, 66, 12,  3, 53, 36, 71,  2, 80, 48, 10, 85, 22, 56, 96, 67, 76, 50, 51,  6, 24, 14, 18, 79, 26, 45, 89, 63, 77, 90,  4, 31, 61, 52, 58, 29, 95, 54, 57, 46, 23, 83, 30, 91, 28, 11, 21, 15, 75, 40, 34, 49, 82, 35], 1903.82866166, 1903.82866166, 0., 0.        ,  0.        , 0., 0, 0, 0.)
 (30, [31, 12, 22, 31, 86, 43,  8, 68, 38, 93, 74, 73, 37, 69,  9, 25, 60, 72, 41, 70, 59, 84, 62, 55, 20, 16, 64, 17, 44, 81, 19, 92, 39, 27, 13, 42, 65, 33, 88,  1, 47, 87, 32, 78,  7,  5, 94, 66, 12,  3, 53, 36, 71,  2, 80, 48, 10, 85, 22, 56, 96, 67, 76, 50, 51,  6, 24, 14, 18, 79, 26, 45, 89, 63, 77, 90,  4, 31, 61, 52, 58, 29, 95, 54, 57, 46, 23, 83, 30, 91, 28, 11, 21, 15, 75, 40, 34, 49, 82, 35], 1903.82866166, 1903.82866166, 0., 0.        ,  0.        , 0., 0, 0, 0.)
 (30, [31, 12, 22, 31, 86, 43,  8, 68, 38, 93, 74, 73, 37, 69,  9, 25, 60, 72, 41, 70, 59, 84, 62, 55, 20, 16, 64, 17, 44, 81, 19, 92, 39, 27, 13, 42, 65, 33, 88,  1, 47, 87, 32, 78,  7,  5, 94, 66, 12,  3, 53, 36, 71,  2, 80, 48, 10, 85, 22, 56, 96, 67, 76, 50, 51,  6, 24, 14, 18, 79, 26, 45, 89, 63, 77, 90,  4, 31, 61, 52, 58, 29, 95, 54, 57, 46, 23, 83, 30, 91, 28, 11, 21, 15, 75, 40, 34, 49, 82, 35], 1903.82866166, 1903.82866166, 0., 0.        ,  0.        , 0., 0, 0, 0.)
 (30, [31, 12, 22, 31, 86, 43,  8, 68, 38, 93, 74, 73, 37, 69,  9, 25, 60, 72, 41, 70, 59, 84, 62, 55, 20, 16, 64, 17, 44, 81, 19, 92, 39, 27, 13, 42, 65, 33, 88,  1, 47, 87, 32, 78,  7,  5, 94, 66, 12,  3, 53, 36, 71,  2, 80, 48, 10, 85, 22, 56, 96, 67, 76, 50, 51,  6, 24, 14, 18, 79, 26, 45, 89, 63, 77, 90,  4, 31, 61, 52, 58, 29, 95, 54, 57, 46, 23, 83, 30, 91, 28, 11, 21, 15, 75, 40, 34, 49, 82, 35], 1903.82866166, 1903.82866166, 0., 0.        ,  0.        , 0., 0, 0, 0.)
 (30, [31, 12, 22, 31, 86, 43,  8, 68, 38, 93, 74, 73, 37, 69,  9, 25, 60, 72, 41, 70, 59, 84, 62, 55, 20, 16, 64, 17, 44, 81, 19, 92, 39, 27, 13, 42, 65, 33, 88,  1, 47, 87, 32, 78,  7,  5, 94, 66, 12,  3, 53, 36, 71,  2, 80, 48, 10, 85, 22, 56, 96, 67, 76, 50, 51,  6, 24, 14, 18, 79, 26, 45, 89, 63, 77, 90,  4, 31, 61, 52, 58, 29, 95, 54, 57, 46, 23, 83, 30, 91, 28, 11, 21, 15, 75, 40, 34, 49, 82, 35], 1903.82866166, 1903.82866166, 0., 0.        ,  0.        , 0., 0, 0, 0.)
 (30, [31, 12, 22, 31, 86, 43,  8, 68, 38, 93, 74, 73, 37, 69,  9, 25, 60, 72, 41, 70, 59, 84, 62, 55, 20, 16, 64, 17, 44, 81, 19, 92, 39, 27, 13, 42, 65, 33, 88,  1, 47, 87, 32, 78,  7,  5, 94, 66, 12,  3, 53, 36, 71,  2, 80, 48, 10, 85, 22, 56, 96, 67, 76, 50, 51,  6, 24, 14, 18, 79, 26, 45, 89, 63, 77, 90,  4, 31, 61, 52, 58, 29, 95, 54, 57, 46, 23, 83, 30, 91, 28, 11, 21, 15, 75, 40, 34, 49, 82, 35], 1903.82866166, 1903.82866166, 0., 0.        ,  0.        , 0., 0, 0, 0.)
 (30, [31, 12, 22, 31, 86, 43,  8, 68, 38, 93, 74, 73, 37, 69,  9, 25, 60, 72, 41, 70, 59, 84, 62, 55, 20, 16, 64, 17, 44, 81, 19, 92, 39, 27, 13, 42, 65, 33, 88,  1, 47, 87, 32, 78,  7,  5, 94, 66, 12,  3, 53, 36, 71,  2, 80, 48, 10, 85, 22, 56, 96, 67, 76, 50, 51,  6, 24, 14, 18, 79, 26, 45, 89, 63, 77, 90,  4, 31, 61, 52, 58, 29, 95, 54, 57, 46, 23, 83, 30, 91, 28, 11, 21, 15, 75, 40, 34, 49, 82, 35], 1903.82866166, 1903.82866166, 0., 0.        ,  0.        , 0., 0, 0, 0.)
 (30, [31, 12, 22, 31, 86, 43,  8, 68, 38, 93, 74, 73, 37, 69,  9, 25, 60, 72, 41, 70, 59, 84, 62, 55, 20, 16, 64, 17, 44, 81, 19, 92, 39, 27, 13, 42, 65, 33, 88,  1, 47, 87, 32, 78,  7,  5, 94, 66, 12,  3, 53, 36, 71,  2, 80, 48, 10, 85, 22, 56, 96, 67, 76, 50, 51,  6, 24, 14, 18, 79, 26, 45, 89, 63, 77, 90,  4, 31, 61, 52, 58, 29, 95, 54, 57, 46, 23, 83, 30, 91, 28, 11, 21, 15, 75, 40, 34, 49, 82, 35], 1903.82866166, 1903.82866166, 0., 0.        ,  0.        , 0., 0, 0, 0.)
 (30, [31, 12, 22, 31, 86, 43,  8, 68, 38, 93, 74, 73, 37, 69,  9, 25, 60, 72, 41, 70, 59, 84, 62, 55, 20, 16, 64, 17, 44, 81, 19, 92, 39, 27, 13, 42, 65, 33, 88,  1, 47, 87, 32, 78,  7,  5, 94, 66, 12,  3, 53, 36, 71,  2, 80, 48, 10, 85, 22, 56, 96, 67, 76, 50, 51,  6, 24, 14, 18, 79, 26, 45, 89, 63, 77, 90,  4, 31, 61, 52, 58, 29, 95, 54, 57, 46, 23, 83, 30, 91, 28, 11, 21, 15, 75, 40, 34, 49, 82, 35], 1903.82866166, 1903.82866166, 0., 0.        ,  0.        , 0., 0, 0, 0.)
 (30, [31, 12, 22, 31, 86, 43,  8, 68, 38, 93, 74, 73, 37, 69,  9, 25, 60, 72, 41, 70, 59, 84, 62, 55, 20, 16, 64, 17, 44, 81, 19, 92, 39, 27, 13, 42, 65, 33, 88,  1, 47, 87, 32, 78,  7,  5, 94, 66, 12,  3, 53, 36, 71,  2, 80, 48, 10, 85, 22, 56, 96, 67, 76, 50, 51,  6, 24, 14, 18, 79, 26, 45, 89, 63, 77, 90,  4, 31, 61, 52, 58, 29, 95, 54, 57, 46, 23, 83, 30, 91, 28, 11, 21, 15, 75, 40, 34, 49, 82, 35], 1903.82866166, 1903.82866166, 0., 0.        ,  0.        , 0., 0, 0, 0.)
 (30, [31, 12, 22, 31, 86, 43,  8, 68, 38, 93, 74, 73, 37, 69,  9, 25, 60, 72, 41, 70, 59, 84, 62, 55, 20, 16, 64, 17, 44, 81, 19, 92, 39, 27, 13, 42, 65, 33, 88,  1, 47, 87, 32, 78,  7,  5, 94, 66, 12,  3, 53, 36, 71,  2, 80, 48, 10, 85, 22, 56, 96, 67, 76, 50, 51,  6, 24, 14, 18, 79, 26, 45, 89, 63, 77, 90,  4, 31, 61, 52, 58, 29, 95, 54, 57, 46, 23, 83, 30, 91, 28, 11, 21, 15, 75, 40, 34, 49, 82, 35], 1903.82866166, 1903.82866166, 0., 0.        ,  0.        , 0., 0, 0, 0.)
 (30, [31, 12, 22, 31, 86, 43,  8, 68, 38, 93, 74, 73, 37, 69,  9, 25, 60, 72, 41, 70, 59, 84, 62, 55, 20, 16, 64, 17, 44, 81, 19, 92, 39, 27, 13, 42, 65, 33, 88,  1, 47, 87, 32, 78,  7,  5, 94, 66, 12,  3, 53, 36, 71,  2, 80, 48, 10, 85, 22, 56, 96, 67, 76, 50, 51,  6, 24, 14, 18, 79, 26, 45, 89, 63, 77, 90,  4, 31, 61, 52, 58, 29, 95, 54, 57, 46, 23, 83, 30, 91, 28, 11, 21, 15, 75, 40, 34, 49, 82, 35], 1903.82866166, 1903.82866166, 0., 0.        ,  0.        , 0., 0, 0, 0.)
 (30, [31, 12, 22, 31, 86, 43,  8, 68, 38, 93, 74, 73, 37, 69,  9, 25, 60, 72, 41, 70, 59, 84, 62, 55, 20, 16, 64, 17, 44, 81, 19, 92, 39, 27, 13, 42, 65, 33, 88,  1, 47, 87, 32, 78,  7,  5, 94, 66, 12,  3, 53, 36, 71,  2, 80, 48, 10, 85, 22, 56, 96, 67, 76, 50, 51,  6, 24, 14, 18, 79, 26, 45, 89, 63, 77, 90,  4, 31, 61, 52, 58, 29, 95, 54, 57, 46, 23, 83, 30, 91, 28, 11, 21, 15, 75, 40, 34, 49, 82, 35], 1903.82866166, 1903.82866166, 0., 0.        ,  0.        , 0., 0, 0, 0.)
 (30, [31, 12, 22, 31, 86, 43,  8, 68, 38, 93, 74, 73, 37, 69,  9, 25, 60, 72, 41, 70, 59, 84, 62, 55, 20, 16, 64, 17, 44, 81, 19, 92, 39, 27, 13, 42, 65, 33, 88,  1, 47, 87, 32, 78,  7,  5, 94, 66, 12,  3, 53, 36, 71,  2, 80, 48, 10, 85, 22, 56, 96, 67, 76, 50, 51,  6, 24, 14, 18, 79, 26, 45, 89, 63, 77, 90,  4, 31, 61, 52, 58, 29, 95, 54, 57, 46, 23, 83, 30, 91, 28, 11, 21, 15, 75, 40, 34, 49, 82, 35], 1903.82866166, 1903.82866166, 0., 0.        ,  0.        , 0., 0, 0, 0.)
 (30, [31, 12, 22, 31, 86, 43,  8, 68, 38, 93, 74, 73, 37, 69,  9, 25, 60, 72, 41, 70, 59, 84, 62, 55, 20, 16, 64, 17, 44, 81, 19, 92, 39, 27, 13, 42, 65, 33, 88,  1, 47, 87, 32, 78,  7,  5, 94, 66, 12,  3, 53, 36, 71,  2, 80, 48, 10, 85, 22, 56, 96, 67, 76, 50, 51,  6, 24, 14, 18, 79, 26, 45, 89, 63, 77, 90,  4, 31, 61, 52, 58, 29, 95, 54, 57, 46, 23, 83, 30, 91, 28, 11, 21, 15, 75, 40, 34, 49, 82, 35], 1903.82866166, 1903.82866166, 0., 0.        ,  0.        , 0., 0, 0, 0.)
 (30, [31, 12, 22, 31, 86, 43,  8, 68, 38, 93, 74, 73, 37, 69,  9, 25, 60, 72, 41, 70, 59, 84, 62, 55, 20, 16, 64, 17, 44, 81, 19, 92, 39, 27, 13, 42, 65, 33, 88,  1, 47, 87, 32, 78,  7,  5, 94, 66, 12,  3, 53, 36, 71,  2, 80, 48, 10, 85, 22, 56, 96, 67, 76, 50, 51,  6, 24, 14, 18, 79, 26, 45, 89, 63, 77, 90,  4, 31, 61, 52, 58, 29, 95, 54, 57, 46, 23, 83, 30, 91, 28, 11, 21, 15, 75, 40, 34, 49, 82, 35], 1903.82866166, 1903.82866166, 0., 0.        ,  0.        , 0., 0, 0, 0.)
 (30, [31, 12, 22, 31, 86, 43,  8, 68, 38, 93, 74, 73, 37, 69,  9, 25, 60, 72, 41, 70, 59, 84, 62, 55, 20, 16, 64, 17, 44, 81, 19, 92, 39, 27, 13, 42, 65, 33, 88,  1, 47, 87, 32, 78,  7,  5, 94, 66, 12,  3, 53, 36, 71,  2, 80, 48, 10, 85, 22, 56, 96, 67, 76, 50, 51,  6, 24, 14, 18, 79, 26, 45, 89, 63, 77, 90,  4, 31, 61, 52, 58, 29, 95, 54, 57, 46, 23, 83, 30, 91, 28, 11, 21, 15, 75, 40, 34, 49, 82, 35], 1903.82866166, 1903.82866166, 0., 0.        ,  0.        , 0., 0, 0, 0.)
 (30, [31, 12, 22, 31, 86, 43,  8, 68, 38, 93, 74, 73, 37, 69,  9, 25, 60, 72, 41, 70, 59, 84, 62, 55, 20, 16, 64, 17, 44, 81, 19, 92, 39, 27, 13, 42, 65, 33, 88,  1, 47, 87, 32, 78,  7,  5, 94, 66, 12,  3, 53, 36, 71,  2, 80, 48, 10, 85, 22, 56, 96, 67, 76, 50, 51,  6, 24, 14, 18, 79, 26, 45, 89, 63, 77, 90,  4, 31, 61, 52, 58, 29, 95, 54, 57, 46, 23, 83, 30, 91, 28, 11, 21, 15, 75, 40, 34, 49, 82, 35], 1903.82866166, 1903.82866166, 0., 0.        ,  0.        , 0., 0, 0, 0.)
 (30, [31, 12, 22, 31, 86, 43,  8, 68, 38, 93, 74, 73, 37, 69,  9, 25, 60, 72, 41, 70, 59, 84, 62, 55, 20, 16, 64, 17, 44, 81, 19, 92, 39, 27, 13, 42, 65, 33, 88,  1, 47, 87, 32, 78,  7,  5, 94, 66, 12,  3, 53, 36, 71,  2, 80, 48, 10, 85, 22, 56, 96, 67, 76, 50, 51,  6, 24, 14, 18, 79, 26, 45, 89, 63, 77, 90,  4, 31, 61, 52, 58, 29, 95, 54, 57, 46, 23, 83, 30, 91, 28, 11, 21, 15, 75, 40, 34, 49, 82, 35], 1903.82866166, 1903.82866166, 0., 0.        ,  0.        , 0., 0, 0, 0.)
 (30, [31, 12, 22, 31, 86, 43,  8, 68, 38, 93, 74, 73, 37, 69,  9, 25, 60, 72, 41, 70, 59, 84, 62, 55, 20, 16, 64, 17, 44, 81, 19, 92, 39, 27, 13, 42, 65, 33, 88,  1, 47, 87, 32, 78,  7,  5, 94, 66, 12,  3, 53, 36, 71,  2, 80, 48, 10, 85, 22, 56, 96, 67, 76, 50, 51,  6, 24, 14, 18, 79, 26, 45, 89, 63, 77, 90,  4, 31, 61, 52, 58, 29, 95, 54, 57, 46, 23, 83, 30, 91, 28, 11, 21, 15, 75, 40, 34, 49, 82, 35], 1903.82866166, 1903.82866166, 0., 0.        ,  0.        , 0., 0, 0, 0.)
 (30, [31, 12, 22, 31, 86, 43,  8, 68, 38, 93, 74, 73, 37, 69,  9, 25, 60, 72, 41, 70, 59, 84, 62, 55, 20, 16, 64, 17, 44, 81, 19, 92, 39, 27, 13, 42, 65, 33, 88,  1, 47, 87, 32, 78,  7,  5, 94, 66, 12,  3, 53, 36, 71,  2, 80, 48, 10, 85, 22, 56, 96, 67, 76, 50, 51,  6, 24, 14, 18, 79, 26, 45, 89, 63, 77, 90,  4, 31, 61, 52, 58, 29, 95, 54, 57, 46, 23, 83, 30, 91, 28, 11, 21, 15, 75, 40, 34, 49, 82, 35], 1903.82866166, 1903.82866166, 0., 0.        ,  0.        , 0., 0, 0, 0.)
 (30, [31, 12, 22, 31, 86, 43,  8, 68, 38, 93, 74, 73, 37, 69,  9, 25, 60, 72, 41, 70, 59, 84, 62, 55, 20, 16, 64, 17, 44, 81, 19, 92, 39, 27, 13, 42, 65, 33, 88,  1, 47, 87, 32, 78,  7,  5, 94, 66, 12,  3, 53, 36, 71,  2, 80, 48, 10, 85, 22, 56, 96, 67, 76, 50, 51,  6, 24, 14, 18, 79, 26, 45, 89, 63, 77, 90,  4, 31, 61, 52, 58, 29, 95, 54, 57, 46, 23, 83, 30, 91, 28, 11, 21, 15, 75, 40, 34, 49, 82, 35], 1903.82866166, 1903.82866166, 0., 0.        ,  0.        , 0., 0, 0, 0.)
 (30, [31, 12, 22, 31, 86, 43,  8, 68, 38, 93, 74, 73, 37, 69,  9, 25, 60, 72, 41, 70, 59, 84, 62, 55, 20, 16, 64, 17, 44, 81, 19, 92, 39, 27, 13, 42, 65, 33, 88,  1, 47, 87, 32, 78,  7,  5, 94, 66, 12,  3, 53, 36, 71,  2, 80, 48, 10, 85, 22, 56, 96, 67, 76, 50, 51,  6, 24, 14, 18, 79, 26, 45, 89, 63, 77, 90,  4, 31, 61, 52, 58, 29, 95, 54, 57, 46, 23, 83, 30, 91, 28, 11, 21, 15, 75, 40, 34, 49, 82, 35], 1903.82866166, 1903.82866166, 0., 0.        ,  0.        , 0., 0, 0, 0.)
 (30, [31, 12, 22, 31, 86, 43,  8, 68, 38, 93, 74, 73, 37, 69,  9, 25, 60, 72, 41, 70, 59, 84, 62, 55, 20, 16, 64, 17, 44, 81, 19, 92, 39, 27, 13, 42, 65, 33, 88,  1, 47, 87, 32, 78,  7,  5, 94, 66, 12,  3, 53, 36, 71,  2, 80, 48, 10, 85, 22, 56, 96, 67, 76, 50, 51,  6, 24, 14, 18, 79, 26, 45, 89, 63, 77, 90,  4, 31, 61, 52, 58, 29, 95, 54, 57, 46, 23, 83, 30, 91, 28, 11, 21, 15, 75, 40, 34, 49, 82, 35], 1903.82866166, 1903.82866166, 0., 0.        ,  0.        , 0., 0, 0, 0.)
 (30, [31, 12, 22, 31, 86, 43,  8, 68, 38, 93, 74, 73, 37, 69,  9, 25, 60, 72, 41, 70, 59, 84, 62, 55, 20, 16, 64, 17, 44, 81, 19, 92, 39, 27, 13, 42, 65, 33, 88,  1, 47, 87, 32, 78,  7,  5, 94, 66, 12,  3, 53, 36, 71,  2, 80, 48, 10, 85, 22, 56, 96, 67, 76, 50, 51,  6, 24, 14, 18, 79, 26, 45, 89, 63, 77, 90,  4, 31, 61, 52, 58, 29, 95, 54, 57, 46, 23, 83, 30, 91, 28, 11, 21, 15, 75, 40, 34, 49, 82, 35], 1903.82866166, 1903.82866166, 0., 0.        ,  0.        , 0., 0, 0, 0.)
 (30, [31, 12, 22, 31, 86, 43,  8, 68, 38, 93, 74, 73, 37, 69,  9, 25, 60, 72, 81, 41, 70, 59, 84, 62, 55, 20, 16, 64, 17, 44, 19, 92, 39, 27, 13, 42, 65, 33, 88,  1, 47, 87, 32, 78,  7,  5, 94, 66, 12,  3, 53, 36, 71,  2, 80, 48, 10, 85, 22, 56, 96, 67, 76, 50, 51,  6, 24, 14, 18, 79, 26, 45, 89, 63, 77, 90,  4, 31, 61, 52, 58, 29, 95, 54, 57, 46, 23, 83, 30, 91, 28, 11, 21, 15, 75, 40, 34, 49, 82, 35], 1907.83478991, 1907.83478991, 0., 0.        ,  0.        , 0., 0, 0, 0.)
 (30, [31, 12, 22, 31, 86, 43,  8, 68, 38, 93, 74, 73, 37, 69,  9, 25, 60, 72, 41, 70, 59, 84, 55, 20, 16, 64, 17, 44, 81, 62, 19, 92, 39, 27, 13, 42, 65, 33, 88,  1, 47, 87, 32, 78,  7,  5, 94, 66, 12,  3, 53, 36, 71,  2, 80, 48, 10, 85, 22, 56, 96, 67, 76, 50, 51,  6, 24, 14, 18, 79, 26, 45, 89, 63, 77, 90,  4, 31, 61, 52, 58, 29, 95, 54, 57, 46, 23, 83, 30, 91, 28, 11, 21, 15, 75, 40, 34, 49, 82, 35], 1909.33719894, 1909.33719894, 0., 0.        ,  0.        , 0., 0, 0, 0.)
 (30, [31, 12, 22, 31, 86, 43,  8, 68, 38, 93, 74, 73, 37, 69,  9, 25, 60, 72, 41, 70, 59, 84, 62, 55, 20, 16, 64, 17, 44, 81, 19, 92, 39, 27, 13, 42, 65, 33, 88,  1, 47, 87, 32, 78,  7,  5, 94, 66, 12,  3, 53, 36, 71,  2, 80, 48, 10, 85, 22, 56, 96, 67, 76, 50, 51,  6, 24, 14, 18, 79, 26, 45, 89, 63, 77, 90,  4, 31, 61, 52, 58, 29, 95, 54, 57, 46, 23, 83, 30, 91, 15, 28, 11, 21, 75, 40, 34, 49, 82, 35], 1957.68786155, 1957.68786155, 0., 0.        ,  0.        , 0., 0, 0, 0.)
 (30, [31, 12, 22, 31, 86, 43,  8, 68, 38, 93, 74, 73, 37, 69,  9, 25, 60, 72, 41, 70, 59, 84, 62, 55, 20, 16, 64, 17, 44, 81, 19, 92, 39, 27, 13, 42, 65, 33, 88,  1, 47, 87, 32, 80,  7,  5, 94, 66, 12,  3, 53, 36, 71,  2, 78, 48, 10, 85, 22, 56, 96, 67, 76, 50, 51,  6, 24, 14, 18, 79, 26, 45, 89, 63, 77, 90,  4, 31, 61, 52, 58, 29, 95, 54, 57, 46, 23, 83, 30, 91, 28, 11, 21, 15, 75, 40, 34, 49, 82, 35], 1990.07964924, 1990.07964924, 0., 0.        ,  0.        , 0., 0, 0, 0.)
 (30, [31, 12, 22, 31, 86, 43,  8, 68, 38, 93, 74, 73, 37, 69,  9, 25, 60, 72, 41, 70, 59, 84, 62, 55, 20, 16, 64, 17, 44, 81, 19, 92, 39, 27, 13, 42, 65, 33, 88,  1, 47, 87, 32, 78,  7,  5, 94, 66, 12,  3, 53, 36, 71,  2, 80, 48, 10, 85, 22,  6, 96, 67, 76, 50, 51, 56, 24, 14, 18, 79, 26, 45, 89, 63, 77, 90,  4, 31, 61, 52, 58, 29, 95, 54, 57, 46, 23, 83, 30, 91, 28, 11, 21, 15, 75, 40, 34, 49, 82, 35], 2006.44788921, 2006.44788921, 0., 0.        ,  0.        , 0., 0, 0, 0.)
 (30, [31, 12, 22, 31, 86, 43,  8, 68, 38, 93, 74, 73, 37, 69,  9, 25, 60, 72, 41, 70, 59, 84, 62, 55, 20, 16, 64, 17, 44, 81, 19, 92, 39, 27, 13, 42, 65, 33, 88,  1, 47, 87, 32, 78,  7,  5, 94, 15, 12,  3, 53, 36, 71,  2, 80, 48, 10, 85, 22, 56, 96, 67, 76, 50, 51,  6, 24, 14, 18, 79, 26, 45, 89, 63, 77, 90,  4, 31, 61, 52, 58, 29, 95, 54, 57, 46, 23, 83, 30, 91, 28, 11, 21, 66, 75, 40, 34, 49, 82, 35], 2078.09506495, 2048.67923118, 0., 0.        , 20.14858869, 0., 0, 0, 0.)
 (30, [31, 12, 22, 31, 86, 43,  8, 68, 38, 93, 74, 73, 37, 69,  9, 25, 60, 72, 41, 70, 59, 84, 62, 55, 20, 19, 64, 17, 44, 81, 16, 92, 39, 27, 13, 42, 65, 33, 88,  1, 47, 87, 32, 78,  7,  5, 94, 66, 12,  3, 53, 36, 71,  2, 80, 48, 10, 85, 22, 56, 96, 67, 76, 50, 51,  6, 24, 14, 18, 79, 26, 45, 89, 63, 77, 90,  4, 31, 61, 52, 58, 29, 95, 54, 57, 46, 23, 83, 30, 91, 28, 11, 21, 15, 75, 40, 34, 49, 82, 35], 2080.43351103, 2080.43351103, 0., 0.        ,  0.        , 0., 0, 0, 0.)
 (30, [31, 12, 22, 31, 86, 43,  8, 68, 63, 93, 74, 73, 37, 69,  9, 25, 60, 72, 41, 70, 59, 84, 62, 55, 20, 16, 64, 17, 44, 81, 19, 92, 39, 27, 13, 42, 65, 33, 88,  1, 47, 87, 32, 78,  7,  5, 94, 66, 12,  3, 53, 36, 71,  2, 80, 48, 10, 85, 22, 56, 96, 67, 76, 50, 51,  6, 24, 14, 18, 79, 26, 45, 89, 38, 77, 90,  4, 31, 61, 52, 58, 29, 95, 54, 57, 46, 23, 83, 30, 91, 28, 11, 21, 15, 75, 40, 34, 49, 82, 35], 2138.31217382, 2138.31217382, 0., 0.        ,  0.        , 0., 0, 0, 0.)
 (30, [31, 12, 22, 31, 86, 43,  8, 68, 38, 93, 74, 73, 37, 69,  9, 25, 60, 72, 41, 70, 59, 67, 62, 55, 20, 16, 64, 17, 44, 81, 19, 92, 39, 27, 13, 42, 65, 33, 88,  1, 47, 87, 32, 78,  7,  5, 94, 66, 12,  3, 53, 36, 71,  2, 80, 48, 10, 85, 22, 56, 96, 84, 76, 50, 51,  6, 24, 14, 18, 79, 26, 45, 89, 63, 77, 90,  4, 31, 61, 52, 58, 29, 95, 54, 57, 46, 23, 83, 30, 91, 28, 11, 21, 15, 75, 40, 34, 49, 82, 35], 2162.98940555, 2162.98940555, 0., 0.        ,  0.        , 0., 0, 0, 0.)
 (30, [31, 11, 21, 33, 86, 43,  8, 68, 38, 93, 74, 73, 37, 69,  9, 87, 60, 72, 41, 70, 59, 84, 62, 55, 20, 16, 64, 17, 44, 81, 19, 92, 39, 27, 13, 42, 65, 33, 88,  1, 47, 25, 32, 78,  7,  5, 94, 66, 12,  3, 53, 36, 71,  2, 80, 48, 10, 85, 22, 56, 96, 67, 76, 50, 51,  6, 24, 14, 18, 79, 26, 45, 89, 63, 77, 90,  4, 31, 61, 52, 58, 29, 95, 54, 57, 46, 23, 83, 30, 91, 28, 11, 21, 15, 75, 40, 34, 49, 82, 35], 2165.71470608, 2165.71470608, 0., 0.        ,  0.        , 0., 0, 0, 0.)
 (30, [31, 12, 22, 31, 86, 43,  8, 68, 38, 93, 74, 73, 37, 69,  9, 25, 60, 72, 41, 70, 59, 84, 62,  5, 20, 16, 64, 17, 44, 81, 19, 92, 39, 27, 13, 42, 65, 33, 88,  1, 47, 87, 32, 78,  7, 55, 94, 66, 12,  3, 53, 36, 71,  2, 80, 48, 10, 85, 22, 56, 96, 67, 76, 50, 51,  6, 24, 14, 18, 79, 26, 45, 89, 63, 77, 90,  4, 31, 61, 52, 58, 29, 95, 54, 57, 46, 23, 83, 30, 91, 28, 11, 21, 15, 75, 40, 34, 49, 82, 35], 2168.66195406, 2168.66195406, 0., 0.        ,  0.        , 0., 0, 0, 0.)
 (30, [31, 12, 22, 31, 86, 43,  8, 68, 38, 93, 74, 73, 37, 69,  9, 25, 60, 72, 41, 70, 59, 84, 62, 55, 20, 16, 64, 17, 44, 81, 19, 92, 39, 27, 13, 42, 65, 33, 88,  1, 47, 87, 32, 78,  7,  5, 94, 66, 61,  3, 53, 36, 71,  2, 80, 48, 10, 85, 22, 56, 96, 67, 76, 50, 51,  6, 24, 14, 18, 79, 26, 45, 89, 63, 77, 90,  4, 31, 12, 52, 58, 29, 95, 54, 57, 46, 23, 83, 30, 91, 28, 11, 21, 15, 75, 40, 34, 49, 82, 35], 2198.32433321, 2198.32433321, 0., 0.        ,  0.        , 0., 0, 0, 0.)
 (30, [31, 12, 22, 31, 86, 43,  8, 68, 38, 93, 74, 73, 37, 69,  9, 25, 60, 72, 41, 70, 59, 84, 62, 55, 20, 16, 64, 17, 44, 81, 19, 92, 39, 27, 13, 42, 65, 33, 88,  1, 47, 87, 32, 78,  7,  5, 94, 66, 12,  3, 53, 63, 71,  2, 80, 48, 10, 85, 22, 56, 96, 67, 76, 50, 51,  6, 24, 14, 18, 79, 26, 45, 89, 36, 77, 90,  4, 31, 61, 52, 58, 29, 95, 54, 57, 46, 23, 83, 30, 91, 28, 11, 21, 15, 75, 40, 34, 49, 82, 35], 2204.12065909, 2185.20758102, 0., 0.        , 12.95465   , 0., 0, 0, 0.)
 (30, [32, 14, 19, 31, 86, 43,  8, 68, 38, 93, 74, 21, 41, 70, 59, 84, 62, 37, 69, 81, 25, 60, 72, 55, 20, 16, 64, 17, 44,  9, 19, 92, 39, 27, 13, 42, 65, 33, 88,  1, 47, 87, 32, 78,  7,  5, 94, 66, 12, 85,  3, 53, 36, 71, 56,  2, 80, 48, 10, 22, 96, 67, 76, 50, 51,  6, 24, 14, 18, 79, 26, 45, 89, 63, 77, 90,  4, 31, 61, 52, 29, 95, 73, 57, 46, 23, 83, 30, 91, 28, 54, 58, 11, 15, 75, 40, 34, 49, 82, 35], 2237.75737917, 2237.75737917, 0., 0.        ,  0.        , 0., 0, 0, 0.)
 (30, [31, 14, 21, 30, 86, 43,  8, 68, 38, 93, 74, 73, 37, 69,  9, 25, 60, 72, 41, 19, 59, 84, 62, 55, 20, 16, 64, 17, 44, 81, 70, 92, 39, 27, 13, 42, 65, 33, 88,  1, 47, 87, 32, 78,  7,  5, 94, 66, 12,  3, 53, 36, 71,  2, 80, 48, 10, 85, 22, 56, 96, 67, 76, 50, 51,  6, 24, 14, 18, 79, 26, 45, 89, 63, 77, 90,  4, 31, 61, 52, 58, 29, 95, 54, 57, 46, 23, 83, 30, 91, 28, 11, 21, 15, 75, 40, 34, 49, 82, 35], 2264.93097769, 2264.93097769, 0., 0.        ,  0.        , 0., 0, 0, 0.)
 (30, [31, 13, 22, 30, 86, 43,  8, 68, 38, 93, 74, 73, 69,  9, 37, 25, 60, 72, 41, 70, 59, 84, 62, 55, 20, 16, 85, 17, 44, 81, 19, 92, 39, 27, 13, 42, 65, 33, 88,  1, 47, 87, 32, 78,  7,  5, 94, 66, 12,  3, 53, 36, 71,  2, 80, 48, 10, 64, 22, 56, 96, 67, 76, 50, 51,  6, 24, 14, 18, 79, 26, 45, 89, 63, 77, 90,  4, 31, 61, 52, 58, 29, 95, 54, 57, 46, 23, 83, 30, 91, 28, 11, 21, 15, 75, 40, 34, 49, 82, 35], 2322.35961837, 2322.35961837, 0., 0.        ,  0.        , 0., 0, 0, 0.)
 (30, [32, 11, 23, 30, 86, 43,  8, 68, 38, 93, 74, 73, 37, 69,  9, 25, 60, 72, 41, 70, 59, 84, 62, 55, 20, 16, 77, 17, 44, 81, 19, 92, 39, 27, 13, 42, 65, 33, 88,  1, 47, 87, 32, 78,  7,  5, 94, 66, 12,  3, 53, 36, 71,  2, 80, 48, 10, 85, 22, 56, 96, 67, 76, 50, 51,  6, 24, 14, 18, 79, 26, 45, 89, 63, 64, 90,  4, 31, 61, 52, 58, 29, 95, 54, 57, 46, 23, 83, 30, 91, 28, 11, 21, 15, 75, 40, 34, 49, 82, 35], 2386.56840253, 2637.49766913, 0., 0.        ,  0.        , 0., 0, 0, 0.)
 (30, [33, 13, 20, 30, 86, 43,  8, 68, 38, 93, 74, 73, 37, 69,  9, 25, 60, 72, 41, 70, 59, 84, 62, 55, 20, 16, 64, 17, 44, 81, 19, 92, 39, 27, 13, 42, 65, 33, 88,  1, 47, 87, 32, 78,  7,  5, 94, 66, 12,  3, 53, 36, 71,  2, 80, 30, 10, 85, 22, 56, 96, 67, 76, 50, 51,  6, 24, 14, 18, 79, 26, 45, 89, 63, 77, 90,  4, 31, 61, 52, 58, 29, 95, 54, 57, 46, 23, 83, 48, 91, 28, 11, 21, 15, 75, 40, 34, 49, 82, 35], 2453.00452908, 2453.00452908, 0., 0.        ,  0.        , 0., 0, 0, 0.)
 (30, [32, 13, 22, 29, 86, 43,  8, 68, 38, 93, 74, 73, 37, 69,  9, 25, 60, 72, 41, 70, 59, 84, 62, 55, 20, 16, 64, 17, 44, 51, 19, 92, 39, 27, 13, 42, 65, 33, 88,  1, 47, 87, 32, 78,  7,  5, 94, 66, 12,  3, 53, 36, 71,  2, 80, 48, 10, 85, 22, 56, 96, 67, 76, 50, 81,  6, 24, 14, 18, 79, 26, 45, 89, 63, 77, 90,  4, 31, 61, 52, 58, 29, 95, 54, 57, 46, 23, 83, 30, 91, 28, 11, 21, 15, 75, 40, 34, 49, 82, 35], 2514.8391036 , 2701.67187327, 0., 0.        ,  0.        , 0., 0, 0, 0.)
 (30, [29, 12, 22, 33, 86, 43,  8, 68, 38, 93, 74, 73, 37, 69,  9, 25, 60, 72, 41, 70, 59, 84, 62, 55, 20, 16, 64, 17, 44, 81, 19, 92, 39, 27, 13, 42, 65, 33, 49,  1, 47, 87, 32, 78,  7,  5, 94, 66, 12,  3, 53, 36, 71,  2, 80, 48, 10, 85, 22, 56, 96, 67, 76, 50, 51,  6, 24, 14, 18, 79, 26, 45, 89, 63, 77, 90,  4, 31, 61, 52, 58, 29, 95, 54, 57, 46, 23, 83, 30, 91, 28, 11, 21, 15, 75, 40, 34, 88, 82, 35], 2693.17231284, 2697.10286799, 0., 0.55455507,  0.        , 0., 0, 0, 0.)]