
Total Runtime in seconds: 611.5537362098694Parameters:
population_size: 40, max_generations: 500, executed generations: 137, threshold_no_improvement: 250
target feasible proportion: 8
fitness_scaling: power_rank, selection_method: n_tournaments
p_c: 0.9, p_m: 0.3, NOT YET p_education: 0.0
tournament_size: 2, n_elite: 8
survivor_selection_step: 10, p_selection_survival: 0.75 
diversify_step: 20, diversify_step: 20, p_diversify_survival: 0.3
n_closest_neighbors: 3, diversity_weight: 0.5, distance_method: broken_pairs_distance
capacity_penalty_factor: 3.2309874899709268, duration_penalty_factor 3.2309874899709268, time_window_penalty: 2.1
Best fitness all generations, best individual before/after local search: 1481.3433597596154, 1481.3433597596154 / 1481.3433597596154
Best individual found before local search: (32, [10, 12, 12, 14, 31, 45,  6, 46, 24, 12, 30, 38, 21, 43, 10, 42,  9, 39, 44, 35, 37, 34, 11, 48,  3, 27, 28,  4,  1, 13, 33, 20, 29,  8,  5, 26, 36, 16,  2, 15, 25, 23, 17, 18, 40, 47,  7, 41, 19, 14, 22, 32], 1481.34335976, 1481.34335976, 0., 0., 0., 6.66666667, 1, 38, 20.)
Best individual found after local search: (32, [10, 12, 12, 14, 31, 45,  6, 46, 24, 12, 30, 38, 21, 43, 10, 42,  9, 39, 44, 35, 37, 34, 11, 48,  3, 27, 28,  4,  1, 13, 33, 20, 29,  8,  5, 26, 36, 16,  2, 15, 25, 23, 17, 18, 40, 47,  7, 41, 19, 14, 22, 32], 1481.34335976, 1481.34335976, 0., 0., 0., 6.66666667, 1, 38, 20.)
Best feasible individual found: (32, [10, 12, 12, 14, 31, 45,  6, 46, 24, 12, 30, 40, 21, 43, 10, 42,  9, 39,  2, 35, 37, 34, 11, 48,  3, 27, 28,  4,  1, 13, 33, 20, 29,  8,  5, 26, 17, 16, 47, 15, 25, 23, 36, 18, 38, 44,  7, 41, 19, 14, 22, 32], 1534.20946924, 1534.20946924, 0., 0., 0., 6.66666667, 1, 38, 20.)

Fitness stats min: [3999.38908539 3281.12317376 3183.26078219 2968.57565647 2597.64982455
 2234.22594304 2117.74685061 2117.74685061 2080.49869358 2080.49869358
 2080.49869358 2080.49869358 2067.75542453 2067.75542453 2058.75610898
 1931.13338698 1931.13338698 1931.13338698 1907.74316048 1809.53342396
 1809.53342396 1809.53342396 1809.53342396 1809.53342396 1809.53342396
 1752.00651723 1752.00651723 1752.00651723 1752.00651723 1752.00651723
 1752.00651723 1719.75242545 1713.36920647 1713.36920647 1713.36920647
 1713.36920647 1713.96092838 1713.96092838 1714.58223639 1714.58223639
 1713.36920647 1713.36920647 1713.36920647 1713.36920647 1713.36920647
 1713.96092838 1713.96092838 1713.96092838 1714.58223639 1714.58223639
 1715.2346098  1715.91960187 1715.91960187 1716.63884356 1711.49849452
 1712.25369829 1712.25369829 1713.04666224 1713.04666224 1701.04587866
 1658.24556909 1658.24556909 1658.837291   1658.837291   1659.45859901
 1658.24556909 1658.24556909 1658.24556909 1658.837291   1618.91835196
 1618.91835196 1618.91835196 1618.91835196 1618.91835196 1618.91835196
 1598.15905369 1600.71501173 1603.39876768 1603.39876768 1603.39876768
 1618.91835196 1618.91835196 1618.91835196 1618.91835196 1617.42326783
 1617.42326783 1617.42326783 1605.87497811 1605.87497811 1605.87497811
 1605.87497811 1605.87497811 1605.87497811 1603.43560192 1595.87134712
 1595.16695284 1595.16695284 1595.16695284 1578.28461736 1578.28461736
 1578.28461736 1578.28461736 1578.28461736 1570.67194821 1570.67194821
 1570.67194821 1570.67194821 1570.67194821 1543.84435976 1534.20946924
 1534.20946924 1534.20946924 1534.20946924 1534.20946924 1534.20946924
 1534.20946924 1534.20946924 1534.20946924 1534.20946924 1534.20946924
 1534.20946924 1534.20946924 1534.20946924 1534.20946924 1534.20946924
 1534.20946924 1534.20946924 1534.20946924 1534.20946924 1534.20946924
 1534.20946924 1534.20946924 1534.20946924 1534.20946924 1534.20946924
 1534.20946924 1534.20946924 1481.34335976] 

Fitness stats feasible min: [   0.            0.            0.            0.            0.
    0.         2117.74685061 2117.74685061 2080.49869358 2080.49869358
 2080.49869358 2080.49869358 2067.75542453 2067.75542453 2058.75610898
 1931.13338698 1931.13338698 1931.13338698 1907.74316048 1809.53342396
 1809.53342396 1809.53342396 1809.53342396 1809.53342396 1809.53342396
 1752.00651723 1752.00651723 1752.00651723 1752.00651723 1752.00651723
 1752.00651723 1719.75242545 1713.36920647 1737.75667155 1737.75667155
 1713.36920647 1713.96092838 1713.96092838 1714.58223639 1714.58223639
 1713.36920647 1713.36920647 1713.36920647 1713.36920647 1737.75667155
 1737.75667155 1738.99482095 1713.96092838 1714.58223639 1714.58223639
 1715.2346098  1753.76660385 1762.90345576 1769.91860666 1739.06897224
 1724.45537264 1778.63864661 1764.94782299 1758.5225083  1701.04587866
 1658.24556909 1658.24556909 1658.837291   1658.837291   1659.45859901
 1659.45859901 1658.24556909 1658.24556909 1658.837291   1618.91835196
 1618.91835196 1618.91835196 1618.91835196 1618.91835196 1618.91835196
 1598.15905369 1618.91835196 1618.91835196 1618.91835196 1618.91835196
 1618.91835196 1618.91835196 1618.91835196 1618.91835196 1617.42326783
 1617.42326783 1617.42326783 1605.87497811 1605.87497811 1605.87497811
 1605.87497811 1605.87497811 1605.87497811 1603.43560192 1595.87134712
 1595.87134712 1595.16695284 1595.16695284 1591.40853954 1591.40853954
 1591.40853954 1591.40853954 1591.40853954 1591.40853954 1591.40853954
 1591.40853954 1591.40853954 1591.40853954 1543.84435976 1534.20946924
 1534.20946924 1534.20946924 1534.20946924 1534.20946924 1534.20946924
 1534.20946924 1534.20946924 1534.20946924 1534.20946924 1534.20946924
 1534.20946924 1534.20946924 1534.20946924 1534.20946924 1534.20946924
 1534.20946924 1534.20946924 1534.20946924 1534.20946924 1534.20946924
 1534.20946924 1534.20946924 1534.20946924 1534.20946924 1534.20946924
 1534.20946924 1534.20946924 1481.34335976] 

Fitness stats avg: [18963.92254542 17641.29453868 14867.48139771 12858.59508096
 10370.79492498 10060.29118637 10696.04023714  9300.45898465
 12071.90509087  8348.36363835 16445.07602238 13564.49576535
 12101.63154922 10770.81095529  8933.29109017  6492.71428704
  6748.35849785  7253.59219657  7392.09763418  4315.47835151
 10101.00969428  6350.69303699  6063.55397818  4977.66655368
  5433.53491928  5719.62567159  5339.47133625  4886.30143432
  4626.08417756  2981.62758948  6286.87307948  5150.92583758
  5486.91319894  4171.6245877   3902.29141868  4292.75934439
  4243.16791253  4438.53641166  4776.41803554  3515.86045101
  5693.2380098   6127.92754959  5653.58221327  4782.03680246
  4690.99763775  5009.26148207  5279.29485384  5563.04499594
  6122.07122576  3602.98707847  8015.84056997  7339.41186188
  7122.74108773  6654.74400682  4734.34775959  4290.85934874
  5318.30917595  5713.93459997  5759.44498317  3050.10250177
  7958.17409437  4862.8520144   5112.6734039   5458.94719102
  5172.12531621  4976.28285963  7174.76959761  6379.37171536
  6216.28542619  3356.93105933  8360.82862402  6193.29314134
  6045.77048804  6830.10436084  6541.9623995   7441.29541358
  6712.67527498  5569.07955294  6133.87509195  3175.49666867
 12344.4102683  11310.74564646  8283.81431226  6716.09155636
  7452.27372434  6813.22057067  6604.05967862  8444.88606973
  7911.84264958  4427.381029   10377.23964257  8399.48846715
  7315.50165867  5939.69004776  4565.65487053  4844.40555147
  4595.53052349  5607.99240097  4670.99521003  2881.8011633
  7020.94683073  5040.48497982  4319.12322633  5981.12528804
  4324.49213157  7385.10005462  5755.45601763  6197.20151162
  5014.18560485  3178.7440676   7628.69442097  5501.47784162
  5046.86475683  6646.29960278  5283.87569233  5545.90941166
  6432.98915803  5817.24829225  5317.41785515  3159.85289736
  7123.35050963  7150.09198011  4937.29411095  4614.35161154
  3419.70203625  3434.18405832  3700.320205    5039.96581643
  3809.58338885  2621.83198664  6730.13171551  4901.70980909
  4296.17187437  6149.47277851  5400.47465768  4980.92071197
  4309.67243541  4335.91717859] 

Feasible stats: [( 0., 40.) ( 0., 40.) ( 0., 40.) ( 0., 40.) ( 0., 40.) ( 0., 40.)
 ( 0., 40.) ( 0., 40.) ( 2., 38.) ( 2., 38.) ( 5., 35.) ( 5., 35.)
 ( 8., 32.) ( 8., 32.) ( 7., 33.) ( 7., 33.) ( 9., 31.) ( 9., 31.)
 (10., 30.) (10., 30.) (10., 30.) (10., 30.) ( 8., 32.) ( 8., 32.)
 (11., 29.) (11., 29.) (14., 26.) (14., 26.) (13., 27.) (13., 27.)
 (10., 30.) (10., 30.) ( 9., 31.) ( 9., 31.) ( 9., 31.) ( 9., 31.)
 ( 7., 33.) ( 7., 33.) ( 7., 33.) ( 7., 33.) (12., 28.) (12., 28.)
 ( 8., 32.) ( 8., 32.) ( 8., 32.) ( 8., 32.) ( 5., 35.) ( 5., 35.)
 ( 6., 34.) ( 6., 34.) ( 7., 33.) ( 7., 33.) ( 5., 35.) ( 5., 35.)
 ( 5., 35.) ( 5., 35.) ( 2., 38.) ( 2., 38.) ( 7., 33.) ( 7., 33.)
 ( 8., 32.) ( 8., 32.) ( 6., 34.) ( 6., 34.) ( 4., 36.) ( 4., 36.)
 ( 8., 32.) ( 8., 32.) ( 5., 35.) ( 5., 35.) ( 5., 35.) ( 5., 35.)
 ( 6., 34.) ( 6., 34.) ( 5., 35.) ( 5., 35.) ( 4., 36.) ( 4., 36.)
 ( 4., 36.) ( 4., 36.) ( 5., 35.) ( 5., 35.) ( 3., 37.) ( 3., 37.)
 ( 3., 37.) ( 3., 37.) ( 5., 35.) ( 5., 35.) ( 7., 33.) ( 7., 33.)
 (10., 30.) (10., 30.) ( 6., 34.) ( 6., 34.) ( 6., 34.) ( 6., 34.)
 (12., 28.) (12., 28.) ( 8., 32.) ( 8., 32.) (12., 28.) (12., 28.)
 ( 9., 31.) ( 9., 31.) (15., 25.) (15., 25.) (16., 24.) (16., 24.)
 (14., 26.) (14., 26.) (11., 29.) (11., 29.) ( 9., 31.) ( 9., 31.)
 (17., 23.) (17., 23.) (12., 28.) (12., 28.) ( 9., 31.) ( 9., 31.)
 ( 9., 31.) ( 9., 31.) ( 8., 32.) ( 8., 32.) ( 9., 31.) ( 9., 31.)
 (11., 29.) (11., 29.) (13., 27.) (13., 27.) (15., 25.) (15., 25.)
 (12., 28.) (12., 28.) (17., 23.) (17., 23.) ( 9., 31.) ( 9., 31.)
 ( 0.,  0.) ( 0.,  0.) ( 0.,  0.) ( 0.,  0.) ( 0.,  0.) ( 0.,  0.)
 ( 0.,  0.) ( 0.,  0.) ( 0.,  0.) ( 0.,  0.) ( 0.,  0.) ( 0.,  0.)
 ( 0.,  0.) ( 0.,  0.) ( 0.,  0.) ( 0.,  0.) ( 0.,  0.) ( 0.,  0.)
 ( 0.,  0.) ( 0.,  0.) ( 0.,  0.) ( 0.,  0.) ( 0.,  0.) ( 0.,  0.)
 ( 0.,  0.) ( 0.,  0.) ( 0.,  0.) ( 0.,  0.) ( 0.,  0.) ( 0.,  0.)
 ( 0.,  0.) ( 0.,  0.) ( 0.,  0.) ( 0.,  0.) ( 0.,  0.) ( 0.,  0.)
 ( 0.,  0.) ( 0.,  0.) ( 0.,  0.) ( 0.,  0.) ( 0.,  0.) ( 0.,  0.)
 ( 0.,  0.) ( 0.,  0.) ( 0.,  0.) ( 0.,  0.) ( 0.,  0.) ( 0.,  0.)
 ( 0.,  0.) ( 0.,  0.) ( 0.,  0.) ( 0.,  0.) ( 0.,  0.) ( 0.,  0.)
 ( 0.,  0.) ( 0.,  0.) ( 0.,  0.) ( 0.,  0.) ( 0.,  0.) ( 0.,  0.)
 ( 0.,  0.) ( 0.,  0.) ( 0.,  0.) ( 0.,  0.) ( 0.,  0.) ( 0.,  0.)
 ( 0.,  0.) ( 0.,  0.) ( 0.,  0.) ( 0.,  0.) ( 0.,  0.) ( 0.,  0.)
 ( 0.,  0.) ( 0.,  0.) ( 0.,  0.) ( 0.,  0.) ( 0.,  0.) ( 0.,  0.)
 ( 0.,  0.) ( 0.,  0.) ( 0.,  0.) ( 0.,  0.) ( 0.,  0.) ( 0.,  0.)
 ( 0.,  0.) ( 0.,  0.) ( 0.,  0.) ( 0.,  0.) ( 0.,  0.) ( 0.,  0.)
 ( 0.,  0.) ( 0.,  0.) ( 0.,  0.) ( 0.,  0.) ( 0.,  0.) ( 0.,  0.)
 ( 0.,  0.) ( 0.,  0.) ( 0.,  0.) ( 0.,  0.) ( 0.,  0.) ( 0.,  0.)
 ( 0.,  0.) ( 0.,  0.) ( 0.,  0.) ( 0.,  0.) ( 0.,  0.) ( 0.,  0.)
 ( 0.,  0.) ( 0.,  0.) ( 0.,  0.) ( 0.,  0.) ( 0.,  0.) ( 0.,  0.)
 ( 0.,  0.) ( 0.,  0.) ( 0.,  0.) ( 0.,  0.) ( 0.,  0.) ( 0.,  0.)
 ( 0.,  0.) ( 0.,  0.) ( 0.,  0.) ( 0.,  0.) ( 0.,  0.) ( 0.,  0.)
 ( 0.,  0.) ( 0.,  0.) ( 0.,  0.) ( 0.,  0.) ( 0.,  0.) ( 0.,  0.)
 ( 0.,  0.) ( 0.,  0.) ( 0.,  0.) ( 0.,  0.) ( 0.,  0.) ( 0.,  0.)
 ( 0.,  0.) ( 0.,  0.) ( 0.,  0.) ( 0.,  0.) ( 0.,  0.) ( 0.,  0.)
 ( 0.,  0.) ( 0.,  0.) ( 0.,  0.) ( 0.,  0.) ( 0.,  0.) ( 0.,  0.)
 ( 0.,  0.) ( 0.,  0.) ( 0.,  0.) ( 0.,  0.) ( 0.,  0.) ( 0.,  0.)
 ( 0.,  0.) ( 0.,  0.) ( 0.,  0.) ( 0.,  0.) ( 0.,  0.) ( 0.,  0.)
 ( 0.,  0.) ( 0.,  0.) ( 0.,  0.) ( 0.,  0.) ( 0.,  0.) ( 0.,  0.)
 ( 0.,  0.) ( 0.,  0.) ( 0.,  0.) ( 0.,  0.) ( 0.,  0.) ( 0.,  0.)
 ( 0.,  0.) ( 0.,  0.) ( 0.,  0.) ( 0.,  0.) ( 0.,  0.) ( 0.,  0.)
 ( 0.,  0.) ( 0.,  0.) ( 0.,  0.) ( 0.,  0.) ( 0.,  0.) ( 0.,  0.)
 ( 0.,  0.) ( 0.,  0.) ( 0.,  0.) ( 0.,  0.) ( 0.,  0.) ( 0.,  0.)
 ( 0.,  0.) ( 0.,  0.) ( 0.,  0.) ( 0.,  0.) ( 0.,  0.) ( 0.,  0.)
 ( 0.,  0.) ( 0.,  0.) ( 0.,  0.) ( 0.,  0.) ( 0.,  0.) ( 0.,  0.)
 ( 0.,  0.) ( 0.,  0.) ( 0.,  0.) ( 0.,  0.) ( 0.,  0.) ( 0.,  0.)
 ( 0.,  0.) ( 0.,  0.) ( 0.,  0.) ( 0.,  0.) ( 0.,  0.) ( 0.,  0.)
 ( 0.,  0.) ( 0.,  0.) ( 0.,  0.) ( 0.,  0.) ( 0.,  0.) ( 0.,  0.)
 ( 0.,  0.) ( 0.,  0.) ( 0.,  0.) ( 0.,  0.) ( 0.,  0.) ( 0.,  0.)
 ( 0.,  0.) ( 0.,  0.) ( 0.,  0.) ( 0.,  0.) ( 0.,  0.) ( 0.,  0.)
 ( 0.,  0.) ( 0.,  0.) ( 0.,  0.) ( 0.,  0.) ( 0.,  0.) ( 0.,  0.)
 ( 0.,  0.) ( 0.,  0.) ( 0.,  0.) ( 0.,  0.) ( 0.,  0.) ( 0.,  0.)
 ( 0.,  0.) ( 0.,  0.) ( 0.,  0.) ( 0.,  0.) ( 0.,  0.) ( 0.,  0.)
 ( 0.,  0.) ( 0.,  0.) ( 0.,  0.) ( 0.,  0.) ( 0.,  0.) ( 0.,  0.)
 ( 0.,  0.) ( 0.,  0.) ( 0.,  0.) ( 0.,  0.) ( 0.,  0.) ( 0.,  0.)
 ( 0.,  0.) ( 0.,  0.) ( 0.,  0.) ( 0.,  0.) ( 0.,  0.) ( 0.,  0.)
 ( 0.,  0.) ( 0.,  0.) ( 0.,  0.) ( 0.,  0.) ( 0.,  0.) ( 0.,  0.)
 ( 0.,  0.) ( 0.,  0.) ( 0.,  0.) ( 0.,  0.) ( 0.,  0.) ( 0.,  0.)
 ( 0.,  0.) ( 0.,  0.) ( 0.,  0.) ( 0.,  0.) ( 0.,  0.) ( 0.,  0.)
 ( 0.,  0.) ( 0.,  0.) ( 0.,  0.) ( 0.,  0.) ( 0.,  0.) ( 0.,  0.)
 ( 0.,  0.) ( 0.,  0.) ( 0.,  0.) ( 0.,  0.) ( 0.,  0.) ( 0.,  0.)
 ( 0.,  0.) ( 0.,  0.) ( 0.,  0.) ( 0.,  0.) ( 0.,  0.) ( 0.,  0.)
 ( 0.,  0.) ( 0.,  0.) ( 0.,  0.) ( 0.,  0.) ( 0.,  0.) ( 0.,  0.)
 ( 0.,  0.) ( 0.,  0.) ( 0.,  0.) ( 0.,  0.) ( 0.,  0.) ( 0.,  0.)
 ( 0.,  0.) ( 0.,  0.) ( 0.,  0.) ( 0.,  0.) ( 0.,  0.) ( 0.,  0.)
 ( 0.,  0.) ( 0.,  0.) ( 0.,  0.) ( 0.,  0.) ( 0.,  0.) ( 0.,  0.)
 ( 0.,  0.) ( 0.,  0.) ( 0.,  0.) ( 0.,  0.) ( 0.,  0.) ( 0.,  0.)
 ( 0.,  0.) ( 0.,  0.) ( 0.,  0.) ( 0.,  0.) ( 0.,  0.) ( 0.,  0.)
 ( 0.,  0.) ( 0.,  0.) ( 0.,  0.) ( 0.,  0.) ( 0.,  0.) ( 0.,  0.)
 ( 0.,  0.) ( 0.,  0.) ( 0.,  0.) ( 0.,  0.) ( 0.,  0.) ( 0.,  0.)
 ( 0.,  0.) ( 0.,  0.) ( 0.,  0.) ( 0.,  0.) ( 0.,  0.) ( 0.,  0.)
 ( 0.,  0.) ( 0.,  0.)] 
Solution Description: 
p: [  0.          43.55703608  95.05530032 134.44513458 231.04380596
 273.02962128 286.91652937 294.52748651 337.29884273 350.67299589
 352.77359065   0.          11.41460818  87.04209419 103.94516065
 144.45632427 150.59376813 153.12528092 155.94290902 174.62029524
 186.58612426 224.13677496 239.30280499 262.76159243   0.
  29.55843142  62.28260869  65.38126263 194.51818922 210.08455271
 210.35149792 226.17852939 243.99129373 249.62825795 272.78621482
 297.34150727 307.06086638   0.          10.51101384  48.43780602
  62.38803703  71.55342471 164.17653261 169.77862052 217.83410369
 263.55739876 344.83312089 358.09731604 497.02970334 502.28720107
 558.71601506 558.74731029] 
pred: [0 0 1 1 1 1 1 1 1 1 1 0 0 0 0 0 0 0 0 7 7 7 7 7 0 0 0 0 3 3 3 3 3 3 3 3 3
 0 0 0 0 0 0 0 0 7 7 7 7 7 7 7] 
distance [  0.          43.55703608  51.49826424  90.88809851 187.48676988
 229.4725852  243.3594933  250.97045043 293.74180665 307.11595981
 309.21655457   0.          11.41460818  87.04209419 103.94516065
 144.45632427 150.59376813 153.12528092 155.94290902  18.67738622
  30.64321524  68.19386594  83.35989597 106.81868341   0.
  29.55843142  62.28260869  65.38126263 129.13692659 144.70329008
 144.97023529 160.79726676 178.6100311  184.24699532 207.40495219
 231.96024464 241.67960375   0.          10.51101384  48.43780602
  62.38803703  71.55342471 164.17653261 169.77862052 217.83410369
  45.72329507 126.99901721 140.26321235 279.19559966 284.45309738
 340.88191138 340.91320661]
load: [  0  10  25  30  49  68  74  87 102 127 151   0  18  40  53  66  69  83
  94  22  29  39  55  71   0   9  14  26   9  28  44  64  84  96 102 112
 137   0   8  12  26  40  45  62  77  21  34  42  45  54  75  91] 
time: [  0.         200.         130.         160.         249.08996841
 322.81885391 340.28820061 375.         443.         481.45180483
 506.58460554   0.          90.         129.23451697 182.58135454
 209.97990814 256.15252343 274.08172412 322.         182.
 397.         420.70819144 449.86834383 490.10459224   0.
 257.         279.90630276 399.         108.         140.15799758
 192.         220.52726534 237.7678084  317.         357.35052296
 382.59572999 446.           0.         121.         226.
 329.         378.         447.43065642 477.38368966 541.57675734
 115.         186.5549113  208.91691179 319.         387.22169751
 456.18274056 518.59248495] 
time warps: [0 0 0 0 0 0 0 0 0 0 0 0 0 0 0 0 0 0 0 0 0 0 0 0 0 0 0 0 0 0 0 0 0 0 0 0 0
 0 0 0 0 0 0 0 0 0 0 0 0 0 0 0] 
duration: [  0.          50.55703608  60.49826424 118.08230718 231.68097855
 283.66679387 307.55370197 326.83027057 426.71805518 444.09220834
 469.1928031    0.          12.41460818 113.04209419 136.94516065
 199.45632427 209.59376813 216.12528092 263.91333864  24.67738622
 239.90580809 294.45645879 330.62248882 377.08127626   0.
  35.55843142  92.28260869 175.11867913 131.13692659 167.70329008
 193.01987139 216.84690286 239.6596672  311.29741782 336.45537469
 374.01066714 426.10281899   0.          17.51101384 155.03431469
 244.72426381 305.6796988  401.3028067  421.90489461 487.96037778
  55.72329507 142.99901721 166.26321235 348.43615727 369.693655
 449.12246899 450.15376422]

All individuals: [(32, [10, 12, 12, 14, 31, 45,  6, 46, 24, 12, 30, 40, 21, 43, 10, 42,  9, 39,  2, 35, 37, 34, 11, 48,  3, 27, 28,  4,  1, 13, 33, 20, 29,  8,  5, 26, 17, 16, 47, 15, 25, 23, 36, 18, 38, 44,  7, 41, 19, 14, 22, 32],  1534.20946924, 1534.20946924, 0., 0.00000000e+00,    0.        ,  3.66666667,  2, 38, 21. )
 (32, [10, 12, 12, 14, 31, 45,  6, 46, 24, 12, 30, 40, 21, 43, 10, 42,  9, 39,  2, 35, 37, 34, 11, 48,  3, 27, 28,  4,  1, 13, 33, 20, 29,  8,  5, 26, 17, 16, 47, 15, 25, 23, 36, 18, 38, 44,  7, 41, 19, 14, 22, 32],  1534.20946924, 1534.20946924, 0., 0.00000000e+00,    0.        ,  6.66666667,  1, 38, 20. )
 (32, [11, 11, 12, 14, 31, 46, 24, 12, 30, 40, 21, 43, 45,  6, 10, 42,  9, 39,  2, 35, 37, 34, 11, 48,  3, 27, 28,  4,  1, 13, 33, 20, 29,  8,  5, 26, 17, 16, 41,  7, 19, 14, 22, 32, 44, 47, 15, 25, 23, 36, 18, 38],  1620.23690894, 1610.25557899, 0., 4.75301427e+00,    0.        ,  8.        ,  2, 36, 20. )
 (32, [11, 11, 11, 15, 45,  6, 46, 24, 12, 30, 40, 21, 43, 10, 31, 42,  9, 39,  2, 35, 37, 34, 11, 48,  3, 27,  4,  8,  5, 16, 13, 33, 20, 29,  1, 28, 32, 26, 36, 15, 23, 25, 18, 17, 38, 47, 44,  7, 41, 19, 14, 22],  1714.84631042, 1856.93966593, 0., 0.00000000e+00,    0.        , 14.        ,  3, 29, 17.5)
 (32, [10, 12, 11, 15, 46, 24, 12, 30, 40, 21, 43, 31, 45,  6, 10, 42,  9, 39,  2, 35, 37, 34, 11, 48,  3, 27,  4,  8,  5, 16, 13, 33, 20, 29,  1, 28, 32, 26, 36, 15, 23, 25, 18, 17, 38, 47, 44,  7, 41, 19, 14, 22],  1796.07960758, 1862.85408295, 0., 2.92842931e+01,    4.27790717, 14.        ,  4, 30, 19. )
 (32, [13, 10, 12, 13,  6, 31, 24, 12, 21, 40, 42, 45,  9, 46, 39, 30, 43, 10, 47,  2, 35, 34, 27,  3, 48,  4, 22, 28, 37, 32, 16, 13, 33, 20, 29,  8,  5, 26, 17, 36, 15, 25, 18, 23, 38, 44,  7, 41, 19, 14,  1, 11],  1947.58871736, 1945.17826865, 0., 1.14783272e+00,    0.        , 27.33333333,  5,  8,  9. )
 (32, [10, 11, 13, 14, 31, 45,  6, 46, 24, 12, 30, 40, 21, 43, 42,  9, 39,  2, 35, 37, 34, 10, 11, 48,  3, 27, 28,  4,  1, 13, 33, 20, 29,  8,  5, 26, 17, 16, 47, 15, 25, 23, 36, 18, 38, 44,  7, 41, 19, 14, 22, 32],  2156.23068803, 1813.90362742, 0., 1.93676600e+02,    0.        ,  8.        ,  6, 35, 23.5)
 (32, [10, 12, 12, 14, 31, 45,  6, 46, 24, 12, 30, 40, 21, 43, 10, 42,  9, 39,  2, 35, 37, 34, 11, 48,  3, 27, 28,  4,  1, 13, 16, 33, 20, 29,  8,  5, 26, 17, 36, 15, 25, 18, 23, 38, 44, 47,  7, 41, 19, 14, 22, 32],  2205.18514737, 1672.85648715, 0., 7.03995842e+01,    0.        , 11.66666667,  7, 31, 22.5)
 (32, [10, 12, 12, 14, 31, 45,  6, 46, 24, 12, 30, 40, 21, 43, 42,  9, 39,  2, 35, 37, 34, 10, 27,  3, 48, 11, 47,  4, 28, 13,  1, 33, 20, 29,  8,  5, 26, 17, 16, 15, 25, 23, 36, 18, 38, 44,  7, 41, 19, 14, 22, 32],  2271.67068588, 1837.59520556, 0., 0.00000000e+00,    0.        ,  6.66666667,  8, 39, 27.5)
 (32, [10, 12, 12, 14, 31, 45,  6, 46, 24, 30, 12, 40, 21, 43, 42,  9, 39,  2, 35, 37, 34, 10, 27,  3, 48, 11, 47,  4, 28, 13,  1, 33, 20, 29,  8,  5, 26, 17, 16, 15, 25, 23, 36, 18, 38, 44,  7, 41, 19, 14, 22, 32],  2279.37780067, 1845.30232035, 0., 0.00000000e+00,    0.        ,  6.66666667,  9, 40, 29. )
 (32, [11, 13, 11, 13, 45,  6, 31, 30, 24, 12, 40, 21, 42, 46, 43, 10, 34, 35, 27,  3, 48, 11,  9, 47, 39,  2, 37, 28,  4,  1, 13, 33, 20, 29,  8,  5, 26, 17, 15, 36, 14, 25, 18, 23, 38, 44,  7, 41, 19, 16, 22, 32],  2316.82609282, 1903.93048629, 0., 1.90835656e+02,   17.08302257, 20.        , 10, 18, 19. )
 (32, [10, 12, 11, 15, 31, 45,  6, 46, 24, 30, 12, 40, 21, 43, 42,  9, 39,  2, 35, 37, 34, 10, 27,  3, 48, 11, 47,  4, 28, 13,  1, 33, 20, 29,  8, 26, 17,  5, 16, 15, 25, 23, 36, 18, 38, 44,  7, 41, 19, 14, 22, 32],  2435.85065781, 1900.18413751, 0., 0.00000000e+00,    0.        ,  7.66666667, 11, 37, 29.5)
 (32, [11, 11, 11, 15, 30, 24, 12, 40, 21, 43,  9,  2,  6, 45, 10, 42, 31, 35, 39, 46, 48,  3, 27, 34,  4, 28, 37, 11, 47, 13, 33, 20, 29,  8,  5,  1, 16, 15, 26, 36, 23, 25, 18, 17, 38, 44,  7, 41, 19, 14, 22, 32],  2692.3839612 , 2002.98236041, 0., 1.67126757e+02,   30.43186461, 10.33333333, 12, 33, 28.5)
 (32, [12,  9, 11, 16, 45, 20, 29,  8,  5,  1, 16, 36, 15, 25, 26, 18, 34, 47, 17, 13, 33,  4, 28,  3, 27,  2, 46, 35, 37, 11, 48, 43, 42,  9,  6, 39, 24, 12, 30, 31, 22, 23, 44, 10,  7, 41, 19, 14, 32, 21, 38, 40],  2707.11279607, 2533.54784508, 0., 2.53220450e+01,   32.56674046, 32.66666667, 13,  2, 14. )
 (32, [11, 11, 11, 15, 24, 30, 12, 40, 21, 43,  9,  2,  6, 45, 10, 42, 31, 35, 39, 46, 48,  3, 27, 34,  4, 28, 37, 11, 47, 13, 33, 20, 29,  8,  5,  1, 16, 15, 26, 36, 23, 25, 18, 17, 38, 44,  7, 41, 19, 14, 22, 32],  2708.76663481, 2027.57687104, 0., 1.63216358e+02,   30.43186461, 11.33333333, 14, 32, 30. )
 (32, [10, 12, 12, 14, 31, 46, 24, 12, 30, 40, 21, 43, 29, 45,  6, 42,  9, 39,  2, 37, 34, 10, 27,  3, 48, 11, 47,  4, 28, 13, 35, 33, 20,  8,  5, 26,  1, 16, 15, 36, 25, 17, 18, 23, 38, 44,  7, 41, 19, 14, 22, 32],  2758.79756094, 2115.39107531, 0., 9.19765112e+01,    0.        , 16.        , 15, 25, 27.5)
 (32, [10, 13,  9, 16, 31, 45,  6, 46, 24, 12, 30, 40, 21, 43, 10,  7, 44, 27,  3, 48, 34, 35,  2, 39,  4, 28, 37, 11, 47, 13, 33, 20, 29,  8,  5,  1, 16, 15, 26, 36, 23, 25, 18, 17, 38,  9, 42, 41, 19, 14, 22, 32],  2770.85821683, 1989.61555942, 0., 1.66147025e+02,    0.        , 21.33333333, 16, 15, 23.5)
 (32, [13, 11, 10, 14, 31, 46, 24, 12, 30, 40, 21, 43, 29, 45,  6, 10, 42,  9, 39,  2, 35, 37, 11, 48,  3, 27, 34,  4, 28, 47, 13, 33, 20,  8,  5, 26,  1, 16, 15, 36, 25, 17, 18, 23, 38, 44,  7, 41, 19, 14, 22, 32],  2830.73835241, 2240.87876393, 0., 3.66609321e+02,    1.39908517, 17.66666667, 17, 22, 28. )
 (32, [10, 13, 10, 15, 31, 46, 24, 12, 30, 40, 21, 43, 45,  6, 10, 42,  9, 39,  2, 35, 22, 14, 19,  7, 41, 16, 17, 26,  5,  8, 29, 20, 33, 13,  1,  4, 28, 27,  3, 48, 11, 34, 37, 32, 44, 47, 15, 25, 23, 36, 18, 38],  2888.36009107, 2098.32879043, 0., 2.50726964e+02,    0.        , 24.66666667, 18, 11, 23.5)
 (32, [12, 13, 11, 12, 45, 10, 31, 24, 12, 30, 40, 21, 43, 42,  6,  9, 46, 39,  2, 35, 37, 34, 11, 48,  3, 27, 28,  4, 47,  1, 13, 33, 20, 29,  8,  5, 26, 17, 15, 36, 16, 25, 18, 23, 38, 44,  7, 41, 19, 14, 22, 32],  3044.58187136, 1911.98277208, 0., 2.98456971e+02,   40.93238261, 15.        , 19, 27, 32.5)
 (32, [10, 13, 10, 15, 31, 45,  6, 46, 24, 30, 12, 40, 21, 43, 42,  9, 39,  2, 35, 37, 34, 10, 27,  3, 48, 11, 16,  5, 17, 26,  8, 29, 20, 33,  1, 13, 28,  4, 47, 15, 25, 23, 36, 18, 38, 44,  7, 41, 19, 14, 22, 32],  3131.7106949 , 2014.43718583, 0., 3.42580784e+02,   11.02440323, 15.        , 20, 26, 33. )
 (32, [12, 10, 12, 14, 45,  6, 10,  9,  2, 30, 24, 12, 40, 21, 43, 42, 31, 35, 39, 46, 48,  3, 27, 34,  4, 28, 37, 11, 47, 13, 33, 20, 29,  8,  5, 18, 16, 15, 26, 36, 23, 25,  1, 17, 38, 44,  7, 41, 19, 14, 22, 32],  3285.49163177, 2374.30492992, 0., 2.81568389e+02,  141.1100792 , 14.33333333, 21, 28, 35. )
 (32, [11, 11, 12, 14, 45, 31, 30, 24, 12, 40, 21, 46, 43,  6, 10, 42,  9, 39,  2, 35, 34, 27,  3, 48, 11, 47, 37, 28,  4,  1, 13, 33, 20, 29,  8,  5, 26, 17, 15, 36, 14, 25, 18, 23, 38, 44,  7, 41, 19, 16, 22, 32],  3342.63010519, 2074.31454585, 0., 4.69335091e+02,   20.40699685, 20.        , 22, 19, 31.5)
 (32, [11, 13, 10, 14, 31, 46, 24, 12, 30, 40, 21, 43, 45,  6, 10, 42,  9, 39,  2, 35, 37, 34, 11, 48,  3, 27, 28,  4,  1, 13, 33, 20, 29,  8,  5, 26, 17,  7, 14, 22, 32, 44, 47, 15, 25, 23, 36, 41, 19, 16, 18, 38],  3473.10488899, 2103.03936381, 0., 1.15926851e+02,   75.19739335,  9.33333333, 23, 34, 40. )
 (32, [10, 12, 11, 15, 31, 46, 24, 30, 12, 40, 21, 43, 42,  9, 39,  2, 34,  6, 35, 37, 11, 48,  3, 27,  4, 28,  1,  8,  5, 16, 13, 33, 20, 29, 26, 17, 45, 10, 41,  7, 19, 14, 22, 32, 44, 47, 15, 25, 23, 36, 18, 38],  3572.8254642 , 2561.07546709, 0., 3.55545853e+02,  118.95556388, 20.66666667, 24, 16, 32. )
 (32, [12, 11, 10, 15, 31, 46, 24, 12, 30, 40, 21, 43, 29, 45,  6, 10, 42, 36, 15, 16,  1, 26,  5,  8, 20, 33, 13, 47, 28,  4, 34, 27,  3, 48, 11, 37, 35,  2, 39,  9, 25, 17, 18, 23, 38, 44,  7, 41, 19, 14, 22, 32],  3805.19266085, 2449.31211298, 0., 6.34815311e+02,    3.34748452, 23.66666667, 25, 12, 31. )
 (32, [10, 11, 12, 15, 45, 10, 31, 24, 12, 30, 40, 21, 43, 42,  6,  9,  2, 35, 20, 33, 13, 47, 28,  4, 34, 27,  3, 48, 11, 39, 46, 37, 29,  8,  5, 26,  1, 16, 15, 36, 25, 17, 18, 23, 38, 44,  7, 41, 19, 22, 14, 32],  3850.79891732, 2941.13274792, 0., 6.07066425e+02,    3.35702246, 23.33333333, 26, 13, 32.5)
 (32, [10, 12, 11, 15, 45,  6, 31, 30, 24, 12, 40, 21, 42, 46, 43, 10, 34, 35,  3, 48, 11,  9, 39, 23, 18, 27, 47,  4, 28, 26, 17, 13, 33, 20,  1, 25, 14, 36, 15,  5,  8, 29, 37,  2, 38, 44,  7, 41, 19, 22, 32, 16],  4201.42318537, 2714.81771817, 0., 6.96948093e+02,   99.73413846, 28.33333333, 27,  7, 30.5)
 (32, [13, 13,  9, 13, 45, 31, 24, 12, 10, 30, 40, 21, 43, 42,  6,  9, 46, 39,  2, 35, 37, 34, 11, 48,  3, 27, 28,  4,  1, 13, 47, 33, 20, 29,  8,  5, 26, 16, 15, 36, 25, 17, 14, 18, 23, 38, 44,  7, 41, 19, 22, 32],  4285.86367922, 2225.50199896, 0., 2.06162226e+02,   32.39947705, 16.33333333, 28, 24, 40. )
 (32, [13, 10, 12, 13, 45, 31, 24, 12, 30, 40, 21, 43, 42,  6,  9, 46, 39,  2, 35, 20, 33,  1, 13, 28,  4, 47, 11, 48,  3, 22, 27, 10, 34, 37, 29,  8,  5, 26, 17, 16, 15, 25, 23, 36, 18, 38, 44,  7, 41, 19, 14, 32],  4368.30400608, 2836.73813936, 0., 3.86455502e+02,   98.71088316, 19.33333333, 29, 20, 39. )
 (32, [ 9, 11, 12, 16, 45,  1, 28,  4, 34, 27,  3, 48, 11, 39, 46, 37, 35,  2,  9,  6, 42, 43, 21, 40, 30, 12, 24, 31, 10, 13, 33, 20, 29,  8,  5, 26, 17, 16, 47, 15, 25, 23, 36, 18, 38, 44,  7, 41, 19, 14, 22, 32],  4542.55781253, 2742.76066789, 0., 7.36990286e+02,  143.58438011, 20.66666667, 30, 17, 38.5)
 (32, [12,  9, 11, 16, 31, 24, 12, 30, 40, 21, 43, 47, 45,  6, 10, 42,  9, 39,  2, 35, 37, 34, 11, 48,  3, 27, 28,  4, 13, 32, 33, 20, 29,  8,  5,  1, 16, 15, 26, 46, 17, 25, 23, 36, 18, 38, 44,  7, 41, 19, 22, 14],  5129.67710101, 2487.92632386, 0., 8.21000647e+02,  116.1196339 , 17.66666667, 31, 21, 41.5)
 (32, [15, 11,  9, 13, 45,  6, 30, 24, 12, 40, 21, 31, 46, 43, 10,  7, 44, 38, 18, 36, 23, 25, 15, 47, 16, 17, 26,  5,  8, 29, 20, 33, 13,  1,  4, 28, 27,  3, 48, 11, 34, 37, 35,  2, 39,  9, 42, 41, 19, 14, 22, 32],  5275.23378421, 3121.30347429, 0., 8.76014128e+02,  300.83251286, 27.33333333, 32,  9, 36.5)
 (32, [11, 10, 13, 14, 31, 24, 12, 30, 40, 21, 43, 45,  6, 10, 42,  9,  2, 35, 13, 32, 33, 16, 17, 26,  1,  5, 37, 46, 39, 11, 48,  3, 27, 34,  4, 28, 47, 29, 20, 15, 25,  8, 36, 23, 18, 38, 44,  7, 41, 19, 14, 22],  5350.62085691, 3146.68683935, 0., 4.75932252e+02,  265.71692952, 25.33333333, 34, 10, 39. )
 (32, [11,  9, 13, 15, 45,  1, 17, 16, 15, 25, 36, 18, 26,  5,  8, 29, 20, 33, 13, 47, 28,  4, 34, 27,  3, 48, 11, 39, 46, 37, 35,  2,  9,  6, 42, 43, 21, 40, 30, 12, 24, 31, 10, 23, 38, 44,  7, 41, 19, 14, 22, 32],  5845.59969815, 3189.10193955, 0., 1.00396943e+03,  130.10417224, 22.33333333, 35, 14, 42. )
 (39, [17, 10, 10, 11,  9, 35, 23, 17, 36, 29, 25, 12, 20, 19, 34, 28, 37, 38, 31, 10, 48, 14, 42, 21, 33,  1,  8, 40,  5, 24, 43,  3, 15, 16, 18, 47, 13, 22, 41,  2, 45,  4,  6, 44,  7, 11, 26, 46, 39, 27, 30, 32], 11529.46769057, 4249.23320663, 0., 1.82025121e+03, 1089.11977287, 43.        , 36,  1, 36.5)
 (38, [11, 13, 13, 11, 45,  5, 18, 10, 35, 38, 41,  9, 46,  8, 32, 42, 25, 43, 15, 23, 29, 37, 17, 13, 11, 20, 34, 36, 12, 21, 19,  2, 22, 48, 40, 30,  1, 47, 27, 31, 24, 33, 44, 39, 26, 28,  4,  3, 16, 14,  6,  7], 12627.80621136, 6202.2538556 , 0., 3.42589522e+03,  674.77339566, 29.33333333, 38,  4, 40. )
 (38, [11, 13, 13, 11, 45,  5, 18, 10, 35, 38, 41,  9, 46,  8, 32, 42, 25, 43, 15, 23, 29, 37, 17, 13, 11, 20, 34, 36, 12, 21, 19,  2, 22, 48, 40, 30,  1, 47, 27, 31, 24, 33, 44, 39, 26, 28,  4,  3, 16, 14,  6,  7], 12627.80621136, 6202.2538556 , 0., 3.42589522e+03,  674.77339566, 29.33333333, 37,  3, 38.5)
 (37, [12, 11, 12, 13,  9,  8, 40,  5, 31,  3, 19,  7, 41, 14, 24, 42, 30, 15, 36, 16, 26, 38, 12,  1, 33, 23, 39, 27, 29, 43, 10, 17, 18, 48, 25, 34, 28, 45, 21, 13, 44, 32, 46, 20,  6, 47, 22, 35,  2, 11, 37,  4], 13488.33075177, 4907.86812951, 0., 2.99981850e+03, 1109.27286758, 28.66666667, 39,  6, 42. )
 (37, [12, 11, 12, 13,  9,  8, 40,  5, 31,  3, 19,  7, 41, 14, 24, 42, 30, 15, 36, 16, 26, 38, 12,  1, 33, 23, 39, 27, 29, 43, 10, 17, 18, 48, 25, 34, 28, 45, 21, 13, 44, 32, 46, 20,  6, 47, 22, 35,  2, 11, 37,  4], 13488.33075177, 4907.86812951, 0., 2.99981850e+03, 1109.27286758, 28.66666667, 40,  5, 42.5)]