
Total Runtime in seconds: 187.50683403015137Parameters:
population_size: 100, max_generations: 1000, executed generations: 1000, threshold_no_improvement: 500
target feasible proportion: 25
fitness_scaling: power_rank, selection_method: n_tournaments
p_c: 0.8, p_m: 0.1
tournament_size: 2, n_elite: 10
survivor_selection_step: 200, p_selection_survival: 0.7
kill clone step: 100
diversify_step: 300, diversify_step: 300, p_diversify_survival: 0.3
n_closest_neighbors: 3, diversity_weight: 0.5, distance_method: broken_pairs_distance
capacity_penalty_factor: 14.214375, duration_penalty_factor 14.214375, time_window_penalty: 7.049222919216016
Best fitness all generations, best individual before/after local search: 1473.5034505990964, 1487.3421001903218 / 1487.3421001903218
Best individual found before local search: (66, [10, 14, 12, 12,  7,  6,  3, 22, 41, 26, 18, 17, 21, 43, 19, 27, 48, 11, 10, 45, 34,  9, 42, 46, 44, 35, 37, 32,  5,  1, 28, 36, 16, 33, 13,  8, 29, 20,  4, 14, 31, 15, 25, 23, 30, 12, 38, 40,  2, 47, 24, 39], 1487.34210019, 1542.28031181, 0., 0., 0., 0., 0, 0, 0.)
Best individual found after local search: (66, [10, 14, 12, 12,  7,  6,  3, 22, 41, 26, 18, 17, 21, 43, 19, 27, 48, 11, 10, 45, 34,  9, 42, 46, 44, 35, 37, 32,  5,  1, 28, 36, 16, 33, 13,  8, 29, 20,  4, 14, 31, 15, 25, 23, 30, 12, 38, 40,  2, 47, 24, 39], 1487.34210019, 1542.28031181, 0., 0., 0., 0., 0, 0, 0.)
Best feasible individual found: (66, [10, 14, 12, 12,  7,  6,  3, 22, 41, 26, 18, 17, 21, 43, 19, 27, 48, 11, 10, 45, 34,  9, 42, 46, 44, 35, 37, 32,  5,  1, 28, 36, 16, 33, 13,  8, 29, 20,  4, 14, 31, 15, 25, 23, 30, 12, 38, 40,  2, 47, 24, 39], 1487.34210019, 1542.28031181, 0., 0., 0., 0., 0, 0, 0.)

Fitness stats min: [3502.79118554 3250.32176807 3220.08759264 3220.08759264 3205.54741856
 3144.67177709 2992.05095298 2989.23742794 2989.23742794 2989.69655997
 2989.69655997 2922.73719232 2815.2861474  2776.12390728 2776.12390728
 2776.12390728 2744.17831076 2722.29772073 2722.29772073 2560.90963564
 2560.90963564 2560.90963564 2560.90963564 2502.28568568 2502.28568568
 2454.46266611 2454.46266611 2454.46266611 2436.50294323 2381.42839538
 2381.42839538 2381.42839538 2353.42970098 2352.90539584 2160.40560263
 2160.40560263 2160.40560263 2160.40560263 2160.40560263 2160.40560263
 2160.40560263 2139.24778899 2139.24778899 2128.23647357 2070.35050107
 2070.35050107 2070.35050107 2045.98373803 2038.70528839 1998.63316491
 1957.44439821 1957.44439821 1954.44450048 1930.56992381 1930.56992381
 1872.6264512  1872.6264512  1872.6264512  1872.6264512  1872.6264512
 1872.6264512  1850.35317374 1849.87561702 1849.87561702 1849.87561702
 1849.87561702 1839.03885148 1839.03885148 1839.03885148 1839.03885148
 1822.38244243 1822.38244243 1822.38244243 1822.38244243 1775.21877922
 1775.21877922 1775.21877922 1775.21877922 1775.21877922 1775.21877922
 1775.21877922 1775.21877922 1762.09096647 1762.09096647 1762.09096647
 1732.23625938 1732.23625938 1732.23625938 1732.23625938 1732.23625938
 1704.41943881 1704.41943881 1704.41943881 1704.41943881 1704.41943881
 1704.41943881 1704.41943881 1704.41943881 1704.41943881 1704.41943881
 1704.41943881 1704.41943881 1704.41943881 1704.41943881 1704.41943881
 1704.41943881 1704.41943881 1688.28026031 1688.28026031 1688.28026031
 1688.28026031 1684.50724762 1640.63519309 1640.63519309 1640.63519309
 1640.63519309 1640.63519309 1640.63519309 1636.8621804  1636.8621804
 1636.8621804  1636.8621804  1636.8621804  1636.8621804  1636.8621804
 1636.8621804  1636.8621804  1636.8621804  1636.8621804  1636.8621804
 1636.8621804  1636.8621804  1636.8621804  1636.8621804  1636.8621804
 1636.8621804  1636.8621804  1636.8621804  1636.8621804  1636.8621804
 1636.8621804  1636.8621804  1636.8621804  1636.8621804  1636.8621804
 1636.8621804  1636.8621804  1636.8621804  1626.34182062 1626.34182062
 1626.34182062 1626.34182062 1626.34182062 1613.64203741 1608.56943573
 1608.56943573 1592.50884164 1592.50884164 1592.50884164 1587.43623997
 1587.43623997 1587.43623997 1587.43623997 1587.43623997 1587.43623997
 1587.43623997 1587.43623997 1587.43623997 1587.43623997 1587.43623997
 1587.43623997 1587.43623997 1587.43623997 1573.36771026 1573.36771026
 1573.36771026 1573.36771026 1573.36771026 1573.36771026 1573.36771026
 1573.36771026 1573.36771026 1573.36771026 1573.36771026 1573.36771026
 1573.36771026 1573.36771026 1573.36771026 1573.36771026 1573.36771026
 1573.36771026 1573.36771026 1573.36771026 1573.36771026 1573.36771026
 1573.36771026 1573.36771026 1573.36771026 1573.36771026 1573.36771026
 1573.36771026 1573.36771026 1573.36771026 1573.36771026 1573.36771026
 1573.36771026 1573.36771026 1573.36771026 1573.36771026 1573.36771026
 1573.36771026 1573.36771026 1573.36771026 1573.36771026 1570.74716897
 1570.74716897 1570.74716897 1549.74743049 1549.74743049 1549.74743049
 1549.74743049 1549.74743049 1549.74743049 1549.74743049 1549.74743049
 1549.74743049 1549.74743049 1549.74743049 1549.74743049 1549.74743049
 1549.74743049 1549.74743049 1549.74743049 1549.74743049 1549.74743049
 1549.74743049 1549.74743049 1549.74743049 1549.74743049 1549.74743049
 1549.74743049 1549.74743049 1549.74743049 1549.74743049 1549.74743049
 1549.74743049 1549.74743049 1549.74743049 1549.74743049 1549.74743049
 1549.74743049 1549.74743049 1549.74743049 1549.74743049 1549.74743049
 1549.74743049 1549.74743049 1549.74743049 1549.74743049 1549.74743049
 1549.74743049 1549.74743049 1549.74743049 1549.74743049 1549.74743049
 1549.74743049 1549.74743049 1549.74743049 1549.74743049 1549.74743049
 1549.74743049 1549.74743049 1549.74743049 1549.74743049 1549.74743049
 1549.74743049 1549.74743049 1549.74743049 1549.74743049 1549.74743049
 1549.74743049 1540.49525841 1540.49525841 1540.49525841 1540.49525841
 1540.49525841 1540.49525841 1540.49525841 1540.49525841 1540.49525841
 1540.49525841 1540.49525841 1540.49525841 1540.49525841 1540.49525841
 1540.49525841 1540.49525841 1540.49525841 1540.49525841 1540.49525841
 1540.49525841 1540.49525841 1540.49525841 1540.49525841 1540.49525841
 1540.49525841 1540.49525841 1540.49525841 1540.49525841 1540.49525841
 1540.49525841 1540.49525841 1540.49525841 1540.49525841 1540.49525841
 1540.49525841 1540.49525841 1540.49525841 1540.49525841 1540.49525841
 1536.39639088 1536.39639088 1536.39639088 1536.39639088 1536.39639088
 1536.39639088 1536.39639088 1536.39639088 1536.39639088 1536.39639088
 1536.39639088 1536.39639088 1536.39639088 1536.39639088 1536.39639088
 1536.39639088 1536.39639088 1536.39639088 1536.39639088 1536.39639088
 1536.39639088 1532.45091946 1532.45091946 1532.45091946 1532.45091946
 1532.45091946 1532.45091946 1532.45091946 1532.45091946 1532.45091946
 1532.45091946 1527.87038361 1527.87038361 1527.87038361 1527.87038361
 1527.87038361 1527.87038361 1527.87038361 1527.87038361 1527.87038361
 1527.87038361 1527.87038361 1527.87038361 1527.87038361 1527.87038361
 1527.87038361 1527.87038361 1527.87038361 1527.87038361 1527.87038361
 1527.87038361 1527.87038361 1527.87038361 1527.87038361 1522.78718503
 1522.78718503 1522.78718503 1522.78718503 1522.78718503 1522.78718503
 1522.78718503 1522.78718503 1522.78718503 1522.78718503 1522.78718503
 1522.78718503 1522.78718503 1523.84409893 1523.84409893 1524.95385853
 1524.95385853 1504.75274001 1504.75274001 1504.75274001 1504.75274001
 1504.75274001 1504.75274001 1504.75274001 1504.75274001 1504.75274001
 1504.75274001 1504.75274001 1504.75274001 1504.75274001 1504.75274001
 1504.75274001 1504.75274001 1504.75274001 1504.75274001 1504.75274001
 1504.75274001 1504.75274001 1504.75274001 1504.75274001 1504.75274001
 1504.75274001 1504.75274001 1504.75274001 1504.75274001 1504.75274001
 1504.75274001 1504.75274001 1504.75274001 1504.75274001 1504.75274001
 1504.75274001 1504.75274001 1504.75274001 1504.75274001 1504.75274001
 1504.75274001 1504.75274001 1504.75274001 1504.75274001 1504.75274001
 1504.75274001 1504.75274001 1504.75274001 1504.75274001 1490.19882858
 1490.19882858 1490.19882858 1490.19882858 1490.19882858 1490.19882858
 1490.19882858 1490.19882858 1490.19882858 1490.19882858 1490.19882858
 1490.19882858 1490.19882858 1490.19882858 1490.19882858 1490.19882858
 1490.19882858 1490.19882858 1490.19882858 1490.19882858 1490.19882858
 1490.19882858 1490.19882858 1490.19882858 1490.19882858 1490.19882858
 1490.19882858 1490.19882858 1490.19882858 1490.19882858 1490.19882858
 1490.19882858 1490.19882858 1490.19882858 1490.19882858 1490.19882858
 1490.19882858 1490.19882858 1490.19882858 1490.19882858 1490.19882858
 1490.19882858 1490.19882858 1490.19882858 1490.19882858 1490.19882858
 1490.19882858 1490.19882858 1490.19882858 1490.19882858 1490.19882858
 1490.19882858 1490.19882858 1490.19882858 1490.19882858 1490.19882858
 1490.19882858 1490.19882858 1490.19882858 1490.19882858 1490.19882858
 1490.19882858 1490.19882858 1490.19882858 1490.19882858 1490.19882858
 1490.19882858 1490.19882858 1490.19882858 1490.19882858 1490.19882858
 1490.19882858 1490.19882858 1490.19882858 1490.19882858 1490.19882858
 1490.19882858 1490.19882858 1490.19882858 1490.19882858 1490.19882858
 1490.19882858 1490.19882858 1490.19882858 1490.19882858 1490.19882858
 1490.19882858 1490.19882858 1490.19882858 1490.19882858 1490.19882858
 1490.19882858 1490.19882858 1490.19882858 1490.19882858 1490.19882858
 1490.19882858 1490.19882858 1490.19882858 1490.19882858 1490.19882858
 1490.19882858 1490.19882858 1490.19882858 1490.19882858 1490.19882858
 1490.19882858 1490.19882858 1490.19882858 1490.19882858 1490.19882858
 1490.19882858 1490.19882858 1490.19882858 1490.19882858 1490.19882858
 1490.19882858 1487.34210019 1487.34210019 1487.34210019 1487.34210019
 1487.34210019 1487.34210019 1487.34210019 1487.34210019 1487.34210019
 1487.34210019 1477.5117738  1477.5117738  1477.5117738  1477.5117738
 1477.5117738  1477.5117738  1477.5117738  1477.5117738  1477.5117738
 1477.5117738  1477.5117738  1477.5117738  1477.5117738  1477.5117738
 1473.5034506  1473.5034506  1473.5034506  1473.5034506  1473.5034506
 1473.5034506  1473.5034506  1473.7098251  1473.7098251  1473.92651834
 1473.92651834 1474.15404623 1474.15404623 1474.39295051 1474.39295051
 1474.64380002 1474.64380002 1474.90719199 1474.90719199 1475.18375357
 1475.18375357 1475.47414322 1475.47414322 1475.77905236 1475.77905236
 1476.09920695 1476.09920695 1476.43536927 1476.43536927 1476.78833971
 1476.78833971 1477.15895867 1477.15895867 1477.54810858 1477.54810858
 1477.95671599 1477.95671599 1478.38575376 1478.38575376 1478.83624343
 1478.83624343 1479.30925757 1479.30925757 1479.80592243 1479.80592243
 1480.32742053 1480.32742053 1480.87499353 1480.87499353 1481.44994518
 1481.44994518 1482.05364441 1482.05364441 1482.68752861 1482.68752861
 1483.35310702 1483.35310702 1484.05196434 1484.05196434 1484.78576454
 1484.78576454 1485.55625474 1485.55625474 1486.36526945 1486.36526945
 1487.2147349  1487.2147349  1487.34210019 1487.34210019 1485.93974131
 1485.93974131 1483.772809   1483.772809   1481.6058767  1481.6058767
 1482.21737251 1482.21737251 1482.85944311 1482.85944311 1483.53361724
 1483.53361724 1484.24150007 1484.24150007 1484.98477705 1484.98477705
 1485.76521788 1485.76521788 1486.58468075 1486.58468075 1487.34210019
 1487.34210019 1485.27818446 1485.27818446 1483.11125215 1483.11125215
 1480.94431984 1480.94431984 1481.52273781 1481.52273781 1482.13007668
 1482.13007668 1482.76778249 1482.76778249 1483.43737358 1483.43737358
 1484.14044424 1484.14044424 1484.87866843 1484.87866843 1485.65380382
 1485.65380382 1486.46769599 1486.46769599 1487.32228277 1487.32228277
 1487.34210019 1487.34210019 1486.05266657 1486.05266657 1483.88573426
 1483.88573426 1484.61122295 1484.61122295 1485.37298608 1485.37298608
 1486.17283736 1486.17283736 1487.0126812  1487.0126812  1487.34210019
 1487.34210019 1485.72758493 1485.72758493 1483.56065262 1483.56065262
 1481.39372031 1481.39372031 1481.9946083  1481.9946083  1482.62554069
 1482.62554069 1483.2880197  1483.2880197  1483.98362266 1483.98362266
 1484.71400577 1484.71400577 1485.48090804 1485.48090804 1486.28615541
 1486.28615541 1487.13166516 1487.13166516 1487.34210019 1487.34210019
 1485.85251809 1485.85251809 1483.68558578 1483.68558578 1484.40106704
 1484.40106704 1485.15232237 1485.15232237 1485.94114047 1485.94114047
 1486.76939946 1486.76939946 1487.34210019 1487.34210019 1485.47213911
 1485.47213911 1483.3052068  1483.3052068  1481.13827449 1481.13827449
 1481.72639019 1481.72639019 1482.34391168 1482.34391168 1482.99230923
 1482.99230923 1483.67312667 1483.67312667 1484.38798498 1484.38798498
 1485.13858621 1485.13858621 1485.92671749 1485.92671749 1486.75425534
 1486.75425534 1487.34210019 1487.34210019 1485.45623778 1485.45623778
 1483.28930547 1483.28930547 1483.98497272 1483.98497272 1484.71542333
 1484.71542333 1485.48239647 1485.48239647 1486.28771827 1486.28771827
 1487.13330616 1487.13330616 1487.34210019 1487.34210019 1485.85424113
 1485.85424113 1483.68730883 1483.68730883 1484.40287624 1484.40287624
 1485.15422203 1485.15422203 1485.94313511 1485.94313511 1486.77149384
 1486.77149384 1487.34210019 1487.34210019 1485.4743382  1485.4743382
 1483.30740589 1483.30740589 1481.14047358 1481.14047358 1481.72869924
 1481.72869924 1482.34633618 1482.34633618 1482.99485496 1482.99485496
 1483.67579968 1483.67579968 1484.39079164 1484.39079164 1485.1415332
 1485.1415332  1485.92981184 1485.92981184 1486.75750441 1486.75750441
 1487.34210019 1487.34210019 1485.45964929 1485.45964929 1483.29271699
 1483.29271699 1483.98855481 1483.98855481 1484.71918453 1484.71918453
 1485.48634573 1485.48634573 1486.29186499 1486.29186499 1487.13766022
 1487.13766022 1487.34210019 1487.34210019 1485.85881289 1485.85881289
 1483.69188059 1483.69188059 1481.52494828 1481.52494828 1482.13239767
 1482.13239767 1482.77021953 1482.77021953 1483.43993248 1483.43993248
 1484.14313108 1484.14313108 1484.88148961 1484.88148961 1485.65676606
 1485.65676606 1486.47080634 1486.47080634 1487.32554864 1487.32554864
 1487.34210019 1487.34210019 1486.05609574 1486.05609574 1483.88916343
 1483.88916343 1481.72223112 1481.72223112 1482.33954465 1482.33954465
 1482.98772386 1482.98772386 1483.66831203 1483.66831203 1484.38292961
 1484.38292961 1485.13327806 1485.13327806 1485.92114394 1485.92114394
 1486.74840311 1486.74840311 1487.34210019 1487.34210019 1485.45009294
 1485.45009294 1483.28316063 1483.28316063 1483.97852064 1483.97852064
 1484.70864864 1484.70864864 1485.47528305 1485.47528305 1486.28024918
 1486.28024918 1487.12546361 1487.12546361 1487.34210019 1487.34210019
 1485.84600646 1485.84600646 1483.67907415 1483.67907415 1484.39422984
 1484.39422984 1485.1451433  1485.1451433  1485.93360245 1485.93360245
 1486.76148454 1486.76148454 1487.34210019 1487.34210019 1485.46382844
 1485.46382844 1483.29689613 1483.29689613 1481.12996382 1481.12996382
 1481.71766399 1481.71766399 1482.33474916 1482.33474916 1482.9826886
 1482.9826886  1483.663025   1483.663025   1484.37737823 1484.37737823
 1485.12744912 1485.12744912 1485.91502355 1485.91502355 1486.7419767
 1486.7419767  1487.34210019 1487.34210019 1485.4433452  1485.4433452
 1483.2764129  1483.2764129  1481.10948059 1481.10948059 1481.69615659
 1481.69615659 1482.3121664  1482.3121664  1482.95897669 1482.95897669
 1483.6381275  1483.6381275  1484.35123586 1484.35123586 1485.09999962
 1485.09999962 1485.88620158 1485.88620158 1486.71171363 1486.71171363
 1487.34210019 1487.34210019 1485.41156898 1485.41156898 1483.24463668
 1483.24463668 1483.93807049 1483.93807049 1484.66617599 1484.66617599
 1485.43068676 1485.43068676 1486.23342307 1486.23342307 1487.0762962
 1487.0762962  1487.34210019 1487.34210019 1485.79438068 1485.79438068
 1483.62744837 1483.62744837 1484.34002277 1484.34002277 1485.08822588
 1485.08822588 1485.87383915 1485.87383915 1486.69873308 1486.69873308
 1487.34210019 1487.34210019 1485.39793941 1485.39793941 1483.2310071
 1487.34210019] 

Fitness stats feasible min: [3587.63293278 3250.32176807 3220.08759264 3220.08759264 3205.54741856
 3144.67177709 2992.05095298 3144.67177709 3144.67177709 3144.67177709
 3048.11572089 3027.55505026 3019.69507445 2776.12390728 2776.12390728
 2776.12390728 2744.17831076 2744.17831076 2744.17831076 2560.90963564
 2560.90963564 2560.90963564 2560.90963564 2502.28568568 2502.28568568
 2454.46266611 2454.46266611 2454.46266611 2436.50294323 2381.42839538
 2381.42839538 2381.42839538 2353.42970098 2381.42839538 2160.40560263
 2160.40560263 2160.40560263 2160.40560263 2160.40560263 2160.40560263
 2160.40560263 2139.24778899 2139.24778899 2128.23647357 2070.35050107
 2070.35050107 2070.35050107 2070.35050107 2038.70528839 1998.63316491
 1957.44439821 1957.44439821 1954.44450048 1930.56992381 1930.56992381
 1872.6264512  1872.6264512  1872.6264512  1872.6264512  1872.6264512
 1872.6264512  1850.35317374 1849.87561702 1849.87561702 1849.87561702
 1849.87561702 1839.03885148 1839.03885148 1839.03885148 1839.03885148
 1822.38244243 1822.38244243 1822.38244243 1822.38244243 1775.21877922
 1775.21877922 1775.21877922 1775.21877922 1775.21877922 1775.21877922
 1775.21877922 1775.21877922 1762.09096647 1762.09096647 1762.09096647
 1732.23625938 1732.23625938 1732.23625938 1732.23625938 1732.23625938
 1704.41943881 1704.41943881 1704.41943881 1704.41943881 1704.41943881
 1704.41943881 1704.41943881 1704.41943881 1704.41943881 1704.41943881
 1704.41943881 1704.41943881 1704.41943881 1704.41943881 1704.41943881
 1704.41943881 1704.41943881 1688.28026031 1688.28026031 1688.28026031
 1688.28026031 1684.50724762 1640.63519309 1640.63519309 1640.63519309
 1640.63519309 1640.63519309 1640.63519309 1636.8621804  1636.8621804
 1636.8621804  1636.8621804  1636.8621804  1636.8621804  1636.8621804
 1636.8621804  1636.8621804  1636.8621804  1636.8621804  1636.8621804
 1636.8621804  1636.8621804  1636.8621804  1636.8621804  1636.8621804
 1636.8621804  1636.8621804  1636.8621804  1636.8621804  1636.8621804
 1636.8621804  1636.8621804  1636.8621804  1636.8621804  1636.8621804
 1636.8621804  1636.8621804  1636.8621804  1626.34182062 1626.34182062
 1626.34182062 1626.34182062 1626.34182062 1613.64203741 1608.56943573
 1608.56943573 1592.50884164 1592.50884164 1592.50884164 1587.43623997
 1587.43623997 1587.43623997 1587.43623997 1587.43623997 1587.43623997
 1587.43623997 1587.43623997 1587.43623997 1587.43623997 1587.43623997
 1587.43623997 1587.43623997 1587.43623997 1573.36771026 1573.36771026
 1573.36771026 1573.36771026 1573.36771026 1573.36771026 1573.36771026
 1573.36771026 1573.36771026 1573.36771026 1573.36771026 1573.36771026
 1573.36771026 1573.36771026 1573.36771026 1573.36771026 1573.36771026
 1573.36771026 1573.36771026 1573.36771026 1573.36771026 1573.36771026
 1573.36771026 1573.36771026 1573.36771026 1573.36771026 1573.36771026
 1573.36771026 1573.36771026 1573.36771026 1573.36771026 1573.36771026
 1573.36771026 1573.36771026 1573.36771026 1573.36771026 1573.36771026
 1573.36771026 1573.36771026 1573.36771026 1573.36771026 1570.74716897
 1570.74716897 1570.74716897 1549.74743049 1549.74743049 1549.74743049
 1549.74743049 1549.74743049 1549.74743049 1549.74743049 1549.74743049
 1549.74743049 1549.74743049 1549.74743049 1549.74743049 1549.74743049
 1549.74743049 1549.74743049 1549.74743049 1549.74743049 1549.74743049
 1549.74743049 1549.74743049 1549.74743049 1549.74743049 1549.74743049
 1549.74743049 1549.74743049 1549.74743049 1549.74743049 1549.74743049
 1549.74743049 1549.74743049 1549.74743049 1549.74743049 1549.74743049
 1549.74743049 1549.74743049 1549.74743049 1549.74743049 1549.74743049
 1549.74743049 1549.74743049 1549.74743049 1549.74743049 1549.74743049
 1549.74743049 1549.74743049 1549.74743049 1549.74743049 1549.74743049
 1549.74743049 1549.74743049 1549.74743049 1549.74743049 1549.74743049
 1549.74743049 1549.74743049 1549.74743049 1549.74743049 1549.74743049
 1549.74743049 1549.74743049 1549.74743049 1549.74743049 1549.74743049
 1549.74743049 1540.49525841 1540.49525841 1540.49525841 1540.49525841
 1540.49525841 1540.49525841 1540.49525841 1540.49525841 1540.49525841
 1540.49525841 1540.49525841 1540.49525841 1540.49525841 1540.49525841
 1540.49525841 1540.49525841 1540.49525841 1540.49525841 1540.49525841
 1540.49525841 1540.49525841 1540.49525841 1540.49525841 1540.49525841
 1540.49525841 1540.49525841 1540.49525841 1540.49525841 1540.49525841
 1540.49525841 1540.49525841 1540.49525841 1540.49525841 1540.49525841
 1540.49525841 1540.49525841 1540.49525841 1540.49525841 1540.49525841
 1536.39639088 1536.39639088 1536.39639088 1536.39639088 1536.39639088
 1536.39639088 1536.39639088 1536.39639088 1536.39639088 1536.39639088
 1536.39639088 1536.39639088 1536.39639088 1536.39639088 1536.39639088
 1536.39639088 1536.39639088 1536.39639088 1536.39639088 1536.39639088
 1536.39639088 1532.45091946 1532.45091946 1532.45091946 1532.45091946
 1532.45091946 1532.45091946 1532.45091946 1532.45091946 1532.45091946
 1532.45091946 1527.87038361 1527.87038361 1527.87038361 1527.87038361
 1527.87038361 1527.87038361 1527.87038361 1527.87038361 1527.87038361
 1527.87038361 1527.87038361 1527.87038361 1527.87038361 1527.87038361
 1527.87038361 1527.87038361 1527.87038361 1527.87038361 1527.87038361
 1527.87038361 1527.87038361 1527.87038361 1527.87038361 1527.87038361
 1527.87038361 1527.87038361 1527.87038361 1527.87038361 1527.87038361
 1527.87038361 1527.87038361 1527.87038361 1527.87038361 1527.87038361
 1527.87038361 1527.87038361 1527.87038361 1527.87038361 1527.87038361
 1527.87038361 1504.75274001 1504.75274001 1504.75274001 1504.75274001
 1504.75274001 1504.75274001 1504.75274001 1504.75274001 1504.75274001
 1504.75274001 1504.75274001 1504.75274001 1504.75274001 1504.75274001
 1504.75274001 1504.75274001 1504.75274001 1504.75274001 1504.75274001
 1504.75274001 1504.75274001 1504.75274001 1504.75274001 1504.75274001
 1504.75274001 1504.75274001 1504.75274001 1504.75274001 1504.75274001
 1504.75274001 1504.75274001 1504.75274001 1504.75274001 1504.75274001
 1504.75274001 1504.75274001 1504.75274001 1504.75274001 1504.75274001
 1504.75274001 1504.75274001 1504.75274001 1504.75274001 1504.75274001
 1504.75274001 1504.75274001 1504.75274001 1504.75274001 1490.19882858
 1490.19882858 1490.19882858 1490.19882858 1490.19882858 1490.19882858
 1490.19882858 1490.19882858 1490.19882858 1490.19882858 1490.19882858
 1490.19882858 1490.19882858 1490.19882858 1490.19882858 1490.19882858
 1490.19882858 1490.19882858 1490.19882858 1490.19882858 1490.19882858
 1490.19882858 1490.19882858 1490.19882858 1490.19882858 1490.19882858
 1490.19882858 1490.19882858 1490.19882858 1490.19882858 1490.19882858
 1490.19882858 1490.19882858 1490.19882858 1490.19882858 1490.19882858
 1490.19882858 1490.19882858 1490.19882858 1490.19882858 1490.19882858
 1490.19882858 1490.19882858 1490.19882858 1490.19882858 1490.19882858
 1490.19882858 1490.19882858 1490.19882858 1490.19882858 1490.19882858
 1490.19882858 1490.19882858 1490.19882858 1490.19882858 1490.19882858
 1490.19882858 1490.19882858 1490.19882858 1490.19882858 1490.19882858
 1490.19882858 1490.19882858 1490.19882858 1490.19882858 1490.19882858
 1490.19882858 1490.19882858 1490.19882858 1490.19882858 1490.19882858
 1490.19882858 1490.19882858 1490.19882858 1490.19882858 1490.19882858
 1490.19882858 1490.19882858 1490.19882858 1490.19882858 1490.19882858
 1490.19882858 1490.19882858 1490.19882858 1490.19882858 1490.19882858
 1490.19882858 1490.19882858 1490.19882858 1490.19882858 1490.19882858
 1490.19882858 1490.19882858 1490.19882858 1490.19882858 1490.19882858
 1490.19882858 1490.19882858 1490.19882858 1490.19882858 1490.19882858
 1490.19882858 1490.19882858 1490.19882858 1490.19882858 1490.19882858
 1490.19882858 1490.19882858 1490.19882858 1490.19882858 1490.19882858
 1490.19882858 1490.19882858 1490.19882858 1490.19882858 1490.19882858
 1490.19882858 1487.34210019 1487.34210019 1487.34210019 1487.34210019
 1487.34210019 1487.34210019 1487.34210019 1487.34210019 1487.34210019
 1487.34210019 1487.34210019 1487.34210019 1487.34210019 1487.34210019
 1487.34210019 1487.34210019 1487.34210019 1487.34210019 1487.34210019
 1487.34210019 1487.34210019 1487.34210019 1487.34210019 1487.34210019
 1487.34210019 1487.34210019 1487.34210019 1487.34210019 1487.34210019
 1487.34210019 1487.34210019 1487.34210019 1487.34210019 1487.34210019
 1487.34210019 1487.34210019 1487.34210019 1487.34210019 1487.34210019
 1487.34210019 1487.34210019 1487.34210019 1487.34210019 1487.34210019
 1487.34210019 1487.34210019 1487.34210019 1487.34210019 1487.34210019
 1487.34210019 1487.34210019 1487.34210019 1487.34210019 1487.34210019
 1487.34210019 1487.34210019 1487.34210019 1487.34210019 1487.34210019
 1487.34210019 1487.34210019 1487.34210019 1487.34210019 1487.34210019
 1487.34210019 1487.34210019 1487.34210019 1487.34210019 1487.34210019
 1487.34210019 1487.34210019 1487.34210019 1487.34210019 1487.34210019
 1487.34210019 1487.34210019 1487.34210019 1487.34210019 1487.34210019
 1487.34210019 1487.34210019 1487.34210019 1487.34210019 1487.34210019
 1487.34210019 1487.34210019 1487.34210019 1487.34210019 1487.34210019
 1487.34210019 1487.34210019 1487.34210019 1487.34210019 1487.34210019
 1487.34210019 1487.34210019 1487.34210019 1487.34210019 1487.34210019
 1487.34210019 1487.34210019 1487.34210019 1487.34210019 1487.34210019
 1487.34210019 1487.34210019 1487.34210019 1487.34210019 1487.34210019
 1487.34210019 1487.34210019 1487.34210019 1487.34210019 1487.34210019
 1487.34210019 1487.34210019 1487.34210019 1487.34210019 1487.34210019
 1487.34210019 1487.34210019 1487.34210019 1487.34210019 1487.34210019
 1487.34210019 1487.34210019 1487.34210019 1487.34210019 1487.34210019
 1487.34210019 1487.34210019 1487.34210019 1487.34210019 1487.34210019
 1487.34210019 1487.34210019 1487.34210019 1487.34210019 1487.34210019
 1487.34210019 1487.34210019 1487.34210019 1487.34210019 1487.34210019
 1487.34210019 1487.34210019 1487.34210019 1487.34210019 1487.34210019
 1487.34210019 1487.34210019 1487.34210019 1487.34210019 1487.34210019
 1487.34210019 1487.34210019 1487.34210019 1487.34210019 1487.34210019
 1487.34210019 1487.34210019 1487.34210019 1487.34210019 1487.34210019
 1487.34210019 1487.34210019 1487.34210019 1487.34210019 1487.34210019
 1487.34210019 1487.34210019 1487.34210019 1487.34210019 1487.34210019
 1487.34210019 1487.34210019 1487.34210019 1487.34210019 1487.34210019
 1487.34210019 1487.34210019 1487.34210019 1487.34210019 1487.34210019
 1487.34210019 1487.34210019 1487.34210019 1487.34210019 1487.34210019
 1487.34210019 1487.34210019 1487.34210019 1487.34210019 1487.34210019
 1487.34210019 1487.34210019 1487.34210019 1487.34210019 1487.34210019
 1487.34210019 1487.34210019 1487.34210019 1487.34210019 1487.34210019
 1487.34210019 1487.34210019 1487.34210019 1487.34210019 1487.34210019
 1487.34210019 1487.34210019 1487.34210019 1487.34210019 1487.34210019
 1487.34210019 1487.34210019 1487.34210019 1487.34210019 1487.34210019
 1487.34210019 1487.34210019 1487.34210019 1487.34210019 1487.34210019
 1487.34210019 1487.34210019 1487.34210019 1487.34210019 1487.34210019
 1487.34210019 1487.34210019 1487.34210019 1487.34210019 1487.34210019
 1487.34210019 1487.34210019 1487.34210019 1487.34210019 1487.34210019
 1487.34210019 1487.34210019 1487.34210019 1487.34210019 1487.34210019
 1487.34210019 1487.34210019 1487.34210019 1487.34210019 1487.34210019
 1487.34210019 1487.34210019 1487.34210019 1487.34210019 1487.34210019
 1487.34210019 1487.34210019 1487.34210019 1487.34210019 1487.34210019
 1487.34210019 1487.34210019 1487.34210019 1487.34210019 1487.34210019
 1487.34210019 1487.34210019 1487.34210019 1487.34210019 1487.34210019
 1487.34210019 1487.34210019 1487.34210019 1487.34210019 1487.34210019
 1487.34210019 1487.34210019 1487.34210019 1487.34210019 1487.34210019
 1487.34210019 1487.34210019 1487.34210019 1487.34210019 1487.34210019
 1487.34210019 1487.34210019 1487.34210019 1487.34210019 1487.34210019
 1487.34210019 1487.34210019 1487.34210019 1487.34210019 1487.34210019
 1487.34210019 1487.34210019 1487.34210019 1487.34210019 1487.34210019
 1487.34210019 1487.34210019 1487.34210019 1487.34210019 1487.34210019
 1487.34210019 1487.34210019 1487.34210019 1487.34210019 1487.34210019
 1487.34210019 1487.34210019 1487.34210019 1487.34210019 1487.34210019
 1487.34210019 1487.34210019 1487.34210019 1487.34210019 1487.34210019
 1487.34210019 1487.34210019 1487.34210019 1487.34210019 1487.34210019
 1487.34210019 1487.34210019 1487.34210019 1487.34210019 1487.34210019
 1487.34210019 1487.34210019 1487.34210019 1487.34210019 1487.34210019
 1487.34210019 1487.34210019 1487.34210019 1487.34210019 1487.34210019
 1487.34210019 1487.34210019 1487.34210019 1487.34210019 1487.34210019
 1487.34210019 1487.34210019 1487.34210019 1487.34210019 1487.34210019
 1487.34210019 1487.34210019 1487.34210019 1487.34210019 1487.34210019
 1487.34210019 1487.34210019 1487.34210019 1487.34210019 1487.34210019
 1487.34210019 1487.34210019 1487.34210019 1487.34210019 1487.34210019
 1487.34210019 1487.34210019 1487.34210019 1487.34210019 1487.34210019
 1487.34210019 1487.34210019 1487.34210019 1487.34210019 1487.34210019
 1487.34210019 1487.34210019 1487.34210019 1487.34210019 1487.34210019
 1487.34210019 1487.34210019 1487.34210019 1487.34210019 1487.34210019
 1487.34210019 1487.34210019 1487.34210019 1487.34210019 1487.34210019
 1487.34210019 1487.34210019 1487.34210019 1487.34210019 1487.34210019
 1487.34210019 1487.34210019 1487.34210019 1487.34210019 1487.34210019
 1487.34210019 1487.34210019 1487.34210019 1487.34210019 1487.34210019
 1487.34210019 1487.34210019 1487.34210019 1487.34210019 1487.34210019
 1487.34210019 1487.34210019 1487.34210019 1487.34210019 1487.34210019
 1487.34210019 1487.34210019 1487.34210019 1487.34210019 1487.34210019
 1487.34210019 1487.34210019 1487.34210019 1487.34210019 1487.34210019
 1487.34210019 1487.34210019 1487.34210019 1487.34210019 1487.34210019
 1487.34210019 1487.34210019 1487.34210019 1487.34210019 1487.34210019
 1487.34210019 1487.34210019 1487.34210019 1487.34210019 1487.34210019
 1487.34210019 1487.34210019 1487.34210019 1487.34210019 1487.34210019
 1487.34210019] 

Fitness stats avg: [4011.79090527 3869.28692781 3760.97958924 3644.19483511 3614.19851138
 3545.53956785 3514.4744611  3468.17925492 3432.40976863 3384.59142047
 3344.6191932  3304.76951188 3232.08368247 3182.46003777 3163.49549418
 3099.46991214 3069.8004902  3034.61322028 2978.1495693  2966.77059709
 2931.2897242  2864.39632521 2875.31912433 2867.22696176 2811.34605087
 2789.13512079 2822.5107673  2754.36281503 2758.50348526 2704.99546003
 2693.34288538 2648.87681242 2635.94659636 2598.71936125 2521.69459791
 2499.50344618 2496.06548471 2483.18492703 2501.99132491 2476.85118556
 2456.68690239 2391.28796157 2371.44518007 2325.56060371 2321.08872654
 2323.22022333 2262.04788011 2266.75113702 2229.31690294 2208.8128285
 2192.44548221 2146.24503073 2148.62086768 2115.07891609 2055.77530297
 2016.04329348 2010.06770051 2003.36774988 2006.19956432 1980.97635852
 1954.9423745  1948.79047652 1937.08507491 1939.29271084 1927.4895717
 1918.97604811 1894.9335917  1881.93692897 1871.41981819 1872.78032999
 1884.10167259 1855.44800469 1856.02648907 1862.23705897 1865.26762755
 1849.23791323 1841.90935049 1829.41876949 1817.17346451 1820.50164006
 1811.01391728 1807.27454755 1815.17946255 1789.37082013 1808.71985491
 1817.97752472 1797.44821538 1821.29427418 1829.57357269 1800.39652404
 1783.52091011 1769.21237781 1754.80842919 1746.35856321 1730.421015
 1729.14228451 1731.79564314 1726.97721263 1730.16136624 1739.54622566
 1735.09754505 1724.92362884 1712.34447965 1724.21238312 1705.12652765
 1730.29166316 1741.73778644 1738.539225   1735.45861776 1726.68271592
 1718.41982622 1718.03631075 1704.15160965 1713.70094456 1718.76426849
 1750.80808256 1734.83699299 1749.99075642 1742.62957083 1733.52000209
 1704.00558099 1698.14962583 1683.43374847 1658.35505147 1662.145696
 1653.46854665 1650.25095643 1661.08535918 1660.52630621 1660.26624909
 1668.00725388 1673.20365211 1653.16822574 1667.87638249 1677.52438373
 1657.72382246 1670.0996237  1648.47213325 1670.67114892 1658.76939179
 1670.18111467 1674.91380786 1665.95848137 1663.74850455 1656.97952038
 1673.08823782 1660.31347609 1653.9182595  1659.21890101 1654.90549994
 1675.56417923 1658.6642393  1661.66342557 1677.3144468  1657.5039023
 1660.0692172  1650.79457384 1651.68891322 1643.24941624 1642.83201377
 1637.16641154 1638.75875768 1629.74255133 1612.47550024 1625.97146908
 1609.63713047 1617.66428043 1625.30362215 1611.68863574 1615.81858968
 1601.35723843 1612.7273821  1617.49383763 1625.68452837 1592.78771483
 1618.99913761 1602.62803929 1613.89591549 1623.74179657 1631.84060629
 1634.99923125 1622.61169697 1606.78765518 1601.25258063 1595.67248993
 1599.67095663 1606.28563756 1597.94953671 1579.91527608 1606.25939391
 1589.03280835 1585.20888319 1593.00801128 1594.64930034 1589.58754312
 1600.96201286 1599.22913762 1594.47013827 1599.46417185 1594.71148842
 1602.55805261 1586.33242728 1588.57234978 1608.86666577 1585.31955287
 1604.03303003 1595.91532229 1602.75484521 1586.33124521 1600.42330966
 1606.09920428 1594.45814837 1603.46201629 1598.03199487 1595.95956006
 1591.04691435 1591.72942114 1612.81184374 1607.50587325 1609.81824359
 1602.11393666 1615.03051903 1620.91075452 1584.77936884 1568.00706839
 1585.61631169 1562.96543458 1569.58812848 1579.98349919 1576.4094285
 1571.08483244 1595.59221927 1587.77338435 1580.16718574 1579.39754829
 1558.99209481 1578.30104765 1579.17626945 1575.59417636 1585.04760153
 1567.81658915 1571.69400623 1573.83798263 1581.91461171 1573.58950196
 1589.87426848 1574.91774585 1566.5016021  1587.43513936 1571.93589525
 1575.88356608 1573.59073456 1568.2850248  1571.39129757 1595.63150398
 1592.44086131 1576.45328892 1565.05434654 1561.51589576 1572.43437157
 1572.90665204 1577.97626199 1573.26475267 1583.91152943 1581.21126433
 1564.95524453 1576.93566112 1577.47705784 1585.53173185 1570.90988684
 1576.73558586 1588.37022298 1564.4973386  1573.41886717 1575.47744982
 1569.77096209 1587.07497029 1557.77171222 1579.83680228 1577.56891266
 1581.21929537 1573.62011554 1585.20000926 1577.94541472 1575.46704973
 1571.71566212 1565.12874965 1573.74298992 1579.56815661 1561.90667387
 1560.9689129  1571.33513412 1565.7480482  1565.63454573 1561.80943501
 1568.31541134 1575.30488272 1583.65860745 1557.88515026 1578.31847004
 1547.77031667 1556.89426964 1574.34256004 1550.30299497 1553.04151945
 1551.81744851 1564.98012541 1576.06323354 1573.2275139  1560.95157269
 1575.27059569 1557.62524741 1551.8107387  1577.03877092 1545.0297468
 1576.70407056 1557.75244598 1551.92377096 1578.75104177 1553.66734327
 1581.70076844 1562.87140504 1568.82612033 1578.71478189 1561.84530931
 1563.10658032 1576.2679985  1560.90493594 1576.48170974 1563.50866459
 1551.3586267  1566.74717491 1574.42349235 1560.78094338 1564.52126181
 1568.69073373 1565.4646706  1552.58945386 1564.1899401  1565.70687563
 1567.94374067 1555.3566023  1559.73261563 1551.62862903 1567.41154823
 1578.48932232 1576.09216207 1577.99301939 1552.3587859  1546.689954
 1553.59390556 1542.19018798 1562.72229286 1552.31441607 1542.76045663
 1560.11351537 1552.26472775 1563.51091682 1567.61583039 1566.27301565
 1573.75608713 1567.74279813 1572.22430671 1553.2102966  1555.93898678
 1552.60087084 1551.04493524 1563.98886127 1561.72181437 1547.53408024
 1567.5990068  1553.13109211 1572.87809347 1547.77150353 1561.66340655
 1572.90172576 1563.67282393 1563.92096201 1546.51475756 1557.26950514
 1605.71739155 1603.76174935 1587.53077277 1607.92108654 1572.13795744
 1576.32167761 1558.88095932 1560.94315681 1560.87877171 1545.84745853
 1552.93835532 1545.35815844 1568.24562469 1549.47307524 1565.20780434
 1568.55620505 1562.49235408 1581.75253203 1564.43220753 1533.51652087
 1541.36085383 1534.83351599 1539.4292754  1515.0642962  1519.78150668
 1519.80352882 1530.22008258 1514.95580356 1525.07027892 1535.87298691
 1538.93622399 1535.8647559  1529.69430755 1532.23405107 1544.12305685
 1534.35251143 1543.27911115 1520.82001957 1534.84984864 1521.53779914
 1514.71764978 1523.13159637 1534.86304655 1532.6920918  1526.89349274
 1526.88846949 1527.1158221  1546.69612623 1533.18970625 1524.11811796
 1530.44192823 1541.8162751  1520.9982639  1522.75186387 1536.67351303
 1532.41670805 1529.59053254 1513.44125826 1526.57458744 1546.65207997
 1532.03060242 1527.4387338  1531.57167979 1513.4700479  1515.69930549
 1498.96678347 1512.22387858 1507.87443108 1522.36028605 1513.70007427
 1513.94504232 1518.70796644 1507.93220012 1509.26910815 1510.33167321
 1508.89840266 1518.28542241 1520.71701864 1519.22537076 1517.01986904
 1513.26906681 1507.59594651 1523.64876516 1514.58385051 1502.81792537
 1514.53335582 1512.05519791 1524.24616608 1519.55304831 1525.52982386
 1517.50899041 1507.80919583 1522.97289333 1512.61317103 1531.00263679
 1503.44397303 1516.48395357 1524.05464995 1507.70081141 1502.32857575
 1509.84350343 1531.27747434 1532.14534049 1528.59298101 1514.83368555
 1517.95998103 1518.66485544 1517.06669605 1521.48346425 1516.00743219
 1517.14621714 1512.52966804 1515.00501802 1514.20354298 1509.10777195
 1517.75738026 1507.62470362 1528.02718662 1518.72793488 1513.74201177
 1518.98323863 1505.39988537 1516.42921656 1533.42052767 1515.78109022
 1516.92464382 1505.0143417  1521.29651907 1523.16159664 1511.22754626
 1517.31968087 1515.83121171 1508.3900543  1531.20144467 1516.84459628
 1518.73144845 1525.42593429 1517.29523532 1507.46597933 1517.94710387
 1510.13655223 1502.19406073 1506.32865401 1512.64675427 1518.69504069
 1513.89157402 1520.25142509 1531.22324858 1521.9507322  1517.60976027
 1510.2527663  1513.26954632 1520.13763423 1516.35424467 1513.09773384
 1516.03414733 1516.56635592 1517.9297666  1527.46734598 1527.68550607
 1508.89228275 1516.02425112 1506.58393353 1517.54347448 1500.09882487
 1513.11340032 1498.16055449 1529.0188022  1517.99780592 1520.8142937
 1508.26079066 1517.75101526 1506.68979716 1512.46822547 1516.52269564
 1526.81104733 1523.88640354 1518.20257316 1532.14837549 1546.48088228
 1527.87076852 1521.2670283  1513.13433444 1517.9449468  1531.94908624
 1526.76617262 1519.77098214 1507.63519694 1516.65519537 1499.55294706
 1535.7014512  1545.47792567 1540.98747644 1549.9041756  1528.45764083
 1530.00299965 1550.67266129 1542.43644896 1544.40935547 1533.59592888
 1569.74492133 1571.38717608 1539.68850609 1534.87816181 1559.78480112
 1522.8672049  1507.1397251  1502.5511523  1518.04078663 1504.09161015
 1517.95173838 1515.60193442 1518.72745874 1499.13737423 1510.36563322
 1504.60391064 1512.07500744 1501.03773371 1509.51898769 1495.56410519
 1514.99550816 1492.39166409 1534.43194435 1505.75235452 1498.81504822
 1505.87224176 1506.28324081 1512.58778877 1489.41513447 1498.06481346
 1503.02429861 1514.45590984 1506.91539683 1502.72037606 1503.29850658
 1508.25182153 1505.39815775 1498.29331556 1494.05050742 1500.92136949
 1514.22936639 1512.37265261 1499.69593735 1505.90288065 1494.64563483
 1524.55172207 1519.59005881 1508.98016244 1521.23795349 1512.97069397
 1510.65251894 1515.52808342 1507.27733877 1500.89688649 1507.64067889
 1502.22572201 1505.27563543 1525.22001442 1512.24259547 1503.93726833
 1501.19172116 1510.07893026 1508.27914319 1512.71306519 1513.82831467
 1510.24745149 1515.67061558 1514.49871073 1529.22539355 1566.84186394
 1585.90772157 1532.47921729 1548.37775754 1529.53452054 1520.01851191
 1505.0518053  1511.53492219 1508.13133249 1509.84380339 1498.75843232
 1504.84270766 1495.26540924 1525.03822263 1506.6826429  1512.24740448
 1517.33354567 1506.43154154 1520.67570721 1500.99909002 1513.50422083
 1523.95875688 1570.38101633 1556.11271256 1559.6440524  1551.02348059
 1518.51312226 1523.71365858 1524.85669039 1506.31546083 1511.09088246
 1501.396868   1498.44358434 1494.43077815 1507.84913288 1520.84099298
 1514.70850767 1525.38870204 1514.46411182 1512.71602685 1515.83549422
 1499.7927735  1505.58276382 1521.31396604 1517.61112134 1519.33023444
 1510.88985933 1554.46222165 1565.25588635 1564.83122248 1538.26692688
 1540.02476246 1517.2225536  1526.28618928 1526.56429922 1523.32358651
 1498.70932742 1513.55734975 1506.09154158 1531.53417472 1510.28210939
 1546.28617181 1562.35567549 1558.91574994 1559.71688353 1540.096929
 1525.86076347 1495.77285801 1521.8801488  1506.88512814 1516.92292554
 1519.96629075 1530.73283317 1518.13235584 1505.12400136 1508.8342596
 1505.14358096 1512.26580826 1521.77544628 1508.2991769  1530.3022432
 1530.14322988 1514.41093113 1514.60445588 1520.11189498 1532.47428753
 1571.26551261 1530.64976172 1553.03047413 1548.20638909 1546.99211208
 1528.94592722 1507.82754454 1523.12234843 1495.93002333 1511.19831803
 1497.60205678 1499.74470114 1519.05991085 1534.45406215 1564.65821538
 1585.83373183 1549.46997899 1549.79517447 1534.1019745  1518.72862603
 1514.37768843 1501.78300561 1520.11276885 1509.1494124  1538.61553883
 1509.80886952 1500.28628652 1516.5512101  1500.68073974 1508.59017885
 1518.83121741 1504.95197094 1508.46560929 1510.96634721 1510.04726432
 1502.84518548 1508.92797686 1564.00544889 1537.7843664  1529.73973814
 1540.24927476 1543.78765147 1539.27291682 1508.84706817 1515.77445315
 1492.98566197 1505.9011495  1508.81674262 1513.40027915 1514.12833041
 1542.00696074 1515.368395   1503.25137957 1545.14657901 1555.18644575
 1539.24619836 1542.1407607  1514.03075974 1507.68540394 1517.19240645
 1542.39833029 1523.03204507 1512.28099414 1509.76819059 1516.7963932
 1533.27993261 1516.62993674 1536.11691234 1576.5845683  1537.61474761
 1561.89631365 1537.63087481 1535.58061733 1513.16531231 1527.30317802
 1532.46597145 1513.19326286 1518.37132113 1519.46261506 1516.43419615
 1504.90266155 1516.68668491 1511.06338337 1510.72391709 1510.84215067
 1516.58707324 1526.81736765 1521.37477849 1519.22061974 1512.79229346
 1518.45703544 1531.07352979 1526.68966765 1541.07128484 1550.87692781
 1512.04220897 1526.29848877 1507.14181508 1513.51690666 1514.51777463
 1509.56347924 1501.67466261 1527.25205436 1508.29842291 1502.78813031
 1521.63449661 1511.31349552 1531.62161902 1535.5658087  1554.38076094
 1573.91482741 1568.8975859  1548.15226463 1524.62256858 1509.73096047
 1495.88085534 1508.46751629 1520.2934659  1523.36523491 1524.65577947
 1508.07732364 1505.86978518 1505.0737118  1507.58506576 1518.09790016
 1516.8718002  1495.1152721  1510.23710768 1508.84978727 1513.77380739
 1523.81907627 1527.27164628 1564.45901993 1558.88703649 1555.60618216
 1533.80163021 1548.73113404 1506.64318559 1507.58917265 1498.69599187
 1508.89898617 1512.8390473  1509.49306876 1490.93972088 1500.15038335
 1519.56003731 1504.50354583 1503.27244354 1503.64516049 1512.24642555
 1516.16977773 1511.07758413 1517.45639644 1530.38392585 1561.54738052
 1557.94905166 1518.42747307 1520.41725529 1497.59918359 1511.61251006
 1515.70210999 1496.06359258 1517.17033566 1524.01455255 1521.43929561
 1521.88378518 1524.98893137 1524.36427983 1521.67737541 1525.53916096
 1550.52508942 1537.68499296 1516.21305766 1524.04406567 1535.88850643
 1513.40353854 1508.71877645 1522.51870967 1523.70577021 1521.4611966
 1516.06864578 1515.3756457  1511.79680731 1551.72303004 1563.75124813
 1547.96615927 1551.9001859  1538.17653718 1515.16149833 1535.82631858
 1515.33829915 1515.6353884  1513.6804763  1506.33518322 1499.17719763
 1491.66679403 1507.59650346 1511.70817178 1527.15178345 1506.12258647
 1515.16872301 1522.36714105 1498.57863472 1509.36512202 1503.81270379
 1524.8319776  1510.58379671 1553.52859225 1537.07834915 1563.24261395
 1550.49361134 1538.44020543 1508.51117587 1514.14993912 1503.36407586
 1533.11901862 1525.87445966 1516.52931118 1493.79255348 1507.20976112
 1515.24200567 1532.82345493 1529.43669255 1527.87491447 1500.37352668
 1506.82058314 1507.07326677 1500.34999338 1512.7029284  1514.02303653
 1507.95263141 1528.50763454 1544.53119994 1551.26677057 1514.81798006
 1516.46473003 1516.66747817 1508.86944384 1510.07087214 1490.96038172
 1523.24366537 1518.58730572 1519.10817076 1508.61984787 1518.5465281
 1522.50884931 1505.36697539 1562.51338627 1564.66615864 1544.42671644
 1540.12766965 1512.29875572 1508.17266248 1505.01818074 1511.61828895
 1505.40618258 1520.17192639 1517.23655671 1528.85308577 1522.70883966
 1516.04332589 1522.77058404 1548.55837349 1541.30271198 1545.41640312
 1532.94026692] 

Feasible stats: [(  0.,   0.) (  0., 100.) (  0., 100.) ( 38.,  62.) ( 38.,  62.)
 ( 48.,  52.) ( 48.,  52.) ( 51.,  49.) ( 51.,  49.) ( 17.,  83.)
 ( 17.,  83.) ( 30.,  70.) ( 30.,  70.) ( 37.,  63.) ( 37.,  63.)
 ( 36.,  64.) ( 36.,  64.) ( 36.,  64.) ( 36.,  64.) ( 57.,  43.)
 ( 57.,  43.) ( 65.,  35.) ( 65.,  35.) ( 64.,  36.) ( 64.,  36.)
 ( 51.,  49.) ( 51.,  49.) ( 56.,  44.) ( 56.,  44.) ( 53.,  47.)
 ( 53.,  47.) ( 68.,  32.) ( 68.,  32.) ( 70.,  30.) ( 70.,  30.)
 ( 62.,  38.) ( 62.,  38.) ( 67.,  33.) ( 67.,  33.) ( 74.,  26.)
 ( 74.,  26.) ( 68.,  32.) ( 68.,  32.) ( 82.,  18.) ( 82.,  18.)
 ( 79.,  21.) ( 79.,  21.) ( 85.,  15.) ( 85.,  15.) ( 73.,  27.)
 ( 73.,  27.) ( 79.,  21.) ( 79.,  21.) ( 72.,  28.) ( 72.,  28.)
 ( 83.,  17.) ( 83.,  17.) ( 84.,  16.) ( 84.,  16.) ( 87.,  13.)
 ( 87.,  13.) ( 92.,   8.) ( 92.,   8.) ( 94.,   6.) ( 94.,   6.)
 ( 91.,   9.) ( 91.,   9.) ( 95.,   5.) ( 95.,   5.) ( 91.,   9.)
 ( 91.,   9.) ( 96.,   4.) ( 96.,   4.) ( 92.,   8.) ( 92.,   8.)
 (100.,   0.) (100.,   0.) ( 95.,   5.) ( 95.,   5.) ( 97.,   3.)
 ( 97.,   3.) ( 98.,   2.) ( 98.,   2.) ( 96.,   4.) ( 96.,   4.)
 ( 97.,   3.) ( 97.,   3.) ( 97.,   3.) ( 97.,   3.) ( 93.,   7.)
 ( 93.,   7.) ( 96.,   4.) ( 96.,   4.) ( 98.,   2.) ( 98.,   2.)
 (100.,   0.) (100.,   0.) ( 99.,   1.) ( 99.,   1.) (100.,   0.)
 (100.,   0.) ( 99.,   1.) ( 99.,   1.) ( 97.,   3.) ( 97.,   3.)
 ( 99.,   1.) ( 99.,   1.) (100.,   0.) (100.,   0.) ( 98.,   2.)
 ( 98.,   2.) ( 99.,   1.) ( 99.,   1.) ( 99.,   1.) ( 99.,   1.)
 ( 99.,   1.) ( 99.,   1.) ( 96.,   4.) ( 96.,   4.) ( 83.,  17.)
 ( 83.,  17.) ( 97.,   3.) ( 97.,   3.) ( 96.,   4.) ( 96.,   4.)
 (100.,   0.) (100.,   0.) ( 97.,   3.) ( 97.,   3.) ( 96.,   4.)
 ( 96.,   4.) ( 98.,   2.) ( 98.,   2.) ( 98.,   2.) ( 98.,   2.)
 ( 98.,   2.) ( 98.,   2.) ( 98.,   2.) ( 98.,   2.) ( 98.,   2.)
 ( 98.,   2.) ( 99.,   1.) ( 99.,   1.) ( 97.,   3.) ( 97.,   3.)
 ( 98.,   2.) ( 98.,   2.) (100.,   0.) (100.,   0.) ( 96.,   4.)
 ( 96.,   4.) ( 99.,   1.) ( 99.,   1.) (100.,   0.) (100.,   0.)
 ( 99.,   1.) ( 99.,   1.) ( 99.,   1.) ( 99.,   1.) ( 98.,   2.)
 ( 98.,   2.) ( 98.,   2.) ( 98.,   2.) ( 94.,   6.) ( 94.,   6.)
 ( 98.,   2.) ( 98.,   2.) ( 97.,   3.) ( 97.,   3.) ( 99.,   1.)
 ( 99.,   1.) ( 99.,   1.) ( 99.,   1.) ( 99.,   1.) ( 99.,   1.)
 ( 99.,   1.) ( 99.,   1.) ( 99.,   1.) ( 99.,   1.) ( 96.,   4.)
 ( 96.,   4.) ( 91.,   9.) ( 91.,   9.) ( 96.,   4.) ( 96.,   4.)
 ( 98.,   2.) ( 98.,   2.) ( 98.,   2.) ( 98.,   2.) ( 97.,   3.)
 ( 97.,   3.) (100.,   0.) (100.,   0.) ( 98.,   2.) ( 98.,   2.)
 ( 98.,   2.) ( 98.,   2.) ( 99.,   1.) ( 99.,   1.) ( 97.,   3.)
 ( 97.,   3.) ( 98.,   2.) ( 98.,   2.) ( 98.,   2.) ( 98.,   2.)
 (100.,   0.) (100.,   0.) ( 97.,   3.) ( 97.,   3.) ( 98.,   2.)
 ( 98.,   2.) ( 98.,   2.) ( 98.,   2.) ( 99.,   1.) ( 99.,   1.)
 ( 99.,   1.) ( 99.,   1.) ( 99.,   1.) ( 99.,   1.) ( 98.,   2.)
 ( 98.,   2.) ( 96.,   4.) ( 96.,   4.) ( 98.,   2.) ( 98.,   2.)
 ( 98.,   2.) ( 98.,   2.) ( 99.,   1.) ( 99.,   1.) ( 98.,   2.)
 ( 98.,   2.) ( 99.,   1.) ( 99.,   1.) ( 95.,   5.) ( 95.,   5.)
 ( 96.,   4.) ( 96.,   4.) ( 99.,   1.) ( 99.,   1.) ( 99.,   1.)
 ( 99.,   1.) (100.,   0.) (100.,   0.) ( 98.,   2.) ( 98.,   2.)
 ( 99.,   1.) ( 99.,   1.) ( 96.,   4.) ( 96.,   4.) ( 99.,   1.)
 ( 99.,   1.) ( 97.,   3.) ( 97.,   3.) (100.,   0.) (100.,   0.)
 ( 97.,   3.) ( 97.,   3.) ( 99.,   1.) ( 99.,   1.) ( 97.,   3.)
 ( 97.,   3.) (100.,   0.) (100.,   0.) ( 97.,   3.) ( 97.,   3.)
 ( 98.,   2.) ( 98.,   2.) ( 98.,   2.) ( 98.,   2.) ( 97.,   3.)
 ( 97.,   3.) ( 97.,   3.) ( 97.,   3.) ( 99.,   1.) ( 99.,   1.)
 ( 99.,   1.) ( 99.,   1.) ( 98.,   2.) ( 98.,   2.) ( 99.,   1.)
 ( 99.,   1.) ( 98.,   2.) ( 98.,   2.) ( 96.,   4.) ( 96.,   4.)
 ( 97.,   3.) ( 97.,   3.) ( 98.,   2.) ( 98.,   2.) ( 96.,   4.)
 ( 96.,   4.) ( 99.,   1.) ( 99.,   1.) ( 99.,   1.) ( 99.,   1.)
 ( 99.,   1.) ( 99.,   1.) ( 99.,   1.) ( 99.,   1.) ( 99.,   1.)
 ( 99.,   1.) ( 99.,   1.) ( 99.,   1.) ( 96.,   4.) ( 96.,   4.)
 ( 98.,   2.) ( 98.,   2.) ( 98.,   2.) ( 98.,   2.) ( 98.,   2.)
 ( 98.,   2.) ( 99.,   1.) ( 99.,   1.) (100.,   0.) (100.,   0.)
 ( 99.,   1.) ( 99.,   1.) ( 98.,   2.) ( 98.,   2.) ( 99.,   1.)
 ( 99.,   1.) ( 95.,   5.) ( 95.,   5.) ( 99.,   1.) ( 99.,   1.)
 ( 99.,   1.) ( 99.,   1.) (100.,   0.) (100.,   0.) ( 96.,   4.)
 ( 96.,   4.) ( 99.,   1.) ( 99.,   1.) ( 99.,   1.) ( 99.,   1.)
 (100.,   0.) (100.,   0.) ( 98.,   2.) ( 98.,   2.) ( 99.,   1.)
 ( 99.,   1.) ( 99.,   1.) ( 99.,   1.) ( 99.,   1.) ( 99.,   1.)
 ( 98.,   2.) ( 98.,   2.) ( 99.,   1.) ( 99.,   1.) (100.,   0.)
 (100.,   0.) ( 98.,   2.) ( 98.,   2.) ( 98.,   2.) ( 98.,   2.)
 ( 98.,   2.) ( 98.,   2.) ( 97.,   3.) ( 97.,   3.) ( 97.,   3.)
 ( 97.,   3.) (100.,   0.) (100.,   0.) ( 97.,   3.) ( 97.,   3.)
 ( 97.,   3.) ( 97.,   3.) (100.,   0.) (100.,   0.) ( 97.,   3.)
 ( 97.,   3.) ( 96.,   4.) ( 96.,   4.) ( 95.,   5.) ( 95.,   5.)
 ( 98.,   2.) ( 98.,   2.) ( 97.,   3.) ( 97.,   3.) ( 91.,   9.)
 ( 91.,   9.) ( 72.,  28.) ( 72.,  28.) ( 54.,  46.) ( 54.,  46.)
 ( 37.,  63.) ( 37.,  63.) ( 18.,  82.) ( 18.,  82.) ( 14.,  86.)
 ( 14.,  86.) ( 13.,  87.) ( 13.,  87.) ( 13.,  87.) ( 13.,  87.)
 ( 26.,  74.) ( 26.,  74.) ( 44.,  56.) ( 44.,  56.) ( 88.,  12.)
 ( 88.,  12.) ( 96.,   4.) ( 96.,   4.) ( 98.,   2.) ( 98.,   2.)
 ( 99.,   1.) ( 99.,   1.) ( 98.,   2.) ( 98.,   2.) ( 97.,   3.)
 ( 97.,   3.) ( 99.,   1.) ( 99.,   1.) ( 98.,   2.) ( 98.,   2.)
 (100.,   0.) (100.,   0.) (100.,   0.) (100.,   0.) ( 99.,   1.)
 ( 99.,   1.) ( 99.,   1.) ( 99.,   1.) ( 98.,   2.) ( 98.,   2.)
 (100.,   0.) (100.,   0.) ( 98.,   2.) ( 98.,   2.) ( 97.,   3.)
 ( 97.,   3.) ( 99.,   1.) ( 99.,   1.) ( 99.,   1.) ( 99.,   1.)
 ( 98.,   2.) ( 98.,   2.) (100.,   0.) (100.,   0.) (100.,   0.)
 (100.,   0.) ( 98.,   2.) ( 98.,   2.) ( 98.,   2.) ( 98.,   2.)
 ( 96.,   4.) ( 96.,   4.) ( 98.,   2.) ( 98.,   2.) ( 98.,   2.)
 ( 98.,   2.) ( 99.,   1.) ( 99.,   1.) ( 97.,   3.) ( 97.,   3.)
 ( 98.,   2.) ( 98.,   2.) ( 98.,   2.) ( 98.,   2.) ( 97.,   3.)
 ( 97.,   3.) (100.,   0.) (100.,   0.) ( 97.,   3.) ( 97.,   3.)
 ( 98.,   2.) ( 98.,   2.) ( 97.,   3.) ( 97.,   3.) ( 95.,   5.)
 ( 95.,   5.) ( 97.,   3.) ( 97.,   3.) ( 98.,   2.) ( 98.,   2.)
 ( 99.,   1.) ( 99.,   1.) ( 99.,   1.) ( 99.,   1.) (100.,   0.)
 (100.,   0.) ( 98.,   2.) ( 98.,   2.) ( 98.,   2.) ( 98.,   2.)
 ( 98.,   2.) ( 98.,   2.) ( 96.,   4.) ( 96.,   4.) ( 97.,   3.)
 ( 97.,   3.) (100.,   0.) (100.,   0.) (100.,   0.) (100.,   0.)
 ( 99.,   1.) ( 99.,   1.) ( 99.,   1.) ( 99.,   1.) ( 97.,   3.)
 ( 97.,   3.) ( 98.,   2.) ( 98.,   2.) ( 99.,   1.) ( 99.,   1.)
 ( 98.,   2.) ( 98.,   2.) ( 99.,   1.) ( 99.,   1.) ( 99.,   1.)
 ( 99.,   1.) ( 99.,   1.) ( 99.,   1.) ( 97.,   3.) ( 97.,   3.)
 (100.,   0.) (100.,   0.) ( 98.,   2.) ( 98.,   2.) ( 98.,   2.)
 ( 98.,   2.) ( 99.,   1.) ( 99.,   1.) (100.,   0.) (100.,   0.)
 ( 99.,   1.) ( 99.,   1.) ( 99.,   1.) ( 99.,   1.) ( 97.,   3.)
 ( 97.,   3.) (100.,   0.) (100.,   0.) ( 98.,   2.) ( 98.,   2.)
 ( 99.,   1.) ( 99.,   1.) ( 99.,   1.) ( 99.,   1.) ( 99.,   1.)
 ( 99.,   1.) ( 99.,   1.) ( 99.,   1.) (100.,   0.) (100.,   0.)
 ( 99.,   1.) ( 99.,   1.) ( 99.,   1.) ( 99.,   1.) ( 98.,   2.)
 ( 98.,   2.) ( 99.,   1.) ( 99.,   1.) ( 99.,   1.) ( 99.,   1.)
 ( 98.,   2.) ( 98.,   2.) ( 98.,   2.) ( 98.,   2.) ( 97.,   3.)
 ( 97.,   3.) ( 98.,   2.) ( 98.,   2.) ( 98.,   2.) ( 98.,   2.)
 ( 99.,   1.) ( 99.,   1.) ( 98.,   2.) ( 98.,   2.) ( 94.,   6.)
 ( 94.,   6.) ( 89.,  11.) ( 89.,  11.) ( 90.,  10.) ( 90.,  10.)
 ( 80.,  20.) ( 80.,  20.) ( 76.,  24.) ( 76.,  24.) ( 73.,  27.)
 ( 73.,  27.) ( 54.,  46.) ( 54.,  46.) ( 50.,  50.) ( 50.,  50.)
 ( 32.,  68.) ( 32.,  68.) ( 14.,  86.) ( 14.,  86.) ( 15.,  85.)
 ( 15.,  85.) ( 17.,  83.) ( 17.,  83.) ( 17.,  83.) ( 17.,  83.)
 ( 17.,  83.) ( 17.,  83.) ( 13.,  87.) ( 13.,  87.) ( 13.,  87.)
 ( 13.,  87.) ( 15.,  85.) ( 15.,  85.) ( 17.,  83.) ( 17.,  83.)
 ( 13.,  87.) ( 13.,  87.) ( 11.,  89.) ( 11.,  89.) ( 10.,  90.)
 ( 10.,  90.) ( 14.,  86.) ( 14.,  86.) ( 12.,  88.) ( 12.,  88.)
 ( 12.,  88.) ( 12.,  88.) ( 10.,  90.) ( 10.,  90.) ( 13.,  87.)
 ( 13.,  87.) ( 13.,  87.) ( 13.,  87.) ( 14.,  86.) ( 14.,  86.)
 ( 11.,  89.) ( 11.,  89.) ( 13.,  87.) ( 13.,  87.) ( 16.,  84.)
 ( 16.,  84.) ( 12.,  88.) ( 12.,  88.) ( 10.,  90.) ( 10.,  90.)
 ( 15.,  85.) ( 15.,  85.) ( 13.,  87.) ( 13.,  87.) ( 12.,  88.)
 ( 12.,  88.) ( 13.,  87.) ( 13.,  87.) ( 16.,  84.) ( 16.,  84.)
 ( 11.,  89.) ( 11.,  89.) ( 14.,  86.) ( 14.,  86.) ( 33.,  67.)
 ( 33.,  67.) ( 51.,  49.) ( 51.,  49.) ( 35.,  65.) ( 35.,  65.)
 ( 15.,  85.) ( 15.,  85.) ( 15.,  85.) ( 15.,  85.) ( 16.,  84.)
 ( 16.,  84.) ( 16.,  84.) ( 16.,  84.) ( 12.,  88.) ( 12.,  88.)
 ( 13.,  87.) ( 13.,  87.) ( 12.,  88.) ( 12.,  88.) ( 14.,  86.)
 ( 14.,  86.) ( 30.,  70.) ( 30.,  70.) ( 44.,  56.) ( 44.,  56.)
 ( 25.,  75.) ( 25.,  75.) ( 18.,  82.) ( 18.,  82.) ( 15.,  85.)
 ( 15.,  85.) ( 12.,  88.) ( 12.,  88.) ( 11.,  89.) ( 11.,  89.)
 ( 14.,  86.) ( 14.,  86.) ( 18.,  82.) ( 18.,  82.) ( 14.,  86.)
 ( 14.,  86.) ( 16.,  84.) ( 16.,  84.) ( 14.,  86.) ( 14.,  86.)
 ( 14.,  86.) ( 14.,  86.) ( 39.,  61.) ( 39.,  61.) ( 47.,  53.)
 ( 47.,  53.) ( 24.,  76.) ( 24.,  76.) ( 16.,  84.) ( 16.,  84.)
 ( 17.,  83.) ( 17.,  83.) ( 14.,  86.) ( 14.,  86.) ( 15.,  85.)
 ( 15.,  85.) ( 31.,  69.) ( 31.,  69.) ( 37.,  63.) ( 37.,  63.)
 ( 27.,  73.) ( 27.,  73.) ( 15.,  85.) ( 15.,  85.) ( 15.,  85.)
 ( 15.,  85.) ( 13.,  87.) ( 13.,  87.) ( 15.,  85.) ( 15.,  85.)
 ( 16.,  84.) ( 16.,  84.) ( 14.,  86.) ( 14.,  86.) ( 11.,  89.)
 ( 11.,  89.) ( 17.,  83.) ( 17.,  83.) ( 13.,  87.) ( 13.,  87.)
 ( 31.,  69.) ( 31.,  69.) ( 55.,  45.) ( 55.,  45.) ( 23.,  77.)
 ( 23.,  77.) ( 16.,  84.) ( 16.,  84.) ( 15.,  85.) ( 15.,  85.)
 ( 13.,  87.) ( 13.,  87.) ( 11.,  89.) ( 11.,  89.) ( 26.,  74.)
 ( 26.,  74.) ( 39.,  61.) ( 39.,  61.) ( 26.,  74.) ( 26.,  74.)
 ( 13.,  87.) ( 13.,  87.) (  9.,  91.) (  9.,  91.) ( 14.,  86.)
 ( 14.,  86.) ( 16.,  84.) ( 16.,  84.) ( 13.,  87.) ( 13.,  87.)
 ( 14.,  86.) ( 14.,  86.) ( 14.,  86.) ( 14.,  86.) ( 15.,  85.)
 ( 15.,  85.) ( 10.,  90.) ( 10.,  90.) ( 33.,  67.) ( 33.,  67.)
 ( 29.,  71.) ( 29.,  71.) ( 21.,  79.) ( 21.,  79.) ( 14.,  86.)
 ( 14.,  86.) ( 12.,  88.) ( 12.,  88.) ( 16.,  84.) ( 16.,  84.)
 ( 13.,  87.) ( 13.,  87.) ( 10.,  90.) ( 10.,  90.) ( 28.,  72.)
 ( 28.,  72.) ( 30.,  70.) ( 30.,  70.) ( 19.,  81.) ( 19.,  81.)
 ( 13.,  87.) ( 13.,  87.) ( 17.,  83.) ( 17.,  83.) ( 16.,  84.)
 ( 16.,  84.) ( 20.,  80.) ( 20.,  80.) ( 31.,  69.) ( 31.,  69.)
 ( 43.,  57.) ( 43.,  57.) ( 28.,  72.) ( 28.,  72.) ( 17.,  83.)
 ( 17.,  83.) ( 18.,  82.) ( 18.,  82.) ( 18.,  82.) ( 18.,  82.)
 ( 13.,  87.) ( 13.,  87.) ( 12.,  88.) ( 12.,  88.) ( 10.,  90.)
 ( 10.,  90.) ( 17.,  83.) ( 17.,  83.) ( 19.,  81.) ( 19.,  81.)
 ( 12.,  88.) ( 12.,  88.) ( 33.,  67.) ( 33.,  67.) ( 43.,  57.)
 ( 43.,  57.) ( 18.,  82.) ( 18.,  82.) ( 11.,  89.) ( 11.,  89.)
 ( 14.,  86.) ( 14.,  86.) ( 12.,  88.) ( 12.,  88.) ( 13.,  87.)
 ( 13.,  87.) ( 12.,  88.) ( 12.,  88.) ( 37.,  63.) ( 37.,  63.)
 ( 53.,  47.) ( 53.,  47.) ( 38.,  62.) ( 38.,  62.) ( 22.,  78.)
 ( 22.,  78.) ( 13.,  87.) ( 13.,  87.) ( 15.,  85.) ( 15.,  85.)
 ( 18.,  82.) ( 18.,  82.) (  9.,  91.) (  9.,  91.) ( 11.,  89.)
 ( 11.,  89.) ( 14.,  86.) ( 14.,  86.) ( 13.,  87.) ( 13.,  87.)
 ( 15.,  85.) ( 15.,  85.) ( 32.,  68.) ( 32.,  68.) ( 50.,  50.)
 ( 50.,  50.) ( 29.,  71.) ( 29.,  71.) ( 12.,  88.) ( 12.,  88.)
 ( 10.,  90.) ( 10.,  90.) ( 16.,  84.) ( 16.,  84.) ( 12.,  88.)
 ( 12.,  88.) ( 16.,  84.) ( 16.,  84.) ( 10.,  90.) ( 10.,  90.)
 ( 12.,  88.) ( 12.,  88.) ( 13.,  87.) ( 13.,  87.) ( 28.,  72.)
 ( 28.,  72.) ( 39.,  61.) ( 39.,  61.) ( 19.,  81.) ( 19.,  81.)
 ( 14.,  86.) ( 14.,  86.) ( 14.,  86.) ( 14.,  86.) ( 17.,  83.)
 ( 17.,  83.) ( 14.,  86.) ( 14.,  86.) ( 16.,  84.) ( 16.,  84.)
 ( 32.,  68.) ( 32.,  68.) ( 39.,  61.) ( 39.,  61.) ( 18.,  82.)
 ( 18.,  82.) ( 13.,  87.) ( 13.,  87.) ( 18.,  82.) ( 18.,  82.)
 ( 14.,  86.) ( 14.,  86.) ( 16.,  84.) ( 16.,  84.) ( 33.,  67.)
 ( 33.,  67.) ( 49.,  51.) ( 49.,  51.) ( 27.,  73.) ( 27.,  73.)
 ( 17.,  83.) ( 17.,  83.) ( 16.,  84.) ( 16.,  84.) ( 11.,  89.)
 ( 11.,  89.) ( 10.,  90.) ( 10.,  90.) ( 14.,  86.) ( 14.,  86.)
 ( 14.,  86.) ( 14.,  86.) ( 14.,  86.) ( 14.,  86.) ( 12.,  88.)
 ( 12.,  88.) ( 18.,  82.) ( 18.,  82.) ( 39.,  61.) ( 39.,  61.)
 ( 45.,  55.) ( 45.,  55.) ( 35.,  65.) ( 35.,  65.) ( 17.,  83.)
 ( 17.,  83.) ( 15.,  85.) ( 15.,  85.) ( 16.,  84.) ( 16.,  84.)
 ( 12.,  88.) ( 12.,  88.) ( 14.,  86.) ( 14.,  86.) ( 13.,  87.)
 ( 13.,  87.) ( 12.,  88.) ( 12.,  88.) ( 10.,  90.) ( 10.,  90.)
 ( 12.,  88.) ( 12.,  88.) ( 28.,  72.) ( 28.,  72.) ( 30.,  70.)
 ( 30.,  70.) ( 16.,  84.) ( 16.,  84.) ( 14.,  86.) ( 14.,  86.)
 ( 12.,  88.) ( 12.,  88.) ( 15.,  85.) ( 15.,  85.) ( 12.,  88.)
 ( 12.,  88.) ( 16.,  84.) ( 16.,  84.) ( 35.,  65.) ( 35.,  65.)
 ( 34.,  66.) ( 34.,  66.) ( 13.,  87.) ( 13.,  87.) ( 13.,  87.)
 ( 13.,  87.) ( 15.,  85.) ( 15.,  85.) ( 12.,  88.) ( 12.,  88.)
 ( 15.,  85.) ( 15.,  85.) ( 29.,  71.) ( 29.,  71.) ( 30.,  70.)
 ( 30.,  70.)] 
Solution Description: 
p: [  0.          17.53554117 100.59930144 106.28043574 119.65604085
 163.79642458 240.27068972 270.58343579 323.40667926 370.70024489
 372.80083965   0.         159.31974669 198.87824016 222.12040578
 223.98613796 235.40074615 246.57400244 259.64927014 305.09484455
 362.75288286 424.01709173 456.03208485 458.56359764 461.38122574
 493.78191331   0.          73.45790906  90.98331553 100.59636455
 133.79875501 143.51811413 243.47177255 288.22140421 288.97450334
 289.64282512 310.87032433 338.0593402  338.91958187   0.
  48.18967889  83.44342896  97.39365997 106.55904765 116.05168486
 166.92463221 177.04863342 211.69654132 222.20755516 267.84846235
 274.65971737 281.83976536] 
pred: [0 0 0 0 0 4 4 4 4 4 4 0 0 0 0 0 4 4 4 4 7 7 7 7 7 7 0 0 0 0 0 0 5 5 5 5 5
 5 5 0 0 0 0 0 0 4 4 4 8 8 8 8] 
distance [  0.          17.53554117 100.59930144 106.28043574 119.65604085
  44.14038373 120.61464888 150.92739494 203.75063841 251.04420404
 253.1447988    0.         159.31974669 198.87824016 222.12040578
 223.98613796  11.41460818  22.58786447  35.66313218  81.10870659
 103.10361272 164.36782159 196.38281471 198.9143275  201.73195559
 234.13264317   0.          73.45790906  90.98331553 100.59636455
 133.79875501 143.51811413  99.95365842 144.70329008 145.45638921
 146.12471099 167.3522102  194.54122607 195.40146775   0.
  48.18967889  83.44342896  97.39365997 106.55904765 116.05168486
  60.36558456  70.48958577 105.13749368  10.51101384  56.15192103
  62.96317605  70.14322404]
load: [ 0 13 18 34 55  8 14 31 36 61 85  0  3 19 29 36 18 43 65 78 35 54 57 71
 82 98  0 12 24 33 43 68 19 28 48 68 84 89 98  0 10 14 28 42 55 19 34 49
  8 29 48 61] 
time: [  0.         170.         222.4983558  389.         446.53267881
 203.         269.         434.         475.95303324 560.47986648
 585.6126672    0.         319.         414.58037591 468.0509582
 504.75914964  90.         130.         182.         211.1277655
 115.34683757 171.22731303 259.99237208 277.92157277 322.
 456.           0.         317.         399.         412.17329674
 444.30842905 483.33990632  72.         123.15799758 215.
 229.24054306 255.7678084  296.81114214 340.           0.
 200.         244.56978174 329.         378.         422.56770213
 408.04618793 443.         485.92676098 121.         156.03476658
 308.         337.56573587] 
time warps: [0 0 0 0 0 0 0 0 0 0 0 0 0 0 0 0 0 0 0 0 0 0 0 0 0 0 0 0 0 0 0 0 0 0 0 0 0
 0 0 0 0 0 0 0 0 0 0 0 0 0 0 0] 
duration: [  0.          23.53554117 123.59930144 296.93107135 333.30667646
  54.14038373 147.11428261 339.32452065 395.14776411 446.44132974
 471.5419245    0.         172.31974669 234.87824016 275.12040578
 280.98613796  12.41460818  64.77686183 113.0459972  165.49157161
 135.10361272 213.36782159 249.38281471 255.9143275  299.86253657
 442.05777309   0.          74.45790906 137.06841796 152.68146698
 198.88385744 226.60321655 120.95365842 167.70329008 238.30022472
 246.9685465  278.19604571 329.38506158 351.75040651   0.
  55.18967889 113.44342896 184.56359634 245.51903132 265.01166854
  80.36558456 128.75609355 181.40400145  17.51101384  73.15192103
 227.71811435 256.89816234]

All individuals: [(66, [10, 14, 12, 12,  7,  6,  3, 22, 41, 26, 18, 17, 40, 43, 19, 27, 48, 11, 10, 45, 34,  9, 42, 46, 44, 35, 37, 32,  5,  1, 28, 36, 16, 33, 13,  8, 29, 20,  4, 14, 31, 15, 25, 23, 30, 12, 21, 38,  2, 47, 24, 39], 1483.2310071 , 1524.31417211, 0., 2.06374505, 0., 0., 0, 0, 0.)
 (66, [10, 14, 12, 12,  7,  6,  3, 22, 41, 26, 18, 17, 40, 43, 19, 27, 48, 11, 10, 45, 34,  9, 42, 46, 44, 35, 37, 32,  5,  1, 28, 36, 16, 33, 13,  8, 29, 20,  4, 14, 31, 15, 25, 23, 30, 12, 21, 38,  2, 47, 24, 39], 1483.2310071 , 1524.31417211, 0., 2.06374505, 0., 0., 0, 0, 0.)
 (66, [10, 14, 12, 12,  7,  6,  3, 22, 41, 26, 18, 17, 40, 43, 19, 27, 48, 11, 10, 45, 34,  9, 42, 46, 44, 35, 37, 32,  5,  1, 28, 36, 16, 33, 13,  8, 29, 20,  4, 14, 31, 15, 25, 23, 30, 12, 21, 38,  2, 47, 24, 39], 1483.2310071 , 1524.31417211, 0., 2.06374505, 0., 0., 0, 0, 0.)
 (66, [10, 14, 12, 12,  7,  6,  3, 22, 41, 26, 18, 17, 40, 43, 19, 27, 48, 11, 10, 45, 34,  9, 42, 46, 44, 35, 37, 32,  5,  1, 28, 36, 16, 33, 13,  8, 29, 20,  4, 14, 31, 15, 25, 23, 30, 12, 21, 38,  2, 47, 24, 39], 1483.2310071 , 1524.31417211, 0., 2.06374505, 0., 0., 0, 0, 0.)
 (66, [10, 14, 12, 12,  7,  6,  3, 22, 41, 26, 18, 17, 40, 43, 19, 27, 48, 11, 10, 45, 34,  9, 42, 46, 44, 35, 37, 32,  5,  1, 28, 36, 16, 33, 13,  8, 29, 20,  4, 14, 31, 15, 25, 23, 30, 12, 21, 38,  2, 47, 24, 39], 1483.2310071 , 1524.31417211, 0., 2.06374505, 0., 0., 0, 0, 0.)
 (66, [10, 14, 12, 12,  7,  6,  3, 22, 41, 26, 18, 17, 40, 43, 19, 27, 48, 11, 10, 45, 34,  9, 42, 46, 44, 35, 37, 32,  5,  1, 28, 36, 16, 33, 13,  8, 29, 20,  4, 14, 31, 15, 25, 23, 30, 12, 21, 38,  2, 47, 24, 39], 1483.2310071 , 1524.31417211, 0., 2.06374505, 0., 0., 0, 0, 0.)
 (66, [10, 14, 12, 12,  7,  6,  3, 22, 41, 26, 18, 17, 40, 43, 19, 27, 48, 11, 10, 45, 34,  9, 42, 46, 44, 35, 37, 32,  5,  1, 28, 36, 16, 33, 13,  8, 29, 20,  4, 14, 31, 15, 25, 23, 30, 12, 21, 38,  2, 47, 24, 39], 1483.2310071 , 1524.31417211, 0., 2.06374505, 0., 0., 0, 0, 0.)
 (66, [10, 14, 12, 12,  7,  6,  3, 22, 41, 26, 18, 17, 40, 43, 19, 27, 48, 11, 10, 45, 34,  9, 42, 46, 44, 35, 37, 32,  5,  1, 28, 36, 16, 33, 13,  8, 29, 20,  4, 14, 31, 15, 25, 23, 30, 12, 21, 38,  2, 47, 24, 39], 1483.2310071 , 1524.31417211, 0., 2.06374505, 0., 0., 0, 0, 0.)
 (66, [10, 14, 12, 12,  7,  6,  3, 22, 41, 26, 18, 17, 40, 43, 19, 27, 48, 11, 10, 45, 34,  9, 42, 46, 44, 35, 37, 32,  5,  1, 28, 36, 16, 33, 13,  8, 29, 20,  4, 14, 31, 15, 25, 23, 30, 12, 21, 38,  2, 47, 24, 39], 1483.2310071 , 1524.31417211, 0., 2.06374505, 0., 0., 0, 0, 0.)
 (66, [10, 14, 12, 12,  7,  6,  3, 22, 41, 26, 18, 17, 40, 43, 19, 27, 48, 11, 10, 45, 34,  9, 42, 46, 44, 35, 37, 32,  5,  1, 28, 36, 16, 33, 13,  8, 29, 20,  4, 14, 31, 15, 25, 23, 30, 12, 21, 38,  2, 47, 24, 39], 1483.2310071 , 1524.31417211, 0., 2.06374505, 0., 0., 0, 0, 0.)
 (66, [10, 14, 12, 12,  7,  6,  3, 22, 41, 26, 18, 17, 40, 43, 19, 27, 48, 11, 10, 45, 34,  9, 42, 46, 44, 35, 37, 32,  5,  1, 28, 36, 16, 33, 13,  8, 29, 20,  4, 14, 31, 15, 25, 23, 30, 12, 21, 38,  2, 47, 24, 39], 1483.2310071 , 1524.31417211, 0., 2.06374505, 0., 0., 0, 0, 0.)
 (66, [10, 14, 12, 12,  7,  6,  3, 22, 41, 26, 18, 17, 40, 43, 19, 27, 48, 11, 10, 45, 34,  9, 42, 46, 44, 35, 37, 32,  5,  1, 28, 36, 16, 33, 13,  8, 29, 20,  4, 14, 31, 15, 25, 23, 30, 12, 21, 38,  2, 47, 24, 39], 1483.2310071 , 1524.31417211, 0., 2.06374505, 0., 0., 0, 0, 0.)
 (66, [10, 14, 12, 12,  7,  6,  3, 22, 41, 26, 18, 17, 40, 43, 19, 27, 48, 11, 10, 45, 34,  9, 42, 46, 44, 35, 37, 32,  5,  1, 28, 36, 16, 33, 13,  8, 29, 20,  4, 14, 31, 15, 25, 23, 30, 12, 21, 38,  2, 47, 24, 39], 1483.2310071 , 1524.31417211, 0., 2.06374505, 0., 0., 0, 0, 0.)
 (66, [10, 14, 12, 12,  7,  6,  3, 22, 41, 26, 18, 17, 40, 43, 19, 27, 48, 11, 10, 45, 34,  9, 42, 46, 44, 35, 37, 32,  5,  1, 28, 36, 16, 33, 13,  8, 29, 20,  4, 14, 31, 15, 25, 23, 30, 12, 21, 38,  2, 47, 24, 39], 1483.2310071 , 1524.31417211, 0., 2.06374505, 0., 0., 0, 0, 0.)
 (66, [10, 14, 12, 12,  7,  6,  3, 22, 41, 26, 18, 17, 40, 43, 19, 27, 48, 11, 10, 45, 34,  9, 42, 46, 44, 35, 37, 32,  5,  1, 28, 36, 16, 33, 13,  8, 29, 20,  4, 14, 31, 15, 25, 23, 30, 12, 21, 38,  2, 47, 24, 39], 1483.2310071 , 1524.31417211, 0., 2.06374505, 0., 0., 0, 0, 0.)
 (66, [10, 14, 12, 12,  7,  6,  3, 22, 41, 26, 18, 17, 40, 43, 19, 27, 48, 11, 10, 45, 34,  9, 42, 46, 44, 35, 37, 32,  5,  1, 28, 36, 16, 33, 13,  8, 29, 20,  4, 14, 31, 15, 25, 23, 30, 12, 21, 38,  2, 47, 24, 39], 1483.2310071 , 1524.31417211, 0., 2.06374505, 0., 0., 0, 0, 0.)
 (66, [10, 14, 12, 12,  7,  6,  3, 22, 41, 26, 18, 17, 40, 43, 19, 27, 48, 11, 10, 45, 34,  9, 42, 46, 44, 35, 37, 32,  5,  1, 28, 36, 16, 33, 13,  8, 29, 20,  4, 14, 31, 15, 25, 23, 30, 12, 21, 38,  2, 47, 24, 39], 1483.2310071 , 1524.31417211, 0., 2.06374505, 0., 0., 0, 0, 0.)
 (66, [10, 14, 12, 12,  7,  6,  3, 22, 41, 26, 18, 17, 40, 43, 19, 27, 48, 11, 10, 45, 34,  9, 42, 46, 44, 35, 37, 32,  5,  1, 28, 36, 16, 33, 13,  8, 29, 20,  4, 14, 31, 15, 25, 23, 30, 12, 21, 38,  2, 47, 24, 39], 1483.2310071 , 1524.31417211, 0., 2.06374505, 0., 0., 0, 0, 0.)
 (66, [10, 14, 12, 12,  7,  6,  3, 22, 41, 26, 18, 17, 40, 43, 19, 27, 48, 11, 10, 45, 34,  9, 42, 46, 44, 35, 37, 32,  5,  1, 28, 36, 16, 33, 13,  8, 29, 20,  4, 14, 31, 15, 25, 23, 30, 12, 21, 38,  2, 47, 24, 39], 1483.2310071 , 1524.31417211, 0., 2.06374505, 0., 0., 0, 0, 0.)
 (66, [10, 14, 12, 12,  7,  6,  3, 22, 41, 26, 18, 17, 40, 43, 19, 27, 48, 11, 10, 45, 34,  9, 42, 46, 44, 35, 37, 32,  5,  1, 28, 36, 16, 33, 13,  8, 29, 20,  4, 14, 31, 15, 25, 23, 30, 12, 21, 38,  2, 47, 24, 39], 1483.2310071 , 1524.31417211, 0., 2.06374505, 0., 0., 0, 0, 0.)
 (66, [10, 14, 12, 12,  7,  6,  3, 22, 41, 26, 18, 17, 40, 43, 19, 27, 48, 11, 10, 45, 34,  9, 42, 46, 44, 35, 37, 32,  5,  1, 28, 36, 16, 33, 13,  8, 29, 20,  4, 14, 31, 15, 25, 23, 30, 12, 21, 38,  2, 47, 24, 39], 1483.2310071 , 1524.31417211, 0., 2.06374505, 0., 0., 0, 0, 0.)
 (66, [10, 14, 12, 12,  7,  6,  3, 22, 41, 26, 18, 17, 40, 43, 19, 27, 48, 11, 10, 45, 34,  9, 42, 46, 44, 35, 37, 32,  5,  1, 28, 36, 16, 33, 13,  8, 29, 20,  4, 14, 31, 15, 25, 23, 30, 12, 21, 38,  2, 47, 24, 39], 1483.2310071 , 1524.31417211, 0., 2.06374505, 0., 0., 0, 0, 0.)
 (66, [10, 14, 12, 12,  7,  6,  3, 22, 41, 26, 18, 17, 40, 43, 19, 27, 48, 11, 10, 45, 34,  9, 42, 46, 44, 35, 37, 32,  5,  1, 28, 36, 16, 33, 13,  8, 29, 20,  4, 14, 31, 15, 25, 23, 30, 12, 21, 38,  2, 47, 24, 39], 1483.2310071 , 1524.31417211, 0., 2.06374505, 0., 0., 0, 0, 0.)
 (66, [10, 14, 12, 12,  7,  6,  3, 22, 41, 26, 18, 17, 40, 43, 19, 27, 48, 11, 10, 45, 34,  9, 42, 46, 44, 35, 37, 32,  5,  1, 28, 36, 16, 33, 13,  8, 29, 20,  4, 14, 31, 15, 25, 23, 30, 12, 21, 38,  2, 47, 24, 39], 1483.2310071 , 1524.31417211, 0., 2.06374505, 0., 0., 0, 0, 0.)
 (66, [10, 14, 12, 12,  7,  6,  3, 22, 41, 26, 18, 17, 40, 43, 19, 27, 48, 11, 10, 45, 34,  9, 42, 46, 44, 35, 37, 32,  5,  1, 28, 36, 16, 33, 13,  8, 29, 20,  4, 14, 31, 15, 25, 23, 30, 12, 21, 38,  2, 47, 24, 39], 1483.2310071 , 1524.31417211, 0., 2.06374505, 0., 0., 0, 0, 0.)
 (66, [10, 14, 12, 12,  7,  6,  3, 22, 41, 26, 18, 17, 40, 43, 19, 27, 48, 11, 10, 45, 34,  9, 42, 46, 44, 35, 37, 32,  5,  1, 28, 36, 16, 33, 13,  8, 29, 20,  4, 14, 31, 15, 25, 23, 30, 12, 21, 38,  2, 47, 24, 39], 1483.2310071 , 1524.31417211, 0., 2.06374505, 0., 0., 0, 0, 0.)
 (66, [10, 14, 12, 12,  7,  6,  3, 22, 41, 26, 18, 17, 40, 43, 19, 27, 48, 11, 10, 45, 34,  9, 42, 46, 44, 35, 37, 32,  5,  1, 28, 36, 16, 33, 13,  8, 29, 20,  4, 14, 31, 15, 25, 23, 30, 12, 21, 38,  2, 47, 24, 39], 1483.2310071 , 1524.31417211, 0., 2.06374505, 0., 0., 0, 0, 0.)
 (66, [10, 14, 12, 12,  7,  6,  3, 22, 41, 26, 18, 17, 40, 43, 19, 27, 48, 11, 10, 45, 34,  9, 42, 46, 44, 35, 37, 32,  5,  1, 28, 36, 16, 33, 13,  8, 29, 20,  4, 14, 31, 15, 25, 23, 30, 12, 21, 38,  2, 47, 24, 39], 1483.2310071 , 1524.31417211, 0., 2.06374505, 0., 0., 0, 0, 0.)
 (66, [10, 14, 12, 12,  7,  6,  3, 22, 41, 26, 18, 17, 40, 43, 19, 27, 48, 11, 10, 45, 34,  9, 42, 46, 44, 35, 37, 32,  5,  1, 28, 36, 16, 33, 13,  8, 29, 20,  4, 14, 31, 15, 25, 23, 30, 12, 21, 38,  2, 47, 24, 39], 1483.2310071 , 1524.31417211, 0., 2.06374505, 0., 0., 0, 0, 0.)
 (66, [10, 14, 12, 12,  7,  6,  3, 22, 41, 26, 18, 17, 40, 43, 19, 27, 48, 11, 10, 45, 34,  9, 42, 46, 44, 35, 37, 32,  5,  1, 28, 36, 16, 33, 13,  8, 29, 20,  4, 14, 31, 15, 25, 23, 30, 12, 21, 38,  2, 47, 24, 39], 1483.2310071 , 1524.31417211, 0., 2.06374505, 0., 0., 0, 0, 0.)
 (66, [10, 14, 12, 12,  7,  6,  3, 22, 41, 26, 18, 17, 40, 43, 19, 27, 48, 11, 10, 45, 34,  9, 42, 46, 44, 35, 37, 32,  5,  1, 28, 36, 16, 33, 13,  8, 29, 20,  4, 14, 31, 15, 25, 23, 30, 12, 21, 38,  2, 47, 24, 39], 1483.2310071 , 1524.31417211, 0., 2.06374505, 0., 0., 0, 0, 0.)
 (66, [10, 14, 12, 12,  7,  6,  3, 22, 41, 26, 18, 17, 40, 43, 19, 27, 48, 11, 10, 45, 34,  9, 42, 46, 44, 35, 37, 32,  5,  1, 28, 36, 16, 33, 13,  8, 29, 20,  4, 14, 31, 15, 25, 23, 30, 12, 21, 38,  2, 47, 24, 39], 1483.2310071 , 1524.31417211, 0., 2.06374505, 0., 0., 0, 0, 0.)
 (66, [10, 14, 12, 12,  7,  6,  3, 22, 41, 26, 18, 17, 40, 43, 19, 27, 48, 11, 10, 45, 34,  9, 42, 46, 44, 35, 37, 32,  5,  1, 28, 36, 16, 33, 13,  8, 29, 20,  4, 14, 31, 15, 25, 23, 30, 12, 21, 38,  2, 47, 24, 39], 1483.2310071 , 1524.31417211, 0., 2.06374505, 0., 0., 0, 0, 0.)
 (66, [10, 14, 12, 12,  7,  6,  3, 22, 41, 26, 18, 17, 40, 43, 19, 27, 48, 11, 10, 45, 34,  9, 42, 46, 44, 35, 37, 32,  5,  1, 28, 36, 16, 33, 13,  8, 29, 20,  4, 14, 31, 15, 25, 23, 30, 12, 21, 38,  2, 47, 24, 39], 1483.2310071 , 1524.31417211, 0., 2.06374505, 0., 0., 0, 0, 0.)
 (66, [10, 14, 12, 12,  7,  6,  3, 22, 41, 26, 18, 17, 40, 43, 19, 27, 48, 11, 10, 45, 34,  9, 42, 46, 44, 35, 37, 32,  5,  1, 28, 36, 16, 33, 13,  8, 29, 20,  4, 14, 31, 15, 25, 23, 30, 12, 21, 38,  2, 47, 24, 39], 1483.2310071 , 1524.31417211, 0., 2.06374505, 0., 0., 0, 0, 0.)
 (66, [10, 14, 12, 12,  7,  6,  3, 22, 41, 26, 18, 17, 40, 43, 19, 27, 48, 11, 10, 45, 34,  9, 42, 46, 44, 35, 37, 32,  5,  1, 28, 36, 16, 33, 13,  8, 29, 20,  4, 14, 31, 15, 25, 23, 30, 12, 21, 38,  2, 47, 24, 39], 1483.2310071 , 1524.31417211, 0., 2.06374505, 0., 0., 0, 0, 0.)
 (66, [10, 14, 12, 12,  7,  6,  3, 22, 41, 26, 18, 17, 40, 43, 19, 27, 48, 11, 10, 45, 34,  9, 42, 46, 44, 35, 37, 32,  5,  1, 28, 36, 16, 33, 13,  8, 29, 20,  4, 14, 31, 15, 25, 23, 30, 12, 21, 38,  2, 47, 24, 39], 1483.2310071 , 1524.31417211, 0., 2.06374505, 0., 0., 0, 0, 0.)
 (66, [10, 14, 12, 12,  7,  6,  3, 22, 41, 26, 18, 17, 40, 43, 19, 27, 48, 11, 10, 45, 34,  9, 42, 46, 44, 35, 37, 32,  5,  1, 28, 36, 16, 33, 13,  8, 29, 20,  4, 14, 31, 15, 25, 23, 30, 12, 21, 38,  2, 47, 24, 39], 1483.2310071 , 1524.31417211, 0., 2.06374505, 0., 0., 0, 0, 0.)
 (66, [10, 14, 12, 12,  7,  6,  3, 22, 41, 26, 18, 17, 40, 43, 19, 27, 48, 11, 10, 45, 34,  9, 42, 46, 44, 35, 37, 32,  5,  1, 28, 36, 16, 33, 13,  8, 29, 20,  4, 14, 31, 15, 25, 23, 30, 12, 21, 38,  2, 47, 24, 39], 1483.2310071 , 1524.31417211, 0., 2.06374505, 0., 0., 0, 0, 0.)
 (66, [10, 14, 12, 12,  7,  6,  3, 22, 41, 26, 18, 17, 40, 43, 19, 27, 48, 11, 10, 45, 34,  9, 42, 46, 44, 35, 37, 32,  5,  1, 28, 36, 16, 33, 13,  8, 29, 20,  4, 14, 31, 15, 25, 23, 30, 12, 21, 38,  2, 47, 24, 39], 1483.2310071 , 1524.31417211, 0., 2.06374505, 0., 0., 0, 0, 0.)
 (66, [10, 14, 12, 12,  7,  6,  3, 22, 41, 26, 18, 17, 40, 43, 19, 27, 48, 11, 10, 45, 34,  9, 42, 46, 44, 35, 37, 32,  5,  1, 28, 36, 16, 33, 13,  8, 29, 20,  4, 14, 31, 15, 25, 23, 30, 12, 21, 38,  2, 47, 24, 39], 1483.2310071 , 1524.31417211, 0., 2.06374505, 0., 0., 0, 0, 0.)
 (66, [10, 14, 12, 12,  7,  6,  3, 22, 41, 26, 18, 17, 40, 43, 19, 27, 48, 11, 10, 45, 34,  9, 42, 46, 44, 35, 37, 32,  5,  1, 28, 36, 16, 33, 13,  8, 29, 20,  4, 14, 31, 15, 25, 23, 30, 12, 21, 38,  2, 47, 24, 39], 1483.2310071 , 1524.31417211, 0., 2.06374505, 0., 0., 0, 0, 0.)
 (66, [10, 14, 12, 12,  7,  6,  3, 22, 41, 26, 18, 17, 40, 43, 19, 27, 48, 11, 10, 45, 34,  9, 42, 46, 44, 35, 37, 32,  5,  1, 28, 36, 16, 33, 13,  8, 29, 20,  4, 14, 31, 15, 25, 23, 30, 12, 21, 38,  2, 47, 24, 39], 1483.2310071 , 1524.31417211, 0., 2.06374505, 0., 0., 0, 0, 0.)
 (66, [10, 14, 12, 12,  7,  6,  3, 22, 41, 26, 18, 17, 40, 43, 19, 27, 48, 11, 10, 45, 34,  9, 42, 46, 44, 35, 37, 32,  5,  1, 28, 36, 16, 33, 13,  8, 29, 20,  4, 14, 31, 15, 25, 23, 30, 12, 21, 38,  2, 47, 24, 39], 1483.2310071 , 1524.31417211, 0., 2.06374505, 0., 0., 0, 0, 0.)
 (66, [10, 14, 12, 12,  7,  6,  3, 22, 41, 26, 18, 17, 40, 43, 19, 27, 48, 11, 10, 45, 34,  9, 42, 46, 44, 35, 37, 32,  5,  1, 28, 36, 16, 33, 13,  8, 29, 20,  4, 14, 31, 15, 25, 23, 30, 12, 21, 38,  2, 47, 24, 39], 1483.2310071 , 1524.31417211, 0., 2.06374505, 0., 0., 0, 0, 0.)
 (66, [10, 14, 12, 12,  7,  6,  3, 22, 41, 26, 18, 17, 40, 43, 19, 27, 48, 11, 10, 45, 34,  9, 42, 46, 44, 35, 37, 32,  5,  1, 28, 36, 16, 33, 13,  8, 29, 20,  4, 14, 31, 15, 25, 23, 30, 12, 21, 38,  2, 47, 24, 39], 1483.2310071 , 1524.31417211, 0., 2.06374505, 0., 0., 0, 0, 0.)
 (66, [10, 14, 12, 12,  7,  6,  3, 22, 41, 26, 18, 17, 40, 43, 19, 27, 48, 11, 10, 45, 34,  9, 42, 46, 44, 35, 37, 32,  5,  1, 28, 36, 16, 33, 13,  8, 29, 20,  4, 14, 31, 15, 25, 23, 30, 12, 21, 38,  2, 47, 24, 39], 1483.2310071 , 1524.31417211, 0., 2.06374505, 0., 0., 0, 0, 0.)
 (66, [10, 14, 12, 12,  7,  6,  3, 22, 41, 26, 18, 17, 40, 43, 19, 27, 48, 11, 10, 45, 34,  9, 42, 46, 44, 35, 37, 32,  5,  1, 28, 36, 16, 33, 13,  8, 29, 20,  4, 14, 31, 15, 25, 23, 30, 12, 21, 38,  2, 47, 24, 39], 1483.2310071 , 1524.31417211, 0., 2.06374505, 0., 0., 0, 0, 0.)
 (66, [10, 14, 12, 12,  7,  6,  3, 22, 41, 26, 18, 17, 40, 43, 19, 27, 48, 11, 10, 45, 34,  9, 42, 46, 44, 35, 37, 32,  5,  1, 28, 36, 16, 33, 13,  8, 29, 20,  4, 14, 31, 15, 25, 23, 30, 12, 21, 38,  2, 47, 24, 39], 1483.2310071 , 1524.31417211, 0., 2.06374505, 0., 0., 0, 0, 0.)
 (66, [10, 14, 12, 12,  7,  6,  3, 22, 41, 26, 18, 17, 40, 43, 19, 27, 48, 11, 10, 45, 34,  9, 42, 46, 44, 35, 37, 32,  5,  1, 28, 36, 16, 33, 13,  8, 29, 20,  4, 14, 31, 15, 25, 23, 30, 12, 21, 38,  2, 47, 24, 39], 1483.2310071 , 1524.31417211, 0., 2.06374505, 0., 0., 0, 0, 0.)
 (66, [10, 14, 12, 12,  7,  6,  3, 22, 41, 26, 18, 17, 40, 43, 19, 27, 48, 11, 10, 45, 34,  9, 42, 46, 44, 35, 37, 32,  5,  1, 28, 36, 16, 33, 13,  8, 29, 20,  4, 14, 31, 15, 25, 23, 30, 12, 21, 38,  2, 47, 24, 39], 1483.2310071 , 1524.31417211, 0., 2.06374505, 0., 0., 0, 0, 0.)
 (66, [10, 14, 12, 12,  7,  6,  3, 22, 41, 26, 18, 17, 40, 43, 19, 27, 48, 11, 10, 45, 34,  9, 42, 46, 44, 35, 37, 32,  5,  1, 28, 36, 16, 33, 13,  8, 29, 20,  4, 14, 31, 15, 25, 23, 30, 12, 21, 38,  2, 47, 24, 39], 1483.2310071 , 1524.31417211, 0., 2.06374505, 0., 0., 0, 0, 0.)
 (66, [10, 14, 12, 12,  7,  6,  3, 22, 41, 26, 18, 17, 40, 43, 19, 27, 48, 11, 10, 45, 34,  9, 42, 46, 44, 35, 37, 32,  5,  1, 28, 36, 16, 33, 13,  8, 29, 20,  4, 14, 31, 15, 25, 23, 30, 12, 21, 38,  2, 47, 24, 39], 1483.2310071 , 1524.31417211, 0., 2.06374505, 0., 0., 0, 0, 0.)
 (66, [10, 14, 12, 12,  7,  6,  3, 22, 41, 26, 18, 17, 40, 43, 19, 27, 48, 11, 10, 45, 34,  9, 42, 46, 44, 35, 37, 32,  5,  1, 28, 36, 16, 33, 13,  8, 29, 20,  4, 14, 31, 15, 25, 23, 30, 12, 21, 38,  2, 47, 24, 39], 1483.2310071 , 1524.31417211, 0., 2.06374505, 0., 0., 0, 0, 0.)
 (66, [10, 14, 12, 12,  7,  6,  3, 22, 41, 26, 18, 17, 40, 43, 19, 27, 48, 11, 10, 45, 34,  9, 42, 46, 44, 35, 37, 32,  5,  1, 28, 36, 16, 33, 13,  8, 29, 20,  4, 14, 31, 15, 25, 23, 30, 12, 21, 38,  2, 47, 24, 39], 1483.2310071 , 1524.31417211, 0., 2.06374505, 0., 0., 0, 0, 0.)
 (66, [10, 14, 12, 12,  7,  6,  3, 22, 41, 26, 18, 17, 40, 43, 19, 27, 48, 11, 10, 45, 34,  9, 42, 46, 44, 35, 37, 32,  5,  1, 28, 36, 16, 33, 13,  8, 29, 20,  4, 14, 31, 15, 25, 23, 30, 12, 21, 38,  2, 47, 24, 39], 1483.2310071 , 1524.31417211, 0., 2.06374505, 0., 0., 0, 0, 0.)
 (66, [10, 14, 12, 12,  7,  6,  3, 22, 41, 26, 18, 17, 40, 43, 19, 27, 48, 11, 10, 45, 34,  9, 42, 46, 44, 35, 37, 32,  5,  1, 28, 36, 16, 33, 13,  8, 29, 20,  4, 14, 31, 15, 25, 23, 30, 12, 21, 38,  2, 47, 24, 39], 1483.2310071 , 1524.31417211, 0., 2.06374505, 0., 0., 0, 0, 0.)
 (66, [10, 14, 12, 12,  7,  6,  3, 22, 41, 26, 18, 17, 40, 43, 19, 27, 48, 11, 10, 45, 34,  9, 42, 46, 44, 35, 37, 32,  5,  1, 28, 36, 16, 33, 13,  8, 29, 20,  4, 14, 31, 15, 25, 23, 30, 12, 21, 38,  2, 47, 24, 39], 1483.2310071 , 1524.31417211, 0., 2.06374505, 0., 0., 0, 0, 0.)
 (66, [10, 14, 12, 12,  7,  6,  3, 22, 41, 26, 18, 17, 40, 43, 19, 27, 48, 11, 10, 45, 34,  9, 42, 46, 44, 35, 37, 32,  5,  1, 28, 36, 16, 33, 13,  8, 29, 20,  4, 14, 31, 15, 25, 23, 30, 12, 21, 38,  2, 47, 24, 39], 1483.2310071 , 1524.31417211, 0., 2.06374505, 0., 0., 0, 0, 0.)
 (66, [10, 14, 12, 12,  7,  6,  3, 22, 41, 26, 18, 17, 40, 43, 19, 27, 48, 11, 10, 45, 34,  9, 42, 46, 44, 35, 37, 32,  5,  1, 28, 36, 16, 33, 13,  8, 29, 20,  4, 14, 31, 15, 25, 23, 30, 12, 21, 38,  2, 47, 24, 39], 1483.2310071 , 1524.31417211, 0., 2.06374505, 0., 0., 0, 0, 0.)
 (66, [10, 14, 12, 12,  7,  6,  3, 22, 41, 26, 18, 17, 40, 43, 19, 27, 48, 11, 10, 45, 34,  9, 42, 46, 44, 35, 37, 32,  5,  1, 28, 36, 16, 33, 13,  8, 29, 20,  4, 14, 31, 15, 25, 23, 30, 12, 21, 38,  2, 47, 24, 39], 1483.2310071 , 1524.31417211, 0., 2.06374505, 0., 0., 0, 0, 0.)
 (66, [10, 14, 12, 12,  7,  6,  3, 22, 41, 26, 18, 17, 40, 43, 19, 27, 48, 11, 10, 45, 34,  9, 42, 46, 44, 35, 37, 32,  5,  1, 28, 36, 16, 33, 13,  8, 29, 20,  4, 14, 31, 15, 25, 23, 30, 12, 21, 38,  2, 47, 24, 39], 1483.2310071 , 1524.31417211, 0., 2.06374505, 0., 0., 0, 0, 0.)
 (66, [10, 14, 12, 12,  7,  6,  3, 22, 41, 26, 18, 17, 40, 43, 19, 27, 48, 11, 10, 45, 34,  9, 42, 46, 44, 35, 37, 32,  5,  1, 28, 36, 16, 33, 13,  8, 29, 20,  4, 14, 31, 15, 25, 23, 30, 12, 21, 38,  2, 47, 24, 39], 1483.2310071 , 1524.31417211, 0., 2.06374505, 0., 0., 0, 0, 0.)
 (66, [10, 14, 12, 12,  7,  6,  3, 22, 41, 26, 18, 17, 40, 43, 19, 27, 48, 11, 10, 45, 34,  9, 42, 46, 44, 35, 37, 32,  5,  1, 28, 36, 16, 33, 13,  8, 29, 20,  4, 14, 31, 15, 25, 23, 30, 12, 21, 38,  2, 47, 24, 39], 1483.2310071 , 1524.31417211, 0., 2.06374505, 0., 0., 0, 0, 0.)
 (66, [10, 14, 12, 12,  7,  6,  3, 22, 41, 26, 18, 17, 40, 43, 19, 27, 48, 11, 10, 45, 34,  9, 42, 46, 44, 35, 37, 32,  5,  1, 28, 36, 16, 33, 13,  8, 29, 20,  4, 14, 31, 15, 25, 23, 30, 12, 21, 38,  2, 47, 24, 39], 1483.2310071 , 1524.31417211, 0., 2.06374505, 0., 0., 0, 0, 0.)
 (66, [10, 14, 12, 12,  7,  6,  3, 22, 41, 26, 18, 17, 40, 43, 19, 27, 48, 11, 10, 45, 34,  9, 42, 46, 44, 35, 37, 32,  5,  1, 28, 36, 16, 33, 13,  8, 29, 20,  4, 14, 31, 15, 25, 23, 30, 12, 21, 38,  2, 47, 24, 39], 1483.2310071 , 1524.31417211, 0., 2.06374505, 0., 0., 0, 0, 0.)
 (66, [10, 14, 12, 12,  7,  6,  3, 22, 41, 26, 18, 17, 40, 43, 19, 27, 48, 11, 10, 45, 34,  9, 42, 46, 44, 35, 37, 32,  5,  1, 28, 36, 16, 33, 13,  8, 29, 20,  4, 14, 31, 15, 25, 23, 30, 12, 21, 38,  2, 47, 24, 39], 1483.2310071 , 1524.31417211, 0., 2.06374505, 0., 0., 0, 0, 0.)
 (66, [10, 14, 12, 12,  7,  6,  3, 22, 41, 26, 18, 17, 40, 43, 19, 27, 48, 11, 10, 45, 34,  9, 42, 46, 44, 35, 37, 32,  5,  1, 28, 36, 16, 33, 13,  8, 29, 20,  4, 14, 31, 15, 25, 23, 30, 12, 21, 38,  2, 47, 24, 39], 1483.2310071 , 1524.31417211, 0., 2.06374505, 0., 0., 0, 0, 0.)
 (66, [10, 14, 12, 12,  7,  6,  3, 22, 41, 26, 18, 17, 40, 43, 19, 27, 48, 11, 10, 45, 34,  9, 42, 46, 44, 35, 37, 32,  5,  1, 28, 36, 16, 33, 13,  8, 29, 20,  4, 14, 31, 15, 25, 23, 30, 12, 21, 38,  2, 47, 24, 39], 1483.2310071 , 1524.31417211, 0., 2.06374505, 0., 0., 0, 0, 0.)
 (66, [10, 14, 12, 12,  7,  6,  3, 22, 41, 26, 18, 17, 40, 43, 19, 27, 48, 11, 10, 45, 34,  9, 42, 46, 44, 35, 37, 32,  5,  1, 28, 36, 16, 33, 13,  8, 29, 20,  4, 14, 31, 15, 25, 23, 30, 12, 21, 38,  2, 47, 24, 39], 1483.2310071 , 1524.31417211, 0., 2.06374505, 0., 0., 0, 0, 0.)
 (66, [10, 14, 12, 12,  7,  6,  3, 22, 41, 26, 18, 17, 40, 43, 19, 27, 48, 11, 10, 45, 34,  9, 42, 46, 44, 35, 37, 32,  5,  1, 28, 36, 16, 33, 13,  8, 29, 20,  4, 14, 31, 15, 25, 23, 30, 12, 21, 38,  2, 47, 24, 39], 1483.2310071 , 1524.31417211, 0., 2.06374505, 0., 0., 0, 0, 0.)
 (66, [10, 14, 12, 12,  7,  6,  3, 22, 41, 26, 18, 17, 40, 43, 19, 27, 48, 11, 10, 45, 34,  9, 42, 46, 44, 35, 37, 32,  5,  1, 28, 36, 16, 33, 13,  8, 29, 20,  4, 14, 31, 15, 25, 23, 30, 12, 21, 38,  2, 47, 24, 39], 1483.2310071 , 1524.31417211, 0., 2.06374505, 0., 0., 0, 0, 0.)
 (66, [10, 14, 12, 12,  7,  6,  3, 22, 41, 26, 18, 17, 40, 43, 19, 27, 48, 11, 10, 45, 34,  9, 42, 46, 44, 35, 37, 32,  5,  1, 28, 36, 16, 33, 13,  8, 29, 20,  4, 14, 31, 15, 25, 23, 30, 12, 21, 38,  2, 47, 24, 39], 1483.2310071 , 1524.31417211, 0., 2.06374505, 0., 0., 0, 0, 0.)
 (66, [10, 14, 12, 12,  7,  6,  3, 22, 41, 26, 18, 17, 21, 43, 19, 27, 48, 11, 10, 45, 34,  9, 42, 46, 44, 35, 37, 32,  5,  1, 28, 36, 16, 33, 13,  8, 29, 20,  4, 14, 31, 15, 25, 23, 30, 12, 38, 40,  2, 47, 24, 39], 1487.34210019, 1542.28031181, 0., 0.        , 0., 0., 0, 0, 0.)
 (66, [10, 14, 12, 12,  7,  6,  3, 22, 41, 26, 18, 17, 21, 43, 19, 27, 48, 11, 10, 45, 34,  9, 42, 46, 44, 35, 37, 32,  5,  1, 28, 36, 16, 33, 13,  8, 29, 20,  4, 14, 31, 15, 25, 23, 30, 12, 38, 40,  2, 47, 24, 39], 1487.34210019, 1542.28031181, 0., 0.        , 0., 0., 0, 0, 0.)
 (66, [10, 14, 12, 12,  7,  6,  3, 22, 41, 26, 18, 17, 21, 43, 19, 27, 48, 11, 10, 45, 34,  9, 42, 46, 44, 35, 37, 32,  5,  1, 28, 36, 16, 33, 13,  8, 29, 20,  4, 14, 31, 15, 25, 23, 30, 12, 38, 40,  2, 47, 24, 39], 1487.34210019, 1542.28031181, 0., 0.        , 0., 0., 0, 0, 0.)
 (66, [10, 14, 12, 12,  7,  6,  3, 22, 41, 26, 18, 17, 21, 43, 19, 27, 48, 11, 10, 45, 34,  9, 42, 46, 44, 35, 37, 32,  5,  1, 28, 36, 16, 33, 13,  8, 29, 20,  4, 14, 31, 15, 25, 23, 30, 12, 38, 40,  2, 47, 24, 39], 1487.34210019, 1542.28031181, 0., 0.        , 0., 0., 0, 0, 0.)
 (66, [10, 14, 12, 12,  7,  6,  3, 22, 41, 26, 18, 17, 21, 43, 19, 27, 48, 11, 10, 45, 34,  9, 42, 46, 44, 35, 37, 32,  5,  1, 28, 36, 16, 33, 13,  8, 29, 20,  4, 14, 31, 15, 25, 23, 30, 12, 38, 40,  2, 47, 24, 39], 1487.34210019, 1542.28031181, 0., 0.        , 0., 0., 0, 0, 0.)
 (66, [10, 14, 12, 12,  7,  6,  3, 22, 41, 26, 18, 17, 21, 43, 19, 27, 48, 11, 10, 45, 34,  9, 42, 46, 44, 35, 37, 32,  5,  1, 28, 36, 16, 33, 13,  8, 29, 20,  4, 14, 31, 15, 25, 23, 30, 12, 38, 40,  2, 47, 24, 39], 1487.34210019, 1542.28031181, 0., 0.        , 0., 0., 0, 0, 0.)
 (66, [10, 14, 12, 12,  7,  6,  3, 22, 41, 26, 18, 17, 21, 43, 19, 27, 48, 11, 10, 45, 34,  9, 42, 46, 44, 35, 37, 32,  5,  1, 28, 36, 16, 33, 13,  8, 29, 20,  4, 14, 31, 15, 25, 23, 30, 12, 38, 40,  2, 47, 24, 39], 1487.34210019, 1542.28031181, 0., 0.        , 0., 0., 0, 0, 0.)
 (66, [10, 14, 12, 12,  7,  6,  3, 22, 41, 26, 18, 17, 21, 43, 19, 27, 48, 11, 10, 45, 34,  9, 42, 46, 44, 35, 37, 32,  5,  1, 28, 36, 16, 33, 13,  8, 29, 20,  4, 14, 31, 15, 25, 23, 30, 12, 38, 40,  2, 47, 24, 39], 1487.34210019, 1542.28031181, 0., 0.        , 0., 0., 0, 0, 0.)
 (66, [10, 14, 12, 12,  7,  6,  3, 22, 41, 26, 18, 17, 21, 43, 19, 27, 48, 11, 10, 45, 34,  9, 42, 46, 44, 35, 37, 32,  5,  1, 28, 36, 16, 33, 13,  8, 29, 20,  4, 14, 31, 15, 25, 23, 30, 12, 38, 40,  2, 47, 24, 39], 1487.34210019, 1542.28031181, 0., 0.        , 0., 0., 0, 0, 0.)
 (66, [10, 14, 12, 12,  7,  6,  3, 22, 41, 26, 18, 17, 21, 43, 19, 27, 48, 11, 10, 45, 34,  9, 42, 46, 44, 35, 37, 32,  5,  1, 28, 36, 16, 33, 13,  8, 29, 20,  4, 14, 31, 15, 25, 23, 30, 12, 38, 40,  2, 47, 24, 39], 1487.34210019, 1542.28031181, 0., 0.        , 0., 0., 0, 0, 0.)
 (66, [10, 14, 12, 12,  7,  6,  3, 22, 41, 26, 18, 17, 21, 43, 19, 27, 48, 11, 10, 45, 34,  9, 42, 46, 44, 35, 37, 32,  5,  1, 28, 36, 16, 33, 13,  8, 29, 20,  4, 14, 31, 15, 25, 23, 30, 12, 38, 40,  2, 47, 24, 39], 1487.34210019, 1542.28031181, 0., 0.        , 0., 0., 0, 0, 0.)
 (66, [10, 14, 12, 12,  7,  6,  3, 22, 41, 26, 18, 17, 40, 43, 19, 27, 48, 11, 10, 45, 34,  9, 42, 46, 44, 35, 37, 32,  5,  1, 28, 36, 16, 29, 13,  8, 33, 20,  4, 14, 31, 15, 25, 23, 30, 12, 21, 38,  2, 47, 24, 39], 1546.00587746, 1587.08904247, 0., 2.06374505, 0., 0., 0, 0, 0.)
 (66, [10, 14, 13, 11,  7,  6,  3, 22, 41, 20, 18, 17, 40, 43, 19, 27, 48, 11, 10, 45, 34,  9, 42, 46, 44, 35, 37, 32,  5,  1, 28, 36, 16, 33, 13,  8, 29, 26,  4, 14, 31, 15, 25, 23, 30, 12, 21, 38,  2, 47, 24, 39], 1617.73940068, 1658.82256569, 0., 2.06374505, 0., 0., 0, 0, 0.)
 (66, [10, 14, 12, 12,  7,  6,  3, 22, 41, 26, 18, 17, 40, 43, 19, 27, 48, 11, 10, 45, 34,  9, 42, 46, 44, 35, 37, 32,  5,  1, 28, 36, 16, 33, 13,  8, 29, 20,  4, 30, 14, 31, 15, 25, 23, 12, 21, 38,  2, 47, 24, 39], 1696.75624022, 1728.34676802, 0., 2.06374505, 0., 0., 0, 0, 0.)
 (66, [10, 15, 12, 11,  7, 22,  3,  6, 41, 26, 18, 17, 40, 43, 19, 27, 48, 11, 10, 45, 34,  9, 42, 46, 44, 35, 37, 32,  5,  1, 28, 36, 16, 33, 13,  8, 29, 20,  4, 14, 31, 15, 25, 23, 30, 12, 21, 38,  2, 47, 24, 39], 1744.92776755, 1984.70307983, 0., 2.06374505, 0., 0., 0, 0, 0.)
 (66, [10, 14, 12, 12,  7,  6,  3, 22, 41, 26, 18, 17, 40, 43, 19, 27, 48, 11, 10, 45,  9, 42, 46, 44, 35, 37, 32,  5,  1, 28, 36, 16, 33, 13,  8, 29, 20,  4, 14, 34, 31, 15, 25, 23, 30, 12, 21, 38,  2, 47, 24, 39], 1748.36568069, 1802.0773781 , 0., 2.06374505, 0., 0., 0, 0, 0.)
 (66, [10, 14, 12, 12,  7,  6,  3, 22, 41, 26, 18, 17, 43, 19, 27, 48, 11, 10, 45, 34,  9, 42, 46, 44, 35, 37, 32,  5,  1, 28, 36, 16, 33, 13,  8, 29, 20,  4, 14, 31, 15, 25, 23, 30, 40, 12, 21, 38,  2, 47, 24, 39], 1754.83047714, 1800.27605155, 0., 0.        , 0., 0., 0, 0, 0.)
 (66, [10, 14, 12, 12,  7,  6, 23, 22, 41, 26, 18, 17, 40, 43, 19, 27, 48, 11, 10, 45, 34,  9, 42, 46, 44, 35, 37, 32,  5,  1, 28, 36, 16, 33, 13,  8, 29, 20,  4, 14, 31, 15, 25,  3, 30, 12, 21, 38,  2, 47, 24, 39], 1762.71392169, 1794.30444949, 0., 2.06374505, 0., 0., 0, 0, 0.)
 (66, [10, 14, 12, 12,  7,  6,  3, 22, 41, 26, 18, 17, 40, 43, 19, 27, 48, 11, 10, 45, 34,  9, 42, 46, 44, 35, 37, 32,  5,  1, 28, 36, 16, 33, 13,  8, 29, 21, 20,  4, 14, 31, 15, 25, 23, 30, 12, 38,  2, 47, 24, 39], 1790.043693  , 1831.12685801, 0., 2.06374505, 0., 0., 0, 0, 0.)
 (66, [10, 14, 12, 12,  7,  6,  3, 29, 41, 26, 18, 17, 40, 43, 19, 27, 48, 11, 10, 45, 34,  9, 42, 46, 44, 35, 37, 32,  5,  1, 28, 36, 16, 33, 13,  8, 22, 20,  4, 14, 31, 15, 25, 23, 30, 12, 21, 38,  2, 47, 24, 39], 1805.35510753, 2006.04852723, 0., 2.06374505, 0., 0., 0, 0, 0.)
 (66, [11, 13, 14, 10,  7,  6,  3, 22, 41, 26, 18,  2, 40, 43, 19, 27, 48, 11, 10, 45, 34,  9, 42, 46, 44, 35, 37, 32,  5,  1, 28, 36, 16, 33, 13,  8, 29, 20,  4, 14, 31, 15, 25, 23, 30, 12, 21, 38, 17, 47, 24, 39], 1826.57193988, 1974.66890759, 0., 0.        , 0., 0., 0, 0, 0.)
 (66, [12, 13, 12, 11,  7,  6,  3, 22, 41, 26, 18, 17, 40, 43, 19, 27, 48, 11, 10, 45, 34,  9, 42, 46, 44, 35, 37, 32,  5,  1, 28, 36, 16, 33, 13,  8, 29, 20,  4, 14, 31, 15, 47, 23, 30, 12, 21, 38,  2, 25, 24, 39], 1830.52809605, 1913.42605933, 0., 2.06374505, 0., 0., 0, 0, 0.)
 (66, [10, 14, 12, 12,  7,  6,  3, 22, 41, 26, 18, 17, 40, 43, 19, 27, 48, 11, 10, 45, 34,  9, 42, 46, 44, 35, 37, 32,  5,  1, 28, 36, 16, 33, 13,  8, 29, 21,  4, 14, 31, 15, 25, 23, 30, 12, 20, 38,  2, 47, 24, 39], 1849.3910577 , 1890.47422271, 0., 2.06374505, 0., 0., 0, 0, 0.)
 (66, [10, 13, 12, 13,  7,  6,  3, 22, 41, 26, 18, 17, 40, 43, 19, 27, 48, 11, 24, 45, 34,  9, 42, 46, 44, 35, 37, 32,  5,  1, 28, 36, 16, 33, 13,  8, 29, 20,  4, 14, 31, 15, 25, 23, 30, 12, 21, 38,  2, 47, 10, 39], 1891.84022844, 1978.56430064, 0., 2.06374505, 0., 0., 0, 0, 0.)
 (66, [10, 12, 13, 13,  7,  6,  3, 22, 41, 26, 18, 17, 40, 43, 19, 27, 48, 38, 10, 45, 34,  9, 42, 46, 44, 35, 37, 32,  5,  1, 28, 36, 16, 33, 13,  8, 29, 20,  4, 14, 31, 15, 25, 23, 30, 12, 21, 11,  2, 47, 24, 39], 1926.4582248 , 1967.54138982, 0., 2.06374505, 0., 0., 0, 0, 0.)
 (66, [10, 14, 12, 12,  7,  6,  3, 47, 41, 26, 18, 17, 43, 19, 27, 48, 11, 10, 45, 34,  9, 42, 46, 44, 35, 37, 32,  5,  1, 28, 36, 16, 33, 13,  8, 29, 20,  4, 14, 31, 15, 25, 23, 30, 12, 21, 40, 38,  2, 22, 24, 39], 1928.07742381, 2161.95738943, 0., 0.        , 0., 0., 0, 0, 0.)
 (66, [10, 14, 12, 12,  7,  6,  3, 22, 41, 26, 18, 17, 40, 43, 19,  8, 48, 11, 10, 45, 34,  9, 42, 46, 44, 35, 37, 32,  5,  1, 28, 36, 16, 33, 13, 27, 29, 20,  4, 14, 31, 15, 25, 23, 30, 12, 21, 38,  2, 47, 24, 39], 1937.79493506, 1978.87810008, 0., 2.06374505, 0., 0., 0, 0, 0.)]