
Total Runtime in seconds: 542.3074474334717Parameters:
population_size: 50, max_generations: 150, executed generations: 149, threshold_no_improvement: 75
target feasible proportion: 12
fitness_scaling: power_rank, selection_method: n_tournaments
p_c: 0.9, p_m: 0.25, NOT YET p_education: 0.0
tournament_size: 2, n_elite: 8
survivor_selection_step: 10, p_selection_survival: 0.7
kill clone step: 5
diversify_step: 20, diversify_step: 20, p_diversify_survival: 0.3
n_closest_neighbors: 3, diversity_weight: 0.5, distance_method: broken_pairs_distance
capacity_penalty_factor: 2, duration_penalty_factor 2, time_window_penalty: 2
Best fitness all generations, best individual before/after local search: 1497.4771641976815, 1497.4771641976815 / 1497.4771641976815
Best individual found before local search: (43, [10, 17, 12, 13, 14,  6, 60, 27, 10, 33, 65, 71, 31, 20, 18, 36, 68, 12,  1, 64, 47, 23, 26, 51, 59, 49, 43,  7, 37, 61, 17, 41, 50, 69,  8, 54, 56, 16,  3, 22, 62, 34, 44, 45, 15, 52,  4, 55, 29, 72, 53, 46,  5, 57, 24, 63, 28, 13, 66, 30, 14, 67, 21, 40, 48, 42, 58,  6, 11, 19,  9, 70, 35,  2, 38, 39, 32, 25], 1497.4771642, 1497.4771642, 0., 0., 0., 1.33333333, 1, 50, 26.)
Best individual found after local search: (43, [10, 17, 12, 13, 14,  6, 60, 27, 10, 33, 65, 71, 31, 20, 18, 36, 68, 12,  1, 64, 47, 23, 26, 51, 59, 49, 43,  7, 37, 61, 17, 41, 50, 69,  8, 54, 56, 16,  3, 22, 62, 34, 44, 45, 15, 52,  4, 55, 29, 72, 53, 46,  5, 57, 24, 63, 28, 13, 66, 30, 14, 67, 21, 40, 48, 42, 58,  6, 11, 19,  9, 70, 35,  2, 38, 39, 32, 25], 1497.4771642, 1497.4771642, 0., 0., 0., 1.33333333, 1, 50, 26.)
Best feasible individual found: (43, [10, 17, 12, 13, 14,  6, 60, 27, 10, 33, 65, 71, 31, 20, 18, 36, 68, 12,  1, 64, 47, 23, 26, 51, 59, 49, 43,  7, 37, 61, 17, 41, 50, 69,  8, 54, 56, 16,  3, 22, 62, 34, 44, 45, 15, 52,  4, 55, 29, 72, 53, 46,  5, 57, 24, 63, 28, 13, 66, 30, 14, 67, 21, 40, 48, 42, 58,  6, 11, 19,  9, 70, 35,  2, 38, 39, 32, 25], 1497.4771642, 1497.4771642, 0., 0., 0., 1.33333333, 1, 50, 26.)

Fitness stats min: [1573.17075248 1525.73172059 1525.25307575 1525.25307575 1525.25307575
 1525.25307575 1523.03651548 1523.03651548 1515.77664551 1515.77664551
 1515.77664551 1515.77664551 1515.77664551 1515.77664551 1508.53672327
 1508.53672327 1508.53672327 1508.53672327 1508.53672327 1508.53672327
 1508.53672327 1508.53672327 1508.53672327 1508.53672327 1508.53672327
 1508.53672327 1508.53672327 1508.53672327 1508.53672327 1508.53672327
 1508.53672327 1508.53672327 1508.53672327 1508.47645767 1508.1450361
 1508.1450361  1508.1450361  1508.1450361  1508.1450361  1508.1450361
 1508.1450361  1508.1450361  1508.1450361  1508.1450361  1508.1450361
 1508.1450361  1508.1450361  1508.1450361  1508.1450361  1508.1450361
 1508.1450361  1508.1450361  1508.1450361  1508.1450361  1508.1450361
 1508.02984443 1508.02984443 1508.02984443 1508.02984443 1508.02984443
 1508.02984443 1508.02984443 1508.02984443 1508.02984443 1508.02984443
 1508.02984443 1508.02984443 1508.02984443 1508.02984443 1508.02984443
 1508.02984443 1508.02984443 1508.02984443 1508.02984443 1508.02984443
 1508.02984443 1508.02984443 1508.02984443 1508.02984443 1508.02984443
 1508.02984443 1508.02984443 1508.02984443 1508.02984443 1508.02984443
 1508.02984443 1508.02984443 1508.02984443 1508.02984443 1508.02984443
 1508.02984443 1508.02984443 1508.02984443 1508.02984443 1508.02984443
 1508.02984443 1508.02984443 1508.02984443 1508.02984443 1508.02984443
 1508.02984443 1508.02984443 1508.02984443 1508.02984443 1508.02984443
 1508.02984443 1508.02984443 1508.02984443 1508.02984443 1508.02984443
 1508.02984443 1508.02984443 1508.02984443 1508.02984443 1508.02984443
 1508.02984443 1508.02984443 1508.02984443 1508.02984443 1508.02984443
 1508.02984443 1508.02984443 1508.02984443 1508.02984443 1508.02984443
 1508.02984443 1508.02984443 1508.02984443 1500.10671348 1497.4771642
 1497.4771642  1497.4771642  1497.4771642  1497.4771642  1497.4771642
 1497.4771642  1497.4771642  1497.4771642  1497.4771642  1497.4771642
 1497.4771642  1497.4771642  1497.4771642  1497.4771642  1497.4771642
 1497.4771642  1497.4771642  1497.4771642  1497.4771642  1497.4771642 ] 

Fitness stats feasible min: [1573.17075248 1525.73172059 1525.25307575 1525.25307575 1525.25307575
 1525.25307575 1523.03651548 1523.03651548 1515.77664551 1515.77664551
 1515.77664551 1515.77664551 1515.77664551 1515.77664551 1508.53672327
 1508.53672327 1508.53672327 1508.53672327 1508.53672327 1508.53672327
 1508.53672327 1508.53672327 1508.53672327 1508.53672327 1508.53672327
 1508.53672327 1508.53672327 1508.53672327 1508.53672327 1508.53672327
 1508.53672327 1508.53672327 1508.53672327 1508.53672327 1508.47645767
 1508.53672327 1508.53672327 1508.53672327 1508.1450361  1508.1450361
 1508.1450361  1508.1450361  1508.1450361  1508.1450361  1508.1450361
 1508.1450361  1508.1450361  1508.1450361  1508.1450361  1508.1450361
 1508.1450361  1508.1450361  1508.1450361  1508.1450361  1508.1450361
 1508.1450361  1508.1450361  1508.1450361  1508.1450361  1508.1450361
 1508.1450361  1508.1450361  1508.02984443 1508.02984443 1508.02984443
 1508.02984443 1508.02984443 1508.02984443 1508.02984443 1508.02984443
 1508.02984443 1508.02984443 1508.02984443 1508.02984443 1508.02984443
 1508.02984443 1508.02984443 1508.02984443 1508.02984443 1508.02984443
 1508.02984443 1508.02984443 1508.02984443 1508.02984443 1508.02984443
 1508.02984443 1508.02984443 1508.02984443 1508.02984443 1508.02984443
 1508.02984443 1508.02984443 1508.02984443 1508.02984443 1508.02984443
 1508.02984443 1508.02984443 1508.02984443 1508.02984443 1508.02984443
 1508.02984443 1508.02984443 1508.02984443 1508.02984443 1508.02984443
 1508.02984443 1508.02984443 1508.02984443 1508.02984443 1508.02984443
 1508.02984443 1508.02984443 1508.02984443 1508.02984443 1508.02984443
 1508.02984443 1508.02984443 1508.02984443 1508.02984443 1508.02984443
 1508.02984443 1508.02984443 1508.02984443 1508.02984443 1508.02984443
 1508.02984443 1508.02984443 1508.02984443 1500.10671348 1497.4771642
 1497.4771642  1497.4771642  1497.4771642  1497.4771642  1497.4771642
 1497.4771642  1497.4771642  1497.4771642  1497.4771642  1497.4771642
 1497.4771642  1497.4771642  1497.4771642  1497.4771642  1497.4771642
 1497.4771642  1497.4771642  1497.4771642  1497.4771642  1497.4771642 ] 

Fitness stats avg: [2197.22061959 2138.64357822 1948.61700655 1870.47318409 1879.39039576
 2022.4481809  1930.8375751  1815.99785269 1680.85841892 1671.10858765
 3580.19193659 2483.74056775 1930.62049859 1716.0950912  1618.38964767
 3500.55007402 2143.59273368 1923.60458516 1776.96561306 1586.10897553
 4092.22670645 2614.62966553 1833.94870376 1758.8901199  1630.17025097
 4260.44287355 2786.18911842 2118.6536204  1809.25279756 1718.01964186
 2878.26157471 1952.417445   1797.79387518 1709.2815267  1610.13029788
 5297.46629747 4578.24934121 3348.74411541 2247.45057935 1905.48109974
 4020.07847305 2870.06232861 2131.50417617 1833.94678369 1759.41873941
 4127.38097096 2624.50302113 2075.81855781 1790.61022288 1730.05438647
 4387.62292942 2839.24255694 1955.75355738 1673.67179093 1670.42136903
 5287.13383044 3921.76937407 2801.72833303 2085.98719105 1942.69068121
 4067.75511127 2696.34672428 1859.41040173 1695.80757957 1670.30737203
 4592.9251578  3301.15640261 2457.38030488 2082.06743819 1821.52980356
 4062.82030279 2543.75284449 1930.81847662 1786.5705063  1709.6347594
 5237.60226912 4060.09566996 2582.29332803 2084.39681809 1760.63470031
 3582.24529177 2026.24958905 1791.98805954 1785.28582795 1744.05103419
 4805.91478824 3591.97012036 2542.03840725 2053.62751725 1747.34828667
 3141.82251458 1882.64557605 1765.63039954 1637.64264091 1683.06065604
 5565.83296432 4203.536027   2906.8306175  2181.44074547 1910.5190143
 3891.78330987 2673.22275067 2085.18048675 1910.00389968 1713.48538477
 3474.04945304 2345.83772502 2069.17545107 1800.72664513 1791.39013166
 3474.74025065 2524.01591366 2008.1829217  1761.88875522 1721.21756032
 5301.8500708  4677.62585521 3384.33852819 2625.9897455  1964.19342919
 3782.42848051 2341.42412923 1836.31212377 1734.63079471 1736.90061151
 4229.77535335 3016.74105872 2022.15914832 1683.87897179 1630.38264329
 3556.19058175 2459.59415087 1853.17696042 1723.67882286 1685.69773213
 4042.05833363 2739.47505491 2133.51769037 1769.6918822  1707.75669157
 3351.20825889 2231.56040059 1755.75294474 1715.78808651 1649.04973676
 5514.29662427 4937.38912948 3752.58204476 2515.02207156 2113.00800149] 

Feasible stats: [( 0., 50.) ( 0., 50.) (12., 38.) (12., 38.) (31., 19.) (31., 19.)
 (30., 20.) (30., 20.) (29., 21.) (29., 21.) (39., 11.) (39., 11.)
 (29., 21.) (29., 21.) (42.,  8.) (42.,  8.) (24., 26.) (24., 26.)
 (34., 16.) (34., 16.) (39., 11.) (39., 11.) (30., 20.) (30., 20.)
 (40., 10.) (40., 10.) (18., 32.) (18., 32.) (29., 21.) (29., 21.)
 (39., 11.) (39., 11.) (39., 11.) (39., 11.) (43.,  7.) (43.,  7.)
 ( 5., 45.) ( 5., 45.) (15., 35.) (15., 35.) (36., 14.) (36., 14.)
 (17., 33.) (17., 33.) (35., 15.) (35., 15.) (16., 34.) (16., 34.)
 (32., 18.) (32., 18.) (39., 11.) (39., 11.) (25., 25.) (25., 25.)
 (38., 12.) (38., 12.) (10., 40.) (10., 40.) (22., 28.) (22., 28.)
 (32., 18.) (32., 18.) (21., 29.) (21., 29.) (36., 14.) (36., 14.)
 (12., 38.) (12., 38.) (22., 28.) (22., 28.) (36., 14.) (36., 14.)
 (31., 19.) (31., 19.) (42.,  8.) (42.,  8.) (10., 40.) (10., 40.)
 (32., 18.) (32., 18.) (45.,  5.) (45.,  5.) (34., 16.) (34., 16.)
 (41.,  9.) (41.,  9.) (13., 37.) (13., 37.) (30., 20.) (30., 20.)
 (43.,  7.) (43.,  7.) (39., 11.) (39., 11.) (47.,  3.) (47.,  3.)
 ( 9., 41.) ( 9., 41.) (25., 25.) (25., 25.) (42.,  8.) (42.,  8.)
 (26., 24.) (26., 24.) (42.,  8.) (42.,  8.) (23., 27.) (23., 27.)
 (35., 15.) (35., 15.) (44.,  6.) (44.,  6.) (28., 22.) (28., 22.)
 (41.,  9.) (41.,  9.) ( 7., 43.) ( 7., 43.) (17., 33.) (17., 33.)
 (34., 16.) (34., 16.) (32., 18.) (32., 18.) (39., 11.) (39., 11.)
 (16., 34.) (16., 34.) (36., 14.) (36., 14.) (38., 12.) (38., 12.)
 (27., 23.) (27., 23.) (35., 15.) (35., 15.) (15., 35.) (15., 35.)
 (33., 17.) (33., 17.) (37., 13.) (37., 13.) (27., 23.) (27., 23.)
 (46.,  4.) (46.,  4.) ( 7., 43.) ( 7., 43.) (15., 35.) (15., 35.)] 
Solution Description: 
p: [  0.          35.39367881  41.90138916  87.66827072 139.08878121
 142.97141341 169.16317466 196.89112799 204.4952822  212.35524177
 215.74631656   0.          11.27441067  18.01663466 136.81066726
 139.95043179 140.11310372 163.80605309 169.10058879 193.38568092
 213.91420908 226.08706228 230.99173264 239.01896848 272.103417
 278.08942545 306.9870495  334.20050106 391.32077798   0.
  15.41207475  33.64055543  57.3766021   67.56392192  90.27509102
  90.29369806  95.33325771 127.0525799  134.11926171 137.7382557
 180.84119207 198.76990253   0.           2.08521749  23.26474579
  44.44705725  57.3576986  111.26357135 111.97831423 116.66303653
 199.04307356 305.99759883 307.89494066 310.95624721 310.97525991
 335.46174204   0.          10.35822321  20.13765971  31.55311064
  50.30472057  77.59655028  94.91656011 100.55206353 132.92117041
 167.12400439 230.07168371 230.07648085 232.31966194 234.51250872
 245.50245797   0.          34.55766948  50.16032516  67.55187832
  74.1802414   99.66534946 110.67596711] 
pred: [ 0  0  0  0  0  0  0  6  6  6  6  0  0  0  0  0  0  0  0  7  7  7  7  7
  7  7 14 14 14  0  0  1  1  1  1  1  1  7  7  7  7  7  0  0  0  0  3  3
  3  3  7  7  7  7  7  7  0  0  0  2  2  2  2  2  7  7  7  7  7  7  7  0
  0  0  0  0  0  0] 
distance [  0.          35.39367881  41.90138916  87.66827072 139.08878121
 142.97141341 169.16317466  27.72795333  35.33210754  43.19206712
  46.5831419    0.          11.27441067  18.01663466 136.81066726
 139.95043179 140.11310372 163.80605309 169.10058879  24.28509213
  44.81362029  56.9864735   61.89114385  69.91837969 103.00282822
 108.98883666  28.89762405  56.11107561 113.23135254   0.
  15.41207475  18.22848068  41.96452735  52.15184717  74.86301627
  74.88162331  79.92118296  31.71932219  38.786004    42.40499799
  85.50793435 103.43664482   0.           2.08521749  23.26474579
  44.44705725  12.91064135  66.8165141   67.53125698  72.21597928
  82.38003702 189.33456229 191.23190413 194.29321068 194.31222338
 218.79870551   0.          10.35822321  20.13765971  11.41545093
  30.16706086  57.45889057  74.77890041  80.41440383  32.36910688
  66.57194085 129.51962018 129.52441732 131.76759841 133.96044519
 144.95039444   0.          34.55766948  50.16032516  67.55187832
  74.1802414   99.66534946 110.67596711]
load: [  0  25  29  41  51  71  90   9  13  20  30   0   4  29  49  62  84  91
 100  13  18  31  41  56  79  88   2  25  40   0  20  23  48  63  73  92
 107   2  20  32  44  69   0  20  30  37  22  42  52  55  18  20  28  52
  58  63   0  13  30   1  16  22  23  44  16  39  40  47  58  71  79   0
  21  27  50  61  86  96] 
time: [  0.         141.         160.         306.         350.35263406
 426.         488.58455483 281.         297.54750472 308.92871239
 342.12967778   0.         181.         198.752644   272.76236861
 317.93545503 351.46431393 425.         444.4444974   64.
 141.         275.         303.98618851 389.         412.74439119
 448.2361181   78.         255.         399.           0.
 235.          89.         111.         180.         270.
 475.         512.69400102 179.         210.70174434 247.
 282.7422726  366.           0.         182.         230.
 389.          60.         269.         456.         471.14681111
 159.         234.91784831 333.         377.3771551  403.36946641
 460.           0.          67.         267.          76.
 108.         203.         324.         413.         123.
 403.         464.85170983 503.23971681 535.96205331 546.47031167
 572.76331954   0.         111.         134.81423573 159.0719625
 178.78404537 223.92921174 394.        ] 
time warps: [0 0 0 0 0 0 0 0 0 0 0 0 0 0 0 0 0 0 0 0 0 0 0 0 0 0 0 0 0 0 0 0 0 0 0 0 0
 0 0 0 0 0 0 0 0 0 0 0 0 0 0 0 0 0 0 0 0 0 0 0 0 0 0 0 0 0 0 0 0 0 0 0 0 0
 0 0 0 0] 
duration: [  0.          37.39367881  69.17553951 235.81400473 308.23451522
 365.21423414 402.40599538  37.72795333  51.33210754  77.19206712
 103.5831419    0.          25.27441067  46.01663466 172.81066726
 200.95043179 213.11310372 287.56222507 316.85676076  38.28509213
 115.00943913 254.9565408  269.86121116 353.87055289 407.95500141
 416.94100986  38.89762405 225.42361562 397.51797334   0.
  35.41207475  19.22848068  61.35332752 128.02599323 239.41567959
 445.30984852 454.34940817  52.71932219  80.786004   104.38024999
 167.48318635 245.67811773   0.          25.08521749  66.79808368
 241.73434623  37.91064135 273.01652228 430.73833566 444.42305796
  95.38003702 227.33456229 303.08069213 307.14199867 325.16101138
 379.8207675    0.          31.35822321 234.20555658  24.41545093
  77.43927545 153.17768908 294.80044577 363.11109939  48.36910688
 348.73167066 417.67934999 442.68414713 452.92732821 467.12017499
 492.11012425   0.          50.55766948  81.16032516 113.55187832
 127.1802414  177.66534946 329.54200455]

All individuals: [(43, [10, 17, 12, 13, 14,  6, 60, 27, 10, 33, 65, 71, 31, 20, 18, 36, 68, 12,  1, 64, 47, 23, 26, 51, 59, 49, 43,  7, 37, 61, 17, 41, 50, 69,  8, 54, 56, 16,  3, 22, 62, 34, 44, 45, 15, 52,  4, 55, 29, 72, 53, 46,  5, 57, 24, 63, 28, 13, 66, 30, 14, 67, 21, 40, 48, 42, 58,  6, 11, 19,  9, 70, 35,  2, 38, 39, 32, 25], 1497.4771642 , 1497.4771642 , 0., 0.00000000e+00,  0.        ,  1.33333333,  1, 50, 26. )
 (43, [10, 17, 12, 13, 14,  6, 60, 27, 10, 33, 65, 71, 31, 20, 18, 36, 68, 12,  1, 64, 47, 23, 26, 51, 59, 49, 43,  7, 37, 61, 17, 41, 50, 69,  8, 54, 56, 16,  3, 22, 62, 34, 44, 45, 15, 52,  4, 55, 29, 72, 53, 46,  5, 57, 24, 63, 28, 13, 66, 30, 14, 67, 21, 40, 48, 42, 58,  6, 11, 19,  9, 70, 35,  2, 38, 39, 32, 25], 1497.4771642 , 1497.4771642 , 0., 0.00000000e+00,  0.        ,  1.33333333,  2, 49, 26.5)
 (43, [10, 17, 12, 12, 15,  6, 60, 27, 10, 33, 65, 71, 31, 20, 18, 36, 68, 12,  1, 64, 47, 23, 26, 51, 59, 49, 43,  7, 37, 61, 17, 41, 50, 69,  8, 54, 56, 16,  3, 22, 62, 34, 44, 45, 15, 52,  4, 55, 29, 72, 53, 13,  5, 57, 24, 63, 28, 21, 46, 66, 30, 14, 67, 40, 48, 42, 58,  6, 11, 19,  9, 70, 35,  2, 38, 39, 32, 25], 1606.22595173, 1606.22595173, 0., 0.00000000e+00,  0.        ,  8.        ,  3, 42, 24. )
 (43, [10, 17, 13, 13, 13,  6, 60, 27, 10, 33, 65, 71, 31, 20, 18, 36, 68, 12,  1, 64, 47, 23, 26, 51, 59, 49, 43,  7, 37, 61, 17, 41, 50, 69,  8, 54, 56, 16,  3, 22, 62, 34, 44, 45, 15, 52,  4, 55, 29, 72, 53, 46,  5, 57, 24, 63, 28, 13, 66, 30, 14, 67, 21, 40, 48, 42, 58,  6, 11, 19,  9, 70, 35,  2, 38, 39, 32, 25], 1639.12633499, 1639.12633499, 0., 0.00000000e+00,  0.        ,  2.66666667,  4, 46, 27. )
 (43, [10, 17, 12, 12, 14,  7, 27, 33, 65, 71, 31, 20, 18, 36, 60, 10, 68, 12,  1, 64, 47, 23, 26, 51, 59, 49, 43,  7, 37, 61, 17, 41, 50, 69,  8, 54, 56, 16,  3, 22, 62, 34, 44, 45, 15, 52,  4, 55, 29, 72, 53, 46,  5, 57, 24, 63, 28, 13, 66, 30, 14, 67, 21, 40, 48, 42, 58,  6, 11, 19,  9, 70, 35,  2, 38, 39, 32, 25], 1698.08638564, 1698.08638564, 0., 0.00000000e+00,  0.        ,  6.        ,  5, 44, 27. )
 (43, [10, 17, 13, 13, 13,  6, 60, 27, 10, 33, 65, 71, 31, 20, 36, 25, 68, 12,  1, 64, 47, 23, 26, 51, 59, 49, 43,  7, 37, 61, 17, 41, 50, 69,  8, 54, 56, 16,  3, 22, 62, 34, 44, 45, 15, 52,  4, 55, 29, 72, 53, 46,  5, 57, 24, 63, 28, 13, 66, 30, 14, 67, 21, 40, 48, 42, 58,  6, 11, 19,  9, 70, 35,  2, 38, 39, 32, 18], 1743.07153077, 1743.07153077, 0., 0.00000000e+00,  0.        ,  5.33333333,  6, 45, 28.5)
 (43, [11, 16, 12, 13, 14,  6, 60, 27, 10, 33, 65, 71, 31, 20, 18, 36, 68, 12,  1, 64, 47, 23, 26, 51, 59, 49, 43,  7, 37, 61, 17, 41, 50, 69,  8, 54, 56, 16,  3, 22, 62, 34, 44, 72, 15, 52,  4, 55, 29, 45, 53, 46,  5, 57, 24, 63, 28, 13, 66, 30, 14, 67, 21, 40, 48, 42, 58,  6, 11, 19,  9, 70, 35,  2, 38, 39, 32, 25], 1745.73428498, 1745.73428498, 0., 0.00000000e+00,  0.        ,  6.        ,  7, 43, 28.5)
 (43, [10, 18, 12, 15, 13,  4, 60, 27, 10, 33, 65, 71, 31, 20, 18, 36, 68, 12,  1, 64, 47, 23, 26, 51, 59, 69, 49, 43,  7, 37, 61, 17, 41, 50,  8, 54, 56, 16,  3, 22, 34, 44, 62, 52, 45, 15, 29, 72, 53, 46,  5, 57, 24, 63, 28, 13, 14, 66, 30, 21,  4, 55, 40, 48, 42, 58,  6, 11,  9, 19, 67, 35,  2, 70, 38, 39, 32, 25], 1796.05073926, 1796.05073926, 0., 0.00000000e+00,  0.        , 25.        ,  8, 37, 26.5)
 (43, [11, 17, 11, 13, 14,  6, 60, 27, 10, 33, 65, 71, 31, 20, 18, 36, 68, 12,  1, 64, 47, 23, 26, 51, 59, 49, 43,  7, 37, 61, 17, 41, 50, 69,  8, 54, 56, 16,  3, 22, 62, 34, 44, 45, 15, 52,  4, 55, 29, 72, 53, 46,  5, 57, 24, 63, 28, 13, 66, 30, 14, 67, 21, 40, 48, 42, 58,  6, 11, 19,  9, 70, 35,  2, 38, 39, 32, 25], 1811.40715393, 1811.40715393, 0., 0.00000000e+00,  0.        ,  2.        ,  9, 48, 33. )
 (43, [11, 17, 12, 12, 14,  6, 60, 27, 10, 33, 65, 71, 31, 20, 18, 36, 68, 12,  1, 64, 47, 23, 26, 51, 59, 49, 43,  7, 37, 61, 17, 41, 50, 69,  8, 54, 56, 16,  3, 22, 62, 34, 44, 45, 15, 52,  4, 55, 29, 72, 53, 46,  5, 57, 24, 63, 28, 13, 66, 30, 14, 67, 21, 40, 48, 42, 58,  6, 11, 19,  9, 70, 35,  2, 38, 39, 32, 25], 1874.87553401, 1874.87553401, 0., 0.00000000e+00,  0.        ,  2.        , 10, 47, 33.5)
 (43, [10, 14, 13, 14, 15,  6, 60, 27, 10, 33, 65, 71, 31, 20, 18, 36, 68, 12,  1, 64, 47, 23, 26, 51, 59, 49, 37,  7, 43, 61, 17, 41, 50, 69,  8, 54, 56, 16,  3, 22, 62, 34, 44, 45,  4, 52, 15, 55, 29, 72, 53, 46,  5, 57, 24, 63, 28, 13, 66, 30, 14, 67, 21, 40, 48, 42, 58,  6, 11, 19,  9, 70, 35,  2, 38, 39, 32, 25], 1904.57249934, 1858.08202167, 0., 0.00000000e+00, 23.24523883, 13.66666667, 11, 39, 30.5)
 (43, [10, 17, 13, 12, 14,  6, 27, 33, 10, 31, 60, 68, 48, 20, 18, 36, 12,  1, 64, 47, 23, 26,  7, 51, 59, 43, 49, 61, 37, 71, 17, 41, 50,  8, 54, 56, 16,  3, 22, 62, 34, 44, 45, 15, 69, 52,  4, 55, 29, 72, 53, 46,  5, 57, 24, 63, 28, 13, 30, 58,  6, 65, 70, 66, 14, 67, 21, 40, 42, 11,  9, 19, 35,  2, 38, 39, 32, 25], 1950.65827444, 2007.17912011, 0., 3.35417533e+00,  0.        , 31.66666667, 12, 36, 30. )
 (43, [10, 17, 12, 14, 14,  5, 60, 27, 10, 33, 65, 71, 31, 20, 18, 36, 68, 12,  1, 64, 47, 23, 26, 51, 59, 49, 43,  7, 37, 61, 17, 41, 50, 69,  8, 54, 56, 16,  3, 22, 62, 34, 44, 45, 15, 52, 14, 30, 66, 13, 28, 63, 24, 57,  5, 46, 53, 72, 29, 55,  4, 67, 21, 40, 48, 42, 58,  6, 11, 19,  9, 70, 35,  2, 38, 39, 32, 25], 1990.31750134, 1990.31750134, 0., 0.00000000e+00,  0.        , 18.66666667, 13, 38, 32. )
 (43, [ 9, 16, 14, 14, 13,  6, 60, 27, 10, 33, 65, 71, 31, 20, 18, 36, 68, 12,  1, 64, 47, 23, 26, 51, 59, 49, 43,  7,  4, 61, 17, 41, 50, 69,  8, 54, 56, 16,  3, 22, 62, 34, 44, 45, 15, 52, 37, 55, 29, 72, 53, 46,  5, 57, 24, 63, 28, 13, 66, 30, 14, 67, 21, 40, 48, 42, 58,  6, 11, 19,  9, 70, 35,  2, 38, 39, 32, 25], 2016.42557529, 2016.42557529, 0., 0.00000000e+00,  0.        ,  9.33333333, 14, 40, 34. )
 (43, [11, 14, 13, 13, 14,  7, 60, 27, 10, 33, 65, 71, 31, 20, 18, 36, 68, 12,  1, 64, 47, 23, 26, 51, 59, 49, 43,  7, 61, 17, 41, 50, 69,  8, 54, 37, 56, 16,  3, 22, 62, 34, 44, 45, 15, 52,  4, 55, 29, 72, 53, 46,  5, 57, 24, 63, 28, 13, 66, 30, 14, 67, 21, 40, 48, 42, 58,  6, 11, 19,  9, 70, 35,  2, 38, 39, 32, 25], 2200.23595665, 2200.23595665, 0., 0.00000000e+00,  0.        ,  9.        , 15, 41, 35.5)
 (21, [11, 10, 10, 17, 12, 12, 71, 24, 36, 33, 18, 45,  5, 69, 65, 38, 27, 59, 25,  8, 50, 40, 55, 35, 72, 17,  7, 48, 30, 70, 23, 47, 43, 41, 60, 34, 16, 12, 21, 15, 51, 46, 54, 68, 44, 63, 57, 20, 22, 32, 62,  9,  3, 29,  1,  4, 61, 67,  2, 39, 66, 10, 26, 28,  6, 42, 13, 14, 37, 19, 11, 56, 49, 64, 53, 31, 52, 58], 5948.63871707, 6215.62160314, 0., 1.16775757e+02, 19.04845808, 75.        , 16, 16, 24. )
 (17, [11, 12, 14, 11, 12, 12, 38, 50, 60, 21, 41, 19, 17, 68, 25,  5, 39, 42, 23, 28, 45, 20,  9, 10,  3, 12, 43, 56, 44,  8, 13, 11, 34, 16, 15,  1, 72, 33, 70, 54, 53,  6, 61, 18, 58, 57,  4, 31, 22, 14, 46, 47, 51, 26, 48, 30, 29, 24, 55, 27, 64, 52, 71,  7, 62, 63, 32,  2, 35, 36, 49, 37, 65, 66, 59, 40, 67, 69], 6000.91021898, 6102.2054005 , 0., 5.40266308e-02,  0.        , 74.        , 17, 25, 29.5)
 (18, [12, 11, 11, 14, 14, 10,  2, 30, 60, 48, 40,  6, 62, 56,  8, 15, 28,  3,  1, 66, 69, 31, 44, 71,  9, 43, 38, 23, 61, 10, 45, 12, 59, 58, 33, 11, 13, 36, 65, 24, 39, 35, 17, 18, 47, 70, 67, 22, 25,  4, 37, 54, 19, 57,  7, 46, 29, 21, 51, 64, 26, 72,  5, 52, 53, 14, 16, 50, 68, 63, 34, 27, 49, 55, 20, 32, 41, 42], 6071.74090482, 6577.92935668, 0., 0.00000000e+00,  0.        , 75.66666667, 18, 11, 23.5)
 (16, [13, 14, 11, 12, 12, 10, 61, 19, 23, 39, 12, 41, 38, 34, 40, 54, 48, 20, 62, 13, 56, 24, 21, 55, 26, 49, 64, 66, 44, 67, 36, 31, 47, 11, 46,  3,  6,  2,  9,  4, 65, 70, 29,  8, 27, 17, 43, 69, 10, 71, 72, 18, 51,  5, 58, 52, 42, 28, 63, 53, 16, 35, 15, 37, 33, 68,  7, 30, 22, 45,  1, 57, 50, 14, 59, 60, 25, 32], 6157.41598886, 5880.85801124, 0., 1.33083957e+02, 30.85276263, 75.66666667, 19, 10, 24. )
 (39, [13, 10, 12, 14, 12, 11, 29, 13, 62, 20, 41, 12, 24,  6,  3, 71, 39, 52, 14, 70, 59, 44, 45, 35,  4,  8, 34, 48, 38, 47, 65, 16, 25, 31, 10,  9, 21, 43, 61, 26,  7, 64, 28, 22, 55, 69, 40, 50, 63, 51, 67, 27, 54, 42, 36, 30,  1, 49, 23, 32, 60,  2, 68, 58, 11, 18, 17, 33, 37, 19, 15, 53, 46, 57, 66, 72,  5, 56], 6263.77921963, 6593.40857553, 0., 6.28905246e+01,  0.        , 74.33333333, 20, 20, 30. )
 (30, [12, 12, 12, 15, 10, 11, 23, 19, 24, 36, 37, 69, 21, 58, 59, 72, 41, 56, 49,  1, 47, 14, 12, 60, 33, 43, 22, 11,  2, 25, 68, 71, 20, 27, 65, 35, 45,  6, 44, 62, 46, 13, 53,  5,  9, 64, 42, 26, 52, 28, 57, 39, 29, 61,  8, 10,  4, 38, 70, 40,  7, 32, 51, 48, 55, 63, 30, 18, 50, 15, 54, 17, 16, 67, 34,  3, 66, 31], 6307.56821457, 6764.88342848, 0., 0.00000000e+00,  0.        , 74.        , 21, 24, 33. )
 (27, [12, 12, 12, 12, 12, 12, 72, 52, 27, 18, 58, 70, 45, 42, 24,  2, 64, 28, 43, 20, 66,  4,  3, 49, 44, 13, 41,  7, 51, 59, 32,  6, 12, 14, 35, 48, 22, 25, 55,  9, 61,  1, 54, 67, 40, 21, 56, 69, 36, 68, 50, 17, 46, 29, 47,  5, 65, 57, 53, 30, 23, 63, 37, 11, 60, 38, 33, 62, 26, 39,  8, 71, 10, 16, 31, 34, 19, 15], 6379.93418656, 6592.15421541, 0., 5.47743157e+01,  1.12783117, 73.        , 22, 31, 37.5)
 (34, [12, 11, 12, 14, 12, 11, 59, 27, 51, 16, 32, 65, 17, 39, 36, 63, 35, 54, 46, 18, 20, 48, 15, 62, 37, 71, 13, 12, 40, 25, 57, 61, 21, 56, 69,  5, 50, 49, 68, 47,  2,  4,  9, 23, 24,  6, 53, 72, 30, 31, 33, 10,  8, 43, 22, 19, 55, 26, 11, 14, 42, 52, 28,  1, 60, 34, 44, 29,  7, 66, 67, 70, 38,  3, 41, 45, 58, 64], 6415.97933016, 6595.54390761, 0., 2.34835142e+01,  0.        , 72.66666667, 23, 33, 39.5)
 (20, [12, 10, 17, 12, 12,  9, 36, 60, 18,  6,  1, 46, 67, 25, 37, 16, 68, 49, 41, 42, 50, 55, 65, 28, 58, 24,  7,  3, 51, 48, 17,  2,  5, 31,  4, 13, 32, 11, 38, 47, 20,  8, 22, 71, 56, 40, 54, 15,  9, 29, 61, 12, 23, 66, 35, 30, 63, 59, 43, 10, 45, 33, 27, 70, 14, 39, 34, 57, 52, 72, 21, 26, 62, 19, 69, 53, 64, 44], 6426.30930944, 6629.83117851, 0., 8.56232673e+00,  0.        , 79.        , 24,  3, 25.5)
 (38, [11, 10, 11, 11, 10, 19, 11, 65, 31, 25, 28, 64, 38,  1, 30, 54, 59, 34,  9, 23,  3, 56, 36, 19, 41, 43, 71, 49, 20, 16, 14, 39, 44, 29, 52, 62, 45, 63, 72,  5, 51,  2, 27,  4, 13, 35, 67,  7, 10, 21, 22, 69, 66, 58, 18, 50, 70, 42, 17, 48, 40,  6,  8, 68, 37, 12, 32, 60, 24, 46, 61, 15, 55, 57, 53, 33, 47, 26], 6432.1879661 , 6383.14420027, 0., 8.12394015e+00, 31.42450705, 79.66666667, 25,  2, 26. )
 (26, [12, 13, 11, 13, 11, 12, 13, 64, 20, 11, 59, 18, 10, 63, 24, 37,  1,  6, 16,  8, 30, 26, 29,  9, 33, 67,  2, 56, 14, 17, 52, 57, 72, 34, 54, 36,  4, 69, 25, 40, 28,  7, 61, 38, 70, 65, 46, 51, 15,  3,  5, 47, 62, 68, 55, 66, 45, 42, 19, 23, 41, 31, 32, 35, 27, 58, 49, 50, 21, 44, 48, 43, 22, 12, 60, 71, 53, 39], 6492.77352329, 6551.81683993, 0., 5.02331397e+01, 20.01121902, 71.66666667, 26, 35, 43.5)
 (47, [10, 12, 11, 15, 12, 12, 68, 47, 67, 59, 30, 39, 20, 36, 71, 41, 24, 25, 43, 51, 40, 54, 57, 26, 14, 15, 55,  3, 56, 29, 21, 27,  5, 37, 65, 69, 61, 49, 52,  8, 72, 64, 70, 62, 63, 42, 45, 12, 48,  2, 23, 38, 22,  4, 34,  9, 28, 66, 33, 16, 60, 17, 32,  1, 10, 19, 18, 53,  7, 44, 31, 46, 58, 11, 13, 50, 35,  6], 6501.51194007, 6738.74162707, 0., 1.72250712e+01, 14.62918715, 74.33333333, 27, 21, 37.5)
 (49, [10, 12, 17,  9, 12, 12, 23, 25, 39, 48,  4, 52, 31,  8, 64, 21, 11,  7, 69, 42, 67, 43, 34, 30, 18, 70, 22, 44, 58, 29, 10,  6, 65, 62,  9,  2, 68, 56, 59, 17, 53, 26, 47, 63, 15, 16, 36, 28, 37, 32, 14, 35, 72, 61, 55,  5, 24, 60, 71, 27, 41,  1, 51, 46, 19, 66, 38, 13, 45, 40, 33, 49, 20, 57, 12, 50,  3, 54], 6547.75612101, 6958.42933408, 0., 6.67462965e+01, 64.87743701, 78.        , 28,  4, 30. )
 (43, [11, 11, 11, 11, 15, 13, 26, 60, 16, 31, 54, 57, 18, 58, 63, 11,  9, 12, 34, 45, 51, 27, 19,  4, 17, 32, 67, 42, 38, 33, 49, 30, 40,  2, 36, 65, 37, 41, 50, 66, 35, 68, 61, 59, 15, 64, 44, 52, 47, 71, 22, 70, 53,  8,  3, 24, 43, 23, 20, 62, 28,  5, 10, 56, 29, 39, 55,  6,  1, 21, 72, 14, 69, 25, 46,  7, 13, 48], 6549.09658935, 6494.63363708, 0., 1.02561285e+02, 36.92489434, 76.        , 29,  9, 33.5)
 (46, [11, 13, 11, 13, 12, 12,  3, 60, 70, 61, 28, 35, 50, 21, 47, 22, 31, 18, 51, 19, 68, 26, 33, 67, 20, 53, 72,  6, 52, 49, 62, 55, 25, 44, 57, 13, 38,  8,  1, 64, 34, 42, 27,  4, 29,  9, 65, 32, 37, 46, 39, 23, 11, 40, 63, 48,  5, 45,  7, 66, 43, 59, 54, 30, 71, 10, 16, 58, 41, 17, 14, 24, 69, 12,  2, 56, 36, 15], 6569.59026995, 6851.17743447, 0., 8.27894706e+01,  0.        , 72.33333333, 30, 34, 47. )
 (48, [12, 13, 12, 10, 14, 11, 32, 43, 40, 53, 59, 71, 51, 48,  6, 11, 54, 18, 72, 25, 46, 33, 13, 49, 36, 15, 23, 66, 47, 34, 69, 68, 21, 57, 20, 30, 24, 37, 58,  2, 56,  9, 61,  5, 63, 17, 45, 60, 29,  1, 62, 70, 38, 39, 28, 64, 26, 41, 55, 65, 19, 35,  3, 16, 27, 42, 52, 12,  7, 14, 44,  4, 67, 22,  8, 10, 31, 50], 6582.39660525, 7048.55701775, 0., 6.02076109e+01,  6.19134702, 75.66666667, 31, 13, 37.5)
 (19, [11, 11, 11, 16, 12, 11,  1, 68,  8, 33, 54, 24, 17,  6, 21, 29, 47, 70, 62, 55, 43, 40, 58, 37, 39, 67, 20,  2, 28,  5, 36, 18, 16, 44, 42, 12, 31, 34, 15, 66, 30, 59, 51, 56, 50, 72,  3, 27,  9, 23, 10, 71, 69, 32, 64, 53, 57, 22,  4, 26, 63, 61, 48, 49, 35, 41, 25, 60, 52, 38, 19,  7, 11, 14, 45, 46, 13, 65], 6599.38221871, 6513.05501045, 0., 8.02668717e+01,  8.54694929, 73.33333333, 32, 30, 47. )
 (37, [14, 11, 10, 12, 12, 13, 50, 37, 58, 23, 40, 45, 44, 51, 47, 20, 16, 57,  8, 60, 21, 42, 53, 59, 70, 48, 26, 12,  3, 17, 69,  6, 38, 55, 68, 18, 31, 71, 62, 27, 24,  1, 46,  4, 34, 25, 13, 66, 63, 64, 30, 11, 10, 65, 61,  7, 22, 14, 72, 19, 52, 56, 67,  2,  5, 28, 39, 49, 43, 32, 29,  9, 36, 15, 54, 41, 33, 35], 6655.78670866, 6420.49565287, 0., 1.32073552e+02, 12.2548759 , 75.33333333, 33, 15, 40.5)
 (41, [14, 12, 11, 11, 13, 11, 37, 12,  3, 13, 21, 10, 23, 51, 67, 14, 20, 72, 22, 19, 43, 49, 46,  1, 69,  2, 66, 58, 26, 71, 44, 35, 48, 70, 32, 33, 18, 56,  8, 29, 62, 61, 45, 34, 54, 28, 36, 60, 39, 42, 68,  4, 50, 52, 31, 24, 27, 38, 57,  5, 55, 16, 15, 64, 65, 47, 11, 59, 41,  9, 63, 53, 30, 25,  7,  6, 40, 17], 6675.09362833, 6855.0325422 , 0., 9.41346488e+01,  0.        , 73.66666667, 34, 27, 47.5)
 (24, [11, 15, 12, 11, 11, 12, 62, 50, 33, 57, 25, 42, 30, 72, 47, 35, 71, 66,  1,  7, 32, 65, 48, 63, 19, 18, 68, 39, 45, 14,  6, 36,  5, 58, 10, 26, 13, 37, 22, 27,  9, 11, 49, 23, 29, 21, 56, 70, 52,  8,  3, 64, 59, 46, 53, 43, 54, 55, 24, 67, 12, 44, 16, 20, 61, 15,  4, 17, 28, 34, 40, 38, 31, 60, 51,  2, 41, 69], 6692.03377941, 6724.47649364, 0., 6.38166463e+01,  0.        , 76.66666667, 35,  7, 38.5)
 (45, [11, 12, 11, 12, 14, 12, 43, 52, 60, 38, 27, 61, 33, 54, 46, 13, 24, 25, 72, 21, 17, 53, 67, 42, 44, 26, 18, 66, 55,  4, 32, 11,  8, 57, 28, 41, 70, 65, 69, 20, 56, 39, 36, 30, 62, 68, 45, 16,  7, 51, 47, 23,  9, 34,  1, 14,  5, 71, 40, 10, 29, 15, 35, 37, 63, 64,  6, 58, 49, 22,  3,  2, 31, 12, 50, 19, 59, 48], 6716.48242056, 6581.56148928, 0., 8.05129998e+01, 67.20745793, 73.66666667, 36, 29, 50.5)
 (25, [13, 12, 13, 10, 12, 12, 14, 31, 17, 13, 21, 42,  9, 39, 10, 71, 61, 57, 29, 41,  4, 56, 45, 37, 72, 51, 36, 46, 16, 20, 19,  5, 40, 50,  8, 59, 23,  1, 68, 52,  6, 38, 70, 58, 26, 35, 22, 12, 66, 47, 43, 60, 55, 54, 53, 65, 28, 63, 11, 25, 49, 34, 27, 69, 33, 30,  3, 18, 64, 48,  2, 15, 62, 67, 44, 32,  7, 24], 6747.18079996, 7146.34529957, 0., 1.33775784e+02, 20.74569869, 74.66666667, 37, 19, 46.5)
 (28, [11, 12, 14, 13, 11, 11,  3, 25,  6, 26, 68, 20, 38, 37, 39, 43, 59, 46, 12, 23, 21, 44,  7, 15, 60, 54, 48,  2, 13, 61, 24, 32, 71, 41, 67, 36, 55, 57, 34,  8, 47, 10,  5,  9, 16, 30, 29, 35, 18,  4, 52, 31,  1, 40, 33, 53, 11, 70, 64, 17, 72, 49, 27, 65, 56, 66, 45, 51, 28, 42, 58, 62, 22, 50, 14, 19, 69, 63], 6754.23017016, 6907.85505859, 0., 4.22641107e+01,  7.66902848, 73.        , 38, 32, 54. )
 (36, [11, 10, 12, 17, 12, 10,  4, 35, 56, 72, 62, 27, 33, 14, 53, 52, 42, 39, 31, 46, 34, 59, 22, 44, 29, 30, 60,  3, 67, 16, 68, 71, 40, 63, 50, 54, 10, 61, 64, 11, 70, 20, 47, 45, 12, 21, 18,  6, 26, 55, 24, 23, 37, 69, 57,  9,  5, 66, 15, 41, 51, 48, 13, 17, 28,  8, 25,  7, 65, 36, 49, 58, 38,  2, 32,  1, 19, 43], 6757.74844175, 7100.38814099, 0., 0.00000000e+00,  0.        , 74.66666667, 39, 17, 47.5)
 (15, [11, 10, 19, 11, 10, 11,  5, 57, 27, 17, 32, 66, 41, 34, 44, 16, 50, 33, 18, 22,  4, 12, 46, 52, 10, 58, 72, 13, 36, 25, 31, 26, 67, 20,  7, 63, 39, 38, 70,  2, 14, 30, 42, 55, 40, 24, 59,  9,  3, 54, 49, 15, 68, 21,  6, 71, 29, 62, 53, 45, 19, 61, 56, 65, 64, 28, 51, 35, 48, 23, 37, 11, 60, 43,  8, 47, 69,  1], 6860.9151699 , 7148.61557329, 0., 4.09598426e+01,  0.        , 79.66666667, 40,  1, 40.5)
 (32, [10, 11, 12, 14, 12, 13, 22, 41, 63, 13, 28, 30, 64, 11, 72,  4, 60, 70, 19, 65, 12, 71, 37,  9, 38, 33,  5,  8, 49, 16, 53, 55,  2, 29, 43, 61, 17, 31, 67,  3, 39, 50, 54, 51, 35,  1, 36, 47, 46, 25,  7, 45, 57, 10, 69, 62, 34, 42, 26,  6, 40, 48, 52, 27, 56, 23, 21, 24, 44, 66, 15, 59, 14, 18, 20, 58, 32, 68], 6882.57329404, 7199.81592204, 0., 8.66677649e+01,  0.        , 74.66666667, 41, 18, 50. )
 (29, [13,  9, 15, 11, 12, 12,  1,  7, 39, 44, 63, 32, 45, 59, 70, 55,  3, 31, 68, 25,  6, 11, 41, 52, 49, 21, 30, 33, 12, 56, 46, 13, 16, 64, 72, 67,  5, 66, 54, 17, 14, 57, 43, 40, 38, 69, 62, 53, 36, 71, 27,  9,  8, 18, 47,  2, 10, 24, 22, 28, 34, 60, 15, 37, 29, 58, 19,  4, 50, 35, 61, 65, 23, 42, 26, 51, 20, 48], 6901.65010015, 7481.04583352, 0., 1.04155447e+01,  0.        , 76.33333333, 42,  8, 46. )
 (22, [13, 12, 13, 12, 14,  8, 49, 22, 57, 10, 24, 20, 67, 15, 68, 35,  1, 36, 30, 62,  9, 40, 72, 70, 37, 48,  6, 64, 52, 27,  8, 34, 47, 17, 33, 28, 69, 56, 31, 13,  5, 26, 58, 46, 14, 32, 29, 61,  7, 19, 54, 50, 39, 12, 45,  4, 55, 43, 53, 44, 11, 66, 23,  3, 59, 16, 65, 38, 41, 60, 21, 63, 71, 25,  2, 51, 42, 18], 6902.02579832, 7205.3752171 , 0., 3.40932906e+01,  0.        , 75.66666667, 43, 12, 49. )
 (35, [15, 12, 11, 11, 13, 10, 71, 68, 55, 24, 15, 62, 29, 54, 70, 43, 25, 42, 23,  1, 46, 28, 59, 20, 49,  3, 19, 39, 17,  4, 11, 27, 44, 32, 50, 37, 12, 26, 36, 33,  5, 48, 41, 64, 67, 65, 10,  8, 60,  6, 18, 63, 14, 66, 30, 58, 72,  2, 16, 61, 45, 13, 51, 69, 47, 57, 40,  9, 35, 31, 21, 53, 56, 52, 22, 38,  7, 34], 6924.48850869, 7338.43900537, 0., 1.59730329e+01,  8.68455308, 74.33333333, 44, 22, 55. )
 (33, [11, 12, 13, 12, 13, 11, 58,  9, 43, 44, 53, 60,  7, 55, 15, 50, 45, 51, 46, 16, 59, 66, 54,  4, 61, 40, 72, 25, 38, 49, 63,  6, 52, 42,  3, 65, 56, 62, 41, 32, 31, 10, 30, 71, 17, 35, 13, 18, 23,  2,  8, 70, 48, 20, 19, 27, 67, 39,  5,  1, 47, 33, 57, 34, 69, 29, 14, 12, 21, 64, 28, 24, 36, 11, 68, 37, 22, 26], 6928.45966831, 7609.2315703 , 0., 4.06138845e+01,  0.        , 73.66666667, 45, 28, 59. )
 (42, [16, 11, 10, 13, 10, 12, 51, 65, 12,  2,  4, 50, 45, 70, 18, 33, 16, 26, 56,  3, 10, 46, 30, 52, 49, 66, 19, 42, 21, 35, 28, 62,  5, 68, 54,  7, 34, 64, 43, 22, 63, 17,  1,  6, 20, 58, 60,  9, 36, 27, 11, 14, 59, 25, 72, 57, 38, 55, 29, 24, 67, 53, 40, 37, 23, 71, 69, 31, 41, 44, 39, 15, 32,  8, 48, 13, 61, 47], 6935.95039488, 6997.86805042, 0., 4.09291375e+01, 23.16645332, 76.66666667, 46,  6, 49. )
 (44, [11, 11, 14, 13, 11, 12, 57, 42, 72, 66, 29,  6, 44, 58, 46, 14, 38, 45, 24, 53, 22, 11, 30, 43, 56, 64, 65, 60, 16, 71, 23, 55, 63, 68, 54, 37, 21, 50, 18, 39, 13, 67,  2, 36, 41, 27,  9, 35, 15, 25,  8, 52, 26, 51,  5,  1, 33, 47, 40, 69, 17, 70, 10, 34, 48,  3, 59, 31, 49, 61,  7, 12,  4, 28, 19, 32, 20, 62], 7088.16839011, 7167.76032886, 0., 5.64814799e+01, 64.6196444 , 74.        , 47, 26, 60. )
 (23, [12, 11, 11, 12, 11, 15, 59, 18, 35, 58, 21, 34, 45, 60, 57, 15, 55, 43, 33, 69, 22, 56, 23, 13, 32, 12,  9, 28, 39,  8, 20, 44, 72, 65, 24, 31, 11, 62, 27, 66, 37, 47, 50, 16,  6, 40, 64, 38, 30, 53, 17, 29, 36, 41,  4, 63, 54, 70,  7, 71, 46, 52,  2, 68, 10, 49,  3, 51,  1, 42, 19,  5, 14, 61, 25, 26, 48, 67], 7180.96533278, 7540.62930867, 0., 3.83472606e+01,  0.        , 74.33333333, 48, 23, 59.5)
 (40, [12, 12, 10, 11, 12, 15, 37,  4, 11, 48, 52, 41, 66, 51,  8, 50, 15, 19, 18, 40, 20, 22,  7, 56, 49, 72, 29, 30, 27, 39,  5, 21, 24, 46, 55,  2, 69, 28, 16,  6, 70, 57, 59, 42, 63,  3,  9, 60, 64, 38, 31, 62, 67, 54, 65, 71, 36, 17, 43, 13, 45, 44, 35, 61, 58, 12, 34, 26, 33, 23, 68, 53, 14, 10, 25, 32, 47,  1], 7194.10830761, 7851.86965746, 0., 7.10636026e+01, 34.31922351, 75.33333333, 49, 14, 56. )
 (31, [13, 11, 14,  9, 14, 11, 34, 25, 10,  5, 56,  7, 66, 50, 38, 29, 11, 59, 28, 24, 70, 45, 62, 72, 20, 22, 39,  8, 13,  2,  3, 36, 32, 26, 12, 47, 49, 54, 17, 33, 68, 57, 44, 41, 48, 35, 37, 46, 58, 71, 64, 14, 65, 43, 52, 61, 40, 27,  6, 42, 69, 55, 16, 21, 19, 60, 53, 63, 31, 51, 30,  9, 18,  1, 67, 15,  4, 23], 7308.99698231, 7221.94166222, 0., 0.00000000e+00, 46.92812084, 77.        , 50,  5, 52.5)]