
Total Runtime in seconds: 306.65139150619507Parameters:
population_size: 50, max_generations: 500, executed generations: 129, threshold_no_improvement: 250
target feasible proportion: 10
fitness_scaling: power_rank, selection_method: n_tournaments
p_c: 0.9, p_m: 0.3, NOT YET p_education: 0.0
tournament_size: 2, n_elite: 8
survivor_selection_step: 10, p_selection_survival: 0.7
kill clone step: 5
diversify_step: 20, diversify_step: 20, p_diversify_survival: 0.3
n_closest_neighbors: 3, diversity_weight: 0.5, distance_method: broken_pairs_distance
capacity_penalty_factor: 2, duration_penalty_factor 2, time_window_penalty: 2
Best fitness all generations, best individual before/after local search: 1208.5741115848787, 1208.5741115848787 / 1208.5741115848787
Best individual found before local search: (28, [19,  7, 12, 10, 42, 46, 39, 44, 31, 41, 35,  9, 47, 24, 12, 38, 21, 43, 32,  7, 34, 22, 37, 10, 45,  6, 27,  3, 48, 11, 28,  4, 19, 14,  1, 36, 25, 15, 40, 17, 18, 16, 13, 33, 20, 29,  8,  5, 26, 23, 30,  2], 1208.57411158, 1246.0266254, 0., 1.41047819, 0., 0., 19, 32, 35.)
Best individual found after local search: (28, [19,  7, 12, 10, 42, 46, 39, 44, 31, 41, 35,  9, 47, 24, 12, 38, 21, 43, 32,  7, 34, 22, 37, 10, 45,  6, 27,  3, 48, 11, 28,  4, 19, 14,  1, 36, 25, 15, 40, 17, 18, 16, 13, 33, 20, 29,  8,  5, 26, 23, 30,  2], 1208.57411158, 1246.0266254, 0., 1.41047819, 0., 0., 19, 32, 35.)
Best feasible individual found: (28, [19,  7, 12, 10, 42, 46, 39, 44, 31, 41, 35,  9, 47, 24, 12, 38, 21, 43, 32,  7, 34, 22, 37, 10, 45,  6, 27,  3, 48, 11, 28,  4, 19, 14,  1, 26, 25, 15, 40, 17, 18, 16, 13, 33, 20, 29,  8,  5, 36, 23, 30,  2], 1213.72602323, 1213.72602323, 0., 0., 0., 0., 19, 32, 35.)

Fitness stats min: [2136.92675289 2048.97025238 2047.33388068 2045.8813834  2027.98876508
 2027.98876508 2027.62026498 2027.62026498 2027.62026498 2001.20563937
 1814.19512746 1784.32875498 1781.37031306 1753.23133259 1753.23133259
 1753.23133259 1753.23133259 1745.20683034 1727.19662564 1727.19662564
 1727.19662564 1718.7135594  1718.7135594  1710.71813495 1710.71813495
 1710.71813495 1710.71813495 1700.01746391 1700.01746391 1700.01746391
 1700.01746391 1700.01746391 1700.01746391 1700.01746391 1700.01746391
 1700.01746391 1686.01968608 1686.01968608 1686.01968608 1686.01968608
 1683.20237146 1683.20237146 1683.20237146 1675.62720592 1657.2996934
 1652.73452491 1652.73452491 1652.73452491 1652.73452491 1652.73452491
 1652.73452491 1652.73452491 1639.60112448 1639.60112448 1639.60112448
 1639.60112448 1639.60112448 1639.60112448 1639.60112448 1633.00746051
 1633.00746051 1633.00746051 1633.00746051 1633.00746051 1633.00746051
 1633.00746051 1571.84266769 1550.50128749 1550.50128749 1515.2205386
 1449.52088106 1449.52088106 1449.52088106 1449.52088106 1449.52088106
 1449.52088106 1449.52088106 1449.52088106 1449.52088106 1449.52088106
 1449.52088106 1449.52088106 1449.52088106 1449.52088106 1449.52088106
 1449.52088106 1449.52088106 1449.52088106 1449.52088106 1449.52088106
 1449.52088106 1449.52088106 1449.52088106 1449.52088106 1449.52088106
 1442.55658572 1442.55658572 1442.55658572 1375.34978605 1342.22833171
 1342.22833171 1334.18520782 1300.0798162  1300.0798162  1300.0798162
 1300.0798162  1300.0798162  1300.0798162  1300.0798162  1300.0798162
 1300.0798162  1292.81404118 1284.3079705  1284.3079705  1284.3079705
 1284.3079705  1284.3079705  1259.66379452 1249.22126883 1224.57709284
 1224.57709284 1224.57709284 1216.3360518  1213.72602323 1213.72602323
 1213.72602323 1213.72602323 1213.72602323 1213.72602323 1208.57411158] 

Fitness stats feasible min: [2136.92675289 2136.92675289 2136.92675289 2080.63312504 2080.63312504
 2080.63312504 2061.13549991 2061.13549991 2058.12335245 2001.20563937
 1814.19512746 1784.32875498 1781.37031306 1753.23133259 1753.23133259
 1753.23133259 1753.23133259 1745.20683034 1727.19662564 1727.19662564
 1727.19662564 1718.7135594  1718.7135594  1710.71813495 1710.71813495
 1710.71813495 1710.71813495 1700.01746391 1700.01746391 1700.01746391
 1700.01746391 1700.01746391 1700.01746391 1700.01746391 1700.01746391
 1700.01746391 1686.01968608 1686.01968608 1686.01968608 1686.01968608
 1683.20237146 1683.20237146 1683.20237146 1675.62720592 1657.2996934
 1652.73452491 1652.73452491 1652.73452491 1652.73452491 1652.73452491
 1652.73452491 1652.73452491 1639.60112448 1639.60112448 1639.60112448
 1639.60112448 1639.60112448 1639.60112448 1639.60112448 1637.74328934
 1637.74328934 1634.05932226 1634.05932226 1634.05932226 1634.05932226
 1634.05932226 1571.84266769 1571.84266769 1571.84266769 1571.84266769
 1571.84266769 1566.94503124 1566.94503124 1545.29233107 1538.02367416
 1538.02367416 1538.02367416 1538.02367416 1538.02367416 1538.02367416
 1538.02367416 1538.02367416 1538.02367416 1538.02367416 1538.02367416
 1538.02367416 1538.02367416 1538.02367416 1498.51171595 1498.51171595
 1498.51171595 1493.3017033  1493.3017033  1493.3017033  1493.3017033
 1442.55658572 1442.55658572 1442.55658572 1375.34978605 1375.34978605
 1375.34978605 1334.18520782 1300.0798162  1300.0798162  1300.0798162
 1300.0798162  1300.0798162  1300.0798162  1300.0798162  1300.0798162
 1300.0798162  1292.81404118 1284.3079705  1284.3079705  1284.3079705
 1284.3079705  1284.3079705  1259.66379452 1249.22126883 1224.57709284
 1224.57709284 1224.57709284 1216.3360518  1213.72602323 1213.72602323
 1213.72602323 1213.72602323 1213.72602323 1213.72602323 1213.72602323] 

Fitness stats avg: [3792.4829826  3612.56541959 3243.28988154 2926.62608827 2732.57004455
 2711.07962838 2569.40051055 2555.11051354 2404.35796997 2355.07250923
 2968.20027969 2577.36325175 2345.15267248 2257.66956985 2196.64883946
 2204.85199725 2144.55034299 2144.35117027 2055.27796464 2091.53390199
 3117.21358081 2597.96160232 2183.15535264 2032.22383721 1943.9594311
 2221.03996357 2007.68917171 1956.86210993 1972.70907132 1965.80348022
 2968.22130885 2403.41415938 2019.8840104  1918.54573292 1910.92167747
 2800.97412254 2307.33514793 1985.32372455 1927.40806925 1977.8244515
 3249.9866588  2683.31546394 2284.65588341 2088.44971089 2031.59331856
 2075.39918861 1993.11185463 2006.19080949 2034.93127352 1968.14296028
 3240.77635601 2612.8770982  2161.80390278 1959.26046065 1852.00790108
 2390.39781783 2184.65223364 1981.65990114 1882.62983479 1878.80082405
 3111.96624399 2541.94803274 2289.68843222 2110.71295486 2049.59117824
 2070.93654541 1886.6745947  1813.92872306 1801.73053054 1818.89917457
 2650.54228671 1946.46967151 1794.44058657 1735.86861312 1746.34782871
 1883.18181112 1696.2238042  1649.750815   1717.17017645 1653.34046832
 3005.72583522 2295.22011639 1880.68127711 1720.22260956 1605.81310353
 1981.63844454 1736.02407569 1675.39546947 1700.60632893 1651.2306653
 2682.64956782 2764.1755204  2152.3947445  1845.12424162 1683.98538941
 2193.72341118 1815.74253134 1718.79482691 1636.07849018 1661.29446466
 2686.8738447  2069.90483764 1651.14601215 1577.7477142  1479.42590781
 2599.03802489 2000.21563378 1636.26446224 1452.92114404 1423.45995417
 3399.96486204 2879.1912576  2389.40158121 1886.02100077 1696.70308678
 1732.90105002 1535.08455244 1540.79890972 1529.09055662 1497.67277496
 2575.10425309 1782.31416197 1506.92435885 1434.90959948 1355.32941672
 1809.33351186 1553.25029565 1366.23144931 1290.49183452 1355.94415594] 

Feasible stats: [( 0., 50.) ( 0., 50.) (31., 19.) (31., 19.) (33., 17.) (33., 17.)
 (26., 24.) (26., 24.) (34., 16.) (34., 16.) (28., 22.) (28., 22.)
 (30., 20.) (30., 20.) (21., 29.) (21., 29.) (21., 29.) (21., 29.)
 (29., 21.) (29., 21.) (27., 23.) (27., 23.) (19., 31.) (19., 31.)
 (30., 20.) (30., 20.) (29., 21.) (29., 21.) (32., 18.) (32., 18.)
 (36., 14.) (36., 14.) (26., 24.) (26., 24.) (40., 10.) (40., 10.)
 (20., 30.) (20., 30.) (31., 19.) (31., 19.) (33., 17.) (33., 17.)
 (17., 33.) (17., 33.) (31., 19.) (31., 19.) (36., 14.) (36., 14.)
 (32., 18.) (32., 18.) (35., 15.) (35., 15.) (19., 31.) (19., 31.)
 (40., 10.) (40., 10.) (25., 25.) (25., 25.) (35., 15.) (35., 15.)
 (37., 13.) (37., 13.) (19., 31.) (19., 31.) (27., 23.) (27., 23.)
 (26., 24.) (26., 24.) (27., 23.) (27., 23.) (33., 17.) (33., 17.)
 (35., 15.) (35., 15.) (29., 21.) (29., 21.) (25., 25.) (25., 25.)
 (30., 20.) (30., 20.) (30., 20.) (30., 20.) (21., 29.) (21., 29.)
 (21., 29.) (21., 29.) (11., 39.) (11., 39.) (16., 34.) (16., 34.)
 (20., 30.) (20., 30.) (15., 35.) (15., 35.) (27., 23.) (27., 23.)
 (25., 25.) (25., 25.) (39., 11.) (39., 11.) (26., 24.) (26., 24.)
 (17., 33.) (17., 33.) (30., 20.) (30., 20.) (17., 33.) (17., 33.)
 (31., 19.) (31., 19.) (36., 14.) (36., 14.) (21., 29.) (21., 29.)
 (27., 23.) (27., 23.) (31., 19.) (31., 19.) (33., 17.) (33., 17.)
 (37., 13.) (37., 13.) (27., 23.) (27., 23.) (40., 10.) (40., 10.)
 (30., 20.) (30., 20.) (39., 11.) (39., 11.) ( 0.,  0.) ( 0.,  0.)
 ( 0.,  0.) ( 0.,  0.) ( 0.,  0.) ( 0.,  0.) ( 0.,  0.) ( 0.,  0.)
 ( 0.,  0.) ( 0.,  0.) ( 0.,  0.) ( 0.,  0.) ( 0.,  0.) ( 0.,  0.)
 ( 0.,  0.) ( 0.,  0.) ( 0.,  0.) ( 0.,  0.) ( 0.,  0.) ( 0.,  0.)
 ( 0.,  0.) ( 0.,  0.) ( 0.,  0.) ( 0.,  0.) ( 0.,  0.) ( 0.,  0.)
 ( 0.,  0.) ( 0.,  0.) ( 0.,  0.) ( 0.,  0.) ( 0.,  0.) ( 0.,  0.)
 ( 0.,  0.) ( 0.,  0.) ( 0.,  0.) ( 0.,  0.) ( 0.,  0.) ( 0.,  0.)
 ( 0.,  0.) ( 0.,  0.) ( 0.,  0.) ( 0.,  0.) ( 0.,  0.) ( 0.,  0.)
 ( 0.,  0.) ( 0.,  0.) ( 0.,  0.) ( 0.,  0.) ( 0.,  0.) ( 0.,  0.)
 ( 0.,  0.) ( 0.,  0.) ( 0.,  0.) ( 0.,  0.) ( 0.,  0.) ( 0.,  0.)
 ( 0.,  0.) ( 0.,  0.) ( 0.,  0.) ( 0.,  0.) ( 0.,  0.) ( 0.,  0.)
 ( 0.,  0.) ( 0.,  0.) ( 0.,  0.) ( 0.,  0.) ( 0.,  0.) ( 0.,  0.)
 ( 0.,  0.) ( 0.,  0.) ( 0.,  0.) ( 0.,  0.) ( 0.,  0.) ( 0.,  0.)
 ( 0.,  0.) ( 0.,  0.) ( 0.,  0.) ( 0.,  0.) ( 0.,  0.) ( 0.,  0.)
 ( 0.,  0.) ( 0.,  0.) ( 0.,  0.) ( 0.,  0.) ( 0.,  0.) ( 0.,  0.)
 ( 0.,  0.) ( 0.,  0.) ( 0.,  0.) ( 0.,  0.) ( 0.,  0.) ( 0.,  0.)
 ( 0.,  0.) ( 0.,  0.) ( 0.,  0.) ( 0.,  0.) ( 0.,  0.) ( 0.,  0.)
 ( 0.,  0.) ( 0.,  0.) ( 0.,  0.) ( 0.,  0.) ( 0.,  0.) ( 0.,  0.)
 ( 0.,  0.) ( 0.,  0.) ( 0.,  0.) ( 0.,  0.) ( 0.,  0.) ( 0.,  0.)
 ( 0.,  0.) ( 0.,  0.) ( 0.,  0.) ( 0.,  0.) ( 0.,  0.) ( 0.,  0.)
 ( 0.,  0.) ( 0.,  0.) ( 0.,  0.) ( 0.,  0.) ( 0.,  0.) ( 0.,  0.)
 ( 0.,  0.) ( 0.,  0.) ( 0.,  0.) ( 0.,  0.) ( 0.,  0.) ( 0.,  0.)
 ( 0.,  0.) ( 0.,  0.) ( 0.,  0.) ( 0.,  0.) ( 0.,  0.) ( 0.,  0.)
 ( 0.,  0.) ( 0.,  0.) ( 0.,  0.) ( 0.,  0.) ( 0.,  0.) ( 0.,  0.)
 ( 0.,  0.) ( 0.,  0.) ( 0.,  0.) ( 0.,  0.) ( 0.,  0.) ( 0.,  0.)
 ( 0.,  0.) ( 0.,  0.) ( 0.,  0.) ( 0.,  0.) ( 0.,  0.) ( 0.,  0.)
 ( 0.,  0.) ( 0.,  0.) ( 0.,  0.) ( 0.,  0.) ( 0.,  0.) ( 0.,  0.)
 ( 0.,  0.) ( 0.,  0.) ( 0.,  0.) ( 0.,  0.) ( 0.,  0.) ( 0.,  0.)
 ( 0.,  0.) ( 0.,  0.) ( 0.,  0.) ( 0.,  0.) ( 0.,  0.) ( 0.,  0.)
 ( 0.,  0.) ( 0.,  0.) ( 0.,  0.) ( 0.,  0.) ( 0.,  0.) ( 0.,  0.)
 ( 0.,  0.) ( 0.,  0.) ( 0.,  0.) ( 0.,  0.) ( 0.,  0.) ( 0.,  0.)
 ( 0.,  0.) ( 0.,  0.) ( 0.,  0.) ( 0.,  0.) ( 0.,  0.) ( 0.,  0.)
 ( 0.,  0.) ( 0.,  0.) ( 0.,  0.) ( 0.,  0.) ( 0.,  0.) ( 0.,  0.)
 ( 0.,  0.) ( 0.,  0.) ( 0.,  0.) ( 0.,  0.) ( 0.,  0.) ( 0.,  0.)
 ( 0.,  0.) ( 0.,  0.) ( 0.,  0.) ( 0.,  0.) ( 0.,  0.) ( 0.,  0.)
 ( 0.,  0.) ( 0.,  0.) ( 0.,  0.) ( 0.,  0.) ( 0.,  0.) ( 0.,  0.)
 ( 0.,  0.) ( 0.,  0.) ( 0.,  0.) ( 0.,  0.) ( 0.,  0.) ( 0.,  0.)
 ( 0.,  0.) ( 0.,  0.) ( 0.,  0.) ( 0.,  0.) ( 0.,  0.) ( 0.,  0.)
 ( 0.,  0.) ( 0.,  0.) ( 0.,  0.) ( 0.,  0.) ( 0.,  0.) ( 0.,  0.)
 ( 0.,  0.) ( 0.,  0.) ( 0.,  0.) ( 0.,  0.) ( 0.,  0.) ( 0.,  0.)
 ( 0.,  0.) ( 0.,  0.) ( 0.,  0.) ( 0.,  0.) ( 0.,  0.) ( 0.,  0.)
 ( 0.,  0.) ( 0.,  0.) ( 0.,  0.) ( 0.,  0.) ( 0.,  0.) ( 0.,  0.)
 ( 0.,  0.) ( 0.,  0.) ( 0.,  0.) ( 0.,  0.) ( 0.,  0.) ( 0.,  0.)
 ( 0.,  0.) ( 0.,  0.) ( 0.,  0.) ( 0.,  0.) ( 0.,  0.) ( 0.,  0.)
 ( 0.,  0.) ( 0.,  0.) ( 0.,  0.) ( 0.,  0.) ( 0.,  0.) ( 0.,  0.)
 ( 0.,  0.) ( 0.,  0.) ( 0.,  0.) ( 0.,  0.) ( 0.,  0.) ( 0.,  0.)
 ( 0.,  0.) ( 0.,  0.) ( 0.,  0.) ( 0.,  0.) ( 0.,  0.) ( 0.,  0.)
 ( 0.,  0.) ( 0.,  0.) ( 0.,  0.) ( 0.,  0.) ( 0.,  0.) ( 0.,  0.)
 ( 0.,  0.) ( 0.,  0.) ( 0.,  0.) ( 0.,  0.) ( 0.,  0.) ( 0.,  0.)
 ( 0.,  0.) ( 0.,  0.) ( 0.,  0.) ( 0.,  0.) ( 0.,  0.) ( 0.,  0.)
 ( 0.,  0.) ( 0.,  0.) ( 0.,  0.) ( 0.,  0.) ( 0.,  0.) ( 0.,  0.)
 ( 0.,  0.) ( 0.,  0.) ( 0.,  0.) ( 0.,  0.) ( 0.,  0.) ( 0.,  0.)
 ( 0.,  0.) ( 0.,  0.) ( 0.,  0.) ( 0.,  0.) ( 0.,  0.) ( 0.,  0.)
 ( 0.,  0.) ( 0.,  0.) ( 0.,  0.) ( 0.,  0.) ( 0.,  0.) ( 0.,  0.)
 ( 0.,  0.) ( 0.,  0.) ( 0.,  0.) ( 0.,  0.) ( 0.,  0.) ( 0.,  0.)
 ( 0.,  0.) ( 0.,  0.) ( 0.,  0.) ( 0.,  0.) ( 0.,  0.) ( 0.,  0.)
 ( 0.,  0.) ( 0.,  0.) ( 0.,  0.) ( 0.,  0.) ( 0.,  0.) ( 0.,  0.)
 ( 0.,  0.) ( 0.,  0.) ( 0.,  0.) ( 0.,  0.) ( 0.,  0.) ( 0.,  0.)
 ( 0.,  0.) ( 0.,  0.) ( 0.,  0.) ( 0.,  0.) ( 0.,  0.) ( 0.,  0.)
 ( 0.,  0.) ( 0.,  0.) ( 0.,  0.) ( 0.,  0.) ( 0.,  0.) ( 0.,  0.)
 ( 0.,  0.) ( 0.,  0.) ( 0.,  0.) ( 0.,  0.) ( 0.,  0.) ( 0.,  0.)
 ( 0.,  0.) ( 0.,  0.) ( 0.,  0.) ( 0.,  0.) ( 0.,  0.) ( 0.,  0.)
 ( 0.,  0.) ( 0.,  0.)] 
Solution Description: 
p: [  0.          78.51470843 139.9797077  163.70632073 168.35451704
 183.12356422 198.80748508 212.48889744 233.38322115 310.22545092
 314.67889965 328.56580775 341.70566586 355.07981902 357.18041378
 365.26866521 382.80420637 403.79995818 437.16900171 437.47567919
   0.          11.41460818  22.58786447  61.89876561  88.45904548
 103.47275486 112.6270296  114.49276179   0.          29.55843142
  62.28260869 146.15922713 146.61968006 156.18632911 196.45979931
 249.59671782 266.67656122 329.06296636 363.36052703 365.09523268
 367.46361603   0.         218.0789864  238.13358357 238.53368845
 250.91588384 266.84900632 269.10771104 269.11283425 269.13840351
 278.63104072 289.14205457] 
pred: [ 0  0  0  0  0  0  0  6  6  6  6  6  6  6  6  6 15 15 15 15  0  0  0  0
  0  0  0  0  0  0  0  0  0  0  0  5  5  5  5  5  5  0  0  0  0  0  0  0
  0  0  0  9] 
distance [  0.          78.51470843 139.9797077  163.70632073 168.35451704
 183.12356422 198.80748508  13.68141235  34.57573607 111.41796583
 115.87141457 129.75832267 142.89818078 156.27233394 158.3729287
 166.46118012  17.53554117  38.53129297  71.9003365   72.20701399
   0.          11.41460818  22.58786447  61.89876561  88.45904548
 103.47275486 112.6270296  114.49276179   0.          29.55843142
  62.28260869 146.15922713 146.61968006 156.18632911 196.45979931
  93.41038871 107.66927572 170.05568086 204.35324154 206.08794718
 208.45633054   0.         218.0789864  238.13358357 238.53368845
 250.91588384 266.84900632 269.10771104 269.11283425 269.13840351
 278.63104072  10.51101384]
load: [  0  22  41  54  57  67  75  14  27  48  67  73  88 113 137 153  13  35
  56  67   0  18  43  48  64  80  90  97   0   9  14  17  26  38  48  24
  28  43  48  65  90   0   9  28  44  64  84  96 102 116 129   8] 
time: [  0.          75.         169.         243.86021267 290.03282796
 303.20721649 325.59946354 159.         173.4613902  219.72160544
 308.         325.46934669 443.         481.45180483 506.58460554
 565.68919962 170.         192.9745632  371.         418.17115283
   0.          90.         130.         160.         398.
 440.23624841 473.3964008  510.10459224   0.         257.
 279.90630276 345.84518954 414.06688705 441.06764997 477.83410975
 366.1501963  377.         457.         525.6876737  555.64070694
 602.08171691   0.         108.         140.15799758 192.
 220.52726534 237.7678084  317.         357.35052296 378.
 422.56770213 121.        ] 
time warps: [0.         0.         0.         0.         0.         0.
 0.         0.         0.         0.         0.         0.
 0.         0.         0.         0.         0.         0.
 0.         0.         0.         0.         0.         0.
 0.         0.         0.         0.         0.         0.
 0.         0.         0.         0.         0.         0.
 1.41047819 1.41047819 1.41047819 1.41047819 1.41047819 0.
 0.         0.         0.         0.         0.         0.
 0.         0.         0.         0.        ] 
duration: [  0.         103.51470843 220.09923223 265.82584527 274.47404157
 296.24308875 321.92700962  17.68141235  45.57573607 132.41796583
 220.93951401 244.82642211 378.80962923 396.18378239 421.28437715
 430.37262858  23.53554117  50.53129297 257.77399765 267.08067513
   0.          12.41460818  64.77686183 122.28197165 373.345295
 409.35900439 435.51327913 441.37901131   0.          35.55843142
  92.28260869 189.15922713 205.61968006 217.18632911 270.45979931
 110.41038871 147.66927572 253.47237499 290.76993566 307.50464131
 327.87302466   0.         220.0789864  261.13358357 286.58332455
 306.96551994 327.89864242 396.15813354 398.16325675 422.46368507
 441.95632229  17.51101384]

All individuals: [(28, [19,  7, 12, 10, 42, 46, 39, 44, 31, 41, 35,  9, 47, 24, 12, 38, 21, 43, 32,  7, 34, 22, 37, 10, 45,  6, 27,  3, 48, 11, 28,  4, 19, 14,  1, 26, 25, 15, 40, 17, 18, 16, 13, 33, 20, 29,  8,  5, 36, 23, 30,  2], 1213.72602323, 1213.72602323, 0.,   0.        ,  0.        ,  0.        , 19, 32, 35. )
 (26, [12, 15, 10, 11, 42,  1, 12, 13,  8, 39, 26, 10, 11, 19,  7, 30, 18, 21, 22, 17, 36,  3, 31,  6, 23, 20, 38, 37, 47, 34, 43, 40, 48, 44,  9, 33, 15,  5, 27, 46, 16, 14, 45,  4,  2, 28, 35, 32, 41, 24, 25, 29], 1213.72602323, 1213.72602323, 0.,   0.        ,  0.        ,  0.        ,  9, 44, 31. )
 (27, [11, 12, 12, 13, 45, 36,  3,  7, 29, 16, 33, 18,  6, 15, 27,  9, 25, 28, 10,  1,  4, 31, 14, 34,  5, 19, 40, 38, 11, 20, 32, 35, 43, 42, 47, 30, 24, 21, 12,  8, 44, 23, 13, 26, 46, 17,  2, 39, 22, 48, 41, 37], 1213.72602323, 1213.72602323, 0.,   0.        ,  0.        ,  0.        ,  8, 45, 30.5)
 (28, [11, 10, 12, 15, 29, 43, 30, 13, 22,  6, 37, 23, 27, 20, 18, 40, 32, 15, 21, 44, 17, 25, 19, 16, 26, 38, 10, 35,  5, 31, 34, 39, 12, 46,  4, 45,  1,  8, 14, 33,  2,  7, 42, 28, 48, 41, 24, 36, 47,  9, 11,  3], 1213.72602323, 1213.72602323, 0.,   0.        ,  0.        ,  0.        ,  7, 46, 30. )
 (30, [11, 12, 13, 12, 10,  8,  5, 42, 16,  9, 47, 27, 28,  6, 38, 29, 45, 33, 30, 25,  2, 35,  7, 40, 39,  3, 32, 37, 19, 43, 26, 23, 17, 12, 21, 18, 11,  1, 48, 20, 24, 44, 15, 46, 41, 22, 13, 31,  4, 14, 34, 36], 1213.72602323, 1213.72602323, 0.,   0.        ,  0.        ,  0.        ,  5, 48, 29. )
 (32, [12, 13, 11, 12, 19, 34,  5,  1, 22, 37,  6, 42, 24, 33, 48,  4, 25,  7, 28, 16, 18, 47, 27, 43, 41, 30,  2, 17,  3, 39, 26, 32, 20, 14, 12, 40, 21, 45, 36, 46, 38, 31, 23, 11, 13, 29, 10, 15, 35, 44,  9,  8], 1213.72602323, 1213.72602323, 0.,   0.        ,  0.        ,  0.        ,  3, 35, 20.5)
 (33, [10, 14, 12, 12, 13, 26, 31, 10, 21,  3,  5, 20,  6, 47, 22, 15, 11, 12, 41, 25, 40, 48, 17, 46,  2, 29, 42,  4,  9, 38,  8, 32, 33, 45, 43, 34, 27, 19, 36, 18, 16,  1, 24, 14, 35, 23, 37, 44, 39, 30, 28,  7], 1213.72602323, 1213.72602323, 0.,   0.        ,  0.        ,  0.        ,  2, 19, 11.5)
 (34, [15,  9, 11, 13, 23, 48, 11, 41, 42, 30,  1, 39, 21, 12, 24,  2,  5, 26,  6, 32, 38, 47, 14,  3, 36,  7, 44, 22, 46, 16, 28, 10, 20, 43,  8, 19, 45, 29, 13, 25, 40, 35, 17, 31, 15, 34, 18, 27, 37,  9,  4, 33], 1213.72602323, 1213.72602323, 0.,   0.        ,  0.        ,  0.        , 16, 49, 40.5)
 (35, [11, 15, 11, 11, 40, 42, 14, 29, 46, 15, 10, 16, 18, 30, 47,  2, 34, 27, 32, 44, 28, 43, 48, 12, 23,  5, 33, 20, 35, 21,  9,  4, 45, 17,  6,  8, 11, 41, 36, 31,  1, 13, 39, 26, 24,  7, 38, 22,  3, 19, 25, 37], 1213.72602323, 1213.72602323, 0.,   0.        ,  0.        ,  0.        , 27, 47, 50.5)
 (37, [13, 13, 11, 11, 24, 20, 26, 39, 11, 43, 10, 22, 33, 31,  6,  9, 18, 13,  3, 14, 23, 35, 40, 28, 27, 46,  2, 32, 29, 16, 12,  1, 37, 34, 45, 15, 38, 36,  7, 47,  8, 30, 19, 25, 48,  5, 21, 44,  4, 17, 41, 42], 1213.72602323, 1213.72602323, 0.,   0.        ,  0.        ,  0.        ,  4, 42, 25. )
 (39, [12, 14, 12, 10, 11, 14,  8, 31,  9, 42, 17,  7,  4, 47, 23, 30, 39, 10, 26, 16, 27, 40, 38, 35, 13, 12,  2, 18, 28, 45, 48,  6,  1, 24, 36, 21, 22, 32, 41, 20, 37, 43, 46, 25,  3, 34, 15, 29,  5, 19, 33, 44], 1213.72602323, 1213.72602323, 0.,   0.        ,  0.        ,  0.        ,  6, 41, 26.5)
 (40, [13, 12, 14,  9,  6, 28, 45, 20, 22, 19, 24, 30, 48, 11,  1, 17, 32, 39, 33, 43,  3, 46, 26, 36, 15, 40, 27, 23, 14, 29, 47,  5, 12, 42,  7, 10, 35, 34, 41,  8, 13,  2, 18, 16, 25, 31,  9, 38,  4, 37, 21, 44], 1213.72602323, 1213.72602323, 0.,   0.        ,  0.        ,  0.        , 11, 37, 29.5)
 (41, [12, 12, 12, 12, 16,  1, 20, 34, 13, 40, 17, 41, 18, 11,  6, 48, 39, 31, 15, 45, 46, 26, 19, 27, 37, 24, 42,  4, 23, 25, 33, 44,  9, 36, 29, 35,  8, 38, 14, 30, 32,  3, 43, 28, 22, 47,  7, 21,  5,  2, 10, 12], 1213.72602323, 1213.72602323, 0.,   0.        ,  0.        ,  0.        , 12, 36, 30. )
 (42, [13, 10, 13, 12, 35, 10,  8, 32, 15,  1, 39, 21, 14, 34, 26,  3, 41, 44, 22,  6, 30,  2, 33, 19, 31,  7,  5, 36,  4, 42, 43,  9, 13, 16, 12, 23, 28, 38, 46, 24, 18, 37, 29, 40, 17, 25, 48, 45, 20, 27, 47, 11], 1213.72602323, 1213.72602323, 0.,   0.        ,  0.        ,  0.        , 17, 33, 33.5)
 (43, [14, 11, 12, 11,  4, 13, 11, 22, 32, 10,  6, 21, 16, 48, 33, 37, 36,  2, 20, 41, 23, 27,  7, 47, 12, 38, 31, 28, 14, 24, 43, 46, 45, 19,  1,  5, 30, 18, 25, 29, 34, 35, 44,  8, 39,  9, 15, 42, 26,  3, 40, 17], 1213.72602323, 1213.72602323, 0.,   0.        ,  0.        ,  0.        , 31, 21, 41.5)
 (44, [11, 13, 14, 10, 12, 41, 29, 24,  7, 16, 18,  2,  6, 14, 34, 32, 11, 30, 38,  8, 21,  3, 22, 46, 19, 20, 48, 35,  9, 15, 10, 28, 13, 37, 40, 31, 33, 44, 17, 45, 42, 26, 27, 43, 23,  5, 25,  4, 47, 39, 36,  1], 1213.72602323, 1213.72602323, 0.,   0.        ,  0.        ,  0.        , 28, 24, 40. )
 (45, [14, 11, 12, 11, 39, 23, 40, 28, 25, 11, 35,  8, 19, 41,  9, 10,  2, 37, 26, 14, 22,  1, 48,  4, 24,  3, 27,  7, 15, 44, 32, 33, 30, 42, 38, 16,  5, 20, 46, 12, 43, 29, 31, 21, 47, 18, 45, 34, 13, 17, 36,  6], 1213.72602323, 1213.72602323, 0.,   0.        ,  0.        ,  0.        , 32, 25, 44.5)
 (46, [10, 16,  9, 13, 42, 20,  5, 46, 27, 36, 26, 34, 47, 13,  1, 33, 19, 14, 15, 29, 40, 18, 43, 12, 35, 39,  8, 44, 11, 32, 28,  4, 16,  7,  2,  3,  6,  9, 45, 24, 10, 21, 22, 38, 37, 48, 30, 25, 23, 41, 31, 17], 1213.72602323, 1213.72602323, 0.,   0.        ,  0.        ,  0.        , 23, 20, 33. )
 (25, [12, 12, 13, 11, 14,  8, 25, 12, 13, 15, 41, 42,  5, 22, 33, 29,  2, 30, 44,  9, 23, 35, 28, 34, 38, 21,  7,  4, 46, 11,  3, 26, 32, 17, 43, 45, 24, 37, 40, 16, 27, 19, 31, 47, 20, 48, 39,  6, 36,  1, 10, 18], 1213.72602323, 1213.72602323, 0.,   0.        ,  0.        ,  0.        , 10, 43, 31.5)
 (21, [15, 11, 11, 11, 33, 41, 19, 13,  2, 46,  5, 23, 26, 39, 14, 16, 25,  3, 32,  8, 31, 47, 18, 10, 27,  4, 37, 42, 12, 35, 21, 38, 24, 22, 17,  7, 45,  6,  1, 34, 30, 44, 20, 28, 11, 43, 15, 29, 40, 48,  9, 36], 1213.72602323, 1213.72602323, 0.,   0.        ,  0.        ,  0.        , 13, 40, 33. )
 (49, [11, 12, 14, 11,  6, 22, 47, 48, 25, 31, 19,  7, 15, 10, 13, 28, 11,  5, 34,  9, 46, 42,  1, 45, 33,  4, 27,  2, 14, 39, 26,  3, 24, 40, 30, 21, 36, 32, 16, 23, 41, 38, 43, 12, 37, 29,  8, 44, 18, 35, 20, 17], 1213.72602323, 1213.72602323, 0.,   0.        ,  0.        ,  0.        ,  1, 50, 26. )
 (19, [ 9, 12, 11, 16,  7, 20, 11, 35, 27, 41, 17, 13, 43, 44, 19, 22,  5, 26, 40, 33,  6, 25, 30, 28, 46, 36, 10,  3, 31, 42, 12,  2,  1, 34, 37, 47,  8, 29, 16, 38, 23,  9, 45, 21, 18, 32, 15, 48, 24, 39, 14,  4], 1213.72602323, 1213.72602323, 0.,   0.        ,  0.        ,  0.        , 15, 38, 34. )
 (28, [19,  7, 12, 10, 42, 46, 39, 44, 31, 41, 35,  9, 47, 24, 12, 38, 21, 43, 32,  7, 34, 22, 37, 10, 45,  6, 27,  3, 48, 11, 28,  4, 19, 14,  1, 26, 25, 15, 40, 17, 18, 16, 13, 33, 20, 29,  8,  5, 36, 23, 30,  2], 1213.72602323, 1213.72602323, 0.,   0.        ,  0.        ,  0.        , 10, 43, 31.5)
 (20, [13, 11, 12, 12, 45, 44, 23,  7, 25, 21, 46, 15, 28, 33, 35, 36, 38, 18, 24, 43, 13,  4,  1, 20,  3, 37, 26, 31, 32, 22, 14, 39, 30, 12,  6, 40, 34, 41, 11, 19, 47, 48,  9,  5, 17,  8, 42, 10, 29, 27, 16,  2], 1213.72602323, 1213.72602323, 0.,   0.        ,  0.        ,  0.        , 14, 39, 33.5)
 (28, [19,  7, 12, 10, 42, 46, 39, 44, 31, 41, 35,  9, 47, 24, 12, 38, 21, 43, 32,  7, 34, 22, 37, 10, 45,  6, 27,  3, 48, 11, 28,  4, 19,  1, 14, 26, 25, 15, 40, 17, 18, 16, 13, 33, 20, 29,  8,  5, 36, 23, 30,  2], 1218.22184485, 1218.22184485, 0.,   0.        ,  0.        ,  3.        , 33, 12, 39. )
 (28, [19,  7, 12, 10, 42, 46, 39, 44, 31, 41, 35,  9, 47, 24, 12, 38, 21, 22, 43, 32,  7, 34, 37, 10, 45,  6, 27,  3, 48, 11, 28,  4, 19, 14,  1, 26, 25, 15, 40, 17, 18, 16, 13, 33, 20, 29,  8,  5, 36, 23, 30,  2], 1316.11194213, 1316.11194213, 0.,   0.        ,  0.        ,  3.        , 34, 14, 41. )
 (48, [11, 12, 11, 14,  8, 41, 21, 47, 25, 43, 17, 44, 42, 12,  5,  6,  4,  7, 20, 29, 48, 22, 30, 18, 39, 46, 11, 33, 15,  9, 16, 40, 13, 24,  1, 45, 28, 31, 38, 37, 26,  3, 34, 14, 19, 36, 23, 10, 32, 27, 35,  2], 1319.24496243, 1319.24496243, 0.,   0.        ,  0.        ,  6.        , 35,  8, 39. )
 (48, [11, 12, 11, 14,  8, 41, 21, 47, 25, 43, 17, 44, 42, 12,  5,  6,  4,  7, 20, 29, 48, 22, 30, 18, 39, 46, 11, 33, 15,  9, 16, 40, 13, 24,  1, 45, 28, 31, 38, 37, 26,  3, 34, 14, 19, 36, 23, 10, 32, 27, 35,  2], 1319.24496243, 1319.24496243, 0.,   0.        ,  0.        ,  6.        , 35,  8, 39. )
 (28, [20,  7, 10, 11, 42, 46, 39, 44, 31, 41, 35,  9, 47, 24, 12, 30, 38, 21, 43, 32,  7, 34, 22, 37, 10, 45,  6, 27,  3, 48, 11, 28,  4, 19, 14,  1, 26, 25, 15, 40, 17, 18, 16, 13, 33, 20, 29,  8,  5, 36, 23,  2], 1365.68156822, 1365.68156822, 0.,   0.        ,  0.        ,  7.        , 36,  6, 39. )
 (28, [19,  8, 12,  9, 42, 46, 39, 44, 31, 41, 35,  9, 47, 24, 12, 38, 21, 43, 32,  7, 34, 22, 37, 10, 45,  6, 27,  3, 48, 11, 28,  4,  5, 19, 14,  1, 26, 25, 15, 40, 17, 18, 16, 13, 33, 20, 29,  8, 36, 23, 30,  2], 1446.78119958, 1573.16235357, 0.,   0.        ,  0.        ,  5.        , 37,  9, 41.5)
 (28, [19,  7, 12, 10, 42, 46, 39, 44, 31, 41, 25, 35,  9, 47, 24, 12, 38, 21, 43, 32,  7, 34, 22, 37, 10, 45,  6, 27,  3, 48, 11, 28,  4, 19, 14,  1, 26, 15, 40, 17, 18, 16, 13, 33, 20, 29,  8,  5, 36, 23, 30,  2], 1481.90367873, 1481.90367873, 0.,   0.        ,  0.        ,  3.        , 38, 13, 44.5)
 (29, [12, 13, 12, 11, 42, 40, 47, 23, 36, 39,  4,  3, 13, 15,  2, 28, 14, 22, 27, 12, 35,  5, 37,  9, 38, 17, 24, 32, 44, 19, 43, 45, 34,  6, 29, 21, 31,  8,  1, 26, 33, 10, 16, 25, 46, 11, 48, 18, 30, 20,  7, 41], 1492.22849631, 1580.94357209, 0.,   0.        ,  0.        ,  3.        , 39, 15, 46.5)
 (29, [12, 13, 12, 11, 42, 40, 47, 23, 36, 39,  4,  3, 13, 15,  2, 28, 14, 22, 27, 12, 35,  5, 37,  9, 38, 17, 24, 32, 44, 19, 43, 45, 34,  6, 29, 21, 31,  8,  1, 26, 33, 10, 16, 25, 46, 11, 48, 18, 30, 20,  7, 41], 1492.22849631, 1580.94357209, 0.,   0.        ,  0.        ,  3.        , 39, 15, 46.5)
 (47, [13, 14, 11, 10, 34, 45,  5, 38,  2, 43, 41, 30, 31, 10, 47, 23, 22, 33, 20, 18, 15, 32, 39, 48, 19, 40, 28,  7, 25, 29, 36,  8, 13,  1, 46, 37,  9, 24, 26, 14, 21, 11, 17, 16, 27, 12, 44,  6,  3, 35, 42,  4], 1501.17837456, 1654.40273341, 0.,   0.        ,  0.        ,  3.        , 40, 17, 48.5)
 (47, [13, 14, 11, 10, 34, 45,  5, 38,  2, 43, 41, 30, 31, 10, 47, 23, 22, 33, 20, 18, 15, 32, 39, 48, 19, 40, 28,  7, 25, 29, 36,  8, 13,  1, 46, 37,  9, 24, 26, 14, 21, 11, 17, 16, 27, 12, 44,  6,  3, 35, 42,  4], 1501.17837456, 1654.40273341, 0.,   0.        ,  0.        ,  3.        , 40, 17, 48.5)
 (24, [14, 11, 10, 13, 10, 17, 42, 36,  3,  4, 38, 46, 22, 43, 40, 31, 30, 25, 18, 20, 14, 16, 24,  2,  9, 44,  5, 45, 32, 21, 41, 48,  7, 33, 15,  6, 35, 26, 39, 23, 27, 34, 28, 12, 13, 47,  8, 29, 37, 19, 11,  1], 1502.95850241, 1502.95850241, 0.,   0.        ,  0.        ,  3.        , 41, 16, 49. )
 (24, [14, 11, 10, 13, 10, 17, 42, 36,  3,  4, 38, 46, 22, 43, 40, 31, 30, 25, 18, 20, 14, 16, 24,  2,  9, 44,  5, 45, 32, 21, 41, 48,  7, 33, 15,  6, 35, 26, 39, 23, 27, 34, 28, 12, 13, 47,  8, 29, 37, 19, 11,  1], 1502.95850241, 1502.95850241, 0.,   0.        ,  0.        ,  3.        , 41, 16, 49. )
 (28, [19,  7, 12, 10, 42, 46, 39, 44, 31, 41, 35,  9, 47, 24, 12, 38,  6, 43, 32,  7, 34, 22, 37, 10, 45, 21, 27,  3, 48, 11, 28,  4, 19, 14,  1, 26, 25, 15, 40, 17, 18, 16, 13, 33, 20, 29,  8,  5, 36, 23, 30,  2], 1517.85805914, 1517.85805914, 0.,   0.        ,  0.        ,  4.        , 42, 10, 47. )
 (38, [18, 11,  9, 10,  3,  4, 29, 42, 24, 12, 44, 38, 27,  2, 19,  8, 48, 15, 23, 16, 17,  9, 30, 46, 43, 22, 31,  5, 41, 32, 21, 18,  6, 36, 33, 34, 47, 10, 11, 40, 28, 39,  1, 35, 13, 45, 26,  7, 25, 20, 14, 37], 1554.38177452, 1562.47002594, 0.,   0.        ,  0.        ,  3.        , 43, 18, 52. )
 (38, [18, 11,  9, 10,  3,  4, 29, 42, 24, 12, 44, 38, 27,  2, 19,  8, 48, 15, 23, 16, 17,  9, 30, 46, 43, 22, 31,  5, 41, 32, 21, 18,  6, 36, 33, 34, 47, 10, 11, 40, 28, 39,  1, 35, 13, 45, 26,  7, 25, 20, 14, 37], 1554.38177452, 1562.47002594, 0.,   0.        ,  0.        ,  3.        , 43, 18, 52. )
 (28, [19,  6, 12, 11, 42, 46, 39, 44, 31, 41, 35,  9, 47, 24, 12, 38, 21, 43, 32,  7, 34, 22, 28, 10, 45,  6, 27,  3, 48, 11, 37,  4, 19, 14,  1, 26, 25, 15, 40, 17, 18, 16, 13, 33, 20, 29,  8,  5, 36, 23, 30,  2], 1561.69242918, 1561.69242918, 0.,   0.        ,  0.        ,  6.        , 44,  7, 47.5)
 (28, [19,  7, 12, 10, 42, 46, 10, 37, 22, 34,  7, 32, 43, 21, 38, 12, 24, 47,  9, 35, 41, 31, 44, 39, 45,  6, 27,  3, 48, 11, 28,  4, 19, 14,  1, 26, 25, 15, 40, 17, 18, 16, 13, 33, 20, 29,  8,  5, 36, 23, 30,  2], 1589.47049275, 1589.47049275, 0.,   0.        ,  0.        , 19.        , 45,  2, 46. )
 (31, [10, 11, 13, 14, 24, 30, 27, 44, 15, 38, 11, 13, 28,  4, 41, 39, 10, 14, 37, 40,  1, 22, 46, 43,  7, 31, 34, 36, 16, 18,  5, 25, 45, 21, 48,  3,  9, 35,  2, 12, 32, 42, 29, 33, 19, 17, 47,  6, 20,  8, 26, 23], 1613.68688484, 1613.68688484, 0.,   0.        ,  0.        ,  3.        , 46, 11, 51.5)
 (36, [12, 10, 15, 11, 14,  4, 38, 28, 42, 45, 16, 48, 25, 27, 15, 12,  3, 23, 33, 37, 10, 17, 19, 21, 18,  7, 26, 36,  6,  9,  8, 20,  2, 44, 31, 47,  5, 22, 40, 35, 11, 32,  1, 39, 24, 34, 46, 30, 43, 29, 13, 41], 1751.40486693, 1752.146089  , 0.,   0.        ,  0.        , 17.66666667, 48,  3, 49.5)
 (36, [12, 10, 15, 11, 14,  4, 38, 28, 42, 45, 16, 48, 25, 27, 15, 12,  3, 23, 33, 37, 10, 17, 19, 21, 18,  7, 26, 36,  6,  9,  8, 20,  2, 44, 31, 47,  5, 22, 40, 35, 11, 32,  1, 39, 24, 34, 46, 30, 43, 29, 13, 41], 1751.40486693, 1752.146089  , 0.,   0.        ,  0.        , 17.66666667, 48,  3, 49.5)
 (23, [11, 12, 13, 12, 20,  1, 31, 42, 36, 47, 25, 41, 12, 30, 24, 17, 27, 33, 10, 29, 32, 37, 14, 28, 43,  9, 21,  6, 22, 48, 11, 23, 15, 26, 39,  5,  7, 18,  4,  8, 35,  2, 19, 44, 16, 34, 46,  3, 13, 45, 40, 38], 1804.05573055, 1882.45383601, 0.,  23.22246044,  0.        , 12.66666667, 47,  5, 49.5)
 (23, [11, 12, 13, 12, 20,  1, 31, 42, 36, 47, 25, 41, 12, 30, 24, 17, 27, 33, 10, 29, 32, 37, 14, 28, 43,  9, 21,  6, 22, 48, 11, 23, 15, 26, 39,  5,  7, 18,  4,  8, 35,  2, 19, 44, 16, 34, 46,  3, 13, 45, 40, 38], 1804.05573055, 1882.45383601, 0.,  23.22246044,  0.        , 12.66666667, 47,  5, 49.5)
 (22, [11, 14, 11, 12, 22, 25, 32, 30,  3, 13,  4, 20,  7, 33, 18, 36, 35, 23, 24, 38, 28,  9, 16, 19, 40, 42, 17, 43,  1, 39, 37, 48, 31, 34, 10,  5, 47, 45,  8, 12, 27, 15, 11, 14, 46, 41, 21,  6,  2, 26, 29, 44], 2414.27126233, 2349.40179579, 0.,  32.92097132, 49.31717696, 15.        , 49,  4, 51. )
 (22, [11, 14, 11, 12, 22, 25, 32, 30,  3, 13,  4, 20,  7, 33, 18, 36, 35, 23, 24, 38, 28,  9, 16, 19, 40, 42, 17, 43,  1, 39, 37, 48, 31, 34, 10,  5, 47, 45,  8, 12, 27, 15, 11, 14, 46, 41, 21,  6,  2, 26, 29, 44], 2414.27126233, 2349.40179579, 0.,  32.92097132, 49.31717696, 15.        , 49,  4, 51. )
 (28, [20,  7, 11, 10, 42, 46, 39, 44, 31,  8, 29, 20, 33, 13, 16, 18, 17, 40, 15, 25, 26,  1, 14, 19,  4, 28, 11, 48,  3, 27,  6, 45, 10, 37, 22, 34,  7, 32, 43, 21, 38, 12, 24, 47,  9, 35, 41,  5, 36, 23, 30,  2], 2506.8429844 , 3153.26317537, 0., 170.09301624, 52.99013968, 22.33333333, 50,  1, 50.5)]