
Total Runtime in seconds: 162.0700192451477Parameters:
population_size: 100, max_generations: 1000, executed generations: 1000, threshold_no_improvement: 500
target feasible proportion: 25
fitness_scaling: power_rank, selection_method: n_tournaments
p_c: 0.8, p_m: 0.1
tournament_size: 2, n_elite: 10
survivor_selection_step: 200, p_selection_survival: 0.7
kill clone step: 100
diversify_step: 300, diversify_step: 300, p_diversify_survival: 0.3
n_closest_neighbors: 3, diversity_weight: 0.5, distance_method: broken_pairs_distance
capacity_penalty_factor: 2, duration_penalty_factor 2, time_window_penalty: 2
Best fitness all generations, best individual before/after local search: 1399.959460598258, 1399.959460598258 / 1399.959460598258
Best individual found before local search: (86, [10, 14, 10, 14, 35, 43, 21, 32, 37, 44, 31, 26, 16, 36,  7, 41, 28,  4, 19, 22, 48, 11, 42, 46, 34,  6,  3, 27,  1, 14, 13, 33, 20, 29,  8,  5, 17, 18, 30,  9, 45, 10, 39,  2, 15, 25, 23, 47, 24, 12, 38, 40], 1399.9594606, 1399.9594606, 0., 0., 0., 0., 0, 0, 0.)
Best individual found after local search: (86, [10, 14, 10, 14, 35, 43, 21, 32, 37, 44, 31, 26, 16, 36,  7, 41, 28,  4, 19, 22, 48, 11, 42, 46, 34,  6,  3, 27,  1, 14, 13, 33, 20, 29,  8,  5, 17, 18, 30,  9, 45, 10, 39,  2, 15, 25, 23, 47, 24, 12, 38, 40], 1399.9594606, 1399.9594606, 0., 0., 0., 0., 0, 0, 0.)
Best feasible individual found: (86, [10, 14, 10, 14, 35, 43, 21, 32, 37, 44, 31, 26, 16, 36,  7, 41, 28,  4, 19, 22, 48, 11, 42, 46, 34,  6,  3, 27,  1, 14, 13, 33, 20, 29,  8,  5, 17, 18, 30,  9, 45, 10, 39,  2, 15, 25, 23, 47, 24, 12, 38, 40], 1399.9594606, 1399.9594606, 0., 0., 0., 0., 0, 0, 0.)

Fitness stats min: [3484.93569605 3442.87667928 3364.57178943 3364.18473664 3364.18473664
 3363.81514694 3220.9673965  3053.96446316 3053.96446316 3053.96446316
 3053.96446316 3052.20523528 2904.70106857 2904.70106857 2580.54343926
 2580.54343926 2580.54343926 2580.54343926 2555.53241557 2527.86893956
 2527.86893956 2527.86893956 2527.86893956 2457.94238609 2457.94238609
 2450.64075975 2412.87909285 2384.17098901 2384.17098901 2318.70010585
 2318.70010585 2318.62416161 2292.28436919 2292.28436919 2262.77012062
 2262.77012062 2252.98856614 2226.97878742 2205.20555201 2205.20555201
 2181.27111033 2172.71082614 2172.71082614 2172.21555918 2122.81658741
 2122.81658741 2097.48417177 2097.48417177 2097.48417177 2094.0209969
 2070.90304353 2070.90304353 2062.85257197 2062.85257197 2062.85257197
 2060.79873616 2060.79873616 2060.79873616 2059.698342   2057.07633469
 2056.92447319 2023.17239057 2023.17239057 2023.17239057 2000.79068447
 2000.79068447 2000.75607281 1998.76798389 1998.76798389 1998.76798389
 1998.76798389 1989.28909461 1989.28909461 1989.28909461 1974.49475838
 1974.49475838 1974.49475838 1954.26809956 1954.26809956 1938.47354755
 1938.47354755 1928.06273671 1928.06273671 1928.06273671 1927.89081315
 1927.89081315 1927.89081315 1916.55066893 1916.55066893 1916.55066893
 1916.37874537 1916.37874537 1887.58033151 1876.01498667 1876.01498667
 1867.72414928 1867.72414928 1858.76795074 1858.76795074 1828.53446707
 1828.53446707 1799.24217227 1799.24217227 1799.24217227 1799.24217227
 1799.24217227 1799.24217227 1799.24217227 1783.11840604 1783.11840604
 1783.11840604 1783.11840604 1783.11840604 1783.11840604 1783.11840604
 1783.11840604 1783.11840604 1783.11840604 1783.11840604 1783.11840604
 1783.11840604 1776.04882431 1776.04882431 1776.04882431 1776.04882431
 1776.04882431 1776.04882431 1776.04882431 1748.93484187 1748.93484187
 1748.93484187 1748.93484187 1748.93484187 1748.93484187 1746.74581254
 1746.74581254 1746.74581254 1746.74581254 1739.55881809 1739.55881809
 1739.55881809 1739.55881809 1739.55881809 1739.55881809 1739.55881809
 1739.55881809 1739.55881809 1739.55881809 1739.55881809 1739.55881809
 1739.55881809 1735.11914223 1735.11914223 1735.11914223 1733.46604372
 1733.46604372 1733.46604372 1733.46604372 1733.46604372 1733.46604372
 1733.46604372 1733.46604372 1733.46604372 1733.46604372 1733.46604372
 1733.46604372 1733.46604372 1733.46604372 1733.46604372 1733.46604372
 1733.46604372 1733.46604372 1733.46604372 1733.46604372 1733.46604372
 1733.46604372 1733.46604372 1733.46604372 1733.46604372 1733.46604372
 1733.46604372 1733.46604372 1733.46604372 1733.46604372 1733.46604372
 1733.46604372 1733.46604372 1733.46604372 1733.46604372 1733.46604372
 1733.46604372 1733.46604372 1733.46604372 1733.46604372 1733.46604372
 1733.46604372 1733.46604372 1733.46604372 1733.46604372 1733.46604372
 1733.46604372 1724.20376075 1724.20376075 1724.20376075 1724.20376075
 1724.20376075 1724.20376075 1724.20376075 1724.20376075 1724.20376075
 1724.20376075 1724.20376075 1724.20376075 1724.20376075 1724.20376075
 1724.20376075 1724.20376075 1724.20376075 1724.20376075 1724.20376075
 1724.20376075 1724.20376075 1724.20376075 1724.20376075 1724.20376075
 1724.20376075 1724.20376075 1724.20376075 1724.20376075 1724.20376075
 1724.20376075 1724.20376075 1724.20376075 1724.20376075 1724.20376075
 1724.20376075 1724.20376075 1724.20376075 1724.20376075 1724.20376075
 1724.20376075 1724.20376075 1724.20376075 1724.20376075 1724.20376075
 1724.20376075 1724.20376075 1724.20376075 1724.20376075 1724.20376075
 1724.20376075 1724.20376075 1724.20376075 1724.20376075 1724.20376075
 1724.20376075 1724.20376075 1724.20376075 1724.20376075 1724.20376075
 1724.20376075 1724.20376075 1724.20376075 1724.20376075 1724.20376075
 1724.20376075 1724.20376075 1724.20376075 1724.20376075 1724.20376075
 1724.20376075 1724.20376075 1724.20376075 1724.20376075 1724.20376075
 1724.20376075 1724.20376075 1724.20376075 1724.20376075 1724.20376075
 1724.20376075 1724.20376075 1724.20376075 1724.20376075 1724.20376075
 1724.20376075 1724.20376075 1724.20376075 1724.20376075 1724.20376075
 1724.20376075 1724.20376075 1705.47489481 1705.47489481 1705.47489481
 1705.47489481 1705.47489481 1705.47489481 1705.47489481 1705.47489481
 1705.47489481 1705.47489481 1705.47489481 1705.47489481 1705.47489481
 1705.47489481 1705.47489481 1705.77070736 1679.19341553 1679.19341553
 1679.19341553 1679.19341553 1679.19341553 1679.19341553 1676.10111468
 1676.10111468 1676.10111468 1676.10111468 1676.10111468 1665.55299193
 1665.55299193 1665.55299193 1665.55299193 1665.55299193 1665.55299193
 1665.55299193 1665.55299193 1665.55299193 1665.55299193 1665.55299193
 1665.55299193 1665.55299193 1665.55299193 1665.55299193 1665.55299193
 1665.55299193 1665.55299193 1665.55299193 1665.55299193 1665.55299193
 1665.55299193 1665.55299193 1665.55299193 1665.55299193 1665.55299193
 1665.55299193 1665.55299193 1665.55299193 1665.55299193 1665.55299193
 1665.55299193 1665.55299193 1665.55299193 1665.55299193 1665.55299193
 1665.55299193 1665.55299193 1665.55299193 1665.55299193 1665.55299193
 1665.55299193 1665.55299193 1661.71131416 1661.71131416 1661.71131416
 1661.71131416 1661.71131416 1661.71131416 1661.71131416 1661.71131416
 1661.71131416 1661.71131416 1661.71131416 1661.71131416 1661.71131416
 1661.71131416 1661.71131416 1661.71131416 1661.71131416 1661.71131416
 1661.71131416 1661.71131416 1661.71131416 1661.71131416 1661.71131416
 1661.71131416 1661.71131416 1661.71131416 1661.71131416 1661.71131416
 1661.71131416 1661.71131416 1661.71131416 1661.71131416 1661.71131416
 1661.71131416 1661.71131416 1661.71131416 1661.71131416 1661.71131416
 1661.71131416 1661.71131416 1661.71131416 1661.71131416 1661.71131416
 1661.71131416 1661.71131416 1661.71131416 1661.71131416 1661.71131416
 1661.71131416 1661.71131416 1661.71131416 1661.71131416 1661.71131416
 1661.71131416 1661.71131416 1661.71131416 1661.71131416 1661.71131416
 1661.71131416 1661.71131416 1661.71131416 1628.44559275 1628.44559275
 1628.44559275 1628.44559275 1628.44559275 1628.44559275 1628.44559275
 1628.44559275 1628.44559275 1628.44559275 1628.44559275 1628.44559275
 1628.44559275 1628.44559275 1628.44559275 1628.44559275 1628.44559275
 1628.44559275 1628.44559275 1628.44559275 1625.05973098 1625.05973098
 1625.05973098 1625.05973098 1625.05973098 1625.05973098 1625.05973098
 1625.05973098 1625.05973098 1625.05973098 1625.05973098 1625.05973098
 1625.05973098 1625.05973098 1625.05973098 1625.05973098 1625.05973098
 1625.05973098 1625.05973098 1625.05973098 1625.05973098 1625.05973098
 1625.05973098 1625.05973098 1625.05973098 1625.05973098 1625.05973098
 1625.05973098 1625.05973098 1625.05973098 1625.05973098 1625.05973098
 1625.05973098 1625.05973098 1625.05973098 1625.05973098 1625.05973098
 1625.05973098 1625.05973098 1625.05973098 1609.21198125 1609.21198125
 1609.21198125 1609.21198125 1609.21198125 1609.21198125 1609.21198125
 1609.21198125 1609.21198125 1609.21198125 1609.21198125 1609.21198125
 1609.21198125 1609.21198125 1609.21198125 1609.21198125 1609.21198125
 1609.21198125 1609.21198125 1609.21198125 1609.21198125 1609.21198125
 1609.21198125 1609.21198125 1609.21198125 1609.21198125 1609.21198125
 1609.21198125 1609.21198125 1609.21198125 1609.21198125 1609.21198125
 1609.21198125 1609.21198125 1609.21198125 1609.21198125 1609.21198125
 1609.21198125 1609.21198125 1609.21198125 1609.21198125 1609.21198125
 1609.21198125 1609.21198125 1609.21198125 1609.21198125 1609.21198125
 1609.21198125 1609.21198125 1609.21198125 1609.21198125 1609.21198125
 1609.21198125 1609.21198125 1609.21198125 1609.21198125 1609.21198125
 1609.21198125 1602.31703321 1602.31703321 1602.31703321 1602.31703321
 1602.31703321 1602.31703321 1591.25736711 1591.25736711 1591.25736711
 1591.25736711 1591.25736711 1591.25736711 1591.25736711 1587.39562359
 1587.39562359 1587.39562359 1587.39562359 1587.39562359 1587.39562359
 1587.39562359 1587.39562359 1587.39562359 1587.44735728 1587.44735728
 1587.50167765 1587.50167765 1587.55871403 1587.55871403 1587.61860224
 1587.61860224 1587.68148485 1587.68148485 1587.7475116  1587.7475116
 1587.81683968 1587.81683968 1587.88963417 1587.88963417 1587.96606838
 1587.96606838 1588.04632431 1588.04632431 1588.13059303 1588.13059303
 1588.21907518 1588.21907518 1588.31198144 1588.31198144 1588.40953302
 1588.40953302 1588.51196217 1588.51196217 1588.61951279 1588.61951279
 1588.73244093 1588.73244093 1588.85101548 1588.85101548 1588.97551876
 1588.97551876 1589.1062472  1589.1062472  1589.24351206 1589.24351206
 1589.38764017 1589.38764017 1589.53897468 1589.53897468 1589.69787592
 1589.69787592 1589.86472222 1589.86472222 1590.03991084 1590.03991084
 1590.22385888 1590.22385888 1576.20338766 1576.20338766 1576.20338766
 1576.20338766 1576.20338766 1576.20338766 1576.20338766 1575.57484652
 1575.57484652 1575.57484652 1575.57484652 1575.44977457 1575.44977457
 1575.44977457 1575.44977457 1575.44977457 1575.44977457 1575.44977457
 1575.44977457 1575.44977457 1575.44977457 1575.44977457 1575.44977457
 1575.44977457 1575.44977457 1575.44977457 1575.44977457 1575.44977457
 1575.44977457 1575.44977457 1575.44977457 1575.44977457 1575.44977457
 1575.44977457 1575.44977457 1575.44977457 1575.44977457 1575.44977457
 1575.44977457 1575.44977457 1575.44977457 1575.44977457 1575.44977457
 1575.44977457 1575.44977457 1575.44977457 1575.44977457 1575.44977457
 1575.44977457 1575.44977457 1575.44977457 1575.44977457 1575.44977457
 1575.44977457 1575.44977457 1575.44977457 1575.44977457 1575.44977457
 1575.44977457 1575.44977457 1575.44977457 1575.44977457 1575.44977457
 1575.44977457 1575.44977457 1575.44977457 1575.44977457 1575.44977457
 1575.44977457 1575.44977457 1575.44977457 1575.44977457 1575.44977457
 1575.44977457 1575.44977457 1575.44977457 1575.44977457 1575.44977457
 1575.44977457 1575.44977457 1575.44977457 1575.44977457 1575.44977457
 1575.44977457 1575.44977457 1575.44977457 1572.29877456 1572.29877456
 1572.29877456 1572.29877456 1572.29877456 1571.94608674 1571.94608674
 1571.94608674 1571.94608674 1571.94608674 1571.94608674 1571.94608674
 1571.94608674 1571.94608674 1557.76661586 1557.76661586 1557.76661586
 1516.90844062 1516.90844062 1516.90844062 1516.90844062 1516.90844062
 1516.90844062 1516.90844062 1516.90844062 1516.90844062 1516.90844062
 1516.90844062 1516.90844062 1516.90844062 1516.90844062 1516.90844062
 1516.90844062 1516.90844062 1516.90844062 1516.90844062 1516.90844062
 1516.90844062 1516.90844062 1516.90844062 1516.90844062 1516.90844062
 1516.90844062 1516.90844062 1516.90844062 1516.90844062 1516.90844062
 1516.90844062 1516.90844062 1516.90844062 1516.90844062 1516.90844062
 1516.90844062 1516.90844062 1516.90844062 1516.90844062 1516.90844062
 1516.90844062 1516.90844062 1516.90844062 1516.90844062 1516.90844062
 1516.90844062 1516.90844062 1516.90844062 1516.90844062 1516.90844062
 1516.90844062 1516.90844062 1516.90844062 1516.90844062 1516.90844062
 1516.90844062 1516.90844062 1516.90844062 1516.90844062 1516.90844062
 1516.90844062 1516.90844062 1516.90844062 1516.90844062 1516.90844062
 1516.90844062 1516.90844062 1516.90844062 1516.90844062 1516.90844062
 1512.96838817 1512.96838817 1512.96838817 1512.96838817 1512.96838817
 1512.96838817 1512.96838817 1512.96838817 1512.96838817 1512.96838817
 1512.96838817 1512.96838817 1512.96838817 1512.96838817 1512.96838817
 1512.96838817 1512.96838817 1512.96838817 1512.96838817 1512.96838817
 1512.96838817 1512.96838817 1503.27398173 1503.27398173 1503.27398173
 1503.27398173 1503.27398173 1503.27398173 1503.27398173 1503.27398173
 1503.27398173 1503.27398173 1503.27398173 1503.27398173 1503.27398173
 1503.27398173 1487.38549436 1487.38549436 1487.38549436 1487.38549436
 1487.38549436 1487.38549436 1487.38549436 1487.38549436 1487.38549436
 1487.38549436 1487.38549436 1487.38549436 1487.38549436 1487.38549436
 1487.38549436 1487.38549436 1487.38549436 1487.38549436 1487.38549436
 1487.38549436 1487.38549436 1487.38549436 1487.38549436 1487.38549436
 1487.38549436 1487.38549436 1487.38549436 1487.38549436 1487.38549436
 1487.38549436 1487.38549436 1487.38549436 1487.38549436 1460.95594452
 1460.95594452 1460.95594452 1460.95594452 1460.95594452 1460.95594452
 1460.95594452 1460.95594452 1460.95594452 1460.95594452 1460.95594452
 1460.95594452 1460.95594452 1460.95594452 1460.95594452 1460.95594452
 1460.95594452 1458.97217793 1458.97217793 1458.97217793 1458.97217793
 1458.97217793 1458.97217793 1458.97217793 1458.97217793 1458.97217793
 1458.97217793 1458.97217793 1458.97217793 1458.97217793 1458.97217793
 1458.97217793 1458.97217793 1447.84613859 1447.84613859 1447.84613859
 1447.84613859 1447.84613859 1447.84613859 1447.84613859 1447.84613859
 1447.84613859 1447.84613859 1447.84613859 1447.84613859 1447.84613859
 1447.84613859 1447.84613859 1447.84613859 1423.9533155  1423.9533155
 1423.9533155  1419.83352883 1419.83352883 1419.83352883 1419.83352883
 1419.83352883 1419.83352883 1419.83352883 1419.83352883 1419.83352883
 1419.83352883 1419.83352883 1419.83352883 1419.83352883 1419.83352883
 1419.83352883 1419.83352883 1419.83352883 1419.83352883 1419.83352883
 1412.85796822 1412.85796822 1412.85796822 1412.85796822 1407.43137305
 1407.43137305 1407.43137305 1407.43137305 1407.43137305 1407.43137305
 1407.43137305 1407.43137305 1407.43137305 1403.35329648 1403.35329648
 1403.35329648 1403.35329648 1403.35329648 1403.35329648 1403.35329648
 1403.35329648 1403.35329648 1403.35329648 1403.35329648 1403.35329648
 1403.35329648 1403.35329648 1403.35329648 1399.9594606  1399.9594606
 1399.9594606  1399.9594606  1399.9594606  1399.9594606  1399.9594606
 1399.9594606  1399.9594606  1399.9594606  1399.9594606  1399.9594606
 1399.9594606  1399.9594606  1399.9594606  1399.9594606  1399.9594606
 1399.9594606  1399.9594606  1399.9594606  1399.9594606  1399.9594606
 1399.9594606  1399.9594606  1399.9594606  1399.9594606  1399.9594606
 1399.9594606  1399.9594606  1399.9594606  1399.9594606  1399.9594606
 1399.9594606  1399.9594606  1399.9594606  1399.9594606  1399.9594606
 1399.9594606  1399.9594606  1399.9594606  1399.9594606  1399.9594606
 1399.9594606 ] 

Fitness stats feasible min: [3484.93569605 3442.87667928 3388.13770015 3388.13770015 3388.13770015
 3388.13770015 3364.99954046 3171.2069536  3171.2069536  3070.88477242
 3070.88477242 3052.20523528 2982.50396209 2982.50396209 2881.07680688
 2881.07680688 2836.77735299 2751.47455858 2675.77388488 2675.77388488
 2621.43178199 2572.22353712 2557.46135428 2557.46135428 2487.43908725
 2487.43908725 2487.43908725 2428.32632813 2428.32632813 2428.32632813
 2357.82012585 2357.82012585 2292.28436919 2292.28436919 2292.28436919
 2283.4702638  2252.98856614 2252.98856614 2239.01511937 2239.01511937
 2204.57295549 2200.75699511 2200.75699511 2180.7612977  2180.7612977
 2125.00659803 2125.00659803 2107.39534217 2102.0474117  2094.0209969
 2070.90304353 2070.90304353 2070.90304353 2070.90304353 2070.90304353
 2060.79873616 2060.79873616 2060.79873616 2060.79873616 2057.64450618
 2057.64450618 2049.86159524 2042.43874091 2023.54784932 2000.79068447
 2000.79068447 2000.75607281 1998.76798389 1998.76798389 1998.76798389
 1998.76798389 1989.28909461 1989.28909461 1989.28909461 1989.28909461
 1989.28909461 1988.18524949 1988.18524949 1988.18524949 1988.18524949
 1987.25155092 1973.2259623  1973.2259623  1972.12211718 1972.12211718
 1972.12211718 1942.75603178 1916.55066893 1916.55066893 1916.55066893
 1916.37874537 1916.37874537 1907.37292184 1876.01498667 1876.01498667
 1867.72414928 1867.72414928 1858.76795074 1858.76795074 1828.53446707
 1828.53446707 1799.24217227 1799.24217227 1799.24217227 1799.24217227
 1799.24217227 1799.24217227 1799.24217227 1783.11840604 1783.11840604
 1783.11840604 1783.11840604 1783.11840604 1783.11840604 1783.11840604
 1783.11840604 1783.11840604 1783.11840604 1783.11840604 1783.11840604
 1783.11840604 1783.11840604 1783.11840604 1783.11840604 1783.11840604
 1783.11840604 1783.11840604 1783.11840604 1748.93484187 1748.93484187
 1748.93484187 1748.93484187 1748.93484187 1748.93484187 1746.74581254
 1746.74581254 1746.74581254 1746.74581254 1739.55881809 1739.55881809
 1739.55881809 1739.55881809 1739.55881809 1739.55881809 1739.55881809
 1739.55881809 1739.55881809 1739.55881809 1739.55881809 1739.55881809
 1739.55881809 1735.11914223 1735.11914223 1735.11914223 1733.46604372
 1733.46604372 1733.46604372 1733.46604372 1733.46604372 1733.46604372
 1733.46604372 1733.46604372 1733.46604372 1733.46604372 1733.46604372
 1733.46604372 1733.46604372 1733.46604372 1733.46604372 1733.46604372
 1733.46604372 1733.46604372 1733.46604372 1733.46604372 1733.46604372
 1733.46604372 1733.46604372 1733.46604372 1733.46604372 1733.46604372
 1733.46604372 1733.46604372 1733.46604372 1733.46604372 1733.46604372
 1733.46604372 1733.46604372 1733.46604372 1733.46604372 1733.46604372
 1733.46604372 1733.46604372 1733.46604372 1733.46604372 1733.46604372
 1733.46604372 1733.46604372 1733.46604372 1733.46604372 1733.46604372
 1733.46604372 1724.20376075 1724.20376075 1724.20376075 1724.20376075
 1724.20376075 1724.20376075 1724.20376075 1724.20376075 1724.20376075
 1724.20376075 1724.20376075 1724.20376075 1724.20376075 1724.20376075
 1724.20376075 1724.20376075 1724.20376075 1724.20376075 1724.20376075
 1724.20376075 1724.20376075 1724.20376075 1724.20376075 1724.20376075
 1724.20376075 1724.20376075 1724.20376075 1724.20376075 1724.20376075
 1724.20376075 1724.20376075 1724.20376075 1724.20376075 1724.20376075
 1724.20376075 1724.20376075 1724.20376075 1724.20376075 1724.20376075
 1724.20376075 1724.20376075 1724.20376075 1724.20376075 1724.20376075
 1724.20376075 1724.20376075 1724.20376075 1724.20376075 1724.20376075
 1724.20376075 1724.20376075 1724.20376075 1724.20376075 1724.20376075
 1724.20376075 1724.20376075 1724.20376075 1724.20376075 1724.20376075
 1724.20376075 1724.20376075 1724.20376075 1724.20376075 1724.20376075
 1724.20376075 1724.20376075 1724.20376075 1724.20376075 1724.20376075
 1724.20376075 1724.20376075 1724.20376075 1724.20376075 1724.20376075
 1724.20376075 1724.20376075 1724.20376075 1724.20376075 1724.20376075
 1724.20376075 1724.20376075 1724.20376075 1724.20376075 1724.20376075
 1724.20376075 1724.20376075 1724.20376075 1724.20376075 1724.20376075
 1724.20376075 1724.20376075 1724.20376075 1724.20376075 1724.20376075
 1724.20376075 1724.20376075 1724.20376075 1724.20376075 1724.20376075
 1716.46522241 1716.46522241 1716.46522241 1716.46522241 1716.46522241
 1716.46522241 1716.46522241 1716.46522241 1679.19341553 1679.19341553
 1679.19341553 1679.19341553 1679.19341553 1679.19341553 1676.10111468
 1676.10111468 1676.10111468 1676.10111468 1676.10111468 1665.55299193
 1665.55299193 1665.55299193 1665.55299193 1665.55299193 1665.55299193
 1665.55299193 1665.55299193 1665.55299193 1665.55299193 1665.55299193
 1665.55299193 1665.55299193 1665.55299193 1665.55299193 1665.55299193
 1665.55299193 1665.55299193 1665.55299193 1665.55299193 1665.55299193
 1665.55299193 1665.55299193 1665.55299193 1665.55299193 1665.55299193
 1665.55299193 1665.55299193 1665.55299193 1665.55299193 1665.55299193
 1665.55299193 1665.55299193 1665.55299193 1665.55299193 1665.55299193
 1665.55299193 1665.55299193 1665.55299193 1665.55299193 1665.55299193
 1665.55299193 1665.55299193 1661.71131416 1661.71131416 1661.71131416
 1661.71131416 1661.71131416 1661.71131416 1661.71131416 1661.71131416
 1661.71131416 1661.71131416 1661.71131416 1661.71131416 1661.71131416
 1661.71131416 1661.71131416 1661.71131416 1661.71131416 1661.71131416
 1661.71131416 1661.71131416 1661.71131416 1661.71131416 1661.71131416
 1661.71131416 1661.71131416 1661.71131416 1661.71131416 1661.71131416
 1661.71131416 1661.71131416 1661.71131416 1661.71131416 1661.71131416
 1661.71131416 1661.71131416 1661.71131416 1661.71131416 1661.71131416
 1661.71131416 1661.71131416 1661.71131416 1661.71131416 1661.71131416
 1661.71131416 1661.71131416 1661.71131416 1661.71131416 1661.71131416
 1661.71131416 1661.71131416 1661.71131416 1661.71131416 1661.71131416
 1661.71131416 1661.71131416 1661.71131416 1661.71131416 1661.71131416
 1661.71131416 1661.71131416 1661.71131416 1628.44559275 1628.44559275
 1628.44559275 1628.44559275 1628.44559275 1628.44559275 1628.44559275
 1628.44559275 1628.44559275 1628.44559275 1628.44559275 1628.44559275
 1628.44559275 1628.44559275 1628.44559275 1628.44559275 1628.44559275
 1628.44559275 1628.44559275 1628.44559275 1625.05973098 1625.05973098
 1625.05973098 1625.05973098 1625.05973098 1625.05973098 1625.05973098
 1625.05973098 1625.05973098 1625.05973098 1625.05973098 1625.05973098
 1625.05973098 1625.05973098 1625.05973098 1625.05973098 1625.05973098
 1625.05973098 1625.05973098 1625.05973098 1625.05973098 1625.05973098
 1625.05973098 1625.05973098 1625.05973098 1625.05973098 1625.05973098
 1625.05973098 1625.05973098 1625.05973098 1625.05973098 1625.05973098
 1625.05973098 1625.05973098 1625.05973098 1625.05973098 1625.05973098
 1625.05973098 1625.05973098 1625.05973098 1609.21198125 1609.21198125
 1609.21198125 1609.21198125 1609.21198125 1609.21198125 1609.21198125
 1609.21198125 1609.21198125 1609.21198125 1609.21198125 1609.21198125
 1609.21198125 1609.21198125 1609.21198125 1609.21198125 1609.21198125
 1609.21198125 1609.21198125 1609.21198125 1609.21198125 1609.21198125
 1609.21198125 1609.21198125 1609.21198125 1609.21198125 1609.21198125
 1609.21198125 1609.21198125 1609.21198125 1609.21198125 1609.21198125
 1609.21198125 1609.21198125 1609.21198125 1609.21198125 1609.21198125
 1609.21198125 1609.21198125 1609.21198125 1609.21198125 1609.21198125
 1609.21198125 1609.21198125 1609.21198125 1609.21198125 1609.21198125
 1609.21198125 1609.21198125 1609.21198125 1609.21198125 1609.21198125
 1609.21198125 1609.21198125 1609.21198125 1609.21198125 1609.21198125
 1609.21198125 1602.31703321 1602.31703321 1602.31703321 1602.31703321
 1602.31703321 1602.31703321 1602.31703321 1602.31703321 1602.31703321
 1602.31703321 1602.31703321 1602.31703321 1602.31703321 1602.31703321
 1602.31703321 1602.31703321 1602.31703321 1602.31703321 1602.31703321
 1602.31703321 1602.31703321 1602.31703321 1602.31703321 1602.31703321
 1602.31703321 1602.31703321 1602.31703321 1602.31703321 1602.31703321
 1602.31703321 1602.31703321 1602.31703321 1602.31703321 1602.31703321
 1602.31703321 1602.31703321 1602.31703321 1602.31703321 1602.31703321
 1602.31703321 1602.31703321 1602.31703321 1602.31703321 1602.31703321
 1602.31703321 1602.31703321 1602.31703321 1602.31703321 1597.28227128
 1597.28227128 1597.28227128 1597.28227128 1597.28227128 1597.28227128
 1597.28227128 1597.28227128 1597.28227128 1597.28227128 1597.28227128
 1597.28227128 1595.90846107 1595.90846107 1595.90846107 1595.90846107
 1595.90846107 1595.90846107 1595.90846107 1595.90846107 1595.90846107
 1595.90846107 1595.90846107 1595.90846107 1595.90846107 1595.90846107
 1595.90846107 1595.90846107 1576.20338766 1576.20338766 1576.20338766
 1576.20338766 1576.20338766 1576.20338766 1576.20338766 1575.57484652
 1575.57484652 1575.57484652 1575.57484652 1575.44977457 1575.44977457
 1575.44977457 1575.44977457 1575.44977457 1575.44977457 1575.44977457
 1575.44977457 1575.44977457 1575.44977457 1575.44977457 1575.44977457
 1575.44977457 1575.44977457 1575.44977457 1575.44977457 1575.44977457
 1575.44977457 1575.44977457 1575.44977457 1575.44977457 1575.44977457
 1575.44977457 1575.44977457 1575.44977457 1575.44977457 1575.44977457
 1575.44977457 1575.44977457 1575.44977457 1575.44977457 1575.44977457
 1575.44977457 1575.44977457 1575.44977457 1575.44977457 1575.44977457
 1575.44977457 1575.44977457 1575.44977457 1575.44977457 1575.44977457
 1575.44977457 1575.44977457 1575.44977457 1575.44977457 1575.44977457
 1575.44977457 1575.44977457 1575.44977457 1575.44977457 1575.44977457
 1575.44977457 1575.44977457 1575.44977457 1575.44977457 1575.44977457
 1575.44977457 1575.44977457 1575.44977457 1575.44977457 1575.44977457
 1575.44977457 1575.44977457 1575.44977457 1575.44977457 1575.44977457
 1575.44977457 1575.44977457 1575.44977457 1575.44977457 1575.44977457
 1575.44977457 1575.44977457 1575.44977457 1572.29877456 1572.29877456
 1572.29877456 1572.29877456 1572.29877456 1571.94608674 1571.94608674
 1571.94608674 1571.94608674 1571.94608674 1571.94608674 1571.94608674
 1571.94608674 1571.94608674 1557.76661586 1557.76661586 1557.76661586
 1516.90844062 1516.90844062 1516.90844062 1516.90844062 1516.90844062
 1516.90844062 1516.90844062 1516.90844062 1516.90844062 1516.90844062
 1516.90844062 1516.90844062 1516.90844062 1516.90844062 1516.90844062
 1516.90844062 1516.90844062 1516.90844062 1516.90844062 1516.90844062
 1516.90844062 1516.90844062 1516.90844062 1516.90844062 1516.90844062
 1516.90844062 1516.90844062 1516.90844062 1516.90844062 1516.90844062
 1516.90844062 1516.90844062 1516.90844062 1516.90844062 1516.90844062
 1516.90844062 1516.90844062 1516.90844062 1516.90844062 1516.90844062
 1516.90844062 1516.90844062 1516.90844062 1516.90844062 1516.90844062
 1516.90844062 1516.90844062 1516.90844062 1516.90844062 1516.90844062
 1516.90844062 1516.90844062 1516.90844062 1516.90844062 1516.90844062
 1516.90844062 1516.90844062 1516.90844062 1516.90844062 1516.90844062
 1516.90844062 1516.90844062 1516.90844062 1516.90844062 1516.90844062
 1516.90844062 1516.90844062 1516.90844062 1516.90844062 1516.90844062
 1512.96838817 1512.96838817 1512.96838817 1512.96838817 1512.96838817
 1512.96838817 1512.96838817 1512.96838817 1512.96838817 1512.96838817
 1512.96838817 1512.96838817 1512.96838817 1512.96838817 1512.96838817
 1512.96838817 1512.96838817 1512.96838817 1512.96838817 1512.96838817
 1512.96838817 1512.96838817 1503.27398173 1503.27398173 1503.27398173
 1503.27398173 1503.27398173 1503.27398173 1503.27398173 1503.27398173
 1503.27398173 1503.27398173 1503.27398173 1503.27398173 1503.27398173
 1503.27398173 1487.38549436 1487.38549436 1487.38549436 1487.38549436
 1487.38549436 1487.38549436 1487.38549436 1487.38549436 1487.38549436
 1487.38549436 1487.38549436 1487.38549436 1487.38549436 1487.38549436
 1487.38549436 1487.38549436 1487.38549436 1487.38549436 1487.38549436
 1487.38549436 1487.38549436 1487.38549436 1487.38549436 1487.38549436
 1487.38549436 1487.38549436 1487.38549436 1487.38549436 1487.38549436
 1487.38549436 1487.38549436 1487.38549436 1487.38549436 1460.95594452
 1460.95594452 1460.95594452 1460.95594452 1460.95594452 1460.95594452
 1460.95594452 1460.95594452 1460.95594452 1460.95594452 1460.95594452
 1460.95594452 1460.95594452 1460.95594452 1460.95594452 1460.95594452
 1460.95594452 1458.97217793 1458.97217793 1458.97217793 1458.97217793
 1458.97217793 1458.97217793 1458.97217793 1458.97217793 1458.97217793
 1458.97217793 1458.97217793 1458.97217793 1458.97217793 1458.97217793
 1458.97217793 1458.97217793 1447.84613859 1447.84613859 1447.84613859
 1447.84613859 1447.84613859 1447.84613859 1447.84613859 1447.84613859
 1447.84613859 1447.84613859 1447.84613859 1447.84613859 1447.84613859
 1447.84613859 1447.84613859 1447.84613859 1423.9533155  1423.9533155
 1423.9533155  1419.83352883 1419.83352883 1419.83352883 1419.83352883
 1419.83352883 1419.83352883 1419.83352883 1419.83352883 1419.83352883
 1419.83352883 1419.83352883 1419.83352883 1419.83352883 1419.83352883
 1419.83352883 1419.83352883 1419.83352883 1419.83352883 1419.83352883
 1412.85796822 1412.85796822 1412.85796822 1412.85796822 1407.43137305
 1407.43137305 1407.43137305 1407.43137305 1407.43137305 1407.43137305
 1407.43137305 1407.43137305 1407.43137305 1403.35329648 1403.35329648
 1403.35329648 1403.35329648 1403.35329648 1403.35329648 1403.35329648
 1403.35329648 1403.35329648 1403.35329648 1403.35329648 1403.35329648
 1403.35329648 1403.35329648 1403.35329648 1399.9594606  1399.9594606
 1399.9594606  1399.9594606  1399.9594606  1399.9594606  1399.9594606
 1399.9594606  1399.9594606  1399.9594606  1399.9594606  1399.9594606
 1399.9594606  1399.9594606  1399.9594606  1399.9594606  1399.9594606
 1399.9594606  1399.9594606  1399.9594606  1399.9594606  1399.9594606
 1399.9594606  1399.9594606  1399.9594606  1399.9594606  1399.9594606
 1399.9594606  1399.9594606  1399.9594606  1399.9594606  1399.9594606
 1399.9594606  1399.9594606  1399.9594606  1399.9594606  1399.9594606
 1399.9594606  1399.9594606  1399.9594606  1399.9594606  1399.9594606
 1399.9594606 ] 

Fitness stats avg: [4042.25312531 3912.82953815 3801.85278147 3741.15489116 3683.9083049
 3608.36328387 3557.30121776 3502.12549759 3435.68136189 3388.49395151
 3349.29485556 3294.36525342 3248.10355366 3246.54233965 3181.39707028
 3153.95668855 3112.27658103 3055.11675641 3029.32049597 2958.87312072
 2942.52000438 2887.27693172 2834.52644801 2785.93784015 2739.4188748
 2696.46342339 2637.6112407  2592.81897433 2578.61427926 2560.98040327
 2557.30926051 2537.88489473 2505.34683878 2492.72789199 2460.28585261
 2470.03629191 2451.36915806 2437.27675187 2423.57634925 2384.13996167
 2372.02196527 2319.55180157 2330.85822103 2327.41438326 2302.81327969
 2270.29494119 2271.4180738  2250.89696183 2202.66166026 2186.40196718
 2159.35177198 2156.1290834  2138.62825723 2117.74753849 2105.89669205
 2110.46901424 2091.77345591 2098.37511157 2128.10633769 2098.15455952
 2097.51171891 2092.57437453 2103.77700238 2115.46937915 2106.38798603
 2102.98206974 2075.51142089 2056.64140389 2042.52493655 2042.51864004
 2024.13203308 2018.50780369 2017.73048964 2022.1257451  2032.69147685
 2032.16857893 2018.23407199 2020.98601682 2037.12080394 2031.70636608
 2023.73279647 2021.9840039  2023.14249435 1999.41635104 2020.32178249
 2005.73956385 1980.7966999  1981.35809539 1982.65045033 1980.08154784
 1975.35589201 1967.51683103 1952.84867641 1939.61380477 1931.92206513
 1913.70489836 1927.81810473 1915.54363865 1910.86282382 1915.05790051
 1915.79737378 1910.27097065 1879.98584949 1857.34164847 1856.07121521
 1844.05272226 1847.65075655 1825.0916305  1814.61034646 1815.50543761
 1813.88363378 1816.53333793 1832.80962909 1835.3197336  1829.92434425
 1823.45245046 1818.72904645 1840.0146451  1805.78950332 1801.15981392
 1803.10518868 1798.69340653 1804.29707593 1806.1233818  1821.15457223
 1805.15774468 1797.12784661 1808.31865698 1798.3500658  1793.14018816
 1795.47176795 1795.13411097 1796.02886667 1789.1441716  1790.38559708
 1773.09166242 1762.15484921 1792.97928498 1775.98381537 1771.33514408
 1765.89191838 1780.97761723 1793.7402998  1802.3090877  1775.87755627
 1768.78576125 1768.19867119 1765.64020766 1761.50609225 1756.83438519
 1760.92848308 1749.70326813 1780.47653856 1762.6212808  1760.80530971
 1790.20363674 1775.22791537 1769.27200176 1774.93991362 1763.08193549
 1793.76499627 1759.69557745 1753.59765055 1743.17144806 1754.98416753
 1749.48647206 1752.84598205 1775.95541313 1759.30903782 1765.07275742
 1768.60136208 1757.35966763 1754.42458601 1757.35821431 1762.99364686
 1759.46809618 1757.15716033 1764.06598225 1759.60935664 1759.00011247
 1765.65093918 1750.75180203 1761.83658618 1758.88673242 1756.36665053
 1758.47931462 1780.54893403 1763.98889405 1768.87625405 1758.24283859
 1752.52043448 1749.47483114 1736.92589713 1751.69307546 1753.28142025
 1758.780802   1758.67362508 1765.1253134  1762.85512686 1756.24499323
 1772.53494574 1749.60312361 1754.80519147 1755.55918675 1765.18942886
 1766.43084079 1746.533162   1745.22038009 1757.52543771 1748.04551035
 1752.27429426 1735.32567643 1740.31925273 1764.75439801 1754.40064449
 1741.16834524 1740.91686477 1735.40155365 1736.4245091  1753.31366668
 1745.35865826 1751.53274182 1753.19432528 1737.14672121 1754.97860853
 1744.10412147 1749.92560506 1747.58142795 1763.96503255 1748.93016822
 1750.66167507 1777.56658711 1754.27543816 1741.2528703  1731.17869017
 1730.25968933 1749.17878126 1747.223643   1754.26229263 1754.58565361
 1753.85909797 1737.50333508 1736.9377563  1751.29697161 1729.49683062
 1743.81846781 1740.61717915 1749.01952269 1745.22187721 1760.00629336
 1746.6906424  1744.98566692 1746.15703346 1746.81000432 1754.12421983
 1750.38795726 1750.46719919 1750.96208911 1742.18542492 1750.1062388
 1746.79618023 1749.32324102 1758.4043465  1744.19393091 1756.93354444
 1765.19600514 1761.02558182 1749.74544755 1736.74540872 1743.05946298
 1767.09380357 1738.15188019 1750.37716668 1748.10981586 1742.20163582
 1737.64654761 1756.32561091 1746.82443745 1755.88085863 1756.73873587
 1756.20526895 1744.60715802 1767.97791462 1752.25260729 1745.98812875
 1740.10653793 1745.38430356 1742.13286323 1734.80395686 1746.66228743
 1764.05762995 1756.68002418 1756.48900066 1757.17746063 1741.23570378
 1751.46808137 1752.91712613 1751.60835384 1755.57720011 1761.76633006
 1758.65999223 1761.78027668 1764.64654268 1754.2105813  1736.88120849
 1743.17235133 1734.12727669 1738.76106667 1718.78028898 1712.35778063
 1726.16807264 1736.77690253 1725.33504993 1730.47958983 1741.99766425
 1745.60210699 1730.83881494 1721.00513369 1695.87591504 1712.81131661
 1693.10498374 1703.78822778 1697.16766321 1687.77768768 1695.49669245
 1702.26605616 1706.47264889 1690.577051   1682.46924497 1688.91605611
 1680.55469352 1678.49723077 1720.64273938 1693.84223246 1682.19170941
 1680.96423086 1689.7755406  1689.39935399 1706.31935432 1676.92593117
 1683.97139625 1678.52750781 1685.77979046 1685.91084077 1679.89375001
 1696.19871356 1709.06290054 1699.77481663 1699.32998941 1688.13692216
 1690.52067248 1692.07134957 1684.18838056 1694.49602683 1690.28334047
 1677.38980653 1693.81465105 1717.03117635 1690.87156842 1686.63135432
 1690.25158719 1683.38931843 1693.45181812 1683.75220405 1701.24593073
 1694.59968758 1711.19411676 1697.07186577 1709.94566614 1706.11012471
 1697.2636552  1685.81902953 1688.90744532 1687.93874179 1684.3577039
 1705.22085196 1678.16027804 1676.50154134 1695.89212713 1684.38083158
 1691.75020009 1670.51060119 1676.13420617 1689.76389867 1681.08387242
 1665.93441343 1687.35427854 1694.81181472 1680.17965901 1681.9055459
 1681.63937406 1680.16910738 1681.92585065 1689.07790568 1707.49056861
 1683.16664627 1688.79743185 1688.96206559 1683.70825661 1683.51954863
 1676.93270623 1671.40924783 1704.63634896 1676.08553883 1681.66219243
 1690.43503693 1688.34734599 1684.48030251 1682.54398678 1689.39157851
 1666.81667502 1676.52671902 1686.18790325 1686.46687983 1691.24863192
 1679.47022791 1687.65736502 1700.00755889 1683.85877264 1688.49548885
 1683.15963853 1706.70254912 1693.28240182 1696.93299939 1692.10985949
 1692.61183981 1711.94588691 1706.7611264  1682.02475681 1658.82593259
 1650.2772649  1666.95832062 1672.50189284 1649.31675504 1657.60903682
 1681.71322302 1677.20104799 1642.69155569 1646.9326815  1647.66647928
 1656.46522667 1659.37757588 1661.30089895 1657.44002301 1644.83121385
 1666.78391765 1643.2638892  1646.89917577 1677.82864472 1650.26140227
 1642.54172531 1641.41219458 1647.3196253  1659.15015367 1656.54651373
 1668.0123698  1664.25785623 1667.28411001 1655.96985869 1638.9937436
 1649.71500623 1657.18716182 1649.59139667 1653.1726478  1661.96052626
 1645.19332767 1664.32210885 1656.93922342 1655.63602183 1651.96528437
 1647.07566317 1644.66467263 1633.05411497 1661.02881965 1656.88761141
 1647.78609851 1650.40214076 1654.53508535 1649.05749748 1657.80704091
 1641.46802727 1656.22461653 1673.06494893 1638.31461899 1650.50776937
 1644.45926553 1639.76146062 1645.08289843 1639.62016302 1641.7845878
 1627.62255326 1639.41408    1634.02437055 1636.11402219 1624.36460471
 1631.56895206 1624.80993563 1621.6365379  1621.12938916 1627.56483686
 1631.20269571 1634.73946391 1638.12480981 1636.82864339 1632.92212055
 1645.66505579 1615.31281723 1631.53963871 1638.34768152 1625.67335892
 1621.90663368 1628.24899076 1635.02408662 1643.9509874  1626.01929986
 1626.83920648 1630.77180158 1638.25370275 1640.90759733 1635.34825439
 1639.39321107 1648.41966942 1632.25165695 1640.90260203 1645.70823611
 1647.53217759 1628.98978651 1614.29564566 1642.96317622 1638.43839478
 1625.92884936 1640.96259008 1649.27134131 1639.84016541 1633.14339548
 1664.60337174 1629.46516762 1633.61578516 1628.41111772 1630.26199609
 1633.88438559 1642.09283025 1631.39552807 1642.95496231 1640.20632747
 1628.58386299 1638.01424453 1623.24034586 1653.31656662 1654.2598862
 1653.4493304  1631.77417274 1633.13664134 1641.88289077 1659.6121927
 1639.55156935 1635.67502317 1632.39191462 1641.41343236 1645.16731346
 1619.2930758  1625.87780156 1604.42435752 1602.30182717 1611.50682372
 1624.77009005 1621.09887368 1603.54408604 1632.14508014 1607.75686904
 1620.20056819 1612.6048167  1603.05925703 1621.8336434  1618.15809663
 1613.13546665 1608.77613265 1615.87278411 1617.30631493 1610.34407726
 1608.30241521 1599.1614032  1608.57560716 1614.06469352 1614.75691992
 1612.06879819 1622.94168396 1624.43721254 1617.75430275 1606.38311332
 1619.01792638 1614.82721337 1625.15138407 1621.40963802 1602.72910682
 1619.49623579 1608.35683835 1616.02613707 1623.00761829 1641.88696307
 1618.90936115 1630.69681911 1624.71754323 1613.86819206 1612.72252694
 1622.32261429 1619.56006237 1619.05349148 1604.41315033 1632.40330021
 1604.89840888 1614.52555767 1620.3636361  1614.83724189 1601.66501563
 1613.91932937 1614.35335098 1620.14017461 1614.08584546 1621.18259168
 1622.26090452 1618.11898839 1639.86399722 1653.82240963 1648.04359481
 1653.6780859  1626.56506279 1612.75269235 1599.65208879 1613.34479501
 1615.96842338 1639.47616523 1628.86241434 1627.68146526 1631.62519095
 1596.58516516 1610.74483745 1606.10138535 1601.16877053 1613.92522088
 1607.96695227 1603.19361446 1615.84512961 1598.34713943 1589.93258592
 1590.98172304 1597.57868033 1598.67194516 1590.17042703 1623.19431958
 1606.66043715 1595.74985463 1603.46561792 1598.43455419 1602.44046036
 1595.12466658 1589.63600572 1588.92854246 1604.79747669 1605.33752734
 1611.39284237 1622.88895207 1606.4240666  1611.3066619  1600.42737979
 1593.55807511 1588.06667604 1595.8114309  1614.5951369  1607.96511857
 1590.08695504 1615.22595803 1595.35020152 1597.36696809 1596.39471173
 1601.47621082 1585.16069678 1614.81373109 1593.84268962 1603.12813109
 1607.81873032 1594.94205568 1595.82982563 1593.03982522 1615.11486719
 1590.04788021 1621.07756504 1605.6344508  1632.50347315 1594.04963869
 1593.85508142 1589.80558861 1601.59057725 1602.29707792 1597.44170113
 1610.8893032  1616.69561044 1602.78564076 1605.31758954 1593.12301055
 1597.23059257 1604.66150121 1606.70904865 1596.20446689 1609.68021979
 1612.30408504 1606.81635586 1605.14862055 1607.93398486 1631.61949086
 1606.45464917 1603.68837978 1602.18400734 1594.06495893 1625.54860084
 1591.86403098 1583.67070215 1599.47919336 1592.06661965 1587.57788068
 1609.37781201 1591.99267054 1578.32389313 1581.77818794 1565.83117692
 1561.58079753 1537.02446093 1530.12063604 1541.21617418 1544.6250595
 1536.13045563 1536.81965576 1539.08420613 1538.34327622 1538.24987127
 1543.35737751 1543.88565924 1568.29493532 1554.89594003 1533.02714849
 1536.03084275 1536.83491474 1531.78405744 1539.418971   1536.1574419
 1554.65169687 1542.70237004 1548.97810535 1535.38914127 1558.13487546
 1549.29300003 1551.09374102 1538.20030883 1525.45387788 1543.672511
 1542.01377409 1557.17228644 1542.60987444 1545.50936611 1542.60882292
 1537.29176367 1536.1529464  1547.76273535 1543.32022228 1543.15345401
 1562.90829271 1528.64021294 1555.19482552 1545.45057231 1568.69791855
 1538.99912367 1545.92110991 1556.85130069 1541.65993041 1526.86160799
 1537.79218912 1543.1776485  1526.35226925 1568.95930818 1552.06857828
 1536.50351044 1539.39349857 1538.98869482 1548.33525717 1531.45344061
 1537.20365822 1545.39210138 1547.20708325 1537.93549282 1535.16420865
 1535.53854689 1537.78876865 1540.19236213 1560.71736911 1549.05732262
 1566.42859567 1563.23802431 1571.77267134 1568.32289109 1542.69522318
 1552.85404952 1521.39579698 1545.06101725 1526.98791629 1526.58010809
 1532.95914788 1546.45662996 1544.18746873 1536.44446686 1530.23281051
 1531.35240184 1549.26575644 1539.68705829 1534.88288668 1529.41992472
 1530.473541   1540.15972473 1542.42969568 1515.58451391 1524.69224492
 1522.0518499  1522.66968184 1538.04429827 1531.74398424 1520.33303662
 1521.1276918  1525.6941228  1533.1489763  1533.15709653 1523.48100788
 1519.33935075 1547.42229046 1537.95092166 1541.35657142 1529.35427628
 1552.45028596 1550.60660749 1520.34124696 1521.19288613 1504.24549366
 1508.38809048 1512.78744988 1536.35993927 1503.7441508  1524.00220074
 1506.72862472 1503.66999748 1524.84082436 1505.97997319 1536.91677992
 1497.29856023 1519.76536578 1514.33102431 1506.12968181 1506.84348978
 1535.24956394 1515.50952767 1524.21022039 1514.01516718 1508.60235427
 1527.28122319 1521.78820257 1536.09879401 1527.02442338 1518.02063049
 1527.06836291 1530.36523509 1553.35160189 1541.54408933 1498.83104775
 1485.88318645 1484.80909913 1502.25903051 1498.53146553 1485.40874739
 1484.77573207 1491.10330543 1485.76929551 1491.58444677 1497.2854852
 1495.66200669 1490.87926767 1488.8228483  1485.17129708 1490.44337929
 1496.21438089 1494.3882871  1479.79096121 1496.76738822 1488.23293035
 1474.83524009 1493.32468822 1477.46869107 1505.75626856 1484.36189349
 1488.23904258 1515.94071993 1514.15664173 1511.98118178 1531.00669075
 1508.19859435 1483.4775998  1476.30748336 1476.37362125 1494.64389197
 1463.89347301 1476.38013192 1471.16121652 1476.1453425  1464.56103056
 1514.14966149 1495.84397111 1509.91039018 1500.10857561 1471.35871675
 1469.2961928  1466.00388964 1446.13119665 1458.3042614  1442.17694552
 1441.63799924 1445.3989329  1438.23860801 1435.96598884 1445.68252617
 1454.44699632 1437.30184453 1445.72138375 1450.27625348 1433.38611961
 1454.66822897 1427.23189888 1445.00842222 1442.0520211  1437.29002115
 1444.26460084 1444.64671568 1459.48885236 1424.35116933 1434.31749627
 1422.68743168 1436.02179514 1440.36378647 1426.35688699 1429.04090772
 1435.25492104 1430.50277672 1457.72698175 1448.66086114 1436.84368648
 1426.90873824 1420.3120515  1431.59382563 1432.71357073 1451.53300646
 1448.85974698 1427.10428376 1441.06574409 1428.50022627 1438.15262372
 1450.43145595 1441.08528204 1441.24032918 1425.42935922 1448.07184624
 1413.45779089 1412.76961198 1419.06654638 1424.37029778 1423.34441565
 1413.07542267 1431.15250663 1432.26140875 1438.95184529 1429.06998694
 1424.88559403 1414.80049659 1425.0960764  1425.41439203 1435.98108983
 1426.90586851 1441.55746326 1432.07923808 1433.48180336 1444.69229423
 1420.1143866  1424.33226692 1419.53683918 1422.9080507  1435.86181854
 1436.54514072 1431.65672743 1423.98859647 1424.82492366 1422.34643856
 1430.02778768 1442.32871979 1416.83964181 1444.27939703 1424.59669821
 1440.27561347] 

Feasible stats: [(  0.,   0.) (  0., 100.) (  0., 100.) ( 56.,  44.) ( 56.,  44.)
 ( 44.,  56.) ( 44.,  56.) ( 37.,  63.) ( 37.,  63.) ( 44.,  56.)
 ( 44.,  56.) ( 39.,  61.) ( 39.,  61.) ( 40.,  60.) ( 40.,  60.)
 ( 48.,  52.) ( 48.,  52.) ( 47.,  53.) ( 47.,  53.) ( 50.,  50.)
 ( 50.,  50.) ( 53.,  47.) ( 53.,  47.) ( 53.,  47.) ( 53.,  47.)
 ( 65.,  35.) ( 65.,  35.) ( 64.,  36.) ( 64.,  36.) ( 66.,  34.)
 ( 66.,  34.) ( 63.,  37.) ( 63.,  37.) ( 59.,  41.) ( 59.,  41.)
 ( 59.,  41.) ( 59.,  41.) ( 53.,  47.) ( 53.,  47.) ( 62.,  38.)
 ( 62.,  38.) ( 76.,  24.) ( 76.,  24.) ( 77.,  23.) ( 77.,  23.)
 ( 71.,  29.) ( 71.,  29.) ( 64.,  36.) ( 64.,  36.) ( 63.,  37.)
 ( 63.,  37.) ( 57.,  43.) ( 57.,  43.) ( 65.,  35.) ( 65.,  35.)
 ( 72.,  28.) ( 72.,  28.) ( 65.,  35.) ( 65.,  35.) ( 51.,  49.)
 ( 51.,  49.) ( 37.,  63.) ( 37.,  63.) ( 51.,  49.) ( 51.,  49.)
 ( 56.,  44.) ( 56.,  44.) ( 66.,  34.) ( 66.,  34.) ( 86.,  14.)
 ( 86.,  14.) ( 94.,   6.) ( 94.,   6.) ( 98.,   2.) ( 98.,   2.)
 ( 97.,   3.) ( 97.,   3.) ( 96.,   4.) ( 96.,   4.) ( 80.,  20.)
 ( 80.,  20.) ( 57.,  43.) ( 57.,  43.) ( 51.,  49.) ( 51.,  49.)
 ( 39.,  61.) ( 39.,  61.) ( 47.,  53.) ( 47.,  53.) ( 34.,  66.)
 ( 34.,  66.) ( 29.,  71.) ( 29.,  71.) ( 63.,  37.) ( 63.,  37.)
 ( 87.,  13.) ( 87.,  13.) ( 92.,   8.) ( 92.,   8.) ( 96.,   4.)
 ( 96.,   4.) ( 96.,   4.) ( 96.,   4.) ( 96.,   4.) ( 96.,   4.)
 ( 95.,   5.) ( 95.,   5.) ( 97.,   3.) ( 97.,   3.) ( 98.,   2.)
 ( 98.,   2.) ( 99.,   1.) ( 99.,   1.) ( 98.,   2.) ( 98.,   2.)
 ( 98.,   2.) ( 98.,   2.) ( 96.,   4.) ( 96.,   4.) (100.,   0.)
 (100.,   0.) ( 98.,   2.) ( 98.,   2.) ( 97.,   3.) ( 97.,   3.)
 ( 96.,   4.) ( 96.,   4.) ( 90.,  10.) ( 90.,  10.) ( 61.,  39.)
 ( 61.,  39.) ( 29.,  71.) ( 29.,  71.) ( 49.,  51.) ( 49.,  51.)
 ( 94.,   6.) ( 94.,   6.) ( 99.,   1.) ( 99.,   1.) ( 98.,   2.)
 ( 98.,   2.) ( 99.,   1.) ( 99.,   1.) ( 94.,   6.) ( 94.,   6.)
 ( 97.,   3.) ( 97.,   3.) ( 97.,   3.) ( 97.,   3.) ( 99.,   1.)
 ( 99.,   1.) (100.,   0.) (100.,   0.) ( 97.,   3.) ( 97.,   3.)
 ( 99.,   1.) ( 99.,   1.) ( 97.,   3.) ( 97.,   3.) ( 98.,   2.)
 ( 98.,   2.) ( 93.,   7.) ( 93.,   7.) ( 99.,   1.) ( 99.,   1.)
 ( 96.,   4.) ( 96.,   4.) ( 99.,   1.) ( 99.,   1.) ( 97.,   3.)
 ( 97.,   3.) ( 97.,   3.) ( 97.,   3.) ( 97.,   3.) ( 97.,   3.)
 (100.,   0.) (100.,   0.) (100.,   0.) (100.,   0.) ( 96.,   4.)
 ( 96.,   4.) ( 98.,   2.) ( 98.,   2.) ( 99.,   1.) ( 99.,   1.)
 ( 98.,   2.) ( 98.,   2.) ( 97.,   3.) ( 97.,   3.) ( 96.,   4.)
 ( 96.,   4.) ( 98.,   2.) ( 98.,   2.) ( 99.,   1.) ( 99.,   1.)
 ( 99.,   1.) ( 99.,   1.) (100.,   0.) (100.,   0.) ( 99.,   1.)
 ( 99.,   1.) ( 95.,   5.) ( 95.,   5.) ( 96.,   4.) ( 96.,   4.)
 ( 97.,   3.) ( 97.,   3.) ( 99.,   1.) ( 99.,   1.) ( 99.,   1.)
 ( 99.,   1.) ( 94.,   6.) ( 94.,   6.) ( 98.,   2.) ( 98.,   2.)
 ( 95.,   5.) ( 95.,   5.) ( 99.,   1.) ( 99.,   1.) ( 99.,   1.)
 ( 99.,   1.) ( 98.,   2.) ( 98.,   2.) ( 97.,   3.) ( 97.,   3.)
 ( 98.,   2.) ( 98.,   2.) ( 98.,   2.) ( 98.,   2.) ( 99.,   1.)
 ( 99.,   1.) ( 97.,   3.) ( 97.,   3.) ( 97.,   3.) ( 97.,   3.)
 ( 99.,   1.) ( 99.,   1.) ( 97.,   3.) ( 97.,   3.) ( 99.,   1.)
 ( 99.,   1.) ( 98.,   2.) ( 98.,   2.) ( 99.,   1.) ( 99.,   1.)
 ( 98.,   2.) ( 98.,   2.) ( 99.,   1.) ( 99.,   1.) ( 98.,   2.)
 ( 98.,   2.) ( 99.,   1.) ( 99.,   1.) ( 97.,   3.) ( 97.,   3.)
 (100.,   0.) (100.,   0.) ( 97.,   3.) ( 97.,   3.) ( 99.,   1.)
 ( 99.,   1.) ( 96.,   4.) ( 96.,   4.) ( 96.,   4.) ( 96.,   4.)
 ( 98.,   2.) ( 98.,   2.) ( 94.,   6.) ( 94.,   6.) ( 96.,   4.)
 ( 96.,   4.) ( 96.,   4.) ( 96.,   4.) ( 98.,   2.) ( 98.,   2.)
 ( 99.,   1.) ( 99.,   1.) ( 96.,   4.) ( 96.,   4.) ( 97.,   3.)
 ( 97.,   3.) ( 98.,   2.) ( 98.,   2.) ( 97.,   3.) ( 97.,   3.)
 ( 99.,   1.) ( 99.,   1.) ( 97.,   3.) ( 97.,   3.) ( 98.,   2.)
 ( 98.,   2.) ( 98.,   2.) ( 98.,   2.) ( 98.,   2.) ( 98.,   2.)
 ( 95.,   5.) ( 95.,   5.) ( 83.,  17.) ( 83.,  17.) ( 81.,  19.)
 ( 81.,  19.) ( 69.,  31.) ( 69.,  31.) ( 45.,  55.) ( 45.,  55.)
 ( 26.,  74.) ( 26.,  74.) ( 15.,  85.) ( 15.,  85.) ( 12.,  88.)
 ( 12.,  88.) ( 16.,  84.) ( 16.,  84.) ( 16.,  84.) ( 16.,  84.)
 ( 57.,  43.) ( 57.,  43.) ( 95.,   5.) ( 95.,   5.) (100.,   0.)
 (100.,   0.) ( 99.,   1.) ( 99.,   1.) ( 97.,   3.) ( 97.,   3.)
 ( 96.,   4.) ( 96.,   4.) ( 98.,   2.) ( 98.,   2.) ( 98.,   2.)
 ( 98.,   2.) ( 98.,   2.) ( 98.,   2.) ( 96.,   4.) ( 96.,   4.)
 ( 97.,   3.) ( 97.,   3.) ( 95.,   5.) ( 95.,   5.) ( 98.,   2.)
 ( 98.,   2.) ( 97.,   3.) ( 97.,   3.) (100.,   0.) (100.,   0.)
 ( 99.,   1.) ( 99.,   1.) ( 96.,   4.) ( 96.,   4.) ( 98.,   2.)
 ( 98.,   2.) ( 96.,   4.) ( 96.,   4.) ( 97.,   3.) ( 97.,   3.)
 ( 97.,   3.) ( 97.,   3.) ( 98.,   2.) ( 98.,   2.) (100.,   0.)
 (100.,   0.) (100.,   0.) (100.,   0.) ( 98.,   2.) ( 98.,   2.)
 ( 97.,   3.) ( 97.,   3.) ( 98.,   2.) ( 98.,   2.) ( 98.,   2.)
 ( 98.,   2.) ( 96.,   4.) ( 96.,   4.) ( 96.,   4.) ( 96.,   4.)
 (100.,   0.) (100.,   0.) ( 99.,   1.) ( 99.,   1.) ( 97.,   3.)
 ( 97.,   3.) ( 99.,   1.) ( 99.,   1.) ( 99.,   1.) ( 99.,   1.)
 (100.,   0.) (100.,   0.) ( 98.,   2.) ( 98.,   2.) ( 98.,   2.)
 ( 98.,   2.) ( 98.,   2.) ( 98.,   2.) ( 99.,   1.) ( 99.,   1.)
 ( 99.,   1.) ( 99.,   1.) ( 97.,   3.) ( 97.,   3.) ( 98.,   2.)
 ( 98.,   2.) (100.,   0.) (100.,   0.) ( 98.,   2.) ( 98.,   2.)
 ( 98.,   2.) ( 98.,   2.) ( 99.,   1.) ( 99.,   1.) ( 98.,   2.)
 ( 98.,   2.) ( 99.,   1.) ( 99.,   1.) ( 98.,   2.) ( 98.,   2.)
 (100.,   0.) (100.,   0.) (100.,   0.) (100.,   0.) ( 97.,   3.)
 ( 97.,   3.) ( 98.,   2.) ( 98.,   2.) ( 98.,   2.) ( 98.,   2.)
 ( 99.,   1.) ( 99.,   1.) ( 98.,   2.) ( 98.,   2.) ( 99.,   1.)
 ( 99.,   1.) ( 99.,   1.) ( 99.,   1.) ( 99.,   1.) ( 99.,   1.)
 ( 99.,   1.) ( 99.,   1.) ( 99.,   1.) ( 99.,   1.) ( 98.,   2.)
 ( 98.,   2.) ( 99.,   1.) ( 99.,   1.) (100.,   0.) (100.,   0.)
 ( 99.,   1.) ( 99.,   1.) ( 99.,   1.) ( 99.,   1.) ( 98.,   2.)
 ( 98.,   2.) ( 99.,   1.) ( 99.,   1.) ( 98.,   2.) ( 98.,   2.)
 ( 98.,   2.) ( 98.,   2.) ( 96.,   4.) ( 96.,   4.) ( 97.,   3.)
 ( 97.,   3.) ( 96.,   4.) ( 96.,   4.) ( 99.,   1.) ( 99.,   1.)
 ( 98.,   2.) ( 98.,   2.) ( 98.,   2.) ( 98.,   2.) (100.,   0.)
 (100.,   0.) ( 99.,   1.) ( 99.,   1.) ( 99.,   1.) ( 99.,   1.)
 ( 94.,   6.) ( 94.,   6.) (100.,   0.) (100.,   0.) ( 98.,   2.)
 ( 98.,   2.) ( 99.,   1.) ( 99.,   1.) ( 99.,   1.) ( 99.,   1.)
 ( 97.,   3.) ( 97.,   3.) (100.,   0.) (100.,   0.) ( 98.,   2.)
 ( 98.,   2.) ( 98.,   2.) ( 98.,   2.) ( 99.,   1.) ( 99.,   1.)
 ( 99.,   1.) ( 99.,   1.) ( 99.,   1.) ( 99.,   1.) ( 98.,   2.)
 ( 98.,   2.) (100.,   0.) (100.,   0.) ( 99.,   1.) ( 99.,   1.)
 ( 99.,   1.) ( 99.,   1.) ( 99.,   1.) ( 99.,   1.) ( 98.,   2.)
 ( 98.,   2.) ( 99.,   1.) ( 99.,   1.) ( 96.,   4.) ( 96.,   4.)
 ( 97.,   3.) ( 97.,   3.) ( 97.,   3.) ( 97.,   3.) ( 99.,   1.)
 ( 99.,   1.) ( 97.,   3.) ( 97.,   3.) ( 98.,   2.) ( 98.,   2.)
 ( 98.,   2.) ( 98.,   2.) ( 97.,   3.) ( 97.,   3.) ( 98.,   2.)
 ( 98.,   2.) ( 99.,   1.) ( 99.,   1.) ( 96.,   4.) ( 96.,   4.)
 ( 97.,   3.) ( 97.,   3.) ( 99.,   1.) ( 99.,   1.) ( 99.,   1.)
 ( 99.,   1.) ( 97.,   3.) ( 97.,   3.) ( 97.,   3.) ( 97.,   3.)
 ( 96.,   4.) ( 96.,   4.) ( 98.,   2.) ( 98.,   2.) ( 94.,   6.)
 ( 94.,   6.) ( 96.,   4.) ( 96.,   4.) ( 93.,   7.) ( 93.,   7.)
 ( 82.,  18.) ( 82.,  18.) ( 84.,  16.) ( 84.,  16.) ( 58.,  42.)
 ( 58.,  42.) ( 35.,  65.) ( 35.,  65.) ( 14.,  86.) ( 14.,  86.)
 ( 13.,  87.) ( 13.,  87.) ( 17.,  83.) ( 17.,  83.) ( 19.,  81.)
 ( 19.,  81.) ( 12.,  88.) ( 12.,  88.) ( 12.,  88.) ( 12.,  88.)
 ( 17.,  83.) ( 17.,  83.) ( 13.,  87.) ( 13.,  87.) ( 14.,  86.)
 ( 14.,  86.) ( 17.,  83.) ( 17.,  83.) ( 12.,  88.) ( 12.,  88.)
 ( 18.,  82.) ( 18.,  82.) ( 17.,  83.) ( 17.,  83.) ( 13.,  87.)
 ( 13.,  87.) ( 15.,  85.) ( 15.,  85.) ( 18.,  82.) ( 18.,  82.)
 ( 13.,  87.) ( 13.,  87.) ( 11.,  89.) ( 11.,  89.) ( 15.,  85.)
 ( 15.,  85.) ( 14.,  86.) ( 14.,  86.) ( 17.,  83.) ( 17.,  83.)
 ( 12.,  88.) ( 12.,  88.) ( 16.,  84.) ( 16.,  84.) ( 11.,  89.)
 ( 11.,  89.) ( 14.,  86.) ( 14.,  86.) ( 14.,  86.) ( 14.,  86.)
 ( 11.,  89.) ( 11.,  89.) ( 14.,  86.) ( 14.,  86.) ( 16.,  84.)
 ( 16.,  84.) ( 14.,  86.) ( 14.,  86.) ( 98.,   2.) ( 98.,   2.)
 ( 62.,  38.) ( 62.,  38.) ( 92.,   8.) ( 92.,   8.) (100.,   0.)
 (100.,   0.) ( 99.,   1.) ( 99.,   1.) ( 97.,   3.) ( 97.,   3.)
 ( 99.,   1.) ( 99.,   1.) ( 98.,   2.) ( 98.,   2.) ( 99.,   1.)
 ( 99.,   1.) ( 98.,   2.) ( 98.,   2.) ( 97.,   3.) ( 97.,   3.)
 ( 98.,   2.) ( 98.,   2.) ( 98.,   2.) ( 98.,   2.) ( 99.,   1.)
 ( 99.,   1.) (100.,   0.) (100.,   0.) ( 98.,   2.) ( 98.,   2.)
 ( 99.,   1.) ( 99.,   1.) ( 99.,   1.) ( 99.,   1.) ( 97.,   3.)
 ( 97.,   3.) ( 97.,   3.) ( 97.,   3.) ( 97.,   3.) ( 97.,   3.)
 ( 97.,   3.) ( 97.,   3.) ( 97.,   3.) ( 97.,   3.) ( 98.,   2.)
 ( 98.,   2.) (100.,   0.) (100.,   0.) ( 98.,   2.) ( 98.,   2.)
 ( 98.,   2.) ( 98.,   2.) ( 98.,   2.) ( 98.,   2.) ( 96.,   4.)
 ( 96.,   4.) ( 97.,   3.) ( 97.,   3.) ( 98.,   2.) ( 98.,   2.)
 ( 98.,   2.) ( 98.,   2.) ( 97.,   3.) ( 97.,   3.) ( 96.,   4.)
 ( 96.,   4.) ( 99.,   1.) ( 99.,   1.) ( 97.,   3.) ( 97.,   3.)
 ( 98.,   2.) ( 98.,   2.) ( 95.,   5.) ( 95.,   5.) ( 98.,   2.)
 ( 98.,   2.) ( 96.,   4.) ( 96.,   4.) ( 96.,   4.) ( 96.,   4.)
 ( 96.,   4.) ( 96.,   4.) ( 95.,   5.) ( 95.,   5.) ( 98.,   2.)
 ( 98.,   2.) ( 95.,   5.) ( 95.,   5.) ( 96.,   4.) ( 96.,   4.)
 ( 98.,   2.) ( 98.,   2.) ( 97.,   3.) ( 97.,   3.) ( 98.,   2.)
 ( 98.,   2.) ( 94.,   6.) ( 94.,   6.) ( 95.,   5.) ( 95.,   5.)
 ( 98.,   2.) ( 98.,   2.) ( 97.,   3.) ( 97.,   3.) ( 97.,   3.)
 ( 97.,   3.) ( 97.,   3.) ( 97.,   3.) ( 99.,   1.) ( 99.,   1.)
 ( 99.,   1.) ( 99.,   1.) ( 98.,   2.) ( 98.,   2.) ( 97.,   3.)
 ( 97.,   3.) ( 98.,   2.) ( 98.,   2.) ( 99.,   1.) ( 99.,   1.)
 ( 99.,   1.) ( 99.,   1.) ( 95.,   5.) ( 95.,   5.) ( 99.,   1.)
 ( 99.,   1.) ( 98.,   2.) ( 98.,   2.) ( 96.,   4.) ( 96.,   4.)
 ( 97.,   3.) ( 97.,   3.) (100.,   0.) (100.,   0.) ( 96.,   4.)
 ( 96.,   4.) ( 99.,   1.) ( 99.,   1.) ( 97.,   3.) ( 97.,   3.)
 ( 96.,   4.) ( 96.,   4.) ( 98.,   2.) ( 98.,   2.) ( 98.,   2.)
 ( 98.,   2.) ( 99.,   1.) ( 99.,   1.) ( 98.,   2.) ( 98.,   2.)
 ( 98.,   2.) ( 98.,   2.) ( 98.,   2.) ( 98.,   2.) ( 98.,   2.)
 ( 98.,   2.) ( 99.,   1.) ( 99.,   1.) ( 98.,   2.) ( 98.,   2.)
 ( 99.,   1.) ( 99.,   1.) ( 97.,   3.) ( 97.,   3.) ( 95.,   5.)
 ( 95.,   5.) ( 98.,   2.) ( 98.,   2.) ( 99.,   1.) ( 99.,   1.)
 ( 98.,   2.) ( 98.,   2.) ( 95.,   5.) ( 95.,   5.) ( 95.,   5.)
 ( 95.,   5.) ( 99.,   1.) ( 99.,   1.) ( 97.,   3.) ( 97.,   3.)
 ( 98.,   2.) ( 98.,   2.) ( 97.,   3.) ( 97.,   3.) ( 97.,   3.)
 ( 97.,   3.) ( 97.,   3.) ( 97.,   3.) ( 95.,   5.) ( 95.,   5.)
 ( 99.,   1.) ( 99.,   1.) ( 98.,   2.) ( 98.,   2.) ( 99.,   1.)
 ( 99.,   1.) ( 97.,   3.) ( 97.,   3.) ( 98.,   2.) ( 98.,   2.)
 (100.,   0.) (100.,   0.) ( 98.,   2.) ( 98.,   2.) ( 98.,   2.)
 ( 98.,   2.) ( 98.,   2.) ( 98.,   2.) ( 99.,   1.) ( 99.,   1.)
 ( 98.,   2.) ( 98.,   2.) ( 96.,   4.) ( 96.,   4.) ( 97.,   3.)
 ( 97.,   3.) ( 98.,   2.) ( 98.,   2.) ( 96.,   4.) ( 96.,   4.)
 ( 97.,   3.) ( 97.,   3.) ( 99.,   1.) ( 99.,   1.) ( 99.,   1.)
 ( 99.,   1.) ( 99.,   1.) ( 99.,   1.) ( 95.,   5.) ( 95.,   5.)
 ( 98.,   2.) ( 98.,   2.) ( 99.,   1.) ( 99.,   1.) ( 98.,   2.)
 ( 98.,   2.) ( 96.,   4.) ( 96.,   4.) ( 96.,   4.) ( 96.,   4.)
 ( 97.,   3.) ( 97.,   3.) ( 91.,   9.) ( 91.,   9.) ( 93.,   7.)
 ( 93.,   7.) ( 99.,   1.) ( 99.,   1.) ( 94.,   6.) ( 94.,   6.)
 ( 97.,   3.) ( 97.,   3.) ( 96.,   4.) ( 96.,   4.) ( 98.,   2.)
 ( 98.,   2.) ( 96.,   4.) ( 96.,   4.) ( 99.,   1.) ( 99.,   1.)
 ( 97.,   3.) ( 97.,   3.) ( 94.,   6.) ( 94.,   6.) ( 93.,   7.)
 ( 93.,   7.) (100.,   0.) (100.,   0.) ( 98.,   2.) ( 98.,   2.)
 ( 96.,   4.) ( 96.,   4.) ( 95.,   5.) ( 95.,   5.) ( 95.,   5.)
 ( 95.,   5.) ( 96.,   4.) ( 96.,   4.) ( 97.,   3.) ( 97.,   3.)
 ( 99.,   1.) ( 99.,   1.) ( 98.,   2.) ( 98.,   2.) ( 98.,   2.)
 ( 98.,   2.) ( 97.,   3.) ( 97.,   3.) ( 96.,   4.) ( 96.,   4.)
 ( 98.,   2.) ( 98.,   2.) ( 97.,   3.) ( 97.,   3.) ( 99.,   1.)
 ( 99.,   1.) ( 98.,   2.) ( 98.,   2.) ( 98.,   2.) ( 98.,   2.)
 ( 98.,   2.) ( 98.,   2.) ( 97.,   3.) ( 97.,   3.) ( 98.,   2.)
 ( 98.,   2.) ( 96.,   4.) ( 96.,   4.) ( 97.,   3.) ( 97.,   3.)
 ( 99.,   1.) ( 99.,   1.) ( 99.,   1.) ( 99.,   1.) (100.,   0.)
 (100.,   0.) ( 99.,   1.) ( 99.,   1.) ( 95.,   5.) ( 95.,   5.)
 ( 98.,   2.) ( 98.,   2.) ( 99.,   1.) ( 99.,   1.) ( 96.,   4.)
 ( 96.,   4.) ( 97.,   3.) ( 97.,   3.) ( 99.,   1.) ( 99.,   1.)
 ( 99.,   1.) ( 99.,   1.) ( 97.,   3.) ( 97.,   3.) ( 99.,   1.)
 ( 99.,   1.) ( 95.,   5.) ( 95.,   5.) ( 94.,   6.) ( 94.,   6.)
 (100.,   0.) (100.,   0.) ( 97.,   3.) ( 97.,   3.) ( 98.,   2.)
 ( 98.,   2.) ( 98.,   2.) ( 98.,   2.) ( 99.,   1.) ( 99.,   1.)
 ( 99.,   1.) ( 99.,   1.) ( 96.,   4.) ( 96.,   4.) ( 95.,   5.)
 ( 95.,   5.) ( 98.,   2.) ( 98.,   2.) ( 98.,   2.) ( 98.,   2.)
 ( 97.,   3.) ( 97.,   3.) ( 99.,   1.) ( 99.,   1.) ( 98.,   2.)
 ( 98.,   2.) ( 96.,   4.) ( 96.,   4.) ( 99.,   1.) ( 99.,   1.)
 ( 98.,   2.) ( 98.,   2.) ( 96.,   4.) ( 96.,   4.) ( 97.,   3.)
 ( 97.,   3.)] 
Solution Description: 
p: [  0.          13.68141235  87.77797386 127.94298053 132.9120637
 135.19556715 167.56328594 182.33233312 252.96689039 273.94252706
 275.61858009   0.          33.89411518  66.15437216 119.43991211
 140.53205729 199.50228776 199.88489041 254.39932167 256.26505385
 342.46560011 403.72980899 404.83583027 463.98516538 469.67695831
 493.13574575   0.          32.67892685  45.11380365 174.25073024
 189.81709373 190.08403894 205.91107042 223.72383475 229.36079898
 300.00777081 301.74247646   0.          16.69825392  70.87053805
 142.36759772 142.49866094 150.79103463 160.13677931 198.06357149
 212.0138025  221.17919017 266.90248524 273.71374025 284.69074919
 294.8147504  329.46265831] 
pred: [ 0  0  0  0  0  4  5  5  5  5  5  0  0  0  0  0  0  0  0  0  8  8  8 11
 11 11  0  0  0  2  2  2  2  2  2  2  2  0  0  1  1  1  1  1  1  1  1  9
  9  9  9  9] 
distance [  0.          13.68141235  87.77797386 127.94298053 132.9120637
   2.28350345  32.3677188   47.13676597 117.77132324 138.74695991
 140.42301295   0.          33.89411518  66.15437216 119.43991211
 140.53205729 199.50228776 199.88489041 254.39932167 256.26505385
  86.20054626 147.46475514 148.57077642  59.14933511  64.84112804
  88.29991547   0.          32.67892685  45.11380365 129.13692659
 144.70329008 144.97023529 160.79726676 178.6100311  184.24699532
 254.89396716 256.6286728    0.          16.69825392  54.17228413
 125.66934379 125.80040702 134.09278071 143.43852539 181.36531757
 195.31554858 204.48093625  45.72329507  52.53455008  63.51155902
  73.63556023 108.28346813]
load: [  0  14  38  63  79  11   3  13  19  44  54   0  13  21  30  35  38  59
  69  76  22  41  63   5  21  37   0  12  21   9  28  44  64  84  96 101
 118   0  13  13  38  56  69  77  81  95 109  21  40  46  61  76] 
time: [  0.         159.         459.         503.13280071 559.15043249
 322.         174.         200.         269.         446.
 490.03147727   0.         170.         203.         257.
 279.90630276 345.84518954 426.67550421 486.99252254 523.70071398
  75.         169.         251.25133471 160.         389.
 429.23624841   0.         399.         412.00076293 108.
 140.15799758 192.         220.52726534 237.7678084  317.
 444.         473.95303324   0.         375.          80.
 130.         145.81100264 207.         246.16715731 274.57064863
 329.         378.         115.         308.         325.46934669
 443.         485.92676098] 
time warps: [0 0 0 0 0 0 0 0 0 0 0 0 0 0 0 0 0 0 0 0 0 0 0 0 0 0 0 0 0 0 0 0 0 0 0 0 0
 0 0 0 0 0 0 0 0 0 0 0 0 0 0 0] 
duration: [  0.          17.68141235 373.69977161 417.86477828 423.83386145
  11.28350345  36.3677188   70.96237744 170.22795014 365.02670727
 379.70276031   0.          39.89411518  92.79237167 168.38974482
 213.48188999 285.45212047 308.83472312 380.34915437 386.21488656
 111.20054626 227.58427967 234.69030096  76.14933511 311.99011944
 358.44890688   0.          34.67892685  63.11380365 131.13692659
 167.70329008 193.01987139 216.84690286 239.6596672  311.29741782
 463.3937732  480.12847885   0.          26.69825392  61.17228413
 148.18218127 149.3132445  189.16306162 205.50880629 266.43559847
 307.55489895 368.51033394  55.72329507 251.32425496 272.3012639
 403.26861412 455.91652202]

All individuals: [(86, [10, 14, 10, 14, 35, 43, 21, 32, 37, 44, 31, 26, 16, 36,  7, 41, 28,  4, 19, 22, 48, 11, 42, 46, 34,  6,  3, 27,  1, 14, 13, 33, 20, 29,  8,  5, 17, 18, 30,  9, 45, 10, 39,  2, 15, 25, 23, 47, 24, 12, 38, 40], 1399.9594606 , 1399.9594606 , 0.,  0.        , 0.        , 0., 0, 0, 0.)
 (86, [10, 14, 10, 14, 35, 43, 21, 32, 37, 44, 31, 26, 16, 36,  7, 41, 28,  4, 19, 22, 48, 11, 42, 46, 34,  6,  3, 27,  1, 14, 13, 33, 20, 29,  8,  5, 17, 18, 30,  9, 45, 10, 39,  2, 15, 25, 23, 47, 24, 12, 38, 40], 1399.9594606 , 1399.9594606 , 0.,  0.        , 0.        , 0., 0, 0, 0.)
 (86, [10, 14, 10, 14, 35, 43, 21, 32, 37, 44, 31, 26, 16, 36,  7, 41, 28,  4, 19, 22, 48, 11, 42, 46, 34,  6,  3, 27,  1, 14, 13, 33, 20, 29,  8,  5, 17, 18, 30,  9, 45, 10, 39,  2, 15, 25, 23, 47, 24, 12, 38, 40], 1399.9594606 , 1399.9594606 , 0.,  0.        , 0.        , 0., 0, 0, 0.)
 (86, [10, 14, 10, 14, 35, 43, 21, 32, 37, 44, 31, 26, 16, 36,  7, 41, 28,  4, 19, 22, 48, 11, 42, 46, 34,  6,  3, 27,  1, 14, 13, 33, 20, 29,  8,  5, 17, 18, 30,  9, 45, 10, 39,  2, 15, 25, 23, 47, 24, 12, 38, 40], 1399.9594606 , 1399.9594606 , 0.,  0.        , 0.        , 0., 0, 0, 0.)
 (86, [10, 14, 10, 14, 35, 43, 21, 32, 37, 44, 31, 26, 16, 36,  7, 41, 28,  4, 19, 22, 48, 11, 42, 46, 34,  6,  3, 27,  1, 14, 13, 33, 20, 29,  8,  5, 17, 18, 30,  9, 45, 10, 39,  2, 15, 25, 23, 47, 24, 12, 38, 40], 1399.9594606 , 1399.9594606 , 0.,  0.        , 0.        , 0., 0, 0, 0.)
 (86, [10, 14, 10, 14, 35, 43, 21, 32, 37, 44, 31, 26, 16, 36,  7, 41, 28,  4, 19, 22, 48, 11, 42, 46, 34,  6,  3, 27,  1, 14, 13, 33, 20, 29,  8,  5, 17, 18, 30,  9, 45, 10, 39,  2, 15, 25, 23, 47, 24, 12, 38, 40], 1399.9594606 , 1399.9594606 , 0.,  0.        , 0.        , 0., 0, 0, 0.)
 (86, [10, 14, 10, 14, 35, 43, 21, 32, 37, 44, 31, 26, 16, 36,  7, 41, 28,  4, 19, 22, 48, 11, 42, 46, 34,  6,  3, 27,  1, 14, 13, 33, 20, 29,  8,  5, 17, 18, 30,  9, 45, 10, 39,  2, 15, 25, 23, 47, 24, 12, 38, 40], 1399.9594606 , 1399.9594606 , 0.,  0.        , 0.        , 0., 0, 0, 0.)
 (86, [10, 14, 10, 14, 35, 43, 21, 32, 37, 44, 31, 26, 16, 36,  7, 41, 28,  4, 19, 22, 48, 11, 42, 46, 34,  6,  3, 27,  1, 14, 13, 33, 20, 29,  8,  5, 17, 18, 30,  9, 45, 10, 39,  2, 15, 25, 23, 47, 24, 12, 38, 40], 1399.9594606 , 1399.9594606 , 0.,  0.        , 0.        , 0., 0, 0, 0.)
 (86, [10, 14, 10, 14, 35, 43, 21, 32, 37, 44, 31, 26, 16, 36,  7, 41, 28,  4, 19, 22, 48, 11, 42, 46, 34,  6,  3, 27,  1, 14, 13, 33, 20, 29,  8,  5, 17, 18, 30,  9, 45, 10, 39,  2, 15, 25, 23, 47, 24, 12, 38, 40], 1399.9594606 , 1399.9594606 , 0.,  0.        , 0.        , 0., 0, 0, 0.)
 (86, [10, 14, 10, 14, 35, 43, 21, 32, 37, 44, 31, 26, 16, 36,  7, 41, 28,  4, 19, 22, 48, 11, 42, 46, 34,  6,  3, 27,  1, 14, 13, 33, 20, 29,  8,  5, 17, 18, 30,  9, 45, 10, 39,  2, 15, 25, 23, 47, 24, 12, 38, 40], 1399.9594606 , 1399.9594606 , 0.,  0.        , 0.        , 0., 0, 0, 0.)
 (86, [10, 14, 10, 14, 35, 43, 21, 32, 37, 44, 31, 26, 16, 36,  7, 41, 28,  4, 19, 22, 48, 11, 42, 46, 34,  6,  3, 27,  1, 14, 13, 33, 20, 29,  8,  5, 17, 18, 30,  9, 45, 10, 39,  2, 15, 25, 23, 47, 24, 12, 38, 40], 1399.9594606 , 1399.9594606 , 0.,  0.        , 0.        , 0., 0, 0, 0.)
 (86, [10, 14, 10, 14, 35, 43, 21, 32, 37, 44, 31, 26, 16, 36,  7, 41, 28,  4, 19, 22, 48, 11, 42, 46, 34,  6,  3, 27,  1, 14, 13, 33, 20, 29,  8,  5, 17, 18, 30,  9, 45, 10, 39,  2, 15, 25, 23, 47, 24, 12, 38, 40], 1399.9594606 , 1399.9594606 , 0.,  0.        , 0.        , 0., 0, 0, 0.)
 (86, [10, 14, 10, 14, 35, 43, 21, 32, 37, 44, 31, 26, 16, 36,  7, 41, 28,  4, 19, 22, 48, 11, 42, 46, 34,  6,  3, 27,  1, 14, 13, 33, 20, 29,  8,  5, 17, 18, 30,  9, 45, 10, 39,  2, 15, 25, 23, 47, 24, 12, 38, 40], 1399.9594606 , 1399.9594606 , 0.,  0.        , 0.        , 0., 0, 0, 0.)
 (86, [10, 14, 10, 14, 35, 43, 21, 32, 37, 44, 31, 26, 16, 36,  7, 41, 28,  4, 19, 22, 48, 11, 42, 46, 34,  6,  3, 27,  1, 14, 13, 33, 20, 29,  8,  5, 17, 18, 30,  9, 45, 10, 39,  2, 15, 25, 23, 47, 24, 12, 38, 40], 1399.9594606 , 1399.9594606 , 0.,  0.        , 0.        , 0., 0, 0, 0.)
 (86, [10, 14, 10, 14, 35, 43, 21, 32, 37, 44, 31, 26, 16, 36,  7, 41, 28,  4, 19, 22, 48, 11, 42, 46, 34,  6,  3, 27,  1, 14, 13, 33, 20, 29,  8,  5, 17, 18, 30,  9, 45, 10, 39,  2, 15, 25, 23, 47, 24, 12, 38, 40], 1399.9594606 , 1399.9594606 , 0.,  0.        , 0.        , 0., 0, 0, 0.)
 (86, [10, 14, 10, 14, 35, 43, 21, 32, 37, 44, 31, 26, 16, 36,  7, 41, 28,  4, 19, 22, 48, 11, 42, 46, 34,  6,  3, 27,  1, 14, 13, 33, 20, 29,  8,  5, 17, 18, 30,  9, 45, 10, 39,  2, 15, 25, 23, 47, 24, 12, 38, 40], 1399.9594606 , 1399.9594606 , 0.,  0.        , 0.        , 0., 0, 0, 0.)
 (86, [10, 14, 10, 14, 35, 43, 21, 32, 37, 44, 31, 26, 16, 36,  7, 41, 28,  4, 19, 22, 48, 11, 42, 46, 34,  6,  3, 27,  1, 14, 13, 33, 20, 29,  8,  5, 17, 18, 30,  9, 45, 10, 39,  2, 15, 25, 23, 47, 24, 12, 38, 40], 1399.9594606 , 1399.9594606 , 0.,  0.        , 0.        , 0., 0, 0, 0.)
 (86, [10, 14, 10, 14, 35, 43, 21, 32, 37, 44, 31, 26, 16, 36,  7, 41, 28,  4, 19, 22, 48, 11, 42, 46, 34,  6,  3, 27,  1, 14, 13, 33, 20, 29,  8,  5, 17, 18, 30,  9, 45, 10, 39,  2, 15, 25, 23, 47, 24, 12, 38, 40], 1399.9594606 , 1399.9594606 , 0.,  0.        , 0.        , 0., 0, 0, 0.)
 (86, [10, 14, 10, 14, 35, 43, 21, 32, 37, 44, 31, 26, 16, 36,  7, 41, 28,  4, 19, 22, 48, 11, 42, 46, 34,  6,  3, 27,  1, 14, 13, 33, 20, 29,  8,  5, 17, 18, 30,  9, 45, 10, 39,  2, 15, 25, 23, 47, 24, 12, 38, 40], 1399.9594606 , 1399.9594606 , 0.,  0.        , 0.        , 0., 0, 0, 0.)
 (86, [10, 14, 10, 14, 35, 43, 21, 32, 37, 44, 31, 26, 16, 36,  7, 41, 28,  4, 19, 22, 48, 11, 42, 46, 34,  6,  3, 27,  1, 14, 13, 33, 20, 29,  8,  5, 17, 18, 30,  9, 45, 10, 39,  2, 15, 25, 23, 47, 24, 12, 38, 40], 1399.9594606 , 1399.9594606 , 0.,  0.        , 0.        , 0., 0, 0, 0.)
 (86, [10, 14, 10, 14, 35, 43, 21, 32, 37, 44, 31, 26, 16, 36,  7, 41, 28,  4, 19, 22, 48, 11, 42, 46, 34,  6,  3, 27,  1, 14, 13, 33, 20, 29,  8,  5, 17, 18, 30,  9, 45, 10, 39,  2, 15, 25, 23, 47, 24, 12, 38, 40], 1399.9594606 , 1399.9594606 , 0.,  0.        , 0.        , 0., 0, 0, 0.)
 (86, [10, 14, 10, 14, 35, 43, 21, 32, 37, 44, 31, 26, 16, 36,  7, 41, 28,  4, 19, 22, 48, 11, 42, 46, 34,  6,  3, 27,  1, 14, 13, 33, 20, 29,  8,  5, 17, 18, 30,  9, 45, 10, 39,  2, 15, 25, 23, 47, 24, 12, 38, 40], 1399.9594606 , 1399.9594606 , 0.,  0.        , 0.        , 0., 0, 0, 0.)
 (86, [10, 14, 10, 14, 35, 43, 21, 32, 37, 44, 31, 26, 16, 36,  7, 41, 28,  4, 19, 22, 48, 11, 42, 46, 34,  6,  3, 27,  1, 14, 13, 33, 20, 29,  8,  5, 17, 18, 30,  9, 45, 10, 39,  2, 15, 25, 23, 47, 24, 12, 38, 40], 1399.9594606 , 1399.9594606 , 0.,  0.        , 0.        , 0., 0, 0, 0.)
 (86, [10, 14, 10, 14, 35, 43, 21, 32, 37, 44, 31, 26, 16, 36,  7, 41, 28,  4, 19, 22, 48, 11, 42, 46, 34,  6,  3, 27,  1, 14, 13, 33, 20, 29,  8,  5, 17, 18, 30,  9, 45, 10, 39,  2, 15, 25, 23, 47, 24, 12, 38, 40], 1399.9594606 , 1399.9594606 , 0.,  0.        , 0.        , 0., 0, 0, 0.)
 (86, [10, 14, 10, 14, 35, 43, 21, 32, 37, 44, 31, 26, 16, 36,  7, 41, 28,  4, 19, 22, 48, 11, 42, 46, 34,  6,  3, 27,  1, 14, 13, 33, 20, 29,  8,  5, 17, 18, 30,  9, 45, 10, 39,  2, 15, 25, 23, 47, 24, 12, 38, 40], 1399.9594606 , 1399.9594606 , 0.,  0.        , 0.        , 0., 0, 0, 0.)
 (86, [10, 14, 10, 14, 35, 43, 21, 32, 37, 44, 31, 26, 16, 36,  7, 41, 28,  4, 19, 22, 48, 11, 42, 46, 34,  6,  3, 27,  1, 14, 13, 33, 20, 29,  8,  5, 17, 18, 30,  9, 45, 10, 39,  2, 15, 25, 23, 47, 24, 12, 38, 40], 1399.9594606 , 1399.9594606 , 0.,  0.        , 0.        , 0., 0, 0, 0.)
 (86, [10, 14, 10, 14, 35, 43, 21, 32, 37, 44, 31, 26, 16, 36,  7, 41, 28,  4, 19, 22, 48, 11, 42, 46, 34,  6,  3, 27,  1, 14, 13, 33, 20, 29,  8,  5, 17, 18, 30,  9, 45, 10, 39,  2, 15, 25, 23, 47, 24, 12, 38, 40], 1399.9594606 , 1399.9594606 , 0.,  0.        , 0.        , 0., 0, 0, 0.)
 (86, [10, 14, 10, 14, 35, 43, 21, 32, 37, 44, 31, 26, 16, 36,  7, 41, 28,  4, 19, 22, 48, 11, 42, 46, 34,  6,  3, 27,  1, 14, 13, 33, 20, 29,  8,  5, 17, 18, 30,  9, 45, 10, 39,  2, 15, 25, 23, 47, 24, 12, 38, 40], 1399.9594606 , 1399.9594606 , 0.,  0.        , 0.        , 0., 0, 0, 0.)
 (86, [10, 14, 10, 14, 35, 43, 21, 32, 37, 44, 31, 26, 16, 36,  7, 41, 28,  4, 19, 22, 48, 11, 42, 46, 34,  6,  3, 27,  1, 14, 13, 33, 20, 29,  8,  5, 17, 18, 30,  9, 45, 10, 39,  2, 15, 25, 23, 47, 24, 12, 38, 40], 1399.9594606 , 1399.9594606 , 0.,  0.        , 0.        , 0., 0, 0, 0.)
 (86, [10, 14, 10, 14, 35, 43, 21, 32, 37, 44, 31, 26, 16, 36,  7, 41, 28,  4, 19, 22, 48, 11, 42, 46, 34,  6,  3, 27,  1, 14, 13, 33, 20, 29,  8,  5, 17, 18, 30,  9, 45, 10, 39,  2, 15, 25, 23, 47, 24, 12, 38, 40], 1399.9594606 , 1399.9594606 , 0.,  0.        , 0.        , 0., 0, 0, 0.)
 (86, [10, 14, 10, 14, 35, 43, 21, 32, 37, 44, 31, 26, 16, 36,  7, 41, 28,  4, 19, 22, 48, 11, 42, 46, 34,  6,  3, 27,  1, 14, 13, 33, 20, 29,  8,  5, 17, 18, 30,  9, 45, 10, 39,  2, 15, 25, 23, 47, 24, 12, 38, 40], 1399.9594606 , 1399.9594606 , 0.,  0.        , 0.        , 0., 0, 0, 0.)
 (86, [10, 14, 10, 14, 35, 43, 21, 32, 37, 44, 31, 26, 16, 36,  7, 41, 28,  4, 19, 22, 48, 11, 42, 46, 34,  6,  3, 27,  1, 14, 13, 33, 20, 29,  8,  5, 17, 18, 30,  9, 45, 10, 39,  2, 15, 25, 23, 47, 24, 12, 38, 40], 1399.9594606 , 1399.9594606 , 0.,  0.        , 0.        , 0., 0, 0, 0.)
 (86, [10, 14, 10, 14, 35, 43, 21, 32, 37, 44, 31, 26, 16, 36,  7, 41, 28,  4, 19, 22, 48, 11, 42, 46, 34,  6,  3, 27,  1, 14, 13, 33, 20, 29,  8,  5, 17, 18, 30,  9, 45, 10, 39,  2, 15, 25, 23, 47, 24, 12, 38, 40], 1399.9594606 , 1399.9594606 , 0.,  0.        , 0.        , 0., 0, 0, 0.)
 (86, [10, 14, 10, 14, 35, 43, 21, 32, 37, 44, 31, 26, 16, 36,  7, 41, 28,  4, 19, 22, 48, 11, 42, 46, 34,  6,  3, 27,  1, 14, 13, 33, 20, 29,  8,  5, 17, 18, 30,  9, 45, 10, 39,  2, 15, 25, 23, 47, 24, 12, 38, 40], 1399.9594606 , 1399.9594606 , 0.,  0.        , 0.        , 0., 0, 0, 0.)
 (86, [10, 14, 10, 14, 35, 43, 21, 32, 37, 44, 31, 26, 16, 36,  7, 41, 28,  4, 19, 22, 48, 11, 42, 46, 34,  6,  3, 27,  1, 14, 13, 33, 20, 29,  8,  5, 17, 18, 30,  9, 45, 10, 39,  2, 15, 25, 23, 47, 24, 12, 38, 40], 1399.9594606 , 1399.9594606 , 0.,  0.        , 0.        , 0., 0, 0, 0.)
 (86, [10, 14, 10, 14, 35, 43, 21, 32, 37, 44, 31, 26, 16, 36,  7, 41, 28,  4, 19, 22, 48, 11, 42, 46, 34,  6,  3, 27,  1, 14, 13, 33, 20, 29,  8,  5, 17, 18, 30,  9, 45, 10, 39,  2, 15, 25, 23, 47, 24, 12, 38, 40], 1399.9594606 , 1399.9594606 , 0.,  0.        , 0.        , 0., 0, 0, 0.)
 (86, [10, 14, 10, 14, 35, 43, 21, 32, 37, 44, 31, 26, 16, 36,  7, 41, 28,  4, 19, 22, 48, 11, 42, 46, 34,  6,  3, 27,  1, 14, 13, 33, 20, 29,  8,  5, 17, 18, 30,  9, 45, 10, 39,  2, 15, 25, 23, 47, 24, 12, 38, 40], 1399.9594606 , 1399.9594606 , 0.,  0.        , 0.        , 0., 0, 0, 0.)
 (86, [10, 14, 10, 14, 35, 43, 21, 32, 37, 44, 31, 26, 16, 36,  7, 41, 28,  4, 19, 22, 48, 11, 42, 46, 34,  6,  3, 27,  1, 14, 13, 33, 20, 29,  8,  5, 17, 18, 30,  9, 45, 10, 39,  2, 15, 25, 23, 47, 24, 12, 38, 40], 1399.9594606 , 1399.9594606 , 0.,  0.        , 0.        , 0., 0, 0, 0.)
 (86, [10, 14, 10, 14, 35, 43, 21, 32, 37, 44, 31, 26, 16, 36,  7, 41, 28,  4, 19, 22, 48, 11, 42, 46, 34,  6,  3, 27,  1, 14, 13, 33, 20, 29,  8,  5, 17, 18, 30,  9, 45, 10, 39,  2, 15, 25, 23, 47, 24, 12, 38, 40], 1399.9594606 , 1399.9594606 , 0.,  0.        , 0.        , 0., 0, 0, 0.)
 (86, [10, 14, 10, 14, 35, 43, 21, 32, 37, 44, 31, 26, 16, 36,  7, 41, 28,  4, 19, 22, 48, 11, 42, 46, 34,  6,  3, 27,  1, 14, 13, 33, 20, 29,  8,  5, 17, 18, 30,  9, 45, 10, 39,  2, 15, 25, 23, 47, 24, 12, 38, 40], 1399.9594606 , 1399.9594606 , 0.,  0.        , 0.        , 0., 0, 0, 0.)
 (86, [10, 14, 10, 14, 35, 43, 21, 32, 37, 44, 31, 26, 16, 36,  7, 41, 28,  4, 19, 22, 48, 11, 42, 46, 34,  6,  3, 27,  1, 14, 13, 33, 20, 29,  8,  5, 17, 18, 30,  9, 45, 10, 39,  2, 15, 25, 23, 47, 24, 12, 38, 40], 1399.9594606 , 1399.9594606 , 0.,  0.        , 0.        , 0., 0, 0, 0.)
 (86, [10, 14, 10, 14, 35, 43, 21, 32, 37, 44, 31, 26, 16, 36,  7, 41, 28,  4, 19, 22, 48, 11, 42, 46, 34,  6,  3, 27,  1, 14, 13, 33, 20, 29,  8,  5, 17, 18, 30,  9, 45, 10, 39,  2, 15, 25, 23, 47, 24, 12, 38, 40], 1399.9594606 , 1399.9594606 , 0.,  0.        , 0.        , 0., 0, 0, 0.)
 (86, [10, 14, 10, 14, 35, 43, 21, 32, 37, 44, 31, 26, 16, 36,  7, 41, 28,  4, 19, 22, 48, 11, 42, 46, 34,  6,  3, 27,  1, 14, 13, 33, 20, 29,  8,  5, 17, 18, 30,  9, 45, 10, 39,  2, 15, 25, 23, 47, 24, 12, 38, 40], 1399.9594606 , 1399.9594606 , 0.,  0.        , 0.        , 0., 0, 0, 0.)
 (86, [10, 14, 10, 14, 35, 43, 21, 32, 37, 44, 31, 26, 16, 36,  7, 41, 28,  4, 19, 22, 48, 11, 42, 46, 34,  6,  3, 27,  1, 14, 13, 33, 20, 29,  8,  5, 17, 18, 30,  9, 45, 10, 39,  2, 15, 25, 23, 47, 24, 12, 38, 40], 1399.9594606 , 1399.9594606 , 0.,  0.        , 0.        , 0., 0, 0, 0.)
 (86, [10, 14, 10, 14, 35, 43, 21, 32, 37, 44, 31, 26, 16, 36,  7, 41, 28,  4, 19, 22, 48, 11, 42, 46, 34,  6,  3, 27,  1, 14, 13, 33, 20, 29,  8,  5, 17, 18, 30,  9, 45, 10, 39,  2, 15, 25, 23, 47, 24, 12, 38, 40], 1399.9594606 , 1399.9594606 , 0.,  0.        , 0.        , 0., 0, 0, 0.)
 (86, [10, 14, 10, 14, 35, 43, 21, 32, 37, 44, 31, 26, 16, 36,  7, 41, 28,  4, 19, 22, 48, 11, 42, 46, 34,  6,  3, 27,  1, 14, 13, 33, 20, 29,  8,  5, 17, 18, 30,  9, 45, 10, 39,  2, 15, 25, 23, 47, 24, 12, 38, 40], 1399.9594606 , 1399.9594606 , 0.,  0.        , 0.        , 0., 0, 0, 0.)
 (86, [10, 14, 10, 14, 35, 43, 21, 32, 37, 44, 31, 26, 16, 36,  7, 41, 28,  4, 19, 22, 48, 11, 42, 46, 34,  6,  3, 27,  1, 14, 13, 33, 20, 29,  8,  5, 17, 18, 30,  9, 45, 10, 39,  2, 15, 25, 23, 47, 24, 12, 38, 40], 1399.9594606 , 1399.9594606 , 0.,  0.        , 0.        , 0., 0, 0, 0.)
 (86, [10, 14, 10, 14, 35, 43, 21, 32, 37, 44, 31, 26, 16, 36,  7, 41, 28,  4, 19, 22, 48, 11, 42, 46, 34,  6,  3, 27,  1, 14, 13, 33, 20, 29,  8,  5, 17, 18, 30,  9, 45, 10, 39,  2, 15, 25, 23, 47, 24, 12, 38, 40], 1399.9594606 , 1399.9594606 , 0.,  0.        , 0.        , 0., 0, 0, 0.)
 (86, [10, 14, 10, 14, 35, 43, 21, 32, 37, 44, 31, 26, 16, 36,  7, 41, 28,  4, 19, 22, 48, 11, 42, 46, 34,  6,  3, 27,  1, 14, 13, 33, 20, 29,  8,  5, 17, 18, 30,  9, 45, 10, 39,  2, 15, 25, 23, 47, 24, 12, 38, 40], 1399.9594606 , 1399.9594606 , 0.,  0.        , 0.        , 0., 0, 0, 0.)
 (86, [10, 14, 10, 14, 35, 43, 21, 32, 37, 44, 31, 26, 16, 36,  7, 41, 28,  4, 19, 22, 48, 11, 42, 46, 34,  6,  3, 27,  1, 14, 13, 33, 20, 29,  8,  5, 17, 18, 30,  9, 45, 10, 39,  2, 15, 25, 23, 47, 24, 12, 38, 40], 1399.9594606 , 1399.9594606 , 0.,  0.        , 0.        , 0., 0, 0, 0.)
 (86, [10, 14, 10, 14, 35, 43, 21, 32, 37, 44, 31, 26, 16, 36,  7, 41, 28,  4, 19, 22, 48, 11, 42, 46, 34,  6,  3, 27,  1, 14, 13, 33, 20, 29,  8,  5, 17, 18, 30,  9, 45, 10, 39,  2, 15, 25, 23, 47, 24, 12, 38, 40], 1399.9594606 , 1399.9594606 , 0.,  0.        , 0.        , 0., 0, 0, 0.)
 (86, [10, 14, 10, 14, 35, 43, 21, 32, 37, 44, 31, 26, 16, 36,  7, 41, 28,  4, 19, 22, 48, 11, 42, 46, 34,  6,  3, 27,  1, 14, 13, 33, 20, 29,  8,  5, 17, 18, 30,  9, 45, 10, 39,  2, 15, 25, 23, 47, 24, 12, 38, 40], 1399.9594606 , 1399.9594606 , 0.,  0.        , 0.        , 0., 0, 0, 0.)
 (86, [10, 14, 10, 14, 35, 43, 21, 32, 37, 44, 31, 26, 16, 36,  7, 41, 28,  4, 19, 22, 48, 11, 42, 46, 34,  6,  3, 27,  1, 14, 13, 33, 20, 29,  8,  5, 17, 18, 30,  9, 45, 10, 39,  2, 15, 25, 23, 47, 24, 12, 38, 40], 1399.9594606 , 1399.9594606 , 0.,  0.        , 0.        , 0., 0, 0, 0.)
 (86, [10, 14, 10, 14, 35, 43, 21, 32, 37, 44, 31, 26, 16, 36,  7, 41, 28,  4, 19, 22, 48, 11, 42, 46, 34,  6,  3, 27,  1, 14, 13, 33, 20, 29,  8,  5, 17, 18, 30,  9, 45, 10, 39,  2, 15, 25, 23, 47, 24, 12, 38, 40], 1399.9594606 , 1399.9594606 , 0.,  0.        , 0.        , 0., 0, 0, 0.)
 (86, [10, 14, 10, 14, 35, 43, 21, 32, 37, 44, 31, 26, 16, 36,  7, 41, 28,  4, 19, 22, 48, 11, 42, 46, 34,  6,  3, 27,  1, 14, 13, 33, 20, 29,  8,  5, 17, 18, 30,  9, 45, 10, 39,  2, 15, 25, 23, 47, 24, 12, 38, 40], 1399.9594606 , 1399.9594606 , 0.,  0.        , 0.        , 0., 0, 0, 0.)
 (86, [10, 14, 10, 14, 35, 43, 21, 32, 37, 44, 31, 26, 16, 36,  7, 41, 28,  4, 19, 22, 48, 11, 42, 46, 34,  6,  3, 27,  1, 14, 13, 33, 20, 29,  8,  5, 17, 18, 30,  9, 45, 10, 39,  2, 15, 25, 23, 47, 24, 12, 38, 40], 1399.9594606 , 1399.9594606 , 0.,  0.        , 0.        , 0., 0, 0, 0.)
 (86, [10, 14, 10, 14, 35, 43, 21, 32, 37, 44, 31, 26, 16, 36,  7, 41, 28,  4, 19, 22, 48, 11, 42, 46, 34,  6,  3, 27,  1, 14, 13, 33, 20, 29,  8,  5, 17, 18, 30,  9, 45, 10, 39,  2, 15, 25, 23, 47, 24, 12, 38, 40], 1399.9594606 , 1399.9594606 , 0.,  0.        , 0.        , 0., 0, 0, 0.)
 (86, [10, 14, 10, 14, 35, 43, 21, 32, 37, 44, 31, 26, 16, 36,  7, 41, 28,  4, 19, 22, 48, 11, 42, 46, 34,  6,  3, 27,  1, 14, 13, 33, 20, 29,  8,  5, 17, 18, 30,  9, 45, 10, 39,  2, 15, 25, 23, 47, 24, 12, 38, 40], 1399.9594606 , 1399.9594606 , 0.,  0.        , 0.        , 0., 0, 0, 0.)
 (86, [10, 14, 10, 14, 35, 43, 21, 32, 37, 44, 31, 26, 16, 36,  7, 41, 28,  4, 19, 22, 48, 11, 42, 46, 34,  6,  3, 27,  1, 14, 13, 33, 20, 29,  8,  5, 17, 18, 30,  9, 45, 10, 39,  2, 15, 25, 23, 47, 24, 12, 38, 40], 1399.9594606 , 1399.9594606 , 0.,  0.        , 0.        , 0., 0, 0, 0.)
 (86, [10, 14, 10, 14, 35, 43, 21, 32, 37, 44, 31, 26, 16, 36,  7, 41, 28,  4, 19, 22, 48, 11, 42, 46, 34,  6,  3, 27,  1, 14, 13, 33, 20, 29,  8,  5, 17, 18, 30,  9, 45, 10, 39,  2, 15, 25, 23, 47, 24, 12, 38, 40], 1399.9594606 , 1399.9594606 , 0.,  0.        , 0.        , 0., 0, 0, 0.)
 (86, [10, 14, 10, 14, 35, 43, 21, 32, 37, 44, 31, 26, 16, 36,  7, 41, 28,  4, 19, 22, 48, 11, 42, 46, 34,  6,  3, 27,  1, 14, 13, 33, 20, 29,  8,  5, 17, 18, 30,  9, 45, 10, 39,  2, 15, 25, 23, 47, 24, 12, 38, 40], 1399.9594606 , 1399.9594606 , 0.,  0.        , 0.        , 0., 0, 0, 0.)
 (86, [10, 14, 10, 14, 35, 43, 21, 32, 37, 44, 31, 26, 16, 36,  7, 41, 28,  4, 19, 22, 48, 11, 42, 46, 34,  6,  3, 27,  1, 14, 13, 33, 20, 29,  8,  5, 17, 18, 30,  9, 45, 10, 39,  2, 15, 25, 23, 47, 24, 12, 38, 40], 1399.9594606 , 1399.9594606 , 0.,  0.        , 0.        , 0., 0, 0, 0.)
 (86, [10, 14, 10, 14, 35, 43, 21, 32, 37, 44, 31, 26, 16, 36,  7, 41, 28,  4, 19, 22, 48, 11, 42, 46, 34,  6,  3, 27,  1, 14, 13, 33, 20, 29,  8,  5, 17, 18, 30,  9, 45, 10, 39,  2, 15, 25, 23, 47, 24, 12, 38, 40], 1399.9594606 , 1399.9594606 , 0.,  0.        , 0.        , 0., 0, 0, 0.)
 (86, [10, 14, 10, 14, 35, 43, 21, 32, 37, 44, 31, 26, 16, 36,  7, 41, 28,  4, 19, 22, 48, 11, 42, 46, 34,  6,  3, 27,  1, 14, 13, 33, 20, 29,  8,  5, 17, 18, 30,  9, 45, 10, 39,  2, 15, 25, 23, 47, 24, 12, 38, 40], 1399.9594606 , 1399.9594606 , 0.,  0.        , 0.        , 0., 0, 0, 0.)
 (86, [10, 14, 10, 14, 35, 43, 21, 32, 37, 44, 31, 26, 16, 36,  7, 41, 28,  4, 19, 22, 48, 11, 42, 46, 34,  6,  3, 27,  1, 14, 13, 33, 20, 29,  8,  5, 17, 18, 30,  9, 45, 10, 39,  2, 15, 25, 23, 47, 24, 12, 38, 40], 1399.9594606 , 1399.9594606 , 0.,  0.        , 0.        , 0., 0, 0, 0.)
 (86, [10, 14, 10, 14, 35, 43, 21, 32, 37, 44, 31, 26, 16, 36,  7, 41, 28,  4, 19, 22, 48, 11, 42, 46, 34,  6,  3, 27,  1, 14, 13, 33, 20, 29,  8,  5, 17, 18, 30,  9, 45, 10, 39,  2, 15, 25, 23, 47, 24, 12, 38, 40], 1399.9594606 , 1399.9594606 , 0.,  0.        , 0.        , 0., 0, 0, 0.)
 (86, [10, 14, 10, 14, 35, 43, 21, 32, 37, 44, 31, 26, 16, 36,  7, 41, 28,  4, 19, 22, 48, 11, 42, 46, 34,  6,  3, 27,  1, 14, 13, 33, 20, 29,  8,  5, 17, 18, 30,  9, 45, 10, 39,  2, 15, 25, 23, 47, 24, 12, 38, 40], 1399.9594606 , 1399.9594606 , 0.,  0.        , 0.        , 0., 0, 0, 0.)
 (86, [10, 14, 10, 14, 35, 43, 21, 32, 37, 44, 31, 26, 16, 36,  7, 41, 28,  4, 19, 22, 48, 11, 42, 46, 34,  6,  3, 27,  1, 14, 13, 33, 20, 29,  8,  5, 17, 18, 30,  9, 45, 10, 39,  2, 15, 25, 23, 47, 24, 12, 38, 40], 1399.9594606 , 1399.9594606 , 0.,  0.        , 0.        , 0., 0, 0, 0.)
 (86, [10, 14, 10, 14, 35, 43, 21, 32, 37, 44, 31, 26, 16, 36,  7, 41, 28,  4, 19, 22, 48, 11, 42, 46, 34,  6,  3, 27,  1, 14, 13, 33, 20, 29,  8,  5, 17, 18, 30,  9, 45, 10, 39,  2, 15, 25, 23, 47, 24, 12, 38, 40], 1399.9594606 , 1399.9594606 , 0.,  0.        , 0.        , 0., 0, 0, 0.)
 (86, [10, 14, 10, 14, 35, 43, 21, 32, 37, 44, 31, 26, 16, 36,  7, 41, 28,  4, 19, 22, 48, 11, 42, 46, 34,  6,  3, 27,  1, 14, 13, 33, 20, 29,  8,  5, 17, 18, 30,  9, 45, 10, 39,  2, 15, 25, 23, 47, 24, 12, 38, 40], 1399.9594606 , 1399.9594606 , 0.,  0.        , 0.        , 0., 0, 0, 0.)
 (86, [10, 14, 10, 14, 35, 43, 21, 32, 37, 44, 31, 26, 16, 36,  7, 41, 28,  4, 19, 22, 48, 11, 42, 46, 34,  6,  3, 27,  1, 14, 13, 33, 20, 29,  8,  5, 17, 18, 30,  9, 45, 10, 39,  2, 15, 25, 23, 47, 24, 12, 38, 40], 1399.9594606 , 1399.9594606 , 0.,  0.        , 0.        , 0., 0, 0, 0.)
 (86, [10, 14, 10, 14, 35, 43, 21, 32, 37, 44, 31, 26, 16, 36,  7, 41, 28,  4, 19, 22, 48, 11, 42, 46, 34,  6,  3, 27,  1, 14, 13, 33, 20, 29,  8,  5, 17, 18, 30,  9, 45, 10, 39,  2, 15, 25, 23, 47, 24, 12, 38, 40], 1399.9594606 , 1399.9594606 , 0.,  0.        , 0.        , 0., 0, 0, 0.)
 (86, [10, 14, 10, 14, 35, 43, 21, 32, 37, 44, 31, 26, 16, 36,  7, 41, 28,  4, 19, 22, 48, 11, 42, 46, 34,  6,  3, 27,  1, 14, 13, 33, 20, 29,  8,  5, 17, 18, 30,  9, 45, 10, 39,  2, 15, 25, 23, 47, 24, 12, 38, 40], 1399.9594606 , 1399.9594606 , 0.,  0.        , 0.        , 0., 0, 0, 0.)
 (86, [10, 14, 10, 14, 35, 43, 21, 32, 37, 44, 31, 26, 16, 36,  7, 41, 28,  4, 19, 22, 48, 11, 42, 46, 34,  6,  3, 27,  1, 14, 13, 33, 20, 29,  8,  5, 17, 18, 30,  9, 45, 10, 39,  2, 15, 25, 23, 47, 24, 12, 38, 40], 1399.9594606 , 1399.9594606 , 0.,  0.        , 0.        , 0., 0, 0, 0.)
 (86, [10, 14, 10, 14, 35, 43, 21, 32, 37, 44, 31, 26, 16, 36,  7, 41, 28,  4, 19, 22, 48, 11, 42, 46, 34,  6,  3, 27,  1, 14, 13, 33, 20, 29,  8,  5, 17, 18, 30,  9, 45, 10, 39,  2, 15, 25, 23, 47, 24, 12, 38, 40], 1399.9594606 , 1399.9594606 , 0.,  0.        , 0.        , 0., 0, 0, 0.)
 (86, [10, 14, 10, 14, 35, 43, 21, 32, 37, 44, 31, 26, 16, 36,  7, 41, 28,  4, 19, 22, 48, 11, 42, 46, 34,  6,  3, 27,  1, 14, 13, 33, 20, 29,  8,  5, 17, 18, 30,  9, 45, 10, 39,  2, 15, 25, 23, 47, 24, 12, 38, 40], 1399.9594606 , 1399.9594606 , 0.,  0.        , 0.        , 0., 0, 0, 0.)
 (86, [10, 14, 10, 14, 35, 43, 21, 32, 37, 44, 31, 26, 16, 36,  7, 41, 28,  4, 19, 22, 48, 11, 42, 46, 34,  6,  3, 27,  1, 14, 13, 33, 20, 29,  8,  5, 17, 18, 30,  9, 45, 10, 39,  2, 15, 25, 23, 47, 24, 12, 38, 40], 1399.9594606 , 1399.9594606 , 0.,  0.        , 0.        , 0., 0, 0, 0.)
 (86, [10, 14, 10, 14, 35, 43, 21, 32, 37, 44, 31, 26, 16, 36,  7, 41, 28,  4, 19, 22, 48, 11, 42, 46, 34,  6,  3, 27,  1, 14, 13, 33, 20, 29,  8,  5, 17, 18, 30,  9, 45, 10, 39,  2, 15, 25, 23, 47, 24, 12, 38, 40], 1399.9594606 , 1399.9594606 , 0.,  0.        , 0.        , 0., 0, 0, 0.)
 (86, [10, 14, 10, 14, 35, 43, 21, 32, 37, 44, 31, 26, 16, 36,  7, 41, 28,  4, 19, 22, 48, 11, 42, 46, 34,  6,  3, 27,  1, 14, 13, 33, 20, 29,  8,  5, 17, 18, 30,  9, 45, 10, 39,  2, 15, 25, 23, 47, 24, 12, 38, 40], 1399.9594606 , 1399.9594606 , 0.,  0.        , 0.        , 0., 0, 0, 0.)
 (86, [10, 14, 10, 14, 35, 43, 21, 32, 37, 44, 31, 26, 16, 36,  7, 41, 28,  4, 19, 22, 48, 11, 42, 46, 34,  6,  3, 27,  1, 14, 13, 33, 20, 29,  8,  5, 17, 18, 30,  9, 45, 10, 39,  2, 15, 25, 23, 47, 24, 12, 38, 40], 1399.9594606 , 1399.9594606 , 0.,  0.        , 0.        , 0., 0, 0, 0.)
 (86, [10, 14, 10, 14, 35, 43, 21, 32, 37, 44, 31, 26, 16, 36,  7, 41, 28,  4, 19, 22, 48, 11, 42, 46, 34,  6,  3, 27,  1, 14, 13, 33, 20, 29,  8,  5, 17, 18, 30,  9, 45, 10, 39,  2, 15, 25, 23, 47, 24, 12, 38, 40], 1399.9594606 , 1399.9594606 , 0.,  0.        , 0.        , 0., 0, 0, 0.)
 (86, [10, 14, 10, 14, 35, 43, 21, 32, 37, 44, 31, 26, 16, 36,  7, 41, 28,  4, 19, 22, 48, 11, 42, 46, 34,  6,  3, 27,  1, 14, 13, 33, 20, 29,  8,  5, 17, 18, 30,  9, 45, 10, 39,  2, 15, 25, 23, 47, 24, 12, 38, 40], 1399.9594606 , 1399.9594606 , 0.,  0.        , 0.        , 0., 0, 0, 0.)
 (86, [10, 14, 10, 14, 35, 43, 21, 32, 37, 44, 31, 26, 16, 36,  7, 41, 28,  4, 19, 22, 48, 11, 42, 46, 34,  6,  3, 27,  1, 14, 13, 33, 20, 29,  8,  5, 17, 18, 30,  9, 45, 10, 39,  2, 15, 25, 23, 47, 24, 12, 38, 40], 1399.9594606 , 1399.9594606 , 0.,  0.        , 0.        , 0., 0, 0, 0.)
 (86, [10, 14, 10, 14, 35, 43, 21, 32, 37, 44, 31, 26, 16, 36,  7, 41, 28,  4, 19, 22, 48, 11, 42, 46, 34,  6,  3, 27,  1, 14, 13, 33, 20, 29,  8,  5, 17, 18, 30,  9, 45, 10, 39,  2, 15, 25, 23, 47, 24, 12, 38, 40], 1399.9594606 , 1399.9594606 , 0.,  0.        , 0.        , 0., 0, 0, 0.)
 (86, [10, 14, 10, 14, 35, 43, 21, 32, 37, 44, 31, 26, 16, 36,  7, 41, 28,  4, 19, 22, 48, 11, 42, 46, 34,  6,  3, 27,  1, 14, 13, 33, 20, 29,  8,  5, 17, 18, 30,  9, 45, 10, 39,  2, 15, 25, 23, 47, 24, 12, 38, 40], 1399.9594606 , 1399.9594606 , 0.,  0.        , 0.        , 0., 0, 0, 0.)
 (86, [10, 14, 10, 14, 35, 43, 21, 32, 37, 44, 31, 26, 16, 36,  7, 41, 28,  4, 19, 22, 48, 11, 42, 46, 34,  6,  3, 27,  1, 14, 13, 33, 20, 29,  8,  5, 17, 18, 30,  9, 45, 10, 39,  2, 15, 25, 23, 47, 24, 12, 38, 40], 1399.9594606 , 1399.9594606 , 0.,  0.        , 0.        , 0., 0, 0, 0.)
 (86, [10, 14, 10, 14, 35, 43, 21, 32, 37, 44, 31, 26, 16, 36,  7, 41, 28,  4, 19, 22, 48, 11, 42, 46, 34,  6,  3, 27,  1, 14, 13, 33, 20,  8, 29,  5, 17, 18, 30,  9, 45, 10, 39,  2, 15, 25, 23, 47, 24, 12, 38, 40], 1408.89185018, 1408.89185018, 0.,  0.        , 0.        , 0., 0, 0, 0.)
 (86, [10, 14, 10, 14, 35, 43, 21, 32, 37, 44, 31, 26, 16, 39,  7, 41, 28,  4, 19, 22, 48, 11, 42, 46, 34,  6,  3, 27,  1, 14, 13, 33, 20, 29,  8,  5, 17, 18, 30,  9, 45, 10, 36,  2, 15, 25, 23, 47, 24, 12, 38, 40], 1489.41157821, 1489.41157821, 0.,  0.        , 0.        , 0., 0, 0, 0.)
 (86, [10, 14, 10, 14, 35, 43, 21, 32, 37, 44, 31, 26, 16, 36,  7, 42, 28,  4, 19, 22, 48, 11, 41, 46, 34,  6,  3, 27,  1, 14, 13, 33, 20, 29,  8,  5, 17, 18, 30,  9, 45, 10, 39,  2, 15, 25, 23, 47, 24, 12, 38, 40], 1572.94226892, 1627.45670018, 0.,  0.        , 1.50236991, 0., 0, 0, 0.)
 (86, [10, 14, 10, 14,  4, 43, 21, 32, 37, 44, 31, 26, 16, 36,  7, 41, 28, 35, 19, 22, 48, 11, 42, 46, 34,  6,  3, 27,  1, 14, 13, 33, 20, 29,  8,  5, 17, 18, 30,  9, 45, 10, 39,  2, 15, 25, 23, 47, 24, 12, 38, 40], 1620.65320285, 1786.63692959, 0., 10.73987146, 0.        , 0., 0, 0, 0.)
 (86, [10, 14, 10, 14, 35, 43, 21, 32, 37, 44, 31, 26, 16, 36,  7, 41, 28,  4, 19, 22, 48, 11, 42, 46, 14,  6,  3, 27,  1, 34, 13, 33, 20, 29,  8,  5, 17, 18, 30,  9, 45, 10, 39,  2, 15, 25, 23, 47, 24, 12, 38, 40], 1621.39189869, 1621.39189869, 0.,  0.        , 0.        , 0., 0, 0, 0.)
 (86, [10, 14, 10, 14, 35,  1, 21, 32, 37, 44, 31, 26, 16, 36,  7, 41, 28,  4, 19, 22, 48, 11, 42, 46, 34,  6,  3, 27, 43, 14, 13, 33, 20, 29,  8,  5, 17, 18, 30,  9, 45, 10, 39,  2, 15, 25, 23, 47, 24, 12, 38, 40], 1644.3386764 , 1644.3386764 , 0.,  0.        , 0.        , 0., 0, 0, 0.)
 (86, [10, 14, 10, 14, 35, 43, 21, 32, 37, 44, 31, 26, 16, 36,  7, 41, 28,  4, 19, 22, 48, 11, 42, 46, 40,  6,  3, 27,  1, 14, 13, 33, 20, 29,  8,  5, 17, 18, 30,  9, 45, 10, 39,  2, 15, 25, 23, 47, 24, 12, 38, 34], 1659.08109503, 1659.08109503, 0.,  0.        , 0.        , 0., 0, 0, 0.)
 (86, [10, 14, 10, 14, 35, 43, 21, 32, 37, 44, 31, 26, 16, 36,  7, 41, 28,  4, 19, 22, 48, 11, 42, 46, 34,  6,  3, 27,  1, 14, 13, 33, 20, 39,  8,  5, 17, 18, 30,  9, 45, 10, 29,  2, 15, 25, 23, 47, 24, 12, 38, 40], 1683.28388325, 1683.28388325, 0.,  0.        , 0.        , 0., 0, 0, 0.)
 (86, [10, 14, 10, 14, 35, 43, 21, 32, 37, 44, 31, 26, 16, 36,  7, 41, 12,  4, 19, 22, 48, 11, 42, 46, 34,  6,  3, 27,  1, 14, 13, 33, 20, 29,  8,  5, 17, 18, 30,  9, 45, 10, 39,  2, 15, 25, 23, 47, 24, 28, 38, 40], 1711.86711873, 1881.43548969, 0.,  0.        , 0.        , 0., 0, 0, 0.)
 (86, [10, 14, 10, 14, 35, 43, 21, 32, 37, 44, 33, 26, 16, 36,  7, 41, 28,  4, 19, 22, 48, 11, 42, 46, 34,  6,  3, 27,  1, 14, 13, 31, 20, 29,  8,  5, 17, 18, 30,  9, 45, 10, 39,  2, 15, 25, 23, 47, 24, 12, 38, 40], 1749.19682363, 1839.65655029, 0.,  0.        , 0.        , 0., 0, 0, 0.)
 (86, [12, 14, 10, 12, 35, 43, 21, 32, 37, 44, 31, 26, 16, 36,  7, 41, 28,  4, 19, 22, 48, 11, 42, 46, 34,  6,  3, 27,  1, 14, 13, 33, 20, 29,  8,  5, 17, 30, 18,  9, 45, 10, 39,  2, 15, 25, 23, 47, 24, 12, 38, 40], 1768.96324232, 1768.96324232, 0.,  0.        , 0.        , 0., 0, 0, 0.)
 (86, [ 8, 15, 10, 15, 43, 35, 21, 32, 37, 44, 31, 26, 16, 36,  7, 41, 28,  4, 19, 22, 48, 11, 42, 46, 34,  6,  3, 27,  1, 14, 13, 33, 20, 29,  8,  5, 17, 18, 30,  9, 45, 10, 39,  2, 15, 25, 23, 47, 24, 12, 38, 40], 1868.9504524 , 1884.42081084, 0.,  0.        , 0.        , 0., 0, 0, 0.)
 (86, [10, 12, 13, 13, 35, 43, 21, 32, 37, 44, 31, 26, 16, 36,  7, 41, 28,  4, 19, 22, 48, 11, 42, 46, 34,  6, 25, 27,  1, 14, 13, 33, 20, 29,  8,  5, 17, 18, 30,  9, 45, 10, 39,  2, 15,  3, 23, 47, 24, 12, 38, 40], 1897.32428493, 1897.32428493, 0.,  0.        , 0.        , 0., 0, 0, 0.)
 (86, [10, 15, 12, 11, 35, 43, 21, 32, 37, 44, 31, 26, 16, 36,  4, 41, 28,  7, 19, 22, 48, 11, 42, 46, 34,  6,  3, 27,  1, 14, 13, 33, 20, 29,  8,  5, 17, 18, 30,  9, 45, 10, 39,  2, 15, 25, 23, 47, 24, 12, 38, 40], 1934.75135966, 1934.75135966, 0.,  0.        , 0.        , 0., 0, 0, 0.)]