
Total Runtime in seconds: 672.4628670215607Parameters:
population_size: 50, max_generations: 150, executed generations: 149, threshold_no_improvement: 75
target feasible proportion: 12
fitness_scaling: power_rank, selection_method: n_tournaments
p_c: 0.9, p_m: 0.3, NOT YET p_education: 0.0
tournament_size: 2, n_elite: 8
survivor_selection_step: 10, p_selection_survival: 0.7
kill clone step: 5
diversify_step: 20, diversify_step: 20, p_diversify_survival: 0.3
n_closest_neighbors: 3, diversity_weight: 0.5, distance_method: broken_pairs_distance
capacity_penalty_factor: 2, duration_penalty_factor 2, time_window_penalty: 2
Best fitness all generations, best individual before/after local search: 2147.73666505693, 2147.73666505693 / 2147.73666505693
Best individual found before local search: (35, [15, 10,  9, 17, 14,  7, 38, 32, 16, 15,  3, 22, 42, 12, 17, 47, 64,  7, 58, 19, 71, 51, 59, 57, 41, 49, 43, 68,  1, 23, 26, 62, 18, 20, 31, 27, 37, 61, 13, 53, 29,  4, 35, 39,  2, 36, 69, 40, 55, 52, 72,  5, 46, 28, 63, 24, 50, 60, 10, 33, 65,  6, 11, 70, 30,  9, 66, 14, 67, 21, 48, 54, 56, 45,  8, 34, 44, 25], 2147.73666506, 2147.73666506, 0., 0., 0., 0., 1, 50, 26.)
Best individual found after local search: (35, [15, 10,  9, 17, 14,  7, 38, 32, 16, 15,  3, 22, 42, 12, 17, 47, 64,  7, 58, 19, 71, 51, 59, 57, 41, 49, 43, 68,  1, 23, 26, 62, 18, 20, 31, 27, 37, 61, 13, 53, 29,  4, 35, 39,  2, 36, 69, 40, 55, 52, 72,  5, 46, 28, 63, 24, 50, 60, 10, 33, 65,  6, 11, 70, 30,  9, 66, 14, 67, 21, 48, 54, 56, 45,  8, 34, 44, 25], 2147.73666506, 2147.73666506, 0., 0., 0., 0., 1, 50, 26.)
Best feasible individual found: (35, [15, 10,  9, 17, 14,  7, 38, 32, 16, 15,  3, 22, 66, 12, 17, 47, 64, 43, 19, 70, 71, 51, 59, 57, 41, 49,  7, 68,  1, 23, 26, 62, 18, 20, 31, 27, 37, 61, 13, 53, 14, 67, 35, 39,  2, 36, 69, 40, 55, 52, 72,  5, 46, 28, 63, 24, 50, 60, 10, 33, 65,  6, 11,  9, 30, 42, 58, 29,  4, 21, 48, 54, 56, 45,  8, 34, 44, 25], 2206.88104186, 2206.88104186, 0., 0., 0., 0., 1, 50, 26.)

Fitness stats min: [3401.90573672 3278.72493833 3228.10566554 3219.64622253 3197.45755128
 3079.21102654 3079.21102654 3048.3359911  2955.17707636 2930.10422225
 2930.10422225 2930.10422225 2861.66703851 2845.5077988  2799.50687409
 2799.50687409 2778.04418251 2723.14045198 2723.14045198 2723.14045198
 2678.24328141 2678.24328141 2678.24328141 2678.24328141 2614.68169662
 2551.15050087 2551.15050087 2479.27435001 2479.27435001 2479.27435001
 2479.27435001 2428.13756412 2428.13756412 2428.13756412 2428.13756412
 2428.13756412 2428.13756412 2424.34859687 2342.73598581 2342.73598581
 2342.73598581 2342.73598581 2342.73598581 2342.73598581 2327.26437324
 2314.97793601 2314.97793601 2314.97793601 2314.97793601 2314.97793601
 2314.97793601 2314.97793601 2314.97793601 2314.97793601 2314.97793601
 2314.97793601 2310.5806064  2310.5806064  2310.5806064  2310.5806064
 2310.5806064  2310.5806064  2310.5806064  2310.5806064  2310.5806064
 2310.5806064  2310.5806064  2310.5806064  2310.5806064  2310.5806064
 2310.5806064  2310.5806064  2310.5806064  2310.5806064  2310.5806064
 2310.5806064  2310.5806064  2310.5806064  2310.5806064  2310.5806064
 2310.5806064  2310.5806064  2310.5806064  2310.5806064  2310.5806064
 2310.5806064  2300.79407938 2300.79407938 2300.79407938 2300.79407938
 2300.79407938 2300.79407938 2300.79407938 2300.79407938 2300.79407938
 2300.79407938 2300.79407938 2300.79407938 2300.79407938 2300.79407938
 2300.79407938 2300.79407938 2300.79407938 2300.79407938 2289.72669023
 2289.72669023 2289.72669023 2289.72669023 2289.72669023 2289.72669023
 2289.72669023 2289.72669023 2289.72669023 2289.72669023 2289.72669023
 2289.72669023 2289.72669023 2289.72669023 2289.72669023 2289.72669023
 2289.72669023 2289.72669023 2289.72669023 2289.72669023 2289.72669023
 2289.72669023 2276.05041435 2263.99583822 2263.99583822 2263.99583822
 2263.99583822 2262.24126796 2262.24126796 2262.24126796 2262.24126796
 2262.24126796 2262.24126796 2206.88104186 2206.88104186 2206.88104186
 2206.88104186 2206.88104186 2206.88104186 2206.88104186 2206.88104186
 2206.88104186 2206.88104186 2206.88104186 2206.88104186 2147.73666506] 

Fitness stats feasible min: [3401.90573672 3278.72493833 3278.72493833 3219.64622253 3197.45755128
 3079.21102654 3079.21102654 3048.3359911  2955.17707636 2930.10422225
 2930.10422225 2930.10422225 2861.66703851 2845.5077988  2799.50687409
 2799.50687409 2778.04418251 2723.14045198 2723.14045198 2723.14045198
 2723.14045198 2723.14045198 2718.69880065 2718.69880065 2614.68169662
 2614.68169662 2614.68169662 2578.07943057 2578.07943057 2578.07943057
 2578.07943057 2428.13756412 2428.13756412 2428.13756412 2428.13756412
 2428.13756412 2428.13756412 2424.34859687 2342.73598581 2342.73598581
 2342.73598581 2342.73598581 2342.73598581 2342.73598581 2327.26437324
 2314.97793601 2314.97793601 2314.97793601 2314.97793601 2314.97793601
 2314.97793601 2314.97793601 2314.97793601 2314.97793601 2314.97793601
 2314.97793601 2310.5806064  2310.5806064  2310.5806064  2310.5806064
 2310.5806064  2310.5806064  2310.5806064  2310.5806064  2310.5806064
 2310.5806064  2310.5806064  2310.5806064  2310.5806064  2310.5806064
 2310.5806064  2310.5806064  2310.5806064  2310.5806064  2310.5806064
 2310.5806064  2310.5806064  2310.5806064  2310.5806064  2310.5806064
 2310.5806064  2310.5806064  2310.5806064  2310.5806064  2310.5806064
 2310.5806064  2300.79407938 2300.79407938 2300.79407938 2300.79407938
 2300.79407938 2300.79407938 2300.79407938 2300.79407938 2300.79407938
 2300.79407938 2300.79407938 2300.79407938 2300.79407938 2300.79407938
 2300.79407938 2300.79407938 2300.79407938 2300.79407938 2289.72669023
 2289.72669023 2289.72669023 2289.72669023 2289.72669023 2289.72669023
 2289.72669023 2289.72669023 2289.72669023 2289.72669023 2289.72669023
 2289.72669023 2289.72669023 2289.72669023 2289.72669023 2289.72669023
 2289.72669023 2289.72669023 2289.72669023 2289.72669023 2289.72669023
 2289.72669023 2276.05041435 2263.99583822 2263.99583822 2263.99583822
 2263.99583822 2262.24126796 2262.24126796 2262.24126796 2262.24126796
 2262.24126796 2262.24126796 2206.88104186 2206.88104186 2206.88104186
 2206.88104186 2206.88104186 2206.88104186 2206.88104186 2206.88104186
 2206.88104186 2206.88104186 2206.88104186 2206.88104186 2147.73666506] 

Fitness stats avg: [6503.69519129 6229.53089614 5460.30065698 5183.87732874 4687.45639643
 4557.71929168 4539.17444917 4249.65513503 3981.45633188 3798.72049881
 5037.3437277  4449.4245694  3922.22971169 3626.51235453 3494.05706031
 4048.00354275 3585.61184893 3546.18350797 3443.85721783 3420.22401182
 5064.68082339 3832.56314648 3451.6575885  3400.03973034 3208.63502473
 3736.62378824 3351.71708182 3248.51724859 3157.90989342 3038.45709208
 4733.68983545 3605.57055647 3191.03741016 3159.28335307 2985.92915241
 3131.50086325 3101.44872308 2910.68478312 2841.93144916 2802.50254355
 4547.30093795 3423.17149558 3065.81164942 2715.4891965  2601.53913346
 4391.98192576 3532.34295472 3230.6296325  2872.01428985 2839.62157661
 4500.67926287 3441.60331558 2897.17359345 2812.25541275 2695.16593468
 3342.43480247 2865.32002371 2699.13212518 2647.90032403 2586.65808627
 4859.8979833  3606.84368107 3159.86349824 2887.39679083 2744.98232422
 3559.40263293 2884.20914615 2657.24709129 2484.7371577  2488.97422179
 4169.64733359 3337.934452   2762.88729569 2703.41289825 2526.87221919
 4377.62572351 3230.18815729 3578.70720664 2795.40304655 2626.6129742
 4924.6249062  3656.00512253 3211.70386178 2903.67395059 2665.02586569
 3824.80701273 3075.0570886  2737.49462347 2764.13518471 2726.60417009
 5069.84221219 3720.42719349 3083.46809354 2632.12884393 2496.22505632
 5039.98628929 4188.27275449 3208.84150456 2687.69182241 2503.11772216
 4136.71877048 2818.19207056 2538.5669121  2548.10970267 2489.22864235
 5360.04748468 4299.52967699 3598.56160082 3114.20726911 2747.63587656
 4868.46875218 3881.40887929 3126.53838498 2825.87036529 2547.68546071
 5416.55040395 4588.57366369 3936.91592553 3237.21509028 2907.45432332
 4641.16029001 3284.98166428 2773.17953895 2593.38866364 2458.08539376
 3841.19121084 2881.05090244 2629.34408049 2676.67168769 2493.3301051
 3903.40232039 2892.23004885 2629.87024244 2561.24886354 2441.04890639
 5441.47739456 5096.57088652 3931.73821786 3311.44530732 2694.43157722
 4553.85630958 3489.95319323 2869.44731388 2625.59385189 2412.02483018
 5206.98166421 4529.61559283 3603.33448104 3018.70848873 2718.86580735] 

Feasible stats: [( 0., 50.) ( 0., 50.) (19., 31.) (19., 31.) (20., 30.) (20., 30.)
 (17., 33.) (17., 33.) (28., 22.) (28., 22.) (32., 18.) (32., 18.)
 (18., 32.) (18., 32.) (27., 23.) (27., 23.) (25., 25.) (25., 25.)
 (25., 25.) (25., 25.) (28., 22.) (28., 22.) (14., 36.) (14., 36.)
 (23., 27.) (23., 27.) (22., 28.) (22., 28.) (36., 14.) (36., 14.)
 (37., 13.) (37., 13.) (25., 25.) (25., 25.) (33., 17.) (33., 17.)
 (32., 18.) (32., 18.) (43.,  7.) (43.,  7.) (42.,  8.) (42.,  8.)
 (24., 26.) (24., 26.) (43.,  7.) (43.,  7.) (15., 35.) (15., 35.)
 (28., 22.) (28., 22.) (37., 13.) (37., 13.) (26., 24.) (26., 24.)
 (34., 16.) (34., 16.) (24., 26.) (24., 26.) (36., 14.) (36., 14.)
 (37., 13.) (37., 13.) (19., 31.) (19., 31.) (29., 21.) (29., 21.)
 (22., 28.) (22., 28.) (36., 14.) (36., 14.) (42.,  8.) (42.,  8.)
 (32., 18.) (32., 18.) (36., 14.) (36., 14.) (17., 33.) (17., 33.)
 (30., 20.) (30., 20.) (36., 14.) (36., 14.) (21., 29.) (21., 29.)
 (32., 18.) (32., 18.) (19., 31.) (19., 31.) (32., 18.) (32., 18.)
 (31., 19.) (31., 19.) (20., 30.) (20., 30.) (34., 16.) (34., 16.)
 ( 9., 41.) ( 9., 41.) (29., 21.) (29., 21.) (38., 12.) (38., 12.)
 (33., 17.) (33., 17.) (41.,  9.) (41.,  9.) (12., 38.) (12., 38.)
 (23., 27.) (23., 27.) (34., 16.) (34., 16.) (21., 29.) (21., 29.)
 (36., 14.) (36., 14.) (11., 39.) (11., 39.) (17., 33.) (17., 33.)
 (28., 22.) (28., 22.) (28., 22.) (28., 22.) (41.,  9.) (41.,  9.)
 (21., 29.) (21., 29.) (41.,  9.) (41.,  9.) (46.,  4.) (46.,  4.)
 (34., 16.) (34., 16.) (42.,  8.) (42.,  8.) (10., 40.) (10., 40.)
 (19., 31.) (19., 31.) (35., 15.) (35., 15.) (23., 27.) (23., 27.)
 (35., 15.) (35., 15.) (12., 38.) (12., 38.) (22., 28.) (22., 28.)] 
Solution Description: 
p: [  0.          89.62934899 127.01442113 201.79898677 236.21869148
 243.87661699 244.11555038 313.60410535 432.03836604 445.22324799
 471.84763926 488.14930313 488.14931252 489.19892378 489.27898691
 541.2479115    0.          24.28509213  44.81362029 194.73998267
 201.31502888 225.0855747  229.99024506 241.26465573 364.91062662
 364.94917035 370.24370604   0.          31.71932219 145.95113287
 150.68589384 156.60565638 164.44517419 213.08873565 229.12642509
 238.45565869 256.30138691   0.          12.91064135  27.82191016
 187.81363094 221.95791749 227.72731308 241.32764791 250.61738793
 266.45835107 272.6771598  274.76237729 337.87324441 364.49084463
 364.60640868 377.06801194 427.03362187 466.72662552 526.98859325
   0.          39.33281383 107.83399075 154.18116275 163.7733508
 205.38075417 205.3855513  213.2734359  227.32632585 244.20420736
 254.56243056 263.72187341 282.47348335 309.76531306 309.90539071
   0.          87.31820543  97.51375803 138.30347915 138.61568331
 140.14032237 140.43295169 143.04967664] 
pred: [0 0 0 0 0 0 0 6 6 6 6 6 6 6 6 6 0 0 0 0 0 0 0 6 6 6 6 0 0 0 0 0 0 0 0 0 0
 0 0 0 2 2 2 2 2 2 2 9 9 9 9 9 9 9 9 0 0 0 0 0 0 0 0 7 7 9 9 9 9 9 0 0 0 0
 0 0 0 0] 
distance [  0.          89.62934899 127.01442113 201.79898677 236.21869148
 243.87661699 244.11555038  69.48855497 187.92281566 201.1076976
 227.73208888 244.03375275 244.03376213 245.0833734  245.16343653
 297.13236112   0.          24.28509213  44.81362029 194.73998267
 201.31502888 225.0855747  229.99024506  11.27441067 134.92038157
 134.95892529 140.25346098   0.          31.71932219 145.95113287
 150.68589384 156.60565638 164.44517419 213.08873565 229.12642509
 238.45565869 256.30138691   0.          12.91064135  27.82191016
 159.99172079 194.13600733 199.90540293 213.50573776 222.79547777
 238.63644092 244.85524964   2.08521749  65.19608461  91.81368483
  91.92924888 104.39085214 154.35646207 194.04946572 254.31143345
   0.          39.33281383 107.83399075 154.18116275 163.7733508
 205.38075417 205.3855513  213.2734359   14.05288995  30.93077146
  10.35822321  19.51766606  38.26927599  65.5611057   65.70118335
   0.          87.31820543  97.51375803 138.30347915 138.61568331
 140.14032237 140.43295169 143.04967664]
load: [  0  23  48  58  83 102 117  16  41  43  65  78  93 116 127 146   0  13
  18  20  43  56  66   4  24  31  40   0   2   9  13  22  26  49  58  63
  73   0  22  32  21  32  38  48  68  69  76  20  40  58  61  67  91  99
 114   0  25  37  47  67  68  75  83  17  30  13  14  29  35  56   0  25
  40  52  75  93 105 115] 
time: [  0.         130.         217.         279.8460023  366.
 475.         512.69400102 123.         198.83568882 220.93506979
 322.         342.52885889 408.56797663 436.86897981 478.15182382
 545.3501362    0.          64.         141.         223.87616275
 320.39349806 365.32485273 394.31104125 181.         256.87208292
 425.         444.4444974    0.         179.         259.37082518
 282.75203285 295.29953756 316.01183526 397.         432.49172692
 460.         513.07408503   0.          60.         230.
 111.         146.39277314 166.4064156  247.         319.50950395
 355.92153006 392.76082796 182.         269.         311.98878331
 348.47343968 366.15444268 409.146754   431.52390909 504.06473255
   0.         141.         306.         350.35263406 426.
 495.79652848 534.18453546 576.17004567 267.         454.
  67.          96.63082899 119.3586144  203.         413.
   0.         111.         180.         206.44951944 247.47436229
 255.79129341 279.11429707 394.        ] 
time warps: [0 0 0 0 0 0 0 0 0 0 0 0 0 0 0 0 0 0 0 0 0 0 0 0 0 0 0 0 0 0 0 0 0 0 0 0 0
 0 0 0 0 0 0 0 0 0 0 0 0 0 0 0 0 0 0 0 0 0 0 0 0 0 0 0 0 0 0 0 0 0 0 0 0 0
 0 0 0 0] 
duration: [  0.         104.62934899 199.94694891 288.73151454 377.90913878
 485.57875891 489.81769231  85.48855497 217.92281566 241.1076976
 354.81874259 396.12040646 401.12041584 423.17002711 431.25009024
 494.21901483   0.          38.28509213 115.00943913 289.9358015
 302.51084772 345.28139353 360.18606389  25.27441067 156.92038157
 287.56222507 316.85676076   0.          52.71932219 184.95113287
 195.68589384 211.60565638 236.44517419 316.09469886 335.1323883
 366.37249056 392.21821878   0.          37.91064135 194.21079561
 175.99172079 217.13600733 237.90540293 310.09891395 339.38865396
 375.22961711 395.44842584  25.08521749 145.60381035 185.22141057
 194.33697461 224.79857788 275.76418781 338.45719145 404.71915919
   0.          41.33281383 256.46217199 323.80934399 386.49861875
 434.10602212 459.11081926 480.99870386  36.05288995 221.49175487
  31.35822321  53.51766606  97.26927599 161.64907522 371.58248553
   0.          97.31820543 163.99910392 224.78882503 226.1010292
 248.62566825 255.91829758 355.92227253]

All individuals: [(35, [15, 10,  9, 17, 14,  7, 38, 32, 16, 15,  3, 22, 66, 12, 17, 47, 64, 43, 19, 70, 71, 51, 59, 57, 41, 49,  7, 68,  1, 23, 26, 62, 18, 20, 31, 27, 37, 61, 13, 53, 14, 67, 35, 39,  2, 36, 69, 40, 55, 52, 72,  5, 46, 28, 63, 24, 50, 60, 10, 33, 65,  6, 11,  9, 30, 42, 58, 29,  4, 21, 48, 54, 56, 45,  8, 34, 44, 25], 2206.88104186, 2206.88104186, 0.,   0.        ,  0.        ,  0.        ,  1, 50, 26. )
 (39, [14, 13, 12, 10, 13, 10, 22,  4,  9, 40, 23, 15, 66, 11, 34, 64, 49, 44, 27, 62, 56, 17, 24, 29, 51, 67,  6, 63, 72, 18, 48, 58,  8, 52,  2, 46, 36, 31, 38, 41, 55, 13, 39, 54, 30, 50,  7,  1, 45,  3, 57, 65, 60, 20, 32, 26, 10, 33, 14,  5, 42, 21, 59, 53, 16, 69, 43, 25, 28, 47, 68, 71, 12, 35, 37, 19, 70, 61], 2206.88104186, 2206.88104186, 0.,   0.        ,  0.        ,  0.        ,  2, 49, 26.5)
 (38, [11, 12, 15, 12, 11, 11, 67, 55, 37, 51, 35,  2, 32, 34, 48, 47, 53, 20, 43,  6, 62, 17, 26, 64, 49, 50, 65, 28, 56, 38, 29, 31, 58,  1, 72, 19,  8, 57, 36, 61, 71, 14, 41, 22, 68, 16, 33, 11, 10, 27, 25,  5,  3, 52, 70,  4,  7, 15, 30, 44, 60, 18, 40, 21, 46, 54, 24, 66, 59, 63, 12, 69,  9, 39, 42, 13, 45, 23], 2206.88104186, 2206.88104186, 0.,   0.        ,  0.        ,  0.        ,  3, 48, 27. )
 (36, [11, 12, 10, 12, 12, 15,  9, 13, 32, 60, 29, 10,  7, 19, 18, 21, 49, 63, 12,  8, 54, 45, 27, 70, 39, 17, 55, 30, 28, 46,  3, 11,  4, 23, 52,  2, 41, 47, 36, 71, 44, 15, 68,  1, 72, 50, 25, 64,  6, 61, 43, 14, 51, 48, 53, 20, 31, 24, 69, 42, 57, 33, 40, 37, 16, 56, 34, 38, 26, 65, 58, 22, 59, 66, 62, 67,  5, 35], 2206.88104186, 2206.88104186, 0.,   0.        ,  0.        ,  0.        ,  4, 47, 27.5)
 (35, [15, 10,  9, 17, 14,  7, 38, 32, 16, 15,  3, 22, 66, 12, 17, 47, 64, 43, 19, 70, 71, 51, 59, 57, 41, 49,  7, 68,  1, 23, 26, 62, 18, 20, 31, 27, 37, 61, 13, 53, 14, 67, 35, 39,  2, 36, 69, 40, 55, 52, 72,  5, 46, 28, 63, 24, 50, 60, 10, 33, 65,  6, 11,  9, 30, 42, 58, 29,  4, 21, 48, 54, 56, 45,  8, 34, 44, 25], 2206.88104186, 2206.88104186, 0.,   0.        ,  0.        ,  0.        ,  5, 46, 28. )
 (35, [15, 10,  9, 17, 14,  7, 38, 32, 16, 15,  3, 22, 66, 12, 17, 47, 64, 43, 19, 70, 71, 51, 59, 57, 41, 49,  7, 68,  1, 23, 26, 62, 18, 20, 31, 27, 37, 61, 13, 53, 14, 67, 35, 39,  2, 36, 69, 40, 55, 52, 72,  5, 46, 28, 63, 24, 50, 60, 10, 33, 65,  6, 11,  9, 30, 42, 58, 29,  4, 21, 48, 54, 56, 45,  8, 34, 44, 25], 2206.88104186, 2206.88104186, 0.,   0.        ,  0.        ,  0.        ,  4, 47, 27.5)
 (35, [15, 10,  9, 17, 14,  7, 38, 32, 16, 15,  3, 22, 66, 12, 17, 47, 64, 43, 19, 70, 71, 51, 59, 57, 41, 49,  7, 68,  1, 23, 26, 62, 18, 20, 31, 27, 37, 61, 13, 53, 14, 67, 35, 39,  2, 36, 69, 40, 55, 52, 72,  5, 46, 28, 63, 24, 50, 60, 10, 33, 65,  6, 11,  9, 30, 42, 58, 29,  4, 21, 48, 54, 56, 45,  8, 34, 44, 25], 2206.88104186, 2206.88104186, 0.,   0.        ,  0.        ,  0.        ,  3, 48, 27. )
 (35, [15, 10,  9, 17, 14,  7, 38, 32, 16, 15,  3, 22, 66, 12, 17, 47, 64, 43, 19, 70, 71, 51, 59, 57, 41, 49,  7, 68,  1, 23, 26, 62, 18, 20, 31, 27, 37, 61, 13, 53, 14, 67, 35, 39,  2, 36, 69, 40, 55, 52, 72,  5, 46, 28, 63, 24, 50, 60, 10, 33, 65,  6, 11,  9, 30, 42, 58, 29,  4, 21, 48, 54, 56, 45,  8, 34, 44, 25], 2206.88104186, 2206.88104186, 0.,   0.        ,  0.        ,  0.        ,  2, 49, 26.5)
 (48, [11, 17, 11, 10, 11, 12, 45,  1, 31, 71, 62, 67, 55, 54,  5, 36, 23,  3, 59, 69, 58, 21, 64, 70, 50, 15, 42, 40, 26, 32, 27, 57, 12,  7, 28, 17, 11, 65, 35, 72, 39,  6, 52, 61, 48, 24,  4, 41, 68, 18, 63, 66, 43, 60, 10,  2, 14, 33, 20, 37,  8, 46, 56, 19, 29, 25,  9, 47, 38, 22, 44, 49, 51, 34, 30, 13, 53, 16], 2206.88104186, 2206.88104186, 0.,   0.        ,  0.        ,  0.        ,  7, 44, 29. )
 (35, [15, 10,  9, 17, 14,  7, 38, 32, 16, 15,  3, 22, 66, 12, 17, 47, 64, 43, 19, 70, 71, 51, 59, 57, 41, 49,  7, 68,  1, 23, 26, 62, 18, 20, 31, 27, 37, 61, 13, 53, 14, 67, 35, 39,  2, 36, 69, 40, 55, 52, 72,  5, 46, 28, 63, 24, 50, 60, 10, 33, 65,  6, 11,  9, 30, 42, 58, 29,  4, 21, 48, 54, 56, 45,  8, 34, 44, 25], 2206.88104186, 2206.88104186, 0.,   0.        ,  0.        ,  0.        ,  1, 50, 26. )
 (42, [11, 13, 10, 12, 12, 14, 32, 29, 55, 14, 22, 50, 31, 51, 15,  9, 36, 42,  7, 10, 33, 62,  6, 39, 35, 13, 28, 12, 57, 38, 19, 23, 58, 53, 69, 54,  3,  5,  4, 47, 49, 45, 40, 43, 46, 70, 30, 11, 34, 67, 26, 65, 52, 20, 24, 18,  8, 37, 17, 61, 41, 68, 59, 27, 56, 21,  1, 48, 44, 63,  2, 66, 25, 16, 64, 72, 60, 71], 2241.63543466, 2219.79128262, 0.,  10.92207602,  0.        ,  3.        , 18, 29, 32.5)
 (42, [11, 13, 10, 12, 12, 14, 32, 29, 55, 14, 22, 50, 31, 51, 15,  9, 36, 42,  7, 10, 33, 62,  6, 39, 35, 13, 28, 12, 57, 38, 19, 23, 58, 53, 69, 54,  3,  5,  4, 47, 49, 45, 40, 43, 46, 70, 30, 11, 34, 67, 26, 65, 52, 20, 24, 18,  8, 37, 17, 61, 41, 68, 59, 27, 56, 21,  1, 48, 44, 63,  2, 66, 25, 16, 64, 72, 60, 71], 2241.63543466, 2219.79128262, 0.,  10.92207602,  0.        ,  3.        , 18, 29, 32.5)
 (35, [15, 10,  9, 17, 13,  8, 38, 32, 16, 15,  3, 22, 66, 12, 17, 47, 64, 43, 19, 70, 71, 51, 59, 57, 41, 49,  7, 68,  1, 23, 26, 62, 18, 20, 31, 27, 37, 61, 13, 53, 14, 67, 35, 39,  2, 36, 69, 40, 55, 52, 72,  5, 46, 28, 63, 24, 50, 60, 10, 33, 65,  6, 11,  9, 30, 42, 58, 29,  4, 21, 48, 54, 56, 45,  8, 34, 44, 25], 2287.44835396, 2287.44835396, 0.,   0.        ,  0.        ,  2.        , 19, 32, 35. )
 (35, [15, 10,  9, 17, 14,  7, 38, 32, 16, 15,  3, 22, 66, 12, 17, 47, 64, 43, 19, 70, 71, 51, 59, 57, 41, 49,  7, 68,  1, 23, 26, 62, 18, 20, 31, 27, 37, 61, 13, 53, 69, 67, 35, 39,  2, 36, 14, 40, 55, 52, 72,  5, 46, 28, 63, 24, 50, 60, 10, 33, 65,  6, 11,  9, 30, 42, 58, 29,  4, 21, 48, 54, 56, 45,  8, 34, 44, 25], 2325.56125264, 2325.56125264, 0.,   0.        ,  0.        ,  4.        , 20, 25, 32.5)
 (49, [11, 12, 13, 12, 13, 11, 49, 46, 21,  4, 48, 32, 31, 43,  6, 23, 38, 63, 69,  5, 35, 51, 37, 25, 19, 54, 42, 53, 39, 50, 65, 58, 34, 41,  3, 10, 15, 66, 22, 17, 72,  1,  9, 52, 29, 26, 13, 61, 68, 44, 12, 62, 18, 45,  2, 27, 64, 67, 33, 57, 16, 60, 55, 14, 11, 59, 71, 47, 70, 28, 20, 56, 24,  8, 40, 30, 36,  7], 2443.57918136, 2443.57918136, 0.,   0.        ,  0.        ,  5.        , 21, 24, 33. )
 (49, [11, 12, 13, 12, 13, 11, 49, 46, 21,  4, 48, 32, 31, 43,  6, 23, 38, 63, 69,  5, 35, 51, 37, 25, 19, 54, 42, 53, 39, 50, 65, 58, 34, 41,  3, 10, 15, 66, 22, 17, 72,  1,  9, 52, 29, 26, 13, 61, 68, 44, 12, 62, 18, 45,  2, 27, 64, 67, 33, 57, 16, 60, 55, 14, 11, 59, 71, 47, 70, 28, 20, 56, 24,  8, 40, 30, 36,  7], 2443.57918136, 2443.57918136, 0.,   0.        ,  0.        ,  5.        , 21, 24, 33. )
 (35, [15, 10, 10, 16, 14,  7, 38, 32, 16, 15,  3, 22, 66, 12, 17, 47, 68, 43, 19, 70, 71, 51, 59, 57, 41, 49,  7, 64,  1, 23, 26, 62, 18, 20, 31, 27, 37, 61, 13, 53, 14, 67, 35, 39,  2, 36, 69, 40, 55, 52, 72,  5, 46, 28, 63, 24, 50, 60, 10, 33, 65,  6, 11,  9, 42, 58, 30, 29,  4, 21, 48, 54, 56, 45,  8, 34, 44, 25], 2464.70527245, 2331.3356377 , 0.,  66.68481738,  0.        ,  3.        , 24, 27, 37.5)
 (43, [11, 11, 13, 13, 12, 12, 21, 25, 45, 28, 20, 65, 42,  6, 61, 50, 17, 58, 67, 26, 44,  3, 71, 46, 16, 47, 48, 27, 70,  8, 32, 22, 18, 34, 53, 14, 69, 54,  9,  2, 12, 66, 62, 57, 63, 35, 68, 11, 31, 13, 43, 59,  7, 52, 72, 40, 64, 33, 37, 10, 29, 56, 38, 19, 55, 51, 15,  5,  1, 60, 39, 49, 30, 24,  4, 36, 41, 23], 2510.78579906, 2510.78579906, 0.,   0.        ,  0.        ,  4.        , 25, 26, 38. )
 (43, [11, 11, 13, 13, 12, 12, 21, 25, 45, 28, 20, 65, 42,  6, 61, 50, 17, 58, 67, 26, 44,  3, 71, 46, 16, 47, 48, 27, 70,  8, 32, 22, 18, 34, 53, 14, 69, 54,  9,  2, 12, 66, 62, 57, 63, 35, 68, 11, 31, 13, 43, 59,  7, 52, 72, 40, 64, 33, 37, 10, 29, 56, 38, 19, 55, 51, 15,  5,  1, 60, 39, 49, 30, 24,  4, 36, 41, 23], 2510.78579906, 2510.78579906, 0.,   0.        ,  0.        ,  4.        , 25, 26, 38. )
 (35, [15, 10,  9, 17, 14,  7, 38, 32, 16, 15,  3, 22, 66, 12, 17, 47, 64, 43, 19, 70, 71, 51, 59, 57, 41, 49,  7, 68,  1, 23, 26, 62, 18, 20, 31, 27, 37, 61, 13, 53, 28, 46,  5, 72, 52, 55, 40, 69, 36,  2, 39, 35, 67, 14, 63, 24, 50, 60, 10, 33, 65,  6, 11,  9, 42, 58, 30, 29,  4, 21, 48, 54, 56, 45,  8, 34, 44, 25], 2526.23401957, 2671.40489252, 0.,  32.63906628,  0.        , 12.        , 26, 15, 33.5)
 (35, [15, 10, 10, 17, 14,  6, 38, 32, 16, 15,  3, 22, 66, 12, 17, 47, 64, 43, 19, 70, 71, 51, 59, 57, 41, 49,  7, 68,  1, 23, 26, 62, 18, 20, 31, 27, 37, 61, 13, 53, 14, 67, 35, 39,  2, 36, 69, 40, 55, 52, 72,  5, 46, 28, 63, 24, 50, 60, 10, 33, 65,  6, 11,  9, 30, 42, 58, 29,  4, 21, 48, 54, 56, 45,  8, 34, 44, 25], 2526.66237652, 2526.66237652, 0.,   0.        ,  0.        ,  2.        , 28, 33, 44.5)
 (45, [ 9, 15, 10, 12, 13, 13, 32, 19, 26, 70, 66, 56, 34, 29, 72, 21, 24, 25, 53, 42, 68, 50, 12, 20, 35, 10, 13, 23,  3,  9,  7, 37, 16, 46, 69, 40, 51, 31, 43,  5, 17, 48, 30, 60, 45, 54, 67,  8, 36, 57, 33, 28, 14,  6, 15, 65, 61, 22, 52, 49, 41, 64, 63, 59, 58,  4, 47, 11, 44, 71, 27, 39, 38, 62,  1,  2, 18, 55], 2583.553364  , 2583.553364  , 0.,   0.        ,  0.        ,  6.33333333, 29, 22, 40. )
 (45, [ 9, 15, 10, 12, 13, 13, 32, 19, 26, 70, 66, 56, 34, 29, 72, 21, 24, 25, 53, 42, 68, 50, 12, 20, 35, 10, 13, 23,  3,  9,  7, 37, 16, 46, 69, 40, 51, 31, 43,  5, 17, 48, 30, 60, 45, 54, 67,  8, 36, 57, 33, 28, 14,  6, 15, 65, 61, 22, 52, 49, 41, 64, 63, 59, 58,  4, 47, 11, 44, 71, 27, 39, 38, 62,  1,  2, 18, 55], 2583.553364  , 2583.553364  , 0.,   0.        ,  0.        ,  6.33333333, 29, 22, 40. )
 (46, [11, 13, 12, 13, 10, 13, 39, 30, 61, 57,  1, 47, 21,  7, 58, 10, 72,  6, 34, 20, 44, 69, 15,  2, 66, 55, 42,  5,  9, 11, 32, 31, 64, 29, 35,  8, 53, 37, 41, 23, 28, 27, 25, 36, 46, 14, 40,  4, 26, 16, 22, 63, 48, 19, 67,  3, 12, 68, 70, 13, 71, 38, 56, 49, 43, 50, 45, 51, 33, 59, 54, 24, 18, 52, 17, 62, 60, 65], 2591.85700111, 2591.85700111, 0.,   0.        ,  0.        ,  5.        , 30, 23, 41.5)
 (46, [11, 13, 12, 13, 10, 13, 39, 30, 61, 57,  1, 47, 21,  7, 58, 10, 72,  6, 34, 20, 44, 69, 15,  2, 66, 55, 42,  5,  9, 11, 32, 31, 64, 29, 35,  8, 53, 37, 41, 23, 28, 27, 25, 36, 46, 14, 40,  4, 26, 16, 22, 63, 48, 19, 67,  3, 12, 68, 70, 13, 71, 38, 56, 49, 43, 50, 45, 51, 33, 59, 54, 24, 18, 52, 17, 62, 60, 65], 2591.85700111, 2591.85700111, 0.,   0.        ,  0.        ,  5.        , 30, 23, 41.5)
 (47, [10, 14, 12, 12, 11, 13, 36, 14, 13, 35, 17, 47, 33, 46, 71,  7, 68, 27, 18, 12, 52, 45, 60,  5, 29, 65, 20, 38, 25, 57,  6, 72, 41, 23, 48, 51, 28, 40, 24,  3, 43, 32,  8, 61, 37, 19, 59, 55, 58, 54, 21, 16, 31, 49,  2, 66, 42, 15,  9, 11,  1, 70, 39, 34, 50, 44, 56, 53, 10, 67, 30,  4, 63, 64, 69, 22, 26, 62], 2647.35769278, 2647.35769278, 0.,   0.        ,  0.        ,  8.        , 31, 18, 40. )
 (47, [10, 14, 12, 12, 11, 13, 36, 14, 13, 35, 17, 47, 33, 46, 71,  7, 68, 27, 18, 12, 52, 45, 60,  5, 29, 65, 20, 38, 25, 57,  6, 72, 41, 23, 48, 51, 28, 40, 24,  3, 43, 32,  8, 61, 37, 19, 59, 55, 58, 54, 21, 16, 31, 49,  2, 66, 42, 15,  9, 11,  1, 70, 39, 34, 50, 44, 56, 53, 10, 67, 30,  4, 63, 64, 69, 22, 26, 62], 2647.35769278, 2647.35769278, 0.,   0.        ,  0.        ,  8.        , 31, 18, 40. )
 (35, [15, 11,  9, 17, 14,  6, 38, 32, 16, 15,  3, 22, 66, 12, 17, 47, 64, 43, 19, 70, 71, 51, 59, 57, 41, 49,  7, 68,  1, 23, 26, 62, 18, 20, 31, 27, 37, 61, 13, 53, 14, 67, 35, 39,  2, 36, 69, 40, 55, 52, 72,  5, 46, 28, 63, 24, 50, 60, 10, 33, 65,  6, 11,  9, 30, 42, 58, 29,  4, 21, 48, 54, 56, 45,  8, 34, 44, 25], 2701.6940047 , 2701.6940047 , 0.,   0.        ,  0.        ,  2.        , 32, 31, 47.5)
 (35, [15, 10,  9, 17, 14,  7, 66, 29, 45, 56, 32, 71, 51, 44, 34, 19, 70, 38, 16, 15, 22, 59, 57, 41, 49,  7, 68,  1, 64, 23, 26, 62, 18, 20, 31, 27, 37, 61, 13, 53, 14, 67, 35, 39,  2, 36, 69, 40, 55, 52, 72,  5, 46, 28, 63, 24, 50, 60, 10, 33, 65,  6, 11,  9, 42, 43, 58, 30, 21,  4, 48, 54,  8,  3, 12, 17, 47, 25], 2725.02779773, 2725.02779773, 0.,   0.        ,  0.        , 14.66666667, 45,  9, 49.5)
 (35, [12, 13, 11, 13, 12, 11, 13, 61, 41, 44,  2, 67,  7, 63, 11, 21, 26,  9, 69, 23, 34, 50, 19, 12,  3, 16, 28, 45, 31, 71, 38, 66, 55, 59,  4, 62, 32, 68, 27, 40, 51, 30, 29, 65, 33, 20, 24, 60,  1, 70, 14, 57, 64, 56, 42, 25,  6, 22,  8, 48, 37, 15, 58, 35, 17, 54, 52, 18, 36, 39, 10, 43, 47,  5, 46, 53, 49, 72], 2792.09043348, 2780.10965727, 0.,   5.9903881 ,  0.        ,  7.        , 33, 19, 42.5)
 (35, [12, 13, 11, 13, 12, 11, 13, 61, 41, 44,  2, 67,  7, 63, 11, 21, 26,  9, 69, 23, 34, 50, 19, 12,  3, 16, 28, 45, 31, 71, 38, 66, 55, 59,  4, 62, 32, 68, 27, 40, 51, 30, 29, 65, 33, 20, 24, 60,  1, 70, 14, 57, 64, 56, 42, 25,  6, 22,  8, 48, 37, 15, 58, 35, 17, 54, 52, 18, 36, 39, 10, 43, 47,  5, 46, 53, 49, 72], 2792.09043348, 2780.10965727, 0.,   5.9903881 ,  0.        ,  7.        , 33, 19, 42.5)
 (44, [12, 11, 12, 12, 13, 12, 14, 15, 27, 58,  6, 29, 61, 52, 25, 53, 40, 63, 59, 48,  7, 62, 32, 11, 55, 12, 69, 37, 56, 47,  2, 36, 39, 28,  3, 38, 71, 26, 44, 54, 10, 46,  4, 60, 64, 51, 49,  9, 35, 24, 33, 23, 16, 34, 19, 50, 57, 72, 20, 68,  8, 43, 66, 42, 67, 41, 18, 45, 65, 31, 70, 22,  1, 13, 17, 21, 30,  5], 2827.92806427, 2827.92806427, 0.,   0.        ,  0.        ,  7.        , 34, 21, 44.5)
 (44, [12, 11, 12, 12, 13, 12, 14, 15, 27, 58,  6, 29, 61, 52, 25, 53, 40, 63, 59, 48,  7, 62, 32, 11, 55, 12, 69, 37, 56, 47,  2, 36, 39, 28,  3, 38, 71, 26, 44, 54, 10, 46,  4, 60, 64, 51, 49,  9, 35, 24, 33, 23, 16, 34, 19, 50, 57, 72, 20, 68,  8, 43, 66, 42, 67, 41, 18, 45, 65, 31, 70, 22,  1, 13, 17, 21, 30,  5], 2827.92806427, 2827.92806427, 0.,   0.        ,  0.        ,  7.        , 34, 21, 44.5)
 (35, [12, 11,  9, 18, 15,  7, 38, 32, 16, 15,  3, 22, 66, 12, 47, 64, 17, 43, 19, 70, 71, 51, 59, 57, 41, 49, 58,  7, 68,  1, 23, 26, 62, 18, 20, 31, 27, 37, 61, 13, 53, 14, 67, 35, 39,  2, 36, 69, 40, 55, 52, 72,  5, 46, 28, 63, 24, 50, 60, 10, 33, 65,  6, 11,  9, 30, 42, 29,  4, 21, 48, 54, 56, 45,  8, 34, 44, 25], 2984.86562379, 2976.17177884, 0.,   3.72281429,  0.62410819, 12.        , 35, 14, 42. )
 (35, [15, 10,  9, 17, 14,  7, 38, 32, 15, 66, 47, 43, 68, 22, 16, 12, 25, 17, 19, 70, 71, 51, 59, 57, 41, 49,  7, 64,  1, 23, 26, 62, 18, 20, 31, 27, 37, 61, 13, 53, 14, 67, 35, 39,  2, 36, 69, 40, 55, 52, 72,  5, 46, 28, 63, 24, 50, 60, 10, 33, 65,  6, 11,  9, 42, 58, 30, 29,  4, 21, 48, 54, 56, 45,  8, 34, 44,  3], 3083.32021334, 2984.12353031, 0.,  49.59834151,  0.        , 14.        , 36, 10, 41. )
 (35, [14,  8, 11, 18, 14,  7, 38, 32, 16, 34, 71, 59, 43, 47, 64, 19, 70, 51, 17, 57, 12, 66, 22, 15,  3, 41, 49,  7,  1, 23, 26, 62, 18, 20, 31, 27, 37, 61, 13, 14, 67, 35, 39,  2, 36, 69, 40, 55, 52, 72,  5, 46, 68, 24, 63, 28, 53, 42, 50, 58, 60, 10, 33, 65,  6, 11,  9, 29,  4, 21, 30, 54, 56, 45,  8, 44, 25, 48], 3101.7157264 , 3085.89134768, 0.,   0.        ,  7.91218936, 25.66666667, 48,  3, 49.5)
 (40, [11, 12, 10, 13, 12, 14, 34, 40, 16, 21, 23, 52, 50, 19, 37, 66, 35, 47, 10, 67,  9,  1, 20,  5,  7, 59, 54, 43, 14, 72, 11, 58, 65, 28, 27, 31, 60, 18, 70, 12, 15, 32, 55, 68, 56, 71, 63, 64, 62,  6, 26, 53,  4, 41, 24, 36, 33, 42, 30, 13, 22, 69,  2, 39, 44, 29, 57, 61, 46,  8, 25, 49, 17, 48, 45,  3, 51, 38], 3128.17683609, 3183.37612445, 0.,  54.51173096, 12.11044237,  7.        , 37, 20, 47. )
 (40, [11, 12, 10, 13, 12, 14, 34, 40, 16, 21, 23, 52, 50, 19, 37, 66, 35, 47, 10, 67,  9,  1, 20,  5,  7, 59, 54, 43, 14, 72, 11, 58, 65, 28, 27, 31, 60, 18, 70, 12, 15, 32, 55, 68, 56, 71, 63, 64, 62,  6, 26, 53,  4, 41, 24, 36, 33, 42, 30, 13, 22, 69,  2, 39, 44, 29, 57, 61, 46,  8, 25, 49, 17, 48, 45,  3, 51, 38], 3128.17683609, 3183.37612445, 0.,  54.51173096, 12.11044237,  7.        , 37, 20, 47. )
 (35, [15, 10, 10, 16, 14,  7, 32,  3, 12, 17, 47, 15, 34, 38, 66, 22, 64, 43, 19, 70, 71, 51, 59, 57, 41, 49,  7, 68,  1, 23, 26, 62, 18, 20, 31, 27, 37, 61, 13, 53, 14, 67, 35, 39,  2, 36, 69, 40, 55, 52, 72,  5, 46, 28, 63, 24, 50, 16, 60, 10, 33, 65,  6, 11,  9, 30, 42, 58, 29,  4, 21, 48, 54, 56, 45,  8, 44, 25], 3128.83798641, 3128.83798641, 0.,   0.        ,  0.        , 13.        , 38, 11, 43.5)
 (41, [11, 10, 11, 11, 11, 18,  1, 72, 51, 14,  2, 40, 16, 48, 63, 50, 64,  4, 24, 13, 67, 59, 58, 36,  5, 62, 41, 55, 70, 43, 42, 66, 38, 28, 27, 18, 10,  3, 56, 65,  9, 39, 54, 30,  6, 21, 46, 69, 11,  8, 35, 12, 49, 15, 29, 60, 71, 31, 45, 53, 68, 25,  7, 32, 33, 57, 19, 23, 44, 26, 52, 47, 37, 61, 22, 20, 17, 34], 3203.83684479, 3203.83684479, 0.,   0.        ,  0.        , 12.33333333, 39, 12, 45. )
 (41, [11, 10, 11, 11, 11, 18,  1, 72, 51, 14,  2, 40, 16, 48, 63, 50, 64,  4, 24, 13, 67, 59, 58, 36,  5, 62, 41, 55, 70, 43, 42, 66, 38, 28, 27, 18, 10,  3, 56, 65,  9, 39, 54, 30,  6, 21, 46, 69, 11,  8, 35, 12, 49, 15, 29, 60, 71, 31, 45, 53, 68, 25,  7, 32, 33, 57, 19, 23, 44, 26, 52, 47, 37, 61, 22, 20, 17, 34], 3203.83684479, 3203.83684479, 0.,   0.        ,  0.        , 12.33333333, 39, 12, 45. )
 (46, [12, 10,  9, 17, 17,  7, 32, 16, 15,  3, 22, 66, 12, 71, 17, 47, 64, 26, 43, 19, 70, 51, 59, 57, 41, 49,  7, 68,  1, 23, 62, 18, 56, 20, 31, 27, 37, 61, 13, 53, 14, 67, 38, 35, 39,  2, 36, 69, 40, 55, 52, 72,  5, 46, 28, 63, 24, 50, 60, 10, 33, 65,  6, 11,  9, 30, 42, 58, 29,  4, 21, 48, 54, 45,  8, 34, 44, 25], 3240.52664452, 3113.30328423, 0.,  30.62102693, 32.99065322, 17.        , 40,  6, 43. )
 (35, [15, 11, 11, 16, 15,  4, 38, 32, 16, 15,  3, 22, 66, 12, 17, 47, 64, 43, 19, 70, 71, 51, 59, 57, 41, 49,  7, 68, 65, 23, 26, 62, 18, 20, 31, 27, 37, 61, 13, 53, 14, 67, 35, 39,  2, 36, 69, 40, 55, 52, 72,  5, 46, 28, 63, 24, 50, 60, 10, 33,  1,  6, 48,  9, 30, 42, 58, 29,  4, 21, 11, 54, 56, 45,  8, 34, 44, 25], 3279.78580664, 3279.78580664, 0.,   0.        ,  0.        , 14.66666667, 41,  8, 45. )
 (35, [15, 10,  9, 17, 14,  7, 38, 32, 54, 15,  3, 22, 66, 12, 17, 47, 64, 43, 19, 70, 56, 45, 34, 44, 16, 71, 51, 59, 57, 41, 49,  7, 68,  1, 23, 26, 62, 18, 20, 31, 27, 37, 61, 13, 53, 14, 67, 35, 39,  2, 36, 69, 40, 55, 52, 72,  5, 46, 28, 63, 24, 50, 60, 10, 33, 65,  6, 11,  9, 30, 42, 58, 29,  4, 21, 48,  8, 25], 3394.62610702, 3340.83945335, 0.,   0.        , 26.89332684,  8.        , 43, 17, 51.5)
 (37, [12, 13, 13, 13, 10, 11,  3, 66, 68, 29, 33, 55,  6, 27, 37, 72, 62, 34, 25, 48,  1, 18, 71, 56,  7, 70, 61, 51, 13, 12, 60, 28, 14, 50, 35,  9, 40, 30, 38, 53, 32, 46,  5, 63, 10, 44, 15, 69, 22, 39, 41, 59,  2, 24, 17, 26, 36, 19, 42, 31,  8, 47, 67, 52, 57,  4, 21, 49, 58, 54, 65, 43, 45, 20, 11, 16, 64, 23], 3452.16672935, 3363.11465967, 0.,  37.42525509,  7.10077975, 12.33333333, 44, 13, 50.5)
 (37, [12, 13, 13, 13, 10, 11,  3, 66, 68, 29, 33, 55,  6, 27, 37, 72, 62, 34, 25, 48,  1, 18, 71, 56,  7, 70, 61, 51, 13, 12, 60, 28, 14, 50, 35,  9, 40, 30, 38, 53, 32, 46,  5, 63, 10, 44, 15, 69, 22, 39, 41, 59,  2, 24, 17, 26, 36, 19, 42, 31,  8, 47, 67, 52, 57,  4, 21, 49, 58, 54, 65, 43, 45, 20, 11, 16, 64, 23], 3452.16672935, 3363.11465967, 0.,  37.42525509,  7.10077975, 12.33333333, 44, 13, 50.5)
 (35, [15, 11,  8, 18, 14,  6, 38, 32, 16, 15,  3, 22, 41, 66, 12, 17, 47, 64, 19, 11, 29, 67, 14,  4, 13, 72, 43, 70, 71, 51, 59, 57, 49,  7, 68,  1, 23, 26, 62, 18, 20, 31, 27, 37, 61, 53, 35, 39,  2, 36, 69, 40, 55, 52,  5, 46, 28, 63, 24, 50, 60, 10, 33, 65,  6,  9, 30, 42, 58, 21, 48, 54, 56, 45,  8, 34, 44, 25], 3715.15646584, 3689.84538882, 0.,   0.        , 12.65553851, 21.33333333, 46,  4, 48. )
 (35, [12, 12, 10, 16, 15,  7, 56, 45, 32, 44, 43, 19, 70, 71, 15, 34, 38, 66, 22, 16, 51, 59, 57, 41, 64, 49,  7, 68,  1, 23, 26, 62, 18, 20, 31, 27, 37, 61, 13, 53, 14, 67, 55, 52, 72,  5, 35, 39,  2, 36, 69, 40, 46, 28, 63, 24, 50, 60, 10, 33, 65,  6, 11,  9, 42, 58, 30, 29,  4, 21, 48, 54, 12, 25, 17, 47,  8,  3], 3759.00676536, 3715.60554107, 0.,  37.42525509,  7.10077975, 17.66666667, 47,  5, 49.5)
 (35, [15, 11,  9, 15, 15,  7, 38, 32, 16, 15,  3, 22, 66, 12, 17, 47, 43, 19, 70, 71,  9, 11,  6, 65, 33, 10, 60, 50, 24, 63, 28, 46,  5, 72, 52, 55, 40, 69, 36,  2, 39, 35, 67, 14, 53, 13, 61, 37, 27, 31, 20, 18, 62, 26, 23,  1, 64,  7, 49, 68, 41, 57, 59, 51, 30, 42, 58, 29,  4, 21, 48, 54, 56, 45,  8, 34, 44, 25], 4009.27219389, 4463.25620699, 0.,  79.82454526,  0.        , 42.        , 49,  2, 50. )
 (46, [12, 10,  9, 18, 17,  6, 32, 21, 25, 29, 11, 50,  9, 24, 65, 30, 48, 38,  6,  4, 34, 42, 54, 63, 44, 45, 58, 33, 28, 46,  5, 72, 52, 55, 40, 69, 36,  2, 39, 35, 67, 14, 53, 13, 61, 37, 27, 31, 20, 56, 18, 62, 23,  1, 68,  7, 49, 41, 57, 59, 51, 70, 19, 43, 26, 64, 47, 17, 71, 12, 66, 22,  3, 15, 16, 60,  8, 10], 5966.32683924, 6632.77761595, 0., 107.79394603,  0.        , 62.33333333, 50,  1, 50.5)]