
Total Runtime in seconds: 189.16375160217285Parameters:
population_size: 100, max_generations: 1000, executed generations: 1000, threshold_no_improvement: 500
target feasible proportion: 25
fitness_scaling: power_rank, selection_method: n_tournaments
p_c: 0.8, p_m: 0.5
tournament_size: 2, n_elite: 10
survivor_selection_step: 200, p_selection_survival: 0.7
kill clone step: 100
diversify_step: 300, diversify_step: 300, p_diversify_survival: 0.3
n_closest_neighbors: 3, diversity_weight: 0.5, distance_method: broken_pairs_distance
capacity_penalty_factor: 2, duration_penalty_factor 2, time_window_penalty: 2
Best fitness all generations, best individual before/after local search: 1295.1783169881019, 1295.1783169881019 / 1295.1783169881019
Best individual found before local search: (9, [ 7,  9, 15, 17, 34, 22, 37, 15, 25, 17, 18, 45,  6, 48,  3, 27, 10, 42, 46, 11, 26, 23, 36, 28,  4, 19, 14,  1, 33, 20, 13,  8, 29,  5, 16, 30, 31, 41,  7, 35, 39, 43,  2,  9, 44, 32, 47, 24, 12, 21, 38, 40], 1295.17831699, 1295.17831699, 0., 0., 0., 0., 0, 0, 0.)
Best individual found after local search: (9, [ 7,  9, 15, 17, 34, 22, 37, 15, 25, 17, 18, 45,  6, 48,  3, 27, 10, 42, 46, 11, 26, 23, 36, 28,  4, 19, 14,  1, 33, 20, 13,  8, 29,  5, 16, 30, 31, 41,  7, 35, 39, 43,  2,  9, 44, 32, 47, 24, 12, 21, 38, 40], 1295.17831699, 1295.17831699, 0., 0., 0., 0., 0, 0, 0.)
Best feasible individual found: (9, [ 7,  9, 15, 17, 34, 22, 37, 15, 25, 17, 18, 45,  6, 48,  3, 27, 10, 42, 46, 11, 26, 23, 36, 28,  4, 19, 14,  1, 33, 20, 13,  8, 29,  5, 16, 30, 31, 41,  7, 35, 39, 43,  2,  9, 44, 32, 47, 24, 12, 21, 38, 40], 1295.17831699, 1295.17831699, 0., 0., 0., 0., 0, 0, 0.)

Fitness stats min: [3481.30440899 3388.08475494 3351.51150552 3351.51150552 3262.21764407
 3244.51138883 3239.62730035 3224.45051014 3042.05296421 2979.31089956
 2874.62148693 2870.50732113 2834.05726338 2834.05726338 2817.41407047
 2752.80248017 2752.80248017 2752.80248017 2683.49034298 2683.49034298
 2683.49034298 2683.49034298 2683.48923839 2560.66388839 2560.66388839
 2514.6706055  2470.69768847 2443.80631348 2436.78179752 2344.86601457
 2344.86601457 2344.86601457 2344.86601457 2336.13380743 2323.75464919
 2255.42897141 2255.42897141 2255.42897141 2255.42897141 2216.04212799
 2216.04212799 2215.15073294 2154.83872007 2154.83872007 2154.83872007
 2107.9461363  2107.9461363  2107.9461363  2066.04899951 2066.04899951
 1968.63174356 1932.06696923 1932.06696923 1932.06696923 1932.06696923
 1899.77487412 1885.04294459 1808.06968343 1808.06968343 1808.06968343
 1801.094406   1796.64934948 1792.78814194 1792.78814194 1792.78814194
 1792.78814194 1770.98381175 1770.98381175 1770.98381175 1770.98381175
 1770.98381175 1770.98381175 1744.14059555 1744.14059555 1744.14059555
 1744.14059555 1744.14059555 1744.14059555 1740.5066336  1740.5066336
 1740.5066336  1740.5066336  1731.54119868 1731.54119868 1711.38862177
 1708.53927715 1708.48012083 1704.84615888 1704.84615888 1704.84615888
 1704.84615888 1701.88597508 1701.88597508 1701.88597508 1701.88597508
 1701.88597508 1701.88597508 1701.88597508 1694.24826526 1694.24826526
 1694.24826526 1680.65436194 1680.65436194 1680.65436194 1680.65436194
 1680.65436194 1680.65436194 1680.65436194 1645.07198444 1645.07198444
 1645.07198444 1645.07198444 1645.07198444 1645.07198444 1645.07198444
 1645.07198444 1630.50680526 1630.50680526 1630.50680526 1613.87821123
 1613.87821123 1613.87821123 1613.87821123 1613.87821123 1604.21479403
 1604.21479403 1604.21479403 1604.21479403 1604.21479403 1604.21479403
 1601.90378735 1598.44085156 1598.44085156 1594.80806252 1592.35208105
 1592.35208105 1592.35208105 1592.35208105 1592.35208105 1592.35208105
 1591.66198008 1591.66198008 1576.91472139 1576.91472139 1576.91472139
 1563.18711652 1563.18711652 1563.18711652 1563.18711652 1563.18711652
 1545.45001669 1545.45001669 1545.45001669 1545.45001669 1545.45001669
 1545.45001669 1545.45001669 1545.22733824 1545.22733824 1545.22733824
 1545.22733824 1545.22733824 1545.22733824 1545.22733824 1545.22733824
 1545.22733824 1545.22733824 1545.22733824 1545.22733824 1545.22733824
 1543.98418081 1488.66653496 1488.66653496 1488.66653496 1488.66653496
 1488.66653496 1488.66653496 1488.66653496 1488.66653496 1488.66653496
 1488.66653496 1488.66653496 1488.66653496 1488.66653496 1485.81221673
 1485.81221673 1485.81221673 1485.81221673 1485.81221673 1485.81221673
 1485.81221673 1485.81221673 1485.81221673 1484.2230974  1473.73397462
 1473.73397462 1473.72878513 1473.72878513 1473.72878513 1469.29053705
 1469.29053705 1469.29053705 1461.65054302 1461.65054302 1461.65054302
 1461.65054302 1452.14204167 1452.14204167 1452.14204167 1452.14204167
 1452.14204167 1452.14204167 1452.14204167 1452.14204167 1452.14204167
 1444.06510665 1444.06510665 1444.06510665 1444.06510665 1442.82680598
 1442.82680598 1442.82680598 1442.82680598 1442.82680598 1442.82680598
 1442.82680598 1434.88408885 1434.88408885 1434.88408885 1433.89441639
 1433.89441639 1433.64578818 1433.64578818 1433.64578818 1433.64578818
 1433.64578818 1433.64578818 1433.64578818 1432.40263074 1432.40263074
 1432.40263074 1432.40263074 1432.40263074 1432.40263074 1432.40263074
 1432.40263074 1432.40263074 1432.40263074 1432.40263074 1432.40263074
 1432.40263074 1432.40263074 1432.40263074 1432.40263074 1432.40263074
 1432.40263074 1432.40263074 1432.40263074 1432.40263074 1432.40263074
 1432.40263074 1432.40263074 1432.40263074 1432.40263074 1432.40263074
 1432.40263074 1432.40263074 1432.40263074 1432.40263074 1432.40263074
 1432.40263074 1427.07306849 1427.07306849 1427.07306849 1427.07306849
 1427.07306849 1427.07306849 1427.07306849 1427.07306849 1427.07306849
 1427.07306849 1427.07306849 1427.07306849 1427.07306849 1427.07306849
 1427.07306849 1427.07306849 1427.07306849 1427.07306849 1423.14766172
 1423.14766172 1423.14766172 1423.14766172 1423.14766172 1423.14766172
 1423.14766172 1423.14766172 1423.14766172 1423.14766172 1423.14766172
 1412.20284838 1412.20284838 1412.20284838 1412.20284838 1412.20284838
 1412.20284838 1412.20284838 1412.20284838 1412.20284838 1409.51848167
 1409.51848167 1409.51848167 1409.51848167 1397.77171427 1397.77171427
 1397.77171427 1397.77171427 1397.77171427 1397.77171427 1397.77171427
 1397.77171427 1397.77171427 1395.08734756 1395.08734756 1392.14037281
 1392.14037281 1392.14037281 1392.14037281 1361.36935735 1361.36935735
 1361.36935735 1361.36935735 1361.36935735 1361.36935735 1361.36935735
 1361.36935735 1361.36935735 1361.36935735 1361.36935735 1361.36935735
 1361.36935735 1361.36935735 1361.36935735 1356.17279671 1356.17279671
 1356.17279671 1356.17279671 1356.17279671 1356.17279671 1356.17279671
 1353.96449332 1353.96449332 1353.96449332 1353.96449332 1353.96449332
 1339.6825233  1337.47421991 1337.47421991 1337.47421991 1337.47421991
 1337.47421991 1337.47421991 1337.47421991 1337.47421991 1337.47421991
 1337.47421991 1337.47421991 1337.47421991 1337.47421991 1337.47421991
 1337.47421991 1337.47421991 1337.47421991 1337.47421991 1337.47421991
 1337.47421991 1337.47421991 1337.47421991 1337.47421991 1337.47421991
 1332.97839829 1332.97839829 1332.97839829 1332.97839829 1332.97839829
 1332.97839829 1332.97839829 1332.97839829 1332.97839829 1332.97839829
 1332.97839829 1332.97839829 1332.97839829 1332.97839829 1332.97839829
 1332.97839829 1332.97839829 1332.97839829 1332.97839829 1332.97839829
 1332.97839829 1332.97839829 1332.97839829 1332.97839829 1332.97839829
 1332.97839829 1332.97839829 1330.18423435 1330.18423435 1330.18423435
 1330.18423435 1330.18423435 1330.18423435 1330.18423435 1330.18423435
 1330.18423435 1330.18423435 1330.18423435 1330.18423435 1330.18423435
 1330.18423435 1330.18423435 1330.18423435 1330.18423435 1330.18423435
 1330.18423435 1330.18423435 1330.18423435 1330.18423435 1330.18423435
 1330.18423435 1330.18423435 1330.18423435 1330.18423435 1330.18423435
 1330.18423435 1330.18423435 1330.18423435 1330.18423435 1330.18423435
 1330.18423435 1330.18423435 1330.18423435 1330.18423435 1330.18423435
 1330.18423435 1316.52167658 1316.52167658 1316.52167658 1316.52167658
 1316.52167658 1316.52167658 1316.52167658 1316.52167658 1316.52167658
 1316.52167658 1316.52167658 1316.52167658 1316.52167658 1316.52167658
 1316.52167658 1307.91663748 1307.91663748 1307.91663748 1307.91663748
 1307.91663748 1307.91663748 1307.91663748 1307.91663748 1307.91663748
 1307.91663748 1307.91663748 1307.91663748 1307.91663748 1307.91663748
 1307.91663748 1307.91663748 1307.91663748 1307.91663748 1307.91663748
 1307.91663748 1307.91663748 1307.91663748 1307.91663748 1307.91663748
 1307.91663748 1307.91663748 1307.91663748 1307.91663748 1307.91663748
 1307.91663748 1307.91663748 1307.91663748 1307.91663748 1307.91663748
 1307.91663748 1307.91663748 1307.91663748 1307.91663748 1307.91663748
 1307.91663748 1307.91663748 1307.91663748 1307.91663748 1307.91663748
 1307.91663748 1307.91663748 1307.91663748 1307.91663748 1307.91663748
 1307.91663748 1307.91663748 1307.91663748 1307.91663748 1307.91663748
 1307.91663748 1307.91663748 1307.91663748 1307.91663748 1307.91663748
 1307.91663748 1307.91663748 1307.91663748 1307.91663748 1307.91663748
 1307.91663748 1307.91663748 1307.91663748 1307.91663748 1307.91663748
 1307.91663748 1307.91663748 1307.91663748 1307.91663748 1307.91663748
 1307.91663748 1307.91663748 1307.91663748 1307.91663748 1307.91663748
 1307.91663748 1307.91663748 1307.91663748 1307.91663748 1307.91663748
 1307.91663748 1307.91663748 1307.91663748 1307.91663748 1307.91663748
 1307.91663748 1307.91663748 1307.91663748 1307.91663748 1307.91663748
 1307.91663748 1307.91663748 1307.91663748 1307.91663748 1307.91663748
 1307.91663748 1307.91663748 1307.91663748 1307.91663748 1307.91663748
 1307.91663748 1307.91663748 1307.91663748 1307.91663748 1307.91663748
 1307.91663748 1307.91663748 1307.91663748 1307.91663748 1307.91663748
 1307.91663748 1307.91663748 1307.91663748 1307.91663748 1307.91663748
 1307.91663748 1307.91663748 1307.91663748 1307.91663748 1307.91663748
 1307.91663748 1307.91663748 1307.91663748 1307.91663748 1307.91663748
 1307.91663748 1307.91663748 1307.91663748 1307.91663748 1307.91663748
 1307.91663748 1307.91663748 1307.91663748 1307.91663748 1307.91663748
 1307.91663748 1307.91663748 1307.91663748 1307.91663748 1307.91663748
 1307.91663748 1307.91663748 1307.91663748 1307.91663748 1307.91663748
 1307.91663748 1307.91663748 1307.91663748 1307.91663748 1307.91663748
 1307.91663748 1307.91663748 1307.91663748 1307.91663748 1307.91663748
 1307.91663748 1307.91663748 1307.91663748 1307.91663748 1307.91663748
 1307.91663748 1307.91663748 1307.91663748 1307.91663748 1307.91663748
 1307.91663748 1307.91663748 1307.91663748 1307.91663748 1307.91663748
 1307.91663748 1307.91663748 1307.91663748 1307.91663748 1307.91663748
 1307.91663748 1307.91663748 1307.91663748 1307.91663748 1307.91663748
 1307.91663748 1307.91663748 1307.91663748 1307.91663748 1307.91663748
 1307.91663748 1307.91663748 1307.91663748 1307.91663748 1307.91663748
 1307.91663748 1307.91663748 1307.91663748 1307.91663748 1307.91663748
 1307.91663748 1307.91663748 1307.91663748 1307.91663748 1307.91663748
 1307.91663748 1307.91663748 1307.91663748 1307.91663748 1307.91663748
 1307.91663748 1307.91663748 1307.91663748 1307.91663748 1307.91663748
 1307.91663748 1307.91663748 1307.91663748 1307.91663748 1307.91663748
 1307.91663748 1307.91663748 1307.91663748 1307.91663748 1307.91663748
 1307.91663748 1307.91663748 1307.91663748 1307.91663748 1307.91663748
 1307.91663748 1307.91663748 1307.91663748 1307.91663748 1307.91663748
 1307.91663748 1307.91663748 1307.91663748 1307.91663748 1307.91663748
 1307.91663748 1307.91663748 1307.91663748 1307.91663748 1307.91663748
 1307.91663748 1307.91663748 1307.91663748 1307.91663748 1307.91663748
 1307.91663748 1307.91663748 1307.91663748 1307.91663748 1307.91663748
 1307.91663748 1307.91663748 1307.91663748 1307.91663748 1307.91663748
 1307.91663748 1307.91663748 1307.91663748 1307.91663748 1307.91663748
 1307.91663748 1307.91663748 1307.91663748 1307.91663748 1307.91663748
 1307.91663748 1307.91663748 1307.91663748 1307.91663748 1307.91663748
 1307.91663748 1307.91663748 1307.91663748 1307.91663748 1307.91663748
 1307.91663748 1307.91663748 1307.91663748 1307.91663748 1307.91663748
 1307.91663748 1307.91663748 1307.91663748 1307.91663748 1307.91663748
 1307.91663748 1307.91663748 1307.91663748 1307.91663748 1307.91663748
 1307.91663748 1307.91663748 1307.91663748 1307.91663748 1307.91663748
 1307.91663748 1307.91663748 1307.91663748 1307.91663748 1307.91663748
 1307.91663748 1307.91663748 1307.91663748 1307.91663748 1307.91663748
 1307.91663748 1307.91663748 1307.91663748 1307.91663748 1307.91663748
 1307.91663748 1307.91663748 1307.91663748 1307.91663748 1307.91663748
 1307.91663748 1307.91663748 1307.91663748 1307.91663748 1307.91663748
 1307.91663748 1307.91663748 1307.91663748 1307.91663748 1307.91663748
 1307.91663748 1307.91663748 1307.91663748 1307.91663748 1307.91663748
 1307.91663748 1307.91663748 1307.91663748 1307.91663748 1307.91663748
 1307.91663748 1307.91663748 1307.91663748 1307.91663748 1307.91663748
 1307.91663748 1307.91663748 1307.91663748 1307.91663748 1307.91663748
 1307.91663748 1307.91663748 1307.91663748 1307.91663748 1307.91663748
 1307.91663748 1307.91663748 1307.91663748 1307.91663748 1307.91663748
 1307.91663748 1307.91663748 1307.91663748 1307.91663748 1307.91663748
 1307.91663748 1307.91663748 1307.91663748 1307.91663748 1307.91663748
 1307.91663748 1307.91663748 1307.91663748 1307.91663748 1307.91663748
 1307.91663748 1307.91663748 1307.91663748 1307.91663748 1307.91663748
 1307.91663748 1307.91663748 1307.91663748 1307.91663748 1307.91663748
 1307.91663748 1307.91663748 1307.91663748 1307.91663748 1307.91663748
 1307.91663748 1307.91663748 1307.91663748 1307.91663748 1307.91663748
 1307.91663748 1307.91663748 1307.91663748 1307.91663748 1307.91663748
 1307.91663748 1307.91663748 1307.91663748 1307.91663748 1307.91663748
 1307.91663748 1307.91663748 1307.91663748 1307.91663748 1307.91663748
 1307.91663748 1307.91663748 1307.91663748 1307.91663748 1307.91663748
 1307.91663748 1307.91663748 1307.91663748 1307.91663748 1307.91663748
 1307.91663748 1307.91663748 1307.91663748 1307.91663748 1307.91663748
 1307.91663748 1307.91663748 1307.91663748 1295.17831699 1295.17831699
 1295.17831699 1295.17831699 1295.17831699 1295.17831699 1295.17831699
 1295.17831699 1295.17831699 1295.17831699 1295.17831699 1295.17831699
 1295.17831699 1295.17831699 1295.17831699 1295.17831699 1295.17831699
 1295.17831699 1295.17831699 1295.17831699 1295.17831699 1295.17831699
 1295.17831699 1295.17831699 1295.17831699 1295.17831699 1295.17831699
 1295.17831699 1295.17831699 1295.17831699 1295.17831699 1295.17831699
 1295.17831699 1295.17831699 1295.17831699 1295.17831699 1295.17831699
 1295.17831699 1295.17831699 1295.17831699 1295.17831699 1295.17831699
 1295.17831699 1295.17831699 1295.17831699 1295.17831699 1295.17831699
 1295.17831699 1295.17831699 1295.17831699 1295.17831699 1295.17831699
 1295.17831699 1295.17831699 1295.17831699 1295.17831699 1295.17831699
 1295.17831699 1295.17831699 1295.17831699 1295.17831699 1295.17831699
 1295.17831699 1295.17831699 1295.17831699 1295.17831699 1295.17831699
 1295.17831699 1295.17831699 1295.17831699 1295.17831699 1295.17831699
 1295.17831699 1295.17831699 1295.17831699 1295.17831699 1295.17831699
 1295.17831699 1295.17831699 1295.17831699 1295.17831699 1295.17831699
 1295.17831699 1295.17831699 1295.17831699 1295.17831699 1295.17831699
 1295.17831699 1295.17831699 1295.17831699 1295.17831699 1295.17831699
 1295.17831699 1295.17831699 1295.17831699 1295.17831699 1295.17831699
 1295.17831699 1295.17831699 1295.17831699 1295.17831699 1295.17831699
 1295.17831699 1295.17831699 1295.17831699 1295.17831699 1295.17831699
 1295.17831699 1295.17831699 1295.17831699 1295.17831699 1295.17831699
 1295.17831699] 

Fitness stats feasible min: [3604.72448636 3604.72448636 3604.72448636 3366.05651124 3366.05651124
 3288.36826364 3288.36826364 3262.44308955 3042.05296421 2979.31089956
 2979.31089956 2948.42946509 2834.05726338 2834.05726338 2817.41407047
 2817.41407047 2817.41407047 2764.0721985  2683.49034298 2683.49034298
 2683.49034298 2683.49034298 2683.48923839 2618.55407752 2585.76162305
 2514.6706055  2470.69768847 2470.69768847 2470.69768847 2470.69768847
 2470.69768847 2463.51701754 2357.60456209 2346.97805428 2346.97805428
 2286.56627736 2286.56627736 2286.56627736 2278.08690803 2278.08690803
 2278.08690803 2215.15073294 2154.83872007 2154.83872007 2154.83872007
 2107.9461363  2107.9461363  2107.9461363  2066.04899951 2066.04899951
 1968.63174356 1932.06696923 1932.06696923 1932.06696923 1932.06696923
 1899.77487412 1885.04294459 1808.06968343 1808.06968343 1808.06968343
 1801.094406   1796.64934948 1792.78814194 1792.78814194 1792.78814194
 1792.78814194 1770.98381175 1770.98381175 1770.98381175 1770.98381175
 1770.98381175 1770.98381175 1744.14059555 1744.14059555 1744.14059555
 1744.14059555 1744.14059555 1744.14059555 1740.5066336  1740.5066336
 1740.5066336  1740.5066336  1731.54119868 1731.54119868 1711.38862177
 1708.53927715 1708.48012083 1704.84615888 1704.84615888 1704.84615888
 1704.84615888 1701.88597508 1701.88597508 1701.88597508 1701.88597508
 1701.88597508 1701.88597508 1701.88597508 1694.24826526 1694.24826526
 1694.24826526 1680.65436194 1680.65436194 1680.65436194 1680.65436194
 1680.65436194 1680.65436194 1680.65436194 1645.07198444 1645.07198444
 1645.07198444 1645.07198444 1645.07198444 1645.07198444 1645.07198444
 1645.07198444 1630.50680526 1630.50680526 1630.50680526 1613.87821123
 1613.87821123 1613.87821123 1613.87821123 1613.87821123 1604.21479403
 1604.21479403 1604.21479403 1604.21479403 1604.21479403 1604.21479403
 1601.90378735 1598.44085156 1598.44085156 1594.80806252 1592.35208105
 1592.35208105 1592.35208105 1592.35208105 1592.35208105 1592.35208105
 1591.66198008 1591.66198008 1576.91472139 1576.91472139 1576.91472139
 1563.18711652 1563.18711652 1563.18711652 1563.18711652 1563.18711652
 1545.45001669 1545.45001669 1545.45001669 1545.45001669 1545.45001669
 1545.45001669 1545.45001669 1545.22733824 1545.22733824 1545.22733824
 1545.22733824 1545.22733824 1545.22733824 1545.22733824 1545.22733824
 1545.22733824 1545.22733824 1545.22733824 1545.22733824 1545.22733824
 1543.98418081 1488.66653496 1488.66653496 1488.66653496 1488.66653496
 1488.66653496 1488.66653496 1488.66653496 1488.66653496 1488.66653496
 1488.66653496 1488.66653496 1488.66653496 1488.66653496 1485.81221673
 1485.81221673 1485.81221673 1485.81221673 1485.81221673 1485.81221673
 1485.81221673 1485.81221673 1485.81221673 1484.2230974  1473.73397462
 1473.73397462 1473.72878513 1473.72878513 1473.72878513 1469.29053705
 1469.29053705 1469.29053705 1461.65054302 1461.65054302 1461.65054302
 1461.65054302 1452.14204167 1452.14204167 1452.14204167 1452.14204167
 1452.14204167 1452.14204167 1452.14204167 1452.14204167 1452.14204167
 1444.06510665 1444.06510665 1444.06510665 1444.06510665 1442.82680598
 1442.82680598 1442.82680598 1442.82680598 1442.82680598 1442.82680598
 1442.82680598 1434.88408885 1434.88408885 1434.88408885 1433.89441639
 1433.89441639 1433.64578818 1433.64578818 1433.64578818 1433.64578818
 1433.64578818 1433.64578818 1433.64578818 1432.40263074 1432.40263074
 1432.40263074 1432.40263074 1432.40263074 1432.40263074 1432.40263074
 1432.40263074 1432.40263074 1432.40263074 1432.40263074 1432.40263074
 1432.40263074 1432.40263074 1432.40263074 1432.40263074 1432.40263074
 1432.40263074 1432.40263074 1432.40263074 1432.40263074 1432.40263074
 1432.40263074 1432.40263074 1432.40263074 1432.40263074 1432.40263074
 1432.40263074 1432.40263074 1432.40263074 1432.40263074 1432.40263074
 1432.40263074 1427.07306849 1427.07306849 1427.07306849 1427.07306849
 1427.07306849 1427.07306849 1427.07306849 1427.07306849 1427.07306849
 1427.07306849 1427.07306849 1427.07306849 1427.07306849 1427.07306849
 1427.07306849 1427.07306849 1427.07306849 1427.07306849 1423.14766172
 1423.14766172 1423.14766172 1423.14766172 1423.14766172 1423.14766172
 1423.14766172 1423.14766172 1423.14766172 1423.14766172 1423.14766172
 1412.20284838 1412.20284838 1412.20284838 1412.20284838 1412.20284838
 1412.20284838 1412.20284838 1412.20284838 1412.20284838 1409.51848167
 1409.51848167 1409.51848167 1409.51848167 1397.77171427 1397.77171427
 1397.77171427 1397.77171427 1397.77171427 1397.77171427 1397.77171427
 1397.77171427 1397.77171427 1395.08734756 1395.08734756 1392.14037281
 1392.14037281 1392.14037281 1392.14037281 1361.36935735 1361.36935735
 1361.36935735 1361.36935735 1361.36935735 1361.36935735 1361.36935735
 1361.36935735 1361.36935735 1361.36935735 1361.36935735 1361.36935735
 1361.36935735 1361.36935735 1361.36935735 1356.17279671 1356.17279671
 1356.17279671 1356.17279671 1356.17279671 1356.17279671 1356.17279671
 1353.96449332 1353.96449332 1353.96449332 1353.96449332 1353.96449332
 1339.6825233  1337.47421991 1337.47421991 1337.47421991 1337.47421991
 1337.47421991 1337.47421991 1337.47421991 1337.47421991 1337.47421991
 1337.47421991 1337.47421991 1337.47421991 1337.47421991 1337.47421991
 1337.47421991 1337.47421991 1337.47421991 1337.47421991 1337.47421991
 1337.47421991 1337.47421991 1337.47421991 1337.47421991 1337.47421991
 1332.97839829 1332.97839829 1332.97839829 1332.97839829 1332.97839829
 1332.97839829 1332.97839829 1332.97839829 1332.97839829 1332.97839829
 1332.97839829 1332.97839829 1332.97839829 1332.97839829 1332.97839829
 1332.97839829 1332.97839829 1332.97839829 1332.97839829 1332.97839829
 1332.97839829 1332.97839829 1332.97839829 1332.97839829 1332.97839829
 1332.97839829 1332.97839829 1330.18423435 1330.18423435 1330.18423435
 1330.18423435 1330.18423435 1330.18423435 1330.18423435 1330.18423435
 1330.18423435 1330.18423435 1330.18423435 1330.18423435 1330.18423435
 1330.18423435 1330.18423435 1330.18423435 1330.18423435 1330.18423435
 1330.18423435 1330.18423435 1330.18423435 1330.18423435 1330.18423435
 1330.18423435 1330.18423435 1330.18423435 1330.18423435 1330.18423435
 1330.18423435 1330.18423435 1330.18423435 1330.18423435 1330.18423435
 1330.18423435 1330.18423435 1330.18423435 1330.18423435 1330.18423435
 1330.18423435 1316.52167658 1316.52167658 1316.52167658 1316.52167658
 1316.52167658 1316.52167658 1316.52167658 1316.52167658 1316.52167658
 1316.52167658 1316.52167658 1316.52167658 1316.52167658 1316.52167658
 1316.52167658 1307.91663748 1307.91663748 1307.91663748 1307.91663748
 1307.91663748 1307.91663748 1307.91663748 1307.91663748 1307.91663748
 1307.91663748 1307.91663748 1307.91663748 1307.91663748 1307.91663748
 1307.91663748 1307.91663748 1307.91663748 1307.91663748 1307.91663748
 1307.91663748 1307.91663748 1307.91663748 1307.91663748 1307.91663748
 1307.91663748 1307.91663748 1307.91663748 1307.91663748 1307.91663748
 1307.91663748 1307.91663748 1307.91663748 1307.91663748 1307.91663748
 1307.91663748 1307.91663748 1307.91663748 1307.91663748 1307.91663748
 1307.91663748 1307.91663748 1307.91663748 1307.91663748 1307.91663748
 1307.91663748 1307.91663748 1307.91663748 1307.91663748 1307.91663748
 1307.91663748 1307.91663748 1307.91663748 1307.91663748 1307.91663748
 1307.91663748 1307.91663748 1307.91663748 1307.91663748 1307.91663748
 1307.91663748 1307.91663748 1307.91663748 1307.91663748 1307.91663748
 1307.91663748 1307.91663748 1307.91663748 1307.91663748 1307.91663748
 1307.91663748 1307.91663748 1307.91663748 1307.91663748 1307.91663748
 1307.91663748 1307.91663748 1307.91663748 1307.91663748 1307.91663748
 1307.91663748 1307.91663748 1307.91663748 1307.91663748 1307.91663748
 1307.91663748 1307.91663748 1307.91663748 1307.91663748 1307.91663748
 1307.91663748 1307.91663748 1307.91663748 1307.91663748 1307.91663748
 1307.91663748 1307.91663748 1307.91663748 1307.91663748 1307.91663748
 1307.91663748 1307.91663748 1307.91663748 1307.91663748 1307.91663748
 1307.91663748 1307.91663748 1307.91663748 1307.91663748 1307.91663748
 1307.91663748 1307.91663748 1307.91663748 1307.91663748 1307.91663748
 1307.91663748 1307.91663748 1307.91663748 1307.91663748 1307.91663748
 1307.91663748 1307.91663748 1307.91663748 1307.91663748 1307.91663748
 1307.91663748 1307.91663748 1307.91663748 1307.91663748 1307.91663748
 1307.91663748 1307.91663748 1307.91663748 1307.91663748 1307.91663748
 1307.91663748 1307.91663748 1307.91663748 1307.91663748 1307.91663748
 1307.91663748 1307.91663748 1307.91663748 1307.91663748 1307.91663748
 1307.91663748 1307.91663748 1307.91663748 1307.91663748 1307.91663748
 1307.91663748 1307.91663748 1307.91663748 1307.91663748 1307.91663748
 1307.91663748 1307.91663748 1307.91663748 1307.91663748 1307.91663748
 1307.91663748 1307.91663748 1307.91663748 1307.91663748 1307.91663748
 1307.91663748 1307.91663748 1307.91663748 1307.91663748 1307.91663748
 1307.91663748 1307.91663748 1307.91663748 1307.91663748 1307.91663748
 1307.91663748 1307.91663748 1307.91663748 1307.91663748 1307.91663748
 1307.91663748 1307.91663748 1307.91663748 1307.91663748 1307.91663748
 1307.91663748 1307.91663748 1307.91663748 1307.91663748 1307.91663748
 1307.91663748 1307.91663748 1307.91663748 1307.91663748 1307.91663748
 1307.91663748 1307.91663748 1307.91663748 1307.91663748 1307.91663748
 1307.91663748 1307.91663748 1307.91663748 1307.91663748 1307.91663748
 1307.91663748 1307.91663748 1307.91663748 1307.91663748 1307.91663748
 1307.91663748 1307.91663748 1307.91663748 1307.91663748 1307.91663748
 1307.91663748 1307.91663748 1307.91663748 1307.91663748 1307.91663748
 1307.91663748 1307.91663748 1307.91663748 1307.91663748 1307.91663748
 1307.91663748 1307.91663748 1307.91663748 1307.91663748 1307.91663748
 1307.91663748 1307.91663748 1307.91663748 1307.91663748 1307.91663748
 1307.91663748 1307.91663748 1307.91663748 1307.91663748 1307.91663748
 1307.91663748 1307.91663748 1307.91663748 1307.91663748 1307.91663748
 1307.91663748 1307.91663748 1307.91663748 1307.91663748 1307.91663748
 1307.91663748 1307.91663748 1307.91663748 1307.91663748 1307.91663748
 1307.91663748 1307.91663748 1307.91663748 1307.91663748 1307.91663748
 1307.91663748 1307.91663748 1307.91663748 1307.91663748 1307.91663748
 1307.91663748 1307.91663748 1307.91663748 1307.91663748 1307.91663748
 1307.91663748 1307.91663748 1307.91663748 1307.91663748 1307.91663748
 1307.91663748 1307.91663748 1307.91663748 1307.91663748 1307.91663748
 1307.91663748 1307.91663748 1307.91663748 1307.91663748 1307.91663748
 1307.91663748 1307.91663748 1307.91663748 1307.91663748 1307.91663748
 1307.91663748 1307.91663748 1307.91663748 1307.91663748 1307.91663748
 1307.91663748 1307.91663748 1307.91663748 1307.91663748 1307.91663748
 1307.91663748 1307.91663748 1307.91663748 1307.91663748 1307.91663748
 1307.91663748 1307.91663748 1307.91663748 1307.91663748 1307.91663748
 1307.91663748 1307.91663748 1307.91663748 1307.91663748 1307.91663748
 1307.91663748 1307.91663748 1307.91663748 1307.91663748 1307.91663748
 1307.91663748 1307.91663748 1307.91663748 1307.91663748 1307.91663748
 1307.91663748 1307.91663748 1307.91663748 1307.91663748 1307.91663748
 1307.91663748 1307.91663748 1307.91663748 1307.91663748 1307.91663748
 1307.91663748 1307.91663748 1307.91663748 1307.91663748 1307.91663748
 1307.91663748 1307.91663748 1307.91663748 1307.91663748 1307.91663748
 1307.91663748 1307.91663748 1307.91663748 1307.91663748 1307.91663748
 1307.91663748 1307.91663748 1307.91663748 1307.91663748 1307.91663748
 1307.91663748 1307.91663748 1307.91663748 1307.91663748 1307.91663748
 1307.91663748 1307.91663748 1307.91663748 1307.91663748 1307.91663748
 1307.91663748 1307.91663748 1307.91663748 1307.91663748 1307.91663748
 1307.91663748 1307.91663748 1307.91663748 1307.91663748 1307.91663748
 1307.91663748 1307.91663748 1307.91663748 1307.91663748 1307.91663748
 1307.91663748 1307.91663748 1307.91663748 1307.91663748 1307.91663748
 1307.91663748 1307.91663748 1307.91663748 1307.91663748 1307.91663748
 1307.91663748 1307.91663748 1307.91663748 1307.91663748 1307.91663748
 1307.91663748 1307.91663748 1307.91663748 1307.91663748 1307.91663748
 1307.91663748 1307.91663748 1307.91663748 1307.91663748 1307.91663748
 1307.91663748 1307.91663748 1307.91663748 1307.91663748 1307.91663748
 1307.91663748 1307.91663748 1307.91663748 1307.91663748 1307.91663748
 1307.91663748 1307.91663748 1307.91663748 1307.91663748 1307.91663748
 1307.91663748 1307.91663748 1307.91663748 1307.91663748 1307.91663748
 1307.91663748 1307.91663748 1307.91663748 1295.17831699 1295.17831699
 1295.17831699 1295.17831699 1295.17831699 1295.17831699 1295.17831699
 1295.17831699 1295.17831699 1295.17831699 1295.17831699 1295.17831699
 1295.17831699 1295.17831699 1295.17831699 1295.17831699 1295.17831699
 1295.17831699 1295.17831699 1295.17831699 1295.17831699 1295.17831699
 1295.17831699 1295.17831699 1295.17831699 1295.17831699 1295.17831699
 1295.17831699 1295.17831699 1295.17831699 1295.17831699 1295.17831699
 1295.17831699 1295.17831699 1295.17831699 1295.17831699 1295.17831699
 1295.17831699 1295.17831699 1295.17831699 1295.17831699 1295.17831699
 1295.17831699 1295.17831699 1295.17831699 1295.17831699 1295.17831699
 1295.17831699 1295.17831699 1295.17831699 1295.17831699 1295.17831699
 1295.17831699 1295.17831699 1295.17831699 1295.17831699 1295.17831699
 1295.17831699 1295.17831699 1295.17831699 1295.17831699 1295.17831699
 1295.17831699 1295.17831699 1295.17831699 1295.17831699 1295.17831699
 1295.17831699 1295.17831699 1295.17831699 1295.17831699 1295.17831699
 1295.17831699 1295.17831699 1295.17831699 1295.17831699 1295.17831699
 1295.17831699 1295.17831699 1295.17831699 1295.17831699 1295.17831699
 1295.17831699 1295.17831699 1295.17831699 1295.17831699 1295.17831699
 1295.17831699 1295.17831699 1295.17831699 1295.17831699 1295.17831699
 1295.17831699 1295.17831699 1295.17831699 1295.17831699 1295.17831699
 1295.17831699 1295.17831699 1295.17831699 1295.17831699 1295.17831699
 1295.17831699 1295.17831699 1295.17831699 1295.17831699 1295.17831699
 1295.17831699 1295.17831699 1295.17831699 1295.17831699 1295.17831699
 1295.17831699] 

Fitness stats avg: [4045.59669434 3914.713403   3877.09879524 3795.38085336 3704.42373307
 3677.57579958 3627.61782267 3591.11837655 3514.10449033 3441.25191344
 3426.24382911 3370.65624061 3356.06035102 3331.58190114 3235.06330848
 3258.19801555 3207.75453255 3147.86389628 3138.89231728 3113.1021393
 3074.01634642 3072.08015684 3043.57896679 2979.99397334 2895.87520373
 2868.32515749 2839.76387819 2841.68554256 2832.34006821 2787.24923805
 2788.30110067 2787.32996274 2757.50958452 2687.57788191 2658.59609283
 2614.74762188 2606.10465973 2612.62989692 2600.73604364 2569.82881921
 2538.7642815  2509.41962858 2503.6983163  2499.22224613 2476.379723
 2441.12068001 2429.02427109 2414.40344736 2383.25515374 2376.9867258
 2361.45214962 2349.97307558 2294.50815751 2334.11513354 2311.05587267
 2245.49911421 2180.69853587 2141.58065787 2075.72119071 2069.27893121
 2063.98216776 2028.17068902 2011.91383418 1999.87361184 1990.18678108
 1986.37925367 2022.11538835 2023.36099203 2003.57682394 2022.76831541
 1995.37620671 1998.27512388 1941.01039146 1942.2555279  1953.50391875
 1934.53859214 1963.25631117 1984.482232   1971.43333335 1958.71682803
 1933.85618007 1945.76203765 1912.31744286 1936.76615356 1965.47996502
 1939.09345243 1899.14895478 1890.82149557 1881.89497155 1899.70107482
 1918.33545115 1893.11595795 1928.11185905 1927.14672845 1921.89282176
 1925.54988383 1879.40815939 1892.1713766  1927.30025189 1857.00163829
 1914.45786934 1906.45257644 1914.81223448 1900.54474212 1914.94067795
 1910.3612346  1906.21703468 1899.75430532 1888.37307068 1914.66197073
 1943.21629753 1952.98179787 1909.32787228 1898.95748734 1891.63212713
 1922.05587816 1917.65709438 1877.89065731 1916.67971305 1886.86347988
 1892.59665517 1919.43056004 1893.48500074 1907.76625305 1845.6097787
 1843.48427925 1836.15093218 1818.04169905 1824.54040571 1839.10338253
 1822.90992866 1864.49016727 1886.83489209 1842.69341732 1850.1715583
 1869.04963756 1840.00894239 1837.14326173 1854.75546772 1852.69849266
 1798.85449877 1775.50886393 1769.06392051 1792.1882672  1805.36164378
 1811.72094404 1868.54060494 1861.66465972 1816.7034168  1790.19975043
 1795.83794617 1829.66221635 1825.1210013  1803.73886696 1783.06105229
 1770.19303048 1846.61417395 1846.34673387 1834.19778542 1837.11688654
 1817.61181512 1801.22120942 1766.03652567 1785.44224924 1770.13447288
 1797.43063134 1782.18012186 1737.50876812 1744.24266124 1735.79042542
 1725.99671955 1699.69451347 1712.08311226 1703.17679266 1703.43362635
 1712.64112039 1686.27364673 1719.39693602 1758.36981957 1724.35518515
 1727.66168284 1717.23231196 1705.47606941 1679.67624599 1660.94515023
 1702.85134808 1725.20122741 1743.62746979 1721.58128598 1726.20562626
 1737.30879524 1703.55127193 1715.16356205 1712.1460666  1685.96665274
 1712.99712568 1730.39417235 1704.67535989 1725.28751408 1724.16947428
 1691.39643698 1668.24279678 1694.1508094  1690.23224648 1680.98706698
 1652.95628202 1645.04721134 1646.37791856 1632.05320776 1645.87638488
 1685.08691179 1684.83973224 1698.90760652 1668.59533494 1657.64936083
 1672.95565395 1682.4239652  1719.5198022  1710.13577423 1709.00894437
 1702.88794056 1683.50421453 1658.87468277 1638.61420694 1643.6317589
 1643.8093932  1674.98822728 1644.84701532 1661.20917256 1607.8622478
 1643.15198277 1614.37258542 1618.68033435 1633.48435554 1655.74456527
 1638.26573868 1622.52281706 1650.44744725 1641.12908204 1660.39574782
 1680.54589207 1653.80981893 1647.39460001 1652.47456327 1642.54616119
 1682.65022165 1642.47842309 1633.11116306 1630.24687488 1612.49950874
 1622.8886547  1629.70935825 1616.38915018 1624.01974436 1630.00495161
 1660.12410488 1648.25973214 1637.00054792 1626.78854779 1618.65382443
 1649.99722644 1652.75175784 1620.52354618 1591.43914822 1641.84103319
 1655.33999902 1621.27475333 1583.62951063 1604.74462112 1594.24497479
 1583.24120453 1610.04932132 1586.76931012 1608.21125746 1594.04901982
 1611.26297189 1637.60212448 1646.70150765 1681.46177778 1680.34383027
 1636.04957924 1602.6935156  1629.12377398 1625.96480561 1592.74630246
 1599.86288081 1628.2856794  1623.76690689 1648.00470261 1645.4915312
 1651.04627701 1643.7298678  1657.84957657 1700.36421714 1722.35598379
 1691.66126395 1694.40389584 1652.23911698 1620.27259682 1624.9895349
 1622.60184465 1631.33709731 1597.72811566 1592.22159115 1641.39095986
 1648.39477702 1628.17266925 1678.16619467 1678.33998901 1682.35945717
 1721.22738995 1760.01847801 1698.147774   1682.41580257 1631.64419579
 1617.98395176 1607.67367818 1672.40593204 1658.36030454 1711.903077
 1704.55584539 1649.92533807 1685.89265125 1728.72952763 1708.77186642
 1676.64290545 1650.30344103 1624.15339077 1645.74041996 1594.02167978
 1617.6831527  1620.4059683  1633.45681735 1584.79163979 1609.75014831
 1600.28477191 1651.83590026 1636.39820871 1629.68662777 1581.40656698
 1578.55827545 1587.59033891 1600.52225258 1590.35042861 1574.33391124
 1605.01859642 1630.03832523 1622.0872049  1608.82527264 1572.68886493
 1545.57223618 1570.37108028 1560.92481604 1581.5466937  1589.0152686
 1564.07428563 1554.52563328 1556.4880076  1549.30317368 1549.83500205
 1575.30824236 1560.57355225 1549.72968665 1583.58424033 1600.94986165
 1548.10699363 1537.1064377  1534.00658615 1557.84883994 1521.44286564
 1549.77142931 1500.27770654 1539.50613926 1561.53736248 1567.10510258
 1571.52960137 1583.70620864 1629.35755574 1583.20016819 1586.39851089
 1600.79715421 1557.51751262 1531.17509221 1562.05772976 1542.87528992
 1518.59757003 1500.19338044 1519.44978986 1531.06385356 1531.35257835
 1543.90874597 1570.07288607 1549.15865896 1530.25319265 1523.45247585
 1520.16849216 1533.00492699 1535.35121323 1515.24998245 1523.46778956
 1534.87718823 1559.69263954 1618.86027162 1585.26879912 1531.07359026
 1543.5914995  1554.07959119 1528.67875966 1542.91871556 1554.88711134
 1555.03641878 1550.15785351 1578.40958819 1548.80562155 1559.64146612
 1598.86254057 1601.00629394 1597.55272355 1607.18459355 1598.36656123
 1529.86285181 1519.13181301 1527.55346588 1569.75277824 1521.4485657
 1558.29885775 1557.80809807 1609.00562147 1576.63122657 1571.46131801
 1585.6017481  1552.73485092 1549.58909654 1578.37565261 1571.67470721
 1590.36987378 1594.49658972 1562.60559201 1541.33036034 1533.01586908
 1543.63349722 1499.72030454 1534.46431996 1529.15063377 1549.80730787
 1539.75557223 1521.70754171 1537.75378719 1570.8805295  1608.42547139
 1611.40724694 1618.69693393 1565.67270018 1576.10213068 1547.15659288
 1562.27638553 1529.02987487 1531.45290626 1562.05928495 1533.10106839
 1521.22080312 1548.90379416 1510.47910328 1517.16210246 1507.66758163
 1554.33620797 1579.32433613 1600.94412187 1571.18393515 1542.49971873
 1578.11287999 1589.45825808 1625.14260033 1592.27942745 1555.13217009
 1564.15041902 1587.64920365 1584.94644372 1624.90264365 1579.63862357
 1532.02102195 1534.01642702 1487.21198929 1518.69949573 1489.25709077
 1488.3760293  1523.14741961 1534.59304985 1567.88857273 1597.2853248
 1566.55330275 1552.93587075 1525.53022479 1483.01009295 1515.48322624
 1495.66345009 1514.88094774 1487.79473521 1508.58066317 1520.16464148
 1495.02483609 1501.40915793 1532.36067756 1524.05625466 1539.2790419
 1564.87849073 1610.98783104 1560.30228135 1506.24425655 1511.0993742
 1486.42540894 1522.30648349 1521.29812495 1517.22567884 1546.86120424
 1509.74823634 1537.59609968 1537.443581   1539.19167045 1547.60447677
 1518.27301108 1540.06348672 1498.42944197 1502.83979968 1497.29726135
 1538.40980197 1568.49617025 1571.89154085 1515.02298284 1546.86622064
 1560.65465559 1554.07298346 1566.76213302 1519.3294972  1495.73842165
 1501.76457255 1475.70697214 1501.87590077 1534.46579451 1570.70942232
 1507.33135737 1475.3796834  1493.39426837 1512.42568325 1510.8628536
 1491.3419407  1500.4845335  1509.40859986 1470.85543767 1515.70975548
 1475.3015729  1446.53394792 1503.66352142 1477.5784847  1514.49596627
 1489.06145899 1492.47146391 1498.48853481 1478.59652555 1537.41430429
 1548.89263934 1547.74514452 1593.93656258 1569.87614253 1571.95611686
 1537.68725763 1536.92030249 1550.499914   1552.45971418 1557.76720755
 1580.51567309 1534.59705199 1517.60785503 1542.37136755 1508.98611202
 1501.52165215 1514.83851482 1451.50108745 1452.81290841 1504.82870884
 1514.82344518 1511.48872606 1475.47275636 1497.84624624 1522.01171634
 1572.60176594 1601.30418807 1583.58350657 1544.48512054 1528.25809947
 1489.72406215 1511.64091796 1568.91092517 1538.66766842 1520.14249363
 1543.44331676 1571.39914921 1578.95133069 1598.12271375 1558.98605856
 1498.93099812 1497.69040153 1500.86031399 1490.38292584 1465.18063511
 1499.37916902 1508.0393205  1536.35907875 1538.59904614 1525.21208948
 1493.59658627 1516.48042745 1552.39459777 1568.658806   1591.28981227
 1606.24456824 1587.90586711 1571.90333881 1577.24085031 1553.99016704
 1563.13244938 1546.88780388 1581.76506768 1594.49710408 1584.49027447
 1575.74180176 1576.52267333 1543.89293503 1509.94704772 1538.22607405
 1498.7021147  1500.65396417 1527.60070598 1543.9677107  1533.18478559
 1536.89606815 1520.35753095 1572.49613664 1544.04740002 1548.58943193
 1561.17330116 1551.02213951 1533.05143226 1516.2710153  1528.03572044
 1528.06569595 1560.05840093 1526.63109556 1566.34362332 1563.42290569
 1564.97322729 1571.15779748 1540.2913711  1578.64972584 1554.94199566
 1552.61626828 1509.73778615 1501.98930256 1508.20056843 1543.24043874
 1550.19947959 1500.95407678 1503.31742014 1534.00009327 1574.30157585
 1578.13115886 1577.11879183 1571.85817447 1549.76790383 1539.15821278
 1531.60670737 1571.60242003 1559.71689722 1541.56422719 1504.19367474
 1513.3744263  1527.52527338 1528.19466822 1521.28338408 1533.39853758
 1553.09351975 1550.7427229  1559.6635026  1557.63354122 1535.37242599
 1552.40625026 1568.20960362 1592.51462346 1545.45738989 1541.75128776
 1553.83370259 1500.12170818 1478.66630655 1482.60334653 1520.78637681
 1540.40206337 1489.82865023 1470.10723168 1490.74751943 1520.26556754
 1545.86550049 1555.35931688 1466.84643025 1463.15970714 1502.15447866
 1507.73150588 1528.75958769 1530.68674298 1516.52008777 1524.88097591
 1493.0856578  1510.23883716 1499.67915405 1494.87271922 1514.19809035
 1548.19851973 1557.67121231 1507.76358814 1548.45905692 1536.50766089
 1524.74998164 1511.99830559 1534.67943308 1518.64950597 1547.23205043
 1603.94277348 1580.55304265 1572.81849966 1523.44089768 1534.98353674
 1558.20297764 1536.53578019 1515.93844883 1571.5119083  1552.21507612
 1527.40408249 1515.0749596  1522.57905805 1487.69118127 1508.90836963
 1541.89320932 1532.61717413 1529.82928393 1532.16429105 1536.85968279
 1535.12836482 1528.24755647 1460.49236941 1475.62348533 1514.35057883
 1517.1803529  1575.48376318 1569.81362813 1472.16096949 1510.39583247
 1522.91972938 1560.31129542 1529.58585449 1549.4424747  1560.18415412
 1561.67025429 1575.26488497 1560.992041   1547.01429048 1530.40019522
 1502.70578651 1513.69289652 1482.90465146 1514.53817253 1533.88576075
 1533.2770291  1578.42111463 1612.38237449 1588.47507441 1596.8177488
 1622.72249409 1561.09630245 1516.82181075 1574.39816228 1515.49567206
 1532.61421318 1548.92151606 1560.60323265 1595.96827332 1547.58804606
 1521.93979716 1533.65817166 1514.56829311 1490.5431502  1496.76356367
 1535.48834803 1579.3518212  1521.02692598 1514.80232694 1506.17057596
 1538.71546789 1529.1971732  1587.71272193 1594.40296189 1567.69444168
 1499.97635931 1516.17308338 1523.05517128 1596.60679204 1606.03039763
 1553.7404515  1489.79954843 1534.7163946  1492.72065222 1520.50899561
 1528.88429555 1497.59713321 1505.86010055 1515.44240772 1498.08970279
 1550.03797411 1560.04126435 1562.39846439 1571.52894141 1609.54050151
 1573.26329185 1571.25387575 1569.61929288 1575.52506323 1535.3995197
 1508.74180069 1546.03952871 1528.58949695 1542.4141359  1553.74917393
 1579.35975349 1578.67972143 1567.99471991 1565.556339   1579.73635612
 1502.68822214 1500.7393233  1514.78419891 1531.36703672 1502.28384864
 1499.68589001 1537.56701347 1543.24181395 1530.0013544  1536.37803842
 1552.63738189 1515.37509484 1514.24754429 1525.14333652 1506.8302305
 1520.55522886 1565.36532784 1540.80006825 1565.73179927 1542.17951872
 1544.15054082 1543.08173684 1516.27651026 1527.74651028 1498.51221215
 1501.66704964 1478.46439909 1508.94585055 1517.54036086 1536.11024703
 1488.45946208 1488.22694607 1495.55883302 1496.23494367 1466.78200236
 1509.79710671 1491.42633803 1532.30236987 1502.88039874 1509.772707
 1528.5250147  1503.76531353 1516.79367424 1563.54879654 1568.66957645
 1572.92520412 1548.68745672 1506.91210142 1476.73584047 1512.65203754
 1519.8701746  1528.5901892  1534.68768473 1509.29682265 1560.54405622
 1560.01347679 1540.80970221 1531.67426944 1533.28804879 1533.33513584
 1530.81183744 1563.15265901 1553.71478119 1594.30788916 1604.92452266
 1543.37585187 1601.43221786 1571.59086485 1580.32815505 1540.81869915
 1519.5201855  1526.95644747 1498.66878564 1501.57193826 1498.29743278
 1527.03937274 1546.16780518 1532.89600428 1589.74570734 1556.269186
 1532.50446591 1530.80312682 1490.32334497 1460.15770454 1486.38559874
 1504.30032821 1535.1734444  1529.53577083 1526.00240377 1565.47864788
 1596.19356007 1593.95524597 1602.3893284  1568.3569099  1590.334893
 1568.34261394 1531.57048052 1542.51416682 1538.27970336 1517.85440912
 1529.58033581 1478.1052577  1512.27580072 1498.94269865 1523.46218815
 1529.64775722 1534.57422661 1545.08711661 1579.0771399  1559.16354652
 1563.7458213  1595.14118317 1591.16277867 1580.17121712 1576.79772629
 1569.04521749 1568.26430232 1532.50595585 1512.98149041 1472.93833434
 1457.64570926 1512.7816056  1530.52295969 1488.45381905 1474.05503316
 1522.0589398  1539.32086216 1554.42167015 1535.42645684 1548.31681454
 1539.0613019  1544.22340181 1538.85060357 1540.7660157  1527.35971506
 1572.03857634 1553.45164456 1541.51574862 1559.95019116 1562.96665294
 1570.46856347 1547.61188247 1542.46039673 1565.80390285 1572.18685975
 1602.3993042  1550.69171441 1550.00761044 1505.45162753 1492.75227143
 1480.03274653 1479.92828777 1478.60013761 1503.45811399 1518.6057858
 1552.24955595 1534.53789473 1533.76193175 1518.37848192 1492.77477782
 1461.28897723 1457.04227323 1478.56315129 1468.42058234 1516.69299809
 1462.01459936] 

Feasible stats: [( 0.,   0.) ( 0., 100.) ( 0., 100.) (52.,  48.) (52.,  48.) (49.,  51.)
 (49.,  51.) (28.,  72.) (28.,  72.) (40.,  60.) (40.,  60.) (40.,  60.)
 (40.,  60.) (35.,  65.) (35.,  65.) (39.,  61.) (39.,  61.) (42.,  58.)
 (42.,  58.) (47.,  53.) (47.,  53.) (52.,  48.) (52.,  48.) (45.,  55.)
 (45.,  55.) (52.,  48.) (52.,  48.) (44.,  56.) (44.,  56.) (42.,  58.)
 (42.,  58.) (33.,  67.) (33.,  67.) (42.,  58.) (42.,  58.) (36.,  64.)
 (36.,  64.) (27.,  73.) (27.,  73.) (32.,  68.) (32.,  68.) (44.,  56.)
 (44.,  56.) (47.,  53.) (47.,  53.) (58.,  42.) (58.,  42.) (68.,  32.)
 (68.,  32.) (59.,  41.) (59.,  41.) (55.,  45.) (55.,  45.) (75.,  25.)
 (75.,  25.) (68.,  32.) (68.,  32.) (80.,  20.) (80.,  20.) (90.,  10.)
 (90.,  10.) (81.,  19.) (81.,  19.) (83.,  17.) (83.,  17.) (83.,  17.)
 (83.,  17.) (84.,  16.) (84.,  16.) (85.,  15.) (85.,  15.) (76.,  24.)
 (76.,  24.) (90.,  10.) (90.,  10.) (87.,  13.) (87.,  13.) (90.,  10.)
 (90.,  10.) (88.,  12.) (88.,  12.) (82.,  18.) (82.,  18.) (88.,  12.)
 (88.,  12.) (88.,  12.) (88.,  12.) (84.,  16.) (84.,  16.) (90.,  10.)
 (90.,  10.) (88.,  12.) (88.,  12.) (85.,  15.) (85.,  15.) (87.,  13.)
 (87.,  13.) (89.,  11.) (89.,  11.) (91.,   9.) (91.,   9.) (94.,   6.)
 (94.,   6.) (91.,   9.) (91.,   9.) (83.,  17.) (83.,  17.) (83.,  17.)
 (83.,  17.) (93.,   7.) (93.,   7.) (79.,  21.) (79.,  21.) (83.,  17.)
 (83.,  17.) (81.,  19.) (81.,  19.) (88.,  12.) (88.,  12.) (77.,  23.)
 (77.,  23.) (75.,  25.) (75.,  25.) (85.,  15.) (85.,  15.) (89.,  11.)
 (89.,  11.) (93.,   7.) (93.,   7.) (93.,   7.) (93.,   7.) (89.,  11.)
 (89.,  11.) (83.,  17.) (83.,  17.) (87.,  13.) (87.,  13.) (86.,  14.)
 (86.,  14.) (86.,  14.) (86.,  14.) (90.,  10.) (90.,  10.) (87.,  13.)
 (87.,  13.) (90.,  10.) (90.,  10.) (85.,  15.) (85.,  15.) (85.,  15.)
 (85.,  15.) (91.,   9.) (91.,   9.) (88.,  12.) (88.,  12.) (92.,   8.)
 (92.,   8.) (86.,  14.) (86.,  14.) (75.,  25.) (75.,  25.) (84.,  16.)
 (84.,  16.) (87.,  13.) (87.,  13.) (82.,  18.) (82.,  18.) (81.,  19.)
 (81.,  19.) (85.,  15.) (85.,  15.) (92.,   8.) (92.,   8.) (91.,   9.)
 (91.,   9.) (92.,   8.) (92.,   8.) (87.,  13.) (87.,  13.) (82.,  18.)
 (82.,  18.) (94.,   6.) (94.,   6.) (81.,  19.) (81.,  19.) (83.,  17.)
 (83.,  17.) (85.,  15.) (85.,  15.) (81.,  19.) (81.,  19.) (79.,  21.)
 (79.,  21.) (90.,  10.) (90.,  10.) (89.,  11.) (89.,  11.) (90.,  10.)
 (90.,  10.) (89.,  11.) (89.,  11.) (85.,  15.) (85.,  15.) (95.,   5.)
 (95.,   5.) (91.,   9.) (91.,   9.) (89.,  11.) (89.,  11.) (87.,  13.)
 (87.,  13.) (87.,  13.) (87.,  13.) (85.,  15.) (85.,  15.) (90.,  10.)
 (90.,  10.) (91.,   9.) (91.,   9.) (92.,   8.) (92.,   8.) (91.,   9.)
 (91.,   9.) (93.,   7.) (93.,   7.) (89.,  11.) (89.,  11.) (92.,   8.)
 (92.,   8.) (91.,   9.) (91.,   9.) (91.,   9.) (91.,   9.) (91.,   9.)
 (91.,   9.) (85.,  15.) (85.,  15.) (86.,  14.) (86.,  14.) (88.,  12.)
 (88.,  12.) (89.,  11.) (89.,  11.) (88.,  12.) (88.,  12.) (87.,  13.)
 (87.,  13.) (87.,  13.) (87.,  13.) (84.,  16.) (84.,  16.) (80.,  20.)
 (80.,  20.) (84.,  16.) (84.,  16.) (91.,   9.) (91.,   9.) (88.,  12.)
 (88.,  12.) (90.,  10.) (90.,  10.) (86.,  14.) (86.,  14.) (74.,  26.)
 (74.,  26.) (86.,  14.) (86.,  14.) (84.,  16.) (84.,  16.) (90.,  10.)
 (90.,  10.) (93.,   7.) (93.,   7.) (87.,  13.) (87.,  13.) (76.,  24.)
 (76.,  24.) (79.,  21.) (79.,  21.) (79.,  21.) (79.,  21.) (89.,  11.)
 (89.,  11.) (84.,  16.) (84.,  16.) (88.,  12.) (88.,  12.) (82.,  18.)
 (82.,  18.) (85.,  15.) (85.,  15.) (85.,  15.) (85.,  15.) (80.,  20.)
 (80.,  20.) (72.,  28.) (72.,  28.) (72.,  28.) (72.,  28.) (84.,  16.)
 (84.,  16.) (87.,  13.) (87.,  13.) (87.,  13.) (87.,  13.) (81.,  19.)
 (81.,  19.) (79.,  21.) (79.,  21.) (79.,  21.) (79.,  21.) (89.,  11.)
 (89.,  11.) (84.,  16.) (84.,  16.) (87.,  13.) (87.,  13.) (85.,  15.)
 (85.,  15.) (83.,  17.) (83.,  17.) (82.,  18.) (82.,  18.) (73.,  27.)
 (73.,  27.) (85.,  15.) (85.,  15.) (89.,  11.) (89.,  11.) (88.,  12.)
 (88.,  12.) (86.,  14.) (86.,  14.) (83.,  17.) (83.,  17.) (80.,  20.)
 (80.,  20.) (87.,  13.) (87.,  13.) (87.,  13.) (87.,  13.) (92.,   8.)
 (92.,   8.) (82.,  18.) (82.,  18.) (84.,  16.) (84.,  16.) (85.,  15.)
 (85.,  15.) (84.,  16.) (84.,  16.) (93.,   7.) (93.,   7.) (93.,   7.)
 (93.,   7.) (88.,  12.) (88.,  12.) (95.,   5.) (95.,   5.) (85.,  15.)
 (85.,  15.) (91.,   9.) (91.,   9.) (98.,   2.) (98.,   2.) (89.,  11.)
 (89.,  11.) (94.,   6.) (94.,   6.) (89.,  11.) (89.,  11.) (89.,  11.)
 (89.,  11.) (91.,   9.) (91.,   9.) (87.,  13.) (87.,  13.) (86.,  14.)
 (86.,  14.) (90.,  10.) (90.,  10.) (83.,  17.) (83.,  17.) (92.,   8.)
 (92.,   8.) (90.,  10.) (90.,  10.) (96.,   4.) (96.,   4.) (94.,   6.)
 (94.,   6.) (82.,  18.) (82.,  18.) (91.,   9.) (91.,   9.) (85.,  15.)
 (85.,  15.) (85.,  15.) (85.,  15.) (90.,  10.) (90.,  10.) (88.,  12.)
 (88.,  12.) (85.,  15.) (85.,  15.) (90.,  10.) (90.,  10.) (92.,   8.)
 (92.,   8.) (95.,   5.) (95.,   5.) (91.,   9.) (91.,   9.) (90.,  10.)
 (90.,  10.) (90.,  10.) (90.,  10.) (84.,  16.) (84.,  16.) (88.,  12.)
 (88.,  12.) (79.,  21.) (79.,  21.) (93.,   7.) (93.,   7.) (94.,   6.)
 (94.,   6.) (89.,  11.) (89.,  11.) (84.,  16.) (84.,  16.) (84.,  16.)
 (84.,  16.) (84.,  16.) (84.,  16.) (80.,  20.) (80.,  20.) (86.,  14.)
 (86.,  14.) (83.,  17.) (83.,  17.) (86.,  14.) (86.,  14.) (82.,  18.)
 (82.,  18.) (92.,   8.) (92.,   8.) (92.,   8.) (92.,   8.) (82.,  18.)
 (82.,  18.) (90.,  10.) (90.,  10.) (86.,  14.) (86.,  14.) (85.,  15.)
 (85.,  15.) (90.,  10.) (90.,  10.) (96.,   4.) (96.,   4.) (87.,  13.)
 (87.,  13.) (86.,  14.) (86.,  14.) (85.,  15.) (85.,  15.) (84.,  16.)
 (84.,  16.) (81.,  19.) (81.,  19.) (78.,  22.) (78.,  22.) (82.,  18.)
 (82.,  18.) (83.,  17.) (83.,  17.) (88.,  12.) (88.,  12.) (85.,  15.)
 (85.,  15.) (86.,  14.) (86.,  14.) (85.,  15.) (85.,  15.) (91.,   9.)
 (91.,   9.) (90.,  10.) (90.,  10.) (83.,  17.) (83.,  17.) (86.,  14.)
 (86.,  14.) (81.,  19.) (81.,  19.) (95.,   5.) (95.,   5.) (82.,  18.)
 (82.,  18.) (85.,  15.) (85.,  15.) (91.,   9.) (91.,   9.) (83.,  17.)
 (83.,  17.) (92.,   8.) (92.,   8.) (89.,  11.) (89.,  11.) (86.,  14.)
 (86.,  14.) (87.,  13.) (87.,  13.) (86.,  14.) (86.,  14.) (90.,  10.)
 (90.,  10.) (89.,  11.) (89.,  11.) (91.,   9.) (91.,   9.) (80.,  20.)
 (80.,  20.) (92.,   8.) (92.,   8.) (90.,  10.) (90.,  10.) (82.,  18.)
 (82.,  18.) (84.,  16.) (84.,  16.) (80.,  20.) (80.,  20.) (90.,  10.)
 (90.,  10.) (84.,  16.) (84.,  16.) (87.,  13.) (87.,  13.) (79.,  21.)
 (79.,  21.) (88.,  12.) (88.,  12.) (91.,   9.) (91.,   9.) (85.,  15.)
 (85.,  15.) (82.,  18.) (82.,  18.) (88.,  12.) (88.,  12.) (87.,  13.)
 (87.,  13.) (79.,  21.) (79.,  21.) (84.,  16.) (84.,  16.) (88.,  12.)
 (88.,  12.) (90.,  10.) (90.,  10.) (87.,  13.) (87.,  13.) (83.,  17.)
 (83.,  17.) (87.,  13.) (87.,  13.) (77.,  23.) (77.,  23.) (87.,  13.)
 (87.,  13.) (87.,  13.) (87.,  13.) (91.,   9.) (91.,   9.) (89.,  11.)
 (89.,  11.) (90.,  10.) (90.,  10.) (94.,   6.) (94.,   6.) (89.,  11.)
 (89.,  11.) (87.,  13.) (87.,  13.) (89.,  11.) (89.,  11.) (88.,  12.)
 (88.,  12.) (88.,  12.) (88.,  12.) (77.,  23.) (77.,  23.) (82.,  18.)
 (82.,  18.) (86.,  14.) (86.,  14.) (89.,  11.) (89.,  11.) (83.,  17.)
 (83.,  17.) (82.,  18.) (82.,  18.) (89.,  11.) (89.,  11.) (92.,   8.)
 (92.,   8.) (84.,  16.) (84.,  16.) (78.,  22.) (78.,  22.) (78.,  22.)
 (78.,  22.) (80.,  20.) (80.,  20.) (89.,  11.) (89.,  11.) (84.,  16.)
 (84.,  16.) (81.,  19.) (81.,  19.) (83.,  17.) (83.,  17.) (73.,  27.)
 (73.,  27.) (75.,  25.) (75.,  25.) (85.,  15.) (85.,  15.) (90.,  10.)
 (90.,  10.) (93.,   7.) (93.,   7.) (91.,   9.) (91.,   9.) (92.,   8.)
 (92.,   8.) (91.,   9.) (91.,   9.) (84.,  16.) (84.,  16.) (78.,  22.)
 (78.,  22.) (81.,  19.) (81.,  19.) (75.,  25.) (75.,  25.) (88.,  12.)
 (88.,  12.) (91.,   9.) (91.,   9.) (85.,  15.) (85.,  15.) (79.,  21.)
 (79.,  21.) (88.,  12.) (88.,  12.) (92.,   8.) (92.,   8.) (91.,   9.)
 (91.,   9.) (88.,  12.) (88.,  12.) (85.,  15.) (85.,  15.) (88.,  12.)
 (88.,  12.) (80.,  20.) (80.,  20.) (90.,  10.) (90.,  10.) (81.,  19.)
 (81.,  19.) (83.,  17.) (83.,  17.) (85.,  15.) (85.,  15.) (94.,   6.)
 (94.,   6.) (84.,  16.) (84.,  16.) (82.,  18.) (82.,  18.) (83.,  17.)
 (83.,  17.) (83.,  17.) (83.,  17.) (87.,  13.) (87.,  13.) (89.,  11.)
 (89.,  11.) (91.,   9.) (91.,   9.) (84.,  16.) (84.,  16.) (88.,  12.)
 (88.,  12.) (86.,  14.) (86.,  14.) (87.,  13.) (87.,  13.) (89.,  11.)
 (89.,  11.) (90.,  10.) (90.,  10.) (87.,  13.) (87.,  13.) (91.,   9.)
 (91.,   9.) (91.,   9.) (91.,   9.) (90.,  10.) (90.,  10.) (95.,   5.)
 (95.,   5.) (87.,  13.) (87.,  13.) (92.,   8.) (92.,   8.) (90.,  10.)
 (90.,  10.) (91.,   9.) (91.,   9.) (92.,   8.) (92.,   8.) (89.,  11.)
 (89.,  11.) (91.,   9.) (91.,   9.) (90.,  10.) (90.,  10.) (91.,   9.)
 (91.,   9.) (85.,  15.) (85.,  15.) (84.,  16.) (84.,  16.) (90.,  10.)
 (90.,  10.) (89.,  11.) (89.,  11.) (84.,  16.) (84.,  16.) (89.,  11.)
 (89.,  11.) (84.,  16.) (84.,  16.) (91.,   9.) (91.,   9.) (94.,   6.)
 (94.,   6.) (87.,  13.) (87.,  13.) (93.,   7.) (93.,   7.) (93.,   7.)
 (93.,   7.) (89.,  11.) (89.,  11.) (91.,   9.) (91.,   9.) (93.,   7.)
 (93.,   7.) (84.,  16.) (84.,  16.) (88.,  12.) (88.,  12.) (82.,  18.)
 (82.,  18.) (82.,  18.) (82.,  18.) (87.,  13.) (87.,  13.) (87.,  13.)
 (87.,  13.) (89.,  11.) (89.,  11.) (78.,  22.) (78.,  22.) (88.,  12.)
 (88.,  12.) (86.,  14.) (86.,  14.) (82.,  18.) (82.,  18.) (80.,  20.)
 (80.,  20.) (89.,  11.) (89.,  11.) (88.,  12.) (88.,  12.) (94.,   6.)
 (94.,   6.) (90.,  10.) (90.,  10.) (85.,  15.) (85.,  15.) (68.,  32.)
 (68.,  32.) (67.,  33.) (67.,  33.) (85.,  15.) (85.,  15.) (84.,  16.)
 (84.,  16.) (75.,  25.) (75.,  25.) (76.,  24.) (76.,  24.) (79.,  21.)
 (79.,  21.) (77.,  23.) (77.,  23.) (74.,  26.) (74.,  26.) (76.,  24.)
 (76.,  24.) (70.,  30.) (70.,  30.) (73.,  27.) (73.,  27.) (80.,  20.)
 (80.,  20.) (94.,   6.) (94.,   6.) (87.,  13.) (87.,  13.) (85.,  15.)
 (85.,  15.) (91.,   9.) (91.,   9.) (88.,  12.) (88.,  12.) (87.,  13.)
 (87.,  13.) (84.,  16.) (84.,  16.) (87.,  13.) (87.,  13.) (90.,  10.)
 (90.,  10.) (85.,  15.) (85.,  15.) (87.,  13.) (87.,  13.) (87.,  13.)
 (87.,  13.) (92.,   8.) (92.,   8.) (90.,  10.) (90.,  10.) (84.,  16.)
 (84.,  16.) (92.,   8.) (92.,   8.) (87.,  13.) (87.,  13.) (83.,  17.)
 (83.,  17.) (87.,  13.) (87.,  13.) (85.,  15.) (85.,  15.) (91.,   9.)
 (91.,   9.) (83.,  17.) (83.,  17.) (85.,  15.) (85.,  15.) (94.,   6.)
 (94.,   6.) (87.,  13.) (87.,  13.) (86.,  14.) (86.,  14.) (86.,  14.)
 (86.,  14.) (92.,   8.) (92.,   8.) (88.,  12.) (88.,  12.) (84.,  16.)
 (84.,  16.) (86.,  14.) (86.,  14.) (91.,   9.) (91.,   9.) (85.,  15.)
 (85.,  15.) (86.,  14.) (86.,  14.) (94.,   6.) (94.,   6.) (95.,   5.)
 (95.,   5.) (89.,  11.) (89.,  11.) (85.,  15.) (85.,  15.) (88.,  12.)
 (88.,  12.) (86.,  14.) (86.,  14.) (83.,  17.) (83.,  17.) (86.,  14.)
 (86.,  14.) (89.,  11.) (89.,  11.) (82.,  18.) (82.,  18.) (80.,  20.)
 (80.,  20.) (77.,  23.) (77.,  23.) (83.,  17.) (83.,  17.) (83.,  17.)
 (83.,  17.) (85.,  15.) (85.,  15.) (84.,  16.) (84.,  16.) (91.,   9.)
 (91.,   9.) (86.,  14.) (86.,  14.) (86.,  14.) (86.,  14.) (87.,  13.)
 (87.,  13.) (81.,  19.) (81.,  19.) (87.,  13.) (87.,  13.) (83.,  17.)
 (83.,  17.) (88.,  12.) (88.,  12.) (91.,   9.) (91.,   9.) (87.,  13.)
 (87.,  13.) (91.,   9.) (91.,   9.) (90.,  10.) (90.,  10.) (90.,  10.)
 (90.,  10.) (85.,  15.) (85.,  15.) (90.,  10.) (90.,  10.) (89.,  11.)
 (89.,  11.) (86.,  14.) (86.,  14.) (83.,  17.) (83.,  17.) (92.,   8.)
 (92.,   8.) (88.,  12.) (88.,  12.) (87.,  13.) (87.,  13.) (85.,  15.)
 (85.,  15.) (86.,  14.) (86.,  14.) (88.,  12.) (88.,  12.) (90.,  10.)
 (90.,  10.) (87.,  13.) (87.,  13.) (79.,  21.) (79.,  21.) (93.,   7.)
 (93.,   7.) (77.,  23.) (77.,  23.) (74.,  26.) (74.,  26.) (74.,  26.)
 (74.,  26.) (91.,   9.) (91.,   9.) (85.,  15.) (85.,  15.) (85.,  15.)
 (85.,  15.) (92.,   8.) (92.,   8.) (86.,  14.) (86.,  14.) (92.,   8.)
 (92.,   8.) (89.,  11.) (89.,  11.) (90.,  10.) (90.,  10.)] 
Solution Description: 
p: [  0.          25.57791837  58.94696189  59.25363938 172.52416278
 183.07273689 260.74162976 261.82445278   0.          20.13911547
  59.45001662  70.31516246  85.48119249 108.93997993 120.35458812
 195.98207413 257.246283   258.81774786   0.          41.07277687
  64.37716463  75.69943508 105.2578665  137.98204377 221.85866221
 222.31911514 231.88576419 331.83942261 332.10636782 401.42641173
 402.17951085 402.84783263 419.72586377 419.90227656   0.
  16.69825392  64.88793282  95.66999344 115.12979927 121.23700852
 130.65811621 158.96029103 169.47130487 218.70843824 229.49413629
 230.11968132 275.84297639 282.6542314  293.63124034 307.32133579
 319.9859319  354.6338398 ] 
pred: [ 0  0  0  0  3  3  3  3  0  0  0  0  0  0  5  5  5  5  0  0  0  0  3  3
  3  3  3  8  8  8  8  8  8  8  0  0  1  1  1  1  1  1  7  7  7  7 11 11
 11 11 11 11] 
distance [  0.          25.57791837  58.94696189  59.25363938 113.2705234
 123.8190975  201.48799038 202.57081339   0.          20.13911547
  59.45001662  70.31516246  85.48119249 108.93997993  11.41460818
  87.04209419 148.30630307 149.87776792   0.          41.07277687
  64.37716463  75.69943508  29.55843142  62.28260869 146.15922713
 146.61968006 156.18632911  99.95365842 100.22060363 169.54064754
 170.29374666 170.96206844 187.84009958 188.01651237   0.
  16.69825392  48.18967889  78.97173952  98.43154535 104.5387546
 113.95986229 142.26203711  10.51101384  59.74814721  70.53384527
  71.1593903   45.72329507  52.53455008  63.51155902  77.20165447
  89.86625057 124.51415848]
load: [  0  22  43  54   4  18  23  40   0  25  30  40  56  72  18  40  59  66
   0   6  20  30   9  14  17  26  38  19  35  44  64  84  96 121   0  13
  10  18  31  45  58  82   8  21  24  40  21  40  46  71  86 101] 
time: [  0.         182.         371.         418.17115283 226.
 329.         444.         473.95303324   0.         130.
 160.         414.         443.16015238 483.3964008   90.
 129.23451697 185.11499244 397.           0.         269.
 378.         416.94195481 257.         279.90630276 345.84518954
 414.06688705 441.06764997  72.         192.         241.20298871
 268.20115563 282.44169868 317.         446.           0.
 375.         200.         222.39224704 248.75424753 270.17930902
 303.78810329 459.         121.         155.40649823 177.81798748
 456.         115.         308.         325.46934669 414.
 443.         485.92676098] 
time warps: [0 0 0 0 0 0 0 0 0 0 0 0 0 0 0 0 0 0 0 0 0 0 0 0 0 0 0 0 0 0 0 0 0 0 0 0 0
 0 0 0 0 0 0 0 0 0 0 0 0 0 0 0] 
duration: [  0.          31.57791837 249.79518625 259.10186374 136.2705234
 222.55881561 374.75980071 390.84262373   0.          29.13911547
  86.64422529 340.47913198 376.64516201 423.10394944  12.41460818
 113.04209419 191.30630307 328.27441907   0.          43.07277687
 179.00254665 203.3248171   35.55843142  92.28260869 189.15922713
 205.61968006 217.18632911 120.95365842 214.42823731 285.74828122
 291.50138034 300.16970212 332.70578374 447.51118491   0.
  26.69825392  55.18967889  95.97173952 121.43154535 131.5387546
 162.95986229 333.02014912  17.51101384  73.74814721  88.53384527
 363.95513866  55.72329507 251.32425496 272.3012639  360.05582284
 403.26861412 455.91652202]

All individuals: [(9, [ 7,  9, 15, 17, 34, 22, 37, 15, 25, 17, 18, 45,  6, 48,  3, 27, 10, 42, 46, 11, 26, 23, 36, 28,  4, 19, 14,  1, 33, 20, 13,  8, 29,  5, 16, 30, 31, 41,  7, 35, 39, 43,  2,  9, 44, 32, 47, 24, 12, 21, 38, 40], 1295.17831699, 1295.17831699, 0.,  0.        , 0.        , 0., 0, 0, 0.)
 (9, [ 7,  9, 15, 17, 34, 22, 37, 15, 25, 17, 18, 45,  6, 48,  3, 27, 10, 42, 46, 11, 26, 23, 36, 28,  4, 19, 14,  1, 33, 20, 13,  8, 29,  5, 16, 30, 31, 41,  7, 35, 39, 43,  2,  9, 44, 32, 47, 24, 12, 21, 38, 40], 1295.17831699, 1295.17831699, 0.,  0.        , 0.        , 0., 0, 0, 0.)
 (9, [ 7,  9, 15, 17, 34, 22, 37, 15, 25, 17, 18, 45,  6, 48,  3, 27, 10, 42, 46, 11, 26, 23, 36, 28,  4, 19, 14,  1, 33, 20, 13,  8, 29,  5, 16, 30, 31, 41,  7, 35, 39, 43,  2,  9, 44, 32, 47, 24, 12, 21, 38, 40], 1295.17831699, 1295.17831699, 0.,  0.        , 0.        , 0., 0, 0, 0.)
 (9, [ 7,  9, 15, 17, 34, 22, 37, 15, 25, 17, 18, 45,  6, 48,  3, 27, 10, 42, 46, 11, 26, 23, 36, 28,  4, 19, 14,  1, 33, 20, 13,  8, 29,  5, 16, 30, 31, 41,  7, 35, 39, 43,  2,  9, 44, 32, 47, 24, 12, 21, 38, 40], 1295.17831699, 1295.17831699, 0.,  0.        , 0.        , 0., 0, 0, 0.)
 (9, [ 7,  9, 15, 17, 34, 22, 37, 15, 25, 17, 18, 45,  6, 48,  3, 27, 10, 42, 46, 11, 26, 23, 36, 28,  4, 19, 14,  1, 33, 20, 13,  8, 29,  5, 16, 30, 31, 41,  7, 35, 39, 43,  2,  9, 44, 32, 47, 24, 12, 21, 38, 40], 1295.17831699, 1295.17831699, 0.,  0.        , 0.        , 0., 0, 0, 0.)
 (9, [ 7,  9, 15, 17, 34, 22, 37, 15, 25, 17, 18, 45,  6, 48,  3, 27, 10, 42, 46, 11, 26, 23, 36, 28,  4, 19, 14,  1, 33, 20, 13,  8, 29,  5, 16, 30, 31, 41,  7, 35, 39, 43,  2,  9, 44, 32, 47, 24, 12, 21, 38, 40], 1295.17831699, 1295.17831699, 0.,  0.        , 0.        , 0., 0, 0, 0.)
 (9, [ 7,  9, 15, 17, 34, 22, 37, 15, 25, 17, 18, 45,  6, 48,  3, 27, 10, 42, 46, 11, 26, 23, 36, 28,  4, 19, 14,  1, 33, 20, 13,  8, 29,  5, 16, 30, 31, 41,  7, 35, 39, 43,  2,  9, 44, 32, 47, 24, 12, 21, 38, 40], 1295.17831699, 1295.17831699, 0.,  0.        , 0.        , 0., 0, 0, 0.)
 (9, [ 7,  9, 15, 17, 34, 22, 37, 15, 25, 17, 18, 45,  6, 48,  3, 27, 10, 42, 46, 11, 26, 23, 36, 28,  4, 19, 14,  1, 33, 20, 13,  8, 29,  5, 16, 30, 31, 41,  7, 35, 39, 43,  2,  9, 44, 32, 47, 24, 12, 21, 38, 40], 1295.17831699, 1295.17831699, 0.,  0.        , 0.        , 0., 0, 0, 0.)
 (9, [ 7,  9, 15, 17, 34, 22, 37, 15, 25, 17, 18, 45,  6, 48,  3, 27, 10, 42, 46, 11, 26, 23, 36, 28,  4, 19, 14,  1, 33, 20, 13,  8, 29,  5, 16, 30, 31, 41,  7, 35, 39, 43,  2,  9, 44, 32, 47, 24, 12, 21, 38, 40], 1295.17831699, 1295.17831699, 0.,  0.        , 0.        , 0., 0, 0, 0.)
 (9, [ 7,  9, 15, 17, 34, 22, 37, 15, 25, 17, 18, 45,  6, 48,  3, 27, 10, 42, 46, 11, 26, 23, 36, 28,  4, 19, 14,  1, 33, 20, 13,  8, 29,  5, 16, 30, 31, 41,  7, 35, 39, 43,  2,  9, 44, 32, 47, 24, 12, 21, 38, 40], 1295.17831699, 1295.17831699, 0.,  0.        , 0.        , 0., 0, 0, 0.)
 (9, [ 7,  9, 15, 17, 34, 22, 37, 15, 25, 17, 18, 45,  6, 48,  3, 27, 10, 42, 46, 11, 26, 23, 36, 28,  4, 19, 14,  1, 33, 20, 13,  8, 29,  5, 16, 30, 31, 41,  7, 35, 39, 43,  2,  9, 44, 32, 47, 24, 12, 21, 38, 40], 1295.17831699, 1295.17831699, 0.,  0.        , 0.        , 0., 0, 0, 0.)
 (9, [ 7,  9, 15, 17, 34, 22, 37, 15, 25, 17, 18, 45,  6, 48,  3, 27, 10, 42, 46, 11, 26, 23, 36, 28,  4, 19, 14,  1, 33, 20, 13,  8, 29,  5, 16, 30, 31, 41,  7, 35, 39, 43,  2,  9, 44, 32, 47, 24, 12, 21, 38, 40], 1295.17831699, 1295.17831699, 0.,  0.        , 0.        , 0., 0, 0, 0.)
 (9, [ 7,  9, 15, 17, 34, 22, 37, 15, 25, 17, 18, 45,  6, 48,  3, 27, 10, 42, 46, 11, 26, 23, 36, 28,  4, 19, 14,  1, 33, 20, 13,  8, 29,  5, 16, 30, 31, 41,  7, 35, 39, 43,  2,  9, 44, 32, 47, 24, 12, 21, 38, 40], 1295.17831699, 1295.17831699, 0.,  0.        , 0.        , 0., 0, 0, 0.)
 (9, [ 7,  9, 15, 17, 34, 22, 37, 15, 25, 17, 18, 45,  6, 48,  3, 27, 10, 42, 46, 11, 26, 23, 36, 28,  4, 19, 14,  1, 33, 20, 13,  8, 29,  5, 16, 30, 31, 41,  7, 35, 39, 43,  2,  9, 44, 32, 47, 24, 12, 21, 38, 40], 1295.17831699, 1295.17831699, 0.,  0.        , 0.        , 0., 0, 0, 0.)
 (9, [ 7,  9, 15, 17, 34, 22, 37, 15, 25, 17, 18, 45,  6, 48,  3, 27, 10, 42, 46, 11, 26, 23, 36, 28,  4, 19, 14,  1, 33, 20, 13,  8, 29,  5, 16, 30, 31, 41,  7, 35, 39, 43,  2,  9, 44, 32, 47, 24, 12, 21, 38, 40], 1295.17831699, 1295.17831699, 0.,  0.        , 0.        , 0., 0, 0, 0.)
 (9, [ 7,  9, 15, 17, 34, 22, 37, 15, 25, 17, 18, 45,  6, 48,  3, 27, 10, 42, 46, 11, 26, 23, 36, 28,  4, 19, 14,  1, 33, 20, 13,  8, 29,  5, 16, 30, 31, 41,  7, 35, 39, 43,  2,  9, 44, 32, 47, 24, 12, 21, 38, 40], 1295.17831699, 1295.17831699, 0.,  0.        , 0.        , 0., 0, 0, 0.)
 (9, [ 7,  9, 15, 17, 34, 22, 37, 15, 25, 17, 18, 45,  6, 48,  3, 27, 10, 42, 46, 11, 26, 23, 36, 28,  4, 19, 14,  1, 33, 20, 13,  8, 29,  5, 16, 30, 31, 41,  7, 35, 39, 43,  2,  9, 44, 32, 47, 24, 12, 21, 38, 40], 1295.17831699, 1295.17831699, 0.,  0.        , 0.        , 0., 0, 0, 0.)
 (9, [ 7,  9, 15, 17, 34, 22, 37, 15, 25, 17, 18, 45,  6, 48,  3, 27, 10, 42, 46, 11, 26, 23, 36, 28,  4, 19, 14,  1, 33, 20, 13,  8, 29,  5, 16, 30, 31, 41,  7, 35, 39, 43,  2,  9, 44, 32, 47, 24, 12, 21, 38, 40], 1295.17831699, 1295.17831699, 0.,  0.        , 0.        , 0., 0, 0, 0.)
 (9, [ 7,  9, 15, 17, 34, 22, 37, 15, 25, 17, 18, 45,  6, 48,  3, 27, 10, 42, 46, 11, 26, 23, 36, 28,  4, 19, 14,  1, 33, 20, 13,  8, 29,  5, 16, 30, 31, 41,  7, 35, 39, 43,  2,  9, 44, 32, 47, 24, 12, 21, 38, 40], 1295.17831699, 1295.17831699, 0.,  0.        , 0.        , 0., 0, 0, 0.)
 (9, [ 7,  9, 15, 17, 34, 22, 37, 15, 25, 17, 18, 45,  6, 48,  3, 27, 10, 42, 46, 11, 26, 23, 36, 28,  4, 19, 14,  1, 33, 20, 13,  8, 29,  5, 16, 30, 31, 41,  7, 35, 39, 43,  2,  9, 44, 32, 47, 24, 12, 21, 38, 40], 1295.17831699, 1295.17831699, 0.,  0.        , 0.        , 0., 0, 0, 0.)
 (9, [ 7,  9, 15, 17, 34, 22, 37, 15, 25, 17, 18, 45,  6, 48,  3, 27, 10, 42, 46, 11, 26, 23, 36, 28,  4, 19, 14,  1, 33, 20, 13,  8, 29,  5, 16, 30, 31, 41,  7, 35, 39, 43,  2,  9, 44, 32, 47, 24, 12, 21, 38, 40], 1295.17831699, 1295.17831699, 0.,  0.        , 0.        , 0., 0, 0, 0.)
 (9, [ 7,  9, 15, 17, 34, 22, 37, 15, 25, 17, 18, 45,  6, 48,  3, 27, 10, 42, 46, 11, 26, 23, 36, 28,  4, 19, 14,  1, 33, 20, 13,  8, 29,  5, 16, 30, 31, 41,  7, 35, 39, 43,  2,  9, 44, 32, 47, 24, 12, 21, 38, 40], 1295.17831699, 1295.17831699, 0.,  0.        , 0.        , 0., 0, 0, 0.)
 (9, [ 7,  9, 15, 17, 34, 22, 37, 15, 25, 17, 18, 45,  6, 48,  3, 27, 10, 42, 46, 11, 26, 23, 36, 28,  4, 19, 14,  1, 33, 20, 13,  8, 29,  5, 16, 30, 31, 41,  7, 35, 39, 43,  2,  9, 44, 32, 47, 24, 12, 21, 38, 40], 1295.17831699, 1295.17831699, 0.,  0.        , 0.        , 0., 0, 0, 0.)
 (9, [ 7,  9, 15, 17, 34, 22, 37, 15, 25, 17, 18, 45,  6, 48,  3, 27, 10, 42, 46, 11, 26, 23, 36, 28,  4, 19, 14,  1, 33, 20, 13,  8, 29,  5, 16, 30, 31, 41,  7, 35, 39, 43,  2,  9, 44, 32, 47, 24, 12, 21, 38, 40], 1295.17831699, 1295.17831699, 0.,  0.        , 0.        , 0., 0, 0, 0.)
 (9, [ 7,  9, 15, 17, 34, 22, 37, 15, 25, 17, 18, 45,  6, 48,  3, 27, 10, 42, 46, 11, 26, 23, 36, 28,  4, 19, 14,  1, 33, 20, 13,  8, 29,  5, 16, 30, 31, 41,  7, 35, 39, 43,  2,  9, 44, 32, 47, 24, 12, 21, 38, 40], 1295.17831699, 1295.17831699, 0.,  0.        , 0.        , 0., 0, 0, 0.)
 (9, [ 7,  9, 15, 17, 34, 22, 37, 15, 25, 17, 18, 45,  6, 48,  3, 27, 10, 42, 46, 11, 26, 23, 36, 28,  4, 19, 14,  1, 33, 20, 13,  8, 29,  5, 16, 30, 31, 41,  7, 35, 39, 43,  2,  9, 44, 32, 47, 24, 12, 21, 38, 40], 1295.17831699, 1295.17831699, 0.,  0.        , 0.        , 0., 0, 0, 0.)
 (9, [ 7,  9, 15, 17, 34, 22, 37, 15, 25, 17, 18, 45,  6, 48,  3, 27, 10, 42, 46, 11, 26, 23, 36, 28,  4, 19, 14,  1, 33, 20, 13,  8, 29,  5, 16, 30, 31, 41,  7, 35, 39, 43,  2,  9, 44, 32, 47, 24, 12, 21, 38, 40], 1295.17831699, 1295.17831699, 0.,  0.        , 0.        , 0., 0, 0, 0.)
 (9, [ 7,  9, 15, 17, 34, 22, 37, 15, 25, 17, 18, 45,  6, 48,  3, 27, 10, 42, 46, 11, 26, 23, 36, 28,  4, 19, 14,  1, 33, 20, 13,  8, 29,  5, 16, 30, 31, 41,  7, 35, 39, 43,  2,  9, 44, 32, 47, 24, 12, 21, 38, 40], 1295.17831699, 1295.17831699, 0.,  0.        , 0.        , 0., 0, 0, 0.)
 (9, [ 7,  9, 15, 17, 34, 22, 37, 15, 25, 17, 18, 45,  6, 48,  3, 27, 10, 42, 46, 11, 26, 23, 36, 28,  4, 19, 14,  1, 33, 20, 13,  8, 29,  5, 16, 30, 31, 41,  7, 35, 39, 43,  2,  9, 44, 32, 47, 24, 12, 21, 38, 40], 1295.17831699, 1295.17831699, 0.,  0.        , 0.        , 0., 0, 0, 0.)
 (9, [ 7,  9, 15, 17, 34, 22, 37, 15, 25, 17, 18, 45,  6, 48,  3, 27, 10, 42, 46, 11, 26, 23, 36, 28,  4, 19, 14,  1, 33, 20, 13,  8, 29,  5, 16, 30, 31, 41,  7, 35, 39, 43,  2,  9, 44, 32, 47, 24, 12, 21, 38, 40], 1295.17831699, 1295.17831699, 0.,  0.        , 0.        , 0., 0, 0, 0.)
 (9, [ 7,  9, 15, 17, 34, 22, 37, 15, 25, 17, 18, 45,  6, 48,  3, 27, 10, 42, 46, 11, 26, 23, 36, 28,  4, 19, 14,  1, 33, 20, 13,  8, 29,  5, 16, 30, 31, 41,  7, 35, 39, 43,  2,  9, 44, 32, 47, 24, 12, 21, 38, 40], 1295.17831699, 1295.17831699, 0.,  0.        , 0.        , 0., 0, 0, 0.)
 (9, [ 7,  9, 15, 17, 34, 22, 37, 15, 25, 17, 18, 45,  6, 48,  3, 27, 10, 42, 46, 11, 26, 23, 36, 28,  4, 19, 14,  1, 33, 20, 13,  8, 29,  5, 16, 30, 31, 41,  7, 35, 39, 43,  2,  9, 44, 32, 47, 24, 12, 21, 38, 40], 1295.17831699, 1295.17831699, 0.,  0.        , 0.        , 0., 0, 0, 0.)
 (9, [ 7,  9, 15, 17, 34, 22, 37, 15, 25, 17, 18, 45,  6, 48,  3, 27, 10, 42, 46, 11, 26, 23, 36, 28,  4, 19, 14,  1, 33, 20, 13,  8, 29,  5, 16, 30, 31, 41,  7, 35, 39, 43,  2,  9, 44, 32, 47, 24, 12, 21, 38, 40], 1295.17831699, 1295.17831699, 0.,  0.        , 0.        , 0., 0, 0, 0.)
 (9, [ 7,  9, 15, 17, 34, 22, 37, 15, 25, 17, 18, 45,  6, 48,  3, 27, 10, 42, 46, 11, 26, 23, 36, 28,  4, 19, 14,  1, 33, 20, 13,  8, 29,  5, 16, 30, 31, 41,  7, 35, 39, 43,  2,  9, 44, 32, 47, 24, 12, 21, 38, 40], 1295.17831699, 1295.17831699, 0.,  0.        , 0.        , 0., 0, 0, 0.)
 (9, [ 7,  9, 15, 17, 34, 22, 37, 15, 25, 17, 18, 45,  6, 48,  3, 27, 10, 42, 46, 11, 26, 23, 36, 28,  4, 19, 14,  1, 33, 20, 13,  8, 29,  5, 16, 30, 31, 41,  7, 35, 39, 43,  2,  9, 44, 32, 47, 24, 12, 21, 38, 40], 1295.17831699, 1295.17831699, 0.,  0.        , 0.        , 0., 0, 0, 0.)
 (9, [ 7,  9, 15, 17, 34, 22, 37, 15, 25, 17, 18, 45,  6, 48,  3, 27, 10, 42, 46, 11, 26, 23, 36, 28,  4, 19, 14,  1, 33, 20, 13,  8, 29,  5, 16, 30, 31, 41,  7, 35, 39, 43,  2,  9, 44, 32, 47, 24, 12, 21, 38, 40], 1295.17831699, 1295.17831699, 0.,  0.        , 0.        , 0., 0, 0, 0.)
 (9, [ 7,  9, 15, 17, 34, 22, 37, 15, 25, 17, 18, 45,  6, 48,  3, 27, 10, 42, 46, 11, 26, 23, 36, 28,  4, 19, 14,  1, 33, 20, 13,  8, 29,  5, 16, 30, 31, 41,  7, 35, 39, 43,  2,  9, 44, 32, 47, 24, 12, 21, 38, 40], 1295.17831699, 1295.17831699, 0.,  0.        , 0.        , 0., 0, 0, 0.)
 (9, [ 7,  9, 15, 17, 34, 22, 37, 15, 25, 17, 18, 45,  6, 48,  3, 27, 10, 42, 46, 11, 26, 23, 36, 28,  4, 19, 14,  1, 33, 20, 13,  8, 29,  5, 16, 30, 31, 41,  7, 35, 39, 43,  2,  9, 44, 32, 47, 24, 12, 21, 38, 40], 1295.17831699, 1295.17831699, 0.,  0.        , 0.        , 0., 0, 0, 0.)
 (9, [ 7,  9, 15, 17, 34, 22, 37, 15, 25, 17, 18, 45,  6, 48,  3, 27, 10, 42, 46, 11, 26, 23, 36, 28,  4, 19, 14,  1, 33, 20, 13,  8, 29,  5, 16, 30, 31, 41,  7, 35, 39, 43,  2,  9, 44, 32, 47, 24, 12, 21, 38, 40], 1295.17831699, 1295.17831699, 0.,  0.        , 0.        , 0., 0, 0, 0.)
 (9, [ 7,  9, 15, 17, 34, 22, 37, 15, 25, 17, 18, 45,  6, 48,  3, 27, 10, 42, 46, 11, 26, 23, 36, 28,  4, 19, 14,  1, 33, 20, 13,  8, 29,  5, 16, 30, 31, 41,  7, 35, 39, 43,  2,  9, 44, 32, 47, 24, 12, 21, 38, 40], 1295.17831699, 1295.17831699, 0.,  0.        , 0.        , 0., 0, 0, 0.)
 (9, [ 7,  9, 15, 17, 34, 22, 37, 15, 25, 17, 18, 45,  6, 48,  3, 27, 10, 42, 46, 11, 26, 23, 36, 28,  4, 19, 14,  1, 33, 20, 13,  8, 29,  5, 16, 30, 31, 41,  7, 35, 39, 43,  2,  9, 44, 32, 47, 24, 12, 21, 38, 40], 1295.17831699, 1295.17831699, 0.,  0.        , 0.        , 0., 0, 0, 0.)
 (9, [ 7,  9, 15, 17, 34, 22, 37, 15, 25, 17, 18, 45,  6, 48,  3, 27, 10, 42, 46, 11, 26, 23, 36, 28,  4, 19, 14,  1, 33, 20, 29,  8, 13,  5, 16, 30, 31, 41,  7, 35, 39, 43,  2,  9, 44, 32, 47, 24, 12, 21, 38, 40], 1298.5047337 , 1294.97278308, 0.,  1.76597531, 0.        , 0., 0, 0, 0.)
 (9, [ 7,  9, 15, 17, 34, 22, 37, 15, 25, 17, 18, 45,  6, 48,  3, 27, 10, 42, 46, 11, 26, 23, 36, 28,  4, 14, 19,  1, 33, 20, 13,  8, 29,  5, 16, 30, 31, 41,  7, 35, 39, 43,  2,  9, 44, 32, 47, 24, 12, 21, 38, 40], 1314.20582715, 1314.20582715, 0.,  0.        , 0.        , 0., 0, 0, 0.)
 (9, [ 7,  9, 15, 17, 34, 22, 37, 15, 25, 17, 18, 45,  6, 48,  3, 27, 10, 42, 46, 11, 26, 23, 36, 28,  4, 14, 19,  1, 33, 20, 13,  8, 29,  5, 16, 30, 31, 41,  7, 35, 39, 43,  2,  9, 44, 32, 47, 24, 12, 21, 38, 40], 1314.20582715, 1314.20582715, 0.,  0.        , 0.        , 0., 0, 0, 0.)
 (9, [ 7,  9, 15, 17, 34, 22, 37, 15, 25, 17, 18, 45,  6, 48,  3, 27, 10, 42, 46, 11, 26, 23, 36, 28,  4, 14, 19,  1, 33, 20, 13,  8, 29,  5, 16, 30, 31, 41,  7, 35, 39, 43,  2,  9, 44, 32, 47, 24, 12, 21, 38, 40], 1314.20582715, 1314.20582715, 0.,  0.        , 0.        , 0., 0, 0, 0.)
 (9, [ 7,  9, 15, 17, 34, 22, 37, 15, 25, 17, 18, 45,  6, 48,  3, 27, 10, 42, 46, 11, 26, 23, 36, 28,  4, 14, 19,  1, 33, 20, 13,  8, 29,  5, 16, 30, 31, 41,  7, 35, 39, 43,  2,  9, 44, 32, 47, 24, 12, 21, 38, 40], 1314.20582715, 1314.20582715, 0.,  0.        , 0.        , 0., 0, 0, 0.)
 (9, [ 7,  9, 15, 17, 34, 22, 37, 15, 25, 17, 18, 45,  6, 48,  3, 27, 10, 42, 46, 11, 26, 23, 36, 28,  4, 14, 19,  1, 33, 20, 13,  8, 29,  5, 16, 30, 31, 41,  7, 35, 39, 43,  2,  9, 44, 32, 47, 24, 12, 21, 38, 40], 1314.20582715, 1314.20582715, 0.,  0.        , 0.        , 0., 0, 0, 0.)
 (9, [ 7,  9, 15, 17, 34, 22, 37, 15, 25, 17, 18, 45,  6, 48,  3, 11, 10, 42, 46, 27, 26, 23, 36, 28,  4, 19, 14,  1, 33, 20, 13,  8, 29,  5, 16, 30, 31, 41,  7, 35, 39, 43,  2,  9, 44, 32, 47, 24, 12, 21, 38, 40], 1330.16159075, 1330.16159075, 0.,  0.        , 0.        , 0., 0, 0, 0.)
 (9, [ 7,  9, 15, 17, 34, 22, 37, 15, 25, 17, 18, 45,  6, 48,  3, 10, 42, 46, 11, 27, 26, 23, 36, 28,  4, 19, 14,  1, 33, 20, 13,  8, 29,  5, 16, 30, 31, 41,  7, 35, 39, 43,  2,  9, 44, 32, 47, 24, 12, 21, 38, 40], 1333.21142014, 1333.21142014, 0.,  0.        , 0.        , 0., 0, 0, 0.)
 (9, [ 7,  9, 15, 17, 34, 22, 37, 15, 25, 17, 18, 45,  6, 48,  3, 27, 10, 42, 46, 11, 26, 23, 36, 28,  4, 19, 14,  1, 33, 20, 13,  8, 29,  5, 16, 30, 32, 31, 41,  7, 35, 39, 43,  2,  9, 44, 47, 24, 12, 21, 38, 40], 1336.93614291, 1336.93614291, 0.,  0.        , 0.        , 0., 0, 0, 0.)
 (9, [ 7,  9, 15, 17, 34, 22, 37, 15, 25, 17, 18, 45,  6, 48,  3, 27, 10, 42, 46, 11, 23, 26, 36, 28,  4, 19, 14,  1, 33, 20, 13,  8, 29,  5, 16, 30, 31, 41,  7, 35, 39, 43,  2,  9, 44, 32, 47, 24, 12, 21, 38, 40], 1344.03926767, 1363.10714183, 0.,  0.        , 0.        , 0., 0, 0, 0.)
 (9, [ 7,  9, 15, 17, 34, 22, 37, 15, 25, 17, 18, 45, 10, 48,  3, 27,  6, 42, 46, 11, 26, 23, 36, 28,  4, 19, 14,  1, 33, 20, 13,  8, 29,  5, 16, 30, 31, 41,  7, 35, 39, 43,  2,  9, 44, 32, 47, 24, 12, 21, 38, 40], 1354.10833461, 1354.10833461, 0.,  0.        , 0.        , 0., 0, 0, 0.)
 (9, [ 7,  9, 15, 17, 34, 22, 37, 15, 25, 17, 18, 45, 10, 48,  3, 27,  6, 42, 46, 11, 26, 23, 36, 28,  4, 19, 14,  1, 33, 20, 13,  8, 29,  5, 16, 30, 31, 41,  7, 35, 39, 43,  2,  9, 44, 32, 47, 24, 12, 21, 38, 40], 1354.10833461, 1354.10833461, 0.,  0.        , 0.        , 0., 0, 0, 0.)
 (9, [ 7,  9, 15, 17, 34, 22, 37, 15, 25, 17, 18, 45,  6, 48,  3, 27, 10, 42, 46, 11, 26, 23, 36, 28,  4, 19, 14,  1, 33, 20, 13,  8, 29,  5, 16, 30, 31, 41,  7, 35, 39, 43,  2, 38,  9, 44, 32, 47, 24, 12, 21, 40], 1359.22136757, 1359.22136757, 0.,  0.        , 0.        , 0., 0, 0, 0.)
 (9, [ 7,  9, 15, 17, 34, 22, 37, 15, 25, 17, 18, 45,  6, 48,  3, 27, 10, 42, 46, 11, 26, 23, 36, 28,  4, 19, 33,  1, 14, 20, 13,  8, 29,  5, 16, 30, 31, 41,  7, 35, 39, 43,  2,  9, 44, 32, 47, 24, 12, 21, 38, 40], 1370.37023541, 1370.37023541, 0.,  0.        , 0.        , 0., 0, 0, 0.)
 (9, [ 7,  9, 15, 17, 34, 22, 37, 15, 25, 17, 18, 45,  6, 48,  3, 27, 10, 42, 46, 11, 26, 23, 36, 28, 33, 19, 14,  1,  4, 20, 13,  8, 29,  5, 16, 30, 31, 41,  7, 35, 39, 43,  2,  9, 44, 32, 47, 24, 12, 21, 38, 40], 1396.11971128, 1431.01736291, 0.,  0.        , 0.        , 0., 0, 0, 0.)
 (9, [ 7,  9, 15, 17, 34, 22, 37, 15, 25, 17, 18, 45,  6, 48,  3, 27, 10, 42, 46, 11, 26, 36, 28,  4, 19, 14, 33, 20, 13,  8, 29, 23,  1,  5, 16, 30, 31, 41,  7, 35, 39, 43,  2,  9, 44, 32, 47, 24, 12, 21, 38, 40], 1401.96622258, 1453.57023683, 0.,  0.        , 0.        , 0., 0, 0, 0.)
 (9, [ 7,  9, 15, 17, 34, 22, 37, 15, 25, 17, 18, 45,  6, 48,  3, 27, 10, 42, 46, 11, 26, 23, 36, 29,  4, 19, 14,  1, 33, 20, 13,  8, 28,  5, 16, 30, 31, 41,  7, 35, 39, 43,  2,  9, 44, 32, 47, 24, 12, 21, 38, 40], 1411.78002325, 1411.78002325, 0.,  0.        , 0.        , 0., 0, 0, 0.)
 (9, [ 7,  9, 15, 17, 34, 41, 37, 15, 25, 17, 18, 45,  6, 48,  3, 27, 10, 42, 46, 11, 26, 23, 36, 28,  4, 19, 14,  1, 33, 20, 13,  8, 29,  5, 16, 30, 31, 22,  7, 35, 39, 43,  2,  9, 44, 32, 47, 24, 12, 21, 38, 40], 1418.78716961, 1418.78716961, 0.,  0.        , 0.        , 0., 0, 0, 0.)
 (9, [ 7, 12, 12, 17, 34, 22, 37, 15, 25, 17, 18, 45,  6, 48,  3, 27, 10, 42, 46, 11, 28, 23, 36, 26,  4, 19, 14,  1, 33, 20, 13,  8, 29,  5, 16, 30, 31, 41,  7, 35, 39, 43,  2,  9, 44, 32, 47, 24, 12, 21, 38, 40], 1426.63737824, 1426.63737824, 0.,  0.        , 0.        , 0., 0, 0, 0.)
 (9, [ 7,  9, 15, 17, 34, 22, 37, 15, 25, 17, 18, 45,  6, 48,  3, 27, 10, 42, 46, 11, 26, 23, 36, 28,  4, 19, 14,  1, 33, 20, 13,  8, 29,  5, 16, 30, 31, 41,  7, 35, 39, 43,  2,  9, 24, 32, 47, 44, 12, 21, 38, 40], 1441.41610853, 1441.41610853, 0.,  0.        , 0.        , 0., 0, 0, 0.)
 (9, [ 7,  9, 15, 17, 34, 22, 37, 15, 25, 17, 18, 45,  6, 48,  3, 27, 10, 42, 46, 11, 26, 23, 36,  4, 19, 29, 14,  1, 33, 20, 13,  8, 28,  5, 16, 30, 31, 41,  7, 35, 39, 43,  2,  9, 44, 32, 47, 24, 12, 21, 38, 40], 1455.18277238, 1455.18277238, 0.,  0.        , 0.        , 0., 0, 0, 0.)
 (9, [ 7,  9, 15, 17, 34, 22, 37, 15, 25, 17, 18, 45,  6, 48,  3, 27, 10, 42, 46, 11,  4, 23, 36, 28, 26, 19, 14,  1, 20, 33, 13,  8, 29,  5, 16, 30, 31, 41,  7, 35, 39, 43,  2,  9, 44, 32, 47, 24, 12, 21, 38, 40], 1460.76410508, 1460.76410508, 0.,  0.        , 0.        , 0., 0, 0, 0.)
 (9, [ 8,  9, 14, 17, 34, 22, 37, 15, 25, 17, 18, 45,  6, 48,  3, 27, 10, 42, 46, 11, 36, 23, 26, 28,  4, 19, 14,  1, 33, 20, 13,  8, 29,  5, 16, 30, 31, 41,  7, 35, 39, 43,  2,  9, 44, 32, 47, 24, 12, 21, 38, 40], 1465.3476857 , 1494.11192345, 0.,  0.        , 0.        , 0., 0, 0, 0.)
 (9, [ 7,  9, 15, 17, 34, 22, 37, 15, 25, 17, 18, 45,  6, 48,  3, 27, 10, 42, 46, 11, 26, 23, 36, 28,  4, 19, 14, 31, 33, 20, 13,  8, 29,  5, 16, 30,  1, 41,  7, 35, 39, 43,  2,  9, 44, 32, 47, 24, 12, 21, 38, 40], 1480.23968265, 1480.23968265, 0.,  0.        , 0.        , 0., 0, 0, 0.)
 (9, [ 7,  8, 16, 17, 34, 22, 37, 15, 25, 17, 18, 45,  6, 48,  3, 27, 10, 42, 46,  5, 26, 23, 36, 28,  4, 19, 14,  1, 33, 20, 13,  8, 29, 11, 16, 30, 31, 41,  7, 35, 39, 43,  2,  9, 44, 32, 47, 24, 12, 21, 38, 40], 1492.21811161, 1492.21811161, 0.,  0.        , 0.        , 0., 0, 0, 0.)
 (9, [ 7,  9, 15, 17, 34, 22, 37, 15, 25, 17, 18, 45,  6, 48,  3, 27, 10, 42, 46, 21, 26, 23, 36, 28,  4, 14, 19,  1, 33, 20, 13,  8, 29,  5, 16, 30, 31, 41,  7, 35, 39, 43,  2,  9, 44, 32, 47, 24, 12, 11, 38, 40], 1509.74653717, 1564.77853946, 0.,  0.        , 0.        , 0., 0, 0, 0.)
 (9, [ 7,  9, 15, 17, 34, 22, 37, 15, 25, 17, 18, 45,  6, 48,  3, 27, 10, 42, 46, 11, 26, 23, 36, 28,  4, 19, 14, 31, 33, 20,  1, 13,  8, 29,  5,  2, 16, 30, 41,  7, 35, 39, 43,  9, 44, 32, 47, 24, 12, 21, 38, 40], 1517.80071117, 1517.80071117, 0.,  0.        , 0.        , 0., 0, 0, 0.)
 (9, [ 7,  9, 15, 17, 34, 22, 37, 15, 25, 17, 18, 45,  6, 48,  3, 14, 10, 42, 46, 11, 26, 23, 36, 28,  4, 19, 27,  1, 33, 20, 13,  8, 29,  5, 16, 30, 31, 41,  7, 35, 39, 43,  2,  9, 44, 32, 47, 24, 12, 21, 38, 40], 1518.47128085, 1518.47128085, 0.,  0.        , 0.        , 0., 0, 0, 0.)
 (9, [ 7,  9, 15, 17, 34, 22, 37, 15, 25, 17, 18, 45,  6, 48,  3, 27, 10, 42, 46, 11, 26, 23, 36, 28,  4, 19, 14,  1, 41, 20, 13,  8, 29,  5, 16, 30, 31, 33,  7, 35, 39, 43,  2,  9, 44, 32, 47, 24, 12, 21, 38, 40], 1529.59865334, 1601.38163281, 0.,  0.        , 0.        , 0., 0, 0, 0.)
 (9, [ 9,  8, 14, 17, 34, 22, 37, 15, 25, 17, 18, 45,  6, 48,  3, 27, 10, 42, 46, 11, 26, 23, 36, 28,  4, 19, 14,  1, 33, 20, 13,  8, 29,  5, 16, 30, 31, 41,  7, 35, 44, 43,  2,  9, 39, 32, 47, 24, 12, 21, 38, 40], 1549.10305356, 1549.10305356, 0.,  0.        , 0.        , 0., 0, 0, 0.)
 (9, [ 8,  8, 16, 16, 34, 22, 37, 15, 25, 40, 18, 45,  6, 48,  3, 27, 10, 42, 46, 11, 26, 23, 38, 36, 28,  4, 19, 14,  1, 33, 20, 13,  8, 29,  5, 16, 30, 31, 41,  7, 35, 39, 43,  9, 44, 32, 47, 24, 12, 21,  2, 17], 1570.91510777, 1589.98298193, 0.,  0.        , 0.        , 0., 0, 0, 0.)
 (9, [ 8,  8, 15, 17, 34, 37, 15, 25, 17, 18, 45,  6, 48,  3, 27, 10, 42, 46, 11, 23, 22, 26, 36, 28,  4, 19, 14,  1, 33, 20, 13,  8, 29,  5, 16, 30, 31, 41,  7, 35, 39, 43,  2,  9, 44, 32, 47, 24, 12, 21, 38, 40], 1581.38845334, 1600.4563275 , 0.,  0.        , 0.        , 0., 0, 0, 0.)
 (9, [ 7,  9, 15, 17, 34, 22, 37, 15, 25, 17, 18, 24,  6, 48,  3, 27, 10, 42, 46, 11, 26, 23, 36, 28,  4, 19, 14,  1, 33, 20, 13,  8, 29,  5, 16, 30, 31, 41,  7, 35, 39, 43,  2,  9, 44, 32, 47, 45, 12, 21, 38, 40], 1581.61103781, 1581.61103781, 0.,  0.        , 0.        , 0., 0, 0, 0.)
 (9, [ 7,  9, 15, 17, 34, 22, 37, 15, 25, 17, 18, 45,  6, 48,  3, 27, 16, 42, 46, 11, 26, 23, 36, 28,  4, 19, 14,  1, 33, 20, 13,  8, 29,  5, 10, 30, 31, 41,  7, 35, 39, 43,  2,  9, 44, 32, 47, 24, 21, 12, 38, 40], 1583.15466094, 1570.22228131, 0.,  6.46618982, 0.        , 0., 0, 0, 0.)
 (9, [ 7,  9, 15, 17, 34, 22, 37, 15, 25, 17, 18, 45,  6, 48,  3, 27, 10, 42, 46, 11, 26, 23, 36, 28,  4, 19, 14,  1, 33, 20,  2,  8, 29,  5, 16, 30, 31, 41,  7, 35, 39, 43, 13,  9, 44, 32, 47, 24, 12, 21, 38, 40], 1592.09900004, 1677.53888914, 0.,  1.25233643, 0.        , 0., 0, 0, 0.)
 (9, [ 7,  9, 15, 17, 34, 22, 37, 15, 25, 16, 18, 45,  6, 48,  3, 27, 10, 42, 46, 11, 26, 23, 36, 28,  4, 19, 14,  1, 33, 20, 13,  8, 29,  5, 17, 30, 31, 41,  7, 40, 39, 43,  2,  9, 44, 32, 21, 24, 12, 47, 38, 35], 1601.79058193, 1670.22772468, 0.,  0.        , 0.        , 0., 0, 0, 0.)
 (9, [ 7,  9, 15, 17, 29, 22, 37, 15, 25, 17, 18, 45,  6, 48,  3, 27, 10, 42, 46, 11, 26, 23, 36, 28,  4, 19, 14,  1, 33, 20, 13,  8, 34,  5, 16, 30, 31, 41,  7, 35, 39, 43,  2,  9, 44, 32, 47, 24, 12, 21, 38, 40], 1625.54655166, 1625.54655166, 0.,  0.        , 0.        , 0., 0, 0, 0.)
 (9, [ 7,  9, 15, 17, 34, 22, 37, 15, 25, 18, 45,  6, 48,  3, 27, 10, 42, 46, 11, 26, 23, 36, 28, 16,  4, 19, 14,  1, 33, 20, 13,  8, 29,  5, 17, 30, 31, 41,  7, 35, 39, 43,  2,  9, 44, 32, 21, 24, 12, 47, 38, 40], 1649.08075985, 1717.5179026 , 0.,  0.        , 0.        , 0., 0, 0, 0.)
 (9, [ 8, 11, 15, 14, 34, 22, 37, 15, 25, 17, 18, 45,  6, 48,  3, 27, 10, 42, 46, 11, 23, 26, 36, 28,  4, 19,  1, 14, 33, 20, 13,  8, 29,  5, 16, 30, 31, 41,  7, 35, 39, 43,  2,  9, 44, 32, 47, 24, 12, 21, 38, 40], 1656.89207403, 1709.04087004, 0., 35.37461798, 0.        , 0., 0, 0, 0.)
 (9, [ 8, 10, 14, 16, 34, 22, 37, 15, 25, 17, 18, 45,  6, 48,  3, 27, 10, 42, 43, 11, 26, 23, 36, 28,  4, 19, 14,  1, 33, 20, 13,  8, 29,  5, 16, 30, 31, 41,  7, 35, 39, 46,  2,  9, 44, 32, 47, 24, 12, 21, 38, 40], 1672.0998035 , 1692.86836002, 0.,  3.86021267, 0.        , 0., 0, 0, 0.)
 (9, [ 7,  9, 15, 17, 34, 22, 37, 15, 25, 16, 18, 45,  6, 48,  3, 27, 17, 10, 42, 46, 11, 26, 23, 36, 28,  4, 19, 14,  1, 33, 20, 13,  8, 29,  5, 30, 31, 41,  7, 35, 39, 43,  2,  9, 44, 32, 47, 24, 12, 21, 38, 40], 1674.94165595, 1674.94165595, 0.,  0.        , 0.        , 0., 0, 0, 0.)
 (9, [ 8,  8, 15, 17, 34, 30, 37, 15, 25, 17, 18, 45,  6, 48,  3, 27, 10, 42, 46, 11, 26, 23, 36, 28,  4, 19, 14,  1, 33, 20, 13,  8, 29,  5,  2, 16, 22, 31, 41,  7, 35, 39, 43,  9, 44, 32, 47, 24, 12, 21, 38, 40], 1697.45067219, 1697.45067219, 0.,  0.        , 0.        , 0., 0, 0, 0.)
 (9, [ 7,  9, 15, 17, 34, 22, 37, 15, 25,  4, 18, 45,  6, 48,  3, 27, 10, 42, 46, 11, 26, 23, 36, 28, 17, 14, 19,  1, 33, 20, 13,  8, 29,  5, 31, 16, 30, 41,  7, 35, 39, 43,  2,  9, 44, 32, 47, 24, 12, 21, 38, 40], 1725.4039122 , 1725.4039122 , 0.,  0.        , 0.        , 0., 0, 0, 0.)
 (9, [ 7,  9, 15, 17, 34, 22, 37, 11, 20, 17, 18, 45,  6, 48, 25,  3, 27, 10, 42, 46, 15, 26, 36, 28,  4, 19, 14,  1, 33, 13,  8, 29,  5, 16, 30, 23, 31, 41,  7, 35, 39, 43,  2,  9, 44, 32, 47, 24, 21, 12, 38, 40], 1751.27382448, 1757.40931901, 0.,  6.46618982, 0.        , 0., 0, 0, 0.)
 (9, [ 6,  8, 16, 18, 34, 22, 37, 15, 25, 17, 18, 45,  6, 48,  3, 27, 10, 42, 46, 11, 26, 23, 36, 28,  4, 19, 14,  1, 33, 20, 13,  8, 29,  5, 16, 30, 31, 41,  7, 35, 39, 43,  2,  9, 44, 32, 47, 24, 12, 21, 38, 40], 1763.30444254, 1763.30444254, 0.,  0.        , 0.        , 0., 0, 0, 0.)
 (9, [ 8, 10, 15, 15, 34, 22, 37, 15, 25, 17, 18, 45,  6, 48,  3, 27, 10, 42, 46, 11, 26, 23, 36, 28,  4, 19, 14,  1, 33, 20, 13,  8, 29,  5, 16, 30, 31, 41,  7, 35, 39, 43,  2,  9, 44, 38, 47, 24, 12, 21, 32, 40], 1766.39678478, 1785.46465894, 0.,  0.        , 0.        , 0., 0, 0, 0.)
 (9, [ 8,  9, 14, 17, 34, 22, 37, 15, 25, 18, 45,  6, 48,  3, 27, 10, 17, 42, 46, 11, 26, 23, 36, 28,  4, 19, 14,  1, 33, 20, 13,  8, 29,  5, 16, 41, 31, 30,  7, 35, 39, 43,  2,  9, 44, 32, 47, 24, 12, 21, 38, 40], 1766.63116765, 1766.63116765, 0.,  0.        , 0.        , 0., 0, 0, 0.)
 (9, [ 7,  8, 16, 17, 34, 22, 37, 15, 25, 17, 18, 45,  6, 48,  3, 27, 10, 42, 46, 11, 26, 23,  2, 28,  4, 19, 14, 47, 33, 20, 13,  8, 29,  5, 16, 30, 31, 41,  7, 35, 39, 43, 36,  9, 44, 32,  1, 24, 12, 21, 38, 40], 1823.99539387, 1823.99539387, 0.,  0.        , 0.        , 0., 0, 0, 0.)
 (9, [ 8,  8, 17, 15, 34, 22, 37, 15, 25, 16, 18, 24,  6, 48,  3, 27, 10, 42, 46, 11, 26, 23, 36, 28,  4, 19, 14,  1, 33, 20, 13,  8, 29,  5, 17, 30, 31, 41,  7, 35, 39, 43,  2,  9, 44, 32, 21, 45, 12, 47, 38, 40], 1851.69311687, 1851.69311687, 0.,  0.        , 0.        , 0., 0, 0, 0.)
 (9, [ 9,  8, 14, 17, 34, 22, 37, 15, 25, 17, 18, 45,  6, 48,  3, 27, 10, 42, 43, 11, 26, 23, 36, 28,  4, 19, 14,  1, 33, 20, 13,  8, 29,  5, 46, 16, 30, 31, 41,  7, 35, 39, 32,  2,  9, 44, 47, 24, 12, 21, 38, 40], 1855.64126612, 1855.64126612, 0.,  0.        , 0.        , 0., 0, 0, 0.)
 (9, [ 9,  8, 13, 18, 38, 22, 37, 15, 25, 17, 18, 45,  6, 48,  3, 27, 10, 42, 46, 11, 26, 23, 36, 28,  4, 19, 14,  1, 33, 20, 13,  8, 29,  5, 16, 30, 31, 41,  7, 35, 39, 43,  2,  9, 44, 32, 47, 24, 12, 21, 34, 40], 1877.07963222, 1877.07963222, 0.,  0.        , 0.        , 0., 0, 0, 0.)
 (9, [ 8,  8, 13, 19, 34, 22, 37, 15, 25, 17, 18, 45,  6, 48,  3, 27, 10, 42, 46, 11, 26, 23, 36, 28,  4, 19, 14,  1, 33, 38, 13,  8, 29,  5, 16, 30, 31, 41,  7, 35, 39, 43,  2,  9, 44, 32, 47, 24, 12, 21, 20, 40], 1882.86664436, 1882.86664436, 0.,  0.        , 0.        , 0., 0, 0, 0.)
 (9, [ 9,  9, 15, 15, 34, 22, 37, 15, 25, 16, 31, 45,  6, 48,  3, 27, 10, 42, 18, 46, 39, 26, 23, 36, 28,  4, 19, 14,  1, 33, 20, 13,  8, 29,  5, 17, 30, 41,  7, 35, 11, 43,  2,  9, 44, 32, 47, 24, 12, 21, 38, 40], 1896.75906117, 1896.75906117, 0.,  0.        , 0.        , 0., 0, 0, 0.)
 (9, [ 7, 10, 15, 16, 34, 22, 37, 15, 25, 17, 18, 38, 10, 48,  3, 27,  6, 42, 46, 11, 26, 23, 36, 28,  4, 19, 14,  1, 33, 20, 13,  8, 29,  5, 16, 30, 31, 41,  7, 35, 39, 43,  2,  9, 44, 32, 47, 24, 12, 21, 45, 40], 1900.96801077, 1900.96801077, 0.,  0.        , 0.        , 0., 0, 0, 0.)
 (9, [ 8,  9, 14, 17, 34, 22, 37, 15, 25, 17, 18, 45,  6, 48,  3, 27, 10, 20, 46, 11, 26, 23, 36, 28,  4, 19, 14,  1, 33, 42, 13,  8, 29,  5, 16, 30, 31, 41,  7, 35, 39, 43,  2,  9, 44, 32, 47, 24, 12, 21, 38, 40], 1913.07651618, 1913.07651618, 0.,  0.        , 0.        , 0., 0, 0, 0.)
 (9, [ 5, 10, 15, 18, 34, 22, 37, 15, 25, 17, 18, 45,  6, 48, 26, 27, 10, 42, 46, 11,  3, 23, 36, 28,  4, 19, 14,  1, 33, 20, 13,  8, 29,  5, 16, 30, 31, 41,  7, 35, 39, 43,  2,  9, 44, 32, 47, 24, 12, 21, 38, 40], 1917.62736198, 1917.62736198, 0.,  0.        , 0.        , 0., 0, 0, 0.)
 (9, [ 8,  9, 13, 18, 29, 22, 37, 15, 25, 17, 18, 45,  6, 48,  3, 27, 10, 42, 46, 11, 26, 23, 36, 28,  4, 19, 14,  1, 33, 20, 13,  8, 34,  5, 16, 30, 31, 41,  7, 35, 39, 43,  2,  9, 44, 32, 47, 24, 12, 21, 38, 40], 1919.45369636, 1919.45369636, 0.,  0.        , 0.        , 0., 0, 0, 0.)
 (9, [ 8, 11, 12, 17, 34, 22, 37, 42, 17, 18, 25, 45,  6, 48,  3, 27, 10, 15, 46, 11, 26, 36, 28,  4, 19, 14,  1, 33, 20, 13,  8, 29,  5, 16, 30, 23, 31, 41,  7, 35, 39, 43,  2,  9, 44, 32, 47, 24, 12, 21, 38, 40], 1928.75097318, 2102.96697765, 0.,  0.        , 8.38189322, 0., 0, 0, 0.)
 (9, [ 6, 12, 15, 15, 34, 22,  1, 15, 25, 17, 18, 45,  6, 48,  3, 27, 10, 42, 46, 11, 26, 23, 36, 28,  4, 19, 14, 37, 33, 20, 13,  8, 29,  5, 16, 30, 31, 41,  7, 35, 39, 43,  2,  9, 44, 32, 47, 24, 12, 21, 38, 40], 1944.38700608, 1963.45488025, 0.,  0.        , 0.        , 0., 0, 0, 0.)]