
Total Runtime in seconds: 159.03858423233032Parameters:
population_size: 100, max_generations: 1000, executed generations: 1000, threshold_no_improvement: 500
target feasible proportion: 25
fitness_scaling: power_rank, selection_method: n_tournaments
p_c: 0.6, p_m: 0.25
tournament_size: 2, n_elite: 10
survivor_selection_step: 200, p_selection_survival: 0.7
kill clone step: 100
diversify_step: 300, diversify_step: 300, p_diversify_survival: 0.3
n_closest_neighbors: 3, diversity_weight: 0.5, distance_method: broken_pairs_distance
capacity_penalty_factor: 2, duration_penalty_factor 2, time_window_penalty: 2
Best fitness all generations, best individual before/after local search: 1430.153553985941, 1430.153553985941 / 1430.153553985941
Best individual found before local search: (93, [ 9, 11, 13, 15, 35, 32, 37,  9, 42, 46, 48,  3, 11, 10, 34,  7, 41,  4,  1, 19, 45,  6, 27, 22,  5, 18, 16, 26, 25, 15, 30, 23, 13, 33, 20,  8, 29,  2, 28, 14, 36, 24, 12, 38, 40, 17, 39, 44, 31, 47, 21, 43], 1430.15355399, 1481.07876501, 0., 0., 0., 0., 0, 0, 0.)
Best individual found after local search: (93, [ 9, 11, 13, 15, 35, 32, 37,  9, 42, 46, 48,  3, 11, 10, 34,  7, 41,  4,  1, 19, 45,  6, 27, 22,  5, 18, 16, 26, 25, 15, 30, 23, 13, 33, 20,  8, 29,  2, 28, 14, 36, 24, 12, 38, 40, 17, 39, 44, 31, 47, 21, 43], 1430.15355399, 1481.07876501, 0., 0., 0., 0., 0, 0, 0.)
Best feasible individual found: (93, [ 9, 11, 13, 15, 35, 32, 37,  9, 42, 46, 48,  3, 11, 10, 34,  7, 41,  4,  1, 19, 45,  6, 27, 22,  5, 18, 16, 26, 25, 15, 30, 23, 13, 33, 20,  8, 29,  2, 28, 14, 36, 24, 12, 38, 40, 17, 39, 44, 31, 47, 21, 43], 1430.15355399, 1481.07876501, 0., 0., 0., 0., 0, 0, 0.)

Fitness stats min: [3444.0132388  3254.14915449 3254.14915449 3238.55022983 3238.55022983
 3164.05831564 2961.65592343 2961.65592343 2950.94615635 2950.94615635
 2943.59916005 2943.59916005 2866.60586905 2777.08751807 2777.08751807
 2767.60926023 2684.04664737 2684.04664737 2684.04664737 2624.86382624
 2624.86382624 2597.80300581 2597.80300581 2593.83164419 2534.11422489
 2534.11422489 2476.02391311 2476.02391311 2476.02391311 2248.92008071
 2248.92008071 2248.92008071 2248.92008071 2248.92008071 2248.92008071
 2248.92008071 2248.92008071 2248.92008071 2248.92008071 2248.92008071
 2248.92008071 2248.92008071 2245.42283496 2245.42283496 2245.42283496
 2245.42283496 2245.42283496 2245.42283496 2245.42283496 2245.42283496
 2245.42283496 2245.42283496 2245.42283496 2245.42283496 2229.27131982
 2220.69931851 2220.69931851 2132.59455088 2132.59455088 2132.59455088
 2132.59455088 2124.39819467 2124.39819467 2104.74380464 2075.22918144
 2075.22918144 2071.98338334 2066.96318713 2066.96318713 2066.96318713
 2066.96318713 2034.20276582 2033.41204892 2029.25220771 2029.25220771
 1970.54808823 1970.54808823 1970.54808823 1970.54808823 1963.88726324
 1915.32983396 1907.13347775 1907.13347775 1907.13347775 1892.26112553
 1892.26112553 1823.38817118 1823.38817118 1823.38817118 1823.38817118
 1823.38817118 1823.38817118 1823.38817118 1823.38817118 1823.38817118
 1823.38817118 1823.38817118 1823.38817118 1823.38817118 1805.93053075
 1805.93053075 1805.93053075 1805.93053075 1805.93053075 1805.93053075
 1805.93053075 1803.8040582  1803.8040582  1803.8040582  1803.8040582
 1803.8040582  1803.8040582  1803.8040582  1803.8040582  1803.8040582
 1803.8040582  1803.8040582  1803.8040582  1803.8040582  1803.8040582
 1791.88693881 1791.88693881 1791.88693881 1791.88693881 1791.88693881
 1791.88693881 1758.70006993 1748.06954526 1748.06954526 1748.06954526
 1743.15844282 1741.65386417 1718.15461527 1718.15461527 1718.15461527
 1718.15461527 1718.15461527 1718.15461527 1718.15461527 1718.15461527
 1718.15461527 1718.15461527 1718.15461527 1718.15461527 1716.92608967
 1716.92608967 1716.92608967 1716.92608967 1716.92608967 1716.92608967
 1716.92608967 1707.85345963 1707.85345963 1707.85345963 1706.62493403
 1706.62493403 1706.62493403 1706.62493403 1706.62493403 1706.62493403
 1701.60080942 1701.60080942 1701.60080942 1701.60080942 1700.37228381
 1700.37228381 1700.37228381 1700.37228381 1700.37228381 1700.37228381
 1700.37228381 1700.37228381 1700.37228381 1700.37228381 1700.37228381
 1700.37228381 1700.37228381 1700.37228381 1696.53055134 1696.53055134
 1696.53055134 1696.53055134 1696.53055134 1696.53055134 1696.53055134
 1696.53055134 1696.53055134 1696.53055134 1695.72372616 1695.72372616
 1695.72372616 1695.72372616 1695.72372616 1695.72372616 1695.72372616
 1695.72372616 1695.72372616 1695.72372616 1690.87414005 1690.87414005
 1690.87414005 1690.87414005 1690.87414005 1690.87414005 1690.87414005
 1690.87414005 1690.87414005 1673.88693887 1673.88693887 1673.88693887
 1657.66370029 1657.66370029 1657.66370029 1640.67649912 1640.67649912
 1640.67649912 1640.67649912 1640.67649912 1640.67649912 1615.40221088
 1615.40221088 1615.40221088 1615.40221088 1615.40221088 1615.40221088
 1615.40221088 1615.40221088 1615.40221088 1615.40221088 1615.40221088
 1615.40221088 1615.40221088 1615.40221088 1615.40221088 1615.40221088
 1615.40221088 1615.40221088 1615.40221088 1615.40221088 1615.40221088
 1615.40221088 1615.40221088 1615.40221088 1615.40221088 1615.40221088
 1615.40221088 1615.40221088 1615.40221088 1615.40221088 1615.40221088
 1615.40221088 1615.40221088 1615.40221088 1615.40221088 1615.40221088
 1615.40221088 1615.40221088 1615.40221088 1615.40221088 1615.40221088
 1615.40221088 1615.40221088 1615.40221088 1615.40221088 1615.40221088
 1615.40221088 1615.40221088 1615.40221088 1615.40221088 1615.40221088
 1615.40221088 1615.40221088 1615.40221088 1615.40221088 1615.40221088
 1608.01330888 1608.01330888 1608.01330888 1608.01330888 1608.01330888
 1608.01330888 1608.01330888 1608.01330888 1608.01330888 1608.01330888
 1577.86255991 1577.86255991 1577.86255991 1577.86255991 1577.86255991
 1577.86255991 1577.86255991 1577.86255991 1577.86255991 1577.86255991
 1577.86255991 1577.86255991 1577.86255991 1577.86255991 1577.86255991
 1577.86255991 1577.86255991 1577.86255991 1555.8883785  1555.8883785
 1555.8883785  1555.8883785  1555.8883785  1555.8883785  1555.8883785
 1555.8883785  1555.8883785  1555.8883785  1555.8883785  1555.8883785
 1555.8883785  1555.8883785  1555.8883785  1555.8883785  1555.8883785
 1555.8883785  1555.8883785  1555.8883785  1555.8883785  1555.8883785
 1555.8883785  1555.8883785  1555.8883785  1555.8883785  1555.8883785
 1555.8883785  1555.8883785  1555.8883785  1555.8883785  1555.8883785
 1555.8883785  1555.8883785  1555.8883785  1555.8883785  1555.8883785
 1555.8883785  1555.8883785  1555.8883785  1555.8883785  1555.8883785
 1555.8883785  1555.8883785  1555.8883785  1555.8883785  1555.8883785
 1555.8883785  1555.8883785  1555.8883785  1555.8883785  1555.8883785
 1555.8883785  1555.8883785  1555.8883785  1555.8883785  1555.8883785
 1555.8883785  1555.8883785  1555.8883785  1555.8883785  1555.8883785
 1555.8883785  1555.8883785  1555.8883785  1555.8883785  1555.8883785
 1555.8883785  1555.8883785  1555.8883785  1555.8883785  1555.8883785
 1555.8883785  1555.8883785  1555.8883785  1555.8883785  1555.8883785
 1555.8883785  1555.8883785  1555.8883785  1555.8883785  1555.8883785
 1555.8883785  1555.8883785  1555.8883785  1555.8883785  1555.8883785
 1555.8883785  1555.8883785  1555.8883785  1555.8883785  1555.8883785
 1555.8883785  1555.8883785  1555.8883785  1555.8883785  1555.8883785
 1555.8883785  1555.8883785  1555.8883785  1555.8883785  1555.8883785
 1555.8883785  1555.8883785  1555.8883785  1555.8883785  1555.8883785
 1555.8883785  1555.8883785  1555.8883785  1555.8883785  1555.8883785
 1555.8883785  1555.8883785  1555.8883785  1555.8883785  1555.8883785
 1555.8883785  1555.8883785  1555.8883785  1555.8883785  1555.8883785
 1555.8883785  1555.8883785  1555.8883785  1555.8883785  1555.8883785
 1555.8883785  1555.8883785  1555.8883785  1555.8883785  1555.8883785
 1555.8883785  1555.8883785  1555.8883785  1555.8883785  1555.8883785
 1555.8883785  1555.8883785  1555.8883785  1555.8883785  1555.8883785
 1555.8883785  1555.8883785  1555.8883785  1555.8883785  1555.8883785
 1555.8883785  1555.8883785  1555.8883785  1555.8883785  1555.8883785
 1555.8883785  1555.8883785  1555.8883785  1555.8883785  1555.8883785
 1555.8883785  1555.8883785  1555.8883785  1555.8883785  1555.8883785
 1555.8883785  1555.8883785  1555.8883785  1555.8883785  1555.8883785
 1555.8883785  1555.8883785  1555.8883785  1555.8883785  1555.8883785
 1555.8883785  1555.8883785  1555.8883785  1555.8883785  1555.8883785
 1555.8883785  1555.8883785  1555.8883785  1555.8883785  1555.8883785
 1555.8883785  1555.8883785  1555.8883785  1555.8883785  1555.8883785
 1526.26383194 1526.26383194 1526.26383194 1526.26383194 1526.26383194
 1526.26383194 1526.26383194 1526.26383194 1526.26383194 1526.26383194
 1526.26383194 1526.26383194 1526.26383194 1526.26383194 1526.26383194
 1526.26383194 1526.26383194 1526.26383194 1526.26383194 1526.26383194
 1526.26383194 1526.26383194 1526.26383194 1526.26383194 1526.26383194
 1526.26383194 1526.26383194 1526.26383194 1526.26383194 1526.26383194
 1526.26383194 1526.26383194 1526.26383194 1526.26383194 1526.26383194
 1526.26383194 1526.26383194 1526.26383194 1526.26383194 1526.26383194
 1526.26383194 1526.26383194 1526.26383194 1526.26383194 1526.26383194
 1526.26383194 1526.26383194 1526.26383194 1526.26383194 1526.26383194
 1526.26383194 1526.26383194 1526.26383194 1526.26383194 1526.26383194
 1526.26383194 1526.26383194 1526.26383194 1526.26383194 1526.26383194
 1526.26383194 1526.26383194 1526.26383194 1526.26383194 1526.26383194
 1526.26383194 1526.26383194 1526.26383194 1526.26383194 1526.26383194
 1526.26383194 1526.26383194 1526.26383194 1526.26383194 1526.26383194
 1526.26383194 1526.26383194 1526.26383194 1526.26383194 1526.26383194
 1526.26383194 1526.26383194 1526.26383194 1526.26383194 1526.26383194
 1518.422107   1518.422107   1518.422107   1518.422107   1518.422107
 1518.422107   1512.07265611 1512.07265611 1512.07265611 1512.07265611
 1511.15380065 1511.15380065 1511.15380065 1511.15380065 1511.15380065
 1511.15380065 1511.15380065 1511.15380065 1511.15380065 1511.15380065
 1511.15380065 1511.15380065 1511.15380065 1511.15380065 1511.15380065
 1511.15380065 1511.15380065 1511.15380065 1511.15380065 1511.15380065
 1511.15380065 1511.15380065 1511.15380065 1511.15380065 1511.15380065
 1511.15380065 1511.15380065 1511.15380065 1511.15380065 1511.15380065
 1511.15380065 1511.15380065 1511.15380065 1511.15380065 1511.15380065
 1511.15380065 1511.15380065 1511.15380065 1511.15380065 1511.15380065
 1511.15380065 1511.15380065 1474.52868101 1474.52868101 1474.52868101
 1474.52868101 1474.52868101 1474.52868101 1474.52868101 1474.52868101
 1474.52868101 1474.52868101 1474.52868101 1474.52868101 1474.52868101
 1474.52868101 1457.02667307 1457.02667307 1457.02667307 1457.02667307
 1457.02667307 1457.02667307 1457.02667307 1457.02667307 1457.02667307
 1457.02667307 1457.02667307 1457.02667307 1457.02667307 1454.71799574
 1454.71799574 1454.71799574 1454.71799574 1454.71799574 1454.71799574
 1454.71799574 1454.71799574 1454.71799574 1454.71799574 1454.71799574
 1454.71799574 1454.71799574 1454.71799574 1454.71799574 1454.71799574
 1454.71799574 1454.71799574 1454.71799574 1454.71799574 1454.71799574
 1454.71799574 1454.71799574 1454.71799574 1454.71799574 1454.71799574
 1454.71799574 1454.71799574 1454.71799574 1454.71799574 1454.71799574
 1454.71799574 1454.71799574 1454.71799574 1454.71799574 1454.71799574
 1454.71799574 1454.71799574 1454.71799574 1454.71799574 1454.71799574
 1454.71799574 1454.71799574 1454.71799574 1454.71799574 1454.71799574
 1454.71799574 1454.71799574 1454.71799574 1454.71799574 1454.71799574
 1454.71799574 1454.71799574 1454.71799574 1454.71799574 1454.71799574
 1454.71799574 1454.71799574 1454.71799574 1454.71799574 1454.71799574
 1454.71799574 1454.71799574 1454.71799574 1454.71799574 1454.71799574
 1454.71799574 1454.71799574 1454.71799574 1454.71799574 1454.71799574
 1454.71799574 1454.71799574 1454.71799574 1454.71799574 1454.71799574
 1454.71799574 1454.71799574 1454.71799574 1454.71799574 1454.71799574
 1454.71799574 1454.71799574 1454.71799574 1454.71799574 1454.71799574
 1454.71799574 1454.71799574 1454.71799574 1454.71799574 1454.71799574
 1454.71799574 1454.71799574 1454.71799574 1454.71799574 1454.71799574
 1454.71799574 1454.71799574 1454.71799574 1454.71799574 1454.71799574
 1454.71799574 1454.71799574 1454.71799574 1454.71799574 1454.71799574
 1454.71799574 1454.71799574 1454.71799574 1454.71799574 1454.71799574
 1454.71799574 1454.71799574 1454.71799574 1454.71799574 1454.71799574
 1454.71799574 1454.71799574 1454.71799574 1454.71799574 1454.71799574
 1454.71799574 1454.71799574 1454.71799574 1454.71799574 1454.71799574
 1454.71799574 1454.71799574 1454.71799574 1454.71799574 1454.71799574
 1454.71799574 1454.71799574 1454.71799574 1454.71799574 1454.71799574
 1454.71799574 1454.71799574 1454.71799574 1454.71799574 1454.71799574
 1454.71799574 1454.71799574 1454.71799574 1454.71799574 1454.71799574
 1454.71799574 1454.71799574 1454.71799574 1454.71799574 1454.71799574
 1454.71799574 1454.71799574 1454.71799574 1454.71799574 1454.71799574
 1454.71799574 1454.71799574 1454.71799574 1454.71799574 1454.71799574
 1454.71799574 1454.71799574 1454.71799574 1454.71799574 1454.71799574
 1454.71799574 1454.71799574 1454.71799574 1454.71799574 1454.71799574
 1454.71799574 1454.71799574 1454.71799574 1454.71799574 1454.71799574
 1454.71799574 1454.71799574 1454.71799574 1454.71799574 1454.71799574
 1454.71799574 1454.71799574 1454.71799574 1454.71799574 1454.71799574
 1454.71799574 1454.71799574 1454.71799574 1454.71799574 1454.71799574
 1454.71799574 1454.71799574 1454.71799574 1454.71799574 1454.71799574
 1454.71799574 1454.71799574 1454.71799574 1454.71799574 1454.71799574
 1454.71799574 1454.71799574 1451.94968572 1451.94968572 1451.94968572
 1451.94968572 1451.94968572 1451.94968572 1451.94968572 1451.94968572
 1451.94968572 1451.94968572 1451.94968572 1451.94968572 1451.94968572
 1451.94968572 1451.94968572 1451.94968572 1451.94968572 1451.94968572
 1451.94968572 1451.94968572 1451.94968572 1451.94968572 1451.94968572
 1451.94968572 1451.94968572 1451.94968572 1451.94968572 1451.94968572
 1451.94968572 1451.94968572 1451.94968572 1440.11947156 1440.11947156
 1440.11947156 1440.11947156 1440.11947156 1440.11947156 1440.11947156
 1440.11947156 1440.11947156 1440.11947156 1440.11947156 1440.11947156
 1440.11947156 1440.11947156 1440.11947156 1440.11947156 1440.11947156
 1440.11947156 1440.11947156 1440.11947156 1440.11947156 1440.11947156
 1440.11947156 1440.11947156 1440.11947156 1440.11947156 1440.11947156
 1440.11947156 1440.11947156 1440.11947156 1440.11947156 1440.11947156
 1440.11947156 1440.11947156 1440.11947156 1440.11947156 1440.11947156
 1440.11947156 1440.11947156 1440.11947156 1440.11947156 1440.11947156
 1440.11947156 1440.11947156 1440.11947156 1440.11947156 1440.11947156
 1440.11947156 1440.11947156 1440.11947156 1440.11947156 1440.11947156
 1440.11947156 1440.11947156 1440.11947156 1440.11947156 1440.11947156
 1440.11947156 1440.11947156 1440.11947156 1440.11947156 1440.11947156
 1440.11947156 1440.11947156 1440.11947156 1440.11947156 1440.11947156
 1440.11947156 1440.11947156 1440.11947156 1440.11947156 1440.11947156
 1440.11947156 1440.11947156 1440.11947156 1440.11947156 1430.15355399
 1430.15355399 1430.15355399 1430.15355399 1430.15355399 1430.15355399
 1430.15355399 1430.15355399 1430.15355399 1430.15355399 1430.15355399
 1430.15355399 1430.15355399 1430.15355399 1430.15355399 1430.15355399
 1430.15355399 1430.15355399 1430.15355399 1430.15355399 1430.15355399
 1430.15355399 1430.15355399 1430.15355399 1430.15355399 1430.15355399
 1430.15355399 1430.15355399 1430.15355399 1430.15355399 1430.15355399
 1430.15355399 1430.15355399 1430.15355399 1430.15355399 1430.15355399
 1430.15355399] 

Fitness stats feasible min: [3444.0132388  3254.14915449 3254.14915449 3238.55022983 3238.55022983
 3164.05831564 2961.65592343 2961.65592343 2950.94615635 2950.94615635
 2950.94615635 2944.57344179 2866.60586905 2777.08751807 2777.08751807
 2777.08751807 2684.04664737 2684.04664737 2684.04664737 2676.31935805
 2643.65430159 2597.80300581 2597.80300581 2593.83164419 2534.11422489
 2534.11422489 2476.02391311 2476.02391311 2476.02391311 2476.02391311
 2403.42585084 2403.42585084 2403.30047618 2403.30047618 2403.30047618
 2392.39193065 2388.76971791 2387.85007231 2387.72469765 2359.83028266
 2359.83028266 2359.83028266 2309.29624245 2309.29624245 2309.27736067
 2305.19452747 2257.05852968 2257.05852968 2257.05852968 2257.05852968
 2257.05852968 2257.05852968 2254.81312618 2248.48652836 2229.27131982
 2220.69931851 2220.69931851 2132.59455088 2132.59455088 2132.59455088
 2132.59455088 2124.39819467 2124.39819467 2104.74380464 2075.22918144
 2075.22918144 2071.98338334 2071.98338334 2067.03282523 2067.03282523
 2067.03282523 2067.03282523 2063.78702713 2033.80728886 2033.80728886
 1970.54808823 1970.54808823 1970.54808823 1970.54808823 1970.54808823
 1915.32983396 1907.13347775 1907.13347775 1907.13347775 1897.87219353
 1897.87219353 1889.67583732 1889.67583732 1886.95774543 1883.13244141
 1869.500105   1869.500105   1853.18160652 1853.18160652 1853.18160652
 1852.33573083 1852.33573083 1852.22528182 1852.22528182 1850.03712707
 1850.03712707 1826.07027818 1826.07027818 1826.07027818 1826.07027818
 1826.07027818 1826.07027818 1808.61263775 1808.61263775 1808.61263775
 1808.61263775 1808.61263775 1806.4861652  1806.4861652  1806.4861652
 1806.4861652  1806.4861652  1806.4861652  1806.4861652  1806.4861652
 1791.88693881 1791.88693881 1791.88693881 1791.88693881 1791.88693881
 1791.88693881 1758.70006993 1748.06954526 1748.06954526 1748.06954526
 1743.15844282 1741.65386417 1718.15461527 1718.15461527 1718.15461527
 1718.15461527 1718.15461527 1718.15461527 1718.15461527 1718.15461527
 1718.15461527 1718.15461527 1718.15461527 1718.15461527 1716.92608967
 1716.92608967 1716.92608967 1716.92608967 1716.92608967 1716.92608967
 1716.92608967 1707.85345963 1707.85345963 1707.85345963 1706.62493403
 1706.62493403 1706.62493403 1706.62493403 1706.62493403 1706.62493403
 1701.60080942 1701.60080942 1701.60080942 1701.60080942 1700.37228381
 1700.37228381 1700.37228381 1700.37228381 1700.37228381 1700.37228381
 1700.37228381 1700.37228381 1700.37228381 1700.37228381 1700.37228381
 1700.37228381 1700.37228381 1700.37228381 1696.53055134 1696.53055134
 1696.53055134 1696.53055134 1696.53055134 1696.53055134 1696.53055134
 1696.53055134 1696.53055134 1696.53055134 1695.72372616 1695.72372616
 1695.72372616 1695.72372616 1695.72372616 1695.72372616 1695.72372616
 1695.72372616 1695.72372616 1695.72372616 1690.87414005 1690.87414005
 1690.87414005 1690.87414005 1690.87414005 1690.87414005 1690.87414005
 1690.87414005 1690.87414005 1673.88693887 1673.88693887 1673.88693887
 1657.66370029 1657.66370029 1657.66370029 1640.67649912 1640.67649912
 1640.67649912 1640.67649912 1640.67649912 1640.67649912 1615.40221088
 1615.40221088 1615.40221088 1615.40221088 1615.40221088 1615.40221088
 1615.40221088 1615.40221088 1615.40221088 1615.40221088 1615.40221088
 1615.40221088 1615.40221088 1615.40221088 1615.40221088 1615.40221088
 1615.40221088 1615.40221088 1615.40221088 1615.40221088 1615.40221088
 1615.40221088 1615.40221088 1615.40221088 1615.40221088 1615.40221088
 1615.40221088 1615.40221088 1615.40221088 1615.40221088 1615.40221088
 1615.40221088 1615.40221088 1615.40221088 1615.40221088 1615.40221088
 1615.40221088 1615.40221088 1615.40221088 1615.40221088 1615.40221088
 1615.40221088 1615.40221088 1615.40221088 1615.40221088 1615.40221088
 1615.40221088 1615.40221088 1615.40221088 1615.40221088 1615.40221088
 1615.40221088 1615.40221088 1615.40221088 1615.40221088 1615.40221088
 1608.01330888 1608.01330888 1608.01330888 1608.01330888 1608.01330888
 1608.01330888 1608.01330888 1608.01330888 1608.01330888 1608.01330888
 1577.86255991 1577.86255991 1577.86255991 1577.86255991 1577.86255991
 1577.86255991 1577.86255991 1577.86255991 1577.86255991 1577.86255991
 1577.86255991 1577.86255991 1577.86255991 1577.86255991 1577.86255991
 1577.86255991 1577.86255991 1577.86255991 1555.8883785  1555.8883785
 1555.8883785  1555.8883785  1555.8883785  1555.8883785  1555.8883785
 1555.8883785  1555.8883785  1555.8883785  1555.8883785  1555.8883785
 1555.8883785  1555.8883785  1555.8883785  1555.8883785  1555.8883785
 1555.8883785  1555.8883785  1555.8883785  1555.8883785  1555.8883785
 1555.8883785  1555.8883785  1555.8883785  1555.8883785  1555.8883785
 1555.8883785  1555.8883785  1555.8883785  1555.8883785  1555.8883785
 1555.8883785  1555.8883785  1555.8883785  1555.8883785  1555.8883785
 1555.8883785  1555.8883785  1555.8883785  1555.8883785  1555.8883785
 1555.8883785  1555.8883785  1555.8883785  1555.8883785  1555.8883785
 1555.8883785  1555.8883785  1555.8883785  1555.8883785  1555.8883785
 1555.8883785  1555.8883785  1555.8883785  1555.8883785  1555.8883785
 1555.8883785  1555.8883785  1555.8883785  1555.8883785  1555.8883785
 1555.8883785  1555.8883785  1555.8883785  1555.8883785  1555.8883785
 1555.8883785  1555.8883785  1555.8883785  1555.8883785  1555.8883785
 1555.8883785  1555.8883785  1555.8883785  1555.8883785  1555.8883785
 1555.8883785  1555.8883785  1555.8883785  1555.8883785  1555.8883785
 1555.8883785  1555.8883785  1555.8883785  1555.8883785  1555.8883785
 1555.8883785  1555.8883785  1555.8883785  1555.8883785  1555.8883785
 1555.8883785  1555.8883785  1555.8883785  1555.8883785  1555.8883785
 1555.8883785  1555.8883785  1555.8883785  1555.8883785  1555.8883785
 1555.8883785  1555.8883785  1555.8883785  1555.8883785  1555.8883785
 1555.8883785  1555.8883785  1555.8883785  1555.8883785  1555.8883785
 1555.8883785  1555.8883785  1555.8883785  1555.8883785  1555.8883785
 1555.8883785  1555.8883785  1555.8883785  1555.8883785  1555.8883785
 1555.8883785  1555.8883785  1555.8883785  1555.8883785  1555.8883785
 1555.8883785  1555.8883785  1555.8883785  1555.8883785  1555.8883785
 1555.8883785  1555.8883785  1555.8883785  1555.8883785  1555.8883785
 1555.8883785  1555.8883785  1555.8883785  1555.8883785  1555.8883785
 1555.8883785  1555.8883785  1555.8883785  1555.8883785  1555.8883785
 1555.8883785  1555.8883785  1555.8883785  1555.8883785  1555.8883785
 1555.8883785  1555.8883785  1555.8883785  1555.8883785  1555.8883785
 1555.8883785  1555.8883785  1555.8883785  1555.8883785  1555.8883785
 1555.8883785  1555.8883785  1555.8883785  1555.8883785  1555.8883785
 1555.8883785  1555.8883785  1555.8883785  1555.8883785  1555.8883785
 1555.8883785  1555.8883785  1555.8883785  1555.8883785  1555.8883785
 1555.8883785  1555.8883785  1555.8883785  1555.8883785  1555.8883785
 1555.8883785  1555.8883785  1555.8883785  1555.8883785  1555.8883785
 1555.8883785  1555.8883785  1555.8883785  1555.8883785  1555.8883785
 1555.8883785  1555.8883785  1555.8883785  1555.8883785  1555.8883785
 1555.8883785  1555.8883785  1555.8883785  1555.8883785  1555.8883785
 1555.8883785  1555.8883785  1555.8883785  1549.99152504 1549.99152504
 1549.99152504 1549.99152504 1549.99152504 1549.99152504 1549.99152504
 1549.99152504 1549.99152504 1549.99152504 1549.99152504 1549.99152504
 1549.99152504 1549.99152504 1549.99152504 1549.99152504 1544.52399583
 1544.52399583 1544.52399583 1544.52399583 1544.52399583 1544.52399583
 1544.52399583 1526.26383194 1526.26383194 1719.96992848 1549.58893811
 1549.58893811 1549.58893811 1549.58893811 1549.58893811 1549.58893811
 1549.58893811 1526.26383194 1526.26383194 1705.31340104 1639.25927742
 1639.25927742 1639.25927742 1639.25927742 1639.25927742 1604.39836039
 1573.22736235 1526.26383194 1526.26383194 1605.19842743 1556.15635765
 1556.15635765 1556.15635765 1556.15635765 1556.15635765 1556.15635765
 1556.15635765 1526.26383194 1526.26383194 1564.85785459 1564.85785459
 1564.85785459 1564.85785459 1564.85785459 1564.85785459 1564.85785459
 1564.85785459 1526.26383194 1526.26383194 1564.85785459 1564.85785459
 1549.99152504 1543.25103312 1543.25103312 1543.25103312 1543.25103312
 1543.25103312 1512.07265611 1512.07265611 1543.25103312 1542.1498001
 1542.1498001  1542.1498001  1542.1498001  1542.1498001  1542.1498001
 1542.1498001  1511.15380065 1511.15380065 1534.88149374 1534.88149374
 1534.88149374 1534.88149374 1534.88149374 1534.88149374 1534.88149374
 1534.88149374 1511.15380065 1511.15380065 1541.04632636 1541.04632636
 1541.04632636 1541.04632636 1541.04632636 1541.04632636 1541.04632636
 1541.04632636 1511.15380065 1511.15380065 1549.7478233  1549.7478233
 1549.7478233  1549.7478233  1549.7478233  1549.7478233  1549.7478233
 1549.7478233  1511.15380065 1511.15380065 1652.14368056 1553.56819462
 1528.14100183 1528.14100183 1474.52868101 1474.52868101 1474.52868101
 1474.52868101 1474.52868101 1474.52868101 1474.52868101 1474.52868101
 1474.52868101 1474.52868101 1474.52868101 1474.52868101 1474.52868101
 1474.52868101 1457.02667307 1457.02667307 1457.02667307 1457.02667307
 1457.02667307 1457.02667307 1457.02667307 1457.02667307 1457.02667307
 1457.02667307 1457.02667307 1457.02667307 1457.02667307 1454.71799574
 1454.71799574 1454.71799574 1454.71799574 1454.71799574 1454.71799574
 1454.71799574 1454.71799574 1454.71799574 1454.71799574 1454.71799574
 1454.71799574 1454.71799574 1454.71799574 1454.71799574 1454.71799574
 1454.71799574 1454.71799574 1454.71799574 1454.71799574 1454.71799574
 1454.71799574 1454.71799574 1454.71799574 1454.71799574 1454.71799574
 1454.71799574 1454.71799574 1454.71799574 1454.71799574 1454.71799574
 1454.71799574 1454.71799574 1454.71799574 1454.71799574 1454.71799574
 1454.71799574 1454.71799574 1454.71799574 1454.71799574 1454.71799574
 1454.71799574 1454.71799574 1454.71799574 1454.71799574 1454.71799574
 1454.71799574 1454.71799574 1454.71799574 1454.71799574 1454.71799574
 1454.71799574 1454.71799574 1454.71799574 1454.71799574 1454.71799574
 1454.71799574 1454.71799574 1454.71799574 1454.71799574 1454.71799574
 1454.71799574 1454.71799574 1454.71799574 1454.71799574 1454.71799574
 1454.71799574 1454.71799574 1454.71799574 1454.71799574 1454.71799574
 1454.71799574 1454.71799574 1454.71799574 1454.71799574 1454.71799574
 1454.71799574 1454.71799574 1454.71799574 1454.71799574 1454.71799574
 1454.71799574 1454.71799574 1454.71799574 1454.71799574 1454.71799574
 1454.71799574 1454.71799574 1454.71799574 1454.71799574 1454.71799574
 1454.71799574 1454.71799574 1454.71799574 1454.71799574 1454.71799574
 1454.71799574 1454.71799574 1454.71799574 1454.71799574 1454.71799574
 1454.71799574 1454.71799574 1454.71799574 1454.71799574 1454.71799574
 1454.71799574 1454.71799574 1454.71799574 1454.71799574 1454.71799574
 1454.71799574 1454.71799574 1454.71799574 1454.71799574 1454.71799574
 1454.71799574 1454.71799574 1454.71799574 1454.71799574 1454.71799574
 1454.71799574 1454.71799574 1454.71799574 1454.71799574 1454.71799574
 1454.71799574 1454.71799574 1454.71799574 1454.71799574 1454.71799574
 1454.71799574 1454.71799574 1454.71799574 1454.71799574 1454.71799574
 1454.71799574 1454.71799574 1454.71799574 1454.71799574 1454.71799574
 1454.71799574 1454.71799574 1454.71799574 1454.71799574 1454.71799574
 1454.71799574 1454.71799574 1454.71799574 1454.71799574 1454.71799574
 1454.71799574 1454.71799574 1454.71799574 1454.71799574 1454.71799574
 1454.71799574 1454.71799574 1454.71799574 1454.71799574 1454.71799574
 1454.71799574 1454.71799574 1454.71799574 1454.71799574 1454.71799574
 1454.71799574 1454.71799574 1454.71799574 1454.71799574 1454.71799574
 1454.71799574 1454.71799574 1454.71799574 1454.71799574 1454.71799574
 1454.71799574 1454.71799574 1454.71799574 1454.71799574 1454.71799574
 1454.71799574 1454.71799574 1454.71799574 1454.71799574 1454.71799574
 1454.71799574 1454.71799574 1454.71799574 1454.71799574 1454.71799574
 1454.71799574 1454.71799574 1454.71799574 1454.71799574 1454.71799574
 1454.71799574 1454.71799574 1454.71799574 1454.71799574 1454.71799574
 1454.71799574 1454.71799574 1451.94968572 1451.94968572 1451.94968572
 1451.94968572 1451.94968572 1451.94968572 1451.94968572 1451.94968572
 1451.94968572 1451.94968572 1451.94968572 1451.94968572 1451.94968572
 1451.94968572 1451.94968572 1451.94968572 1451.94968572 1451.94968572
 1451.94968572 1451.94968572 1451.94968572 1451.94968572 1451.94968572
 1451.94968572 1451.94968572 1451.94968572 1451.94968572 1451.94968572
 1451.94968572 1451.94968572 1451.94968572 1440.11947156 1440.11947156
 1440.11947156 1440.11947156 1440.11947156 1440.11947156 1440.11947156
 1440.11947156 1440.11947156 1440.11947156 1440.11947156 1440.11947156
 1440.11947156 1440.11947156 1440.11947156 1440.11947156 1440.11947156
 1440.11947156 1440.11947156 1440.11947156 1440.11947156 1440.11947156
 1440.11947156 1440.11947156 1440.11947156 1440.11947156 1440.11947156
 1440.11947156 1440.11947156 1440.11947156 1440.11947156 1440.11947156
 1440.11947156 1440.11947156 1440.11947156 1440.11947156 1440.11947156
 1440.11947156 1440.11947156 1440.11947156 1440.11947156 1440.11947156
 1440.11947156 1440.11947156 1440.11947156 1440.11947156 1440.11947156
 1440.11947156 1440.11947156 1440.11947156 1440.11947156 1440.11947156
 1440.11947156 1440.11947156 1440.11947156 1440.11947156 1440.11947156
 1440.11947156 1440.11947156 1440.11947156 1440.11947156 1440.11947156
 1440.11947156 1440.11947156 1440.11947156 1440.11947156 1440.11947156
 1440.11947156 1440.11947156 1440.11947156 1440.11947156 1440.11947156
 1440.11947156 1440.11947156 1440.11947156 1440.11947156 1430.15355399
 1430.15355399 1430.15355399 1430.15355399 1430.15355399 1430.15355399
 1430.15355399 1430.15355399 1430.15355399 1430.15355399 1430.15355399
 1430.15355399 1430.15355399 1430.15355399 1430.15355399 1430.15355399
 1430.15355399 1430.15355399 1430.15355399 1430.15355399 1430.15355399
 1430.15355399 1430.15355399 1430.15355399 1430.15355399 1430.15355399
 1430.15355399 1430.15355399 1430.15355399 1430.15355399 1430.15355399
 1430.15355399 1430.15355399 1430.15355399 1430.15355399 1430.15355399
 1430.15355399] 

Fitness stats avg: [4011.15967523 3830.91872566 3718.84541164 3592.78942983 3502.84675563
 3421.92827156 3363.06329831 3289.41158063 3276.27878394 3261.50506834
 3168.75491531 3168.34443567 3162.03516661 3143.25602578 3110.89581766
 3024.94573856 2967.95131733 2895.60158935 2875.67003069 2854.34299117
 2829.78547904 2819.96019128 2792.74310608 2745.0112173  2769.46093029
 2719.21051092 2716.76178766 2721.95301487 2710.15925411 2676.39080598
 2675.60911892 2611.16184105 2593.1493855  2561.07791551 2524.06463587
 2514.52521268 2498.79664603 2480.82257843 2462.76558327 2447.17073403
 2438.05451916 2446.14321069 2452.73048958 2468.24768825 2442.18500118
 2420.26088888 2406.76042811 2393.91040555 2426.25279151 2391.26533687
 2383.22997805 2385.97831963 2410.89559359 2378.83433034 2351.56743682
 2339.12129426 2360.80548646 2373.38505443 2327.77099434 2302.99611948
 2307.13045649 2280.82720916 2275.95860013 2252.63646221 2214.45146828
 2195.51767208 2153.30182548 2172.75943407 2162.64776457 2149.59238341
 2123.39888591 2125.51336831 2133.27645798 2131.87832882 2122.01829248
 2107.90019308 2084.00222337 2077.96558331 2064.41641606 2057.46067438
 2067.22729974 2028.45810399 2044.48433588 2045.86782563 2039.37365632
 2002.63377417 1985.91611306 1961.90475108 1954.60139466 1945.15033306
 1939.47616839 1942.96665412 1972.66091046 1974.98774138 1943.31700438
 1946.3360045  1931.22915342 1931.90775996 1946.696272   1940.82053641
 1933.8595488  1935.28519656 1961.23005386 1972.78896148 1954.98992796
 1953.80643083 1914.0220039  1937.7628576  1903.35504202 1911.43274477
 1904.76497135 1885.02240123 1873.3115325  1900.33244911 1879.15102293
 1863.47664636 1897.6149435  1915.57004187 1894.3855126  1883.30967637
 1861.89069274 1886.31404349 1840.39803791 1854.39372834 1873.03531931
 1892.957419   1849.87655087 1870.14745532 1854.12274269 1854.547851
 1860.12849547 1850.43254408 1822.86483605 1831.85753222 1825.69238698
 1831.80866356 1793.95618835 1788.80931777 1798.10146089 1793.37772957
 1798.47522832 1780.90535112 1751.74763938 1792.15115806 1797.86205968
 1762.73919594 1783.12531171 1801.07774209 1814.04128332 1771.85047208
 1768.15834998 1779.82276765 1795.59782445 1754.66586245 1763.29827804
 1759.5254007  1770.58974507 1762.22499316 1765.41226649 1770.15255466
 1770.00513561 1774.34338096 1765.48038988 1767.05245769 1765.93115615
 1755.49157938 1767.21346995 1753.20162948 1766.57674762 1769.81291642
 1751.3617569  1754.94599782 1765.36779422 1751.05518714 1771.84632781
 1765.70319402 1770.59185262 1774.14246781 1770.31746459 1762.58015137
 1787.17053644 1768.18209121 1757.32683515 1766.81139211 1754.98529826
 1749.32251959 1783.30158395 1775.15759296 1768.1538401  1764.52089331
 1749.4353842  1763.3565229  1792.05321377 1810.96281671 1776.57532451
 1791.06686232 1780.04747384 1790.46489063 1762.16028034 1769.79893283
 1782.85140916 1780.85598212 1779.52595479 1771.56818133 1778.00539334
 1771.81436569 1756.45675649 1774.14429927 1788.55339465 1757.11331611
 1762.36675728 1762.03882943 1758.14137752 1764.15395762 1781.87324524
 1764.18164865 1721.28144426 1753.89975972 1741.99847081 1733.77879588
 1735.37591136 1710.18991591 1719.17635816 1753.5796511  1774.56576057
 1790.07901386 1766.14642235 1732.82445453 1744.50189395 1708.83672604
 1703.07854039 1675.35596813 1671.84268025 1680.550621   1686.1864893
 1662.99691712 1687.02565064 1692.68137709 1691.2395903  1684.77365834
 1702.75613146 1679.28630543 1688.87916524 1704.78018192 1686.37160648
 1671.36181182 1672.74039201 1684.23122687 1690.83543076 1696.36863043
 1714.75694401 1696.80688383 1677.73875199 1664.19392555 1666.26305977
 1657.42280383 1675.65890864 1681.92847869 1686.87089731 1707.45256626
 1674.18776781 1699.23072435 1687.40400553 1669.44190765 1689.29504668
 1694.32929215 1697.67135954 1670.97213651 1702.53486362 1717.58406314
 1694.96246184 1683.46162043 1684.09791057 1673.26401655 1663.76296362
 1675.7874012  1666.67655322 1696.48068874 1688.71015085 1693.92917206
 1684.12381956 1677.29881305 1658.318678   1692.96365748 1687.45389918
 1685.74934772 1666.02977328 1674.12811679 1666.08951002 1670.27858641
 1669.69312195 1673.83393025 1645.85619369 1670.72067978 1631.433011
 1652.44758736 1672.7940538  1633.04666253 1677.9273928  1649.65348713
 1641.41724025 1649.56051641 1629.92236564 1618.86839751 1643.07298061
 1648.56143521 1646.8651032  1643.20371494 1645.87811373 1622.15345332
 1638.99655839 1645.06756061 1635.69926684 1641.40455655 1642.85003933
 1615.9056321  1612.48449914 1607.95658388 1622.01719569 1606.90836443
 1617.5449531  1645.74128042 1625.80341236 1609.7666097  1624.60861976
 1643.75137859 1599.45689702 1611.68209192 1629.83330578 1603.54192163
 1634.32682252 1645.76922282 1615.64979686 1628.52521101 1618.53584516
 1637.86273958 1624.74187502 1623.83844056 1617.45107065 1606.4861686
 1583.65350419 1646.59807918 1628.5421706  1620.44804212 1622.30522473
 1613.5921067  1627.71508079 1633.87738872 1614.2984899  1607.72657272
 1635.59204854 1613.04769649 1629.00370737 1605.6612126  1632.08848557
 1621.83883528 1630.27236203 1610.15769124 1602.97849337 1628.95351595
 1622.68235988 1639.57925115 1619.90733791 1628.93086389 1624.46252561
 1645.48310858 1641.26567191 1632.07468867 1652.03858517 1611.4723105
 1626.03468838 1606.73934862 1615.86945397 1649.71436232 1651.08974981
 1630.72651028 1642.74305404 1618.89356077 1616.8652483  1625.86900766
 1626.5170743  1604.92197313 1633.3694086  1633.36380062 1620.79090626
 1634.14091594 1628.0004794  1618.40683969 1637.77913636 1640.10333489
 1629.68519241 1626.39626837 1634.8831169  1602.36626642 1624.37271888
 1636.22165323 1631.57968618 1656.6215159  1622.93908274 1644.96868595
 1656.99663343 1653.30607594 1627.40646159 1610.77113592 1623.6039308
 1607.93653022 1647.86054149 1616.76883433 1655.32005721 1638.08621539
 1622.30649891 1636.77072119 1639.95499318 1639.16481333 1628.65978631
 1613.40354061 1626.66916032 1605.79561357 1623.75883613 1620.25013189
 1620.42261877 1628.46362165 1630.15252246 1620.51488958 1620.85488403
 1611.12783567 1618.48811634 1649.20187574 1641.92082985 1620.08320393
 1632.52937992 1635.36372326 1619.97679737 1620.18897746 1630.89773515
 1632.4446604  1627.70448106 1628.99863202 1641.24211825 1633.71754135
 1662.07041592 1645.35429682 1638.49254107 1620.53948486 1626.31832824
 1618.18436261 1633.68977949 1628.49780813 1601.27677972 1600.49275614
 1624.11062018 1632.41056004 1620.79800847 1646.0920513  1646.1862623
 1615.82192668 1616.03108428 1635.82300846 1624.45236299 1639.49909615
 1622.71743351 1640.05757462 1629.50981798 1640.99765261 1599.34880479
 1611.53986674 1625.61294071 1633.92145699 1628.68048809 1633.27977346
 1622.33799592 1629.91693756 1618.307185   1653.72215937 1609.21809187
 1622.69177    1628.90426799 1661.63340304 1630.66605641 1612.5140101
 1633.83507109 1618.68859878 1629.57678426 1616.19026241 1630.60708272
 1624.15271568 1622.04817483 1619.41554311 1646.11342739 1612.20847793
 1619.85780354 1629.80658882 1608.0478572  1642.35594149 1642.35536735
 1652.36629781 1634.97949809 1634.82602829 1625.41336874 1628.82350905
 1621.91869599 1630.28175054 1607.17908441 1635.00003021 1630.93023703
 1637.10688885 1653.86904611 1661.83026356 1671.95519894 1679.59478301
 1677.46554695 1638.86878071 1662.96987484 1674.92414382 1653.7973257
 1644.60214471 1667.22173442 1654.11888244 1654.27779072 1612.78710532
 1622.92193118 1604.98303075 1609.86180311 1605.29827728 1607.68836723
 1576.21995284 1623.41048413 1607.9826145  1592.90852807 1580.57285682
 1603.22146045 1630.52064716 1590.53017779 1575.16310216 1593.06521364
 1600.68179563 1608.63082612 1610.8500871  1596.42091743 1594.48280943
 1598.64383683 1600.46318927 1606.70699733 1625.10131145 1610.33641278
 1618.88393658 1603.86688305 1620.99014782 1603.89159725 1630.230862
 1618.9654354  1632.20693874 1601.92549907 1587.37377827 1618.00654616
 1641.23331047 1607.96436015 1630.42367923 1638.63740477 1597.84091164
 1608.50482361 1604.99521549 1574.68095003 1606.83458276 1597.18939794
 1609.3051762  1630.77518468 1676.59769926 1641.4864432  1644.42781201
 1622.07873971 1622.95535214 1612.56024381 1622.49935852 1624.25097007
 1599.10436734 1579.40992759 1632.0089456  1601.09343792 1617.8769189
 1602.51245964 1634.92330567 1598.48403786 1602.99331093 1605.51726314
 1591.05365361 1588.77624443 1600.87537985 1607.53326384 1626.7331336
 1635.03476488 1647.23395041 1633.3009199  1610.93260688 1594.03364676
 1601.10275762 1600.98987845 1603.8372915  1592.13073298 1584.43171151
 1607.00769087 1608.10606481 1578.6182281  1585.81952764 1596.73337073
 1587.58997611 1607.91512316 1603.88319062 1603.23852818 1591.26965918
 1589.57242785 1593.4596998  1627.20135293 1597.49485829 1608.57539687
 1599.52187788 1594.2688617  1597.13062133 1611.48246642 1574.95378326
 1578.01760576 1591.59168757 1567.03300382 1597.99208075 1594.78204254
 1584.4098958  1601.71912504 1611.658612   1620.86279888 1578.69782425
 1590.49688418 1591.52162642 1579.44180218 1569.75397711 1569.38728294
 1581.76720055 1578.95051944 1561.07286333 1536.34354294 1562.25141846
 1543.12365128 1535.58139907 1542.65202088 1565.77815812 1550.80281974
 1553.32810689 1562.42459301 1523.57622548 1536.78163028 1517.27195511
 1520.00536106 1552.10208418 1535.7688157  1542.9858846  1505.07103277
 1531.99665477 1505.67601269 1515.57166341 1503.10171558 1533.27622359
 1553.72894051 1511.3072232  1535.03940139 1530.63426117 1522.7694876
 1523.16135251 1513.26806478 1556.47067997 1532.63818081 1510.12142744
 1543.11484439 1510.29776071 1508.08821518 1505.41270024 1525.51442407
 1519.46597084 1515.99346268 1534.10333312 1508.85757107 1539.94606782
 1512.39080595 1521.09212    1514.45417801 1525.74216176 1534.48739371
 1551.42561156 1529.75481224 1525.76859152 1522.62640114 1522.67938872
 1551.91587512 1514.02258663 1536.49150882 1525.04303343 1530.990568
 1510.61622274 1510.51053596 1509.78677855 1511.86516711 1530.0067991
 1554.95890154 1541.92796303 1526.0431924  1523.75978829 1521.37134095
 1560.37088507 1529.85393614 1545.35563822 1516.42190639 1512.48783378
 1535.53141168 1503.66878363 1514.01673319 1515.0917858  1522.06501926
 1524.76431751 1524.26761734 1522.61833476 1515.95881757 1518.12880222
 1526.16812835 1501.315755   1529.52490433 1513.15533403 1523.79454894
 1532.20656482 1522.00430847 1539.63291993 1537.28167096 1516.36244037
 1523.61109057 1517.16552147 1536.3294646  1520.8451389  1524.25836192
 1532.61872508 1516.31193614 1526.11991923 1522.99710494 1516.2821603
 1513.93542147 1521.95401469 1533.08291839 1516.43592366 1505.71571299
 1531.49513313 1544.79403833 1514.68039263 1523.27944173 1542.56570578
 1512.20231695 1529.79543783 1511.60863719 1529.55572949 1544.52593693
 1527.3667647  1518.1044556  1524.56389402 1530.6487655  1544.2743071
 1516.7062948  1531.03041039 1543.5972687  1534.2946266  1543.49179832
 1519.94959319 1521.63154528 1519.34414615 1532.29752808 1527.43491058
 1534.68938946 1524.82204843 1520.22785824 1529.11132572 1538.36206098
 1516.32833296 1520.96804351 1522.59797082 1520.7283687  1507.380189
 1530.40913472 1518.97716655 1519.14720033 1506.59680145 1526.80426012
 1555.80748646 1545.02594915 1531.30114576 1508.15634888 1514.94402655
 1524.26642817 1525.25216068 1504.64909757 1513.7765688  1535.33623198
 1523.01659915 1528.75650313 1545.02538354 1533.71671895 1524.14042973
 1513.06550265 1535.14405515 1535.84317069 1512.42573087 1516.00188865
 1508.69752031 1513.98757979 1497.27591945 1537.3891874  1536.60275166
 1545.19924745 1511.0585305  1518.81160395 1529.60272414 1510.92100828
 1527.16179658 1529.24344511 1534.12524499 1530.38577442 1543.49028115
 1542.69795835 1527.38057122 1515.15239264 1541.25737116 1503.10295178
 1500.76656069 1529.97557229 1527.72535619 1507.88756349 1531.20426251
 1506.87959467 1507.89941751 1516.53363435 1550.21350795 1500.5548456
 1510.52460855 1511.17609709 1517.27613566 1509.47717145 1512.76056815
 1522.38927938 1509.58768516 1538.47454246 1505.19146609 1530.85164145
 1517.14274154 1512.38000059 1515.1055972  1517.99777733 1513.92791051
 1533.07186468 1530.25425684 1528.72893713 1534.7096184  1511.2551986
 1520.15097045 1527.81555589 1513.79431968 1530.61810067 1534.78772476
 1514.96799768 1576.28530101 1549.2137857  1549.49605668 1529.49293507
 1537.06367723 1505.84441351 1510.62805341 1529.51081005 1530.39439565
 1527.39257481 1531.60957446 1529.4094191  1519.65927475 1516.44208575
 1517.71457183 1526.99779819 1540.94231975 1510.29800899 1531.77897713
 1494.22101491 1511.15537112 1528.41476285 1513.95522183 1504.29612686
 1512.631383   1507.42796594 1533.25707472 1528.42350667 1536.01780455
 1537.76687926 1537.55744692 1538.63060524 1563.56372382 1534.39643272
 1539.33484622 1522.73939473 1505.81667419 1501.25381966 1506.51879467
 1506.40657948 1521.9369064  1504.91884792 1531.19406968 1504.47532751
 1506.39826581 1493.08457243 1533.56909738 1514.48959759 1518.59995869
 1510.64812353 1508.81593691 1498.49956275 1499.38960663 1520.25420756
 1506.9144798  1512.17014714 1496.39315303 1506.83177206 1512.37478735
 1530.99535511 1516.94154573 1512.29066106 1489.95409537 1509.69913297
 1486.25645346 1498.20873397 1521.22964754 1517.09816498 1512.12937835
 1528.27991841 1505.19927579 1513.10083164 1504.8576884  1532.10607814
 1518.11967097 1479.89383492 1507.51576891 1524.54517112 1533.51571716
 1524.8614552  1515.04016231 1513.59588576 1470.56920288 1516.75882322
 1520.15179703 1526.41450829 1498.28287164 1522.86917382 1538.9377542
 1507.88315362 1520.52106295 1524.16574937 1505.348566   1504.53163656
 1511.45474561 1532.0466498  1526.11911842 1530.68677879 1515.72828269
 1507.13031379 1533.0607166  1522.23293925 1519.81912348 1513.99586009
 1508.42132404 1499.43925708 1506.53260291 1527.67881651 1548.28454351
 1558.01794037 1550.87743475 1537.19090744 1488.82444514 1505.98421504
 1509.54652736 1498.47768243 1511.00399576 1498.86414564 1493.6575035
 1521.86940617 1483.0450492  1494.03769668 1524.95837091 1525.13036835
 1502.25176046 1522.5468841  1530.3038467  1515.64790716 1513.59932245
 1518.39815584 1515.24872626 1500.02848894 1485.58065406 1483.55954863
 1501.62803272 1506.57833115 1491.22865191 1516.24175495 1533.94848176
 1504.64911489] 

Feasible stats: [(  0.,   0.) (  0., 100.) (  0., 100.) ( 53.,  47.) ( 53.,  47.)
 ( 45.,  55.) ( 45.,  55.) ( 62.,  38.) ( 62.,  38.) ( 65.,  35.)
 ( 65.,  35.) ( 62.,  38.) ( 62.,  38.) ( 65.,  35.) ( 65.,  35.)
 ( 57.,  43.) ( 57.,  43.) ( 75.,  25.) ( 75.,  25.) ( 73.,  27.)
 ( 73.,  27.) ( 74.,  26.) ( 74.,  26.) ( 78.,  22.) ( 78.,  22.)
 ( 79.,  21.) ( 79.,  21.) ( 85.,  15.) ( 85.,  15.) ( 82.,  18.)
 ( 82.,  18.) ( 72.,  28.) ( 72.,  28.) ( 76.,  24.) ( 76.,  24.)
 ( 73.,  27.) ( 73.,  27.) ( 84.,  16.) ( 84.,  16.) ( 88.,  12.)
 ( 88.,  12.) ( 83.,  17.) ( 83.,  17.) ( 67.,  33.) ( 67.,  33.)
 ( 66.,  34.) ( 66.,  34.) ( 76.,  24.) ( 76.,  24.) ( 79.,  21.)
 ( 79.,  21.) ( 73.,  27.) ( 73.,  27.) ( 77.,  23.) ( 77.,  23.)
 ( 87.,  13.) ( 87.,  13.) ( 83.,  17.) ( 83.,  17.) ( 85.,  15.)
 ( 85.,  15.) ( 88.,  12.) ( 88.,  12.) ( 87.,  13.) ( 87.,  13.)
 ( 84.,  16.) ( 84.,  16.) ( 99.,   1.) ( 99.,   1.) ( 96.,   4.)
 ( 96.,   4.) ( 83.,  17.) ( 83.,  17.) ( 78.,  22.) ( 78.,  22.)
 ( 65.,  35.) ( 65.,  35.) ( 41.,  59.) ( 41.,  59.) ( 28.,  72.)
 ( 28.,  72.) ( 51.,  49.) ( 51.,  49.) ( 57.,  43.) ( 57.,  43.)
 ( 50.,  50.) ( 50.,  50.) ( 66.,  34.) ( 66.,  34.) ( 88.,  12.)
 ( 88.,  12.) ( 92.,   8.) ( 92.,   8.) ( 94.,   6.) ( 94.,   6.)
 ( 91.,   9.) ( 91.,   9.) ( 84.,  16.) ( 84.,  16.) ( 79.,  21.)
 ( 79.,  21.) ( 65.,  35.) ( 65.,  35.) ( 53.,  47.) ( 53.,  47.)
 ( 57.,  43.) ( 57.,  43.) ( 51.,  49.) ( 51.,  49.) ( 55.,  45.)
 ( 55.,  45.) ( 60.,  40.) ( 60.,  40.) ( 44.,  56.) ( 44.,  56.)
 ( 51.,  49.) ( 51.,  49.) ( 36.,  64.) ( 36.,  64.) ( 34.,  66.)
 ( 34.,  66.) ( 36.,  64.) ( 36.,  64.) ( 20.,  80.) ( 20.,  80.)
 ( 26.,  74.) ( 26.,  74.) ( 71.,  29.) ( 71.,  29.) ( 86.,  14.)
 ( 86.,  14.) ( 91.,   9.) ( 91.,   9.) ( 94.,   6.) ( 94.,   6.)
 ( 92.,   8.) ( 92.,   8.) ( 93.,   7.) ( 93.,   7.) ( 93.,   7.)
 ( 93.,   7.) ( 94.,   6.) ( 94.,   6.) ( 98.,   2.) ( 98.,   2.)
 ( 95.,   5.) ( 95.,   5.) ( 95.,   5.) ( 95.,   5.) ( 96.,   4.)
 ( 96.,   4.) ( 92.,   8.) ( 92.,   8.) ( 91.,   9.) ( 91.,   9.)
 ( 99.,   1.) ( 99.,   1.) ( 94.,   6.) ( 94.,   6.) ( 95.,   5.)
 ( 95.,   5.) ( 90.,  10.) ( 90.,  10.) ( 92.,   8.) ( 92.,   8.)
 ( 94.,   6.) ( 94.,   6.) ( 96.,   4.) ( 96.,   4.) ( 92.,   8.)
 ( 92.,   8.) ( 95.,   5.) ( 95.,   5.) ( 92.,   8.) ( 92.,   8.)
 ( 89.,  11.) ( 89.,  11.) ( 91.,   9.) ( 91.,   9.) ( 90.,  10.)
 ( 90.,  10.) ( 91.,   9.) ( 91.,   9.) ( 92.,   8.) ( 92.,   8.)
 ( 91.,   9.) ( 91.,   9.) ( 88.,  12.) ( 88.,  12.) ( 92.,   8.)
 ( 92.,   8.) ( 91.,   9.) ( 91.,   9.) ( 84.,  16.) ( 84.,  16.)
 ( 87.,  13.) ( 87.,  13.) ( 89.,  11.) ( 89.,  11.) ( 91.,   9.)
 ( 91.,   9.) ( 93.,   7.) ( 93.,   7.) ( 92.,   8.) ( 92.,   8.)
 ( 90.,  10.) ( 90.,  10.) ( 94.,   6.) ( 94.,   6.) ( 88.,  12.)
 ( 88.,  12.) ( 92.,   8.) ( 92.,   8.) ( 86.,  14.) ( 86.,  14.)
 ( 81.,  19.) ( 81.,  19.) ( 90.,  10.) ( 90.,  10.) ( 88.,  12.)
 ( 88.,  12.) ( 90.,  10.) ( 90.,  10.) ( 90.,  10.) ( 90.,  10.)
 ( 79.,  21.) ( 79.,  21.) ( 79.,  21.) ( 79.,  21.) ( 80.,  20.)
 ( 80.,  20.) ( 92.,   8.) ( 92.,   8.) ( 93.,   7.) ( 93.,   7.)
 ( 92.,   8.) ( 92.,   8.) ( 94.,   6.) ( 94.,   6.) ( 94.,   6.)
 ( 94.,   6.) ( 92.,   8.) ( 92.,   8.) ( 93.,   7.) ( 93.,   7.)
 ( 95.,   5.) ( 95.,   5.) ( 94.,   6.) ( 94.,   6.) ( 92.,   8.)
 ( 92.,   8.) ( 88.,  12.) ( 88.,  12.) ( 93.,   7.) ( 93.,   7.)
 ( 98.,   2.) ( 98.,   2.) ( 93.,   7.) ( 93.,   7.) ( 93.,   7.)
 ( 93.,   7.) ( 96.,   4.) ( 96.,   4.) ( 92.,   8.) ( 92.,   8.)
 ( 95.,   5.) ( 95.,   5.) ( 93.,   7.) ( 93.,   7.) ( 95.,   5.)
 ( 95.,   5.) ( 89.,  11.) ( 89.,  11.) ( 93.,   7.) ( 93.,   7.)
 ( 94.,   6.) ( 94.,   6.) ( 94.,   6.) ( 94.,   6.) ( 91.,   9.)
 ( 91.,   9.) ( 96.,   4.) ( 96.,   4.) ( 97.,   3.) ( 97.,   3.)
 ( 94.,   6.) ( 94.,   6.) ( 94.,   6.) ( 94.,   6.) ( 95.,   5.)
 ( 95.,   5.) ( 91.,   9.) ( 91.,   9.) ( 95.,   5.) ( 95.,   5.)
 ( 94.,   6.) ( 94.,   6.) ( 89.,  11.) ( 89.,  11.) ( 90.,  10.)
 ( 90.,  10.) ( 89.,  11.) ( 89.,  11.) ( 92.,   8.) ( 92.,   8.)
 ( 92.,   8.) ( 92.,   8.) ( 91.,   9.) ( 91.,   9.) ( 90.,  10.)
 ( 90.,  10.) ( 92.,   8.) ( 92.,   8.) ( 91.,   9.) ( 91.,   9.)
 ( 92.,   8.) ( 92.,   8.) ( 94.,   6.) ( 94.,   6.) ( 96.,   4.)
 ( 96.,   4.) ( 96.,   4.) ( 96.,   4.) ( 95.,   5.) ( 95.,   5.)
 ( 95.,   5.) ( 95.,   5.) ( 97.,   3.) ( 97.,   3.) ( 95.,   5.)
 ( 95.,   5.) ( 92.,   8.) ( 92.,   8.) ( 97.,   3.) ( 97.,   3.)
 ( 96.,   4.) ( 96.,   4.) ( 92.,   8.) ( 92.,   8.) ( 91.,   9.)
 ( 91.,   9.) ( 98.,   2.) ( 98.,   2.) ( 96.,   4.) ( 96.,   4.)
 ( 93.,   7.) ( 93.,   7.) ( 93.,   7.) ( 93.,   7.) ( 97.,   3.)
 ( 97.,   3.) ( 97.,   3.) ( 97.,   3.) ( 94.,   6.) ( 94.,   6.)
 ( 94.,   6.) ( 94.,   6.) ( 91.,   9.) ( 91.,   9.) ( 98.,   2.)
 ( 98.,   2.) ( 93.,   7.) ( 93.,   7.) ( 96.,   4.) ( 96.,   4.)
 ( 94.,   6.) ( 94.,   6.) ( 96.,   4.) ( 96.,   4.) ( 89.,  11.)
 ( 89.,  11.) ( 93.,   7.) ( 93.,   7.) ( 92.,   8.) ( 92.,   8.)
 ( 91.,   9.) ( 91.,   9.) ( 93.,   7.) ( 93.,   7.) ( 92.,   8.)
 ( 92.,   8.) ( 94.,   6.) ( 94.,   6.) ( 93.,   7.) ( 93.,   7.)
 ( 89.,  11.) ( 89.,  11.) ( 93.,   7.) ( 93.,   7.) ( 91.,   9.)
 ( 91.,   9.) ( 93.,   7.) ( 93.,   7.) ( 92.,   8.) ( 92.,   8.)
 ( 91.,   9.) ( 91.,   9.) ( 92.,   8.) ( 92.,   8.) ( 93.,   7.)
 ( 93.,   7.) ( 93.,   7.) ( 93.,   7.) ( 95.,   5.) ( 95.,   5.)
 ( 96.,   4.) ( 96.,   4.) ( 94.,   6.) ( 94.,   6.) ( 91.,   9.)
 ( 91.,   9.) ( 91.,   9.) ( 91.,   9.) ( 93.,   7.) ( 93.,   7.)
 ( 93.,   7.) ( 93.,   7.) ( 92.,   8.) ( 92.,   8.) ( 92.,   8.)
 ( 92.,   8.) ( 95.,   5.) ( 95.,   5.) ( 93.,   7.) ( 93.,   7.)
 ( 91.,   9.) ( 91.,   9.) ( 98.,   2.) ( 98.,   2.) ( 94.,   6.)
 ( 94.,   6.) ( 91.,   9.) ( 91.,   9.) ( 91.,   9.) ( 91.,   9.)
 ( 89.,  11.) ( 89.,  11.) ( 96.,   4.) ( 96.,   4.) ( 95.,   5.)
 ( 95.,   5.) ( 92.,   8.) ( 92.,   8.) ( 90.,  10.) ( 90.,  10.)
 ( 95.,   5.) ( 95.,   5.) ( 89.,  11.) ( 89.,  11.) ( 98.,   2.)
 ( 98.,   2.) ( 92.,   8.) ( 92.,   8.) ( 95.,   5.) ( 95.,   5.)
 ( 92.,   8.) ( 92.,   8.) ( 94.,   6.) ( 94.,   6.) ( 94.,   6.)
 ( 94.,   6.) ( 94.,   6.) ( 94.,   6.) ( 95.,   5.) ( 95.,   5.)
 ( 93.,   7.) ( 93.,   7.) ( 92.,   8.) ( 92.,   8.) ( 90.,  10.)
 ( 90.,  10.) ( 96.,   4.) ( 96.,   4.) ( 95.,   5.) ( 95.,   5.)
 ( 93.,   7.) ( 93.,   7.) ( 92.,   8.) ( 92.,   8.) ( 91.,   9.)
 ( 91.,   9.) ( 92.,   8.) ( 92.,   8.) ( 90.,  10.) ( 90.,  10.)
 ( 94.,   6.) ( 94.,   6.) ( 95.,   5.) ( 95.,   5.) ( 90.,  10.)
 ( 90.,  10.) ( 93.,   7.) ( 93.,   7.) ( 86.,  14.) ( 86.,  14.)
 ( 86.,  14.) ( 86.,  14.) ( 86.,  14.) ( 86.,  14.) ( 79.,  21.)
 ( 79.,  21.) ( 86.,  14.) ( 86.,  14.) ( 92.,   8.) ( 92.,   8.)
 ( 76.,  24.) ( 76.,  24.) ( 65.,  35.) ( 65.,  35.) ( 55.,  45.)
 ( 55.,  45.) ( 59.,  41.) ( 59.,  41.) ( 59.,  41.) ( 59.,  41.)
 ( 49.,  51.) ( 49.,  51.) ( 40.,  60.) ( 40.,  60.) ( 37.,  63.)
 ( 37.,  63.) ( 28.,  72.) ( 28.,  72.) ( 25.,  75.) ( 25.,  75.)
 ( 18.,  82.) ( 18.,  82.) ( 10.,  90.) ( 10.,  90.) ( 13.,  87.)
 ( 13.,  87.) ( 12.,  88.) ( 12.,  88.) ( 95.,   5.) ( 95.,   5.)
 (  6.,  94.) (  6.,  94.) ( 10.,  90.) ( 10.,  90.) ( 15.,  85.)
 ( 15.,  85.) ( 12.,  88.) ( 12.,  88.) ( 95.,   5.) ( 95.,   5.)
 (  5.,  95.) (  5.,  95.) (  8.,  92.) (  8.,  92.) ( 11.,  89.)
 ( 11.,  89.) ( 17.,  83.) ( 17.,  83.) ( 86.,  14.) ( 86.,  14.)
 (  6.,  94.) (  6.,  94.) (  8.,  92.) (  8.,  92.) ( 17.,  83.)
 ( 17.,  83.) ( 13.,  87.) ( 13.,  87.) ( 97.,   3.) ( 97.,   3.)
 (  3.,  97.) (  3.,  97.) (  8.,  92.) (  8.,  92.) ( 16.,  84.)
 ( 16.,  84.) ( 18.,  82.) ( 18.,  82.) ( 87.,  13.) ( 87.,  13.)
 ( 13.,  87.) ( 13.,  87.) ( 16.,  84.) ( 16.,  84.) ( 15.,  85.)
 ( 15.,  85.) ( 17.,  83.) ( 17.,  83.) ( 90.,  10.) ( 90.,  10.)
 ( 10.,  90.) ( 10.,  90.) ( 10.,  90.) ( 10.,  90.) ( 13.,  87.)
 ( 13.,  87.) ( 22.,  78.) ( 22.,  78.) ( 85.,  15.) ( 85.,  15.)
 ( 17.,  83.) ( 17.,  83.) ( 17.,  83.) ( 17.,  83.) ( 18.,  82.)
 ( 18.,  82.) ( 17.,  83.) ( 17.,  83.) ( 95.,   5.) ( 95.,   5.)
 (  6.,  94.) (  6.,  94.) ( 12.,  88.) ( 12.,  88.) ( 13.,  87.)
 ( 13.,  87.) ( 11.,  89.) ( 11.,  89.) ( 85.,  15.) ( 85.,  15.)
 (  6.,  94.) (  6.,  94.) ( 13.,  87.) ( 13.,  87.) ( 17.,  83.)
 ( 17.,  83.) ( 13.,  87.) ( 13.,  87.) ( 95.,   5.) ( 95.,   5.)
 ( 13.,  87.) ( 13.,  87.) ( 14.,  86.) ( 14.,  86.) ( 22.,  78.)
 ( 22.,  78.) ( 21.,  79.) ( 21.,  79.) ( 88.,  12.) ( 88.,  12.)
 ( 34.,  66.) ( 34.,  66.) ( 66.,  34.) ( 66.,  34.) ( 91.,   9.)
 ( 91.,   9.) ( 94.,   6.) ( 94.,   6.) ( 94.,   6.) ( 94.,   6.)
 ( 89.,  11.) ( 89.,  11.) ( 92.,   8.) ( 92.,   8.) ( 93.,   7.)
 ( 93.,   7.) ( 91.,   9.) ( 91.,   9.) ( 91.,   9.) ( 91.,   9.)
 ( 94.,   6.) ( 94.,   6.) ( 98.,   2.) ( 98.,   2.) ( 99.,   1.)
 ( 99.,   1.) ( 98.,   2.) ( 98.,   2.) ( 99.,   1.) ( 99.,   1.)
 ( 98.,   2.) ( 98.,   2.) ( 94.,   6.) ( 94.,   6.) ( 96.,   4.)
 ( 96.,   4.) ( 97.,   3.) ( 97.,   3.) ( 95.,   5.) ( 95.,   5.)
 ( 94.,   6.) ( 94.,   6.) ( 99.,   1.) ( 99.,   1.) ( 99.,   1.)
 ( 99.,   1.) ( 97.,   3.) ( 97.,   3.) ( 96.,   4.) ( 96.,   4.)
 ( 94.,   6.) ( 94.,   6.) ( 97.,   3.) ( 97.,   3.) ( 99.,   1.)
 ( 99.,   1.) ( 93.,   7.) ( 93.,   7.) ( 97.,   3.) ( 97.,   3.)
 ( 94.,   6.) ( 94.,   6.) ( 98.,   2.) ( 98.,   2.) ( 98.,   2.)
 ( 98.,   2.) ( 97.,   3.) ( 97.,   3.) ( 95.,   5.) ( 95.,   5.)
 ( 99.,   1.) ( 99.,   1.) ( 96.,   4.) ( 96.,   4.) ( 99.,   1.)
 ( 99.,   1.) ( 99.,   1.) ( 99.,   1.) ( 97.,   3.) ( 97.,   3.)
 ( 97.,   3.) ( 97.,   3.) ( 98.,   2.) ( 98.,   2.) ( 96.,   4.)
 ( 96.,   4.) ( 99.,   1.) ( 99.,   1.) ( 94.,   6.) ( 94.,   6.)
 ( 94.,   6.) ( 94.,   6.) ( 93.,   7.) ( 93.,   7.) ( 97.,   3.)
 ( 97.,   3.) ( 96.,   4.) ( 96.,   4.) ( 96.,   4.) ( 96.,   4.)
 ( 97.,   3.) ( 97.,   3.) ( 97.,   3.) ( 97.,   3.) ( 96.,   4.)
 ( 96.,   4.) ( 97.,   3.) ( 97.,   3.) ( 91.,   9.) ( 91.,   9.)
 ( 95.,   5.) ( 95.,   5.) ( 97.,   3.) ( 97.,   3.) ( 97.,   3.)
 ( 97.,   3.) ( 97.,   3.) ( 97.,   3.) ( 94.,   6.) ( 94.,   6.)
 ( 94.,   6.) ( 94.,   6.) ( 98.,   2.) ( 98.,   2.) ( 96.,   4.)
 ( 96.,   4.) ( 98.,   2.) ( 98.,   2.) ( 98.,   2.) ( 98.,   2.)
 ( 97.,   3.) ( 97.,   3.) ( 98.,   2.) ( 98.,   2.) ( 96.,   4.)
 ( 96.,   4.) ( 97.,   3.) ( 97.,   3.) ( 96.,   4.) ( 96.,   4.)
 ( 96.,   4.) ( 96.,   4.) ( 96.,   4.) ( 96.,   4.) ( 97.,   3.)
 ( 97.,   3.) ( 98.,   2.) ( 98.,   2.) ( 96.,   4.) ( 96.,   4.)
 ( 96.,   4.) ( 96.,   4.) ( 96.,   4.) ( 96.,   4.) ( 98.,   2.)
 ( 98.,   2.) ( 98.,   2.) ( 98.,   2.) (100.,   0.) (100.,   0.)
 ( 96.,   4.) ( 96.,   4.) ( 92.,   8.) ( 92.,   8.) ( 99.,   1.)
 ( 99.,   1.) ( 99.,   1.) ( 99.,   1.) ( 97.,   3.) ( 97.,   3.)
 ( 98.,   2.) ( 98.,   2.) ( 97.,   3.) ( 97.,   3.) ( 97.,   3.)
 ( 97.,   3.) ( 96.,   4.) ( 96.,   4.) ( 96.,   4.) ( 96.,   4.)
 ( 98.,   2.) ( 98.,   2.) ( 95.,   5.) ( 95.,   5.) ( 96.,   4.)
 ( 96.,   4.) ( 93.,   7.) ( 93.,   7.) ( 99.,   1.) ( 99.,   1.)
 (100.,   0.) (100.,   0.) ( 97.,   3.) ( 97.,   3.) ( 97.,   3.)
 ( 97.,   3.) ( 97.,   3.) ( 97.,   3.) ( 99.,   1.) ( 99.,   1.)
 ( 98.,   2.) ( 98.,   2.) ( 97.,   3.) ( 97.,   3.) (100.,   0.)
 (100.,   0.) ( 95.,   5.) ( 95.,   5.) ( 97.,   3.) ( 97.,   3.)
 ( 97.,   3.) ( 97.,   3.) ( 96.,   4.) ( 96.,   4.) ( 95.,   5.)
 ( 95.,   5.) ( 97.,   3.) ( 97.,   3.) ( 97.,   3.) ( 97.,   3.)
 ( 96.,   4.) ( 96.,   4.) ( 97.,   3.) ( 97.,   3.) ( 95.,   5.)
 ( 95.,   5.) ( 98.,   2.) ( 98.,   2.) ( 94.,   6.) ( 94.,   6.)
 ( 97.,   3.) ( 97.,   3.) ( 98.,   2.) ( 98.,   2.) ( 98.,   2.)
 ( 98.,   2.) ( 98.,   2.) ( 98.,   2.) ( 96.,   4.) ( 96.,   4.)
 ( 97.,   3.) ( 97.,   3.) ( 94.,   6.) ( 94.,   6.) ( 95.,   5.)
 ( 95.,   5.) ( 98.,   2.) ( 98.,   2.) ( 96.,   4.) ( 96.,   4.)
 ( 99.,   1.) ( 99.,   1.) ( 97.,   3.) ( 97.,   3.) ( 98.,   2.)
 ( 98.,   2.) ( 98.,   2.) ( 98.,   2.) ( 97.,   3.) ( 97.,   3.)
 ( 97.,   3.) ( 97.,   3.) ( 97.,   3.) ( 97.,   3.) ( 97.,   3.)
 ( 97.,   3.) ( 98.,   2.) ( 98.,   2.) ( 95.,   5.) ( 95.,   5.)
 ( 96.,   4.) ( 96.,   4.) ( 96.,   4.) ( 96.,   4.) ( 97.,   3.)
 ( 97.,   3.) ( 96.,   4.) ( 96.,   4.) ( 97.,   3.) ( 97.,   3.)
 ( 97.,   3.) ( 97.,   3.) ( 97.,   3.) ( 97.,   3.) ( 96.,   4.)
 ( 96.,   4.) ( 97.,   3.) ( 97.,   3.) ( 97.,   3.) ( 97.,   3.)
 ( 99.,   1.) ( 99.,   1.) ( 98.,   2.) ( 98.,   2.) ( 98.,   2.)
 ( 98.,   2.) ( 94.,   6.) ( 94.,   6.) ( 99.,   1.) ( 99.,   1.)
 ( 96.,   4.) ( 96.,   4.) ( 98.,   2.) ( 98.,   2.) ( 94.,   6.)
 ( 94.,   6.) ( 92.,   8.) ( 92.,   8.) ( 97.,   3.) ( 97.,   3.)
 ( 95.,   5.) ( 95.,   5.) ( 99.,   1.) ( 99.,   1.) ( 97.,   3.)
 ( 97.,   3.) ( 95.,   5.) ( 95.,   5.) ( 96.,   4.) ( 96.,   4.)
 ( 94.,   6.) ( 94.,   6.) ( 97.,   3.) ( 97.,   3.) ( 95.,   5.)
 ( 95.,   5.) ( 98.,   2.) ( 98.,   2.) ( 96.,   4.) ( 96.,   4.)
 ( 98.,   2.) ( 98.,   2.) ( 95.,   5.) ( 95.,   5.) ( 98.,   2.)
 ( 98.,   2.) ( 97.,   3.) ( 97.,   3.) ( 92.,   8.) ( 92.,   8.)
 ( 96.,   4.) ( 96.,   4.) (100.,   0.) (100.,   0.) ( 98.,   2.)
 ( 98.,   2.) (100.,   0.) (100.,   0.) (100.,   0.) (100.,   0.)
 ( 99.,   1.) ( 99.,   1.) ( 94.,   6.) ( 94.,   6.) ( 97.,   3.)
 ( 97.,   3.) ( 98.,   2.) ( 98.,   2.) ( 98.,   2.) ( 98.,   2.)
 ( 98.,   2.) ( 98.,   2.) ( 93.,   7.) ( 93.,   7.) ( 97.,   3.)
 ( 97.,   3.)] 
Solution Description: 
p: [  0.          13.68141235  36.22684329  38.51034674  73.05762612
 123.38817821 184.85317748 218.18283966 236.40743268 236.9420537
   0.          11.41460818  22.23054736  46.81347505  79.07373203
 146.49709009 170.68607246 239.1681198  259.30723527 298.61813641
 325.17841627 334.79852461   0.          73.45790906 109.51597543
 111.88435878 152.95713565 191.59982719 205.8587142  230.25023138
 231.42556035 360.56248693 376.12885043 376.39579564 407.05859233
 407.72691411   0.          10.51101384 111.63887124 117.67380408
 117.68386695 168.60907798 179.58609075 189.71009196 224.35799986
 297.53420341 323.68804252 357.24408912 368.05296624 413.77626131
 436.82212648 450.68606156] 
pred: [ 0  0  0  2  3  3  3  3  3  3  0  0  0  0  0  0  0  0  7  7  7  7  0  0
  0  0  3  3  3  3  3  8  8  8  8  8  0  0  0  0  0  0  4  4  4  4  9  9
  9 12 12 12] 
distance [  0.          13.68141235  36.22684329   2.28350345  34.54727937
  84.87783147 146.34283074 179.67249292 197.89708593 198.43170696
   0.          11.41460818  22.23054736  46.81347505  79.07373203
 146.49709009 170.68607246 239.1681198   20.13911547  59.45001662
  86.01029648  95.63040482   0.          73.45790906 109.51597543
 111.88435878  41.07277687  79.71546841  93.97435542 118.3658726
 119.54120157 129.13692659 144.70329008 144.97023529 175.63303198
 176.30135377   0.          10.51101384 111.63887124 117.67380408
 117.68386695 168.60907798  61.90222379  72.02622501 106.67413291
 179.85033646  26.15383911  59.70988571  70.51876283  45.72329507
  68.76916024  82.63309532]
load: [ 0 14 30 11 13 35 54 64 80 87  0 18 40 53 61 66 78 81 25 30 46 67  0 12
 29 54  6 20 24 37 51  9 28 44 64 84  0  8 17 26 36 55 25 40 55 60 13 16
 26 21 46 70] 
time: [  0.         159.         456.         322.          80.
 115.34683757 171.22731303 414.         443.16015238 490.33293833
   0.          90.         182.         204.9745632  227.33656369
 274.9767062  399.         459.28340526 130.         160.
 398.         455.04593794   0.         317.         434.
 480.44100997 269.         329.         341.2602819  381.20559136
 415.7732935  108.         140.15799758 192.         226.79080928
 241.03135234   0.         121.         257.         340.
 384.93620794 453.08297642 325.46934669 443.         485.92676098
 554.61443468 207.         253.17261529 266.34700383 115.
 414.         459.        ] 
time warps: [0 0 0 0 0 0 0 0 0 0 0 0 0 0 0 0 0 0 0 0 0 0 0 0 0 0 0 0 0 0 0 0 0 0 0 0 0
 0 0 0 0 0 0 0 0 0 0 0 0 0 0 0] 
duration: [  0.          17.68141235 320.68342895  11.28350345  41.54727937
 116.87783147 195.34283074 410.37249982 449.59709284 454.13171386
   0.          12.41460818 113.0459972  143.62892489 185.88918187
 277.31253993 386.16853537 467.6505827   29.13911547  86.64422529
 337.70754865 370.32765699   0.          74.45790906 203.33593685
 223.7043202   43.07277687 123.95010699 161.208994   195.60051118
 216.77584015 131.13692659 167.70329008 193.01987139 228.68266808
 237.35098987   0.          17.51101384 203.07138045 298.86581688
 311.87587975 372.80109077  81.90222379 212.86957401 265.51748192
 341.69368547  48.15383911  85.70988571 103.51876283  55.72329507
 360.05582284 416.78695721]

All individuals: [(93, [ 9, 11, 13, 15, 35, 32, 37,  9, 42, 46, 48,  3, 11, 10, 34,  7, 41,  4,  1, 19, 45,  6, 27, 22,  5, 18, 16, 26, 25, 15, 30, 23, 13, 33, 20,  8, 29,  2, 28, 14, 36, 24, 12, 38, 40, 17, 39, 44, 31, 47, 21, 43], 1430.15355399, 1481.07876501, 0.,  0.        , 0., 0., 0, 0, 0.)
 (93, [ 9, 11, 13, 15, 35, 32, 37,  9, 42, 46, 48,  3, 11, 10, 34,  7, 41,  4,  1, 19, 45,  6, 27, 22,  5, 18, 16, 26, 25, 15, 30, 23, 13, 33, 20,  8, 29,  2, 28, 14, 36, 24, 12, 38, 40, 17, 39, 44, 31, 47, 21, 43], 1430.15355399, 1481.07876501, 0.,  0.        , 0., 0., 0, 0, 0.)
 (93, [ 9, 11, 13, 15, 35, 32, 37,  9, 42, 46, 48,  3, 11, 10, 34,  7, 41,  4,  1, 19, 45,  6, 27, 22,  5, 18, 16, 26, 25, 15, 30, 23, 13, 33, 20,  8, 29,  2, 28, 14, 36, 24, 12, 38, 40, 17, 39, 44, 31, 47, 21, 43], 1430.15355399, 1481.07876501, 0.,  0.        , 0., 0., 0, 0, 0.)
 (93, [ 9, 11, 13, 15, 35, 32, 37,  9, 42, 46, 48,  3, 11, 10, 34,  7, 41,  4,  1, 19, 45,  6, 27, 22,  5, 18, 16, 26, 25, 15, 30, 23, 13, 33, 20,  8, 29,  2, 28, 14, 36, 24, 12, 38, 40, 17, 39, 44, 31, 47, 21, 43], 1430.15355399, 1481.07876501, 0.,  0.        , 0., 0., 0, 0, 0.)
 (93, [ 9, 11, 13, 15, 35, 32, 37,  9, 42, 46, 48,  3, 11, 10, 34,  7, 41,  4,  1, 19, 45,  6, 27, 22,  5, 18, 16, 26, 25, 15, 30, 23, 13, 33, 20,  8, 29,  2, 28, 14, 36, 24, 12, 38, 40, 17, 39, 44, 31, 47, 21, 43], 1430.15355399, 1481.07876501, 0.,  0.        , 0., 0., 0, 0, 0.)
 (93, [ 9, 11, 13, 15, 35, 32, 37,  9, 42, 46, 48,  3, 11, 10, 34,  7, 41,  4,  1, 19, 45,  6, 27, 22,  5, 18, 16, 26, 25, 15, 30, 23, 13, 33, 20,  8, 29,  2, 28, 14, 36, 24, 12, 38, 40, 17, 39, 44, 31, 47, 21, 43], 1430.15355399, 1481.07876501, 0.,  0.        , 0., 0., 0, 0, 0.)
 (93, [ 9, 11, 13, 15, 35, 32, 37,  9, 42, 46, 48,  3, 11, 10, 34,  7, 41,  4,  1, 19, 45,  6, 27, 22,  5, 18, 16, 26, 25, 15, 30, 23, 13, 33, 20,  8, 29,  2, 28, 14, 36, 24, 12, 38, 40, 17, 39, 44, 31, 47, 21, 43], 1430.15355399, 1481.07876501, 0.,  0.        , 0., 0., 0, 0, 0.)
 (93, [ 9, 11, 13, 15, 35, 32, 37,  9, 42, 46, 48,  3, 11, 10, 34,  7, 41,  4,  1, 19, 45,  6, 27, 22,  5, 18, 16, 26, 25, 15, 30, 23, 13, 33, 20,  8, 29,  2, 28, 14, 36, 24, 12, 38, 40, 17, 39, 44, 31, 47, 21, 43], 1430.15355399, 1481.07876501, 0.,  0.        , 0., 0., 0, 0, 0.)
 (93, [ 9, 11, 13, 15, 35, 32, 37,  9, 42, 46, 48,  3, 11, 10, 34,  7, 41,  4,  1, 19, 45,  6, 27, 22,  5, 18, 16, 26, 25, 15, 30, 23, 13, 33, 20,  8, 29,  2, 28, 14, 36, 24, 12, 38, 40, 17, 39, 44, 31, 47, 21, 43], 1430.15355399, 1481.07876501, 0.,  0.        , 0., 0., 0, 0, 0.)
 (93, [ 9, 11, 13, 15, 35, 32, 37,  9, 42, 46, 48,  3, 11, 10, 34,  7, 41,  4,  1, 19, 45,  6, 27, 22,  5, 18, 16, 26, 25, 15, 30, 23, 13, 33, 20,  8, 29,  2, 28, 14, 36, 24, 12, 38, 40, 17, 39, 44, 31, 47, 21, 43], 1430.15355399, 1481.07876501, 0.,  0.        , 0., 0., 0, 0, 0.)
 (93, [ 9, 11, 13, 15, 35, 32, 37,  9, 42, 46, 48,  3, 11, 10, 34,  7, 41,  4,  1, 19, 45,  6, 27, 22,  5, 18, 16, 26, 25, 15, 30, 23, 13, 33, 20,  8, 29,  2, 28, 14, 36, 24, 12, 38, 40, 17, 39, 44, 31, 47, 21, 43], 1430.15355399, 1481.07876501, 0.,  0.        , 0., 0., 0, 0, 0.)
 (93, [ 9, 11, 13, 15, 35, 32, 37,  9, 42, 46, 48,  3, 11, 10, 34,  7, 41,  4,  1, 19, 45,  6, 27, 22,  5, 18, 16, 26, 25, 15, 30, 23, 13, 33, 20,  8, 29,  2, 28, 14, 36, 24, 12, 38, 40, 17, 39, 44, 31, 47, 21, 43], 1430.15355399, 1481.07876501, 0.,  0.        , 0., 0., 0, 0, 0.)
 (93, [ 9, 11, 13, 15, 35, 32, 37,  9, 42, 46, 48,  3, 11, 10, 34,  7, 41,  4,  1, 19, 45,  6, 27, 22,  5, 18, 16, 26, 25, 15, 30, 23, 13, 33, 20,  8, 29,  2, 28, 14, 36, 24, 12, 38, 40, 17, 39, 44, 31, 47, 21, 43], 1430.15355399, 1481.07876501, 0.,  0.        , 0., 0., 0, 0, 0.)
 (93, [ 9, 11, 13, 15, 35, 32, 37,  9, 42, 46, 48,  3, 11, 10, 34,  7, 41,  4,  1, 19, 45,  6, 27, 22,  5, 18, 16, 26, 25, 15, 30, 23, 13, 33, 20,  8, 29,  2, 28, 14, 36, 24, 12, 38, 40, 17, 39, 44, 31, 47, 21, 43], 1430.15355399, 1481.07876501, 0.,  0.        , 0., 0., 0, 0, 0.)
 (93, [ 9, 11, 13, 15, 35, 32, 37,  9, 42, 46, 48,  3, 11, 10, 34,  7, 41,  4,  1, 19, 45,  6, 27, 22,  5, 18, 16, 26, 25, 15, 30, 23, 13, 33, 20,  8, 29,  2, 28, 14, 36, 24, 12, 38, 40, 17, 39, 44, 31, 47, 21, 43], 1430.15355399, 1481.07876501, 0.,  0.        , 0., 0., 0, 0, 0.)
 (93, [ 9, 11, 13, 15, 35, 32, 37,  9, 42, 46, 48,  3, 11, 10, 34,  7, 41,  4,  1, 19, 45,  6, 27, 22,  5, 18, 16, 26, 25, 15, 30, 23, 13, 33, 20,  8, 29,  2, 28, 14, 36, 24, 12, 38, 40, 17, 39, 44, 31, 47, 21, 43], 1430.15355399, 1481.07876501, 0.,  0.        , 0., 0., 0, 0, 0.)
 (93, [ 9, 11, 13, 15, 35, 32, 37,  9, 42, 46, 48,  3, 11, 10, 34,  7, 41,  4,  1, 19, 45,  6, 27, 22,  5, 18, 16, 26, 25, 15, 30, 23, 13, 33, 20,  8, 29,  2, 28, 14, 36, 24, 12, 38, 40, 17, 39, 44, 31, 47, 21, 43], 1430.15355399, 1481.07876501, 0.,  0.        , 0., 0., 0, 0, 0.)
 (93, [ 9, 11, 13, 15, 35, 32, 37,  9, 42, 46, 48,  3, 11, 10, 34,  7, 41,  4,  1, 19, 45,  6, 27, 22,  5, 18, 16, 26, 25, 15, 30, 23, 13, 33, 20,  8, 29,  2, 28, 14, 36, 24, 12, 38, 40, 17, 39, 44, 31, 47, 21, 43], 1430.15355399, 1481.07876501, 0.,  0.        , 0., 0., 0, 0, 0.)
 (93, [ 9, 11, 13, 15, 35, 32, 37,  9, 42, 46, 48,  3, 11, 10, 34,  7, 41,  4,  1, 19, 45,  6, 27, 22,  5, 18, 16, 26, 25, 15, 30, 23, 13, 33, 20,  8, 29,  2, 28, 14, 36, 24, 12, 38, 40, 17, 39, 44, 31, 47, 21, 43], 1430.15355399, 1481.07876501, 0.,  0.        , 0., 0., 0, 0, 0.)
 (93, [ 9, 11, 13, 15, 35, 32, 37,  9, 42, 46, 48,  3, 11, 10, 34,  7, 41,  4,  1, 19, 45,  6, 27, 22,  5, 18, 16, 26, 25, 15, 30, 23, 13, 33, 20,  8, 29,  2, 28, 14, 36, 24, 12, 38, 40, 17, 39, 44, 31, 47, 21, 43], 1430.15355399, 1481.07876501, 0.,  0.        , 0., 0., 0, 0, 0.)
 (93, [ 9, 11, 13, 15, 35, 32, 37,  9, 42, 46, 48,  3, 11, 10, 34,  7, 41,  4,  1, 19, 45,  6, 27, 22,  5, 18, 16, 26, 25, 15, 30, 23, 13, 33, 20,  8, 29,  2, 28, 14, 36, 24, 12, 38, 40, 17, 39, 44, 31, 47, 21, 43], 1430.15355399, 1481.07876501, 0.,  0.        , 0., 0., 0, 0, 0.)
 (93, [ 9, 11, 13, 15, 35, 32, 37,  9, 42, 46, 48,  3, 11, 10, 34,  7, 41,  4,  1, 19, 45,  6, 27, 22,  5, 18, 16, 26, 25, 15, 30, 23, 13, 33, 20,  8, 29,  2, 28, 14, 36, 24, 12, 38, 40, 17, 39, 44, 31, 47, 21, 43], 1430.15355399, 1481.07876501, 0.,  0.        , 0., 0., 0, 0, 0.)
 (93, [ 9, 11, 13, 15, 35, 32, 37,  9, 42, 46, 48,  3, 11, 10, 34,  7, 41,  4,  1, 19, 45,  6, 27, 22,  5, 18, 16, 26, 25, 15, 30, 23, 13, 33, 20,  8, 29,  2, 28, 14, 36, 24, 12, 38, 40, 17, 39, 44, 31, 47, 21, 43], 1430.15355399, 1481.07876501, 0.,  0.        , 0., 0., 0, 0, 0.)
 (93, [ 9, 11, 13, 15, 35, 32, 37,  9, 42, 46, 48,  3, 11, 10, 34,  7, 41,  4,  1, 19, 45,  6, 27, 22,  5, 18, 16, 26, 25, 15, 30, 23, 13, 33, 20,  8, 29,  2, 28, 14, 36, 24, 12, 38, 40, 17, 39, 44, 31, 47, 21, 43], 1430.15355399, 1481.07876501, 0.,  0.        , 0., 0., 0, 0, 0.)
 (93, [ 9, 11, 13, 15, 35, 32, 37,  9, 42, 46, 48,  3, 11, 10, 34,  7, 41,  4,  1, 19, 45,  6, 27, 22,  5, 18, 16, 26, 25, 15, 30, 23, 13, 33, 20,  8, 29,  2, 28, 14, 36, 24, 12, 38, 40, 17, 39, 44, 31, 47, 21, 43], 1430.15355399, 1481.07876501, 0.,  0.        , 0., 0., 0, 0, 0.)
 (93, [ 9, 11, 13, 15, 35, 32, 37,  9, 42, 46, 48,  3, 11, 10, 34,  7, 41,  4,  1, 19, 45,  6, 27, 22,  5, 18, 16, 26, 25, 15, 30, 23, 13, 33, 20,  8, 29,  2, 28, 14, 36, 24, 12, 38, 40, 17, 39, 44, 31, 47, 21, 43], 1430.15355399, 1481.07876501, 0.,  0.        , 0., 0., 0, 0, 0.)
 (93, [ 9, 11, 13, 15, 35, 32, 37,  9, 42, 46, 48,  3, 11, 10, 34,  7, 41,  4,  1, 19, 45,  6, 27, 22,  5, 18, 16, 26, 25, 15, 30, 23, 13, 33, 20,  8, 29,  2, 28, 14, 36, 24, 12, 38, 40, 17, 39, 44, 31, 47, 21, 43], 1430.15355399, 1481.07876501, 0.,  0.        , 0., 0., 0, 0, 0.)
 (93, [ 9, 11, 13, 15, 35, 32, 37,  9, 42, 46, 48,  3, 11, 10, 34,  7, 41,  4,  1, 19, 45,  6, 27, 22,  5, 18, 16, 26, 25, 15, 30, 23, 13, 33, 20,  8, 29,  2, 28, 14, 36, 24, 12, 38, 40, 17, 39, 44, 31, 47, 21, 43], 1430.15355399, 1481.07876501, 0.,  0.        , 0., 0., 0, 0, 0.)
 (93, [ 9, 11, 13, 15, 35, 32, 37,  9, 42, 46, 48,  3, 11, 10, 34,  7, 41,  4,  1, 19, 45,  6, 27, 22,  5, 18, 16, 26, 25, 15, 30, 23, 13, 33, 20,  8, 29,  2, 28, 14, 36, 24, 12, 38, 40, 17, 39, 44, 31, 47, 21, 43], 1430.15355399, 1481.07876501, 0.,  0.        , 0., 0., 0, 0, 0.)
 (93, [ 9, 11, 13, 15, 35, 32, 37,  9, 42, 46, 48,  3, 11, 10, 34,  7, 41,  4,  1, 19, 45,  6, 27, 22,  5, 18, 16, 26, 25, 15, 30, 23, 13, 33, 20,  8, 29,  2, 28, 14, 36, 24, 12, 38, 40, 17, 39, 44, 31, 47, 21, 43], 1430.15355399, 1481.07876501, 0.,  0.        , 0., 0., 0, 0, 0.)
 (93, [ 9, 11, 13, 15, 35, 32, 37,  9, 42, 46, 48,  3, 11, 10, 34,  7, 41,  4,  1, 19, 45,  6, 27, 22,  5, 18, 16, 26, 25, 15, 30, 23, 13, 33, 20,  8, 29,  2, 28, 14, 36, 24, 12, 38, 40, 17, 39, 44, 31, 47, 21, 43], 1430.15355399, 1481.07876501, 0.,  0.        , 0., 0., 0, 0, 0.)
 (93, [ 9, 11, 13, 15, 35, 32, 37,  9, 42, 46, 48,  3, 11, 10, 34,  7, 41,  4,  1, 19, 45,  6, 27, 22,  5, 18, 16, 26, 25, 15, 30, 23, 13, 33, 20,  8, 29,  2, 28, 14, 36, 24, 12, 38, 40, 17, 39, 44, 31, 47, 21, 43], 1430.15355399, 1481.07876501, 0.,  0.        , 0., 0., 0, 0, 0.)
 (93, [ 9, 11, 13, 15, 35, 32, 37,  9, 42, 46, 48,  3, 11, 10, 34,  7, 41,  4,  1, 19, 45,  6, 27, 22,  5, 18, 16, 26, 25, 15, 30, 23, 13, 33, 20,  8, 29,  2, 28, 14, 36, 24, 12, 38, 40, 17, 39, 44, 31, 47, 21, 43], 1430.15355399, 1481.07876501, 0.,  0.        , 0., 0., 0, 0, 0.)
 (93, [ 9, 11, 13, 15, 35, 32, 37,  9, 42, 46, 48,  3, 11, 10, 34,  7, 41,  4,  1, 19, 45,  6, 27, 22,  5, 18, 16, 26, 25, 15, 30, 23, 13, 33, 20,  8, 29,  2, 28, 14, 36, 24, 12, 38, 40, 17, 39, 44, 31, 47, 21, 43], 1430.15355399, 1481.07876501, 0.,  0.        , 0., 0., 0, 0, 0.)
 (93, [ 9, 11, 13, 15, 35, 32, 37,  9, 42, 46, 48,  3, 11, 10, 34,  7, 41,  4,  1, 19, 45,  6, 27, 22,  5, 18, 16, 26, 25, 15, 30, 23, 13, 33, 20,  8, 29,  2, 28, 14, 36, 24, 12, 38, 40, 17, 39, 44, 31, 47, 21, 43], 1430.15355399, 1481.07876501, 0.,  0.        , 0., 0., 0, 0, 0.)
 (93, [ 9, 11, 13, 15, 35, 32, 37,  9, 42, 46, 48,  3, 11, 10, 34,  7, 41,  4,  1, 19, 45,  6, 27, 22,  5, 18, 16, 26, 25, 15, 30, 23, 13, 33, 20,  8, 29,  2, 28, 14, 36, 24, 12, 38, 40, 17, 39, 44, 31, 47, 21, 43], 1430.15355399, 1481.07876501, 0.,  0.        , 0., 0., 0, 0, 0.)
 (93, [ 9, 11, 13, 15, 35, 32, 37,  9, 42, 46, 48,  3, 11, 10, 34,  7, 41,  4,  1, 19, 45,  6, 27, 22,  5, 18, 16, 26, 25, 15, 30, 23, 13, 33, 20,  8, 29,  2, 28, 14, 36, 24, 12, 38, 40, 17, 39, 44, 31, 47, 21, 43], 1430.15355399, 1481.07876501, 0.,  0.        , 0., 0., 0, 0, 0.)
 (93, [ 9, 11, 13, 15, 35, 32, 37,  9, 42, 46, 48,  3, 11, 10, 34,  7, 41,  4,  1, 19, 45,  6, 27, 22,  5, 18, 16, 26, 25, 15, 30, 23, 13, 33, 20,  8, 29,  2, 28, 14, 36, 24, 12, 38, 40, 17, 39, 44, 31, 47, 21, 43], 1430.15355399, 1481.07876501, 0.,  0.        , 0., 0., 0, 0, 0.)
 (93, [ 9, 11, 13, 15, 35, 32, 37,  9, 42, 46, 48,  3, 11, 10, 34,  7, 41,  4,  1, 19, 45,  6, 27, 22,  5, 18, 16, 26, 25, 15, 30, 23, 13, 33, 20,  8, 29,  2, 28, 14, 36, 24, 12, 38, 40, 17, 39, 44, 31, 47, 21, 43], 1430.15355399, 1481.07876501, 0.,  0.        , 0., 0., 0, 0, 0.)
 (93, [ 9, 11, 13, 15, 35, 32, 37,  9, 42, 46, 48,  3, 11, 10, 34,  7, 41,  4,  1, 19, 45,  6, 27, 22,  5, 18, 16, 26, 25, 15, 30, 23, 13, 33, 20,  8, 29,  2, 28, 14, 36, 24, 12, 38, 40, 17, 39, 44, 31, 47, 21, 43], 1430.15355399, 1481.07876501, 0.,  0.        , 0., 0., 0, 0, 0.)
 (93, [ 9, 11, 13, 15, 35, 32, 37,  9, 42, 46, 48,  3, 11, 10, 34,  7, 41,  4,  1, 19, 45,  6, 27, 22,  5, 18, 16, 26, 25, 15, 30, 23, 13, 33, 20,  8, 29,  2, 28, 14, 36, 24, 12, 38, 40, 17, 39, 44, 31, 47, 21, 43], 1430.15355399, 1481.07876501, 0.,  0.        , 0., 0., 0, 0, 0.)
 (93, [ 9, 11, 13, 15, 35, 32, 37,  9, 42, 46, 48,  3, 11, 10, 34,  7, 41,  4,  1, 19, 45,  6, 27, 22,  5, 18, 16, 26, 25, 15, 30, 23, 13, 33, 20,  8, 29,  2, 28, 14, 36, 24, 12, 38, 40, 17, 39, 44, 31, 47, 21, 43], 1430.15355399, 1481.07876501, 0.,  0.        , 0., 0., 0, 0, 0.)
 (93, [ 9, 11, 13, 15, 35, 32, 37,  9, 42, 46, 48,  3, 11, 10, 34,  7, 41,  4,  1, 19, 45,  6, 27, 22,  5, 18, 16, 26, 25, 15, 30, 23, 13, 33, 20,  8, 29,  2, 28, 14, 36, 24, 12, 38, 40, 17, 39, 44, 31, 47, 21, 43], 1430.15355399, 1481.07876501, 0.,  0.        , 0., 0., 0, 0, 0.)
 (93, [ 9, 11, 13, 15, 35, 32, 37,  9, 42, 46, 48,  3, 11, 10, 34,  7, 41,  4,  1, 19, 45,  6, 27, 22,  5, 18, 16, 26, 25, 15, 30, 23, 13, 33, 20,  8, 29,  2, 28, 14, 36, 24, 12, 38, 40, 17, 39, 44, 31, 47, 21, 43], 1430.15355399, 1481.07876501, 0.,  0.        , 0., 0., 0, 0, 0.)
 (93, [ 9, 11, 13, 15, 35, 32, 37,  9, 42, 46, 48,  3, 11, 10, 34,  7, 41,  4,  1, 19, 45,  6, 27, 22,  5, 18, 16, 26, 25, 15, 30, 23, 13, 33, 20,  8, 29,  2, 28, 14, 36, 24, 12, 38, 40, 17, 39, 44, 31, 47, 21, 43], 1430.15355399, 1481.07876501, 0.,  0.        , 0., 0., 0, 0, 0.)
 (93, [ 9, 11, 13, 15, 35, 32, 37,  9, 42, 46, 48,  3, 11, 10, 34,  7, 41,  4,  1, 19, 45,  6, 27, 22,  5, 18, 16, 26, 25, 15, 30, 23, 13, 33, 20,  8, 29,  2, 28, 14, 36, 24, 12, 38, 40, 17, 39, 44, 31, 47, 21, 43], 1430.15355399, 1481.07876501, 0.,  0.        , 0., 0., 0, 0, 0.)
 (93, [ 9, 11, 13, 15, 35, 32, 37,  9, 42, 46, 48,  3, 11, 10, 34,  7, 41,  4,  1, 19, 45,  6, 27, 22,  5, 18, 16, 26, 25, 15, 30, 23, 13, 33, 20,  8, 29,  2, 28, 14, 36, 24, 12, 38, 40, 17, 39, 44, 31, 47, 21, 43], 1430.15355399, 1481.07876501, 0.,  0.        , 0., 0., 0, 0, 0.)
 (93, [ 9, 11, 13, 15, 35, 32, 37,  9, 42, 46, 48,  3, 11, 10, 34,  7, 41,  4,  1, 19, 45,  6, 27, 22,  5, 18, 16, 26, 25, 15, 30, 23, 13, 33, 20,  8, 29,  2, 28, 14, 36, 24, 12, 38, 40, 17, 39, 44, 31, 47, 21, 43], 1430.15355399, 1481.07876501, 0.,  0.        , 0., 0., 0, 0, 0.)
 (93, [ 9, 11, 13, 15, 35, 32, 37,  9, 42, 46, 48,  3, 11, 10, 34,  7, 41,  4,  1, 19, 45,  6, 27, 22,  5, 18, 16, 26, 25, 15, 30, 23, 13, 33, 20,  8, 29,  2, 28, 14, 36, 24, 12, 38, 40, 17, 39, 44, 31, 47, 21, 43], 1430.15355399, 1481.07876501, 0.,  0.        , 0., 0., 0, 0, 0.)
 (93, [ 9, 11, 13, 15, 35, 32, 37,  9, 42, 46, 48,  3, 11, 10, 34,  7, 41,  4,  1, 19, 45,  6, 27, 22,  5, 18, 16, 26, 25, 15, 30, 23, 13, 33, 20,  8, 29,  2, 28, 14, 36, 24, 12, 38, 40, 17, 39, 44, 31, 47, 21, 43], 1430.15355399, 1481.07876501, 0.,  0.        , 0., 0., 0, 0, 0.)
 (93, [ 9, 11, 13, 15, 35, 32, 37,  9, 42, 46, 48,  3, 11, 10, 34,  7, 41,  4,  1, 19, 45,  6, 27, 22,  5, 18, 16, 26, 25, 15, 30, 23, 13, 33, 20,  8, 29,  2, 28, 14, 36, 24, 12, 38, 40, 17, 39, 44, 31, 47, 21, 43], 1430.15355399, 1481.07876501, 0.,  0.        , 0., 0., 0, 0, 0.)
 (93, [ 9, 11, 13, 15, 35, 32, 37,  9, 42, 46, 48,  3, 11, 10, 34,  7, 41,  4,  1, 19, 45,  6, 27, 22,  5, 18, 16, 26, 25, 15, 30, 23, 13, 33, 20,  8, 29,  2, 28, 14, 36, 24, 12, 38, 40, 17, 39, 44, 31, 47, 21, 43], 1430.15355399, 1481.07876501, 0.,  0.        , 0., 0., 0, 0, 0.)
 (93, [ 9, 11, 13, 15, 35, 32, 37,  9, 42, 46, 48,  3, 11, 10, 34,  7, 41,  4,  1, 19, 45,  6, 27, 22,  5, 18, 16, 26, 25, 15, 30, 23, 13, 33, 20,  8, 29,  2, 28, 14, 36, 24, 12, 38, 40, 17, 39, 44, 31, 47, 21, 43], 1430.15355399, 1481.07876501, 0.,  0.        , 0., 0., 0, 0, 0.)
 (93, [ 9, 11, 13, 15, 35, 32, 37,  9, 42, 46, 48,  3, 11, 10, 34,  7, 41,  4,  1, 19, 45,  6, 27, 22,  5, 18, 16, 26, 25, 15, 30, 23, 13, 33, 20,  8, 29,  2, 28, 14, 36, 24, 12, 38, 40, 17, 39, 44, 31, 47, 21, 43], 1430.15355399, 1481.07876501, 0.,  0.        , 0., 0., 0, 0, 0.)
 (93, [ 9, 11, 13, 15, 35, 32, 37,  9, 42, 46, 48,  3, 11, 10, 34,  7, 41,  4,  1, 19, 45,  6, 27, 22,  5, 18, 16, 26, 25, 15, 30, 23, 13, 33, 20,  8, 29,  2, 28, 14, 36, 24, 12, 38, 40, 17, 39, 44, 31, 47, 21, 43], 1430.15355399, 1481.07876501, 0.,  0.        , 0., 0., 0, 0, 0.)
 (93, [ 9, 11, 13, 15, 35, 32, 37,  9, 42, 46, 48,  3, 11, 10, 34,  7, 41,  4,  1, 19, 45,  6, 27, 22,  5, 18, 16, 26, 25, 15, 30, 23, 13, 33, 20,  8, 29,  2, 28, 14, 36, 24, 12, 38, 40, 17, 39, 44, 31, 47, 21, 43], 1430.15355399, 1481.07876501, 0.,  0.        , 0., 0., 0, 0, 0.)
 (93, [ 9, 11, 13, 15, 35, 32, 37,  9, 42, 46, 48,  3, 11, 10, 34,  7, 41,  4,  1, 19, 45,  6, 27, 22,  5, 18, 16, 26, 25, 15, 30, 23, 13, 33, 20,  8, 29,  2, 28, 14, 36, 24, 12, 38, 40, 17, 39, 44, 31, 47, 21, 43], 1430.15355399, 1481.07876501, 0.,  0.        , 0., 0., 0, 0, 0.)
 (93, [ 9, 11, 13, 15, 35, 32, 37,  9, 42, 46, 48,  3, 11, 10, 34,  7, 41,  4,  1, 19, 45,  6, 27, 22,  5, 18, 16, 26, 25, 15, 30, 23, 13, 33, 20,  8, 29,  2, 28, 14, 36, 24, 12, 38, 40, 17, 39, 44, 31, 47, 21, 43], 1430.15355399, 1481.07876501, 0.,  0.        , 0., 0., 0, 0, 0.)
 (93, [ 9, 11, 13, 15, 35, 32, 37,  9, 42, 46, 48,  3, 11, 10, 34,  7, 41,  4,  1, 19, 45,  6, 27, 22,  5, 18, 16, 26, 25, 15, 30, 23, 13, 33, 20,  8, 29,  2, 28, 14, 36, 24, 12, 38, 40, 17, 39, 44, 31, 47, 21, 43], 1430.15355399, 1481.07876501, 0.,  0.        , 0., 0., 0, 0, 0.)
 (93, [ 9, 11, 13, 15, 35, 32, 37,  9, 42, 46, 48,  3, 11, 10, 34,  7, 41,  4,  1, 19, 45,  6, 27, 22,  5, 18, 16, 26, 25, 15, 30, 23, 13, 33, 20,  8, 29,  2, 28, 14, 36, 24, 12, 38, 40, 17, 39, 44, 31, 47, 21, 43], 1430.15355399, 1481.07876501, 0.,  0.        , 0., 0., 0, 0, 0.)
 (93, [ 9, 11, 13, 15, 35, 32, 37,  9, 42, 46, 48,  3, 11, 10, 34,  7, 41,  4,  1, 19, 45,  6, 27, 22,  5, 18, 16, 26, 25, 15, 30, 23, 13, 33, 20,  8, 29,  2, 28, 14, 36, 24, 12, 38, 40, 17, 39, 44, 31, 47, 21, 43], 1430.15355399, 1481.07876501, 0.,  0.        , 0., 0., 0, 0, 0.)
 (93, [ 9, 11, 13, 15, 35, 32, 37,  9, 42, 46, 48,  3, 11, 10, 34,  7, 41,  4,  1, 19, 45,  6, 27, 22,  5, 18, 16, 26, 25, 15, 30, 23, 13, 33, 20,  8, 29,  2, 28, 14, 36, 24, 12, 38, 40, 17, 39, 44, 31, 47, 21, 43], 1430.15355399, 1481.07876501, 0.,  0.        , 0., 0., 0, 0, 0.)
 (93, [ 9, 11, 13, 15, 35, 32, 37,  9, 42, 46, 48,  3, 11, 10, 34,  7, 41,  4,  1, 19, 45,  6, 27, 22,  5, 18, 16, 26, 25, 15, 30, 23, 13, 33, 20,  8, 29,  2, 28, 14, 36, 24, 12, 38, 40, 17, 39, 44, 31, 47, 21, 43], 1430.15355399, 1481.07876501, 0.,  0.        , 0., 0., 0, 0, 0.)
 (93, [ 9, 11, 13, 15, 35, 32, 37,  9, 42, 46, 48,  3, 11, 10, 34,  7, 41,  4,  1, 19, 45,  6, 27, 22,  5, 18, 16, 26, 25, 15, 30, 23, 13, 33, 20,  8, 29,  2, 28, 14, 36, 24, 12, 38, 40, 17, 39, 44, 31, 47, 21, 43], 1430.15355399, 1481.07876501, 0.,  0.        , 0., 0., 0, 0, 0.)
 (93, [ 9, 11, 13, 15, 35, 32, 37,  9, 42, 46, 48,  3, 11, 10, 34,  7, 41,  4,  1, 19, 45,  6, 27, 22,  5, 18, 16, 26, 25, 15, 30, 23, 13, 33, 20,  8, 29,  2, 28, 14, 36, 24, 12, 38, 40, 17, 39, 44, 31, 47, 21, 43], 1430.15355399, 1481.07876501, 0.,  0.        , 0., 0., 0, 0, 0.)
 (93, [ 9, 11, 13, 15, 35, 32, 37,  9, 42, 46, 48,  3, 11, 10, 34,  7, 41,  4,  1, 19, 45,  6, 27, 22,  5, 18, 16, 26, 25, 15, 30, 23, 13, 33, 20,  8, 29,  2, 28, 14, 36, 24, 12, 38, 40, 17, 39, 44, 31, 47, 21, 43], 1430.15355399, 1481.07876501, 0.,  0.        , 0., 0., 0, 0, 0.)
 (93, [ 9, 11, 13, 15, 35, 32, 37,  9, 42, 46, 48,  3, 11, 10, 34,  7, 41,  4,  1, 19, 45,  6, 27, 22,  5, 18, 16, 26, 25, 15, 30, 23, 13, 33, 20,  8, 29,  2, 28, 14, 36, 24, 12, 38, 40, 17, 39, 44, 31, 47, 21, 43], 1430.15355399, 1481.07876501, 0.,  0.        , 0., 0., 0, 0, 0.)
 (93, [ 9, 11, 13, 15, 35, 32, 37,  9, 42, 46, 48,  3, 11, 10, 34,  7, 41,  4,  1, 19, 45,  6, 27, 22,  5, 18, 16, 26, 25, 15, 30, 23, 13, 33, 20,  8, 29,  2, 28, 14, 36, 24, 12, 38, 40, 17, 39, 44, 31, 47, 21, 43], 1430.15355399, 1481.07876501, 0.,  0.        , 0., 0., 0, 0, 0.)
 (93, [ 9, 11, 13, 15, 35, 32, 37,  9, 42, 46, 48,  3, 11, 10, 34,  7, 41,  4,  1, 19, 45,  6, 27, 22,  5, 18, 16, 26, 25, 15, 30, 23, 13, 33, 20,  8, 29,  2, 28, 14, 36, 24, 12, 38, 40, 17, 39, 44, 31, 47, 21, 43], 1430.15355399, 1481.07876501, 0.,  0.        , 0., 0., 0, 0, 0.)
 (93, [ 9, 11, 13, 15, 35, 32, 37,  9, 42, 46, 48,  3, 11, 10, 34,  7, 41,  4,  1, 19, 45,  6, 27, 22,  5, 18, 16, 26, 25, 15, 30, 23, 13, 33, 20,  8, 29,  2, 28, 14, 36, 24, 12, 38, 40, 17, 39, 44, 31, 47, 21, 43], 1430.15355399, 1481.07876501, 0.,  0.        , 0., 0., 0, 0, 0.)
 (93, [ 9, 11, 13, 15, 35, 32, 37,  9, 42, 46, 48,  3, 11, 10, 34,  7, 41,  4,  1, 19, 45,  6, 27, 22,  5, 18, 16, 26, 25, 15, 30, 23, 13, 33, 20,  8, 29,  2, 28, 14, 36, 24, 12, 38, 40, 17, 39, 44, 31, 47, 21, 43], 1430.15355399, 1481.07876501, 0.,  0.        , 0., 0., 0, 0, 0.)
 (93, [ 9, 11, 13, 15, 35, 32, 37,  9, 42, 46, 48,  3, 11, 10, 34,  7, 41,  4,  1, 19, 45,  6, 27, 22,  5, 18, 16, 26, 25, 15, 30, 23, 13, 33, 20,  8, 29,  2, 28, 14, 36, 24, 12, 38, 40, 17, 39, 44, 31, 47, 21, 43], 1430.15355399, 1481.07876501, 0.,  0.        , 0., 0., 0, 0, 0.)
 (93, [ 9, 11, 13, 15, 35, 32, 37,  9, 42, 46, 48,  3, 11, 10, 34,  7, 41,  4,  1, 19, 45,  6, 27, 22,  5, 18, 16, 26, 25, 15, 30, 23, 13, 33, 20,  8, 29,  2, 28, 14, 36, 24, 12, 38, 40, 17, 39, 44, 31, 47, 21, 43], 1430.15355399, 1481.07876501, 0.,  0.        , 0., 0., 0, 0, 0.)
 (93, [ 9, 11, 13, 15, 35, 32, 37,  9, 42, 46, 48,  3, 11, 10, 34,  7, 41,  4,  1, 19, 45,  6, 27, 22,  5, 18, 16, 26, 25, 15, 30, 23, 13, 33, 20,  8, 29,  2, 28, 14, 36, 17, 24, 12, 38, 40, 39, 44, 31, 47, 21, 43], 1459.47756489, 1459.47756489, 0.,  0.        , 0., 0., 0, 0, 0.)
 (93, [ 9, 11, 13, 15, 35, 32, 37,  9, 42, 46, 48,  3, 11, 10, 34,  7, 41,  4,  1, 19, 45,  6, 27, 22,  5, 18, 16, 26, 25, 15, 30, 23, 13, 33, 20,  8, 29,  2, 28, 14, 36, 24, 12, 38, 40, 43, 39, 44, 31, 47, 21, 17], 1492.28295093, 1543.20816195, 0.,  0.        , 0., 0., 0, 0, 0.)
 (93, [ 9, 11, 13, 15, 35, 32, 37,  9, 42, 46, 48,  6, 11, 10, 34,  7, 41,  4,  1, 19, 45,  3, 27, 22,  5, 18, 16, 26, 25, 15, 30, 23, 13, 33, 20,  8, 29,  2, 28, 14, 36, 24, 12, 38, 40, 17, 39, 44, 31, 47, 21, 43], 1520.07198206, 1570.99719308, 0.,  0.        , 0., 0., 0, 0, 0.)
 (93, [ 9, 11, 13, 15, 35, 32, 37,  9, 42, 46, 48,  3, 11, 10, 34,  7, 41,  4,  1, 19, 45,  6, 27, 22,  5, 18, 16, 26, 28, 15, 30, 23, 13, 33, 20,  8, 29,  2, 25, 14, 36, 24, 12, 38, 40, 17, 39, 44, 31, 47, 21, 43], 1520.75368966, 1520.75368966, 0.,  0.        , 0., 0., 0, 0, 0.)
 (93, [ 9, 11, 13, 15, 35, 32, 37,  9, 42, 46, 48,  3, 11, 10, 34,  7, 41,  4,  1, 19, 45,  6, 27, 22,  5, 18, 16, 26, 25, 15, 39, 23, 13, 33, 20,  8, 29,  2, 28, 14, 36, 24, 12, 38, 40, 17, 30, 44, 31, 47, 21, 43], 1532.73925851, 1583.66446953, 0.,  0.        , 0., 0., 0, 0, 0.)
 (93, [ 9, 11, 13, 15, 35, 32, 37, 36, 42, 46, 48,  3, 11, 10, 34,  7, 41,  4,  1, 19, 45,  6, 27, 22,  5, 18, 16, 26, 25, 15, 30, 23, 13, 33, 20,  8, 29,  2, 28, 14,  9, 24, 12, 38, 40, 17, 39, 44, 31, 47, 21, 43], 1545.44910555, 1638.46829069, 0.,  0.        , 0., 0., 0, 0, 0.)
 (93, [10, 10, 13, 15, 35, 32, 37,  9, 42, 46, 48,  3, 11, 10, 34,  7, 41,  4,  1, 19, 45,  6, 27, 22,  5, 18, 16, 26, 25, 15, 30, 23, 13, 33, 20,  8, 29,  2, 28, 14, 36, 24, 12, 38, 40, 31, 39, 44, 17, 47, 21, 43], 1547.25956053, 1598.18477155, 0.,  0.        , 0., 0., 0, 0, 0.)
 (93, [ 9, 11, 13, 15, 35, 32, 19,  9, 42, 46, 48,  3, 11, 10, 34,  7, 41,  4,  1, 37, 45,  6, 27, 22,  5, 18, 16, 26, 25, 15, 30, 23, 13, 33, 20,  8, 29,  2, 28, 14, 36, 24, 12, 38, 40, 17, 39, 44, 31, 47, 21, 43], 1562.60086621, 1613.52607723, 0.,  0.        , 0., 0., 0, 0, 0.)
 (93, [ 9, 11, 14, 14, 35, 32, 37,  9, 42, 46, 48,  3, 11, 10, 34,  7, 41,  4,  1, 19, 45,  6, 27, 22,  5, 18, 16, 26, 25, 15, 30, 23, 13, 33, 20,  8, 29,  2, 28, 14, 36, 24, 12, 38, 40, 17, 39, 43, 31, 47, 21, 44], 1581.27720308, 1632.2024141 , 0.,  0.        , 0., 0., 0, 0, 0.)
 (93, [ 9, 11, 13, 15, 35, 32, 37,  9, 42, 46, 48,  3, 11, 10, 34,  7, 41,  4,  1, 19, 45,  6, 27, 28,  5, 18, 16, 26, 25, 15, 30, 23, 13, 33, 20,  8, 29,  2, 22, 14, 36, 24, 12, 38, 40, 17, 39, 44, 31, 47, 21, 43], 1595.90684169, 1595.90684169, 0.,  0.        , 0., 0., 0, 0, 0.)
 (93, [ 9, 11, 13, 15, 35, 32, 37,  4, 42, 46, 48,  3, 11, 10, 34,  7, 41,  9,  1, 19, 45,  6, 27, 22,  5, 18, 16, 26, 25, 15, 30, 23, 13, 33, 20,  8, 29,  2, 28, 14, 36, 24, 12, 38, 40, 17, 39, 44, 31, 47, 21, 43], 1626.95072571, 1878.6505041 , 0., 13.8430159 , 0., 0., 0, 0, 0.)
 (93, [ 9, 11, 13, 15, 35, 32, 37,  9, 42, 46, 48,  3, 11, 10, 34, 24, 41,  4,  1, 19, 45,  6, 27, 22,  5, 18, 16, 26, 25, 15, 30, 23, 13, 33, 20,  8, 29,  2, 28, 14, 36,  7, 12, 38, 40, 17, 39, 44, 31, 47, 21, 43], 1639.9589295 , 1665.49269283, 0.,  0.        , 0., 0., 0, 0, 0.)
 (93, [ 9, 11, 13, 15, 35, 32, 37,  9, 42, 46, 48,  3, 11, 10, 34, 17, 41,  4,  1, 19, 45,  6, 27, 22,  5, 18, 16, 26, 25, 15, 30, 23, 13, 33, 20,  8, 29,  2, 28, 14, 36, 24, 12, 38, 40,  7, 39, 44, 31, 47, 21, 43], 1652.13546391, 1703.06067494, 0.,  0.        , 0., 0., 0, 0, 0.)
 (93, [ 9, 10, 14, 15, 35, 32, 37,  9, 42, 46, 48,  3, 11, 10, 34,  7, 41,  4,  1, 19, 45,  6, 27, 22,  5, 18, 20, 26, 25, 15, 30, 23, 13, 33, 16,  8, 29,  2, 28, 14, 36, 24, 12, 38, 40, 17, 39, 44, 31, 47, 21, 43], 1661.60476864, 1712.52997967, 0.,  0.        , 0., 0., 0, 0, 0.)
 (93, [ 9, 11, 13, 15, 35, 32, 37,  9, 42, 46, 48, 47, 11, 10, 34,  7, 41,  4,  1, 19, 45,  6, 27, 22,  5, 18, 16, 26, 25, 15, 30, 23, 13, 33, 20,  8, 29,  2, 28, 14, 36, 24, 12, 38, 40, 17, 39, 44, 31,  3, 21, 43], 1666.69113557, 1717.61634659, 0.,  0.        , 0., 0., 0, 0, 0.)
 (93, [11, 10, 13, 14, 32, 37, 35,  9, 42, 46, 48,  3, 11, 10, 34,  7, 41,  4,  1, 19, 45,  6, 27, 22,  5, 18, 16, 26, 25, 15, 30, 23, 13, 33, 20,  8, 29, 14, 28,  2, 36, 24, 12, 38, 40, 17, 39, 44, 31, 47, 21, 43], 1708.51099912, 1836.07945191, 0.,  0.        , 0., 0., 0, 0, 0.)
 (93, [ 9, 11, 13, 15, 35, 32, 37,  9, 42, 46, 48,  3, 11, 10, 34,  7, 41,  4, 40, 19, 45,  6, 27, 22,  5, 18, 16, 26, 25, 15, 30, 23, 13, 33, 20,  8, 29,  2, 28, 14, 36, 24, 12, 38,  1, 17, 39, 44, 31, 47, 21, 43], 1733.49917522, 1784.42438624, 0.,  0.        , 0., 0., 0, 0, 0.)
 (93, [ 9, 11, 13, 15, 35, 32, 37,  9, 42, 46, 48,  3, 11, 10, 34,  7, 41,  4,  1, 19, 45, 14, 27, 22,  5, 18, 16, 26, 25, 15, 30, 23, 13, 33, 20,  8, 29,  2, 28,  6, 36, 24, 12, 38, 40, 17, 39, 44, 31, 47, 21, 43], 1737.36576097, 1907.27604285, 0.,  0.        , 0., 0., 0, 0, 0.)
 (93, [ 8,  9, 14, 17, 35, 32, 37,  9, 42, 46, 48,  3, 11, 10, 34,  7, 41, 20,  1, 19, 45,  6, 27, 22,  5, 18, 16, 26, 25, 15, 30, 23, 13, 33,  4,  8, 29,  2, 28, 14, 36, 24, 12, 38, 40, 17, 39, 44, 31, 47, 21, 43], 1780.9126099 , 1831.83782092, 0.,  0.        , 0., 0., 0, 0, 0.)
 (93, [ 9, 11, 13, 15, 35, 32, 37,  9, 42, 46, 48,  3, 11, 10, 34,  7, 41, 44,  1, 19, 45,  6, 27, 22,  5, 18, 16, 26, 25, 15, 30, 23, 24, 13, 33, 20,  8, 29,  2, 28, 14, 36, 12, 38, 40, 17, 39,  4, 31, 47, 21, 43], 1792.55310359, 1782.99931927, 0.,  4.77689216, 0., 0., 0, 0, 0.)
 (93, [ 7, 13, 14, 14, 35, 32, 37,  9, 42, 46, 48,  3, 11, 10, 34,  7, 41,  4,  1,  8, 45,  6, 27, 22,  5, 18, 16, 26, 25, 15, 30, 23, 13, 33, 20, 19, 29,  2, 28, 14, 36, 24, 12, 38, 40, 17, 39, 44, 31, 47, 21, 43], 1839.77005491, 1890.69526594, 0.,  0.        , 0., 0., 0, 0, 0.)
 (93, [ 9, 11, 13, 15, 35, 32, 37,  9, 42, 46, 16,  3, 11, 10, 34,  7, 41, 36,  1, 19, 45,  6, 27, 22,  5, 18, 48, 26, 25, 15, 30, 23, 13, 33, 20,  8, 29,  2, 28, 14,  4, 24, 12, 38, 40, 17, 39, 44, 31, 47, 21, 43], 1911.38876755, 1911.38876755, 0.,  0.        , 0., 0., 0, 0, 0.)
 (93, [ 9, 12, 13, 14, 35, 32, 37,  9, 42, 46, 48,  3, 11, 10, 34,  7, 41,  4,  1, 19, 45,  6, 27, 22,  5, 18, 16, 26, 33, 15, 30, 23, 13, 25, 20,  8, 29,  2, 28, 14, 36, 24, 12, 38, 40, 17, 39, 44, 31, 47, 21, 43], 1932.54392858, 1983.4691396 , 0.,  0.        , 0., 0., 0, 0, 0.)
 (93, [ 9, 10, 13, 16, 35, 32, 37,  9, 42, 46, 48,  3, 11, 10, 34,  7, 41,  4,  1, 19, 45,  6, 27, 22,  5, 18, 16, 26, 25, 15, 30, 23, 13, 33, 20,  8, 29,  2, 28, 21, 36, 24, 12, 38, 40, 17, 39, 44, 31, 47, 14, 43], 1942.80675532, 1942.80675532, 0.,  0.        , 0., 0., 0, 0, 0.)
 (93, [10, 12, 11, 15, 35, 32, 37,  9, 42, 46, 48,  3, 11, 10,  8,  7, 41,  4,  1, 19, 45,  6, 27, 22,  5, 18, 16, 26, 25, 15, 30, 23, 13, 33, 20, 34, 29,  2, 28, 14, 36, 24, 12, 38, 40, 17, 39, 44, 31, 47, 21, 43], 1956.18812571, 2007.11333673, 0.,  0.        , 0., 0., 0, 0, 0.)
 (93, [ 9, 10, 13, 16, 35, 10, 37,  9, 42, 46, 48,  3, 11, 32, 30,  7, 41,  4,  1, 19, 45,  6, 27, 22,  5, 18, 16, 26, 25, 15, 34, 23, 13, 33, 20,  8, 29,  2, 28, 14, 36, 24, 12, 38, 40, 17, 39, 44, 31, 47, 21, 43], 1988.52767325, 1997.36229226, 0., 21.045296  , 0., 0., 0, 0, 0.)
 (93, [ 8, 10, 13, 17, 35, 32, 37,  9, 13, 46, 48,  3, 11, 10, 34,  7, 41,  4,  1, 19, 45,  6, 27, 22,  5, 18, 16, 26, 25, 15, 30, 23, 42, 33, 20,  8, 29,  2, 28, 14, 36, 24, 12, 38, 40, 17, 39, 44, 31, 47, 21, 43], 2134.47504779, 2185.40025881, 0.,  0.        , 0., 0., 0, 0, 0.)]