
Total Runtime in seconds: 617.0361723899841Parameters:
population_size: 50, max_generations: 500, executed generations: 151, threshold_no_improvement: 250
target feasible proportion: 12
fitness_scaling: power_rank, selection_method: n_tournaments
p_c: 0.9, p_m: 0.2, NOT YET p_education: 0.0
tournament_size: 2, n_elite: 8
survivor_selection_step: 10, p_selection_survival: 0.7
kill clone step: 5
diversify_step: 20, diversify_step: 20, p_diversify_survival: 0.3
n_closest_neighbors: 3, diversity_weight: 0.5, distance_method: broken_pairs_distance
capacity_penalty_factor: 2, duration_penalty_factor 2, time_window_penalty: 2
Best fitness all generations, best individual before/after local search: 1470.1845200374355, 1470.1845200374355 / 1470.1845200374355
Best individual found before local search: (41, [10, 17, 15,  9, 15,  6, 18, 20, 31, 10, 33, 65, 71, 60, 27, 36, 43, 49, 61, 37,  7, 68, 12,  1, 64, 47, 23, 26, 59, 51, 17, 41, 50, 34, 44, 62, 69,  8, 54, 56, 16,  3, 22, 45, 15, 72, 53, 46, 29,  5, 57, 24, 63, 28, 13, 52,  4, 42, 58,  6, 11, 19,  9, 70, 66, 21, 55, 40, 48, 14, 67, 30, 35,  2, 38, 39, 32, 25], 1470.18452004, 1470.18452004, 0., 0., 0., 0., 16, 35, 33.5)
Best individual found after local search: (41, [10, 17, 15,  9, 15,  6, 18, 20, 31, 10, 33, 65, 71, 60, 27, 36, 43, 49, 61, 37,  7, 68, 12,  1, 64, 47, 23, 26, 59, 51, 17, 41, 50, 34, 44, 62, 69,  8, 54, 56, 16,  3, 22, 45, 15, 72, 53, 46, 29,  5, 57, 24, 63, 28, 13, 52,  4, 42, 58,  6, 11, 19,  9, 70, 66, 21, 55, 40, 48, 14, 67, 30, 35,  2, 38, 39, 32, 25], 1470.18452004, 1470.18452004, 0., 0., 0., 0., 16, 35, 33.5)
Best feasible individual found: (41, [10, 17, 15,  9, 15,  6, 18, 20, 31, 10, 33, 65, 71, 60, 27, 36, 43, 49, 61, 37,  7, 68, 12,  1, 64, 47, 23, 26, 59, 51, 17, 41, 50, 34, 44, 62, 69,  8, 54, 56, 16,  3, 22, 45, 15, 72, 53, 46, 29,  5, 57, 24, 63, 28, 13, 52,  4, 42, 58,  6, 11, 19,  9, 70, 66, 21, 55, 40, 48, 14, 67, 30, 35,  2, 38, 39, 32, 25], 1470.18452004, 1470.18452004, 0., 0., 0., 0., 16, 35, 33.5)

Fitness stats min: [1554.11592233 1547.63253072 1506.01029962 1506.01029962 1506.01029962
 1506.01029962 1506.01029962 1506.01029962 1501.59632279 1501.20463562
 1498.25448494 1498.25448494 1498.25448494 1497.86279778 1497.86279778
 1497.86279778 1497.86279778 1497.86279778 1497.86279778 1497.86279778
 1497.86279778 1497.86279778 1497.86279778 1497.86279778 1497.86279778
 1497.86279778 1497.86279778 1497.86279778 1497.86279778 1497.86279778
 1497.86279778 1497.86279778 1497.86279778 1497.86279778 1497.86279778
 1497.86279778 1497.86279778 1497.86279778 1497.86279778 1497.86279778
 1497.86279778 1497.86279778 1497.86279778 1497.86279778 1497.86279778
 1497.86279778 1497.86279778 1497.86279778 1486.67552426 1484.02787988
 1484.02787988 1484.02787988 1484.02787988 1484.02787988 1484.02787988
 1484.02787988 1484.02787988 1484.02787988 1484.02787988 1484.02787988
 1484.02787988 1484.02787988 1484.02787988 1484.02787988 1484.02787988
 1484.02787988 1484.02787988 1484.02787988 1484.02787988 1484.02787988
 1484.02787988 1484.02787988 1484.02787988 1470.18452004 1470.18452004
 1470.18452004 1470.18452004 1470.18452004 1470.18452004 1470.18452004
 1470.18452004 1470.18452004 1470.18452004 1470.18452004 1470.18452004
 1470.18452004 1470.18452004 1470.18452004 1470.18452004 1470.18452004
 1470.18452004 1470.18452004 1470.18452004 1470.18452004 1470.18452004
 1470.18452004 1470.18452004 1470.18452004 1470.18452004 1470.18452004
 1470.18452004 1470.18452004 1470.18452004 1470.18452004 1470.18452004
 1470.18452004 1470.18452004 1470.18452004 1470.18452004 1470.18452004
 1470.18452004 1470.18452004 1470.18452004 1470.18452004 1470.18452004
 1470.18452004 1470.18452004 1470.18452004 1470.18452004 1470.18452004
 1470.18452004 1470.18452004 1470.18452004 1470.18452004 1470.18452004
 1470.18452004 1470.18452004 1470.18452004 1470.18452004 1470.18452004
 1470.18452004 1470.18452004 1470.18452004 1470.18452004 1470.18452004
 1470.18452004 1470.18452004 1470.18452004 1470.18452004 1470.18452004
 1470.18452004 1470.18452004 1470.18452004 1470.18452004 1470.18452004
 1470.18452004 1470.18452004 1470.18452004 1470.18452004 1470.18452004
 1470.18452004 1470.18452004] 

Fitness stats feasible min: [1620.16418157 1547.63253072 1506.01029962 1506.01029962 1506.01029962
 1506.01029962 1506.01029962 1506.01029962 1501.59632279 1501.20463562
 1498.25448494 1498.25448494 1498.25448494 1497.86279778 1497.86279778
 1497.86279778 1497.86279778 1497.86279778 1497.86279778 1497.86279778
 1497.86279778 1497.86279778 1497.86279778 1497.86279778 1497.86279778
 1497.86279778 1497.86279778 1497.86279778 1497.86279778 1497.86279778
 1497.86279778 1497.86279778 1497.86279778 1497.86279778 1497.86279778
 1497.86279778 1497.86279778 1497.86279778 1497.86279778 1497.86279778
 1497.86279778 1497.86279778 1497.86279778 1497.86279778 1497.86279778
 1497.86279778 1497.86279778 1497.86279778 1486.67552426 1484.02787988
 1484.02787988 1484.02787988 1484.02787988 1484.02787988 1484.02787988
 1484.02787988 1484.02787988 1484.02787988 1484.02787988 1484.02787988
 1484.02787988 1484.02787988 1484.02787988 1484.02787988 1484.02787988
 1484.02787988 1484.02787988 1484.02787988 1484.02787988 1484.02787988
 1484.02787988 1484.02787988 1484.02787988 1470.18452004 1470.18452004
 1470.18452004 1470.18452004 1470.18452004 1470.18452004 1470.18452004
 1470.18452004 1470.18452004 1470.18452004 1470.18452004 1470.18452004
 1470.18452004 1470.18452004 1470.18452004 1470.18452004 1470.18452004
 1470.18452004 1470.18452004 1470.18452004 1470.18452004 1470.18452004
 1470.18452004 1470.18452004 1470.18452004 1470.18452004 1470.18452004
 1470.18452004 1470.18452004 1470.18452004 1470.18452004 1470.18452004
 1470.18452004 1470.18452004 1470.18452004 1470.18452004 1470.18452004
 1470.18452004 1470.18452004 1470.18452004 1470.18452004 1470.18452004
 1470.18452004 1470.18452004 1470.18452004 1470.18452004 1470.18452004
 1470.18452004 1470.18452004 1470.18452004 1470.18452004 1470.18452004
 1470.18452004 1470.18452004 1470.18452004 1470.18452004 1470.18452004
 1470.18452004 1470.18452004 1470.18452004 1470.18452004 1470.18452004
 1470.18452004 1470.18452004 1470.18452004 1470.18452004 1470.18452004
 1470.18452004 1470.18452004 1470.18452004 1470.18452004 1470.18452004
 1470.18452004 1470.18452004 1470.18452004 1470.18452004 1470.18452004
 1470.18452004 1470.18452004] 

Fitness stats avg: [2078.62803147 1979.33684304 2108.48701703 1867.00187002 1886.63704328
 1736.50848504 1726.24533347 1911.98728506 1675.90799887 1574.86416178
 3141.94041175 2154.45743056 1815.2954138  1641.92297229 1565.5179417
 3932.32886776 2748.65944449 2005.3276258  1797.42523608 1687.2783404
 3017.13561454 1867.0022217  1627.49253122 1631.54040888 1546.34008114
 5717.75618967 4657.17405113 3482.94718906 2334.58384438 1848.02589751
 4090.71966568 2627.78520326 1836.47534971 1757.66404372 3327.47756702
 4578.36190397 3509.10605391 2542.81203618 2143.8162663  1971.44000272
 4294.1423707  2551.86402043 1922.1630182  1801.54025228 1693.28713937
 4651.20624925 3607.55412421 2243.65930844 1865.23174465 1661.02061498
 2723.94733528 1967.82939259 1699.14159638 1641.84335932 1646.95551082
 5650.38712447 4460.55945525 3279.47335953 2513.00893372 2032.27659259
 4903.7801273  3883.96100718 3039.38636842 2138.09250601 1980.25540123
 2439.48239476 2107.09984354 1901.27497772 1817.93757729 1694.50051126
 3636.5025403  2490.82521792 1984.709585   1591.67906466 1712.60382027
 5120.27465038 4005.54355117 2751.83321437 1937.60387026 1691.24492974
 2980.08845964 1794.81826447 1676.82581478 1606.77770375 1561.26275233
 5644.07107967 4487.44599742 3636.88616897 2684.06758208 2050.27962725
 4480.3681571  2461.94960611 1694.58935932 1620.62562746 3069.28099373
 4616.79194623 3392.88451559 2518.50398472 1999.86596839 1669.75995388
 3016.81060369 1946.21224593 1625.77796632 1587.8879447  1554.9789724
 5159.17784575 3969.12255026 2695.61643713 1997.75230825 1605.77457318
 3136.87833076 1891.9056505  1614.90394278 1521.91657582 3107.39997195
 4757.51438799 3458.72791561 2496.81680266 1865.6051089  1670.317206
 2890.33976153 1693.75077826 1653.24960661 1539.3017358  1531.17744484
 5251.40358264 4087.14637344 2877.37926094 2025.57429532 1863.00431175
 3741.68773749 2262.63399036 1778.09975207 1675.29739899 2772.58949617
 4675.38142012 3759.14699107 3365.98545013 2737.19455751 2035.2498149
 4380.06192826 3155.35353644 2410.92797945 2083.98180764 1789.13793176
 3336.32531949 2074.85842407 1874.1458411  1605.92956361 1673.39601719
 3612.60031706 2011.48937103] 

Feasible stats: [( 0., 50.) ( 0., 50.) (14., 36.) (14., 36.) (27., 23.) (27., 23.)
 (35., 15.) (35., 15.) (33., 17.) (33., 17.) (39., 11.) (39., 11.)
 (37., 13.) (37., 13.) (44.,  6.) (44.,  6.) (14., 36.) (14., 36.)
 (36., 14.) (36., 14.) (39., 11.) (39., 11.) (41.,  9.) (41.,  9.)
 (46.,  4.) (46.,  4.) ( 8., 42.) ( 8., 42.) (20., 30.) (20., 30.)
 (37., 13.) (37., 13.) (22., 28.) (22., 28.) (34., 16.) (34., 16.)
 (10., 40.) (10., 40.) (23., 27.) (23., 27.) (33., 17.) (33., 17.)
 (35., 15.) (35., 15.) (40., 10.) (40., 10.) (13., 37.) (13., 37.)
 (33., 17.) (33., 17.) (41.,  9.) (41.,  9.) (42.,  8.) (42.,  8.)
 (44.,  6.) (44.,  6.) ( 5., 45.) ( 5., 45.) (23., 27.) (23., 27.)
 (40., 10.) (40., 10.) (15., 35.) (15., 35.) (39., 11.) (39., 11.)
 (26., 24.) (26., 24.) (33., 17.) (33., 17.) (43.,  7.) (43.,  7.)
 (27., 23.) (27., 23.) (46.,  4.) (46.,  4.) (10., 40.) (10., 40.)
 (24., 26.) (24., 26.) (43.,  7.) (43.,  7.) (43.,  7.) (43.,  7.)
 (45.,  5.) (45.,  5.) ( 5., 45.) ( 5., 45.) (17., 33.) (17., 33.)
 (33., 17.) (33., 17.) (26., 24.) (26., 24.) (44.,  6.) (44.,  6.)
 ( 6., 44.) ( 6., 44.) (27., 23.) (27., 23.) (41.,  9.) (41.,  9.)
 (41.,  9.) (41.,  9.) (44.,  6.) (44.,  6.) ( 7., 43.) ( 7., 43.)
 (27., 23.) (27., 23.) (46.,  4.) (46.,  4.) (43.,  7.) (43.,  7.)
 (46.,  4.) (46.,  4.) ( 4., 46.) ( 4., 46.) (21., 29.) (21., 29.)
 (38., 12.) (38., 12.) (44.,  6.) (44.,  6.) (46.,  4.) (46.,  4.)
 (10., 40.) (10., 40.) (26., 24.) (26., 24.) (35., 15.) (35., 15.)
 (32., 18.) (32., 18.) (42.,  8.) (42.,  8.) ( 7., 43.) ( 7., 43.)
 (16., 34.) (16., 34.) (35., 15.) (35., 15.) (24., 26.) (24., 26.)
 (33., 17.) (33., 17.) (26., 24.) (26., 24.) (38., 12.) (38., 12.)
 (41.,  9.) (41.,  9.) ( 0.,  0.) ( 0.,  0.) ( 0.,  0.) ( 0.,  0.)
 ( 0.,  0.) ( 0.,  0.) ( 0.,  0.) ( 0.,  0.) ( 0.,  0.) ( 0.,  0.)
 ( 0.,  0.) ( 0.,  0.) ( 0.,  0.) ( 0.,  0.) ( 0.,  0.) ( 0.,  0.)
 ( 0.,  0.) ( 0.,  0.) ( 0.,  0.) ( 0.,  0.) ( 0.,  0.) ( 0.,  0.)
 ( 0.,  0.) ( 0.,  0.) ( 0.,  0.) ( 0.,  0.) ( 0.,  0.) ( 0.,  0.)
 ( 0.,  0.) ( 0.,  0.) ( 0.,  0.) ( 0.,  0.) ( 0.,  0.) ( 0.,  0.)
 ( 0.,  0.) ( 0.,  0.) ( 0.,  0.) ( 0.,  0.) ( 0.,  0.) ( 0.,  0.)
 ( 0.,  0.) ( 0.,  0.) ( 0.,  0.) ( 0.,  0.) ( 0.,  0.) ( 0.,  0.)
 ( 0.,  0.) ( 0.,  0.) ( 0.,  0.) ( 0.,  0.) ( 0.,  0.) ( 0.,  0.)
 ( 0.,  0.) ( 0.,  0.) ( 0.,  0.) ( 0.,  0.) ( 0.,  0.) ( 0.,  0.)
 ( 0.,  0.) ( 0.,  0.) ( 0.,  0.) ( 0.,  0.) ( 0.,  0.) ( 0.,  0.)
 ( 0.,  0.) ( 0.,  0.) ( 0.,  0.) ( 0.,  0.) ( 0.,  0.) ( 0.,  0.)
 ( 0.,  0.) ( 0.,  0.) ( 0.,  0.) ( 0.,  0.) ( 0.,  0.) ( 0.,  0.)
 ( 0.,  0.) ( 0.,  0.) ( 0.,  0.) ( 0.,  0.) ( 0.,  0.) ( 0.,  0.)
 ( 0.,  0.) ( 0.,  0.) ( 0.,  0.) ( 0.,  0.) ( 0.,  0.) ( 0.,  0.)
 ( 0.,  0.) ( 0.,  0.) ( 0.,  0.) ( 0.,  0.) ( 0.,  0.) ( 0.,  0.)
 ( 0.,  0.) ( 0.,  0.) ( 0.,  0.) ( 0.,  0.) ( 0.,  0.) ( 0.,  0.)
 ( 0.,  0.) ( 0.,  0.) ( 0.,  0.) ( 0.,  0.) ( 0.,  0.) ( 0.,  0.)
 ( 0.,  0.) ( 0.,  0.) ( 0.,  0.) ( 0.,  0.) ( 0.,  0.) ( 0.,  0.)
 ( 0.,  0.) ( 0.,  0.) ( 0.,  0.) ( 0.,  0.) ( 0.,  0.) ( 0.,  0.)
 ( 0.,  0.) ( 0.,  0.) ( 0.,  0.) ( 0.,  0.) ( 0.,  0.) ( 0.,  0.)
 ( 0.,  0.) ( 0.,  0.) ( 0.,  0.) ( 0.,  0.) ( 0.,  0.) ( 0.,  0.)
 ( 0.,  0.) ( 0.,  0.) ( 0.,  0.) ( 0.,  0.) ( 0.,  0.) ( 0.,  0.)
 ( 0.,  0.) ( 0.,  0.) ( 0.,  0.) ( 0.,  0.) ( 0.,  0.) ( 0.,  0.)
 ( 0.,  0.) ( 0.,  0.) ( 0.,  0.) ( 0.,  0.) ( 0.,  0.) ( 0.,  0.)
 ( 0.,  0.) ( 0.,  0.) ( 0.,  0.) ( 0.,  0.) ( 0.,  0.) ( 0.,  0.)
 ( 0.,  0.) ( 0.,  0.) ( 0.,  0.) ( 0.,  0.) ( 0.,  0.) ( 0.,  0.)
 ( 0.,  0.) ( 0.,  0.) ( 0.,  0.) ( 0.,  0.) ( 0.,  0.) ( 0.,  0.)
 ( 0.,  0.) ( 0.,  0.) ( 0.,  0.) ( 0.,  0.) ( 0.,  0.) ( 0.,  0.)
 ( 0.,  0.) ( 0.,  0.) ( 0.,  0.) ( 0.,  0.) ( 0.,  0.) ( 0.,  0.)
 ( 0.,  0.) ( 0.,  0.) ( 0.,  0.) ( 0.,  0.) ( 0.,  0.) ( 0.,  0.)
 ( 0.,  0.) ( 0.,  0.) ( 0.,  0.) ( 0.,  0.) ( 0.,  0.) ( 0.,  0.)
 ( 0.,  0.) ( 0.,  0.) ( 0.,  0.) ( 0.,  0.) ( 0.,  0.) ( 0.,  0.)
 ( 0.,  0.) ( 0.,  0.) ( 0.,  0.) ( 0.,  0.) ( 0.,  0.) ( 0.,  0.)
 ( 0.,  0.) ( 0.,  0.) ( 0.,  0.) ( 0.,  0.) ( 0.,  0.) ( 0.,  0.)
 ( 0.,  0.) ( 0.,  0.) ( 0.,  0.) ( 0.,  0.) ( 0.,  0.) ( 0.,  0.)
 ( 0.,  0.) ( 0.,  0.) ( 0.,  0.) ( 0.,  0.) ( 0.,  0.) ( 0.,  0.)
 ( 0.,  0.) ( 0.,  0.) ( 0.,  0.) ( 0.,  0.) ( 0.,  0.) ( 0.,  0.)
 ( 0.,  0.) ( 0.,  0.) ( 0.,  0.) ( 0.,  0.) ( 0.,  0.) ( 0.,  0.)
 ( 0.,  0.) ( 0.,  0.) ( 0.,  0.) ( 0.,  0.) ( 0.,  0.) ( 0.,  0.)
 ( 0.,  0.) ( 0.,  0.) ( 0.,  0.) ( 0.,  0.) ( 0.,  0.) ( 0.,  0.)
 ( 0.,  0.) ( 0.,  0.) ( 0.,  0.) ( 0.,  0.) ( 0.,  0.) ( 0.,  0.)
 ( 0.,  0.) ( 0.,  0.) ( 0.,  0.) ( 0.,  0.) ( 0.,  0.) ( 0.,  0.)
 ( 0.,  0.) ( 0.,  0.) ( 0.,  0.) ( 0.,  0.) ( 0.,  0.) ( 0.,  0.)
 ( 0.,  0.) ( 0.,  0.) ( 0.,  0.) ( 0.,  0.) ( 0.,  0.) ( 0.,  0.)
 ( 0.,  0.) ( 0.,  0.) ( 0.,  0.) ( 0.,  0.) ( 0.,  0.) ( 0.,  0.)
 ( 0.,  0.) ( 0.,  0.) ( 0.,  0.) ( 0.,  0.) ( 0.,  0.) ( 0.,  0.)
 ( 0.,  0.) ( 0.,  0.) ( 0.,  0.) ( 0.,  0.) ( 0.,  0.) ( 0.,  0.)
 ( 0.,  0.) ( 0.,  0.) ( 0.,  0.) ( 0.,  0.) ( 0.,  0.) ( 0.,  0.)
 ( 0.,  0.) ( 0.,  0.) ( 0.,  0.) ( 0.,  0.) ( 0.,  0.) ( 0.,  0.)
 ( 0.,  0.) ( 0.,  0.) ( 0.,  0.) ( 0.,  0.) ( 0.,  0.) ( 0.,  0.)
 ( 0.,  0.) ( 0.,  0.) ( 0.,  0.) ( 0.,  0.) ( 0.,  0.) ( 0.,  0.)
 ( 0.,  0.) ( 0.,  0.) ( 0.,  0.) ( 0.,  0.) ( 0.,  0.) ( 0.,  0.)
 ( 0.,  0.) ( 0.,  0.) ( 0.,  0.) ( 0.,  0.) ( 0.,  0.) ( 0.,  0.)
 ( 0.,  0.) ( 0.,  0.) ( 0.,  0.) ( 0.,  0.) ( 0.,  0.) ( 0.,  0.)
 ( 0.,  0.) ( 0.,  0.) ( 0.,  0.) ( 0.,  0.) ( 0.,  0.) ( 0.,  0.)
 ( 0.,  0.) ( 0.,  0.) ( 0.,  0.) ( 0.,  0.) ( 0.,  0.) ( 0.,  0.)
 ( 0.,  0.) ( 0.,  0.) ( 0.,  0.) ( 0.,  0.) ( 0.,  0.) ( 0.,  0.)
 ( 0.,  0.) ( 0.,  0.)] 
Solution Description: 
p: [  0.          34.79875613  37.70121189  43.19206712  85.70196024
 137.12247073 141.00510293 167.19686418 202.59054299 209.09825333
 219.45330567   0.          15.46495315  30.53265982  43.17974643
  66.17719182  70.58152567  81.85593634  88.59816033 207.39219293
 210.53195746 210.69462939 234.38757877 239.68211446 281.41590058
 284.49573475 298.32157475 325.5350263  382.65530323   0.
  24.44919712  28.06819111  39.23126977  46.9072187   65.13569938
  88.87174604  99.05906586 121.77023497 121.78884201 126.82840166
 182.59090698 200.51961745 228.40099757 239.50722794 251.45571913
   0.          12.91064135  86.3747745  193.32929977 195.22664161
 198.28794815 198.30696086 222.79344299 224.87866048 246.05818878
   0.          32.36910688  66.57194085 129.51962018 129.52441732
 131.76759841 133.96044519 144.95039444 155.30861765 183.33715011
 198.77497447 210.56048141 216.19598482 227.61143576 246.36304569
 259.88603612   0.          34.55766948  50.16032516  67.55187832
  74.1802414   99.66534946 110.67596711] 
pred: [ 0  0  0  0  0  0  0  0  7  7  7  0  0  0  0  0  0  5  5  5  5  5  5  5
 12 12 12 12 12  0  0  0  0  0  4  4  4  4  4  4 10 10 10 10 10  0  0  0
  0  0  0  0  0  7  7  0  0  0  0  0  0  0  0  7  7  7  7  7 12 12 12  0
  0  0  0  0  0  0] 
distance [  0.          34.79875613  37.70121189  43.19206712  85.70196024
 137.12247073 141.00510293 167.19686418  35.39367881  41.90138916
  52.2564415    0.          15.46495315  30.53265982  43.17974643
  66.17719182  70.58152567  11.27441067  18.01663466 136.81066726
 139.95043179 140.11310372 163.80605309 169.10058879  41.73378612
  44.81362029  58.63946029  85.85291185 142.97318877   0.
  24.44919712  28.06819111  39.23126977  46.9072187   18.22848068
  41.96452735  52.15184717  74.86301627  74.88162331  79.92118296
  55.76250532  73.69121579 101.57259591 112.67882628 124.62731747
   0.          12.91064135  86.3747745  193.32929977 195.22664161
 198.28794815 198.30696086 222.79344299   2.08521749  23.26474579
   0.          32.36910688  66.57194085 129.51962018 129.52441732
 131.76759841 133.96044519 144.95039444  10.35822321  38.38675567
  53.82458003  65.61008697  71.24559038  11.41545093  30.16706086
  43.69005129   0.          34.55766948  50.16032516  67.55187832
  74.1802414   99.66534946 110.67596711]
load: [  0   7  11  20  32  42  62  81  25  29  39   0  10  23  32  55  70   4
  29  49  62  84  91 100   5  18  20  43  58   0  18  30  32  52  23  48
  63  73  92 107  12  37  57  67  70   0  22  40  42  50  74  80  85  20
  30   0  16  39  40  47  58  71  79  13  19  26  27  48   1  16  33   0
  21  27  50  61  86  96] 
time: [  0.         251.         274.38120767 286.92871239 318.18541686
 362.53805092 426.         488.58455483 141.         160.
 247.           0.         281.         300.98618851 377.
 397.         436.74439119 181.         198.752644   272.76236861
 317.93545503 351.46431393 425.         444.4444974  141.
 157.80418117 183.3237552  255.         399.           0.
 197.         247.         262.82400646 299.6535791   89.
 111.         180.         270.         475.         512.69400102
 173.         366.         400.52866497 456.         471.14681111
   0.          60.         159.         234.91784831 333.
 377.3771551  403.36946641 460.         182.         230.
   0.         123.         403.         464.85170983 503.23971681
 535.96205331 546.47031167 572.76331954  67.         203.
 389.         419.83929791 456.16414771  76.         108.
 267.           0.         111.         134.81423573 159.0719625
 178.78404537 223.92921174 394.        ] 
time warps: [0 0 0 0 0 0 0 0 0 0 0 0 0 0 0 0 0 0 0 0 0 0 0 0 0 0 0 0 0 0 0 0 0 0 0 0 0
 0 0 0 0 0 0 0 0 0 0 0 0 0 0 0 0 0 0 0 0 0 0 0 0 0 0 0 0 0 0 0 0 0 0 0 0 0
 0 0 0 0] 
duration: [  0.          52.79875613  61.70121189  77.19206712 137.70196024
 210.12247073 254.91677279 292.10853403  37.39367881  69.17553951
 152.28632686   0.          25.46495315  59.53265982 124.29482226
 170.80054074 180.20487459  25.27441067  46.01663466 172.81066726
 200.95043179 213.11310372 287.56222507 316.85676076  46.73378612
  63.81362029  87.63946029 168.84169665 340.93605437   0.
  45.44919712  82.74518745 114.90826612 142.58421504  19.22848068
  61.35332752 128.02599323 239.41567959 445.30984852 454.34940817
  75.76250532 263.6997093  316.58108941 353.16572531 374.11421651
   0.          37.91064135 159.64533919 291.59986446 367.34599429
 371.40730084 389.42631354 444.08606967  25.08521749  66.79808368
   0.          48.36910688 348.73167066 417.67934999 442.68414713
 452.92732821 467.12017499 492.11012425  31.35822321 161.64907522
 367.32562288 399.11112982 414.74663323  24.41545093  77.43927545
 225.73417044   0.          50.55766948  81.16032516 113.55187832
 127.1802414  177.66534946 329.54200455]

All individuals: [(41, [10, 17, 15,  9, 15,  6, 18, 20, 31, 10, 33, 65, 71, 60, 27, 36, 43, 49, 61, 37,  7, 68, 12,  1, 64, 47, 23, 26, 59, 51, 17, 41, 50, 34, 44, 62, 69,  8, 54, 56, 16,  3, 22, 45, 15, 72, 53, 46, 29,  5, 57, 24, 63, 28, 13, 52,  4, 42, 58,  6, 11, 19,  9, 70, 66, 21, 55, 40, 48, 14, 67, 30, 35,  2, 38, 39, 32, 25], 1470.18452004, 1470.18452004, 0.,  0.        ,  0.        ,  0.        ,  1, 50, 26. )
 (41, [10, 17, 15,  9, 15,  6, 18, 20, 31, 10, 33, 65, 71, 60, 27, 36, 43, 49, 61, 37,  7, 68, 12,  1, 64, 47, 23, 26, 59, 51, 17, 41, 50, 34, 44, 62, 69,  8, 54, 56, 16,  3, 22, 45, 15, 72, 53, 46, 29,  5, 57, 24, 63, 28, 13, 52,  4, 42, 58,  6, 11, 19,  9, 70, 66, 21, 55, 40, 48, 14, 67, 30, 35,  2, 38, 39, 32, 25], 1470.18452004, 1470.18452004, 0.,  0.        ,  0.        ,  0.        ,  2, 49, 26.5)
 (41, [10, 17, 15,  9, 15,  6, 18, 20, 31, 10, 33, 65, 71, 60, 27, 36, 43, 49, 61, 37,  7, 68, 12,  1, 64, 47, 23, 26, 59, 51, 17, 41, 50, 34, 44, 62, 69,  8, 54, 56, 16,  3, 22, 45, 15, 72, 53, 46, 29,  5, 57, 24, 63, 28, 13, 52,  4, 42, 58,  6, 11, 19,  9, 70, 66, 21, 55, 40, 48, 14, 67, 30, 35,  2, 38, 39, 32, 25], 1470.18452004, 1470.18452004, 0.,  0.        ,  0.        ,  0.        ,  3, 48, 27. )
 (41, [10, 17, 15,  9, 15,  6, 18, 20, 31, 10, 33, 65, 71, 60, 27, 36, 43, 49, 61, 37,  7, 68, 12,  1, 64, 47, 23, 26, 59, 51, 17, 41, 50, 34, 44, 62, 69,  8, 54, 56, 16,  3, 22, 45, 15, 72, 53, 46, 29,  5, 57, 24, 63, 28, 13, 52,  4, 42, 58,  6, 11, 19,  9, 70, 66, 21, 55, 40, 48, 14, 67, 30, 35,  2, 38, 39, 32, 25], 1470.18452004, 1470.18452004, 0.,  0.        ,  0.        ,  0.        ,  4, 47, 27.5)
 (41, [10, 17, 15,  9, 15,  6, 18, 20, 31, 10, 33, 65, 71, 60, 27, 36, 43, 49, 61, 37,  7, 68, 12,  1, 64, 47, 23, 26, 59, 51, 17, 41, 50, 34, 44, 62, 69,  8, 54, 56, 16,  3, 22, 45, 15, 72, 53, 46, 29,  5, 57, 24, 63, 28, 13, 52,  4, 42, 58,  6, 11, 19,  9, 70, 66, 21, 55, 40, 48, 14, 67, 30, 35,  2, 38, 39, 32, 25], 1470.18452004, 1470.18452004, 0.,  0.        ,  0.        ,  0.        ,  5, 46, 28. )
 (41, [10, 17, 15,  9, 15,  6, 18, 20, 31, 10, 33, 65, 71, 60, 27, 36, 43, 49, 61, 37,  7, 68, 12,  1, 64, 47, 23, 26, 59, 51, 17, 41, 50, 34, 44, 62, 69,  8, 54, 56, 16,  3, 22, 45, 15, 72, 53, 46, 29,  5, 57, 24, 63, 28, 13, 52,  4, 42, 58,  6, 11, 19,  9, 70, 66, 21, 55, 40, 48, 14, 67, 30, 35,  2, 38, 39, 32, 25], 1470.18452004, 1470.18452004, 0.,  0.        ,  0.        ,  0.        ,  6, 45, 28.5)
 (41, [10, 17, 15,  9, 15,  6, 18, 20, 31, 10, 33, 65, 71, 60, 27, 36, 43, 49, 61, 37,  7, 68, 12,  1, 64, 47, 23, 26, 59, 51, 17, 41, 50, 34, 44, 62, 69,  8, 54, 56, 16,  3, 22, 45, 15, 72, 53, 46, 29,  5, 57, 24, 63, 28, 13, 52,  4, 42, 58,  6, 11, 19,  9, 70, 66, 21, 55, 40, 48, 14, 67, 30, 35,  2, 38, 39, 32, 25], 1470.18452004, 1470.18452004, 0.,  0.        ,  0.        ,  0.        ,  7, 44, 29. )
 (41, [10, 17, 15,  9, 15,  6, 18, 20, 31, 10, 33, 65, 71, 60, 27, 36, 43, 49, 61, 37,  7, 68, 12,  1, 64, 47, 23, 26, 59, 51, 17, 41, 50, 34, 44, 62, 69,  8, 54, 56, 16,  3, 22, 45, 15, 72, 53, 46, 29,  5, 57, 24, 63, 28, 13, 52,  4, 42, 58,  6, 11, 19,  9, 70, 66, 21, 55, 40, 48, 14, 67, 30, 35,  2, 38, 39, 32, 25], 1470.18452004, 1470.18452004, 0.,  0.        ,  0.        ,  0.        ,  8, 43, 29.5)
 (41, [10, 17, 15,  9, 15,  6, 18, 20, 31, 10, 33, 65, 71, 60, 27, 36, 43, 49, 61, 37,  7, 68, 12,  1, 64, 47, 23, 26, 59, 51, 17, 41, 50, 34, 44, 62, 69,  8, 54, 56, 16,  3, 22, 45, 15, 72, 53, 46, 29,  5, 57, 24, 63, 28, 13, 52,  4, 42, 58,  6, 11, 19,  9, 70, 66, 21, 55, 40, 48, 14, 67, 30, 35,  2, 38, 39, 32, 25], 1470.18452004, 1470.18452004, 0.,  0.        ,  0.        ,  0.        ,  9, 42, 30. )
 (41, [10, 17, 15,  9, 15,  6, 18, 20, 31, 10, 33, 65, 71, 60, 27, 36, 43, 49, 61, 37,  7, 68, 12,  1, 64, 47, 23, 26, 59, 51, 17, 41, 50, 34, 44, 62, 69,  8, 54, 56, 16,  3, 22, 45, 15, 72, 53, 46, 29,  5, 57, 24, 63, 28, 13, 52,  4, 42, 58,  6, 11, 19,  9, 70, 66, 21, 55, 40, 48, 14, 67, 30, 35,  2, 38, 39, 32, 25], 1470.18452004, 1470.18452004, 0.,  0.        ,  0.        ,  0.        , 10, 41, 30.5)
 (41, [10, 17, 15,  9, 15,  6, 18, 20, 31, 10, 33, 65, 71, 60, 27, 36, 43, 49, 61, 37,  7, 68, 12,  1, 64, 47, 23, 26, 59, 51, 17, 41, 50, 34, 44, 62, 69,  8, 54, 56, 16,  3, 22, 45, 15, 72, 53, 46, 29,  5, 57, 24, 63, 28, 13, 52,  4, 42, 58,  6, 11, 19,  9, 70, 66, 21, 55, 40, 48, 14, 67, 30, 35,  2, 38, 39, 32, 25], 1470.18452004, 1470.18452004, 0.,  0.        ,  0.        ,  0.        , 11, 40, 31. )
 (41, [10, 17, 15,  9, 15,  6, 18, 20, 31, 10, 33, 65, 71, 60, 27, 36, 43, 49, 61, 37,  7, 68, 12,  1, 64, 47, 23, 26, 59, 51, 17, 41, 50, 34, 44, 62, 69,  8, 54, 56, 16,  3, 22, 45, 15, 72, 53, 46, 29,  5, 57, 24, 63, 28, 13, 52,  4, 42, 58,  6, 11, 19,  9, 70, 66, 21, 55, 40, 48, 14, 67, 30, 35,  2, 38, 39, 32, 25], 1470.18452004, 1470.18452004, 0.,  0.        ,  0.        ,  0.        , 16, 35, 33.5)
 (41, [10, 17, 15,  9, 15,  6, 18, 20, 31, 10, 33, 65, 71, 60, 27, 36, 43, 49, 61, 37,  7, 68, 12,  1, 64, 47, 23, 26, 59, 51, 17, 41, 50, 34, 44, 62, 69,  8, 54, 56, 16,  3, 22, 45, 15, 72, 53, 46, 29,  5, 57, 24, 63, 28, 13, 52,  4, 42, 58,  6, 11, 19,  9, 70, 66, 21, 55, 40, 48, 14, 67, 30, 35,  2, 38, 39, 32, 25], 1470.18452004, 1470.18452004, 0.,  0.        ,  0.        ,  0.        , 12, 39, 31.5)
 (41, [10, 17, 15,  9, 15,  6, 18, 20, 31, 10, 33, 65, 71, 60, 27, 36, 43, 49, 61, 37,  7, 68, 12,  1, 64, 47, 23, 26, 59, 51, 17, 41, 50, 34, 44, 62, 69,  8, 54, 56, 16,  3, 22, 45, 15, 72, 53, 46, 29,  5, 57, 24, 63, 28, 13, 52,  4, 42, 58,  6, 11, 19,  9, 70, 66, 21, 55, 40, 48, 14, 67, 30, 35,  2, 38, 39, 32, 25], 1470.18452004, 1470.18452004, 0.,  0.        ,  0.        ,  0.        , 13, 38, 32. )
 (41, [10, 17, 15,  9, 15,  6, 18, 20, 31, 10, 33, 65, 71, 60, 27, 36, 43, 49, 61, 37,  7, 68, 12,  1, 64, 47, 23, 26, 59, 51, 17, 41, 50, 34, 44, 62, 69,  8, 54, 56, 16,  3, 22, 45, 15, 72, 53, 46, 29,  5, 57, 24, 63, 28, 13, 52,  4, 42, 58,  6, 11, 19,  9, 70, 66, 21, 55, 40, 48, 14, 67, 30, 35,  2, 38, 39, 32, 25], 1470.18452004, 1470.18452004, 0.,  0.        ,  0.        ,  0.        , 14, 37, 32.5)
 (41, [10, 17, 15,  9, 15,  6, 18, 20, 31, 10, 33, 65, 71, 60, 27, 36, 43, 49, 61, 37,  7, 68, 12,  1, 64, 47, 23, 26, 59, 51, 17, 41, 50, 34, 44, 62, 69,  8, 54, 56, 16,  3, 22, 45, 15, 72, 53, 46, 29,  5, 57, 24, 63, 28, 13, 52,  4, 42, 58,  6, 11, 19,  9, 70, 66, 21, 55, 40, 48, 14, 67, 30, 35,  2, 38, 39, 32, 25], 1470.18452004, 1470.18452004, 0.,  0.        ,  0.        ,  0.        , 16, 35, 33.5)
 (41, [10, 17, 15,  9, 15,  6, 18, 20, 31, 10, 33, 65, 71, 60, 27, 36, 43, 49, 61, 37,  7, 68, 12,  1, 64, 47, 23, 26, 59, 51, 17, 41, 50, 34, 44, 62, 69,  8, 54, 56, 16,  3, 22, 45, 15, 72, 53, 46, 29,  5, 57, 24, 63, 28, 13, 52,  4, 42, 58,  6, 11, 19,  9, 70, 66, 21, 55, 40, 48, 14, 67, 30, 35,  2, 38, 39, 32, 25], 1470.18452004, 1470.18452004, 0.,  0.        ,  0.        ,  0.        , 20, 34, 37. )
 (41, [10, 17, 15,  9, 15,  6, 18, 20, 31, 10, 33, 65, 71, 60, 27, 36, 43, 49, 61, 37,  7, 68, 12,  1, 64, 47, 23, 26, 59, 51, 17, 41, 50, 34, 44, 62, 69,  8, 54, 56, 16,  3, 22, 45, 15, 72, 53, 46, 29,  5, 57, 24, 63, 28, 13,  4, 52, 42, 58,  6, 11, 19,  9, 70, 66, 21, 55, 40, 48, 14, 67, 30, 35,  2, 38, 39, 32, 25], 1470.18452004, 1470.18452004, 0.,  0.        ,  0.        ,  3.        , 17, 25, 29.5)
 (41, [10, 17, 15,  9, 15,  6, 18, 20, 31, 10, 33, 65, 71, 60, 27, 36, 43, 49, 61, 37,  7, 68, 12,  1, 64, 47, 23, 26, 59, 51, 17, 41, 50, 34, 44, 62, 69,  8, 54, 56, 16,  3, 22, 45, 15, 72, 53, 46, 29,  5, 57, 24, 63, 28, 13, 52,  4, 42, 58,  6, 11, 19,  9, 70, 66, 21, 55, 40, 48, 14, 67, 30, 35,  2, 38, 39, 32, 25], 1470.18452004, 1470.18452004, 0.,  0.        ,  0.        ,  0.        , 15, 36, 33. )
 (41, [10, 17, 15,  9, 15,  6, 18, 20, 31, 10, 33, 65, 71, 60, 27, 36, 43, 49, 61, 37,  7, 68, 12,  1, 64, 47, 23, 26, 59, 51, 17, 41, 50, 34, 44, 62, 69,  8, 54, 56, 16,  3, 22, 45, 15, 72, 53, 46, 29,  5, 57, 24, 63, 28, 13, 52,  4, 42, 58,  6, 11, 19,  9, 70, 66, 21, 55, 40, 48, 14, 67, 30, 35,  2, 38, 39, 32, 25], 1470.18452004, 1470.18452004, 0.,  0.        ,  0.        ,  0.        , 18, 33, 34.5)
 (41, [10, 17, 15,  9, 15,  6, 18, 20, 31, 10, 33, 65, 71, 60, 27, 36, 43, 49, 61, 37,  7, 68, 12,  1, 64, 47, 23, 26, 59, 51, 17, 41, 50, 34, 44, 62, 69,  8, 54, 56, 16,  3, 22, 45, 15, 72, 53, 46, 29,  5, 57, 24, 63, 28, 13, 52,  4, 42, 58,  6, 11, 19,  9, 70, 66, 21, 55, 40, 48, 14, 67, 30, 35,  2, 38, 39, 32, 25], 1470.18452004, 1470.18452004, 0.,  0.        ,  0.        ,  0.        , 19, 32, 35. )
 (41, [10, 17, 15,  9, 15,  6, 18, 20, 31, 10, 33, 65, 71, 60, 27, 36, 43, 49, 61, 37,  7, 68, 12,  1, 64, 47, 23, 26, 59, 51, 17, 41, 50, 34, 44, 62, 69,  8, 54, 56, 16,  3, 22, 45, 15, 72, 53, 46, 29,  5, 57, 24, 63, 28, 13, 52,  4, 42, 58,  6, 11, 19,  9, 70, 66, 21, 55, 40, 48, 14, 67, 30,  2, 35, 38, 39, 32, 25], 1485.23381259, 1485.23381259, 0.,  0.        ,  0.        ,  1.        , 22, 31, 37.5)
 (41, [10, 17, 15,  9, 15,  6, 18, 20, 31, 10, 33, 65, 71, 60, 27, 36, 43, 49, 61, 37,  7, 68, 12,  1, 64, 47, 23, 26, 59, 51, 17, 41, 50, 34, 44, 62, 69,  8, 54, 56, 16,  3, 22, 45, 15, 72, 53, 46, 29,  5, 57, 24, 63, 28, 13, 52,  4, 42, 58,  6, 11, 19,  9, 70, 66, 21, 55, 40, 48, 14, 67, 30,  2, 35, 38, 39, 32, 25], 1485.23381259, 1485.23381259, 0.,  0.        ,  0.        ,  1.        , 25, 30, 40. )
 (41, [10, 17, 15,  9, 15,  6, 18, 20, 31, 10, 33, 65, 71, 60, 27, 36, 43, 49, 61, 37,  7, 68, 12,  1, 64, 47, 23, 26, 59, 51, 17, 41, 50, 34, 44, 62, 69,  8, 54, 56, 16,  3, 22, 45, 15, 72, 53, 46, 29,  5, 57, 24, 63, 28, 13, 52,  4, 42, 58,  6, 11, 19,  9, 70, 66, 21, 55, 40, 48, 14, 67, 30,  2, 35, 38, 39, 32, 25], 1485.23381259, 1485.23381259, 0.,  0.        ,  0.        ,  1.        , 23, 29, 37.5)
 (41, [10, 17, 15,  9, 15,  6, 18, 20, 31, 10, 33, 65, 71, 60, 27, 36, 43, 49, 61, 37,  7, 68, 12,  1, 64, 47, 23, 26, 59, 51, 17, 41, 50, 34, 44, 62, 69,  8, 54, 56, 16,  3, 22, 45, 15, 72, 53, 46, 29,  5, 57, 24, 63, 28, 13,  4, 52, 42, 58,  6, 11, 19,  9, 70, 66, 21, 55, 40, 48, 14, 67, 30,  2, 35, 38, 39, 32, 25], 1485.23381259, 1485.23381259, 0.,  0.        ,  0.        ,  2.        , 21, 27, 34.5)
 (41, [10, 17, 15,  9, 15,  6, 18, 20, 31, 10, 33, 65, 71, 60, 27, 36, 43, 49, 61, 37,  7, 68, 12,  1, 64, 47, 23, 26, 59, 51, 17, 41, 50, 34, 44, 62, 69,  8, 54, 56, 16,  3, 22, 45, 15, 72, 53, 46, 29,  5, 57, 24, 63, 28, 13,  4, 52, 42, 58,  6, 11, 19,  9, 70, 66, 21, 55, 40, 48, 14, 67, 30,  2, 35, 38, 39, 32, 25], 1485.23381259, 1485.23381259, 0.,  0.        ,  0.        ,  2.        , 24, 28, 38. )
 (41, [10, 17, 15,  9, 15,  6, 18, 20, 31, 10, 33, 65, 71, 60, 27, 36, 43, 49, 61, 37,  7, 68, 12,  1, 64, 47, 23, 26, 59, 51, 17, 41, 50, 34, 44, 62, 69,  8, 54, 56, 16,  3, 22, 45, 15, 72, 53, 46, 29,  5, 57, 24, 63, 28, 13, 52,  4, 42, 58,  6, 11, 19,  9, 70, 66, 21, 55, 40, 14, 48, 67, 30, 35,  2, 38, 39, 32, 25], 1490.25918307, 1490.25918307, 0.,  0.        ,  0.        ,  3.        , 26, 26, 39. )
 (41, [10, 17, 15,  8, 16,  6, 18, 20, 31, 10, 33, 65, 71, 60, 27, 36, 43, 49, 61, 37,  7, 68, 12,  1, 64, 47, 23, 26, 59, 51, 17, 41, 50, 34, 44, 62, 69,  8, 54, 56, 16,  3, 22, 45, 15, 72, 53, 46, 29,  5, 57, 24, 63, 28, 13, 52,  4, 42, 58,  6, 11, 19,  9, 70, 66, 21, 67, 40, 48, 14, 55, 30, 35,  2, 38, 39, 32, 25], 1561.77236617, 1561.77236617, 0.,  0.        ,  0.        ,  4.66666667, 27, 21, 37.5)
 (41, [10, 17, 14,  9, 14,  8, 18, 20, 31, 10, 33, 65, 71, 60, 27, 36, 43, 49, 61, 37,  7, 68, 12,  1, 64, 47, 23, 26, 59, 51, 17, 41, 50, 34, 44, 62, 69,  8, 54, 56, 16,  3, 22, 45, 15, 72, 53, 29,  5, 57, 24, 63, 28, 46,  4, 52, 66, 42, 58, 13, 55, 70,  6, 11,  9, 19, 14, 21, 40, 48, 67, 30, 35,  2, 38, 39, 32, 25], 1578.6371057 , 1577.80473545, 0.,  0.41618512,  0.        , 10.66666667, 28, 15, 35.5)
 (41, [10, 17, 15,  9, 15,  6, 18, 20, 31, 10, 33, 65, 71, 60, 27, 36, 43, 49, 61, 37,  7, 68, 12,  1, 64, 47, 23, 26, 59, 51, 17, 41, 50, 34, 44, 62, 69,  8, 54, 56, 16,  3, 22, 45, 15, 72, 53, 46, 29,  5, 57, 24, 63, 28, 13, 52,  4, 42, 58,  6, 11, 19,  9, 70, 66, 21, 48, 55, 40, 67, 14, 35,  2, 38, 39, 32, 30, 25], 1634.84229148, 1634.84229148, 0.,  0.        ,  0.        ,  7.        , 29, 19, 38.5)
 (41, [10, 17, 15,  8, 14,  8, 18, 20, 31, 10, 33, 65, 71, 60, 27, 36, 43, 49, 61, 37,  7, 68, 12,  1, 64, 47, 23, 26, 59, 51, 17, 41, 50, 34, 44, 62, 69,  8, 54, 56, 16,  3, 22, 45, 15, 72, 53, 29,  5, 57, 24, 63, 28, 46,  4, 52, 40, 66, 42, 58, 13, 55, 70,  6, 11,  9, 19, 14, 21, 48, 67, 30, 35,  2, 38, 39, 32, 25], 1648.30776196, 1647.47539171, 0.,  0.41618512,  0.        ,  9.33333333, 30, 18, 39. )
 (41, [10, 17, 16,  8, 16,  5, 18, 20, 31, 10, 33, 65, 71, 60, 27, 36, 43, 68,  7, 37, 61, 49, 12,  1, 64, 47, 23, 26, 59, 51, 17, 41, 50, 34, 44, 62, 69,  8, 54, 56, 16,  3, 22, 45, 15, 72, 53, 46, 29,  5, 57, 24, 63, 28, 13, 52,  4, 42, 58,  6, 11, 19,  9, 70, 66, 21, 55, 40, 48, 14, 67, 30, 35,  2, 38, 39, 32, 25], 1661.57563605, 1661.57563605, 0.,  0.        ,  0.        , 10.        , 31, 17, 39.5)
 (41, [10, 17, 15,  9, 15,  6, 18, 20, 31, 10, 33, 65, 71, 60, 27, 36, 43, 49, 61, 37,  7, 68, 12,  1, 64, 47, 23, 26, 59, 51, 17, 41, 50, 34, 44, 62, 11,  8, 54, 56, 16,  3, 22, 45, 15, 72, 53, 46, 29,  5, 57, 24, 63, 28, 13, 52,  4, 42, 58,  6, 69, 19,  9, 70, 66, 21, 55, 40, 48, 14, 67, 30, 35,  2, 38, 39, 32, 25], 1679.27040448, 1679.27040448, 0.,  0.        ,  0.        ,  4.        , 32, 22, 43. )
 (41, [10, 17, 15,  9, 15,  6, 18, 20, 31, 10, 33, 65, 71, 60, 27, 36, 43, 49, 61, 37,  7, 68, 12,  1, 64, 47, 23, 26, 59, 51, 17, 41, 50, 34, 44, 62, 69,  8, 54, 56, 16,  3, 11, 22, 45, 15, 72, 53, 46, 29,  5, 57, 24, 63, 28, 13, 52,  4, 42, 58,  6, 19,  9, 70, 66, 21, 55, 40, 48, 14, 67, 30, 35,  2, 38, 39, 32, 25], 1697.72792179, 1697.72792179, 0.,  0.        ,  0.        ,  3.        , 33, 24, 45. )
 (41, [10, 17, 15,  9, 15,  6, 18, 20, 31, 10, 33, 65, 71, 60, 27, 36, 43, 49, 61, 37,  7, 68, 12,  1, 64, 47, 23, 26, 59, 51, 55, 41, 50, 34, 44, 62, 69,  8, 54, 56, 16,  3, 22, 45, 15, 72, 53, 46, 29,  5, 57, 24, 63, 28, 13, 52,  4, 42, 58,  6, 11, 19,  9, 70, 66, 21, 17, 40, 48, 14, 67, 30, 35,  2, 38, 39, 32, 25], 1707.32196161, 1707.32196161, 0.,  0.        ,  0.        ,  4.        , 34, 23, 45.5)
 (41, [10, 17, 15,  8, 14,  8, 18, 20, 31, 10, 33, 65, 71, 60, 27, 36, 43, 49, 61, 37,  7, 68, 12,  1, 64, 47, 23, 26, 59, 51, 17, 41, 50, 34, 44, 62,  8, 54, 56, 16,  3, 22, 45, 15, 72, 53, 29,  5, 57, 24, 63, 28, 69, 46,  4, 52, 40, 66, 42, 58, 13, 55, 70,  6, 11,  9, 19, 14, 21, 48, 67, 30, 35,  2, 38, 39, 32, 25], 1771.46882695, 1770.6364567 , 0.,  0.41618512,  0.        , 11.        , 35, 14, 42. )
 (41, [11, 18, 11, 11, 15,  6, 18, 20, 31, 10, 33, 65, 71, 60, 27, 36, 43, 49, 61, 37,  7, 68, 12,  1, 64, 47, 23, 26, 59, 51, 17, 41, 50, 34, 44, 62, 69,  8, 54, 56, 16,  3, 22, 45, 15, 72, 53, 46, 29,  5, 57, 24, 63, 28, 52, 13,  4, 42, 58,  6, 11, 19,  9, 70, 66, 21, 55, 40, 48, 14, 67, 30, 35,  2, 38, 39, 32, 25], 1839.4316809 , 1839.4316809 , 0.,  0.        ,  0.        , 11.        , 36, 13, 42.5)
 (41, [ 9, 17, 16,  8, 16,  6, 18, 20, 31, 10, 33, 65, 71, 60, 27, 36, 43, 49, 61, 37,  7, 68, 12,  1, 64, 47, 23, 26, 59, 51, 17, 41, 50, 34, 44, 62, 69,  8, 54, 56, 16,  3, 22, 45, 15, 72, 53, 46, 29,  5, 57, 24, 63, 28, 13, 52,  4, 42, 58,  6, 11, 19,  9, 70, 66, 21, 67, 40, 48, 14, 55, 30, 35,  2, 38, 39, 32, 25], 1876.94821183, 1876.46053319, 0.,  0.24383932,  0.        ,  6.        , 37, 20, 47. )
 (41, [10, 17, 15,  9, 15,  6, 18, 20, 31, 10, 33, 65, 71, 60, 27, 36, 43, 49, 61, 37,  7, 68, 50, 41, 17, 51, 59, 26, 23, 47, 64,  1, 12, 34, 44, 62,  8, 54, 56, 16,  3, 22, 45, 11, 15, 72, 53, 46, 29,  5, 57, 24, 63, 28, 13, 52,  4, 42, 58,  6, 69, 19,  9, 70, 66, 21, 55, 40, 48, 14, 67, 30, 35,  2, 38, 39, 32, 25], 1944.03161138, 2044.42155491, 0., 19.95260052,  0.        , 16.33333333, 38, 12, 44. )
 (41, [10, 17, 15,  9, 15,  6, 18, 20, 31, 10, 33, 65, 71, 60, 27, 36, 43, 19, 11,  6, 58, 42,  4, 49, 64, 47, 23, 26, 59, 51, 17, 41, 50, 34, 44, 62, 69,  8, 54, 56, 16,  3, 22, 45, 15, 72, 53, 46, 29,  5, 57, 24, 63, 28, 13, 52, 61, 37,  7, 68, 12,  1,  9, 70, 66, 21, 55, 40, 48, 14, 67, 30, 35,  2, 38, 39, 32, 25], 1990.41716203, 1990.41716203, 0.,  0.        ,  0.        , 10.        , 39, 16, 47. )
 (41, [ 9, 12, 19, 12, 14,  6, 18, 20, 31, 10, 33, 65, 71, 60, 27, 36, 43, 49, 61, 37,  7, 68, 12,  1, 64, 47, 23, 26, 59, 51, 17, 41, 50, 34, 44, 62, 69,  8, 54, 56, 16,  3, 22, 45, 15, 72, 53, 29,  5, 57, 24, 63, 28, 46,  4, 52, 66, 42, 58, 13, 55, 70,  6, 11,  9, 19, 14, 21, 40, 48, 67, 30, 35,  2, 39, 38, 32, 25], 2130.37807312, 2153.37898528, 0.,  0.66002445,  0.        , 22.        , 40, 10, 45. )
 (47, [15, 13, 15, 10, 14,  5, 18, 20, 31, 10, 33, 65, 71, 60, 27, 36, 43, 49, 61, 37,  7, 68, 12,  1, 64, 47, 23, 26, 59, 51, 17, 41, 50, 34, 44, 16,  3, 22, 29, 52, 45, 15, 72, 53, 46,  5, 57, 24, 63, 28, 62, 69,  8, 54, 56, 13,  4, 42, 58,  6, 11, 19,  9, 70, 66, 21, 55, 40, 48, 14, 67, 30, 35,  2, 38, 39, 32, 25], 2290.99736841, 2473.87591299, 0., 11.41340699,  0.        , 20.        , 41, 11, 46.5)
 (41, [10, 14, 15, 13, 15,  5, 18, 20, 31, 10, 65, 71, 27, 36, 43, 63, 29, 49, 61, 37,  7, 68, 12,  1, 64, 47, 23, 26, 59, 51, 17, 41, 50, 34, 44, 62, 69,  8, 54, 56, 16,  3, 22, 45, 15, 72, 53, 46,  5, 57, 24, 28, 13, 52,  4, 58,  6, 11, 19,  9, 70, 60, 33, 42, 66, 21, 55, 40, 48, 14, 67, 30, 35,  2, 39, 38, 32, 25], 2334.35389823, 2445.61707079, 0.,  0.        , 23.24523883, 23.        , 42,  9, 46.5)
 (41, [10, 15, 15,  9, 15,  8, 36, 18, 31, 10, 65, 27, 49,  7, 61, 37, 68,  1, 64, 23, 26, 60, 35,  2, 71, 51, 17, 32, 38, 33, 12, 69, 43, 50, 34, 44, 62,  8, 54, 56, 16,  3, 22, 45, 15, 72, 29, 53, 46,  5, 57, 24, 63, 28, 13, 14, 21,  4, 52, 55, 40, 48, 42, 58,  6, 11, 19,  9, 70, 66, 67, 39, 20, 30, 59, 41, 47, 25], 2584.02796983, 2564.22699757, 0.,  9.90048613,  0.        , 27.        , 45,  8, 49. )
 (41, [ 8, 18, 15, 10, 15,  6, 39, 25, 36, 27, 10, 65, 67, 37, 30, 31,  7, 26, 60, 35,  2, 18, 49, 12, 51, 61, 32, 38, 71, 68, 64, 23, 69, 72, 50, 11, 34, 44, 62,  8, 54, 56, 16,  3, 22, 45, 15, 52, 46, 53, 29,  5, 57, 24, 63, 28, 13, 14, 17, 58, 42, 33,  6, 19,  9, 70, 66, 21,  4, 55, 40, 48, 59,  1, 47, 41, 43, 20], 2890.90458201, 2890.90458201, 0.,  0.        ,  0.        , 36.33333333, 46,  5, 48.5)
 (41, [10, 14, 13, 11, 14, 10, 18, 20, 31, 10, 33, 65, 60, 36, 43, 49, 61, 37, 68, 12,  1, 64, 47, 23, 51, 17, 50, 44, 62, 69,  8, 54, 56, 16,  3, 45, 15, 72, 46, 29,  5, 57, 24, 26, 71, 59, 53, 27, 25, 41, 63, 28, 34, 52, 22, 13,  4, 42, 58,  6, 11, 19,  9, 70, 66, 21, 55, 40, 48, 14, 67, 30, 35,  2, 38,  7, 39, 32], 3123.24858239, 3281.00223262, 0.,  0.        ,  0.        , 34.66666667, 44,  6, 47. )
 (41, [12, 17, 11,  9, 11, 12, 14, 49, 68, 42, 31, 13, 10, 67, 58, 43, 64, 55, 35, 33, 48,  6,  1, 36, 11,  4, 60, 26, 59, 51, 17, 41, 50, 34, 44, 62, 69,  8, 54, 56, 16,  2, 37,  3, 22, 45, 15, 72, 53, 46, 29,  5, 57, 24, 63,  9, 65, 66, 28, 19, 71, 52, 27, 25,  7, 20, 61, 18, 39, 32, 70, 38, 12, 40, 21, 23, 47, 30], 4819.573098  , 4940.30802744, 0., 66.84718975,  0.        , 59.66666667, 47,  3, 48.5)
 (41, [11, 17, 11, 12, 14,  7, 60, 37, 39, 35, 19,  2, 15, 40, 58, 33, 66, 57, 29, 55,  7, 68, 12,  1, 64, 47, 23, 26, 59, 51, 17, 41, 50, 34, 44, 62, 69,  8, 54, 56, 65, 30, 45, 24, 49, 36, 14, 31, 53, 10, 27, 61, 63, 71, 70, 20, 42, 11, 16,  3,  5, 32, 38, 25, 43, 21, 18,  9, 22, 52, 67, 72, 46, 28, 13,  4,  6, 48], 4883.3126332 , 4795.21315221, 0., 44.0497405 ,  0.        , 56.66666667, 48,  4, 50. )
 (39, [10, 17, 16,  9, 14,  6, 18, 60, 43, 51, 56, 39, 35, 19,  2, 34, 50, 15, 40, 58, 33, 66, 57, 69, 29, 55, 65, 64, 30, 68, 45, 23, 24, 49, 36, 14, 31, 59, 53, 10, 26, 27, 61, 63, 17, 71, 70, 20, 42, 11, 37,  7, 12,  1, 47, 41, 44, 62,  8, 54, 16,  3, 22, 72,  5, 28, 46,  4, 52, 13,  6,  9, 21, 48, 67, 38, 32, 25], 5788.71530929, 5965.48758471, 0., 32.21619288, 50.7389398 , 61.        , 49,  2, 50. )
 (41, [12, 12, 14, 13, 10, 11, 67, 25, 66, 16, 52, 36, 20,  9,  8, 58, 72, 62, 43, 24, 27, 30, 47, 57,  2, 61, 51, 65, 53, 41, 37, 11, 21, 17, 22, 35,  7, 13, 44, 26, 10, 18, 33, 23, 64,  3, 46, 15,  5, 29, 59, 19, 63, 70, 56, 54,  6, 71, 49, 60, 42,  4, 28, 45, 32, 31, 55, 40, 48, 14, 68, 12, 34,  1, 39, 69, 50, 38], 6365.00941919, 6217.52080782, 0., 73.74430569,  0.        , 82.33333333, 50,  1, 50.5)]