
Total Runtime in seconds: 305.1385931968689Parameters:
population_size: 50, max_generations: 500, executed generations: 125, threshold_no_improvement: 250
target feasible proportion: 12
fitness_scaling: power_rank, selection_method: n_tournaments
p_c: 0.9, p_m: 0.25, NOT YET p_education: 0.0
tournament_size: 2, n_elite: 8
survivor_selection_step: 10, p_selection_survival: 0.7
kill clone step: 5
diversify_step: 20, diversify_step: 20, p_diversify_survival: 0.3
n_closest_neighbors: 3, diversity_weight: 0.5, distance_method: broken_pairs_distance
capacity_penalty_factor: 2.1, duration_penalty_factor 2.1, time_window_penalty: 2.1
Best fitness all generations, best individual before/after local search: 1108.557016743855, 1108.557016743855 / 1108.557016743855
Best individual found before local search: (49, [ 7,  9, 16, 16, 35,  7, 41, 31, 44, 32, 37, 34, 10, 45,  6, 27,  3, 48, 11, 22, 13, 33, 20, 29,  8,  5, 16, 28,  4, 19, 14,  1, 36, 26, 18, 17, 47, 24, 12, 21, 38, 40, 39,  2, 15, 25, 23, 30,  9, 42, 46, 43], 1108.55701674, 1148.83048695, 0., 0., 0., 5.66666667, 1, 49, 25.5)
Best individual found after local search: (49, [ 7,  9, 16, 16, 35,  7, 41, 31, 44, 32, 37, 34, 10, 45,  6, 27,  3, 48, 11, 22, 13, 33, 20, 29,  8,  5, 16, 28,  4, 19, 14,  1, 36, 26, 18, 17, 47, 24, 12, 21, 38, 40, 39,  2, 15, 25, 23, 30,  9, 42, 46, 43], 1108.55701674, 1148.83048695, 0., 0., 0., 5.66666667, 1, 49, 25.5)
Best feasible individual found: (49, [ 7,  9, 16, 16, 35,  7, 41, 31, 44, 32, 37, 34, 10, 45,  6, 27,  3, 48, 11, 22, 13, 33, 20, 29,  8,  5, 16, 28,  4, 19, 14,  1, 36, 26, 18, 17, 47, 24, 12, 21, 38, 40, 39,  2, 15, 25, 23, 30,  9, 42, 46, 43], 1108.55701674, 1148.83048695, 0., 0., 0., 5.66666667, 1, 49, 25.5)

Fitness stats min: [1151.47471767 1146.63864987 1145.58752312 1145.58752312 1113.95374479
 1113.95374479 1113.95374479 1113.95374479 1113.95374479 1113.95374479
 1113.95374479 1113.95374479 1113.95374479 1113.95374479 1113.95374479
 1113.95374479 1113.95374479 1113.95374479 1113.95374479 1113.95374479
 1113.95374479 1113.95374479 1113.95374479 1113.95374479 1113.95374479
 1113.95374479 1113.95374479 1113.95374479 1113.95374479 1113.95374479
 1113.95374479 1113.95374479 1113.95374479 1113.95374479 1113.95374479
 1113.95374479 1113.95374479 1113.95374479 1113.95374479 1113.95374479
 1113.95374479 1113.95374479 1113.95374479 1113.95374479 1113.95374479
 1113.95374479 1113.95374479 1113.95374479 1113.95374479 1113.95374479
 1113.95374479 1113.95374479 1113.95374479 1113.95374479 1113.95374479
 1113.95374479 1113.95374479 1113.95374479 1113.95374479 1113.95374479
 1113.95374479 1113.95374479 1113.95374479 1113.95374479 1113.95374479
 1113.95374479 1113.95374479 1113.95374479 1113.95374479 1113.95374479
 1113.95374479 1113.95374479 1109.87108953 1108.55701674 1108.55701674
 1108.55701674 1108.55701674 1108.55701674 1108.55701674 1108.55701674
 1108.55701674 1108.55701674 1108.55701674 1108.55701674 1108.55701674
 1108.55701674 1108.55701674 1108.55701674 1108.55701674 1108.55701674
 1108.55701674 1108.55701674 1108.55701674 1108.55701674 1108.55701674
 1108.55701674 1108.55701674 1108.55701674 1108.55701674 1108.55701674
 1108.55701674 1108.55701674 1108.55701674 1108.55701674 1108.55701674
 1108.55701674 1108.55701674 1108.55701674 1108.55701674 1108.55701674
 1108.55701674 1108.55701674 1108.55701674 1108.55701674 1108.55701674
 1108.55701674 1108.55701674 1108.55701674 1108.55701674 1108.55701674
 1108.55701674 1108.55701674 1108.55701674 1108.55701674 1108.55701674
 1108.55701674] 

Fitness stats feasible min: [1151.47471767 1146.63864987 1146.63864987 1145.75288693 1113.95374479
 1113.95374479 1113.95374479 1113.95374479 1113.95374479 1113.95374479
 1113.95374479 1113.95374479 1113.95374479 1113.95374479 1113.95374479
 1113.95374479 1113.95374479 1113.95374479 1113.95374479 1113.95374479
 1113.95374479 1113.95374479 1113.95374479 1113.95374479 1113.95374479
 1113.95374479 1113.95374479 1113.95374479 1113.95374479 1113.95374479
 1113.95374479 1113.95374479 1113.95374479 1113.95374479 1113.95374479
 1113.95374479 1113.95374479 1113.95374479 1113.95374479 1113.95374479
 1113.95374479 1113.95374479 1113.95374479 1113.95374479 1113.95374479
 1113.95374479 1113.95374479 1113.95374479 1113.95374479 1113.95374479
 1113.95374479 1113.95374479 1113.95374479 1113.95374479 1113.95374479
 1113.95374479 1113.95374479 1113.95374479 1113.95374479 1113.95374479
 1113.95374479 1113.95374479 1113.95374479 1113.95374479 1113.95374479
 1113.95374479 1113.95374479 1113.95374479 1113.95374479 1113.95374479
 1113.95374479 1113.95374479 1109.87108953 1108.55701674 1108.55701674
 1108.55701674 1108.55701674 1108.55701674 1108.55701674 1108.55701674
 1108.55701674 1108.55701674 1108.55701674 1108.55701674 1108.55701674
 1108.55701674 1108.55701674 1108.55701674 1108.55701674 1108.55701674
 1108.55701674 1108.55701674 1108.55701674 1108.55701674 1108.55701674
 1108.55701674 1108.55701674 1108.55701674 1108.55701674 1108.55701674
 1108.55701674 1108.55701674 1108.55701674 1108.55701674 1108.55701674
 1108.55701674 1108.55701674 1108.55701674 1108.55701674 1108.55701674
 1108.55701674 1108.55701674 1108.55701674 1108.55701674 1108.55701674
 1108.55701674 1108.55701674 1108.55701674 1108.55701674 1108.55701674
 1108.55701674 1108.55701674 1108.55701674 1108.55701674 1108.55701674
 1108.55701674] 

Fitness stats avg: [1535.54756474 1485.96856905 1359.63522385 1331.44986385 1253.62166698
 1892.06243776 1410.18991941 1301.248759   1225.30315085 1202.15412778
 2071.65111715 1320.29318457 1213.9766786  1204.04237924 1249.17578788
 3211.22544389 2735.94534278 1951.77026072 1415.38075065 1294.51133783
 2257.23655786 1675.44486342 1395.18149141 1325.11486161 1252.18107249
 2693.17634696 2112.53770251 1506.74077534 1266.49363969 1183.29695125
 1738.55262481 1273.80334518 1231.87327132 1185.04802351 1214.83027372
 3390.34473185 2804.90669051 2134.41935974 1844.55203132 1428.1259256
 2746.18521833 1924.88494594 1390.62565801 1381.14146792 1227.00079341
 2109.22445862 1549.5742279  1293.57347784 1284.91230681 1203.11947567
 2122.48762384 1410.05260953 1194.34234791 1209.05366095 1249.03619143
 2864.17531527 1977.40294447 1526.34339881 1291.80652959 1232.35528774
 1891.03012446 1374.58458315 1279.64099613 1276.3278246  1292.79929886
 1848.53051959 1374.43477037 1204.7955631  1150.78431769 1203.42178845
 1748.64380323 1495.7581526  1250.55126888 1251.14209887 1246.78390567
 3043.85303138 2276.04852618 1698.40505969 1520.4962528  1440.00071593
 2853.78044379 2200.97596171 1729.37537303 1531.88384328 1389.78894225
 2398.01926704 1696.40237242 1408.41425458 1360.25062669 1236.69012496
 1934.62546403 1424.29888422 1249.19867182 1261.83425463 1917.59628903
 2735.64861645 2154.46867334 1625.60078368 1481.30946876 1384.85174905
 2316.63483404 1615.45014374 1337.98945099 1242.58644644 1248.25506664
 3138.6050739  2279.22564448 1760.14328744 1267.93402735 1234.41681939
 1849.92009242 1386.97003908 1241.34288235 1183.4201804  1793.87186807
 3005.67338511 2259.77869014 1768.02422452 1421.73966135 1249.12158431
 2211.95988111 1539.07357656 1284.53580907 1197.0618319  1159.07806044
 3601.61498093] 

Feasible stats: [( 0., 50.) ( 0., 50.) (42.,  8.) (42.,  8.) (47.,  3.) (47.,  3.)
 (37., 13.) (37., 13.) (40., 10.) (40., 10.) (47.,  3.) (47.,  3.)
 (46.,  4.) (46.,  4.) (47.,  3.) (47.,  3.) (19., 31.) (19., 31.)
 (29., 21.) (29., 21.) (46.,  4.) (46.,  4.) (39., 11.) (39., 11.)
 (46.,  4.) (46.,  4.) (20., 30.) (20., 30.) (37., 13.) (37., 13.)
 (49.,  1.) (49.,  1.) (46.,  4.) (46.,  4.) (48.,  2.) (48.,  2.)
 (13., 37.) (13., 37.) (20., 30.) (20., 30.) (39., 11.) (39., 11.)
 (31., 19.) (31., 19.) (35., 15.) (35., 15.) (30., 20.) (30., 20.)
 (46.,  4.) (46.,  4.) (47.,  3.) (47.,  3.) (42.,  8.) (42.,  8.)
 (48.,  2.) (48.,  2.) (13., 37.) (13., 37.) (39., 11.) (39., 11.)
 (43.,  7.) (43.,  7.) (43.,  7.) (43.,  7.) (46.,  4.) (46.,  4.)
 (35., 15.) (35., 15.) (49.,  1.) (49.,  1.) (47.,  3.) (47.,  3.)
 (46.,  4.) (46.,  4.) (47.,  3.) (47.,  3.) (19., 31.) (19., 31.)
 (34., 16.) (34., 16.) (38., 12.) (38., 12.) (27., 23.) (27., 23.)
 (36., 14.) (36., 14.) (23., 27.) (23., 27.) (41.,  9.) (41.,  9.)
 (47.,  3.) (47.,  3.) (41.,  9.) (41.,  9.) (48.,  2.) (48.,  2.)
 (17., 33.) (17., 33.) (37., 13.) (37., 13.) (46.,  4.) (46.,  4.)
 (36., 14.) (36., 14.) (46.,  4.) (46.,  4.) (16., 34.) (16., 34.)
 (34., 16.) (34., 16.) (45.,  5.) (45.,  5.) (41.,  9.) (41.,  9.)
 (48.,  2.) (48.,  2.) (14., 36.) (14., 36.) (29., 21.) (29., 21.)
 (46.,  4.) (46.,  4.) (41.,  9.) (41.,  9.) (48.,  2.) (48.,  2.)
 ( 0.,  0.) ( 0.,  0.) ( 0.,  0.) ( 0.,  0.) ( 0.,  0.) ( 0.,  0.)
 ( 0.,  0.) ( 0.,  0.) ( 0.,  0.) ( 0.,  0.) ( 0.,  0.) ( 0.,  0.)
 ( 0.,  0.) ( 0.,  0.) ( 0.,  0.) ( 0.,  0.) ( 0.,  0.) ( 0.,  0.)
 ( 0.,  0.) ( 0.,  0.) ( 0.,  0.) ( 0.,  0.) ( 0.,  0.) ( 0.,  0.)
 ( 0.,  0.) ( 0.,  0.) ( 0.,  0.) ( 0.,  0.) ( 0.,  0.) ( 0.,  0.)
 ( 0.,  0.) ( 0.,  0.) ( 0.,  0.) ( 0.,  0.) ( 0.,  0.) ( 0.,  0.)
 ( 0.,  0.) ( 0.,  0.) ( 0.,  0.) ( 0.,  0.) ( 0.,  0.) ( 0.,  0.)
 ( 0.,  0.) ( 0.,  0.) ( 0.,  0.) ( 0.,  0.) ( 0.,  0.) ( 0.,  0.)
 ( 0.,  0.) ( 0.,  0.) ( 0.,  0.) ( 0.,  0.) ( 0.,  0.) ( 0.,  0.)
 ( 0.,  0.) ( 0.,  0.) ( 0.,  0.) ( 0.,  0.) ( 0.,  0.) ( 0.,  0.)
 ( 0.,  0.) ( 0.,  0.) ( 0.,  0.) ( 0.,  0.) ( 0.,  0.) ( 0.,  0.)
 ( 0.,  0.) ( 0.,  0.) ( 0.,  0.) ( 0.,  0.) ( 0.,  0.) ( 0.,  0.)
 ( 0.,  0.) ( 0.,  0.) ( 0.,  0.) ( 0.,  0.) ( 0.,  0.) ( 0.,  0.)
 ( 0.,  0.) ( 0.,  0.) ( 0.,  0.) ( 0.,  0.) ( 0.,  0.) ( 0.,  0.)
 ( 0.,  0.) ( 0.,  0.) ( 0.,  0.) ( 0.,  0.) ( 0.,  0.) ( 0.,  0.)
 ( 0.,  0.) ( 0.,  0.) ( 0.,  0.) ( 0.,  0.) ( 0.,  0.) ( 0.,  0.)
 ( 0.,  0.) ( 0.,  0.) ( 0.,  0.) ( 0.,  0.) ( 0.,  0.) ( 0.,  0.)
 ( 0.,  0.) ( 0.,  0.) ( 0.,  0.) ( 0.,  0.) ( 0.,  0.) ( 0.,  0.)
 ( 0.,  0.) ( 0.,  0.) ( 0.,  0.) ( 0.,  0.) ( 0.,  0.) ( 0.,  0.)
 ( 0.,  0.) ( 0.,  0.) ( 0.,  0.) ( 0.,  0.) ( 0.,  0.) ( 0.,  0.)
 ( 0.,  0.) ( 0.,  0.) ( 0.,  0.) ( 0.,  0.) ( 0.,  0.) ( 0.,  0.)
 ( 0.,  0.) ( 0.,  0.) ( 0.,  0.) ( 0.,  0.) ( 0.,  0.) ( 0.,  0.)
 ( 0.,  0.) ( 0.,  0.) ( 0.,  0.) ( 0.,  0.) ( 0.,  0.) ( 0.,  0.)
 ( 0.,  0.) ( 0.,  0.) ( 0.,  0.) ( 0.,  0.) ( 0.,  0.) ( 0.,  0.)
 ( 0.,  0.) ( 0.,  0.) ( 0.,  0.) ( 0.,  0.) ( 0.,  0.) ( 0.,  0.)
 ( 0.,  0.) ( 0.,  0.) ( 0.,  0.) ( 0.,  0.) ( 0.,  0.) ( 0.,  0.)
 ( 0.,  0.) ( 0.,  0.) ( 0.,  0.) ( 0.,  0.) ( 0.,  0.) ( 0.,  0.)
 ( 0.,  0.) ( 0.,  0.) ( 0.,  0.) ( 0.,  0.) ( 0.,  0.) ( 0.,  0.)
 ( 0.,  0.) ( 0.,  0.) ( 0.,  0.) ( 0.,  0.) ( 0.,  0.) ( 0.,  0.)
 ( 0.,  0.) ( 0.,  0.) ( 0.,  0.) ( 0.,  0.) ( 0.,  0.) ( 0.,  0.)
 ( 0.,  0.) ( 0.,  0.) ( 0.,  0.) ( 0.,  0.) ( 0.,  0.) ( 0.,  0.)
 ( 0.,  0.) ( 0.,  0.) ( 0.,  0.) ( 0.,  0.) ( 0.,  0.) ( 0.,  0.)
 ( 0.,  0.) ( 0.,  0.) ( 0.,  0.) ( 0.,  0.) ( 0.,  0.) ( 0.,  0.)
 ( 0.,  0.) ( 0.,  0.) ( 0.,  0.) ( 0.,  0.) ( 0.,  0.) ( 0.,  0.)
 ( 0.,  0.) ( 0.,  0.) ( 0.,  0.) ( 0.,  0.) ( 0.,  0.) ( 0.,  0.)
 ( 0.,  0.) ( 0.,  0.) ( 0.,  0.) ( 0.,  0.) ( 0.,  0.) ( 0.,  0.)
 ( 0.,  0.) ( 0.,  0.) ( 0.,  0.) ( 0.,  0.) ( 0.,  0.) ( 0.,  0.)
 ( 0.,  0.) ( 0.,  0.) ( 0.,  0.) ( 0.,  0.) ( 0.,  0.) ( 0.,  0.)
 ( 0.,  0.) ( 0.,  0.) ( 0.,  0.) ( 0.,  0.) ( 0.,  0.) ( 0.,  0.)
 ( 0.,  0.) ( 0.,  0.) ( 0.,  0.) ( 0.,  0.) ( 0.,  0.) ( 0.,  0.)
 ( 0.,  0.) ( 0.,  0.) ( 0.,  0.) ( 0.,  0.) ( 0.,  0.) ( 0.,  0.)
 ( 0.,  0.) ( 0.,  0.) ( 0.,  0.) ( 0.,  0.) ( 0.,  0.) ( 0.,  0.)
 ( 0.,  0.) ( 0.,  0.) ( 0.,  0.) ( 0.,  0.) ( 0.,  0.) ( 0.,  0.)
 ( 0.,  0.) ( 0.,  0.) ( 0.,  0.) ( 0.,  0.) ( 0.,  0.) ( 0.,  0.)
 ( 0.,  0.) ( 0.,  0.) ( 0.,  0.) ( 0.,  0.) ( 0.,  0.) ( 0.,  0.)
 ( 0.,  0.) ( 0.,  0.) ( 0.,  0.) ( 0.,  0.) ( 0.,  0.) ( 0.,  0.)
 ( 0.,  0.) ( 0.,  0.) ( 0.,  0.) ( 0.,  0.) ( 0.,  0.) ( 0.,  0.)
 ( 0.,  0.) ( 0.,  0.) ( 0.,  0.) ( 0.,  0.) ( 0.,  0.) ( 0.,  0.)
 ( 0.,  0.) ( 0.,  0.) ( 0.,  0.) ( 0.,  0.) ( 0.,  0.) ( 0.,  0.)
 ( 0.,  0.) ( 0.,  0.) ( 0.,  0.) ( 0.,  0.) ( 0.,  0.) ( 0.,  0.)
 ( 0.,  0.) ( 0.,  0.) ( 0.,  0.) ( 0.,  0.) ( 0.,  0.) ( 0.,  0.)
 ( 0.,  0.) ( 0.,  0.) ( 0.,  0.) ( 0.,  0.) ( 0.,  0.) ( 0.,  0.)
 ( 0.,  0.) ( 0.,  0.) ( 0.,  0.) ( 0.,  0.) ( 0.,  0.) ( 0.,  0.)
 ( 0.,  0.) ( 0.,  0.) ( 0.,  0.) ( 0.,  0.) ( 0.,  0.) ( 0.,  0.)
 ( 0.,  0.) ( 0.,  0.) ( 0.,  0.) ( 0.,  0.) ( 0.,  0.) ( 0.,  0.)
 ( 0.,  0.) ( 0.,  0.) ( 0.,  0.) ( 0.,  0.) ( 0.,  0.) ( 0.,  0.)
 ( 0.,  0.) ( 0.,  0.) ( 0.,  0.) ( 0.,  0.) ( 0.,  0.) ( 0.,  0.)
 ( 0.,  0.) ( 0.,  0.) ( 0.,  0.) ( 0.,  0.) ( 0.,  0.) ( 0.,  0.)
 ( 0.,  0.) ( 0.,  0.) ( 0.,  0.) ( 0.,  0.) ( 0.,  0.) ( 0.,  0.)
 ( 0.,  0.) ( 0.,  0.) ( 0.,  0.) ( 0.,  0.) ( 0.,  0.) ( 0.,  0.)
 ( 0.,  0.) ( 0.,  0.) ( 0.,  0.) ( 0.,  0.) ( 0.,  0.) ( 0.,  0.)
 ( 0.,  0.) ( 0.,  0.) ( 0.,  0.) ( 0.,  0.) ( 0.,  0.) ( 0.,  0.)
 ( 0.,  0.) ( 0.,  0.)] 
Solution Description: 
p: [  0.          13.68141235  31.03353825  60.69796002  75.79853324
  79.37826313  79.42339067  81.70689412   0.          18.67738622
  22.23054736  33.40380365  72.71470479  99.27498465 114.28869404
 123.44296878 125.30870097 149.7330236    0.         129.13692659
 144.70329008 144.97023529 160.79726676 178.6100311  184.24699532
 184.42340811 213.98183953 246.7060168  330.58263524 331.04308817
 340.60973722 380.88320742 406.23780655 436.41090846 488.5822693
   0.          45.72329507  52.53455008  63.51155902  77.20165447
  89.86625057 124.51415848 150.66799758 160.01374226 197.94053444
 211.89076545 221.05615312 230.54879034 284.72107447 335.8730749
 387.78973007 388.53482973] 
pred: [ 0  0  0  0  0  0  0  6  0  0  0  0  0  0  0  0  0  8  0  0  0  0  0  0
  0  0  7  7  7  7  7  7 12 12 12  0  0  0  0  0  0  0  6  6  6  6  6  6
 12 12 12 12] 
distance [  0.          13.68141235  31.03353825  60.69796002  75.79853324
  79.37826313  79.42339067   2.28350345   0.          18.67738622
  22.23054736  33.40380365  72.71470479  99.27498465 114.28869404
 123.44296878 125.30870097  24.42432263   0.         129.13692659
 144.70329008 144.97023529 160.79726676 178.6100311  184.24699532
 184.42340811  29.55843142  62.28260869 146.15922713 146.61968006
 156.18632911 196.45979931  65.62806933  95.80117124 147.97253208
   0.          45.72329507  52.53455008  63.51155902  77.20165447
  89.86625057 124.51415848  26.15383911  35.49958378  73.42637596
  87.37660697  96.54199465 106.03463186  54.17228413 105.32428457
 157.24093974 157.98603939]
load: [  0  14  27  35  45  48  64  11   0  22  40  65  70  86 102 112 119  21
   0   9  28  44  64  84  96 121   9  14  17  26  38  48  16  33  38   0
  21  40  46  71  86 101  13  21  25  39  53  66  13  35  54  78] 
time: [  0.         159.         178.42506149 203.         228.39224704
 244.56663558 456.         322.           0.         182.
 195.18455016 202.9955528  231.80134413 398.         440.23624841
 473.3964008  510.10459224 371.           0.         108.
 140.15799758 192.         220.52726534 237.7678084  317.
 446.         257.         279.90630276 345.84518954 414.06688705
 441.06764997 477.83410975 357.24520703 434.         475.95303324
   0.         115.         308.         325.46934669 414.
 443.         485.92676098 207.         246.16715731 274.57064863
 329.         378.         422.56770213  80.         115.34683757
 171.22731303 459.        ] 
time warps: [0 0 0 0 0 0 0 0 0 0 0 0 0 0 0 0 0 0 0 0 0 0 0 0 0 0 0 0 0 0 0 0 0 0 0 0 0
 0 0 0 0 0 0 0 0 0 0 0 0 0 0 0] 
duration: [  0.          17.68141235  41.03353825  82.91089804 105.01147126
 112.59120115 320.68342895  11.28350345   0.          24.67738622
  29.23054736  49.40380365 105.71470479 284.97668402 320.99039341
 347.14466815 353.01040033  47.42432263   0.         131.13692659
 167.70329008 193.01987139 216.84690286 239.6596672  311.29741782
 426.10281899  35.55843142  92.28260869 189.15922713 205.61968006
 217.18632911 270.45979931  80.62806933 184.45345617 239.62481701
   0.          55.72329507 251.32425496 272.3012639  360.05582284
 403.26861412 455.91652202  48.15383911  64.49958378 125.42637596
 166.54567644 227.50111143 246.99374864  61.17228413 137.32428457
 206.24093974 456.01145174]

All individuals: [(49, [ 7,  9, 16, 16, 35,  7, 41, 31, 44, 32, 37, 34, 10, 45,  6, 27,  3, 48, 11, 22, 13, 33, 20, 29,  8,  5, 16, 28,  4, 19, 14,  1, 36, 26, 18, 17, 47, 24, 12, 21, 38, 40, 39,  2, 15, 25, 23, 30,  9, 42, 46, 43], 1108.55701674, 1148.83048695, 0.,  0.        ,  0.        ,  5.66666667,  2, 50, 27. )
 (49, [ 7,  9, 16, 16, 35,  7, 41, 31, 44, 32, 37, 34, 10, 45,  6, 27,  3, 48, 11, 22, 13, 33, 20, 29,  8,  5, 16, 28,  4, 19, 14,  1, 36, 26, 18, 17, 47, 24, 12, 21, 38, 40, 39,  2, 15, 25, 23, 30,  9, 42, 46, 43], 1108.55701674, 1148.83048695, 0.,  0.        ,  0.        ,  5.66666667,  1, 49, 25.5)
 (49, [ 7,  9, 16, 16, 35,  7, 41, 31, 44, 32, 37, 34, 10, 45,  6, 27,  3, 48, 11, 22, 13, 33, 20, 29,  8,  5, 16, 28,  4, 19, 14,  1, 36, 26, 18, 17, 47, 24, 12, 21, 38, 40, 39,  2, 15, 25, 23, 30,  9, 42, 46, 43], 1108.55701674, 1148.83048695, 0.,  0.        ,  0.        ,  5.66666667,  1, 49, 25.5)
 (49, [ 6, 10, 17, 15, 35,  7, 41, 31, 44, 32, 34, 37, 22, 10, 45,  6, 27,  3, 48, 11, 13, 33, 20, 29,  8,  5,  1, 16,  4, 19, 14, 28, 47, 36, 26, 18, 17, 39, 24, 12, 21, 38, 40,  2, 15, 25, 23, 30,  9, 42, 46, 43], 1225.50431303, 1225.50431303, 0.,  0.        ,  0.        , 11.        ,  3, 47, 26.5)
 (49, [ 7, 11, 16, 14, 35,  7, 41, 31, 44, 32, 37, 34, 10, 45,  6, 27,  3, 48, 11, 22, 13, 33, 20, 29,  8,  5, 38, 16, 28,  4, 19, 14,  1, 36, 26, 18, 17, 47, 24, 12, 21, 40, 39,  2, 15, 25, 23, 30,  9, 42, 46, 43], 1571.29346588, 1611.56693609, 0.,  0.        ,  0.        ,  9.        ,  4, 48, 28. )
 (49, [ 8,  9, 17, 14, 37, 35, 34,  7, 41, 31, 44, 32, 10, 45,  6, 27,  3, 48, 11, 13, 22, 33, 20, 29,  5, 16, 36, 28,  4, 19, 14,  1, 26, 18, 17, 42, 47, 24, 30, 12, 21, 38, 40, 15,  8, 25, 23,  2,  9, 39, 46, 43], 1653.96721468, 1665.31466351, 0.,  3.86021267,  0.        , 27.        ,  5, 36, 23. )
 (15, [12, 13, 11, 12,  6,  3, 27,  9, 44, 47, 30, 21, 10, 20,  1, 37, 28, 23, 18, 38, 43, 13,  4, 19, 46, 39, 35, 32, 11, 24, 12, 25, 17,  7, 34, 45, 48, 33,  5, 14, 42, 31, 41, 22, 15, 40,  2, 26, 29,  8, 16, 36], 2412.08681118, 2376.83488185, 0., 17.62596467,  0.        , 42.66666667, 26, 10, 31. )
 (49, [ 8,  9, 17, 14, 41,  9, 44, 45, 13, 20,  5,  8, 10, 34, 29,  3, 22, 25, 16, 48,  2,  7, 46, 37, 33, 36,  6, 28,  4, 19, 14,  1, 26, 18, 17, 42, 47, 24, 30, 12, 21, 38, 40, 15, 35, 11, 39, 43, 23, 31, 27, 32], 2714.78186524, 2766.3484978 , 0.,  6.2314052 ,  0.        , 37.33333333,  6, 28, 20. )
 (48, [ 8, 12, 17, 11, 37, 35, 41, 31, 44, 32, 10, 45,  6, 27, 11, 13, 33, 20, 40, 29,  3, 22, 25, 34, 42, 16, 12, 38, 48,  2, 24,  7,  5, 36, 28,  4, 19, 14,  1, 26, 18, 17, 47, 30, 21, 15,  8, 23,  9, 39, 46, 43], 2842.45965813, 2794.4158438 , 0., 33.55584425,  0.        , 36.33333333,  7, 30, 22. )
 (49, [13,  9, 12, 14, 41, 14, 31, 12,  6, 16,  9, 10, 28, 15, 25,  7, 39, 48, 35, 43,  2, 45, 11, 20, 32,  1, 18, 40,  8, 44,  4, 36, 17, 38, 47, 24, 33, 29,  5, 30, 13, 26, 23, 42, 46, 37, 19, 22, 34, 21, 27,  3], 3367.87390794, 3609.79554103, 0.,  0.        , 10.7244778 , 49.66666667,  8,  2,  9. )
 (11, [12, 12, 14, 10, 26, 17, 46,  6,  7, 34, 42, 48, 31, 40, 14, 45, 41, 47,  2, 16,  8,  1, 12,  3, 30, 38, 43,  9, 24, 32, 36, 39,  4, 11, 27, 33, 22, 28, 35, 20, 18, 19, 10, 44, 37, 25, 13, 29, 15, 21, 23,  5], 3585.02948446, 3573.37444934, 0.,  5.82751756,  0.        , 16.        ,  9, 45, 31.5)
 (49, [ 7, 11, 14, 16, 19, 30, 47, 48, 24, 18, 16, 13, 33, 43, 31, 20,  8,  9, 26, 46, 42,  1, 37, 17,  4, 22, 28, 36, 12,  5, 10, 45,  3, 34, 11,  7, 44, 35, 27, 21, 38, 40, 39,  2, 15, 25, 23, 41,  6, 14, 29, 32], 3680.54361572, 3710.02281561, 0., 18.34487578,  0.        , 42.33333333, 10, 14, 17. )
 (36, [10, 16, 13,  9,  9, 44, 14, 20, 34,  3, 22, 38, 48, 35, 45, 33,  4, 25, 16, 41, 24, 32,  5, 19, 46, 27,  8,  1, 10, 15, 29, 47, 13, 42, 28, 18, 40, 12, 43, 21,  2,  7, 30, 37, 36,  6, 11, 39, 17, 26, 23, 31], 3681.56847518, 3833.17471767, 0.,  0.        ,  0.        , 50.        , 11,  1, 11.5)
 (20, [10, 12, 15, 11, 34, 26, 17, 23, 31, 14, 45, 41, 47, 16,  8,  3, 30, 38, 43,  9, 24, 32, 36, 39,  4, 11, 28, 35, 20, 18, 19, 44, 25, 40,  1, 37, 46, 48, 33, 42, 10,  2, 21,  6, 22, 12,  7, 27, 13, 29, 15,  5], 3689.57974594, 3631.24333481, 0., 29.16820557,  0.        , 26.33333333, 12, 37, 30.5)
 (11, [12, 12, 14, 10, 34,  7, 26, 17, 23, 46, 42, 48, 31, 40, 14, 45, 41, 47,  2, 16,  8,  1, 12,  3, 30, 38, 43,  9, 24, 32, 36, 39,  4, 11, 27, 33, 22, 28, 35, 20, 18, 19, 10, 44, 37, 25, 13, 29, 15, 21,  5,  6], 3734.65288625, 3676.31647512, 0., 29.16820557,  0.        , 14.66666667, 13, 46, 36. )
 (37, [14, 12, 13,  9,  6, 42, 31, 14, 38, 28, 12, 24, 36,  5, 26, 32, 17, 21,  8, 23, 40,  4, 29, 15, 10,  3, 41,  9, 16, 22, 34, 48,  7,  2, 44, 13, 25, 45, 27, 18,  1, 33, 47, 11, 43, 35, 19, 46, 39, 37, 20, 30], 3748.7883843 , 4155.04562703, 0., 13.8430159 ,  0.        , 45.33333333, 14,  7, 17.5)
 (11, [11, 11, 16, 10, 19, 26, 15, 17, 23, 46, 42, 48, 31, 40, 14, 45, 41, 47,  2, 16,  8,  1, 12,  3, 30, 38, 43,  9, 24, 32, 36, 39,  4, 11, 27, 33, 22, 28, 35, 20, 29, 13, 44, 18, 25, 37, 10, 21,  6,  7, 34,  5], 3802.64295415, 3826.48687547, 0., 53.1002975 ,  0.        , 21.        , 15, 43, 36.5)
 (20, [10, 12, 16, 10, 26, 17, 23, 46, 42, 48, 31, 40, 14, 45, 41, 47, 16,  8,  1,  3, 30, 38, 43,  9, 24, 32, 36, 39,  4, 11, 33, 28, 35, 20, 18, 19, 10, 44, 37, 25, 13,  2, 21,  6, 22, 12,  7, 27, 34, 29, 15,  5], 3820.45862806, 3762.12221693, 0., 29.16820557,  0.        , 19.66666667, 16, 44, 38. )
 (21, [13, 11, 12, 12, 41, 33, 38, 35, 13, 47, 34, 45, 14, 12, 17, 31, 21,  7, 46, 20, 25,  1, 36, 19,  6, 29, 16, 10, 26, 11, 27, 37,  9, 18, 39,  5,  8, 24, 30,  3, 44, 32, 43, 40, 22, 48, 28, 23,  2,  4, 15, 42], 3828.73786994, 3942.68141732, 0., 13.19743509,  0.        , 40.66666667, 17, 18, 26. )
 (26, [13,  9, 14, 12, 24, 20, 27,  6, 40, 44, 47,  9,  4, 38, 43, 39, 32, 33, 26, 28,  5,  2, 35, 30, 36, 10, 29, 23, 15, 48, 14,  8, 34, 31,  3, 22, 18, 11, 42, 41, 12, 21, 46, 17, 16,  1,  7, 37, 25, 13, 45, 19], 3829.472489  , 4270.67179307, 0., 14.76219038,  0.        , 27.33333333, 18, 35, 35.5)
 (43, [15,  9, 15,  9, 46, 11, 24, 20, 41, 27,  6, 40,  1, 47,  9,  4, 38, 43, 39, 32, 33, 28,  5,  2, 35, 30, 36, 42, 10, 29, 23, 15, 12, 16, 37, 48, 14,  8, 34,  7, 44, 26, 31,  3, 22, 21, 18, 25, 13, 17, 45, 19], 3832.65341344, 4124.05861181, 0., 23.93209193, 14.65613656, 22.33333333, 19, 41, 39.5)
 (15, [12, 13, 11, 12, 13, 11, 20, 25, 46, 27,  6, 40, 44,  1, 47,  9,  4, 38, 43, 39, 32, 33, 26, 28,  5,  2, 35, 30, 36, 42, 10, 29, 23, 15, 12, 16, 37, 48, 14,  8, 34,  7, 31,  3, 22, 21, 19, 41, 17, 24, 45, 18], 3845.70688942, 3806.02182823, 0., 19.8425306 ,  0.        , 25.33333333, 20, 38, 39. )
 (18, [12, 11, 12, 13, 46, 11, 24, 20, 41, 27,  6, 40, 44,  1, 47,  9,  4, 38, 39, 32, 33, 26, 28,  8, 43,  7, 34,  5,  2, 35, 30, 36, 42, 10, 29, 23, 15, 12, 16, 37, 48, 14, 31,  3, 22, 21, 18, 25, 13, 17, 45, 19], 3849.49135296, 4035.71862888, 0., 62.00629181, 17.6001674 , 23.33333333, 21, 40, 41. )
 (28, [11, 13, 12, 12,  4, 36, 23, 45, 20, 37,  7,  9, 12, 22, 15, 32,  6, 21, 16, 42, 28, 40, 18, 19, 25, 11,  8, 47, 14, 24, 41, 33, 29, 44, 31, 30, 17, 26, 27, 38,  1, 43,  2, 48, 13,  5, 39, 35, 34,  3, 46, 10], 3857.48147701, 4096.75851414, 0.,  1.92304751,  0.        , 40.33333333, 22, 20, 32. )
 (20, [12, 11, 15, 10, 46, 11, 24, 20, 41, 27, 40, 44,  1, 47,  9,  4, 38, 43, 39, 32, 33, 26, 28,  5, 35, 30, 36, 29, 23, 15, 16, 37, 48, 14,  8, 34, 31,  3, 18, 42, 10,  2, 21,  6, 22, 12,  7, 25, 13, 17, 45, 19], 3859.28402354, 3829.97175042, 0.,  0.        , 14.65613656, 23.66666667, 23, 39, 42.5)
 (20, [ 9, 12, 16, 11, 35, 19, 28, 24, 26, 39, 41, 32, 47, 15,  3,  4, 16,  9, 29, 13, 18,  6,  7, 42, 25, 31, 27, 14, 38, 12, 36, 33, 10,  5,  2, 45, 22, 17, 48, 21,  8, 44, 23, 11, 43,  1, 40, 46, 37, 34, 20, 30], 3862.95506486, 3913.8956247 , 0., 61.50474176,  0.        , 42.66666667, 24, 11, 29.5)
 (46, [13, 11, 12, 12,  2, 10, 45, 38,  4, 23,  6,  5, 20, 26, 37,  7, 24, 18,  9, 12, 28, 44, 22, 15, 41, 32, 21, 30,  3, 16, 42, 40, 19, 25, 11,  8, 47, 14, 33, 29, 31, 17, 27, 36, 39, 13,  1, 46, 35, 34, 48, 43], 3906.65103283, 3997.40762444, 0., 41.3715926 ,  0.        , 41.33333333, 25, 16, 33. )
 (48, [10, 11, 12, 15, 44, 47, 17,  4, 15, 26, 43, 13, 20, 18,  1,  5,  8, 10, 34, 29,  3, 22, 25, 40, 42, 16, 12, 38, 48,  2, 24,  7, 30, 21, 46, 19, 37, 33, 36,  6, 28, 35, 11, 39, 45, 27, 23, 14, 32, 31, 41,  9], 3935.28977595, 3893.09765805, 0., 58.47138817, 30.12225804, 32.        , 27, 32, 43. )
 (18, [10, 12, 14, 12, 41,  9, 47, 15, 44, 45, 13,  1,  8, 10, 34, 29, 25, 42, 16, 12, 38, 48,  2, 24,  7, 30, 21, 46, 19, 37, 33, 36, 22, 18, 40,  6, 27,  5, 23, 14, 20,  3, 28, 35, 11, 39, 17, 43, 26, 31,  4, 32], 3938.69724272, 4057.06322229, 0., 15.65678681,  3.34748452, 31.66666667, 28, 33, 44.5)
 (43, [10, 11, 10, 17, 11,  2, 16, 47, 48,  3, 34, 13, 31, 12, 20, 29,  9, 35,  4, 40,  1, 25, 33, 28, 42, 23, 18, 46, 14, 27, 43, 19, 41, 22, 38, 30, 32, 10, 39, 17, 44, 26, 37,  7, 15, 24, 45, 36,  5,  8,  6, 21], 3946.93205518, 4137.51168605, 0., 18.93692063,  0.        , 40.33333333, 29, 21, 39.5)
 (35, [12, 13, 12, 11, 41,  9, 47, 15, 44, 45, 20, 18,  1,  5,  8, 10,  3, 25, 40, 42, 16, 12, 38,  2, 22, 24,  7, 30, 36, 11, 34, 13, 29, 14, 48, 21, 46, 19, 37, 33,  6, 28, 35, 39, 17, 43, 26, 23, 31, 27,  4, 32], 3952.14543177, 4115.74560035, 0., 21.88819201,  3.34748452, 32.33333333, 30, 31, 45.5)
 (46, [11, 13, 11, 13, 14, 33, 47,  4, 36, 23, 17, 45, 20, 26, 37,  7, 24, 18,  9, 12, 28, 44, 22, 15, 41, 32,  6, 30, 40, 21, 38,  1, 43, 16,  8, 27,  2, 48, 13,  5, 19, 39, 31, 35, 25, 11, 34, 42,  3, 46, 10, 29], 3964.80817894, 3964.80817894, 0.,  0.        ,  0.        , 39.66666667, 31, 23, 42.5)
 (17, [13, 13, 11, 11, 21, 14, 13, 11, 16, 35,  2,  5, 46, 47, 42, 48,  8, 36, 31, 12, 37, 20, 29, 19,  9,  6,  4, 26, 40,  1, 25, 22, 33, 24, 15, 23,  3, 27, 43, 41, 38, 30, 32, 10, 39, 17, 44,  7, 45, 28, 34, 18], 3978.35889226, 4099.7675423 , 0., 30.53339672,  0.        , 41.66666667, 32, 15, 39.5)
 (39, [13, 12, 12, 11, 35,  6, 16,  7, 42, 15, 25, 31, 27, 14, 38, 28, 12, 24, 19, 26, 39, 41, 32, 47,  3,  4,  9, 29, 13, 17, 36, 44, 30, 43, 20, 18, 45,  8, 40,  1, 37, 46, 48, 33, 10,  2, 21, 22, 34, 11, 23,  5], 3989.88517089, 4013.95478101, 0.,  6.15530751,  0.        , 39.66666667, 33, 24, 45. )
 (48, [13, 13, 10, 12, 20, 14,  9, 45, 41,  1, 15, 47, 13, 18, 44,  5,  8, 10, 34, 29,  3, 22, 25, 40, 42, 16, 12, 38, 48,  2, 24,  7, 30, 21, 46, 19, 37, 33, 36,  6, 28, 35, 11, 39, 17, 43, 26, 23, 31, 27,  4, 32], 4003.11857873, 4016.67666863, 0., 21.88819201,  3.34748452, 29.33333333, 34, 34, 51. )
 (44, [12, 11, 13, 12, 11, 35, 24, 44, 13, 12, 46,  3, 32, 27, 42,  5, 43, 36,  6,  9, 29, 19, 25, 33, 48,  8, 21, 31,  4,  2, 16, 40, 20, 47, 17, 37,  7, 39, 23, 28, 26, 38, 41, 45, 34, 15, 30,  1, 14, 18, 22, 10], 4015.6799123 , 4203.57179954, 0.,  0.        ,  0.        , 46.66666667, 35,  6, 38. )
 (43, [10, 12, 10, 16, 41, 44,  1, 13, 11, 16, 29, 20,  6, 25, 33,  2,  5, 46, 47, 42, 48, 35,  7, 17, 27, 43,  3, 34, 31, 12, 37, 19,  9,  4, 26, 40, 22, 24, 15, 28, 45, 10, 23, 39, 18, 32, 30, 14, 36, 38,  8, 21], 4021.09882332, 4113.32411918, 0., 15.79611088,  0.        , 42.33333333, 36, 12, 42. )
 (21, [12, 11, 13, 12, 23, 42, 18,  2, 38, 47, 34, 45, 14, 12, 17, 31, 21,  7, 46, 20, 25,  1, 36, 19,  6, 29, 16, 10,  4, 15,  9, 35, 37, 11, 26, 24, 13, 39, 44, 48,  8, 43,  3, 27, 32,  5, 40, 30, 28, 22, 41, 33], 4040.97616083, 4040.97616083, 0.,  0.        ,  0.        , 41.        , 37, 17, 45.5)
 (15, [10, 12, 15, 11, 13,  2, 24, 44, 33, 47, 17,  1,  4, 48,  6, 21, 19, 26,  8, 43,  7, 34, 46, 28, 45, 39, 35, 30, 36, 42, 10, 29, 23, 15, 12, 16, 22, 18, 40, 27,  5, 14, 20,  3, 32, 11, 25, 31, 41,  9, 38, 37], 4048.63799942, 4081.13004497, 0.,  0.        , 21.89298654, 42.33333333, 38, 13, 44.5)
 (23, [11, 12, 15, 10, 46, 11, 20, 27,  6,  1, 47,  4, 43, 31,  7,  8, 14, 37, 23, 29, 10, 36, 30, 35,  5, 28, 26, 32, 39, 34, 12, 24, 17,  9, 25, 44, 45, 33, 48, 22, 41, 42, 15, 16,  2, 40, 38,  3, 21, 18, 13, 19], 4051.85847456, 4162.69677135, 0., 34.32738992,  3.59032703, 45.33333333, 39,  8, 43. )
 (15, [13, 10, 15, 10, 25, 45, 24, 20, 41, 27,  6, 40, 44,  1, 47,  9,  4, 38, 43, 39, 32, 33, 26, 28,  5,  2, 35, 30, 36, 42, 10, 29, 23, 15, 12, 16, 37, 48, 14,  8, 34,  7, 31, 22, 19,  3, 18, 11, 21, 46, 17, 13], 4056.43844594, 4052.77781658, 0.,  1.83031468,  0.        , 22.        , 40, 42, 61. )
 (13, [13, 11, 11, 13,  7,  2, 16,  5, 37, 35, 10,  1, 30, 17, 46, 28, 45, 23, 14, 12, 20, 32, 48, 47, 13, 44, 29, 27, 18, 25,  8, 40, 24, 19,  6,  3, 43, 26, 34, 15,  4, 42, 31,  9, 33, 22, 38, 39, 21, 11, 41, 36], 4072.46612457, 3837.53409429, 0., 98.06618985, 19.39982529, 47.66666667, 41,  4, 43. )
 (16, [15, 11, 11, 11,  8, 19,  5,  1,  4, 33,  7, 13, 16, 25, 47,  2, 45, 40, 10, 46, 41, 32,  6, 21, 11, 26, 30, 39, 29, 43, 44,  3, 17, 15, 24, 23, 28, 36,  9, 37, 48, 31, 42, 18, 12, 22, 14, 38, 35, 20, 34, 27], 4080.39098115, 4212.66284434, 0., 47.23590541,  5.50839581, 49.        , 42,  3, 43.5)
 (39, [15, 12, 11, 10, 18,  6, 16,  7, 42, 15, 25, 31, 27, 14, 38, 28, 12, 24, 36, 33, 10,  5,  2, 26, 45, 22, 41, 29,  9, 32, 17, 48, 21,  8, 13, 44, 23, 47, 11, 43,  1, 35, 40, 19, 46,  3, 30, 20, 39,  4, 34, 37], 4131.79580233, 4097.86800409, 0., 12.83023459, 12.5617767 , 40.33333333, 44, 19, 53.5)
 (38, [12, 12, 13, 11, 40, 35, 12, 25, 24, 15, 43,  4, 16, 33, 34, 13, 29, 14, 31,  3, 37, 21,  8,  2, 18, 47, 46, 27, 11, 38, 30, 26, 44, 45, 17, 36, 28, 10, 19,  9, 22,  6,  1, 23, 32, 39,  5, 48, 20, 41,  7, 42], 4178.54307602, 4280.03911036, 0.,  2.83363012,  0.        , 39.33333333, 45, 25, 57.5)
 (15, [11, 11, 16, 10, 19, 24, 26, 39, 41, 32, 47,  3,  4,  9, 13, 17, 31, 44, 43, 38, 20, 14, 18, 28,  5,  2, 35, 30, 36, 42, 10, 29, 23, 15, 12, 16, 25, 45,  8, 40,  1, 37, 46, 48, 33, 21,  6, 22,  7, 27, 34, 11], 4193.43454648, 4295.28048022, 0.,  0.93571493,  0.        , 39.        , 46, 26, 59. )
 (35, [13, 11, 13, 11, 20, 12, 41, 48, 33,  7, 30, 21, 25,  8, 27, 24, 15, 31, 39, 43,  4, 16, 13, 34, 14, 35,  3, 37,  2, 18, 47, 46, 11, 38, 26, 44, 45, 17, 36, 28, 10, 19,  9, 22,  6,  1, 23, 32,  5, 42, 29, 40], 4206.73343052, 4296.33939303, 0., 32.89829414,  0.        , 39.66666667, 47, 22, 58. )
 (43, [12, 12, 13, 11, 11, 20, 28, 16, 29,  6, 14,  4, 21, 25, 33,  2,  5, 46, 47, 42, 48, 35,  8, 36, 23,  3, 12, 31, 40, 27, 43, 19, 41, 22, 38, 30, 32, 10, 39, 17, 44, 26, 37,  7, 15, 24, 45,  9, 34,  1, 13, 18], 4217.04816251, 4197.98192119, 0., 60.25789788,  0.        , 38.        , 48, 27, 61.5)
 (17, [ 9, 10, 12, 17,  1, 13, 11, 16, 29, 20, 25, 33,  2, 47, 42, 48, 38, 23,  3, 12, 31, 40, 27, 43, 19, 41, 22, 10, 17, 44, 26, 37,  7, 15, 24, 45,  9, 28, 34,  4, 39, 18, 32, 30, 46, 14, 36, 35,  5,  8,  6, 21], 4223.96210763, 4121.17271879, 0., 51.39469442,  0.        , 36.66666667, 49, 29, 63.5)
 (32, [11, 14, 11, 12, 20, 19, 45, 13, 30, 42, 40, 35, 25,  2, 29, 38, 43, 36, 12,  8, 47, 18, 48, 28,  9, 26, 23, 39, 37, 32, 14, 33,  6, 15, 10,  3, 17, 27,  7,  5, 31, 44, 16, 34,  4, 24, 11, 22, 46, 21, 41,  1], 4282.65851636, 4433.3555166 , 0.,  0.        ,  0.        , 47.33333333, 50,  5, 52.5)]