
Total Runtime in seconds: 346.1072404384613Parameters:
population_size: 50, max_generations: 150, executed generations: 149, threshold_no_improvement: 75
target feasible proportion: 12
fitness_scaling: power_rank, selection_method: n_tournaments
p_c: 0.7, p_m: 0.2, NOT YET p_education: 0.0
tournament_size: 2, n_elite: 8
survivor_selection_step: 10, p_selection_survival: 0.7
kill clone step: 5
diversify_step: 20, diversify_step: 20, p_diversify_survival: 0.3
n_closest_neighbors: 3, diversity_weight: 0.5, distance_method: broken_pairs_distance
capacity_penalty_factor: 2, duration_penalty_factor 2, time_window_penalty: 2
Best fitness all generations, best individual before/after local search: 1122.1776844716253, 1122.1776844716253 / 1122.1776844716253
Best individual found before local search: (31, [10,  9, 16, 13,  7, 41, 31, 44, 32,  9, 42, 46, 35, 37, 22, 34, 10, 45,  6, 27,  3, 48, 11, 13, 33, 20,  4, 19, 14, 28,  1, 29,  8,  5, 17, 18, 16, 26, 36, 39, 43, 47, 24, 12, 21, 38, 40,  2, 15, 25, 23, 30], 1122.17768447, 1122.17768447, 0., 0., 0., 0., 1, 50, 26.)
Best individual found after local search: (31, [10,  9, 16, 13,  7, 41, 31, 44, 32,  9, 42, 46, 35, 37, 22, 34, 10, 45,  6, 27,  3, 48, 11, 13, 33, 20,  4, 19, 14, 28,  1, 29,  8,  5, 17, 18, 16, 26, 36, 39, 43, 47, 24, 12, 21, 38, 40,  2, 15, 25, 23, 30], 1122.17768447, 1122.17768447, 0., 0., 0., 0., 1, 50, 26.)
Best feasible individual found: (31, [10,  9, 16, 13,  7, 41, 31, 44, 32,  9, 42, 46, 35, 37, 22, 34, 10, 45,  6, 27,  3, 48, 11, 13, 33, 20,  4, 19, 14, 28,  1, 29,  8,  5, 17, 18, 16, 26, 36, 39, 43, 47, 24, 12, 21, 38, 40,  2, 15, 25, 23, 30], 1122.17768447, 1122.17768447, 0., 0., 0., 0., 1, 50, 26.)

Fitness stats min: [1196.20236791 1137.41086744 1129.94849918 1129.94849918 1129.94849918
 1129.94849918 1129.94849918 1129.94849918 1129.94849918 1129.94849918
 1129.94849918 1129.94849918 1129.94849918 1129.94849918 1129.94849918
 1129.94849918 1129.94849918 1129.94849918 1129.94849918 1128.93458592
 1128.93458592 1128.93458592 1128.93458592 1128.93458592 1128.93458592
 1128.93458592 1128.93458592 1128.93458592 1128.93458592 1128.93458592
 1128.93458592 1128.93458592 1128.93458592 1128.93458592 1128.93458592
 1128.93458592 1128.93458592 1128.93458592 1128.93458592 1128.93458592
 1128.93458592 1128.93458592 1128.93458592 1128.93458592 1128.93458592
 1128.93458592 1128.93458592 1128.93458592 1122.17768447 1122.17768447
 1122.17768447 1122.17768447 1122.17768447 1122.17768447 1122.17768447
 1122.17768447 1122.17768447 1122.17768447 1122.17768447 1122.17768447
 1122.17768447 1122.17768447 1122.17768447 1122.17768447 1122.17768447
 1122.17768447 1122.17768447 1122.17768447 1122.17768447 1122.17768447
 1122.17768447 1122.17768447 1122.17768447 1122.17768447 1122.17768447
 1122.17768447 1122.17768447 1122.17768447 1122.17768447 1122.17768447
 1122.17768447 1122.17768447 1122.17768447 1122.17768447 1122.17768447
 1122.17768447 1122.17768447 1122.17768447 1122.17768447 1122.17768447
 1122.17768447 1122.17768447 1122.17768447 1122.17768447 1122.17768447
 1122.17768447 1122.17768447 1122.17768447 1122.17768447 1122.17768447
 1122.17768447 1122.17768447 1122.17768447 1122.17768447 1122.17768447
 1122.17768447 1122.17768447 1122.17768447 1122.17768447 1122.17768447
 1122.17768447 1122.17768447 1122.17768447 1122.17768447 1122.17768447
 1122.17768447 1122.17768447 1122.17768447 1122.17768447 1122.17768447
 1122.17768447 1122.17768447 1122.17768447 1122.17768447 1122.17768447
 1122.17768447 1122.17768447 1122.17768447 1122.17768447 1122.17768447
 1122.17768447 1122.17768447 1122.17768447 1122.17768447 1122.17768447
 1122.17768447 1122.17768447 1122.17768447 1122.17768447 1122.17768447
 1122.17768447 1122.17768447 1122.17768447 1122.17768447 1122.17768447
 1122.17768447 1122.17768447 1122.17768447 1122.17768447 1122.17768447] 

Fitness stats feasible min: [1196.20236791 1137.41086744 1129.94849918 1129.94849918 1129.94849918
 1129.94849918 1129.94849918 1129.94849918 1129.94849918 1129.94849918
 1129.94849918 1129.94849918 1129.94849918 1129.94849918 1129.94849918
 1129.94849918 1129.94849918 1129.94849918 1129.94849918 1128.93458592
 1128.93458592 1128.93458592 1128.93458592 1128.93458592 1128.93458592
 1128.93458592 1128.93458592 1128.93458592 1128.93458592 1128.93458592
 1128.93458592 1128.93458592 1128.93458592 1128.93458592 1128.93458592
 1128.93458592 1128.93458592 1128.93458592 1128.93458592 1128.93458592
 1128.93458592 1128.93458592 1128.93458592 1128.93458592 1128.93458592
 1128.93458592 1128.93458592 1128.93458592 1122.17768447 1122.17768447
 1122.17768447 1122.17768447 1122.17768447 1122.17768447 1122.17768447
 1122.17768447 1122.17768447 1122.17768447 1122.17768447 1122.17768447
 1122.17768447 1122.17768447 1122.17768447 1122.17768447 1122.17768447
 1122.17768447 1122.17768447 1122.17768447 1122.17768447 1122.17768447
 1122.17768447 1122.17768447 1122.17768447 1122.17768447 1122.17768447
 1122.17768447 1122.17768447 1122.17768447 1122.17768447 1122.17768447
 1122.17768447 1122.17768447 1122.17768447 1122.17768447 1122.17768447
 1122.17768447 1122.17768447 1122.17768447 1122.17768447 1122.17768447
 1122.17768447 1122.17768447 1122.17768447 1122.17768447 1122.17768447
 1122.17768447 1122.17768447 1122.17768447 1122.17768447 1122.17768447
 1122.17768447 1122.17768447 1122.17768447 1122.17768447 1122.17768447
 1122.17768447 1122.17768447 1122.17768447 1122.17768447 1122.17768447
 1122.17768447 1122.17768447 1122.17768447 1122.17768447 1122.17768447
 1122.17768447 1122.17768447 1122.17768447 1122.17768447 1122.17768447
 1122.17768447 1122.17768447 1122.17768447 1122.17768447 1122.17768447
 1122.17768447 1122.17768447 1122.17768447 1122.17768447 1122.17768447
 1122.17768447 1122.17768447 1122.17768447 1122.17768447 1122.17768447
 1122.17768447 1122.17768447 1122.17768447 1122.17768447 1122.17768447
 1122.17768447 1122.17768447 1122.17768447 1122.17768447 1122.17768447
 1122.17768447 1122.17768447 1122.17768447 1122.17768447 1122.17768447] 

Fitness stats avg: [1497.55252151 1510.48416258 1393.53151316 1374.94405056 1292.43316146
 1675.00936662 1407.83881212 1246.63549187 1186.33451064 1174.74232404
 2003.70656821 1398.12660966 1202.44433571 1225.53180467 1263.16193448
 3460.50157157 2838.251512   1952.52379281 1543.45869043 1425.25838706
 2583.80994238 1859.30089562 1442.19328395 1288.85388332 1261.93636737
 2706.10260269 1745.80252118 1328.7773657  1232.10456475 1303.46968517
 2024.69319468 1427.14878773 1271.12824934 1264.25937598 1241.05340059
 3070.89654601 2353.46013782 1695.24946557 1288.70899745 1221.87710316
 2518.00155371 1753.34556107 1460.66003006 1342.69288258 1273.77146418
 2861.46663146 2238.75924887 1555.69836135 1371.42561558 1207.24875339
 2038.39510729 1283.80972371 1218.73358001 1254.66900864 1227.78010744
 2948.52203781 1881.44956693 1435.55572096 1310.78215598 1247.11041099
 2337.11129985 1511.313323   1213.84262529 1226.58284596 1176.76779675
 3474.0999709  2619.15647465 1840.16620819 1441.22912382 2430.48186999
 2958.46095851 1990.46035594 1479.85901136 1263.95304393 1185.46114204
 3337.66752602 2571.59471101 1649.53075889 1434.98810543 1341.8888594
 2147.30235497 1358.15950674 1332.44392948 1257.04839842 1202.4469539
 3315.42723768 2492.07876025 1767.53922477 1366.46659014 2676.57033213
 3444.15967801 2824.96783133 2331.00353255 1822.19171036 1535.8162378
 2520.4013865  1783.72166866 1467.40311561 1292.47369187 1228.09619869
 2113.68216724 1506.62097514 1156.90741149 1154.96079739 1225.34462326
 3564.56674642 2774.15640676 2096.56818407 1693.11757069 2317.48714878
 2435.16869014 1421.58261267 1185.49194745 1164.68299231 1180.5832907
 3519.34230896 2995.79333066 2050.4158489  1479.52527199 1324.11602898
 2174.83754331 1394.31309115 1208.08711522 1177.27270842 1188.30009199
 3582.38402181 3022.67687498 2294.46082225 1678.90113803 2734.66634394
 3167.4272619  2581.54777995 1698.52576095 1415.06532302 1314.04162709
 2600.30083977 1764.70470268 1412.32076021 1218.49918754 1220.67472468
 1959.78630715 1387.74969765 1229.71427621 1196.45249694 1223.96592919
 3318.10494463 2528.5105615  1788.90188232 1401.80306759 2306.72311938] 

Feasible stats: [( 0., 50.) ( 0., 50.) (39., 11.) (39., 11.) (42.,  8.) (42.,  8.)
 (36., 14.) (36., 14.) (44.,  6.) (44.,  6.) (49.,  1.) (49.,  1.)
 (42.,  8.) (42.,  8.) (48.,  2.) (48.,  2.) (20., 30.) (20., 30.)
 (29., 21.) (29., 21.) (47.,  3.) (47.,  3.) (31., 19.) (31., 19.)
 (44.,  6.) (44.,  6.) (18., 32.) (18., 32.) (43.,  7.) (43.,  7.)
 (40., 10.) (40., 10.) (45.,  5.) (45.,  5.) (45.,  5.) (45.,  5.)
 (16., 34.) (16., 34.) (29., 21.) (29., 21.) (48.,  2.) (48.,  2.)
 (34., 16.) (34., 16.) (43.,  7.) (43.,  7.) (20., 30.) (20., 30.)
 (43.,  7.) (43.,  7.) (49.,  1.) (49.,  1.) (47.,  3.) (47.,  3.)
 (46.,  4.) (46.,  4.) (21., 29.) (21., 29.) (41.,  9.) (41.,  9.)
 (49.,  1.) (49.,  1.) (41.,  9.) (41.,  9.) (46.,  4.) (46.,  4.)
 (13., 37.) (13., 37.) (35., 15.) (35., 15.) (24., 26.) (24., 26.)
 (34., 16.) (34., 16.) (47.,  3.) (47.,  3.) (12., 38.) (12., 38.)
 (35., 15.) (35., 15.) (41.,  9.) (41.,  9.) (43.,  7.) (43.,  7.)
 (46.,  4.) (46.,  4.) (13., 37.) (13., 37.) (33., 17.) (33., 17.)
 (27., 23.) (27., 23.) (16., 34.) (16., 34.) (28., 22.) (28., 22.)
 (21., 29.) (21., 29.) (39., 11.) (39., 11.) (46.,  4.) (46.,  4.)
 (41.,  9.) (41.,  9.) (49.,  1.) (49.,  1.) (15., 35.) (15., 35.)
 (25., 25.) (25., 25.) (29., 21.) (29., 21.) (42.,  8.) (42.,  8.)
 (48.,  2.) (48.,  2.) (14., 36.) (14., 36.) (32., 18.) (32., 18.)
 (44.,  6.) (44.,  6.) (45.,  5.) (45.,  5.) (48.,  2.) (48.,  2.)
 (16., 34.) (16., 34.) (25., 25.) (25., 25.) (21., 29.) (21., 29.)
 (23., 27.) (23., 27.) (41.,  9.) (41.,  9.) (24., 26.) (24., 26.)
 (41.,  9.) (41.,  9.) (46.,  4.) (46.,  4.) (42.,  8.) (42.,  8.)
 (46.,  4.) (46.,  4.) (19., 31.) (19., 31.) (31., 19.) (31., 19.)] 
Solution Description: 
p: [  0.          17.53554117  47.19996294  62.30053615  65.88026605
  65.92539359 100.47267296 150.80322505 212.26822432 213.37332578
 215.62221757   0.          24.42432263  43.10170885  46.65486999
  57.82812628  97.13902742 123.69930729 138.71301667 147.86729141
 149.7330236    0.         129.13692659 144.70329008 144.97023529
 172.15925116 256.0358696  256.49632252 256.74245735 269.4760018
 332.97835026 350.79111459 356.42807882 427.07505065 428.8097563
 431.17813965 472.25091653 496.80620898   0.          26.15383911
  54.45601392 100.17930899 106.990564   117.96757294 131.65766839
 144.3222645  178.9701724  189.48118624 227.40797842 241.35820943
 250.5235971  260.01623432] 
pred: [ 0  0  0  0  0  0  5  5  5  5  5  0  0  1  1  1  1  1  1  1  1  0  0  0
  0  0  0  0  0  0  8  8  8  8  8  8 14 14  0  0  0  2  2  2  2  2  2  8
  8  8  8  8] 
distance [  0.          17.53554117  47.19996294  62.30053615  65.88026605
  65.92539359  34.54727937  84.87783147 146.34283074 147.44793219
 149.69682399   0.          24.42432263  18.67738622  22.23054736
  33.40380365  72.71470479  99.27498465 114.28869404 123.44296878
 125.30870097   0.         129.13692659 144.70329008 144.97023529
 172.15925116 256.0358696  256.49632252 256.74245735 269.4760018
  63.50234846  81.31511279  86.95207702 157.59904885 159.3337545
 161.70213785  41.07277687  65.62806933   0.          26.15383911
  54.45601392  45.72329507  52.53455008  63.51155902  77.20165447
  89.86625057 124.51415848  10.51101384  48.43780602  62.38803703
  71.55342471  81.04606192]
load: [  0  13  21  31  34  50  13  35  54  68  79   0  21  22  40  65  70  86
 102 112 119   0   9  28  44  49  52  61  70  82  20  40  52  57  74  99
   6  16   0  13  37  21  40  46  71  86 101   8  12  26  40  53] 
time: [  0.         170.         203.         228.39224704 244.56663558
 456.          80.         115.34683757 171.22731303 252.33358633
 322.           0.         371.         182.         195.18455016
 202.9955528  231.80134413 398.         440.23624841 473.3964008
 510.10459224   0.         108.         140.15799758 192.
 233.04333374 319.         387.22169751 406.46219392 423.63549066
 198.         215.24054306 317.         444.         473.95303324
 520.39404321 269.         321.           0.         207.
 459.         115.         308.         325.46934669 414.
 443.         485.92676098 121.         226.         329.
 378.         422.56770213] 
time warps: [0 0 0 0 0 0 0 0 0 0 0 0 0 0 0 0 0 0 0 0 0 0 0 0 0 0 0 0 0 0 0 0 0 0 0 0 0
 0 0 0 0 0 0 0 0 0 0 0 0 0 0 0] 
duration: [  0.          23.53554117  73.83796245  95.93853566 103.51826556
 311.61049336  41.54727937 116.87783147 195.34283074 200.44793219
 269.41539141   0.          47.42432263  24.67738622  29.23054736
  49.40380365 105.71470479 284.97668402 320.99039341 347.14466815
 353.01040033   0.         131.13692659 167.70329008 193.01987139
 244.20888726 361.10328518 377.5637381  383.80987293 398.54341738
  71.50234846  94.31511279 188.48012876 340.57648414 357.31118979
 377.67957314  43.07277687 107.38286229   0.          48.15383911
 315.00222923  55.72329507 251.32425496 272.3012639  360.05582284
 403.26861412 455.91652202  17.51101384 155.03431469 244.72426381
 305.6796988  325.17233601]

All individuals: [(31, [10,  9, 16, 13,  7, 41, 31, 44, 32,  9, 42, 46, 35, 37, 22, 34, 10, 45,  6, 27,  3, 48, 11, 13, 33, 20,  4, 19, 14, 28,  1, 29,  8,  5, 17, 18, 16, 26, 36, 39, 43, 47, 24, 12, 21, 38, 40,  2, 15, 25, 23, 30], 1122.17768447, 1122.17768447, 0.,   0.        ,  0.        ,  0.        ,  1, 50, 26. )
 (31, [10,  9, 16, 13,  7, 41, 31, 44, 32,  9, 42, 46, 35, 37, 22, 34, 10, 45,  6, 27,  3, 48, 11, 13, 33, 20,  4, 19, 14, 28,  1, 29,  8,  5, 17, 18, 16, 26, 36, 39, 43, 47, 24, 12, 21, 38, 40,  2, 15, 25, 23, 30], 1122.17768447, 1122.17768447, 0.,   0.        ,  0.        ,  0.        ,  2, 28, 16. )
 (31, [10,  9, 16, 13,  7, 41, 31, 44, 32,  9, 42, 46, 35, 37, 22, 34, 10, 45,  6, 27,  3, 48, 11, 13, 33, 20,  4, 19, 14, 28,  1, 29,  8,  5, 17, 18, 16, 26, 36, 39, 43, 47, 24, 12, 21, 38, 40,  2, 15, 25, 23, 30], 1122.17768447, 1122.17768447, 0.,   0.        ,  0.        ,  0.        ,  3, 47, 26.5)
 (31, [10,  9, 16, 13,  7, 41, 31, 44, 32,  9, 42, 46, 35, 37, 22, 34, 10, 45,  6, 27,  3, 48, 11, 13, 33, 20,  4, 19, 14, 28,  1, 29,  8,  5, 17, 18, 16, 26, 36, 39, 43, 47, 24, 12, 21, 38, 40,  2, 15, 25, 23, 30], 1122.17768447, 1122.17768447, 0.,   0.        ,  0.        ,  0.        ,  4, 46, 27. )
 (31, [10,  9, 16, 13,  7, 41, 31, 44, 32,  9, 42, 46, 35, 37, 22, 34, 10, 45,  6, 27,  3, 48, 11, 13, 33, 20,  4, 19, 14, 28,  1, 29,  8,  5, 17, 18, 16, 26, 36, 39, 43, 47, 24, 12, 21, 38, 40,  2, 15, 25, 23, 30], 1122.17768447, 1122.17768447, 0.,   0.        ,  0.        ,  0.        ,  5, 45, 27.5)
 (31, [10,  9, 16, 13,  7, 41, 31, 44, 32,  9, 42, 46, 35, 37, 22, 34, 10, 45,  6, 27,  3, 48, 11, 13, 33, 20,  4, 19, 14, 28,  1, 29,  8,  5, 17, 18, 16, 26, 36, 39, 43, 47, 24, 12, 21, 38, 40,  2, 15, 25, 23, 30], 1122.17768447, 1122.17768447, 0.,   0.        ,  0.        ,  0.        ,  6, 44, 28. )
 (31, [10,  9, 16, 13,  7, 41, 31, 44, 32,  9, 42, 46, 35, 37, 22, 34, 10, 45,  6, 27,  3, 48, 11, 13, 33, 20,  4, 19, 14, 28,  1, 29,  8,  5, 17, 18, 16, 26, 36, 39, 43, 47, 24, 12, 21, 38, 40,  2, 15, 25, 23, 30], 1122.17768447, 1122.17768447, 0.,   0.        ,  0.        ,  0.        , 12, 33, 28.5)
 (31, [10,  9, 16, 13,  7, 41, 31, 44, 32,  9, 42, 46, 35, 37, 22, 34, 10, 45,  6, 27,  3, 48, 11, 13, 33, 20,  4, 19, 14, 28,  1, 29,  8,  5, 17, 18, 16, 26, 36, 39, 43, 47, 24, 12, 21, 38, 40,  2, 15, 25, 23, 30], 1122.17768447, 1122.17768447, 0.,   0.        ,  0.        ,  0.        ,  7, 43, 28.5)
 (31, [10,  9, 16, 13,  7, 41, 31, 44, 32,  9, 42, 46, 35, 37, 22, 34, 10, 45,  6, 27,  3, 48, 11, 13, 33, 20,  4, 19, 14, 28,  1, 29,  8,  5, 17, 18, 16, 26, 36, 39, 43, 47, 24, 12, 21, 38, 40,  2, 15, 25, 23, 30], 1122.17768447, 1122.17768447, 0.,   0.        ,  0.        ,  0.        , 14, 30, 29. )
 (35, [10, 14, 13, 11, 10, 44,  2, 38, 24, 27, 33, 46, 31, 41, 35,  6, 47, 15, 13,  8,  5, 39,  4, 25, 42, 16, 26, 45, 11, 37, 34, 14, 17, 18, 20,  9, 43, 30, 36, 12, 48, 40, 29, 19, 21,  1, 22,  7,  3, 23, 32, 28], 1122.17768447, 1122.17768447, 0.,   0.        ,  0.        ,  0.        , 15, 31, 30.5)
 (37, [14, 11, 11, 12,  5, 46,  3,  1, 31,  7, 10, 35, 19, 37, 16, 20, 40, 32, 47,  6, 29,  8, 43, 22, 44, 24, 28, 12, 36, 18, 41,  2, 39,  9, 11,  4, 26, 13, 33, 14, 48, 15, 45, 25, 42, 38, 21, 17, 30, 27, 23, 34], 1122.17768447, 1122.17768447, 0.,   0.        ,  0.        ,  0.        , 17, 34, 34. )
 (45, [12, 11, 12, 13,  5, 28, 22, 25, 29, 18, 24, 43, 34, 30, 12, 21, 20, 47, 10, 31, 27,  6, 38, 45, 36,  3, 44, 11,  2, 42, 14, 17, 41, 33, 16, 15, 35,  8,  7,  1,  9, 39, 37, 19, 46, 23, 26, 13, 32, 48, 40,  4], 1122.17768447, 1122.17768447, 0.,   0.        ,  0.        ,  0.        , 21, 32, 37. )
 (31, [10,  9, 16, 13,  7, 41, 31, 44, 32,  9, 42, 46, 35, 37, 22, 34, 10, 45,  6, 27,  3, 48, 11, 13, 33, 20,  4, 19, 14, 28,  1, 29,  8,  5, 17, 18, 16, 26, 36, 39, 43, 47, 24, 12, 21, 38, 40,  2, 15, 25, 23, 30], 1122.17768447, 1122.17768447, 0.,   0.        ,  0.        ,  0.        ,  1, 50, 26. )
 (44, [11, 13, 13, 11, 34, 35, 25,  1, 28, 37, 24, 36, 27,  6, 23, 18, 26, 11, 39, 13, 21, 41,  7,  9, 33, 48, 16, 22, 42, 14,  3, 12, 30, 31, 45,  5, 44,  2, 10, 38, 46, 20, 32,  4, 19, 17, 47,  8, 40, 15, 29, 43], 1122.17768447, 1122.17768447, 0.,   0.        ,  0.        ,  0.        , 19, 48, 43. )
 (39, [11, 13, 13, 11,  2, 19, 22, 45, 43,  6, 27, 48, 16,  5, 36,  4, 24, 28, 23, 11, 21, 10, 20, 31, 13,  1, 40, 29, 12, 37, 33, 44, 17, 35,  3, 47, 39, 38, 18, 15,  7, 25, 32,  8, 41, 26, 46, 30, 14,  9, 34, 42], 1122.17768447, 1122.17768447, 0.,   0.        ,  0.        ,  0.        , 18, 36, 36. )
 (48, [13, 10, 12, 13, 46, 37, 14, 21, 30, 41, 19,  5,  7, 28, 11,  3, 35, 40, 24, 20,  6, 17, 33, 34, 18, 12, 38, 29, 39,  4,  2, 22, 42, 15, 47, 27, 16, 32,  9, 31, 10, 13, 23, 25,  1,  8, 43, 48, 36, 26, 45, 44], 1122.17768447, 1122.17768447, 0.,   0.        ,  0.        ,  0.        ,  3, 47, 26.5)
 (31, [10, 10, 15, 13,  7, 41, 31, 44, 32,  9, 42, 46, 43, 37, 22, 34, 10, 45,  6, 27,  3, 48, 11, 13, 33, 20,  4, 19, 14, 28,  1, 29,  8,  5, 17, 18, 16, 26, 36, 39, 35, 47, 24, 12, 21, 38, 40,  2, 15, 25, 23, 30], 1372.57200831, 1372.57200831, 0.,   0.        ,  0.        ,  6.        , 24, 27, 37.5)
 (19, [11, 13, 12, 12,  7, 41, 31, 44, 32,  9, 42, 46, 35, 37, 22, 34, 10, 45,  6, 27,  3, 48, 11, 13, 33, 20,  4, 19, 14, 28,  1, 47,  2, 29,  8,  5, 17, 18, 16, 26, 36, 39, 43, 24, 12, 21, 38, 40, 15, 25, 23, 30], 1419.4217234 , 1419.4217234 , 0.,   0.        ,  0.        , 15.        , 25, 24, 37. )
 (31, [13,  8, 16, 11,  7, 44, 31, 23, 32,  9, 42, 46, 35, 37, 22, 34, 10, 45,  6, 27,  3, 48, 11, 13, 33, 20,  4, 19, 14, 28,  1, 29,  8,  5, 17, 18, 16, 26, 36, 39, 43, 47, 24, 12, 21, 38, 40,  2, 15, 25, 41, 30], 1563.08332697, 1560.81019454, 0.,   1.13656622,  0.        , 12.        , 26, 25, 38.5)
 (31, [11, 11, 14, 12,  7, 41, 31, 44, 32,  9, 42, 46, 35, 22, 37, 34, 10,  6, 27,  3, 48, 11, 13, 33, 20, 24, 28,  4, 19, 14,  1, 29,  8,  5, 17, 18, 16, 26, 36,  2, 47, 39, 43, 45, 12, 21, 38, 40, 15, 25, 23, 30], 1605.88772799, 1605.88772799, 0.,   0.        ,  0.        , 10.        , 27, 26, 40. )
 (31, [ 9, 11, 16, 12,  7, 22, 48, 10, 34, 35, 15, 30, 37,  9, 33, 29, 26, 31, 47,  2, 23, 16, 19, 27, 20,  8,  5, 32, 41,  6,  3, 11, 36, 28, 14,  1, 13, 25, 17, 18, 39, 46, 43, 24, 12, 21, 38, 40, 42, 45,  4, 44], 2243.6508223 , 2199.2406454 , 0.,  22.20508845,  0.        , 44.        , 38,  7, 41.5)
 (42, [14, 10, 12, 12, 35, 46, 17, 12, 15,  5, 43, 36, 27, 32, 29, 13, 34,  4,  3, 20,  7, 26, 40, 10, 23, 25,  1, 21,  8, 11, 45, 42, 24, 41, 44, 19, 22, 47, 28,  2, 18, 38, 37, 31, 48, 39, 30, 33,  6, 14,  9, 16], 2659.94586972, 2762.47361444, 0.,   0.77877477,  0.        , 29.        , 28, 20, 38. )
 (42, [14, 10, 12, 12, 35, 46, 17, 12, 15,  5, 43, 36, 27, 32, 29, 13, 34,  4,  3, 20,  7, 26, 40, 10, 23, 25,  1, 21,  8, 11, 45, 42, 24, 41, 44, 19, 22, 47, 28,  2, 18, 38, 37, 31, 48, 39, 30, 33,  6, 14,  9, 16], 2659.94586972, 2762.47361444, 0.,   0.77877477,  0.        , 29.        , 28, 20, 38. )
 (31, [13, 10, 12, 13, 30,  8, 34,  9, 25, 14, 21, 43, 27, 22, 35, 41, 32, 12, 31,  7, 37, 48, 11, 13, 33, 20,  4, 19, 17, 36, 18, 26,  5, 47,  2, 44, 24, 29, 28, 42,  3,  1, 46, 10, 38, 15, 45, 23, 39, 16, 40,  6], 3254.11373624, 3254.11373624, 0.,   0.        ,  0.        , 37.66666667, 29, 11, 34.5)
 (24, [12,  9, 15, 12,  7, 44, 42, 46, 35, 37,  6, 48, 11, 13, 36, 22, 31,  3, 14, 29,  1, 27, 25, 20,  4, 12, 10, 24, 21, 23,  8,  9, 26, 47, 39, 32, 34, 16, 40, 41, 15, 19, 45, 33, 28,  5, 17, 18, 43, 38,  2, 30], 3425.80005983, 3584.99178687, 0.,   3.04407721, 42.06538045, 42.66666667, 30,  8, 34. )
 (46, [14, 11, 12, 11,  1, 31, 36, 27, 25, 39, 24, 44, 28,  5, 16,  2, 42, 15, 30, 20, 12,  8, 32,  3, 41, 18,  6, 40, 17, 43, 26, 37, 35, 10, 48,  9, 14, 45, 23, 33,  4, 34, 13, 22, 38, 21, 11, 29, 19,  7, 46, 47], 3433.36229924, 3557.90031036, 0.,  30.2782346 ,  3.30715301, 38.66666667, 31,  9, 35.5)
 (46, [14, 11, 12, 11,  1, 31, 36, 27, 25, 39, 24, 44, 28,  5, 16,  2, 42, 15, 30, 20, 12,  8, 32,  3, 41, 18,  6, 40, 17, 43, 26, 37, 35, 10, 48,  9, 14, 45, 23, 33,  4, 34, 13, 22, 38, 21, 11, 29, 19,  7, 46, 47], 3433.36229924, 3557.90031036, 0.,  30.2782346 ,  3.30715301, 38.66666667, 31,  9, 35.5)
 (36, [11, 14, 12, 11, 12,  6,  2, 30,  1,  8,  7, 45, 38, 22, 36, 17,  9, 33,  4, 16, 25, 13, 31, 14, 23, 44, 15, 32, 39, 11, 47, 40, 35, 48, 24, 19, 41, 21,  5, 26, 28, 27, 18, 37, 20, 46, 34,  3, 42, 10, 29, 43], 3545.98674624, 3883.37560549, 0.,  21.14708152,  0.        , 18.        , 33, 23, 44.5)
 (22, [15, 10, 11, 12, 41, 15, 10, 23,  4, 33,  6, 40, 35, 32, 44, 39, 42, 46, 38, 27, 18, 36,  3,  8, 16, 48, 29,  2, 24,  1, 13, 34, 14, 22, 26, 20,  9,  7, 28,  5, 17, 37, 31, 19, 25, 47, 45, 21, 12, 30, 11, 43], 3545.98674624, 3883.37560549, 0.,  21.14708152,  0.        , 18.        , 32, 22, 43. )
 (19, [12, 11, 10, 15, 37,  8, 13, 43, 32,  9, 19, 21, 12, 14, 35, 22, 20, 41, 25, 34, 30, 27, 48,  4, 31,  7, 17, 36, 18, 26,  5, 47,  2, 44, 24, 29, 28, 42,  3,  1, 46, 10, 38, 15, 45, 11, 23, 39, 16, 40, 33,  6], 3551.23814828, 3731.53860184, 0.,   6.46618982,  0.        , 36.33333333, 34, 14, 41. )
 (19, [11, 14, 12, 11,  1, 11, 24, 46, 25,  9, 38, 21, 43, 27, 22, 35, 41, 32, 12, 31, 13, 19,  4, 20,  7, 37, 17, 36, 18, 26,  5,  6, 14, 47, 23, 34, 33, 16, 29, 42, 39,  2, 44, 28, 10,  8,  3, 15, 40, 30, 45, 48], 3606.24264648, 3804.06541928, 0.,  25.13547197, 10.71731066, 34.66666667, 35, 16, 43. )
 (22, [16, 10, 12, 10, 37, 25, 23, 11,  4, 33, 47,  6, 15, 45, 44, 39, 42, 46, 38, 27, 18, 36,  3,  8, 16, 48, 29,  2, 24,  1, 13, 34, 14, 22, 26, 20,  9,  7, 28,  5, 17, 31, 43, 21, 35, 30, 40, 32, 12, 19, 41, 10], 3614.08233569, 3791.48783609, 0.,  19.8425306 ,  0.        , 29.33333333, 36, 19, 45.5)
 (43, [12, 13, 13, 10,  4, 45, 34, 29, 13,  2, 27,  8, 19, 18, 11,  9, 12, 36, 10, 32, 46, 16, 22, 38, 33,  6, 41, 17, 40,  3, 28, 47, 31, 24,  7, 30,  5, 39, 23, 37, 48, 14, 25, 26, 44, 35,  1, 21, 43, 42, 15, 20], 3632.94877995, 3805.89716468, 0.,  37.55243417,  4.37434266, 32.66666667, 37, 17, 45.5)
 (43, [12, 13, 13, 10,  4, 45, 34, 29, 13,  2, 27,  8, 19, 18, 11,  9, 12, 36, 10, 32, 46, 16, 22, 38, 33,  6, 41, 17, 40,  3, 28, 47, 31, 24,  7, 30,  5, 39, 23, 37, 48, 14, 25, 26, 44, 35,  1, 21, 43, 42, 15, 20], 3632.94877995, 3805.89716468, 0.,  37.55243417,  4.37434266, 32.66666667, 37, 17, 45.5)
 (40, [11, 12, 11, 14, 12, 23, 30, 41, 44, 13, 20, 45, 48, 34, 39,  4,  9, 28, 14,  1, 40, 31,  3, 21, 16, 42,  5, 37, 36, 46, 24, 47,  6, 15, 35, 18, 32, 11, 17, 26,  7, 33, 43, 22,  8,  2, 29, 25, 19, 38, 10, 27], 3671.57895372, 3699.0018301 , 0.,  38.33120894,  0.        , 28.        , 39, 21, 49.5)
 (40, [11, 12, 11, 14, 12, 23, 30, 41, 44, 13, 20, 45, 48, 34, 39,  4,  9, 28, 14,  1, 40, 31,  3, 21, 16, 42,  5, 37, 36, 46, 24, 47,  6, 15, 35, 18, 32, 11, 17, 26,  7, 33, 43, 22,  8,  2, 29, 25, 19, 38, 10, 27], 3671.57895372, 3699.0018301 , 0.,  38.33120894,  0.        , 28.        , 39, 21, 49.5)
 (22, [15,  9, 13, 11, 41, 32, 24, 43, 34, 38, 18, 23, 15, 14, 27,  8, 16,  2, 13,  4, 39, 40, 48, 30, 12, 29,  1, 10, 33, 36,  3, 44, 42, 22, 26, 20,  9,  7, 28,  5, 17, 25, 19, 31, 37, 47, 45, 21, 35, 46,  6, 11], 3720.2256248 , 4096.49516314, 0.,  39.7902353 ,  0.        , 36.        , 40, 15, 47.5)
 (47, [12, 10, 13, 13, 14, 38, 13, 28, 17, 41,  2, 47, 35,  9, 42, 24,  3, 20, 15, 44, 33, 39, 16, 12, 27, 32,  5, 25, 10, 29, 21, 23,  6, 30, 11, 46, 40, 26, 19,  8,  7, 18,  1, 36,  4, 22, 48, 34, 45, 43, 31, 37], 3817.45066989, 3767.56005095, 0.,  24.94530947,  0.        , 47.33333333, 41,  5, 43.5)
 (47, [12, 10, 13, 13, 14, 38, 13, 28, 17, 41,  2, 47, 35,  9, 42, 24,  3, 20, 15, 44, 33, 39, 16, 12, 27, 32,  5, 25, 10, 29, 21, 23,  6, 30, 11, 46, 40, 26, 19,  8,  7, 18,  1, 36,  4, 22, 48, 34, 45, 43, 31, 37], 3817.45066989, 3767.56005095, 0.,  24.94530947,  0.        , 47.33333333, 41,  5, 43.5)
 (31, [11, 14, 12, 11, 21, 30,  9, 25, 14, 22, 35, 32, 12, 31, 19,  4, 20,  7, 37, 17, 18, 26, 34, 33, 16, 27, 29, 41, 36, 43, 42, 39,  2, 44, 28, 48, 10,  8,  5, 13, 47, 24,  3,  1, 46, 38, 15, 45, 11, 23, 40,  6], 3865.06377549, 3903.89408985, 0.,   6.40481024,  0.        , 38.33333333, 42, 10, 47. )
 (41, [10, 12, 12, 14, 11, 43, 20, 21, 16, 19, 33, 34, 41, 31, 45, 36,  1, 29, 24, 26, 40, 38, 14, 35, 15, 32, 30, 37, 12, 48, 25, 23,  7, 17, 46, 47,  9, 22,  2,  6, 18, 27, 42, 28,  5, 44,  3,  8, 13, 10, 39,  4], 3879.59430966, 3879.59430966, 0.,   0.        ,  0.        , 48.66666667, 43,  4, 45. )
 (41, [10, 12, 12, 14, 11, 43, 20, 21, 16, 19, 33, 34, 41, 31, 45, 36,  1, 29, 24, 26, 40, 38, 14, 35, 15, 32, 30, 37, 12, 48, 25, 23,  7, 17, 46, 47,  9, 22,  2,  6, 18, 27, 42, 28,  5, 44,  3,  8, 13, 10, 39,  4], 3879.59430966, 3879.59430966, 0.,   0.        ,  0.        , 48.66666667, 43,  4, 45. )
 (43, [12, 11, 10, 15, 39, 46, 37,  8,  5, 13, 23, 43, 32,  9, 19, 21, 28, 12, 14,  6, 35, 29, 22, 17, 45, 38, 20, 18, 47, 15, 41,  3, 26, 25, 33, 34, 16, 30, 27,  1, 48,  4, 42, 10, 36,  2, 31, 44, 40, 24,  7, 11], 3880.90891446, 3928.01185489, 0.,  88.23065296,  0.        , 37.66666667, 44, 12, 50. )
 (38, [12, 14, 11, 11, 39, 23, 48, 15, 26, 35, 19, 30, 37, 25, 40, 29,  5, 22, 38, 27,  3, 36, 20, 18, 11, 21, 44, 13, 28, 46,  4, 24,  2,  9, 31, 10,  7, 32, 33, 41, 43, 12, 42, 34, 16, 14,  6, 47, 45,  8, 17,  1], 3895.05755043, 4260.67593379, 0.,  52.27238244, 15.62314308, 46.33333333, 45,  6, 48. )
 (43, [11, 13, 10, 14, 48,  8, 31, 13,  4,  7, 37, 43, 32,  9, 19, 21, 28, 12, 14,  6, 35, 29, 22, 17, 45, 38, 20, 18, 47, 15, 41,  3, 26, 25, 33, 34, 16, 30, 27, 36,  5,  2, 44, 24, 42,  1, 46, 10, 11, 23, 39, 40], 3964.73043788, 4027.11266521, 0.,   5.00208755,  0.        , 37.        , 46, 13, 52.5)
 (32, [15, 11, 11, 11, 41, 15, 23,  4,  6, 35, 32, 44, 39, 42, 46, 38, 27, 18,  8, 16,  2, 24, 13, 34, 14, 37, 40, 48, 20, 30, 12,  9, 29,  1, 25, 17, 26, 28,  7, 10, 33, 36,  3, 22,  5, 31, 19, 47, 45, 21, 11, 43], 3999.89533217, 4246.99803732, 0.,  11.2031246 ,  0.        , 31.66666667, 47, 18, 56. )
 (31, [12,  9, 10, 17, 10, 18,  1,  3, 22, 37, 35, 11, 23, 27, 28, 42, 14, 44, 39, 43, 21,  8, 38, 34, 47,  5,  2,  4, 20, 12, 19, 30, 40, 32, 46, 41, 31, 17, 15,  9,  7, 24, 48, 36, 29,  6, 26, 25, 13, 45, 33, 16], 4037.85309652, 4088.6500957 , 0.,   7.5285136 , 42.53820075, 50.33333333, 48,  1, 48.5)
 (49, [11, 10, 12, 15,  7, 20, 42, 14, 40,  1, 36, 10, 44, 33, 39,  3, 17,  6, 37,  8, 34, 19, 24, 16,  2, 13, 38,  4, 29, 27, 45, 26, 15, 23, 48, 11, 35, 22,  5, 43, 41, 28, 12, 31, 46,  9, 18, 30, 32, 25, 47, 21], 4137.95948353, 4264.88224197, 0.,  20.30920571,  4.59260693, 48.66666667, 49,  3, 50.5)
 (49, [11, 10, 12, 15,  7, 20, 42, 14, 40,  1, 36, 10, 44, 33, 39,  3, 17,  6, 37,  8, 34, 19, 24, 16,  2, 13, 38,  4, 29, 27, 45, 26, 15, 23, 48, 11, 35, 22,  5, 43, 41, 28, 12, 31, 46,  9, 18, 30, 32, 25, 47, 21], 4137.95948353, 4264.88224197, 0.,  20.30920571,  4.59260693, 48.66666667, 49,  3, 50.5)
 (27, [12, 13, 13, 10, 21, 24,  9, 36, 22,  4, 30, 20, 26, 14, 27, 23,  1, 16, 17, 48, 42,  5, 13, 40,  7, 18, 19, 47, 11, 33, 38, 28, 32,  2, 45, 29, 37, 34, 41, 43,  6, 12, 15,  3, 10, 35, 46, 31, 39, 25,  8, 44], 4181.42810097, 4252.34268359, 0., 168.74088059,  0.        , 49.66666667, 50,  2, 51. )]