
Total Runtime in seconds: 314.9516797065735Parameters:
population_size: 50, max_generations: 150, executed generations: 149, threshold_no_improvement: 75
target feasible proportion: 12
fitness_scaling: power_rank, selection_method: n_tournaments
p_c: 0.9, p_m: 0.4, NOT YET p_education: 0.0
tournament_size: 2, n_elite: 8
survivor_selection_step: 10, p_selection_survival: 0.7
kill clone step: 5
diversify_step: 20, diversify_step: 20, p_diversify_survival: 0.3
n_closest_neighbors: 3, diversity_weight: 0.5, distance_method: broken_pairs_distance
capacity_penalty_factor: 2, duration_penalty_factor 2, time_window_penalty: 2
Best fitness all generations, best individual before/after local search: 1113.9537447891776, 1113.9537447891776 / 1113.9537447891776
Best individual found before local search: (34, [10,  9, 16, 13,  7, 41, 31, 44, 32,  9, 42, 46, 35, 37, 22, 34, 10, 45,  6, 27,  3, 48, 11, 28,  4, 19, 14,  1, 36, 26, 18, 17, 13, 33, 20, 29,  8,  5, 16, 39, 43, 47, 24, 12, 21, 38, 40,  2, 15, 25, 23, 30], 1113.95374479, 1154.22721499, 0., 0., 0., 0., 18, 31, 33.5)
Best individual found after local search: (34, [10,  9, 16, 13,  7, 41, 31, 44, 32,  9, 42, 46, 35, 37, 22, 34, 10, 45,  6, 27,  3, 48, 11, 28,  4, 19, 14,  1, 36, 26, 18, 17, 13, 33, 20, 29,  8,  5, 16, 39, 43, 47, 24, 12, 21, 38, 40,  2, 15, 25, 23, 30], 1113.95374479, 1154.22721499, 0., 0., 0., 0., 18, 31, 33.5)
Best feasible individual found: (34, [10,  9, 16, 13,  7, 41, 31, 44, 32,  9, 42, 46, 35, 37, 22, 34, 10, 45,  6, 27,  3, 48, 11, 28,  4, 19, 14,  1, 36, 26, 18, 17, 13, 33, 20, 29,  8,  5, 16, 39, 43, 47, 24, 12, 21, 38, 40,  2, 15, 25, 23, 30], 1113.95374479, 1154.22721499, 0., 0., 0., 0., 18, 31, 33.5)

Fitness stats min: [1157.21378491 1147.1563054  1147.1563054  1129.93174519 1117.54684905
 1117.54684905 1117.54684905 1117.54684905 1117.54684905 1117.54684905
 1117.54684905 1117.54684905 1117.54684905 1117.54684905 1117.54684905
 1117.54684905 1117.54684905 1117.54684905 1117.54684905 1117.54684905
 1117.54684905 1117.54684905 1117.54684905 1117.54684905 1117.54684905
 1117.54684905 1117.54684905 1117.54684905 1117.54684905 1117.54684905
 1117.54684905 1117.54684905 1116.27834676 1113.95374479 1113.95374479
 1113.95374479 1113.95374479 1113.95374479 1113.95374479 1113.95374479
 1113.95374479 1113.95374479 1113.95374479 1113.95374479 1113.95374479
 1113.95374479 1113.95374479 1113.95374479 1113.95374479 1113.95374479
 1113.95374479 1113.95374479 1113.95374479 1113.95374479 1113.95374479
 1113.95374479 1113.95374479 1113.95374479 1113.95374479 1113.95374479
 1113.95374479 1113.95374479 1113.95374479 1113.95374479 1113.95374479
 1113.95374479 1113.95374479 1113.95374479 1113.95374479 1113.95374479
 1113.95374479 1113.95374479 1113.95374479 1113.95374479 1113.95374479
 1113.95374479 1113.95374479 1113.95374479 1113.95374479 1113.95374479
 1113.95374479 1113.95374479 1113.95374479 1113.95374479 1113.95374479
 1113.95374479 1113.95374479 1113.95374479 1113.95374479 1113.95374479
 1113.95374479 1113.95374479 1113.95374479 1113.95374479 1113.95374479
 1113.95374479 1113.95374479 1113.95374479 1113.95374479 1113.95374479
 1113.95374479 1113.95374479 1113.95374479 1113.95374479 1113.95374479
 1113.95374479 1113.95374479 1113.95374479 1113.95374479 1113.95374479
 1113.95374479 1113.95374479 1113.95374479 1113.95374479 1113.95374479
 1113.95374479 1113.95374479 1113.95374479 1113.95374479 1113.95374479
 1113.95374479 1113.95374479 1113.95374479 1113.95374479 1113.95374479
 1113.95374479 1113.95374479 1113.95374479 1113.95374479 1113.95374479
 1113.95374479 1113.95374479 1113.95374479 1113.95374479 1113.95374479
 1113.95374479 1113.95374479 1113.95374479 1113.95374479 1113.95374479
 1113.95374479 1113.95374479 1113.95374479 1113.95374479 1113.95374479
 1113.95374479 1113.95374479 1113.95374479 1113.95374479 1113.95374479] 

Fitness stats feasible min: [1195.13940693 1147.1563054  1147.1563054  1129.93174519 1117.54684905
 1117.54684905 1117.54684905 1117.54684905 1117.54684905 1117.54684905
 1117.54684905 1117.54684905 1117.54684905 1117.54684905 1117.54684905
 1117.54684905 1117.54684905 1117.54684905 1117.54684905 1117.54684905
 1117.54684905 1117.54684905 1117.54684905 1117.54684905 1117.54684905
 1117.54684905 1117.54684905 1117.54684905 1117.54684905 1117.54684905
 1117.54684905 1117.54684905 1116.27834676 1113.95374479 1113.95374479
 1113.95374479 1113.95374479 1113.95374479 1113.95374479 1113.95374479
 1113.95374479 1113.95374479 1113.95374479 1113.95374479 1113.95374479
 1113.95374479 1113.95374479 1113.95374479 1113.95374479 1113.95374479
 1113.95374479 1113.95374479 1113.95374479 1113.95374479 1113.95374479
 1113.95374479 1113.95374479 1113.95374479 1113.95374479 1113.95374479
 1113.95374479 1113.95374479 1113.95374479 1113.95374479 1113.95374479
 1113.95374479 1113.95374479 1113.95374479 1113.95374479 1113.95374479
 1113.95374479 1113.95374479 1113.95374479 1113.95374479 1113.95374479
 1113.95374479 1113.95374479 1113.95374479 1113.95374479 1113.95374479
 1113.95374479 1113.95374479 1113.95374479 1113.95374479 1113.95374479
 1113.95374479 1113.95374479 1113.95374479 1113.95374479 1113.95374479
 1113.95374479 1113.95374479 1113.95374479 1113.95374479 1113.95374479
 1113.95374479 1113.95374479 1113.95374479 1113.95374479 1113.95374479
 1113.95374479 1113.95374479 1113.95374479 1113.95374479 1113.95374479
 1113.95374479 1113.95374479 1113.95374479 1113.95374479 1113.95374479
 1113.95374479 1113.95374479 1113.95374479 1113.95374479 1113.95374479
 1113.95374479 1113.95374479 1113.95374479 1113.95374479 1113.95374479
 1113.95374479 1113.95374479 1113.95374479 1113.95374479 1113.95374479
 1113.95374479 1113.95374479 1113.95374479 1113.95374479 1113.95374479
 1113.95374479 1113.95374479 1113.95374479 1113.95374479 1113.95374479
 1113.95374479 1113.95374479 1113.95374479 1113.95374479 1113.95374479
 1113.95374479 1113.95374479 1113.95374479 1113.95374479 1113.95374479
 1113.95374479 1113.95374479 1113.95374479 1113.95374479 1113.95374479] 

Fitness stats avg: [1577.60732645 1552.46608233 1494.15399664 1418.97817128 1391.3291761
 1467.35470485 1370.76743921 1392.82383707 1320.53590079 1356.3751628
 2522.29047348 1699.37748552 1433.63317739 1368.3865634  1293.67687264
 2604.54840601 2098.43440194 1731.24671543 1609.42959699 1457.35407571
 2900.29400241 2227.89920013 1862.03215447 1632.69484647 1430.31371967
 2788.01187044 2244.73470741 1697.65076665 1510.3069804  1331.35314374
 2379.66699126 1495.69600477 1364.48943106 1334.74017267 1315.74875599
 1913.95479118 1484.94316721 1393.46106446 1335.50753932 1297.65456476
 2652.8815839  1815.1185723  1533.29374677 1431.63192526 1273.5117275
 1914.67144768 1439.82659727 1355.08625939 1319.70557896 1268.19750875
 2342.16164488 1576.82678018 1372.30456539 1313.36065212 2510.49523321
 2914.38244289 2401.55974962 1887.43113746 1636.99825257 1363.75594514
 2997.58452032 2111.51705558 1772.22220309 1476.78693588 1344.24429572
 1867.59115479 1499.37617517 1358.40252147 1328.78676412 1288.4010186
 2492.40398485 1818.40911668 1435.28755066 1260.03136616 2618.07158432
 2699.39481084 2068.29437912 1613.23371078 1352.59249875 1319.19819547
 2311.84068265 1441.72620554 1290.44069938 1285.22468514 1369.92603621
 2453.52084083 1660.02206848 1463.93116531 1390.09260943 1324.76959686
 2618.7501711  1969.30141453 1664.57849296 1454.80074547 2181.74715921
 2458.91081358 2042.68501973 1654.94708631 1586.10025852 1506.90662676
 2904.68660229 2479.73972822 1857.21331438 1634.55091293 1575.24714373
 1903.60091492 1697.22197217 1603.30538544 1492.26759096 1322.53795072
 2705.767296   1636.49356148 1407.50732615 1408.14953412 2437.49165294
 2884.28494849 2242.9192632  1799.36777364 1480.00263623 1432.85900282
 2572.61000557 1884.87066474 1569.4271467  1445.02370927 1306.70128872
 1820.61340077 1559.32112123 1359.87111969 1283.2248676  1344.26727489
 3043.22068832 2167.64021281 1485.96831185 1250.11378402 2388.89386025
 2596.55373433 2106.24724456 1874.80821368 1829.19777591 1659.87807342
 2809.73481459 2180.70716335 1804.84758564 1615.51074928 1533.47473192
 1792.56198285 1588.05623435 1509.44270587 1379.81328086 1226.53497649] 

Feasible stats: [( 0., 50.) ( 0., 50.) (36., 14.) (36., 14.) (44.,  6.) (44.,  6.)
 (39., 11.) (39., 11.) (35., 15.) (35., 15.) (39., 11.) (39., 11.)
 (37., 13.) (37., 13.) (40., 10.) (40., 10.) (16., 34.) (16., 34.)
 (33., 17.) (33., 17.) (35., 15.) (35., 15.) (24., 26.) (24., 26.)
 (33., 17.) (33., 17.) (23., 27.) (23., 27.) (38., 12.) (38., 12.)
 (42.,  8.) (42.,  8.) (36., 14.) (36., 14.) (41.,  9.) (41.,  9.)
 (29., 21.) (29., 21.) (43.,  7.) (43.,  7.) (43.,  7.) (43.,  7.)
 (30., 20.) (30., 20.) (38., 12.) (38., 12.) (27., 23.) (27., 23.)
 (36., 14.) (36., 14.) (47.,  3.) (47.,  3.) (33., 17.) (33., 17.)
 (45.,  5.) (45.,  5.) (20., 30.) (20., 30.) (35., 15.) (35., 15.)
 (41.,  9.) (41.,  9.) (27., 23.) (27., 23.) (29., 21.) (29., 21.)
 (28., 22.) (28., 22.) (46.,  4.) (46.,  4.) (44.,  6.) (44.,  6.)
 (30., 20.) (30., 20.) (45.,  5.) (45.,  5.) (16., 34.) (16., 34.)
 (36., 14.) (36., 14.) (45.,  5.) (45.,  5.) (42.,  8.) (42.,  8.)
 (45.,  5.) (45.,  5.) (21., 29.) (21., 29.) (35., 15.) (35., 15.)
 (45.,  5.) (45.,  5.) (32., 18.) (32., 18.) (42.,  8.) (42.,  8.)
 (24., 26.) (24., 26.) (41.,  9.) (41.,  9.) (39., 11.) (39., 11.)
 (17., 33.) (17., 33.) (30., 20.) (30., 20.) (26., 24.) (26., 24.)
 (34., 16.) (34., 16.) (42.,  8.) (42.,  8.) (31., 19.) (31., 19.)
 (36., 14.) (36., 14.) (20., 30.) (20., 30.) (36., 14.) (36., 14.)
 (42.,  8.) (42.,  8.) (29., 21.) (29., 21.) (37., 13.) (37., 13.)
 (33., 17.) (33., 17.) (37., 13.) (37., 13.) (38., 12.) (38., 12.)
 (27., 23.) (27., 23.) (49.,  1.) (49.,  1.) (17., 33.) (17., 33.)
 (27., 23.) (27., 23.) (34., 16.) (34., 16.) (21., 29.) (21., 29.)
 (33., 17.) (33., 17.) (35., 15.) (35., 15.) (34., 16.) (34., 16.)] 
Solution Description: 
p: [  0.          17.53554117  47.19996294  62.30053615  65.88026605
  65.92539359 100.47267296 150.80322505 212.26822432 213.37332578
 215.62221757   0.          24.42432263  43.10170885  46.65486999
  57.82812628  97.13902742 123.69930729 138.71301667 147.86729141
 149.7330236    0.          29.55843142  62.28260869 146.15922713
 146.61968006 156.18632911 196.45979931 221.81439844 251.98750035
 304.15886119 433.29578777 448.86215127 449.12909648 464.95612795
 482.76889228 488.40585651 488.5822693    0.          26.15383911
  54.45601392 100.17930899 106.990564   117.96757294 131.65766839
 144.3222645  178.9701724  189.48118624 227.40797842 241.35820943
 250.5235971  260.01623432] 
pred: [0 0 0 0 0 0 5 5 5 5 5 0 0 1 1 1 1 1 1 1 1 0 0 0 0 0 0 0 5 5 5 9 9 9 9 9 9
 9 0 0 0 2 2 2 2 2 2 8 8 8 8 8] 
distance [  0.          17.53554117  47.19996294  62.30053615  65.88026605
  65.92539359  34.54727937  84.87783147 146.34283074 147.44793219
 149.69682399   0.          24.42432263  18.67738622  22.23054736
  33.40380365  72.71470479  99.27498465 114.28869404 123.44296878
 125.30870097   0.          29.55843142  62.28260869 146.15922713
 146.61968006 156.18632911 196.45979931  65.62806933  95.80117124
 147.97253208 129.13692659 144.70329008 144.97023529 160.79726676
 178.6100311  184.24699532 184.42340811   0.          26.15383911
  54.45601392  45.72329507  52.53455008  63.51155902  77.20165447
  89.86625057 124.51415848  10.51101384  48.43780602  62.38803703
  71.55342471  81.04606192]
load: [  0  13  21  31  34  50  13  35  54  68  79   0  21  22  40  65  70  86
 102 112 119   0   9  14  17  26  38  48  16  33  38   9  28  44  64  84
  96 121   0  13  37  21  40  46  71  86 101   8  12  26  40  53] 
time: [  0.         170.         203.         228.39224704 244.56663558
 456.          80.         115.34683757 171.22731303 252.33358633
 322.           0.         371.         182.         195.18455016
 202.9955528  231.80134413 398.         440.23624841 473.3964008
 510.10459224   0.         257.         279.90630276 345.84518954
 414.06688705 441.06764997 477.83410975 357.24520703 434.
 475.95303324 108.         140.15799758 192.         220.52726534
 237.7678084  317.         446.           0.         207.
 459.         115.         308.         325.46934669 414.
 443.         485.92676098 121.         226.         329.
 378.         422.56770213] 
time warps: [0 0 0 0 0 0 0 0 0 0 0 0 0 0 0 0 0 0 0 0 0 0 0 0 0 0 0 0 0 0 0 0 0 0 0 0 0
 0 0 0 0 0 0 0 0 0 0 0 0 0 0 0] 
duration: [  0.          23.53554117  73.83796245  95.93853566 103.51826556
 311.61049336  41.54727937 116.87783147 195.34283074 200.44793219
 269.41539141   0.          47.42432263  24.67738622  29.23054736
  49.40380365 105.71470479 284.97668402 320.99039341 347.14466815
 353.01040033   0.          35.55843142  92.28260869 189.15922713
 205.61968006 217.18632911 270.45979931  80.62806933 184.45345617
 239.62481701 131.13692659 167.70329008 193.01987139 216.84690286
 239.6596672  311.29741782 426.10281899   0.          48.15383911
 315.00222923  55.72329507 251.32425496 272.3012639  360.05582284
 403.26861412 455.91652202  17.51101384 155.03431469 244.72426381
 305.6796988  325.17233601]

All individuals: [(34, [10,  9, 16, 13,  7, 41, 31, 44, 32,  9, 42, 46, 35, 37, 22, 34, 10, 45,  6, 27,  3, 48, 11, 28,  4, 19, 14,  1, 36, 26, 18, 17, 13, 33, 20, 29,  8,  5, 16, 39, 43, 47, 24, 12, 21, 38, 40,  2, 15, 25, 23, 30], 1113.95374479, 1154.22721499, 0.,  0.        , 0.        ,  0.        , 18, 31, 33.5)
 (34, [10,  9, 16, 13,  7, 41, 31, 44, 32,  9, 42, 46, 35, 37, 22, 34, 10, 45,  6, 27,  3, 48, 11, 28,  4, 19, 14,  1, 36, 26, 18, 17, 13, 33, 20, 29,  8,  5, 16, 39, 43, 47, 24, 12, 21, 38, 40,  2, 15, 25, 23, 30], 1113.95374479, 1154.22721499, 0.,  0.        , 0.        ,  0.        ,  1, 50, 26. )
 (34, [10,  9, 16, 13,  7, 41, 31, 44, 32,  9, 42, 46, 35, 37, 22, 34, 10, 45,  6, 27,  3, 48, 11, 28,  4, 19, 14,  1, 36, 26, 18, 17, 13, 33, 20, 29,  8,  5, 16, 39, 43, 47, 24, 12, 21, 38, 40,  2, 15, 25, 23, 30], 1113.95374479, 1154.22721499, 0.,  0.        , 0.        ,  0.        ,  8, 36, 26. )
 (34, [10,  9, 16, 13,  7, 41, 31, 44, 32,  9, 42, 46, 35, 37, 22, 34, 10, 45,  6, 27,  3, 48, 11, 28,  4, 19, 14,  1, 36, 26, 18, 17, 13, 33, 20, 29,  8,  5, 16, 39, 43, 47, 24, 12, 21, 38, 40,  2, 15, 25, 23, 30], 1113.95374479, 1154.22721499, 0.,  0.        , 0.        ,  0.        , 14, 25, 26.5)
 (34, [10,  9, 16, 13,  7, 41, 31, 44, 32,  9, 42, 46, 35, 37, 22, 34, 10, 45,  6, 27,  3, 48, 11, 28,  4, 19, 14,  1, 36, 26, 18, 17, 13, 33, 20, 29,  8,  5, 16, 39, 43, 47, 24, 12, 21, 38, 40,  2, 15, 25, 23, 30], 1113.95374479, 1154.22721499, 0.,  0.        , 0.        ,  0.        ,  4, 45, 26.5)
 (34, [10,  9, 16, 13,  7, 41, 31, 44, 32,  9, 42, 46, 35, 37, 22, 34, 10, 45,  6, 27,  3, 48, 11, 28,  4, 19, 14,  1, 36, 26, 18, 17, 13, 33, 20, 29,  8,  5, 16, 39, 43, 47, 24, 12, 21, 38, 40,  2, 15, 25, 23, 30], 1113.95374479, 1154.22721499, 0.,  0.        , 0.        ,  0.        , 17, 20, 27. )
 (34, [10,  9, 16, 13,  7, 41, 31, 44, 32,  9, 42, 46, 35, 37, 22, 34, 10, 45,  6, 27,  3, 48, 11, 28,  4, 19, 14,  1, 36, 26, 18, 17, 13, 33, 20, 29,  8,  5, 16, 39, 43, 47, 24, 12, 21, 38, 40,  2, 15, 25, 23, 30], 1113.95374479, 1154.22721499, 0.,  0.        , 0.        ,  0.        , 12, 34, 29. )
 (34, [10,  9, 16, 13,  7, 41, 31, 44, 32,  9, 42, 46, 35, 37, 22, 34, 10, 45,  6, 27,  3, 48, 11, 28,  4, 19, 14,  1, 36, 26, 18, 17, 13, 33, 20, 29,  8,  5, 16, 39, 43, 47, 24, 12, 21, 38, 40,  2, 15, 25, 23, 30], 1113.95374479, 1154.22721499, 0.,  0.        , 0.        ,  0.        ,  7, 46, 30. )
 (34, [10,  9, 16, 13,  7, 41, 31, 44, 32,  9, 42, 46, 35, 37, 22, 34, 10, 45,  6, 27,  3, 48, 11, 28,  4, 19, 14,  1, 36, 26, 18, 17, 13, 33, 20, 29,  8,  5, 16, 39, 43, 47, 24, 12, 21, 38, 40,  2, 15, 25, 23, 30], 1113.95374479, 1154.22721499, 0.,  0.        , 0.        ,  0.        , 11, 43, 32.5)
 (34, [10,  9, 16, 13,  7, 41, 31, 44, 32,  9, 42, 46, 35, 37, 22, 34, 10, 45,  6, 27,  3, 48, 11, 28,  4, 19, 14,  1, 36, 26, 18, 17, 13, 33, 20, 29,  8,  5, 16, 39, 43, 47, 24, 12, 21, 38, 40,  2, 15, 25, 23, 30], 1113.95374479, 1154.22721499, 0.,  0.        , 0.        ,  0.        ,  9, 48, 33. )
 (34, [10,  9, 16, 13,  7, 41, 31, 44, 32,  9, 42, 46, 35, 37, 22, 34, 10, 45,  6, 27,  3, 48, 11, 28,  4, 19, 14,  1, 36, 26, 18, 17, 13, 33, 20, 29,  8,  5, 16, 39, 43, 47, 24, 12, 21, 38, 40,  2, 15, 25, 23, 30], 1113.95374479, 1154.22721499, 0.,  0.        , 0.        ,  0.        , 19, 30, 34. )
 (37, [11, 14, 11, 12, 19, 35,  8, 34, 10, 18, 32, 21, 26,  1, 41, 22, 31, 11, 23, 33,  9, 44, 14, 40, 47, 38, 37, 12, 15, 42,  3,  4, 17, 27, 24, 28,  7,  6, 13, 25, 36, 39, 30, 43, 45, 20, 48, 29,  2,  5, 46, 16], 1113.95374479, 1154.22721499, 0.,  0.        , 0.        ,  0.        ,  6, 37, 24.5)
 (38, [11, 12, 11, 14, 47, 44, 35, 21, 26, 12,  1, 30,  2, 40, 24, 16, 33, 34, 45, 22, 25,  8, 14, 29,  7, 28,  9, 37, 43, 10, 19,  5, 42, 18, 13, 36, 11, 41, 39, 27,  6, 15, 23, 48, 17, 38,  4, 46,  3, 32, 31, 20], 1113.95374479, 1154.22721499, 0.,  0.        , 0.        ,  0.        ,  8, 36, 26. )
 (39, [12, 12, 12, 12, 16, 25, 34,  1, 13,  5, 14, 46, 12, 48, 29,  9, 23, 17, 37, 20, 19, 39,  4, 41, 33, 28, 35, 11, 24, 27, 30,  2, 44, 15,  8, 36, 31, 45, 32, 47,  3, 38, 21, 43, 42,  6, 26, 22, 40, 10, 18,  7], 1113.95374479, 1154.22721499, 0.,  0.        , 0.        ,  0.        , 11, 43, 32.5)
 (34, [10,  9, 16, 13,  7, 41, 31, 44, 32,  9, 42, 46, 35, 37, 22, 34, 10, 45,  6, 27,  3, 48, 11, 28,  4, 19, 14,  1, 36, 26, 18, 17, 13, 33, 20, 29,  8,  5, 16, 39, 43, 47, 24, 12, 21, 38, 40,  2, 15, 25, 23, 30], 1113.95374479, 1154.22721499, 0.,  0.        , 0.        ,  0.        ,  1, 50, 26. )
 (41, [13, 13, 12, 10,  4, 31, 17,  7, 10,  2, 19, 15, 36, 39,  9, 23, 43, 48, 11, 20, 21, 33, 42,  1,  6, 44, 24, 32, 35, 22, 30, 16, 13, 28, 27, 34,  5, 47, 12, 25, 40, 45, 37, 46, 29,  8, 41, 26, 38, 14, 18,  3], 1113.95374479, 1154.22721499, 0.,  0.        , 0.        ,  0.        , 13, 23, 24.5)
 (43, [14, 11, 14,  9, 39, 31, 37, 21, 20, 17, 28,  5, 46, 12, 38, 10, 43, 45, 35, 24, 18, 26,  8, 42, 11, 36, 19, 25,  4,  2,  7, 32,  6, 27, 30,  9, 15,  3, 48, 14, 29, 23,  1, 34, 13, 16, 44, 33, 41, 47, 40, 22], 1113.95374479, 1154.22721499, 0.,  0.        , 0.        ,  0.        , 22, 38, 41. )
 (45, [12, 12, 12, 12, 33, 16, 31, 24, 40,  7,  3, 32, 14, 22, 34, 11, 28, 45, 17, 27, 30,  6, 13, 48, 36, 41, 18,  9, 44, 26, 21, 43, 19, 12, 35, 23, 39,  8,  4, 38, 46, 47, 42,  1, 10, 20, 37, 25,  5,  2, 29, 15], 1113.95374479, 1154.22721499, 0.,  0.        , 0.        ,  0.        , 27, 47, 50.5)
 (46, [14, 10, 12, 12, 33,  9, 17,  3, 30, 38,  2, 45, 14, 21, 20, 34, 35, 41, 40, 31, 23,  6,  8, 44, 25,  1, 16, 46, 13, 11, 32,  5, 19,  7, 18, 12, 26, 15, 39, 10,  4, 42, 28, 29, 24, 47, 37, 48, 36, 43, 27, 22], 1113.95374479, 1154.22721499, 0.,  0.        , 0.        ,  0.        , 28, 33, 44.5)
 (47, [10, 11, 17, 10,  5, 11, 16, 20,  8, 42, 15, 10,  3, 46, 38, 47,  7, 33,  1,  6, 41, 25, 39, 30, 37, 12, 44, 27, 28, 17,  4, 14, 21, 19, 40, 24, 48, 31, 22, 32, 18, 35, 36, 45, 23, 26,  2,  9, 13, 34, 43, 29], 1113.95374479, 1154.22721499, 0.,  0.        , 0.        ,  0.        , 23, 26, 36. )
 (48, [14, 12, 11, 11, 16, 45, 32, 48, 30,  9, 31,  6, 26,  2, 39,  1, 38, 47, 43, 24, 27, 19,  3, 33, 42, 14, 15, 37, 25, 11, 41, 10, 34, 29, 46, 20, 36, 28,  7,  4, 21, 23, 35, 18, 17, 40,  8,  5, 12, 22, 13, 44], 1113.95374479, 1154.22721499, 0.,  0.        , 0.        ,  0.        ,  7, 46, 30. )
 (34, [10,  9, 16, 13,  7, 41, 31, 44, 32,  9, 42, 46, 35, 37, 22, 34, 10, 45,  6, 27,  3, 48, 11, 28,  4, 19, 14,  1, 36, 26, 18, 17, 13, 33, 20, 29,  8,  5, 16, 39, 43, 47, 24, 12, 21, 38, 40,  2, 15, 25, 23, 30], 1113.95374479, 1154.22721499, 0.,  0.        , 0.        ,  0.        , 13, 23, 24.5)
 (34, [10,  9, 16, 13,  7, 41, 31, 44, 32,  9, 42, 46, 35, 37, 22, 34, 10, 45,  6, 27,  3, 48, 11, 28,  4, 19, 14,  1, 36, 26, 18, 17, 13, 33, 20, 29,  8,  5, 16, 39, 43, 47, 24, 12, 21, 38, 40,  2, 15, 25, 23, 30], 1113.95374479, 1154.22721499, 0.,  0.        , 0.        ,  0.        ,  3, 44, 25. )
 (34, [10,  9, 16, 13,  7, 41, 31, 44, 32,  9, 42, 46, 35, 37, 22, 34, 10, 45,  6, 27,  3, 48, 11, 28,  4, 19, 14,  1, 36, 26, 18, 17, 13, 33, 20, 29,  8,  5, 16, 39, 43, 47, 24, 12, 21, 38, 40,  2, 15, 25, 23, 30], 1113.95374479, 1154.22721499, 0.,  0.        , 0.        ,  0.        ,  5, 39, 24.5)
 (34, [10,  9, 16, 13,  7, 41, 31, 44, 32,  9, 42, 46, 35, 37, 22, 34, 10, 45,  6, 27,  3, 48, 11, 28,  4, 19, 14,  1, 36, 26, 18, 17, 13, 33, 20, 29,  8,  5, 16, 39, 43, 47, 24, 12, 21, 38, 40,  2, 15, 25, 23, 30], 1113.95374479, 1154.22721499, 0.,  0.        , 0.        ,  0.        ,  2, 42, 23. )
 (34, [10,  9, 16, 13,  7, 41, 31, 44, 32,  9, 42, 46, 35, 37, 22, 34, 10, 45,  6, 27,  3, 48, 11, 28,  4, 19, 14,  1, 36, 26, 18, 17, 13, 33, 20, 29,  8,  5, 16, 39, 43, 47, 24, 12, 21, 38, 40,  2, 15, 25, 23, 30], 1113.95374479, 1154.22721499, 0.,  0.        , 0.        ,  0.        ,  6, 37, 24.5)
 (34, [12,  7, 16, 13, 35,  7, 41, 31, 44, 32,  9, 42, 46, 34, 22, 37, 10, 45,  6, 27,  3, 48, 11, 28,  4, 19, 14,  1, 36, 26, 18, 17, 13, 33, 20, 29,  8,  5, 16, 39, 43, 47, 24, 12, 21, 38, 40,  2, 15, 25, 23, 30], 1130.73162371, 1171.00509391, 0.,  0.        , 0.        ,  2.66666667, 29, 17, 37.5)
 (34, [10,  9, 16, 13,  7, 41, 32, 31, 44,  9, 42, 46, 35, 37, 22, 34, 10, 45,  6, 27,  3, 48, 11, 28,  4, 19, 14,  1, 36, 26, 18, 17, 13, 33, 20, 29,  8,  5, 16, 39, 43, 47, 24, 12, 21, 38, 40,  2, 15, 25, 23, 30], 1156.93045119, 1213.70519093, 0.,  2.58587779, 0.        ,  0.        , 30, 32, 46. )
 (34, [10,  9, 16, 13,  7, 41, 31, 44, 32, 22, 42, 46, 35, 37,  9, 34, 10, 45,  6, 27,  3, 48, 11, 28,  4, 19, 14,  1, 36, 26, 18, 17, 13, 33, 20, 29,  8,  5, 16, 39, 43, 47, 24, 12, 21, 38, 40,  2, 15, 25, 23, 30], 1178.62432766, 1218.89779786, 0.,  0.        , 0.        ,  3.66666667, 34, 13, 40.5)
 (49, [12, 11, 14, 11, 47, 24, 12, 38, 19,  4,  5, 27, 43, 34, 30, 42,  3, 40, 37, 16, 15, 18, 28, 29,  1, 48, 21, 44, 33,  2,  7, 22, 26, 25, 35,  6, 41, 14, 13, 10, 23, 36, 46, 32, 39, 45,  9, 31, 17, 20, 11,  8], 1192.20711321, 1232.48058341, 0.,  0.        , 0.        ,  6.        , 35,  8, 39. )
 (49, [12, 11, 14, 11, 47, 24, 12, 38, 19,  4,  5, 27, 43, 34, 30, 42,  3, 40, 37, 16, 15, 18, 28, 29,  1, 48, 21, 44, 33,  2,  7, 22, 26, 25, 35,  6, 41, 14, 13, 10, 23, 36, 46, 32, 39, 45,  9, 31, 17, 20, 11,  8], 1192.20711321, 1232.48058341, 0.,  0.        , 0.        ,  6.        , 35,  8, 39. )
 (34, [10,  9, 16, 13,  7, 41, 31, 44, 32,  9, 42, 46, 35, 37, 22, 34, 10, 45,  6, 27,  3, 48, 11, 28,  4, 19, 14,  1, 36, 26, 18, 17, 13, 20, 33, 29,  8,  5, 16, 39, 43, 47, 24, 12, 21, 38, 40,  2, 15, 25, 23, 30], 1199.72274848, 1239.99621869, 0.,  0.        , 0.        ,  3.        , 36, 15, 43.5)
 (34, [10,  9, 16, 13,  7, 41, 32, 31, 44,  9, 42, 46, 35, 37, 22, 34, 10, 45,  6, 27,  3, 48, 11, 28,  1, 14, 19,  4, 36, 26, 18, 17, 13, 33, 20, 29,  8,  5, 16, 39, 43, 47, 24, 12, 21, 38, 40,  2, 15, 25, 23, 30], 1239.26570299, 1268.20184933, 0.,  2.58587779, 0.        ,  5.        , 37, 10, 42. )
 (34, [10,  9, 16, 13,  7, 41, 31, 44, 32,  9, 42, 46, 35, 37, 22, 34, 10, 45,  6, 27,  3, 48, 11, 28,  4, 13, 17, 18, 26, 36,  1, 14, 19, 33, 20, 29,  8,  5, 16, 39, 43, 47, 24, 12, 21, 38, 40,  2, 15, 25, 23, 30], 1267.23400153, 1279.66887833, 0.,  0.        , 0.        ,  9.        , 38,  5, 40.5)
 (34, [12,  7, 17, 12,  7, 41, 31, 44, 32,  9, 42, 46, 35, 37, 22, 34, 10, 45,  6, 27,  3, 48, 11, 28,  4, 19, 14,  1, 36, 26, 18, 17, 13, 33, 20, 29,  8,  5, 16, 39, 43, 47, 24, 12, 21, 38, 40,  2, 15, 25, 23, 30], 1272.50238086, 1312.77585106, 0.,  0.        , 0.        ,  3.33333333, 39, 14, 46. )
 (34, [10,  9, 16, 13,  7, 41, 28, 31, 44, 32,  9, 42, 46, 35, 34, 37, 22, 10, 45,  6, 27,  3, 48,  4, 19, 14,  1, 36, 11, 26, 18, 17, 13, 33, 20, 29,  8,  5, 16, 39, 43, 47, 24, 12, 21, 38, 40,  2, 15, 25, 23, 30], 1306.66657111, 1306.66657111, 0.,  0.        , 0.        ,  3.        , 41, 16, 49. )
 (44, [13, 12, 13, 10,  1,  9, 45, 47, 26, 31, 16, 35,  8, 33, 10, 41, 29, 43, 12, 15, 14, 46,  4, 20, 23, 32, 22, 11, 21, 36,  3, 25, 24,  6, 37, 17, 42, 27, 30, 13,  7,  5, 39, 34, 19, 48, 28, 18, 38, 40,  2, 44], 1345.95240655, 1386.22587676, 0.,  0.        , 0.        ,  7.        , 40,  7, 43.5)
 (44, [13, 12, 13, 10,  1,  9, 45, 47, 26, 31, 16, 35,  8, 33, 10, 41, 29, 43, 12, 15, 14, 46,  4, 20, 23, 32, 22, 11, 21, 36,  3, 25, 24,  6, 37, 17, 42, 27, 30, 13,  7,  5, 39, 34, 19, 48, 28, 18, 38, 40,  2, 44], 1345.95240655, 1386.22587676, 0.,  0.        , 0.        ,  7.        , 40,  7, 43.5)
 (35, [16, 10, 11, 11,  7,  4, 10, 41, 18, 44,  2, 48, 46, 39,  9, 47, 35, 11, 27, 15, 45, 24, 22, 29, 30, 20, 26, 34, 32, 19,  5, 13, 40, 33, 25, 31, 14,  6, 42, 23, 36, 17,  3, 37, 12, 43,  8,  1, 21, 38, 16, 28], 1388.29932706, 1428.57279726, 0.,  0.        , 0.        ,  2.66666667, 42, 18, 51. )
 (35, [16, 10, 11, 11,  7,  4, 10, 41, 18, 44,  2, 48, 46, 39,  9, 47, 35, 11, 27, 15, 45, 24, 22, 29, 30, 20, 26, 34, 32, 19,  5, 13, 40, 33, 25, 31, 14,  6, 42, 23, 36, 17,  3, 37, 12, 43,  8,  1, 21, 38, 16, 28], 1388.29932706, 1428.57279726, 0.,  0.        , 0.        ,  2.66666667, 42, 18, 51. )
 (34, [10,  9, 16, 13,  7, 41, 31, 44, 32,  9, 42, 46, 35, 37, 20, 34, 10, 45,  6, 27,  3, 48, 11, 28,  4, 19, 14,  1, 36, 26, 18, 17, 13, 33, 22, 29,  8,  5, 16, 39, 43, 47, 24, 12, 21, 38, 40,  2, 15, 25, 23, 30], 1430.24851217, 1470.52198237, 0.,  0.        , 0.        ,  4.        , 43, 11, 48.5)
 (34, [ 9, 11, 16, 12,  7, 41, 31, 44, 32,  9, 42, 48, 46, 35, 37, 22, 34, 10, 45,  6, 27,  3, 11, 28,  4, 19, 14,  1, 36, 26, 18, 17, 13, 33, 20, 29,  8,  5, 16, 39, 43, 47, 24, 12, 21, 38, 40,  2, 15, 25, 23, 30], 1502.17880651, 1542.45227671, 0.,  0.        , 0.        ,  7.        , 44,  6, 47. )
 (34, [10,  9, 16, 13,  7, 41, 31, 44, 32, 22, 42, 46, 35, 29, 37,  9, 34, 10, 45,  6, 27,  3, 48, 11, 28,  4, 19, 14,  1, 36, 26, 18, 17, 13, 33, 20,  8,  5, 16, 39, 43, 47, 24, 12, 21, 38, 40,  2, 15, 25, 23, 30], 1526.48683615, 1566.76030635, 0.,  0.        , 0.        ,  5.66666667, 45,  9, 49.5)
 (40, [11, 11, 11, 15, 17, 48, 43, 28, 30, 33, 18,  7, 26,  2,  9, 24, 19, 12, 46, 36, 37, 25, 16, 44, 21, 47, 27,  8, 13, 42,  6,  1, 11,  3, 31, 38, 35, 15, 23, 22,  4, 41, 32,  5, 40, 39, 34, 45, 29, 10, 20, 14], 1564.81490341, 1585.34089164, 0.,  9.87374099, 0.        , 11.        , 46,  2, 47. )
 (34, [12, 10, 15, 11,  7, 41, 31, 44, 32,  9, 42, 46, 35, 37, 22, 34, 10, 45,  6, 27,  3, 48, 14, 28,  4, 19, 11,  1, 36, 26, 18, 17, 13, 33, 20, 29,  8,  5, 16, 39, 43, 47, 24, 12, 21, 38, 40,  2, 15, 25, 23, 30], 1565.31310731, 1565.31310731, 0.,  0.        , 0.        ,  9.33333333, 47,  4, 49. )
 (34, [10,  9, 16, 13,  7, 41, 32, 31, 44,  9, 42, 46, 35, 37, 22, 34, 10, 33,  6, 27,  3, 48, 11, 28,  4, 19, 14,  1, 36, 26, 18, 17, 13, 45, 20, 29,  8,  5, 16, 39, 43, 47, 24, 12, 21, 38, 40,  2, 15, 25, 23, 30], 1571.96300899, 1711.62062441, 0.,  2.58587779, 0.        ,  4.        , 48, 12, 54. )
 (42, [12, 11, 14, 11, 19,  1, 45, 24, 47, 10, 31, 43, 42, 26, 20, 34, 22, 41, 38, 13, 35, 14, 18,  2, 21, 46,  3, 17, 48,  6, 16,  9, 39, 30, 12, 25,  7, 28, 33, 32, 36,  5, 27, 15, 23, 44,  4, 37, 11, 29,  8, 40], 1811.99911484, 1811.99911484, 0.,  0.        , 0.        , 10.        , 49,  3, 50.5)
 (42, [12, 11, 14, 11, 19,  1, 45, 24, 47, 10, 31, 43, 42, 26, 20, 34, 22, 41, 38, 13, 35, 14, 18,  2, 21, 46,  3, 17, 48,  6, 16,  9, 39, 30, 12, 25,  7, 28, 33, 32, 36,  5, 27, 15, 23, 44,  4, 37, 11, 29,  8, 40], 1811.99911484, 1811.99911484, 0.,  0.        , 0.        , 10.        , 49,  3, 50.5)
 (36, [12, 13, 12, 11,  2, 19, 39, 34,  7, 48, 15, 11, 37, 17, 10, 26,  9, 32, 42, 47,  3, 28, 13, 43,  5,  4, 40, 38, 27, 18,  1, 46, 23, 31,  8, 30, 36, 14, 33, 20, 29,  6, 12, 35, 45, 25, 41, 24, 22, 44, 16, 21], 2014.11167322, 2023.36632702, 0., 12.69759502, 1.53684477, 25.33333333, 50,  1, 50.5)
 (36, [12, 13, 12, 11,  2, 19, 39, 34,  7, 48, 15, 11, 37, 17, 10, 26,  9, 32, 42, 47,  3, 28, 13, 43,  5,  4, 40, 38, 27, 18,  1, 46, 23, 31,  8, 30, 36, 14, 33, 20, 29,  6, 12, 35, 45, 25, 41, 24, 22, 44, 16, 21], 2014.11167322, 2023.36632702, 0., 12.69759502, 1.53684477, 25.33333333, 50,  1, 50.5)]