
Total Runtime in seconds: 187.31554412841797Parameters:
population_size: 100, max_generations: 1000, executed generations: 1000, threshold_no_improvement: 500
target feasible proportion: 25
fitness_scaling: power_rank, selection_method: n_tournaments
p_c: 0.8, p_m: 0.4
tournament_size: 2, n_elite: 4
survivor_selection_step: 200, p_selection_survival: 0.7
kill clone step: 100
diversify_step: 300, diversify_step: 300, p_diversify_survival: 0.3
n_closest_neighbors: 3, diversity_weight: 0.5, distance_method: broken_pairs_distance
capacity_penalty_factor: 2, duration_penalty_factor 2, time_window_penalty: 2
Best fitness all generations, best individual before/after local search: 1353.3442764432848, 1353.3442764432848 / 1353.3442764432848
Best individual found before local search: (75, [11, 14, 18,  5, 42, 46, 31, 41, 19, 22, 35,  9, 44,  7, 37, 10, 11, 45,  6, 48,  3, 27, 34, 39, 30, 24, 21, 43, 32,  4, 14, 28, 36, 26, 25, 15, 23, 18, 17, 16, 29,  8, 20,  1, 33, 13,  5,  2, 47, 12, 38, 40], 1353.34427644, 1457.6150373, 0., 0., 0., 0., 0, 0, 0.)
Best individual found after local search: (75, [11, 14, 18,  5, 42, 46, 31, 41, 19, 22, 35,  9, 44,  7, 37, 10, 11, 45,  6, 48,  3, 27, 34, 39, 30, 24, 21, 43, 32,  4, 14, 28, 36, 26, 25, 15, 23, 18, 17, 16, 29,  8, 20,  1, 33, 13,  5,  2, 47, 12, 38, 40], 1353.34427644, 1457.6150373, 0., 0., 0., 0., 0, 0, 0.)
Best feasible individual found: (75, [11, 14, 18,  5, 42, 46, 31, 41, 19, 22, 35,  9, 44,  7, 37, 10, 11, 45,  6, 48,  3, 27, 34, 39, 30, 24, 21, 43, 32,  4, 14, 28, 36, 26, 25, 15, 23, 18, 17, 16, 29,  8, 20,  1, 33, 13,  5,  2, 47, 12, 38, 40], 1353.34427644, 1457.6150373, 0., 0., 0., 0., 0, 0, 0.)

Fitness stats min: [3569.33247808 3286.21867639 3357.29393624 3357.29393624 3302.45849074
 3219.60019933 3159.13252935 3043.98784294 3036.96691608 3068.52094122
 2956.01844769 3009.33134887 3068.52094122 3068.52094122 3026.71441404
 2818.37214758 2852.38057218 2948.94651252 2825.91048479 2825.91048479
 2825.91048479 2793.10182924 2825.91048479 2686.73175578 2686.73175578
 2686.73175578 2672.78214987 2672.78214987 2672.78214987 2672.78214987
 2612.81030502 2575.70567682 2501.38894021 2402.22357669 2402.22357669
 2402.22357669 2402.22357669 2402.22357669 2379.77005612 2363.34881649
 2363.34881649 2326.79032819 2326.79032819 2184.01013257 2184.01013257
 2184.01013257 2184.01013257 2184.01013257 2180.65450698 2180.65450698
 2184.01013257 2184.01013257 2183.22016953 2171.48608301 2136.62882142
 2135.5681097  2132.87412412 2113.34643734 2056.28207283 2056.28207283
 2056.28207283 2056.28207283 2056.28207283 2051.18156218 2051.18156218
 2033.43353637 2033.43353637 2033.43353637 2033.43353637 2031.74936309
 2018.29796764 1978.68645962 1978.68645962 1978.68645962 1976.84605834
 1976.84605834 1976.84605834 1976.84605834 1963.82399293 1963.82399293
 1963.82399293 1963.82399293 1925.45982148 1925.45982148 1925.45982148
 1905.72392503 1905.72392503 1905.72392503 1905.72392503 1905.72392503
 1889.51824589 1889.51824589 1889.51824589 1889.51824589 1870.27067725
 1870.27067725 1870.27067725 1870.27067725 1870.27067725 1866.22534748
 1866.22534748 1866.22534748 1847.13919632 1847.13919632 1847.13919632
 1847.13919632 1847.13919632 1847.13919632 1832.68306566 1832.68306566
 1832.68306566 1832.68306566 1832.68306566 1832.68306566 1832.68306566
 1832.68306566 1832.68306566 1832.68306566 1832.68306566 1826.9501307
 1769.7933693  1824.13806523 1824.13806523 1824.13806523 1824.13806523
 1824.13806523 1824.13806523 1824.13806523 1824.13806523 1824.13806523
 1824.13806523 1824.13806523 1824.13806523 1824.13806523 1824.13806523
 1824.13806523 1808.77705741 1808.77705741 1808.77705741 1808.77705741
 1808.77705741 1808.77705741 1774.32213642 1759.42482897 1759.42482897
 1759.42482897 1759.42482897 1737.79122591 1737.79122591 1737.79122591
 1737.79122591 1688.43899748 1688.43899748 1669.72365765 1669.72365765
 1669.72365765 1669.72365765 1642.34369314 1642.34369314 1642.34369314
 1642.34369314 1642.34369314 1642.34369314 1642.34369314 1642.34369314
 1642.34369314 1641.34776948 1624.68456069 1624.68456069 1624.68456069
 1624.68456069 1624.68456069 1624.68456069 1613.36115277 1613.36115277
 1613.36115277 1613.36115277 1613.36115277 1613.36115277 1613.36115277
 1613.36115277 1613.36115277 1613.36115277 1613.36115277 1608.22262478
 1608.22262478 1608.22262478 1608.22262478 1608.22262478 1608.22262478
 1608.22262478 1608.22262478 1608.22262478 1608.22262478 1608.22262478
 1608.22262478 1594.95337689 1594.95337689 1594.95337689 1594.95337689
 1594.95337689 1594.95337689 1594.95337689 1594.95337689 1594.95337689
 1594.95337689 1594.95337689 1594.95337689 1594.95337689 1594.95337689
 1594.95337689 1594.95337689 1594.95337689 1594.95337689 1594.95337689
 1591.6204951  1591.6204951  1591.6204951  1591.6204951  1591.6204951
 1591.6204951  1591.6204951  1589.92588233 1589.92588233 1589.92588233
 1570.02751373 1570.02751373 1570.02751373 1570.02751373 1570.02751373
 1570.02751373 1570.02751373 1570.02751373 1570.02751373 1553.52796341
 1553.52796341 1553.52796341 1553.52796341 1553.52796341 1553.52796341
 1553.52796341 1553.52796341 1553.52796341 1553.52796341 1553.52796341
 1553.52796341 1553.52796341 1553.52796341 1553.52796341 1553.52796341
 1550.76797911 1550.76797911 1550.76797911 1550.76797911 1550.76797911
 1550.76797911 1548.50310551 1548.50310551 1548.50310551 1548.50310551
 1548.50310551 1548.50310551 1548.50310551 1548.50310551 1547.57453335
 1547.57453335 1547.57453335 1547.57453335 1546.63541656 1546.63541656
 1546.63541656 1546.63541656 1546.63541656 1546.63541656 1546.63541656
 1546.63541656 1546.63541656 1537.32660236 1537.32660236 1537.32660236
 1537.32660236 1537.32660236 1537.32660236 1513.71529682 1513.71529682
 1513.71529682 1513.71529682 1513.71529682 1513.71529682 1513.71529682
 1513.71529682 1513.71529682 1513.71529682 1513.05785242 1513.05785242
 1513.05785242 1513.05785242 1513.05785242 1513.05785242 1513.05785242
 1513.05785242 1513.05785242 1512.02003843 1513.05785242 1513.05785242
 1513.05785242 1513.05785242 1513.05785242 1513.05785242 1513.05785242
 1511.36259403 1513.05785242 1513.05785242 1513.05785242 1513.05785242
 1513.05785242 1507.2554101  1507.2554101  1507.2554101  1507.2554101
 1507.2554101  1507.2554101  1507.2554101  1507.2554101  1495.08859085
 1495.08859085 1495.08859085 1495.08859085 1495.08859085 1495.08859085
 1495.08859085 1489.28614853 1455.48910747 1455.48910747 1455.48910747
 1455.48910747 1455.48910747 1455.48910747 1455.48910747 1455.48910747
 1455.48910747 1455.48910747 1455.48910747 1455.48910747 1455.48910747
 1455.48910747 1455.48910747 1455.48910747 1455.48910747 1455.48910747
 1455.48910747 1455.48910747 1455.48910747 1455.48910747 1455.48910747
 1455.48910747 1455.48910747 1455.48910747 1455.48910747 1455.48910747
 1455.48910747 1455.48910747 1455.48910747 1455.48910747 1455.48910747
 1455.48910747 1455.48910747 1455.48910747 1455.48910747 1452.1253668
 1452.1253668  1452.1253668  1452.1253668  1452.1253668  1452.1253668
 1452.1253668  1452.1253668  1452.1253668  1452.1253668  1439.99425796
 1439.99425796 1439.99425796 1439.99425796 1439.99425796 1439.99425796
 1439.99425796 1439.99425796 1439.99425796 1439.99425796 1439.99425796
 1439.99425796 1439.99425796 1439.99425796 1439.99425796 1439.99425796
 1439.99425796 1439.99425796 1439.99425796 1439.99425796 1439.99425796
 1439.99425796 1439.99425796 1439.99425796 1439.99425796 1439.99425796
 1439.99425796 1439.99425796 1439.99425796 1439.99425796 1439.99425796
 1439.99425796 1439.99425796 1439.99425796 1439.99425796 1439.99425796
 1439.99425796 1439.99425796 1437.71126773 1437.71126773 1437.71126773
 1437.71126773 1437.71126773 1437.71126773 1437.71126773 1437.71126773
 1437.71126773 1437.71126773 1437.71126773 1437.71126773 1437.71126773
 1437.71126773 1437.71126773 1437.71126773 1437.71126773 1437.71126773
 1437.71126773 1437.71126773 1437.71126773 1437.71126773 1427.12174035
 1427.12174035 1427.12174035 1427.12174035 1427.12174035 1427.12174035
 1427.12174035 1427.12174035 1427.12174035 1427.12174035 1427.12174035
 1427.12174035 1427.12174035 1427.12174035 1427.12174035 1427.12174035
 1427.12174035 1427.12174035 1427.12174035 1427.12174035 1427.12174035
 1427.12174035 1427.12174035 1427.12174035 1427.12174035 1427.12174035
 1427.12174035 1427.12174035 1427.12174035 1427.12174035 1427.12174035
 1427.12174035 1427.12174035 1427.12174035 1427.12174035 1427.12174035
 1427.12174035 1427.12174035 1427.12174035 1427.12174035 1427.12174035
 1427.12174035 1427.12174035 1427.12174035 1427.12174035 1427.12174035
 1427.12174035 1427.12174035 1427.12174035 1427.12174035 1427.12174035
 1427.12174035 1427.12174035 1427.12174035 1427.12174035 1427.12174035
 1427.12174035 1427.12174035 1427.12174035 1427.12174035 1427.12174035
 1427.12174035 1427.12174035 1427.12174035 1427.12174035 1427.12174035
 1427.12174035 1427.12174035 1422.17345298 1422.17345298 1422.17345298
 1422.17345298 1422.17345298 1422.17345298 1422.17345298 1422.17345298
 1422.17345298 1422.17345298 1422.17345298 1422.17345298 1422.17345298
 1422.17345298 1422.17345298 1422.17345298 1422.17345298 1422.17345298
 1422.17345298 1422.17345298 1422.17345298 1422.17345298 1422.17345298
 1422.17345298 1422.17345298 1422.17345298 1422.17345298 1422.17345298
 1422.17345298 1422.17345298 1422.17345298 1422.17345298 1422.17345298
 1422.17345298 1422.17345298 1419.91763231 1419.91763231 1416.76762786
 1416.76762786 1416.76762786 1403.29779462 1403.29779462 1403.29779462
 1403.29779462 1403.29779462 1403.29779462 1403.29779462 1399.24894223
 1399.24894223 1399.24894223 1399.24894223 1399.15745316 1399.15745316
 1399.15745316 1399.15745316 1399.15745316 1399.15745316 1399.15745316
 1399.15745316 1399.15745316 1399.15745316 1399.15745316 1399.15745316
 1399.15745316 1399.15745316 1399.15745316 1399.15745316 1399.15745316
 1399.15745316 1399.15745316 1399.15745316 1399.15745316 1384.83166704
 1384.83166704 1384.83166704 1384.83166704 1384.83166704 1384.83166704
 1384.83166704 1384.83166704 1384.83166704 1384.83166704 1384.83166704
 1384.83166704 1384.83166704 1384.83166704 1384.83166704 1384.83166704
 1384.83166704 1384.83166704 1384.83166704 1384.83166704 1384.83166704
 1384.83166704 1384.83166704 1384.83166704 1384.83166704 1384.83166704
 1384.83166704 1384.83166704 1384.83166704 1384.83166704 1384.83166704
 1384.83166704 1384.83166704 1384.83166704 1384.83166704 1384.83166704
 1384.83166704 1379.45705072 1379.45705072 1379.45705072 1379.45705072
 1379.45705072 1379.45705072 1379.45705072 1379.45705072 1379.45705072
 1379.45705072 1379.45705072 1379.45705072 1379.45705072 1379.45705072
 1379.45705072 1379.45705072 1379.45705072 1379.45705072 1379.45705072
 1379.45705072 1379.45705072 1379.45705072 1379.45705072 1379.45705072
 1379.45705072 1379.45705072 1379.45705072 1379.45705072 1379.45705072
 1379.45705072 1379.45705072 1379.45705072 1379.45705072 1379.45705072
 1379.45705072 1379.45705072 1379.45705072 1379.45705072 1379.45705072
 1379.45705072 1379.45705072 1379.45705072 1379.45705072 1379.45705072
 1379.45705072 1379.45705072 1379.45705072 1379.45705072 1379.45705072
 1379.45705072 1379.45705072 1379.45705072 1379.45705072 1379.45705072
 1379.45705072 1379.45705072 1379.45705072 1379.45705072 1379.45705072
 1379.45705072 1379.45705072 1379.45705072 1379.45705072 1379.45705072
 1379.45705072 1379.45705072 1379.45705072 1379.45705072 1379.45705072
 1379.45705072 1379.45705072 1379.45705072 1379.45705072 1379.45705072
 1379.45705072 1379.45705072 1379.45705072 1379.45705072 1379.45705072
 1379.45705072 1379.45705072 1379.45705072 1379.45705072 1375.98846587
 1375.98846587 1375.98846587 1375.98846587 1375.98846587 1375.98846587
 1375.98846587 1375.98846587 1375.98846587 1375.98846587 1375.98846587
 1375.98846587 1375.98846587 1375.98846587 1375.98846587 1375.98846587
 1375.98846587 1375.98846587 1375.98846587 1375.98846587 1375.98846587
 1375.98846587 1375.98846587 1375.98846587 1375.98846587 1375.98846587
 1375.98846587 1375.98846587 1375.98846587 1375.98846587 1375.98846587
 1375.98846587 1375.98846587 1375.98846587 1375.98846587 1375.98846587
 1375.98846587 1375.98846587 1375.98846587 1375.98846587 1375.98846587
 1375.98846587 1375.98846587 1375.98846587 1375.98846587 1375.98846587
 1375.98846587 1375.98846587 1375.98846587 1375.98846587 1375.98846587
 1375.98846587 1375.98846587 1375.98846587 1375.98846587 1375.98846587
 1375.98846587 1375.98846587 1375.98846587 1375.98846587 1375.98846587
 1375.98846587 1375.98846587 1375.98846587 1375.98846587 1375.98846587
 1375.98846587 1375.98846587 1375.98846587 1375.98846587 1375.98846587
 1375.98846587 1375.98846587 1375.98846587 1375.98846587 1375.98846587
 1375.98846587 1375.98846587 1375.98846587 1375.98846587 1375.98846587
 1375.98846587 1375.98846587 1375.98846587 1375.98846587 1375.98846587
 1375.98846587 1375.98846587 1375.98846587 1375.98846587 1375.98846587
 1375.98846587 1375.98846587 1375.98846587 1375.98846587 1375.98846587
 1375.98846587 1375.98846587 1375.98846587 1375.98846587 1375.98846587
 1375.98846587 1375.98846587 1375.98846587 1375.98846587 1375.98846587
 1375.98846587 1375.98846587 1375.98846587 1375.98846587 1375.98846587
 1375.98846587 1375.98846587 1375.98846587 1375.98846587 1375.98846587
 1375.98846587 1375.98846587 1375.98846587 1371.43164898 1371.43164898
 1371.43164898 1371.43164898 1371.43164898 1371.43164898 1371.43164898
 1371.43164898 1371.43164898 1371.43164898 1371.43164898 1371.43164898
 1371.43164898 1371.43164898 1371.43164898 1371.43164898 1371.43164898
 1371.43164898 1371.43164898 1371.43164898 1371.43164898 1371.43164898
 1371.43164898 1371.43164898 1371.43164898 1371.43164898 1371.43164898
 1371.43164898 1371.43164898 1371.43164898 1371.43164898 1371.43164898
 1371.43164898 1371.43164898 1371.43164898 1371.43164898 1365.75086479
 1365.75086479 1365.75086479 1365.75086479 1365.75086479 1365.75086479
 1365.75086479 1365.75086479 1365.75086479 1365.75086479 1365.75086479
 1365.75086479 1365.75086479 1365.75086479 1365.75086479 1365.75086479
 1365.75086479 1365.75086479 1365.75086479 1365.75086479 1365.75086479
 1365.75086479 1365.75086479 1365.75086479 1365.75086479 1365.75086479
 1365.75086479 1365.75086479 1365.75086479 1365.75086479 1365.75086479
 1365.75086479 1365.75086479 1365.75086479 1365.75086479 1365.75086479
 1365.75086479 1365.75086479 1365.75086479 1365.75086479 1360.50891538
 1360.50891538 1360.50891538 1355.06702158 1355.06702158 1355.06702158
 1355.06702158 1355.06702158 1355.06702158 1355.06702158 1353.99328391
 1353.99328391 1353.99328391 1353.99328391 1353.99328391 1353.99328391
 1353.99328391 1353.99328391 1353.99328391 1353.99328391 1353.99328391
 1353.99328391 1353.99328391 1353.99328391 1353.99328391 1353.99328391
 1353.99328391 1353.99328391 1353.99328391 1353.99328391 1353.99328391
 1353.99328391 1353.99328391 1353.99328391 1353.99328391 1353.99328391
 1353.99328391 1353.99328391 1353.99328391 1353.99328391 1353.99328391
 1353.99328391 1353.99328391 1353.99328391 1353.99328391 1353.99328391
 1353.99328391 1353.99328391 1353.99328391 1353.99328391 1353.99328391
 1353.99328391 1353.99328391 1353.99328391 1353.99328391 1353.99328391
 1353.99328391 1353.99328391 1353.99328391 1353.34427644 1353.34427644
 1353.34427644 1353.34427644 1353.34427644 1353.34427644 1353.34427644
 1353.34427644 1353.34427644 1353.34427644 1353.34427644 1353.34427644
 1353.34427644 1353.34427644 1353.34427644 1353.34427644 1353.34427644
 1353.34427644 1353.34427644 1353.34427644 1353.34427644 1353.34427644
 1353.34427644 1353.34427644 1353.34427644 1353.34427644 1353.34427644
 1353.34427644 1353.34427644 1353.34427644 1353.34427644 1353.34427644
 1353.34427644 1353.34427644 1353.34427644 1353.34427644 1353.34427644
 1353.34427644 1353.34427644 1353.34427644 1353.34427644 1353.34427644
 1353.34427644 1353.34427644 1353.34427644 1353.34427644 1353.34427644
 1353.34427644] 

Fitness stats feasible min: [3576.29975816 3357.29393624 3357.29393624 3357.29393624 3302.45849074
 3219.60019933 3219.60019933 3181.18521753 3068.52094122 3068.52094122
 3068.52094122 3068.52094122 3068.52094122 3068.52094122 3068.52094122
 2979.99451353 2979.99451353 2948.94651252 2825.91048479 2825.91048479
 2825.91048479 2825.91048479 2825.91048479 2686.73175578 2686.73175578
 2686.73175578 2672.78214987 2672.78214987 2672.78214987 2672.78214987
 2654.7980743  2654.7980743  2501.38894021 2402.22357669 2402.22357669
 2402.22357669 2402.22357669 2402.22357669 2379.77005612 2363.34881649
 2363.34881649 2326.79032819 2326.79032819 2184.01013257 2184.01013257
 2184.01013257 2184.01013257 2184.01013257 2184.01013257 2184.01013257
 2184.01013257 2184.01013257 2184.01013257 2184.01013257 2136.62882142
 2135.5681097  2132.87412412 2113.34643734 2056.28207283 2056.28207283
 2056.28207283 2056.28207283 2056.28207283 2051.18156218 2051.18156218
 2033.43353637 2033.43353637 2033.43353637 2033.43353637 2031.74936309
 2018.29796764 1978.68645962 1978.68645962 1978.68645962 1976.84605834
 1976.84605834 1976.84605834 1976.84605834 1963.82399293 1963.82399293
 1963.82399293 1963.82399293 1925.45982148 1925.45982148 1925.45982148
 1905.72392503 1905.72392503 1905.72392503 1905.72392503 1905.72392503
 1889.51824589 1889.51824589 1889.51824589 1889.51824589 1870.27067725
 1870.27067725 1870.27067725 1870.27067725 1870.27067725 1866.22534748
 1866.22534748 1866.22534748 1847.13919632 1847.13919632 1847.13919632
 1847.13919632 1847.13919632 1847.13919632 1832.68306566 1832.68306566
 1832.68306566 1832.68306566 1832.68306566 1832.68306566 1832.68306566
 1832.68306566 1832.68306566 1832.68306566 1832.68306566 1826.9501307
 1826.9501307  1824.13806523 1824.13806523 1824.13806523 1824.13806523
 1824.13806523 1824.13806523 1824.13806523 1824.13806523 1824.13806523
 1824.13806523 1824.13806523 1824.13806523 1824.13806523 1824.13806523
 1824.13806523 1808.77705741 1808.77705741 1808.77705741 1808.77705741
 1808.77705741 1808.77705741 1774.32213642 1759.42482897 1759.42482897
 1759.42482897 1759.42482897 1737.79122591 1737.79122591 1737.79122591
 1737.79122591 1688.43899748 1688.43899748 1669.72365765 1669.72365765
 1669.72365765 1669.72365765 1642.34369314 1642.34369314 1642.34369314
 1642.34369314 1642.34369314 1642.34369314 1642.34369314 1642.34369314
 1642.34369314 1641.34776948 1624.68456069 1624.68456069 1624.68456069
 1624.68456069 1624.68456069 1624.68456069 1613.36115277 1613.36115277
 1613.36115277 1613.36115277 1613.36115277 1613.36115277 1613.36115277
 1613.36115277 1613.36115277 1613.36115277 1613.36115277 1608.22262478
 1608.22262478 1608.22262478 1608.22262478 1608.22262478 1608.22262478
 1608.22262478 1608.22262478 1608.22262478 1608.22262478 1608.22262478
 1608.22262478 1594.95337689 1594.95337689 1594.95337689 1594.95337689
 1594.95337689 1594.95337689 1594.95337689 1594.95337689 1594.95337689
 1594.95337689 1594.95337689 1594.95337689 1594.95337689 1594.95337689
 1594.95337689 1594.95337689 1594.95337689 1594.95337689 1594.95337689
 1591.6204951  1591.6204951  1591.6204951  1591.6204951  1591.6204951
 1591.6204951  1591.6204951  1589.92588233 1589.92588233 1589.92588233
 1570.02751373 1570.02751373 1570.02751373 1570.02751373 1570.02751373
 1570.02751373 1570.02751373 1570.02751373 1570.02751373 1553.52796341
 1553.52796341 1553.52796341 1553.52796341 1553.52796341 1553.52796341
 1553.52796341 1553.52796341 1553.52796341 1553.52796341 1553.52796341
 1553.52796341 1553.52796341 1553.52796341 1553.52796341 1553.52796341
 1550.76797911 1550.76797911 1550.76797911 1550.76797911 1550.76797911
 1550.76797911 1548.50310551 1548.50310551 1548.50310551 1548.50310551
 1548.50310551 1548.50310551 1548.50310551 1548.50310551 1547.57453335
 1547.57453335 1547.57453335 1547.57453335 1546.63541656 1546.63541656
 1546.63541656 1546.63541656 1546.63541656 1546.63541656 1546.63541656
 1546.63541656 1546.63541656 1537.32660236 1537.32660236 1537.32660236
 1537.32660236 1537.32660236 1537.32660236 1513.71529682 1513.71529682
 1513.71529682 1513.71529682 1513.71529682 1513.71529682 1513.71529682
 1513.71529682 1513.71529682 1513.71529682 1513.05785242 1513.05785242
 1513.05785242 1513.05785242 1513.05785242 1513.05785242 1513.05785242
 1513.05785242 1513.05785242 1513.05785242 1513.05785242 1513.05785242
 1513.05785242 1513.05785242 1513.05785242 1513.05785242 1513.05785242
 1513.05785242 1513.05785242 1513.05785242 1513.05785242 1513.05785242
 1513.05785242 1507.2554101  1507.2554101  1507.2554101  1507.2554101
 1507.2554101  1507.2554101  1507.2554101  1507.2554101  1495.08859085
 1495.08859085 1495.08859085 1495.08859085 1495.08859085 1495.08859085
 1495.08859085 1489.28614853 1455.48910747 1455.48910747 1455.48910747
 1455.48910747 1455.48910747 1455.48910747 1455.48910747 1455.48910747
 1455.48910747 1455.48910747 1455.48910747 1455.48910747 1455.48910747
 1455.48910747 1455.48910747 1455.48910747 1455.48910747 1455.48910747
 1455.48910747 1455.48910747 1455.48910747 1455.48910747 1455.48910747
 1455.48910747 1455.48910747 1455.48910747 1455.48910747 1455.48910747
 1455.48910747 1455.48910747 1455.48910747 1455.48910747 1455.48910747
 1455.48910747 1455.48910747 1455.48910747 1455.48910747 1452.1253668
 1452.1253668  1452.1253668  1452.1253668  1452.1253668  1452.1253668
 1452.1253668  1452.1253668  1452.1253668  1452.1253668  1439.99425796
 1439.99425796 1439.99425796 1439.99425796 1439.99425796 1439.99425796
 1439.99425796 1439.99425796 1439.99425796 1439.99425796 1439.99425796
 1439.99425796 1439.99425796 1439.99425796 1439.99425796 1439.99425796
 1439.99425796 1439.99425796 1439.99425796 1439.99425796 1439.99425796
 1439.99425796 1439.99425796 1439.99425796 1439.99425796 1439.99425796
 1439.99425796 1439.99425796 1439.99425796 1439.99425796 1439.99425796
 1439.99425796 1439.99425796 1439.99425796 1439.99425796 1439.99425796
 1439.99425796 1439.99425796 1437.71126773 1437.71126773 1437.71126773
 1437.71126773 1437.71126773 1437.71126773 1437.71126773 1437.71126773
 1437.71126773 1437.71126773 1437.71126773 1437.71126773 1437.71126773
 1437.71126773 1437.71126773 1437.71126773 1437.71126773 1437.71126773
 1437.71126773 1437.71126773 1437.71126773 1437.71126773 1427.12174035
 1427.12174035 1427.12174035 1427.12174035 1427.12174035 1427.12174035
 1427.12174035 1427.12174035 1427.12174035 1427.12174035 1427.12174035
 1427.12174035 1427.12174035 1427.12174035 1427.12174035 1427.12174035
 1427.12174035 1427.12174035 1427.12174035 1427.12174035 1427.12174035
 1427.12174035 1427.12174035 1427.12174035 1427.12174035 1427.12174035
 1427.12174035 1427.12174035 1427.12174035 1427.12174035 1427.12174035
 1427.12174035 1427.12174035 1427.12174035 1427.12174035 1427.12174035
 1427.12174035 1427.12174035 1427.12174035 1427.12174035 1427.12174035
 1427.12174035 1427.12174035 1427.12174035 1427.12174035 1427.12174035
 1427.12174035 1427.12174035 1427.12174035 1427.12174035 1427.12174035
 1427.12174035 1427.12174035 1427.12174035 1427.12174035 1427.12174035
 1427.12174035 1427.12174035 1427.12174035 1427.12174035 1427.12174035
 1427.12174035 1427.12174035 1427.12174035 1427.12174035 1427.12174035
 1427.12174035 1427.12174035 1422.17345298 1422.17345298 1422.17345298
 1422.17345298 1422.17345298 1422.17345298 1422.17345298 1422.17345298
 1422.17345298 1422.17345298 1422.17345298 1422.17345298 1422.17345298
 1422.17345298 1422.17345298 1422.17345298 1422.17345298 1422.17345298
 1422.17345298 1422.17345298 1422.17345298 1422.17345298 1422.17345298
 1422.17345298 1422.17345298 1422.17345298 1422.17345298 1422.17345298
 1422.17345298 1422.17345298 1422.17345298 1422.17345298 1422.17345298
 1422.17345298 1422.17345298 1419.91763231 1419.91763231 1416.76762786
 1416.76762786 1416.76762786 1403.29779462 1403.29779462 1403.29779462
 1403.29779462 1403.29779462 1403.29779462 1403.29779462 1399.24894223
 1399.24894223 1399.24894223 1399.24894223 1399.15745316 1399.15745316
 1399.15745316 1399.15745316 1399.15745316 1399.15745316 1399.15745316
 1399.15745316 1399.15745316 1399.15745316 1399.15745316 1399.15745316
 1399.15745316 1399.15745316 1399.15745316 1399.15745316 1399.15745316
 1399.15745316 1399.15745316 1399.15745316 1399.15745316 1384.83166704
 1384.83166704 1384.83166704 1384.83166704 1384.83166704 1384.83166704
 1384.83166704 1384.83166704 1384.83166704 1384.83166704 1384.83166704
 1384.83166704 1384.83166704 1384.83166704 1384.83166704 1384.83166704
 1384.83166704 1384.83166704 1384.83166704 1384.83166704 1384.83166704
 1384.83166704 1384.83166704 1384.83166704 1384.83166704 1384.83166704
 1384.83166704 1384.83166704 1384.83166704 1384.83166704 1384.83166704
 1384.83166704 1384.83166704 1384.83166704 1384.83166704 1384.83166704
 1384.83166704 1379.45705072 1379.45705072 1379.45705072 1379.45705072
 1379.45705072 1379.45705072 1379.45705072 1379.45705072 1379.45705072
 1379.45705072 1379.45705072 1379.45705072 1379.45705072 1379.45705072
 1379.45705072 1379.45705072 1379.45705072 1379.45705072 1379.45705072
 1379.45705072 1379.45705072 1379.45705072 1379.45705072 1379.45705072
 1379.45705072 1379.45705072 1379.45705072 1379.45705072 1379.45705072
 1379.45705072 1379.45705072 1379.45705072 1379.45705072 1379.45705072
 1379.45705072 1379.45705072 1379.45705072 1379.45705072 1379.45705072
 1379.45705072 1379.45705072 1379.45705072 1379.45705072 1379.45705072
 1379.45705072 1379.45705072 1379.45705072 1379.45705072 1379.45705072
 1379.45705072 1379.45705072 1379.45705072 1379.45705072 1379.45705072
 1379.45705072 1379.45705072 1379.45705072 1379.45705072 1379.45705072
 1379.45705072 1379.45705072 1379.45705072 1379.45705072 1379.45705072
 1379.45705072 1379.45705072 1379.45705072 1379.45705072 1379.45705072
 1379.45705072 1379.45705072 1379.45705072 1379.45705072 1379.45705072
 1379.45705072 1379.45705072 1379.45705072 1379.45705072 1379.45705072
 1379.45705072 1379.45705072 1379.45705072 1379.45705072 1375.98846587
 1375.98846587 1375.98846587 1375.98846587 1375.98846587 1375.98846587
 1375.98846587 1375.98846587 1375.98846587 1375.98846587 1375.98846587
 1375.98846587 1375.98846587 1375.98846587 1375.98846587 1375.98846587
 1375.98846587 1375.98846587 1375.98846587 1375.98846587 1375.98846587
 1375.98846587 1375.98846587 1375.98846587 1375.98846587 1375.98846587
 1375.98846587 1375.98846587 1375.98846587 1375.98846587 1375.98846587
 1375.98846587 1375.98846587 1375.98846587 1375.98846587 1375.98846587
 1375.98846587 1375.98846587 1375.98846587 1375.98846587 1375.98846587
 1375.98846587 1375.98846587 1375.98846587 1375.98846587 1375.98846587
 1375.98846587 1375.98846587 1375.98846587 1375.98846587 1375.98846587
 1375.98846587 1375.98846587 1375.98846587 1375.98846587 1375.98846587
 1375.98846587 1375.98846587 1375.98846587 1375.98846587 1375.98846587
 1375.98846587 1375.98846587 1375.98846587 1375.98846587 1375.98846587
 1375.98846587 1375.98846587 1375.98846587 1375.98846587 1375.98846587
 1375.98846587 1375.98846587 1375.98846587 1375.98846587 1375.98846587
 1375.98846587 1375.98846587 1375.98846587 1375.98846587 1375.98846587
 1375.98846587 1375.98846587 1375.98846587 1375.98846587 1375.98846587
 1375.98846587 1375.98846587 1375.98846587 1375.98846587 1375.98846587
 1375.98846587 1375.98846587 1375.98846587 1375.98846587 1375.98846587
 1375.98846587 1375.98846587 1375.98846587 1375.98846587 1375.98846587
 1375.98846587 1375.98846587 1375.98846587 1375.98846587 1375.98846587
 1375.98846587 1375.98846587 1375.98846587 1375.98846587 1375.98846587
 1375.98846587 1375.98846587 1375.98846587 1375.98846587 1375.98846587
 1375.98846587 1375.98846587 1375.98846587 1371.43164898 1371.43164898
 1371.43164898 1371.43164898 1371.43164898 1371.43164898 1371.43164898
 1371.43164898 1371.43164898 1371.43164898 1371.43164898 1371.43164898
 1371.43164898 1371.43164898 1371.43164898 1371.43164898 1371.43164898
 1371.43164898 1371.43164898 1371.43164898 1371.43164898 1371.43164898
 1371.43164898 1371.43164898 1371.43164898 1371.43164898 1371.43164898
 1371.43164898 1371.43164898 1371.43164898 1371.43164898 1371.43164898
 1371.43164898 1371.43164898 1371.43164898 1371.43164898 1365.75086479
 1365.75086479 1365.75086479 1365.75086479 1365.75086479 1365.75086479
 1365.75086479 1365.75086479 1365.75086479 1365.75086479 1365.75086479
 1365.75086479 1365.75086479 1365.75086479 1365.75086479 1365.75086479
 1365.75086479 1365.75086479 1365.75086479 1365.75086479 1365.75086479
 1365.75086479 1365.75086479 1365.75086479 1365.75086479 1365.75086479
 1365.75086479 1365.75086479 1365.75086479 1365.75086479 1365.75086479
 1365.75086479 1365.75086479 1365.75086479 1365.75086479 1365.75086479
 1365.75086479 1365.75086479 1365.75086479 1365.75086479 1365.75086479
 1365.75086479 1365.75086479 1355.06702158 1355.06702158 1355.06702158
 1355.06702158 1355.06702158 1355.06702158 1355.06702158 1353.99328391
 1353.99328391 1353.99328391 1353.99328391 1353.99328391 1353.99328391
 1353.99328391 1353.99328391 1353.99328391 1353.99328391 1353.99328391
 1353.99328391 1353.99328391 1353.99328391 1353.99328391 1353.99328391
 1353.99328391 1353.99328391 1353.99328391 1353.99328391 1353.99328391
 1353.99328391 1353.99328391 1353.99328391 1353.99328391 1353.99328391
 1353.99328391 1353.99328391 1353.99328391 1353.99328391 1353.99328391
 1353.99328391 1353.99328391 1353.99328391 1353.99328391 1353.99328391
 1353.99328391 1353.99328391 1353.99328391 1353.99328391 1353.99328391
 1353.99328391 1353.99328391 1353.99328391 1353.99328391 1353.99328391
 1353.99328391 1353.99328391 1353.99328391 1353.34427644 1353.34427644
 1353.34427644 1353.34427644 1353.34427644 1353.34427644 1353.34427644
 1353.34427644 1353.34427644 1353.34427644 1353.34427644 1353.34427644
 1353.34427644 1353.34427644 1353.34427644 1353.34427644 1353.34427644
 1353.34427644 1353.34427644 1353.34427644 1353.34427644 1353.34427644
 1353.34427644 1353.34427644 1353.34427644 1353.34427644 1353.34427644
 1353.34427644 1353.34427644 1353.34427644 1353.34427644 1353.34427644
 1353.34427644 1353.34427644 1353.34427644 1353.34427644 1353.34427644
 1353.34427644 1353.34427644 1353.34427644 1353.34427644 1353.34427644
 1353.34427644 1353.34427644 1353.34427644 1353.34427644 1353.34427644
 1353.34427644] 

Fitness stats avg: [4005.22526426 3899.49130345 3827.69908776 3741.73855051 3680.89643553
 3666.16717735 3622.7753679  3559.44676431 3479.63816954 3460.99594297
 3445.96089118 3448.95789771 3402.15124239 3387.49352291 3412.85320028
 3405.04503719 3343.5921082  3347.70831993 3294.06193253 3250.43213827
 3229.36206314 3208.15497232 3198.09566336 3156.6037638  3100.98313801
 3066.66129061 3053.90059823 3052.1866376  2997.4730447  3017.31913055
 2965.73421119 2940.8497241  2912.56810157 2874.27686958 2867.4544942
 2849.86870576 2830.61366056 2797.55661394 2789.44779776 2775.51515514
 2746.01811973 2748.98814203 2721.92463442 2714.71834441 2712.26958986
 2665.52547163 2670.14258321 2651.69653202 2615.5917707  2602.78916475
 2569.7756059  2569.08900446 2548.63356994 2499.32712776 2490.39838298
 2470.25054123 2450.09808686 2412.54928952 2437.26297625 2448.88499806
 2429.43667216 2396.04765936 2395.21055925 2395.92521535 2363.560283
 2358.11082871 2342.75176548 2363.47413569 2341.57676828 2300.66141481
 2293.58786579 2297.90817386 2275.57466209 2282.64716976 2306.59796747
 2311.53431364 2298.77178359 2273.78897248 2271.28903166 2267.46642157
 2260.97604925 2244.24103872 2202.4803046  2205.07848624 2229.3161006
 2212.07386885 2199.7028823  2209.29656394 2185.43632386 2201.68590826
 2201.4488316  2173.11869287 2200.93424917 2170.07756423 2156.49698081
 2178.11582599 2190.3304193  2193.22828035 2210.42767732 2211.75053854
 2200.48322071 2184.47219615 2157.63599805 2173.3675117  2165.16977135
 2156.48441212 2149.53720278 2134.65286584 2123.1629976  2132.00081306
 2144.02653388 2167.11823935 2166.10102514 2158.1963084  2168.69710499
 2136.70504134 2133.09220087 2123.33451467 2100.66620926 2106.070712
 2104.94285466 2118.7624392  2104.97793261 2151.98057157 2142.24520578
 2183.53074188 2167.25529141 2154.48147174 2183.99570499 2204.58558052
 2188.2332947  2173.26724629 2149.26487212 2117.21106117 2113.29379586
 2079.70650082 2099.30492877 2101.00862504 2089.7015968  2080.56367449
 2083.07674991 2082.52279981 2063.70053895 2042.1008081  2023.02342245
 2015.23373958 2012.19625447 2027.74939074 2013.59271042 2002.24975542
 1998.42868469 1958.90062534 1949.24542192 1934.25122354 1940.16116303
 1961.27815611 1971.1754816  1930.9050195  1930.61434981 1976.02155335
 1975.82976327 1970.84543676 1929.1460135  1899.37501034 1887.96193282
 1889.74247713 1867.19325343 1857.07194652 1863.55511533 1839.58084348
 1868.63002773 1861.54185261 1874.0915189  1859.59877467 1853.11998967
 1897.65307019 1855.64130743 1866.08654842 1872.79393047 1809.20277222
 1796.4334637  1809.04544735 1810.57256652 1830.40901914 1836.60353456
 1828.85895395 1815.6913854  1801.94856823 1840.09935119 1800.52646807
 1834.67815381 1802.71933434 1820.57958781 1802.94806402 1793.03341271
 1775.39940482 1789.62157707 1804.18762261 1820.2249668  1801.96752459
 1824.53613116 1834.62164129 1868.68361946 1856.07458104 1838.02809073
 1821.83525717 1816.44305206 1788.81700039 1792.49029749 1785.09866544
 1806.42052517 1793.73631826 1784.25005136 1781.26989947 1779.91083138
 1777.97273792 1784.93678317 1786.00570638 1798.70780431 1798.769405
 1755.41440403 1789.14630748 1783.98192468 1815.75437846 1793.37709139
 1855.65225577 1835.02609971 1858.0186853  1833.59023955 1841.84446961
 1878.53296067 1848.2004166  1847.64389892 1812.34166215 1792.73535161
 1757.76689609 1745.28118756 1739.78452338 1737.61420203 1731.7569854
 1764.09423024 1750.42501097 1805.10545544 1767.58229339 1743.97865604
 1714.10260006 1696.20421689 1720.17403014 1745.51030004 1740.19559762
 1759.38535651 1772.3745629  1759.38364909 1759.58562375 1756.03885459
 1805.43149094 1815.22174852 1834.57483051 1835.59006045 1811.05768034
 1809.76777575 1774.08088222 1757.98356574 1789.12219659 1775.17971246
 1760.58735176 1755.49186093 1767.94237628 1754.54816231 1766.7988253
 1811.10072673 1813.06242013 1879.49941551 1919.45696009 1890.51431583
 1904.0574978  1894.90800786 1887.00164745 1891.11949615 1879.23789641
 1891.17233224 1879.7012144  1845.72648268 1824.37193813 1846.13062
 1834.11621879 1795.50830936 1766.03243955 1711.99049486 1696.19875547
 1706.08391643 1723.89108667 1751.06733003 1704.13990157 1744.42009341
 1708.65370805 1693.20548258 1697.11642639 1692.28765427 1635.79455131
 1646.15702283 1662.81917766 1668.96054314 1660.81770013 1668.41425834
 1651.07982032 1653.23881977 1670.80529232 1675.79818876 1704.81104009
 1654.94340938 1667.0852899  1670.58940005 1687.87422532 1643.22418416
 1644.49938607 1666.07704357 1693.04573828 1677.62873068 1668.22322231
 1746.87988721 1745.2000203  1746.62949472 1739.84310208 1726.32364034
 1718.01592132 1736.51664268 1727.05218788 1714.21502805 1693.38748463
 1712.56150807 1713.68653507 1693.21757635 1676.05612926 1691.66446689
 1719.70727408 1740.28381785 1751.02980175 1810.74823615 1777.36972018
 1806.93139437 1763.98520452 1734.75621384 1678.55740445 1669.35383725
 1637.77605596 1640.2954074  1637.13145681 1638.02464723 1639.20523207
 1615.319048   1658.00802581 1667.995487   1697.80722399 1684.15284151
 1659.11068369 1654.6942709  1643.35829571 1669.17604542 1678.41467103
 1638.45275284 1634.21312971 1639.28116982 1649.07761397 1689.42455819
 1682.9748328  1672.99826324 1678.12727177 1616.26226103 1618.34441445
 1646.89072045 1661.11142551 1673.87373197 1674.25802307 1683.47222301
 1655.86608253 1661.10571534 1668.61705373 1688.58348467 1689.12229616
 1666.24312262 1643.74447554 1617.7721566  1641.5976333  1623.84285368
 1626.10374382 1628.84200352 1617.65536407 1621.65719913 1651.23367634
 1687.53735413 1655.2353472  1641.68936768 1608.95426662 1606.15933253
 1617.36148999 1650.51117059 1634.66082687 1619.8963632  1661.52031587
 1652.40771553 1648.25509287 1614.30558971 1600.00467757 1598.41847553
 1600.97406558 1608.13115447 1628.76918035 1632.06963769 1619.9405265
 1623.2268069  1609.71555019 1649.45092321 1654.21194058 1614.67363446
 1602.06149693 1599.56406914 1603.15495335 1609.72936589 1616.8262622
 1642.18839378 1649.56862636 1647.99017393 1645.36730661 1621.69993862
 1606.79138891 1610.38067837 1621.31564864 1578.14903177 1582.7116918
 1609.34138352 1612.21031412 1602.31143857 1625.95227683 1598.64746223
 1600.04641159 1612.49853416 1615.59165147 1590.01582759 1567.14165975
 1599.99675412 1610.20122437 1589.16800703 1599.07128783 1609.31250877
 1605.12862239 1610.41824883 1636.87607958 1653.68035758 1613.40600715
 1572.48895405 1558.70138631 1562.73053222 1561.14551999 1610.74223686
 1628.91429882 1635.41273707 1634.77637923 1647.03663987 1637.63802901
 1614.42404222 1616.90830413 1629.80089955 1631.32367147 1631.99562075
 1643.37164308 1652.49060934 1653.0345008  1685.65218525 1685.05349554
 1705.27677797 1696.72636595 1743.01087847 1718.89746034 1697.93528007
 1703.9565358  1623.33094001 1626.3709792  1611.38532258 1621.2352933
 1617.98038752 1628.23253369 1625.46703607 1635.28203939 1625.56470355
 1638.27661785 1636.61574095 1618.26292476 1586.02415669 1587.85321832
 1555.63605244 1542.2005506  1579.8997114  1588.31403038 1606.29887555
 1601.14990935 1600.93851578 1597.389589   1567.67296027 1572.47443779
 1545.3519634  1548.08674727 1584.50173086 1568.57092591 1574.43389052
 1591.6480779  1608.30887765 1603.53317381 1599.52336896 1605.31357465
 1638.51059614 1676.77843501 1673.05830902 1682.57419897 1688.50997936
 1699.01154584 1694.77961478 1689.03624542 1680.09900655 1702.11910114
 1703.25421707 1680.97265371 1673.77286775 1678.57693922 1671.88690441
 1651.33280658 1606.17751149 1611.09344119 1594.80927743 1601.76388693
 1607.66030422 1587.44989597 1570.61987681 1582.83637824 1572.36261683
 1572.96152431 1622.85725447 1608.54551372 1662.88153057 1644.96138082
 1640.56305041 1628.62702966 1649.66924334 1650.41136129 1624.57545327
 1632.64684005 1606.72850221 1606.16432125 1637.60341291 1653.52601587
 1666.70564807 1687.28951297 1645.66366874 1648.69830098 1598.45057397
 1628.3775522  1655.19877927 1625.88799973 1628.91499899 1651.86808997
 1646.03912235 1648.64758287 1648.38555269 1641.33940326 1633.2557654
 1667.04452491 1687.97455858 1734.81841698 1687.92618418 1627.8186068
           inf 1607.08150178 1570.44724846 1544.23116836 1570.08137518
 1577.05618591 1552.04162811 1562.26555514 1558.93052861 1574.67455841
 1572.88945118 1577.05820676 1595.18949457 1559.33072015 1578.33135942
 1605.01100883 1599.81312927 1596.64185364 1613.07557218 1588.67470491
 1616.43150638 1605.12311175 1601.22147232 1564.84960058 1566.88719223
 1596.6444811  1561.56392076 1566.56301796 1525.85517116 1566.66517094
 1550.42815743 1571.26497793 1536.19841678 1542.73184015 1506.49270955
 1514.0745258  1542.95398302 1545.1045006  1535.17056316 1563.26795928
 1563.37362887 1572.96144356 1571.49637245 1588.48870211 1563.50779083
 1575.70474685 1572.41865147 1542.80413927 1543.70297228 1562.01489705
 1585.73259355 1582.97619525 1538.64944932 1562.58950282 1569.33790283
 1543.83319855 1551.81063785 1566.76432131 1565.82217573 1574.88971523
 1596.85370355 1591.62482671 1573.29480075 1587.76748032 1553.21547933
 1544.36796111 1562.21331777 1533.05375819 1554.47207862 1557.8342029
 1528.04148493 1556.70338385 1551.76532443 1542.43056369 1515.19551317
 1553.02071443 1544.88087088 1567.22831943 1541.34111588 1535.45947132
 1566.05684865 1589.13018094 1585.6057374  1539.5815751  1587.23925642
 1582.3936592  1598.72402304 1565.17843501 1592.841094   1588.7410304
 1581.85921557 1593.98973687 1593.30277125 1622.21698273 1610.03241253
 1620.41092567 1640.08545014 1665.59875108 1650.2461718  1683.13968485
 1638.71892173 1609.55676492 1626.61375045 1615.18533487 1557.3748155
 1578.00152083 1583.39099214 1579.77958404 1565.00474571 1530.19631934
 1516.52038954 1545.27912462 1600.52833822 1579.45723818 1585.44658355
 1574.33109183 1565.93339597 1554.9533027  1560.35714731 1595.74869069
 1598.91822632 1581.01272531 1535.50681186 1557.81778288 1573.41344002
 1581.57057062 1599.82835191 1569.57292563 1571.27854211 1541.79414422
 1539.01939816 1544.03147444 1568.56996474 1590.9958042  1550.61459916
 1549.59925943 1605.69959095 1598.71805923 1581.57279988 1604.46510573
 1529.73430468 1573.03656259 1600.12074199 1631.09299202 1675.42784106
 1670.19979355 1677.94508343 1635.34527313 1637.1580354  1621.11968057
 1631.46615314 1565.89451274 1569.3726154  1614.22056767 1601.61196611
 1606.31490829 1602.6618654  1615.02908718 1580.90243199 1549.19930263
 1612.56116394 1604.58471331 1580.4264983  1580.9933283  1618.13623627
 1584.030636   1587.2231768  1565.8543203  1571.63680326 1590.96139964
 1599.82338736 1605.07710074 1641.83046428 1642.11920334 1682.63199829
 1638.24828352 1665.80513276 1674.42934646 1637.51904278 1649.46273549
 1618.33929879 1585.50711365 1565.5504711  1532.27282659 1560.32786846
 1551.40639003 1566.02772095 1562.44385437 1558.04327647 1557.19798037
 1560.99665446 1529.7289531  1536.00467772 1577.62126356 1591.68032591
 1564.99612006 1571.29341359 1585.16762195 1595.05671556 1624.45214872
 1590.11037535 1565.13635841 1582.74455361 1560.41742369 1545.69088348
 1549.25430442 1565.46940683 1538.50947196 1543.62514729 1552.2133783
 1569.74984906 1606.95326802 1574.83301418 1545.4206703  1564.50128517
 1542.55557289 1567.39396721 1577.72433512 1610.72599107 1599.42148431
 1620.12871618 1597.83038561 1593.26678162 1531.39174423 1531.65179483
 1532.05593937 1520.91274139 1529.62570314 1547.62937824 1527.05210828
 1533.00121048 1530.19963973 1504.82176876 1520.45460766 1534.35272953
 1543.14059135 1572.85968512 1572.59540504 1584.90040569 1548.17722613
 1550.79122036 1583.85103841 1554.95125139 1521.36715532 1534.79700362
 1543.15526719 1549.88211767 1556.79301768 1522.6726574  1509.740321
 1512.77140648 1497.75299865 1558.24156425 1541.092849   1527.49561116
 1540.79711847 1537.85340763 1544.470742   1586.62066868 1568.37761859
 1559.21966443 1569.49358083 1542.71252918 1528.80007769 1517.07336112
 1523.83632363 1526.3397324  1534.09111202 1533.84543076 1543.35503635
 1537.57706859 1526.29178073 1567.35095287 1536.40586895 1525.13366587
 1543.12892373 1590.11945627 1594.45008082 1616.59694299 1585.73822236
 1596.69021039 1580.26157999 1567.09916691 1564.53559051 1537.4627721
 1543.45030642 1544.48170429 1560.11401548 1552.50609189 1556.6959477
 1544.74676055 1572.20403721 1561.07847886 1576.58532808 1568.27961041
 1571.61821043 1577.88868218 1563.22328638 1571.20162922 1524.9698528
 1503.95017949 1540.04239087 1533.65602605 1520.14707083 1496.91250162
 1532.38469383 1519.66092905 1515.41045495 1520.04350082 1544.37234802
 1574.42978493 1591.35035093 1565.75301252 1537.18955235 1566.35953433
 1556.48117595 1538.12045016 1544.6957712  1555.92512915 1555.30611328
 1561.4911303  1558.28973011 1597.54542702 1635.88406023 1638.06319633
 1573.06294682 1559.50292721 1549.72248485 1596.45436306 1562.64091793
 1557.52484676 1537.79235841 1548.19065208 1575.00743932 1564.72082478
 1569.00789912 1537.34165947 1517.72021312 1550.80827303 1562.97416394
 1555.7312808  1578.70526283 1579.43086323 1584.54899493 1595.73610804
 1559.38911142 1523.70138121 1547.19979337 1525.43799959 1548.74632561
 1541.32812853 1507.57109713 1544.86128708 1546.61957574 1533.21492625
 1552.61438701 1593.53209179 1603.78726901 1599.15863196 1601.32444775
 1606.43042861 1644.4529066  1641.74562438 1604.27614458 1644.75559005
 1642.54332877 1626.44464408 1605.03909065 1589.49550226 1593.69901703
 1582.83074236 1575.82843505 1595.69239626 1543.78492849 1547.95032279
 1542.37890837 1552.81243736 1553.30975264 1535.4315198  1564.53036287
 1583.65505216 1569.74810558 1580.75445608 1583.95273092 1577.71450237
 1573.55712618 1575.29172357 1559.41457396 1587.50333028 1606.46712355
 1597.63549149 1579.56856987 1587.91442772 1560.87837556 1567.87734848
 1541.66637207 1518.46506383 1511.53881313 1526.49971375 1517.53007469
 1527.80350319 1551.04165731 1588.17725934 1534.51722039 1551.38114385
 1569.42374108 1556.98035604 1559.41358687 1566.53131103 1574.71995621
 1629.88534452 1568.38541426 1576.36392791 1589.67044147 1628.09487852
 1583.58503933 1567.55649783 1554.75012551 1545.95355628 1561.50649454
 1585.55025415 1583.03311364 1559.68170307 1533.33003118 1589.09287831
 1550.52063559 1518.59570771 1550.28033493 1574.97459328 1552.70331799
 1555.42168344] 

Feasible stats: [( 0.,   0.) ( 0., 100.) ( 0., 100.) (44.,  56.) (44.,  56.) (52.,  48.)
 (52.,  48.) (32.,  68.) (32.,  68.) (30.,  70.) (30.,  70.) (29.,  71.)
 (29.,  71.) (53.,  47.) (53.,  47.) (54.,  46.) (54.,  46.) (45.,  55.)
 (45.,  55.) (45.,  55.) (45.,  55.) (46.,  54.) (46.,  54.) (44.,  56.)
 (44.,  56.) (50.,  50.) (50.,  50.) (55.,  45.) (55.,  45.) (59.,  41.)
 (59.,  41.) (49.,  51.) (49.,  51.) (45.,  55.) (45.,  55.) (56.,  44.)
 (56.,  44.) (57.,  43.) (57.,  43.) (53.,  47.) (53.,  47.) (52.,  48.)
 (52.,  48.) (52.,  48.) (52.,  48.) (48.,  52.) (48.,  52.) (37.,  63.)
 (37.,  63.) (52.,  48.) (52.,  48.) (51.,  49.) (51.,  49.) (50.,  50.)
 (50.,  50.) (63.,  37.) (63.,  37.) (57.,  43.) (57.,  43.) (75.,  25.)
 (75.,  25.) (77.,  23.) (77.,  23.) (80.,  20.) (80.,  20.) (85.,  15.)
 (85.,  15.) (84.,  16.) (84.,  16.) (81.,  19.) (81.,  19.) (89.,  11.)
 (89.,  11.) (89.,  11.) (89.,  11.) (81.,  19.) (81.,  19.) (80.,  20.)
 (80.,  20.) (74.,  26.) (74.,  26.) (75.,  25.) (75.,  25.) (74.,  26.)
 (74.,  26.) (66.,  34.) (66.,  34.) (72.,  28.) (72.,  28.) (81.,  19.)
 (81.,  19.) (81.,  19.) (81.,  19.) (85.,  15.) (85.,  15.) (82.,  18.)
 (82.,  18.) (89.,  11.) (89.,  11.) (76.,  24.) (76.,  24.) (76.,  24.)
 (76.,  24.) (73.,  27.) (73.,  27.) (75.,  25.) (75.,  25.) (82.,  18.)
 (82.,  18.) (85.,  15.) (85.,  15.) (80.,  20.) (80.,  20.) (81.,  19.)
 (81.,  19.) (84.,  16.) (84.,  16.) (75.,  25.) (75.,  25.) (84.,  16.)
 (84.,  16.) (82.,  18.) (82.,  18.) (82.,  18.) (82.,  18.) (78.,  22.)
 (78.,  22.) (87.,  13.) (87.,  13.) (76.,  24.) (76.,  24.) (75.,  25.)
 (75.,  25.) (85.,  15.) (85.,  15.) (87.,  13.) (87.,  13.) (89.,  11.)
 (89.,  11.) (85.,  15.) (85.,  15.) (92.,   8.) (92.,   8.) (86.,  14.)
 (86.,  14.) (77.,  23.) (77.,  23.) (75.,  25.) (75.,  25.) (76.,  24.)
 (76.,  24.) (78.,  22.) (78.,  22.) (81.,  19.) (81.,  19.) (74.,  26.)
 (74.,  26.) (80.,  20.) (80.,  20.) (70.,  30.) (70.,  30.) (73.,  27.)
 (73.,  27.) (74.,  26.) (74.,  26.) (82.,  18.) (82.,  18.) (81.,  19.)
 (81.,  19.) (74.,  26.) (74.,  26.) (73.,  27.) (73.,  27.) (76.,  24.)
 (76.,  24.) (74.,  26.) (74.,  26.) (82.,  18.) (82.,  18.) (82.,  18.)
 (82.,  18.) (87.,  13.) (87.,  13.) (86.,  14.) (86.,  14.) (85.,  15.)
 (85.,  15.) (92.,   8.) (92.,   8.) (88.,  12.) (88.,  12.) (91.,   9.)
 (91.,   9.) (86.,  14.) (86.,  14.) (86.,  14.) (86.,  14.) (85.,  15.)
 (85.,  15.) (82.,  18.) (82.,  18.) (82.,  18.) (82.,  18.) (92.,   8.)
 (92.,   8.) (90.,  10.) (90.,  10.) (93.,   7.) (93.,   7.) (83.,  17.)
 (83.,  17.) (92.,   8.) (92.,   8.) (83.,  17.) (83.,  17.) (93.,   7.)
 (93.,   7.) (89.,  11.) (89.,  11.) (80.,  20.) (80.,  20.) (84.,  16.)
 (84.,  16.) (90.,  10.) (90.,  10.) (85.,  15.) (85.,  15.) (88.,  12.)
 (88.,  12.) (92.,   8.) (92.,   8.) (87.,  13.) (87.,  13.) (75.,  25.)
 (75.,  25.) (75.,  25.) (75.,  25.) (86.,  14.) (86.,  14.) (90.,  10.)
 (90.,  10.) (86.,  14.) (86.,  14.) (88.,  12.) (88.,  12.) (86.,  14.)
 (86.,  14.) (92.,   8.) (92.,   8.) (88.,  12.) (88.,  12.) (89.,  11.)
 (89.,  11.) (82.,  18.) (82.,  18.) (84.,  16.) (84.,  16.) (95.,   5.)
 (95.,   5.) (86.,  14.) (86.,  14.) (86.,  14.) (86.,  14.) (78.,  22.)
 (78.,  22.) (92.,   8.) (92.,   8.) (85.,  15.) (85.,  15.) (76.,  24.)
 (76.,  24.) (89.,  11.) (89.,  11.) (77.,  23.) (77.,  23.) (79.,  21.)
 (79.,  21.) (85.,  15.) (85.,  15.) (81.,  19.) (81.,  19.) (79.,  21.)
 (79.,  21.) (86.,  14.) (86.,  14.) (85.,  15.) (85.,  15.) (88.,  12.)
 (88.,  12.) (93.,   7.) (93.,   7.) (87.,  13.) (87.,  13.) (87.,  13.)
 (87.,  13.) (92.,   8.) (92.,   8.) (93.,   7.) (93.,   7.) (83.,  17.)
 (83.,  17.) (83.,  17.) (83.,  17.) (89.,  11.) (89.,  11.) (92.,   8.)
 (92.,   8.) (87.,  13.) (87.,  13.) (89.,  11.) (89.,  11.) (91.,   9.)
 (91.,   9.) (90.,  10.) (90.,  10.) (89.,  11.) (89.,  11.) (88.,  12.)
 (88.,  12.) (97.,   3.) (97.,   3.) (94.,   6.) (94.,   6.) (85.,  15.)
 (85.,  15.) (93.,   7.) (93.,   7.) (90.,  10.) (90.,  10.) (80.,  20.)
 (80.,  20.) (89.,  11.) (89.,  11.) (91.,   9.) (91.,   9.) (89.,  11.)
 (89.,  11.) (85.,  15.) (85.,  15.) (89.,  11.) (89.,  11.) (87.,  13.)
 (87.,  13.) (81.,  19.) (81.,  19.) (86.,  14.) (86.,  14.) (81.,  19.)
 (81.,  19.) (87.,  13.) (87.,  13.) (90.,  10.) (90.,  10.) (83.,  17.)
 (83.,  17.) (88.,  12.) (88.,  12.) (86.,  14.) (86.,  14.) (83.,  17.)
 (83.,  17.) (93.,   7.) (93.,   7.) (97.,   3.) (97.,   3.) (91.,   9.)
 (91.,   9.) (87.,  13.) (87.,  13.) (89.,  11.) (89.,  11.) (85.,  15.)
 (85.,  15.) (83.,  17.) (83.,  17.) (84.,  16.) (84.,  16.) (85.,  15.)
 (85.,  15.) (91.,   9.) (91.,   9.) (84.,  16.) (84.,  16.) (92.,   8.)
 (92.,   8.) (92.,   8.) (92.,   8.) (94.,   6.) (94.,   6.) (88.,  12.)
 (88.,  12.) (89.,  11.) (89.,  11.) (95.,   5.) (95.,   5.) (90.,  10.)
 (90.,  10.) (84.,  16.) (84.,  16.) (89.,  11.) (89.,  11.) (90.,  10.)
 (90.,  10.) (92.,   8.) (92.,   8.) (92.,   8.) (92.,   8.) (83.,  17.)
 (83.,  17.) (93.,   7.) (93.,   7.) (88.,  12.) (88.,  12.) (87.,  13.)
 (87.,  13.) (93.,   7.) (93.,   7.) (93.,   7.) (93.,   7.) (97.,   3.)
 (97.,   3.) (92.,   8.) (92.,   8.) (87.,  13.) (87.,  13.) (95.,   5.)
 (95.,   5.) (90.,  10.) (90.,  10.) (92.,   8.) (92.,   8.) (93.,   7.)
 (93.,   7.) (92.,   8.) (92.,   8.) (95.,   5.) (95.,   5.) (87.,  13.)
 (87.,  13.) (81.,  19.) (81.,  19.) (88.,  12.) (88.,  12.) (90.,  10.)
 (90.,  10.) (88.,  12.) (88.,  12.) (87.,  13.) (87.,  13.) (81.,  19.)
 (81.,  19.) (87.,  13.) (87.,  13.) (92.,   8.) (92.,   8.) (95.,   5.)
 (95.,   5.) (85.,  15.) (85.,  15.) (82.,  18.) (82.,  18.) (87.,  13.)
 (87.,  13.) (90.,  10.) (90.,  10.) (95.,   5.) (95.,   5.) (95.,   5.)
 (95.,   5.) (91.,   9.) (91.,   9.) (84.,  16.) (84.,  16.) (85.,  15.)
 (85.,  15.) (91.,   9.) (91.,   9.) (96.,   4.) (96.,   4.) (91.,   9.)
 (91.,   9.) (90.,  10.) (90.,  10.) (87.,  13.) (87.,  13.) (92.,   8.)
 (92.,   8.) (87.,  13.) (87.,  13.) (85.,  15.) (85.,  15.) (90.,  10.)
 (90.,  10.) (91.,   9.) (91.,   9.) (92.,   8.) (92.,   8.) (93.,   7.)
 (93.,   7.) (98.,   2.) (98.,   2.) (93.,   7.) (93.,   7.) (90.,  10.)
 (90.,  10.) (92.,   8.) (92.,   8.) (85.,  15.) (85.,  15.) (83.,  17.)
 (83.,  17.) (84.,  16.) (84.,  16.) (83.,  17.) (83.,  17.) (80.,  20.)
 (80.,  20.) (88.,  12.) (88.,  12.) (91.,   9.) (91.,   9.) (90.,  10.)
 (90.,  10.) (82.,  18.) (82.,  18.) (86.,  14.) (86.,  14.) (88.,  12.)
 (88.,  12.) (93.,   7.) (93.,   7.) (89.,  11.) (89.,  11.) (88.,  12.)
 (88.,  12.) (86.,  14.) (86.,  14.) (92.,   8.) (92.,   8.) (91.,   9.)
 (91.,   9.) (89.,  11.) (89.,  11.) (88.,  12.) (88.,  12.) (89.,  11.)
 (89.,  11.) (93.,   7.) (93.,   7.) (88.,  12.) (88.,  12.) (83.,  17.)
 (83.,  17.) (93.,   7.) (93.,   7.) (95.,   5.) (95.,   5.) (88.,  12.)
 (88.,  12.) (88.,  12.) (88.,  12.) (80.,  20.) (80.,  20.) (84.,  16.)
 (84.,  16.) (88.,  12.) (88.,  12.) (88.,  12.) (88.,  12.) (91.,   9.)
 (91.,   9.) (83.,  17.) (83.,  17.) (86.,  14.) (86.,  14.) (90.,  10.)
 (90.,  10.) (84.,  16.) (84.,  16.) (95.,   5.) (95.,   5.) (90.,  10.)
 (90.,  10.) (84.,  16.) (84.,  16.) (96.,   4.) (96.,   4.) (85.,  15.)
 (85.,  15.) (84.,  16.) (84.,  16.) (88.,  12.) (88.,  12.) (82.,  18.)
 (82.,  18.) (91.,   9.) (91.,   9.) (87.,  13.) (87.,  13.) (93.,   7.)
 (93.,   7.) (88.,  12.) (88.,  12.) (91.,   9.) (91.,   9.) (98.,   2.)
 (98.,   2.) (92.,   8.) (92.,   8.) (92.,   8.) (92.,   8.) (94.,   6.)
 (94.,   6.) (95.,   5.) (95.,   5.) (93.,   7.) (93.,   7.) (88.,  12.)
 (88.,  12.) (90.,  10.) (90.,  10.) (87.,  13.) (87.,  13.) (88.,  12.)
 (88.,  12.) (87.,  13.) (87.,  13.) (89.,  11.) (89.,  11.) (83.,  17.)
 (83.,  17.) (83.,  17.) (83.,  17.) (92.,   8.) (92.,   8.) (93.,   7.)
 (93.,   7.) (91.,   9.) (91.,   9.) (87.,  13.) (87.,  13.) (89.,  11.)
 (89.,  11.) (86.,  14.) (86.,  14.) (90.,  10.) (90.,  10.) (96.,   4.)
 (96.,   4.) (91.,   9.) (91.,   9.) (91.,   9.) (91.,   9.) (93.,   7.)
 (93.,   7.) (85.,  15.) (85.,  15.) (92.,   8.) (92.,   8.) (88.,  12.)
 (88.,  12.) (93.,   7.) (93.,   7.) (94.,   6.) (94.,   6.) (86.,  14.)
 (86.,  14.) (87.,  13.) (87.,  13.) (86.,  14.) (86.,  14.) (88.,  12.)
 (88.,  12.) (88.,  12.) (88.,  12.) (83.,  17.) (83.,  17.) (91.,   9.)
 (91.,   9.) (91.,   9.) (91.,   9.) (96.,   4.) (96.,   4.) (89.,  11.)
 (89.,  11.) (85.,  15.) (85.,  15.) (94.,   6.) (94.,   6.) (92.,   8.)
 (92.,   8.) (88.,  12.) (88.,  12.) (94.,   6.) (94.,   6.) (86.,  14.)
 (86.,  14.) (96.,   4.) (96.,   4.) (88.,  12.) (88.,  12.) (96.,   4.)
 (96.,   4.) (90.,  10.) (90.,  10.) (87.,  13.) (87.,  13.) (90.,  10.)
 (90.,  10.) (91.,   9.) (91.,   9.) (84.,  16.) (84.,  16.) (91.,   9.)
 (91.,   9.) (87.,  13.) (87.,  13.) (89.,  11.) (89.,  11.) (93.,   7.)
 (93.,   7.) (89.,  11.) (89.,  11.) (93.,   7.) (93.,   7.) (91.,   9.)
 (91.,   9.) (86.,  14.) (86.,  14.) (91.,   9.) (91.,   9.) (82.,  18.)
 (82.,  18.) (86.,  14.) (86.,  14.) (87.,  13.) (87.,  13.) (88.,  12.)
 (88.,  12.) (84.,  16.) (84.,  16.) (76.,  24.) (76.,  24.) (86.,  14.)
 (86.,  14.) (88.,  12.) (88.,  12.) (82.,  18.) (82.,  18.) (79.,  21.)
 (79.,  21.) (84.,  16.) (84.,  16.) (89.,  11.) (89.,  11.) (94.,   6.)
 (94.,   6.) (91.,   9.) (91.,   9.) (89.,  11.) (89.,  11.) (89.,  11.)
 (89.,  11.) (90.,  10.) (90.,  10.) (87.,  13.) (87.,  13.) (88.,  12.)
 (88.,  12.) (82.,  18.) (82.,  18.) (81.,  19.) (81.,  19.) (91.,   9.)
 (91.,   9.) (91.,   9.) (91.,   9.) (91.,   9.) (91.,   9.) (92.,   8.)
 (92.,   8.) (93.,   7.) (93.,   7.) (87.,  13.) (87.,  13.) (90.,  10.)
 (90.,  10.) (88.,  12.) (88.,  12.) (86.,  14.) (86.,  14.) (82.,  18.)
 (82.,  18.) (91.,   9.) (91.,   9.) (91.,   9.) (91.,   9.) (82.,  18.)
 (82.,  18.) (84.,  16.) (84.,  16.) (90.,  10.) (90.,  10.) (89.,  11.)
 (89.,  11.) (85.,  15.) (85.,  15.) (88.,  12.) (88.,  12.) (81.,  19.)
 (81.,  19.) (89.,  11.) (89.,  11.) (91.,   9.) (91.,   9.) (89.,  11.)
 (89.,  11.) (86.,  14.) (86.,  14.) (97.,   3.) (97.,   3.) (90.,  10.)
 (90.,  10.) (84.,  16.) (84.,  16.) (96.,   4.) (96.,   4.) (92.,   8.)
 (92.,   8.) (90.,  10.) (90.,  10.) (91.,   9.) (91.,   9.) (89.,  11.)
 (89.,  11.) (92.,   8.) (92.,   8.) (91.,   9.) (91.,   9.) (90.,  10.)
 (90.,  10.) (88.,  12.) (88.,  12.) (94.,   6.) (94.,   6.) (92.,   8.)
 (92.,   8.) (86.,  14.) (86.,  14.) (84.,  16.) (84.,  16.) (82.,  18.)
 (82.,  18.) (89.,  11.) (89.,  11.) (87.,  13.) (87.,  13.) (90.,  10.)
 (90.,  10.) (88.,  12.) (88.,  12.) (86.,  14.) (86.,  14.) (81.,  19.)
 (81.,  19.) (73.,  27.) (73.,  27.) (73.,  27.) (73.,  27.) (86.,  14.)
 (86.,  14.) (87.,  13.) (87.,  13.) (90.,  10.) (90.,  10.) (91.,   9.)
 (91.,   9.) (85.,  15.) (85.,  15.) (93.,   7.) (93.,   7.) (91.,   9.)
 (91.,   9.) (82.,  18.) (82.,  18.) (87.,  13.) (87.,  13.) (92.,   8.)
 (92.,   8.) (86.,  14.) (86.,  14.) (89.,  11.) (89.,  11.) (87.,  13.)
 (87.,  13.) (85.,  15.) (85.,  15.) (85.,  15.) (85.,  15.) (87.,  13.)
 (87.,  13.) (91.,   9.) (91.,   9.) (93.,   7.) (93.,   7.) (92.,   8.)
 (92.,   8.) (91.,   9.) (91.,   9.) (92.,   8.) (92.,   8.) (80.,  20.)
 (80.,  20.) (81.,  19.) (81.,  19.) (69.,  31.) (69.,  31.) (85.,  15.)
 (85.,  15.) (89.,  11.) (89.,  11.) (88.,  12.) (88.,  12.) (78.,  22.)
 (78.,  22.) (78.,  22.) (78.,  22.) (85.,  15.) (85.,  15.) (89.,  11.)
 (89.,  11.) (89.,  11.) (89.,  11.) (82.,  18.) (82.,  18.) (81.,  19.)
 (81.,  19.) (92.,   8.) (92.,   8.) (85.,  15.) (85.,  15.) (85.,  15.)
 (85.,  15.) (96.,   4.) (96.,   4.) (89.,  11.) (89.,  11.) (88.,  12.)
 (88.,  12.) (95.,   5.) (95.,   5.) (93.,   7.) (93.,   7.) (92.,   8.)
 (92.,   8.) (89.,  11.) (89.,  11.) (84.,  16.) (84.,  16.) (86.,  14.)
 (86.,  14.) (86.,  14.) (86.,  14.) (88.,  12.) (88.,  12.) (89.,  11.)
 (89.,  11.) (95.,   5.) (95.,   5.) (92.,   8.) (92.,   8.) (93.,   7.)
 (93.,   7.) (85.,  15.) (85.,  15.) (90.,  10.) (90.,  10.) (92.,   8.)
 (92.,   8.) (83.,  17.) (83.,  17.) (80.,  20.) (80.,  20.) (77.,  23.)
 (77.,  23.) (78.,  22.) (78.,  22.) (84.,  16.) (84.,  16.) (89.,  11.)
 (89.,  11.) (92.,   8.) (92.,   8.) (91.,   9.) (91.,   9.) (88.,  12.)
 (88.,  12.) (95.,   5.) (95.,   5.) (88.,  12.) (88.,  12.)] 
Solution Description: 
p: [  0.          78.51470843 139.9797077  172.66936199 188.35328285
 320.52601853 328.96216332 342.64357568 363.53789939 377.85960836
 390.56623293 390.56743545   0.          11.41460818  23.16178801
  43.30090348  82.61180463  93.47695048 108.64298051 132.10176794
 150.77915416 236.70612238 265.26886258 293.80073855 309.75649017
 310.54710102 322.67077538   0.          61.19418044  62.05442212
  62.30055695  95.50294741 127.92862627 166.5713178  189.47730282
 190.08357154 219.37222836 271.5435892  272.90273099 336.40507945
 354.21784378 373.13666566 377.14910285 477.10276128 521.85239294
 526.38332447   0.          10.51101384  56.15192103  68.95083203
  79.07483324 113.72274114] 
pred: [ 0  0  0  0  0  0  0  6  6  6  6  6  0  0  0  2  2  2  2  2  7  7  7  7
  7  7  7  0  0  0  0  0  3  3  4  4  4  4  4 11 11 11 11 15 15 15  0  0
  0  0  0  0] 
distance [  0.          78.51470843 139.9797077  172.66936199 188.35328285
 320.52601853 328.96216332  13.68141235  34.57573607  48.89744503
  61.6040696   61.60527213   0.          11.41460818  23.16178801
  20.13911547  59.45001662  70.31516246  85.48119249 108.93997993
  18.67738622 104.60435443 133.16709463 161.69897061 177.65472223
 178.44533308 190.56900743   0.          61.19418044  62.05442212
  62.30055695  95.50294741  65.62806933 104.27076086  93.97435542
  94.58062414 123.86928096 176.04064179 177.39978358  63.50234846
  81.31511279 100.23393467 104.24637186  99.95365842 144.70329008
 149.23422162   0.          10.51101384  56.15192103  68.95083203
  79.07483324 113.72274114]
load: [  0  22  41  51  59  62  83  14  27  30  43  54   0  18  25  25  30  40
  56  72  22  35  48  67  92 116 132   0   5  14  23  33  16  30  24  38
  55  60  85  20  40  56  68  19  28  40   0   8  29  35  50  65] 
time: [  0.          75.         169.         266.75301427 289.14526131
 368.9877919  449.81810658 159.         173.4613902  195.87287946
 219.99559284 322.           0.          90.         397.
 130.         160.         414.         443.16015238 483.3964008
 182.         231.49654929 375.         406.44105189 425.2214119
 459.         518.10459408   0.         204.         340.
 359.24049641 391.37562873 357.24520703 379.01056845 341.2602819
 380.81271607 434.         475.95303324 534.60312924 198.
 215.24054306 245.03135234 399.          72.         123.15799758
 317.           0.         121.         156.03476658 271.
 443.         485.92676098] 
time warps: [0 0 0 0 0 0 0 0 0 0 0 0 0 0 0 0 0 0 0 0 0 0 0 0 0 0 0 0 0 0 0 0 0 0 0 0 0
 0 0 0 0 0 0 0 0 0 0 0 0 0 0 0] 
duration: [  0.         103.51470843 220.09923223 259.78888652 285.47280739
 430.64554307 462.08168786  17.68141235  45.57573607  63.89744503
  82.6040696  179.9824579    0.          12.41460818 328.27441907
  29.13911547  86.64422529 340.47913198 376.64516201 423.10394944
  24.67738622 132.60435443 275.79685808 314.32873405 334.28448567
 366.72088391 379.84455826   0.          85.19418044 200.37066752
 206.61680234 252.8191928   80.62806933 123.27076086 161.208994
 181.81526272 235.14337075 290.31473159 309.67387338  71.50234846
  94.31511279 123.23393467 251.09063765 120.95365842 167.70329008
 332.70578374   0.          17.51101384  73.15192103 194.2257766
 379.66247351 432.31038141]

All individuals: [(75, [11, 14, 18,  5, 42, 46, 31, 41, 19, 22, 35,  9, 44,  7, 37, 10, 11, 45,  6, 48,  3, 27, 34, 39, 30, 24, 21, 43, 32,  4, 14, 28, 36, 26, 25, 15, 23, 18, 17, 16, 29,  8, 20,  1, 33, 13,  5,  2, 47, 12, 38, 40], 1353.34427644, 1457.6150373 , 0.,  0.        ,  0.        , 0., 0, 0, 0.)
 (75, [11, 14, 18,  5, 42, 46, 31, 41, 19, 22, 35,  9, 44,  7, 37, 10, 11, 45,  6, 48,  3, 27, 34, 39, 30, 24, 21, 43, 32,  4, 14, 28, 36, 26, 25, 15, 23, 18, 17, 16, 29,  8, 20,  1, 33, 13,  5,  2, 47, 12, 38, 40], 1353.34427644, 1457.6150373 , 0.,  0.        ,  0.        , 0., 0, 0, 0.)
 (75, [11, 14, 18,  5, 42, 46, 31, 41, 19, 22, 35,  9, 44,  7, 37, 10, 11, 45,  6, 48,  3, 27, 34, 39, 30, 24, 21, 43, 32,  4, 14, 28, 36, 26, 25, 15, 23, 18, 17, 16, 29,  8, 20,  1, 33, 13,  5,  2, 47, 12, 38, 40], 1353.34427644, 1457.6150373 , 0.,  0.        ,  0.        , 0., 0, 0, 0.)
 (75, [11, 14, 18,  5, 42, 46, 31, 41, 19, 22, 35,  9, 44,  7, 37, 10, 11, 45,  6, 48,  3, 27, 34, 39, 30, 24, 21, 43, 32,  4, 14, 28, 36, 26, 25, 15, 23, 18, 17, 16, 29,  8, 20,  1, 33, 13,  5,  2, 47, 12, 38, 40], 1353.34427644, 1457.6150373 , 0.,  0.        ,  0.        , 0., 0, 0, 0.)
 (75, [11, 14, 18,  5, 42, 46, 31, 41, 19, 22, 35,  9, 44,  7, 37, 10, 11, 45,  6, 48,  3, 27, 34, 39, 30, 24, 21, 43, 32,  4, 14, 28, 36, 26, 25, 15, 23, 18, 17, 16, 29,  8, 20,  1, 33, 13,  5,  2, 47, 12, 38, 40], 1353.34427644, 1457.6150373 , 0.,  0.        ,  0.        , 0., 0, 0, 0.)
 (75, [11, 14, 18,  5, 42, 46, 31, 41, 19, 22, 35,  9, 44,  7, 37, 10, 11, 45,  6, 48,  3, 27, 34, 39, 30, 24, 21, 43, 32,  4, 14, 28, 36, 26, 25, 15, 23, 18, 17, 16, 29,  8, 20,  1, 33, 13,  5,  2, 47, 12, 38, 40], 1353.34427644, 1457.6150373 , 0.,  0.        ,  0.        , 0., 0, 0, 0.)
 (75, [11, 14, 18,  5, 42, 46, 31, 41, 19, 22, 35,  9, 44,  7, 37, 10, 11, 45,  6, 48,  3, 27, 34, 39, 30, 24, 21, 43, 32,  4, 14, 28, 36, 26, 25, 15, 23, 18, 17, 16, 29,  8, 20,  1, 33, 13,  5,  2, 47, 12, 38, 40], 1353.34427644, 1457.6150373 , 0.,  0.        ,  0.        , 0., 0, 0, 0.)
 (75, [11, 14, 18,  5, 42, 46, 31, 41, 19, 22, 35,  9, 44,  7, 37, 10, 11, 45,  6, 48,  3, 27, 34, 39, 30, 24, 21, 43, 32,  4, 14, 28, 36, 26, 25, 15, 23, 18, 17, 16, 29,  8, 20,  1, 33, 13,  5,  2, 47, 12, 38, 40], 1353.34427644, 1457.6150373 , 0.,  0.        ,  0.        , 0., 0, 0, 0.)
 (75, [11, 14, 18,  5, 42, 46, 31, 41, 19, 22, 35,  9, 44,  7, 37, 10, 11, 45,  6, 48,  3, 27, 34, 39, 30, 24, 21, 43, 32,  4, 14, 28, 36, 26, 25, 15, 23, 18, 17, 16, 29,  8, 20,  1, 33, 13,  5,  2, 47, 12, 38, 40], 1353.34427644, 1457.6150373 , 0.,  0.        ,  0.        , 0., 0, 0, 0.)
 (75, [11, 14, 18,  5, 42, 46, 31, 41, 19, 22, 35,  9, 44,  7, 37, 10, 11, 45,  6, 48,  3, 27, 34, 39, 30, 24, 21, 43, 32,  4, 14, 28, 36, 26, 25, 15, 23, 18, 17, 16, 29,  8, 20,  1, 33, 13,  5,  2, 47, 12, 38, 40], 1353.34427644, 1457.6150373 , 0.,  0.        ,  0.        , 0., 0, 0, 0.)
 (75, [11, 14, 18,  5, 42, 46, 31, 41, 19, 22, 35,  9, 44,  7, 37, 10, 11, 45,  6, 48,  3, 27, 34, 39, 30, 24, 21, 43, 32,  4, 14, 28, 36, 26, 25, 15, 23, 18, 17, 16, 29,  8, 20,  1, 33, 13,  5,  2, 47, 12, 38, 40], 1353.34427644, 1457.6150373 , 0.,  0.        ,  0.        , 0., 0, 0, 0.)
 (75, [11, 14, 18,  5, 42, 46, 31, 41, 19, 22, 35,  9, 44,  7, 37, 10, 11, 45,  6, 48,  3, 27, 34, 39, 30, 24, 21, 43, 32,  4, 14, 28, 36, 26, 25, 15, 23, 18, 17, 16, 29,  8, 20,  1, 33, 13,  5,  2, 47, 12, 38, 40], 1353.34427644, 1457.6150373 , 0.,  0.        ,  0.        , 0., 0, 0, 0.)
 (75, [11, 14, 18,  5, 42, 46, 31, 41, 19, 22, 35,  9, 44,  7, 37, 10, 11, 45,  6, 48,  3, 27, 34, 39, 30, 24, 21, 43, 32,  4, 14, 28, 36, 26, 25, 15, 23, 18, 17, 16, 29,  8, 20,  1, 33, 13,  5,  2, 47, 12, 38, 40], 1353.34427644, 1457.6150373 , 0.,  0.        ,  0.        , 0., 0, 0, 0.)
 (75, [11, 14, 18,  5, 42, 46, 31, 41, 19, 22, 35,  9, 44,  7, 37, 10, 11, 45,  6, 48,  3, 27, 34, 39, 30, 24, 21, 43, 32,  4, 14, 28, 36, 26, 25, 15, 23, 18, 17, 16, 29,  8, 20,  1, 33, 13,  5,  2, 47, 12, 38, 40], 1353.34427644, 1457.6150373 , 0.,  0.        ,  0.        , 0., 0, 0, 0.)
 (75, [11, 14, 18,  5, 42, 46, 31, 41, 19, 22, 35,  9, 44,  7, 37, 10, 11, 45,  6, 48,  3, 27, 34, 39, 30, 24, 21, 43, 32,  4, 14, 28, 36, 26, 25, 15, 23, 18, 17, 16, 29,  8, 20,  1, 33, 13,  5,  2, 47, 12, 38, 40], 1353.34427644, 1457.6150373 , 0.,  0.        ,  0.        , 0., 0, 0, 0.)
 (75, [11, 14, 18,  5, 42, 46, 31, 41, 19, 22, 35,  9, 44,  7, 37, 10, 11, 45,  6, 48,  3, 27, 34, 39, 30, 24, 21, 43, 32,  4, 14, 28, 36, 26, 25, 15, 23, 18, 17, 16, 29,  8, 20,  1, 33, 13,  5,  2, 47, 12, 38, 40], 1353.34427644, 1457.6150373 , 0.,  0.        ,  0.        , 0., 0, 0, 0.)
 (75, [11, 14, 18,  5, 42, 46, 31, 41, 19, 22, 35,  9, 44,  7, 37, 10, 11, 45,  6, 48,  3, 27, 34, 39, 30, 24, 21, 43, 32,  4, 14, 28, 36, 26, 25, 15, 23, 18, 17, 16, 29,  8, 20,  1, 33, 13,  5,  2, 47, 12, 38, 40], 1353.34427644, 1457.6150373 , 0.,  0.        ,  0.        , 0., 0, 0, 0.)
 (75, [11, 14, 18,  5, 42, 46, 31, 41, 19, 22, 35,  9, 44,  7, 37, 10, 11, 45,  6, 48,  3, 27, 34, 39, 30, 24, 21, 43, 32,  4, 14, 28, 36, 26, 25, 15, 23, 18, 17, 16, 29,  8, 20,  1, 33, 13,  5,  2, 47, 12, 38, 40], 1353.34427644, 1457.6150373 , 0.,  0.        ,  0.        , 0., 0, 0, 0.)
 (75, [11, 14, 18,  5, 42, 46, 31, 41, 19, 22, 35,  9, 44,  7, 37, 10, 11, 45,  6, 48,  3, 27, 34, 39, 30, 24, 21, 43, 32,  4, 14, 28, 36, 26, 25, 15, 23, 18, 17, 16, 29,  8, 20,  1, 33, 13,  5,  2, 47, 12, 38, 40], 1353.34427644, 1457.6150373 , 0.,  0.        ,  0.        , 0., 0, 0, 0.)
 (75, [11, 14, 18,  5, 42, 46, 31, 41, 19, 22, 35,  9, 44,  7, 37, 10, 11, 45,  6, 48,  3, 27, 34, 39, 30, 24, 21, 43, 32,  4, 14, 28, 36, 26, 25, 15, 23, 18, 17, 16, 29,  8, 20,  1, 33, 13,  5,  2, 47, 12, 38, 40], 1353.34427644, 1457.6150373 , 0.,  0.        ,  0.        , 0., 0, 0, 0.)
 (75, [11, 14, 18,  5, 42, 46, 31, 41, 19, 22, 35,  9, 44,  7, 37, 10, 11, 45,  6, 48,  3, 27, 34, 39, 30, 24, 21, 43, 32,  4, 14, 28, 36, 26, 25, 15, 23, 18, 17, 16, 29,  8, 20,  1, 33, 13,  5,  2, 47, 12, 38, 40], 1353.34427644, 1457.6150373 , 0.,  0.        ,  0.        , 0., 0, 0, 0.)
 (75, [11, 14, 18,  5, 42, 46, 31, 41, 19, 22, 35,  9, 44,  7, 37, 10, 11, 45,  6, 48,  3, 27, 34, 39, 30, 24, 21, 43, 32,  4, 14, 28, 36, 26, 25, 15, 23, 18, 17, 16, 29,  8, 20,  1, 33, 13,  5,  2, 47, 12, 38, 40], 1353.34427644, 1457.6150373 , 0.,  0.        ,  0.        , 0., 0, 0, 0.)
 (75, [11, 14, 18,  5, 42, 46, 31, 41, 19, 22, 35,  9, 44,  7, 37, 10, 11, 45,  6, 48,  3, 27, 34, 39, 30, 24, 21, 43, 32,  4, 14, 28, 36, 26, 25, 15, 23, 18, 17, 16, 29,  8, 20,  1, 33, 13,  5,  2, 47, 12, 38, 40], 1353.34427644, 1457.6150373 , 0.,  0.        ,  0.        , 0., 0, 0, 0.)
 (75, [11, 14, 18,  5, 42, 46, 31, 41, 19, 22, 35,  9, 44,  7, 37, 10, 11, 45,  6, 48,  3, 27, 34, 39, 30, 24, 21, 43, 32,  4, 14, 28, 36, 26, 25, 15, 23, 18, 17, 16, 29,  8, 20,  1, 33, 13,  5,  2, 47, 12, 38, 40], 1353.34427644, 1457.6150373 , 0.,  0.        ,  0.        , 0., 0, 0, 0.)
 (75, [11, 14, 18,  5, 42, 46, 31, 41, 19, 22, 35,  9, 44,  7, 37, 10, 11, 45,  6, 48,  3, 27, 34, 39, 30, 24, 21, 43, 32,  4, 14, 28, 36, 26, 25, 15, 23, 18, 17, 16, 29,  8, 20,  1, 33, 13,  5,  2, 47, 12, 38, 40], 1353.34427644, 1457.6150373 , 0.,  0.        ,  0.        , 0., 0, 0, 0.)
 (75, [11, 14, 18,  5, 42, 46, 31, 41, 19, 22, 35,  9, 44,  7, 37, 11, 45,  6, 48,  3, 27, 10, 34, 39, 30, 24, 21, 43, 32,  4, 14, 28, 36, 26, 25, 15, 23, 18, 17, 16, 29,  8, 20,  1, 33, 13,  5,  2, 47, 12, 38, 40], 1356.86987954, 1461.1406404 , 0.,  0.        ,  0.        , 0., 0, 0, 0.)
 (75, [11, 14, 18,  5, 42, 46, 41, 19, 22, 35,  9, 31, 44,  7, 37, 10, 11, 45,  6, 48,  3, 27, 34, 39, 30, 24, 21, 43, 32,  4, 14, 28, 36, 26, 25, 15, 23, 18, 17, 16, 29,  8, 20,  1, 33, 13,  5,  2, 47, 12, 38, 40], 1365.70292855, 1469.97368941, 0.,  0.        ,  0.        , 0., 0, 0, 0.)
 (75, [11, 14, 18,  5, 42, 46, 31, 41, 19, 22, 37,  9, 44,  7, 35, 10, 11, 45,  6, 48,  3, 27, 34, 39, 30, 24, 21, 43, 32,  4, 14, 28, 36, 26, 25, 15, 23, 18, 17, 16, 29,  8, 20,  1, 33, 13,  5,  2, 47, 12, 38, 40], 1369.09611776, 1473.36687862, 0.,  0.        ,  0.        , 0., 0, 0, 0.)
 (75, [11, 14, 18,  5, 42, 46, 31, 41, 19, 22, 35,  9, 44,  7, 37, 10, 11, 45,  6, 48,  3, 27, 34, 39, 30, 24, 21, 43, 32, 14,  4, 28, 36, 26, 25, 15, 23, 18, 17, 16, 29,  8, 20,  1, 33, 13,  5,  2, 47, 12, 38, 40], 1388.87348279, 1449.45129593, 0.,  0.        ,  0.        , 0., 0, 0, 0.)
 (75, [11, 14, 18,  5, 42, 46, 41, 19, 22, 31, 35,  9, 44,  7, 37, 10, 11, 45,  6, 48,  3, 27, 34, 39, 30, 24, 21, 43, 32,  4, 14, 28, 36, 26, 25, 15, 23, 18, 17, 16, 29,  8, 20,  1, 33, 13,  5,  2, 47, 12, 38, 40], 1390.91406203, 1502.04565027, 0.,  0.        ,  0.        , 0., 0, 0, 0.)
 (75, [11, 14, 18,  5, 42, 46, 31, 41, 19, 22, 35,  9, 44,  7, 37, 32, 11, 45,  6, 48,  3, 27, 34, 39, 30, 24, 21, 43, 10,  4, 14, 28, 36, 26, 25, 15, 23, 18, 17, 16, 29,  8, 20,  1, 33, 13,  5,  2, 47, 12, 38, 40], 1411.86502768, 1516.13578854, 0.,  0.        ,  0.        , 0., 0, 0, 0.)
 (75, [11, 14, 18,  5, 42, 46, 31, 41, 19, 22, 35,  9, 44,  7, 37, 32, 11, 45,  6, 48,  3, 27, 34, 39, 30, 24, 21, 43, 10,  4, 14, 28, 36, 26, 25, 15, 23, 18, 17, 16, 29,  8, 20,  1, 33, 13,  5,  2, 47, 12, 38, 40], 1411.86502768, 1516.13578854, 0.,  0.        ,  0.        , 0., 0, 0, 0.)
 (75, [11, 14, 18,  5, 42, 46, 31, 41, 19, 22, 35,  9, 44,  7, 37, 10, 11, 45,  6, 48,  3, 27, 34, 39, 30, 24, 21, 43, 32,  4, 14, 28, 36, 26, 25, 15, 23, 18, 17, 16, 29,  8,  1, 20, 33, 13,  5,  2, 47, 12, 38, 40], 1412.95731296, 1517.22807381, 0.,  0.        ,  0.        , 0., 0, 0, 0.)
 (75, [11, 14, 18,  5, 42, 46, 31, 41, 19, 22, 35,  9, 44,  7, 37, 10, 11, 45,  6, 48,  3, 27, 34, 39, 30, 24, 21, 43, 32,  4, 14, 28, 36, 26, 25, 15, 23, 18, 17, 16, 29,  8,  1, 20, 33, 13,  5,  2, 47, 12, 38, 40], 1412.95731296, 1517.22807381, 0.,  0.        ,  0.        , 0., 0, 0, 0.)
 (75, [11, 14, 18,  5, 42, 46, 31, 41, 19, 22, 35,  9, 44,  7, 37, 10, 11, 45,  6, 48,  3, 27, 34, 39, 30, 24, 21, 43, 32,  4, 14, 28, 36, 26, 25, 15, 23, 18, 17, 16, 29,  8,  1, 20, 33, 13,  5,  2, 47, 12, 38, 40], 1412.95731296, 1517.22807381, 0.,  0.        ,  0.        , 0., 0, 0, 0.)
 (75, [11, 14, 18,  5, 42, 46, 31, 41, 19, 22, 35,  9, 44,  7, 37, 10, 32, 45,  6, 48,  3, 27, 34, 39, 30, 24, 21, 43, 11,  4, 14, 28, 36, 26, 25, 15, 23, 18, 17, 16, 29,  8, 20,  1, 33, 13,  5,  2, 47, 12, 38, 40], 1414.89062753, 1519.16138839, 0.,  0.        ,  0.        , 0., 0, 0, 0.)
 (75, [11, 14, 18,  5, 42, 46, 31, 41, 19, 22, 35,  9, 44,  7, 37, 10, 11, 45,  6, 48,  3, 27, 34, 39, 30, 24, 21, 43, 32,  4, 14, 28, 36, 26, 25, 15, 23, 18, 17, 16, 29,  8, 20,  1, 33, 13,  5,  2, 47, 40, 38, 12], 1415.48820624, 1519.7589671 , 0.,  0.        ,  0.        , 0., 0, 0, 0.)
 (75, [11, 14, 18,  5, 42, 46, 31, 41, 19, 22, 35,  9, 44,  7, 37, 10, 11, 45,  6, 48,  3, 27, 34, 39, 30, 24, 21, 43, 32,  4, 14, 28, 36, 26, 25, 15, 23, 18, 17, 16, 29,  8, 20,  1, 33, 13,  5,  2, 47, 40, 38, 12], 1415.48820624, 1519.7589671 , 0.,  0.        ,  0.        , 0., 0, 0, 0.)
 (75, [11, 14, 18,  5, 42, 46, 31, 41, 19, 22, 35,  9, 44,  7, 37, 10, 32, 11, 45,  6, 48,  3, 27, 34, 39, 21, 24, 30, 43,  4, 14, 28, 36, 26, 25, 15, 23, 18, 17, 16, 29,  8, 20,  1, 33, 13,  5,  2, 47, 12, 38, 40], 1425.23132089, 1529.50208174, 0.,  0.        ,  0.        , 0., 0, 0, 0.)
 (75, [11, 14, 18,  5, 42, 46, 41, 19, 31, 22, 35,  9, 44,  7, 37, 10, 11, 45,  6, 48,  3, 27, 34, 39, 30, 24, 21, 43, 32,  4, 14, 28, 36, 26, 25, 15, 23, 18, 17, 16, 29,  8, 20,  1, 33, 13,  5,  2, 47, 12, 38, 40], 1427.36020863, 1531.63096949, 0.,  0.        ,  0.        , 0., 0, 0, 0.)
 (75, [11, 14, 18,  5, 42, 46, 31, 41, 19, 35,  9, 44,  7, 37, 10, 11, 22, 45,  6, 48,  3, 27, 34, 39, 30, 24, 21, 43, 32, 14,  4, 28, 36, 26, 25, 15, 23, 18, 17, 16, 29,  8, 20,  1, 33, 13,  5,  2, 47, 12, 38, 40], 1441.84214291, 1502.41995605, 0.,  0.        ,  0.        , 0., 0, 0, 0.)
 (75, [11, 13, 19,  5, 42, 46, 31, 41, 19, 22, 35, 32, 44,  7, 37, 10, 11, 45,  6, 48,  3, 27, 34, 39, 30, 24, 21, 43,  9,  4, 14, 28, 36, 26, 25, 15, 23, 18, 17, 16, 29,  8, 20,  1, 33, 13,  5,  2, 47, 12, 38, 40], 1461.68892785, 1565.95968871, 0.,  0.        ,  0.        , 0., 0, 0, 0.)
 (75, [11, 14, 18,  5, 42, 46, 31, 41, 19, 22, 35,  9, 44,  7, 37, 11, 45,  6, 48,  3, 32, 27, 34, 39, 30, 24, 21, 43, 10,  4, 14, 28, 36, 26, 25, 15, 23, 18, 17, 16, 29,  8, 20,  1, 33, 13,  5,  2, 47, 12, 38, 40], 1466.91079272, 1571.18155358, 0.,  0.        ,  0.        , 0., 0, 0, 0.)
 (75, [11, 14, 18,  5, 46, 42, 41, 19, 22, 31, 35,  9, 44,  7, 37, 10, 11, 45,  6, 48,  3, 27, 34, 39, 30, 24, 21, 43, 32,  4, 14, 28, 36, 26, 25, 15, 23, 18, 17, 16, 29,  8, 20,  1, 33, 13,  5,  2, 47, 12, 38, 40], 1469.88273624, 1581.01432448, 0.,  0.        ,  0.        , 0., 0, 0, 0.)
 (75, [11, 14, 18,  5, 42, 46, 31, 41, 19, 22, 35,  9, 44,  7, 37, 10, 11, 45,  6, 48,  3, 27, 39, 34, 30, 24, 21, 43, 32, 14,  4, 28, 36, 26, 25, 15, 23, 18, 17, 16, 29,  8, 20,  1, 33, 13,  5,  2, 47, 12, 38, 40], 1470.74810064, 1531.32591379, 0.,  0.        ,  0.        , 0., 0, 0, 0.)
 (75, [11, 14, 18,  5, 42, 46, 31, 41, 19, 22, 35,  9, 44,  7, 37, 10, 11, 45,  6, 48,  3, 27, 39, 34, 30, 24, 21, 43, 32, 14,  4, 28, 36, 26, 25, 15, 23, 18, 17, 16, 29,  8, 20,  1, 33, 13,  5,  2, 47, 12, 38, 40], 1470.74810064, 1531.32591379, 0.,  0.        ,  0.        , 0., 0, 0, 0.)
 (75, [11, 14, 18,  5, 42, 46, 45, 41, 19, 22, 35,  9, 44,  7, 37, 10, 11, 31,  6, 48,  3, 27, 34, 39, 30, 24, 21, 43, 32,  4, 14, 28, 36, 26, 25, 15, 23, 18, 17, 16, 29,  8, 20,  1, 33, 13,  5,  2, 47, 12, 38, 40], 1471.85150272, 1576.12226357, 0.,  0.        ,  0.        , 0., 0, 0, 0.)
 (75, [11, 14, 18,  5, 42, 46, 31, 41, 19, 22, 35,  9, 44,  7, 37, 10, 11, 45,  6, 48,  3, 27, 34, 39, 30, 24, 21, 43, 32,  4, 14, 15, 36, 26, 25, 28, 23, 18, 17, 16, 29,  8, 20,  1, 33, 13,  5,  2, 47, 12, 38, 40], 1472.22232272, 1472.22232272, 0.,  0.        ,  0.        , 0., 0, 0, 0.)
 (75, [11, 14, 18,  5, 42, 46, 31, 41, 19, 22, 35,  9, 44,  7, 37,  3, 11, 45,  6, 48, 10, 27, 34, 39, 30, 24, 21, 43, 32,  4, 28, 36, 26, 25, 15, 23, 18, 17, 14, 16, 29,  8, 20,  1, 33, 13,  5,  2, 47, 12, 38, 40], 1484.33549508, 1544.91330822, 0.,  0.        ,  0.        , 0., 0, 0, 0.)
 (75, [11, 14, 18,  5, 42, 31, 41, 19, 22, 35,  9, 44,  7, 37, 10, 11, 45,  6, 46, 48,  3, 27, 34, 39, 30, 24, 21, 43, 32,  4, 14, 28, 36, 26, 25, 15, 23, 16, 17, 18, 29,  8, 20,  1, 33, 13,  5,  2, 47, 12, 38, 40], 1489.98652   , 1594.25728086, 0.,  0.        ,  0.        , 0., 0, 0, 0.)
 (75, [11, 14, 18,  5, 42, 46, 31, 41, 19, 22, 48,  9, 44,  7, 37, 10, 11, 45,  6, 35,  3, 27, 34, 39, 30, 24, 21, 43, 32,  4, 14, 28, 36, 26, 25, 15, 23, 18, 17, 16, 29,  8, 20,  1, 33, 13,  5,  2, 47, 12, 38, 40], 1493.41068293, 1786.66389942, 0.,  0.        ,  0.        , 0., 0, 0, 0.)
 (75, [13, 15, 15,  5, 42, 46, 31, 41, 19, 22, 35,  9, 44,  7, 37, 10, 11, 45,  6, 48, 27,  3, 34, 39, 30, 24, 21, 43, 32,  4, 14, 28, 36, 26, 25, 15, 23, 18, 17, 16, 29,  8, 20,  1, 33, 13,  5,  2, 47, 12, 38, 40], 1513.40878304, 1611.68559515, 0.,  0.        ,  0.        , 0., 0, 0, 0.)
 (75, [11, 14, 18,  5, 42, 46, 41, 19, 22, 31, 35,  9, 44,  7, 37, 10, 11, 45,  6, 48,  3, 27, 34, 39, 30, 24, 21, 43, 32,  4, 14, 28, 36, 26, 25, 15, 12, 18, 17, 16, 29,  8, 20,  1, 33, 13,  5,  2, 47, 23, 38, 40], 1516.64551299, 1627.77710123, 0.,  0.        ,  0.        , 0., 0, 0, 0.)
 (75, [11, 14, 18,  5, 42, 46, 31, 41, 19, 22, 35,  9, 44,  7, 37, 10, 11, 45,  6, 48,  3, 27, 34, 39, 32, 21, 24, 30, 43,  4, 14, 28, 36, 26, 25, 15, 23, 18, 17, 16, 29,  8,  1, 20, 33, 13,  5,  2, 47, 12, 38, 40], 1526.21128577, 1726.822788  , 0.,  0.        ,  0.        , 0., 0, 0, 0.)
 (75, [11, 14, 18,  5, 42, 46, 31, 41, 22, 35,  9, 44,  7, 37, 10, 11, 45,  6, 48,  3,  4, 27, 34, 39, 30, 24, 21, 43, 32, 19, 14, 28, 36, 26, 25, 15, 23, 18, 17, 16, 29,  8, 20,  1, 33, 13,  5,  2, 47, 12, 38, 40], 1528.58964143, 1632.86040229, 0.,  0.        ,  0.        , 0., 0, 0, 0.)
 (75, [11, 14, 18,  5, 42, 46, 41, 19, 22, 35,  9, 44,  7, 37, 45, 10, 11, 31,  6, 48,  3, 27, 34, 39, 30, 24, 21, 43, 32,  4, 14, 28, 36, 26, 25, 15, 23, 18, 17, 16, 29,  8,  1, 20, 33, 13,  5,  2, 47, 12, 38, 40], 1534.65445923, 1638.92522009, 0.,  0.        ,  0.        , 0., 0, 0, 0.)
 (75, [11, 14, 18,  5, 42, 46, 31, 19, 41, 22, 35,  9, 44,  7, 37, 10, 11, 45,  6, 48,  3, 27, 34, 39, 32, 21, 24, 30, 43,  4, 14, 28, 36, 26, 25, 15, 23, 18, 17, 16, 29,  8, 20,  1, 33, 13,  5,  2, 47, 12, 38, 40], 1536.66120192, 1737.27270415, 0.,  0.        ,  0.        , 0., 0, 0, 0.)
 (75, [11, 12, 20,  5, 42, 46, 31, 41, 19, 22, 35,  9, 44,  7, 37, 10, 11, 45,  6, 48,  3, 27, 34, 39, 30, 24, 21, 43, 32,  4, 14, 28, 36, 26, 25, 15, 16, 23, 18, 17, 29,  8, 20,  1, 33, 13,  5,  2, 47, 12, 38, 40], 1558.78609313, 1663.05685399, 0.,  0.        ,  0.        , 0., 0, 0, 0.)
 (75, [11, 14, 18,  5, 42, 47, 31, 41, 19, 22, 35,  9, 44,  7, 37, 11, 45,  6, 48,  3, 27, 34, 39, 30, 24, 21, 32, 43, 10,  4, 14, 28, 36, 26, 25, 15, 23, 18, 16, 17, 29,  8, 20,  1, 33, 13,  5,  2, 46, 12, 38, 40], 1565.29497671, 1669.56573757, 0.,  0.        ,  0.        , 0., 0, 0, 0.)
 (75, [12, 13, 18,  5, 42, 46, 31, 41, 19, 22, 35,  9, 44,  7, 37, 10,  2, 45,  6, 48,  3, 27, 34, 39, 30, 24, 21, 43, 32,  4, 14, 28, 36, 26, 25, 15, 23, 18, 17, 16, 29,  8, 20,  1, 33, 13,  5, 11, 47, 12, 38, 40], 1575.77638877, 1680.04714962, 0.,  0.        ,  0.        , 0., 0, 0, 0.)
 (75, [13, 15, 16,  4, 42, 46, 31, 41, 19, 34, 35,  9, 44,  7, 37, 10, 11, 45,  6, 48,  3, 27, 22, 39, 30, 24, 21, 43, 32,  4, 14, 28, 36, 26, 25, 15, 23, 18, 17, 16, 29,  8, 20,  1, 33, 13,  5,  2, 47, 12, 38, 40], 1577.19715732, 1637.77497047, 0.,  0.        ,  0.        , 0., 0, 0, 0.)
 (75, [11, 14, 18,  5, 42, 46, 31, 41, 19, 22, 35,  9, 44,  7, 37, 10, 11, 39,  6, 48,  3, 27, 34, 30, 24, 21, 45, 43, 32,  4, 14, 28, 36, 26, 25, 15, 23, 18, 17, 16, 29,  8, 20,  1, 33, 13,  5,  2, 47, 12, 38, 40], 1579.42981332, 1683.70057418, 0.,  0.        ,  0.        , 0., 0, 0, 0.)
 (75, [11, 14, 18,  5, 42, 46, 41, 19, 31, 22, 35,  9, 44,  7, 37, 10, 11, 45,  6, 48,  3, 27, 34, 40, 30, 24, 21, 43, 32,  4, 14, 28, 36, 26, 25, 15, 23, 18, 17, 16, 29,  8, 20,  1, 33, 13,  5,  2, 47, 12, 38, 39], 1612.78805614, 1717.16334721, 0., 43.79188965,  0.        , 0., 0, 0, 0.)
 (75, [11, 14, 18,  5, 42, 31, 41, 19, 22, 35,  9, 12,  7, 37, 10, 11, 45,  6, 46, 48,  3, 27, 34, 39, 30, 24, 21, 43, 32,  4, 14, 28, 36, 26, 25, 15, 23, 18, 17, 16, 29,  8, 20,  1, 33, 13,  5,  2, 47, 44, 38, 40], 1614.21894737, 1718.48970823, 0.,  0.        ,  0.        , 0., 0, 0, 0.)
 (75, [11, 14, 18,  5, 42, 46, 31, 41, 19, 12, 35,  9, 44,  7, 37, 10, 11, 45,  6, 48,  3, 27, 34, 39, 30, 24, 21, 43, 32,  4, 14, 28, 36, 26, 25, 15, 23, 18, 17, 16, 29,  8, 20,  1, 33, 13,  5,  2, 47, 22, 38, 40], 1623.3362452 , 1727.60700606, 0.,  0.        ,  0.        , 0., 0, 0, 0.)
 (75, [11, 15, 17,  5, 42, 46, 16, 41, 19, 22, 35,  9, 44,  7, 37, 10, 11, 45,  6, 48,  3, 27, 34, 39, 30, 24, 21, 43, 32,  4, 14, 28, 36, 26, 25, 15, 23, 18, 17, 31, 29,  8, 20,  1, 33, 13,  5,  2, 47, 12, 38, 40], 1625.51878867, 1810.97884917, 0.,  0.        ,  0.        , 0., 0, 0, 0.)
 (75, [11, 14, 18,  5, 24, 46, 31, 41, 19, 22, 35,  9, 44,  7, 37, 10, 11, 45,  6, 48,  3, 27, 34, 39, 30, 42, 21, 43, 32,  4, 14, 28, 36, 26, 25, 15, 23, 18, 17, 16, 29,  8, 20,  1, 33, 13,  5,  2, 47, 12, 38, 40], 1631.13270792, 1694.19119221, 0.,  0.        , 20.60613828, 0., 0, 0, 0.)
 (75, [11, 15, 17,  5, 42, 46, 31, 41, 19, 22, 35,  9, 44,  7, 37, 10, 11, 45,  6, 48,  3, 27, 34, 39, 30, 24, 21, 43, 29,  4, 14, 28, 36, 26, 25, 15, 23, 18, 17, 16,  1,  8, 20, 32, 33, 13,  5,  2, 47, 12, 38, 40], 1632.88840501, 1737.15916587, 0.,  0.        ,  0.        , 0., 0, 0, 0.)
 (75, [11, 14, 18,  5, 42, 46, 31, 41, 19, 22, 35,  9, 44,  7, 37, 10, 38, 45,  6, 48,  3, 27, 34, 39, 30, 24, 21, 43, 32,  4, 14, 28, 36, 26, 25, 15, 23, 18, 17, 16, 29,  8, 20,  1, 33, 13,  5,  2, 47, 12, 11, 40], 1645.55428675, 1749.82504761, 0.,  0.        ,  0.        , 0., 0, 0, 0.)
 (75, [11, 14, 18,  5, 42, 46, 31, 41, 19, 22, 35,  9, 44,  7, 37, 38, 11, 45,  6, 48,  3, 27, 34, 39, 30, 24, 21, 43, 32,  4, 14, 28, 36, 26, 25, 15, 23, 18, 17, 16, 29,  8, 20,  1, 33, 13,  5,  2, 47, 12, 10, 40], 1672.00656669, 1776.27732755, 0.,  0.        ,  0.        , 0., 0, 0, 0.)
 (75, [11, 14, 18,  5, 42, 46, 31, 41, 19, 22, 35,  9, 44,  7, 37, 10, 45,  6, 48,  3, 27, 34, 39, 30, 24, 21, 16, 43, 32,  4, 14, 28, 36, 26, 25, 15, 23, 18, 17, 11, 29,  8, 20,  1, 33, 13,  5,  2, 47, 12, 38, 40], 1673.0256037 , 1777.29636456, 0.,  0.        ,  0.        , 0., 0, 0, 0.)
 (75, [12, 15, 15,  6, 42, 46, 31, 41, 19,  7,  9, 44, 22, 37, 10, 11, 45,  6, 48,  3, 27, 34, 35, 39, 30, 24, 21, 43, 32,  4, 14, 28, 36, 26, 25, 15, 23, 18, 17, 16, 29,  8, 20,  1, 33, 13,  5,  2, 47, 12, 38, 40], 1675.34509447, 1735.92290762, 0.,  0.        ,  0.        , 0., 0, 0, 0.)
 (75, [11, 14, 18,  5, 42, 46, 31, 41, 19, 22,  9, 44,  7, 37, 10, 11, 45,  6, 48,  3, 27, 34, 39, 30, 24, 21, 14, 43, 32,  4, 35, 28, 36, 26, 25, 15, 23, 18, 17, 16, 29,  8, 20,  1, 33, 13,  5,  2, 47, 12, 38, 40], 1688.50399259, 1792.77475345, 0.,  0.        ,  0.        , 0., 0, 0, 0.)
 (75, [12, 13, 18,  5, 42, 46, 31, 22, 35,  4, 19, 44,  3,  7, 37, 10, 11, 45,  6, 48, 27, 41, 34, 39, 30, 24, 21, 43, 32,  9, 14, 28, 36, 26, 25, 15, 23, 18, 17, 16, 29,  8, 20,  1, 33, 13,  5,  2, 47, 12, 38, 40], 1693.84681106, 1798.11757192, 0.,  0.        ,  0.        , 0., 0, 0, 0.)
 (75, [11, 15, 18,  4, 42, 46, 31, 41, 19, 22, 35, 40, 44,  7, 37, 10, 11, 45,  6, 48,  3, 27, 34, 39, 30, 24, 21, 43, 32,  4, 14, 28, 36, 26, 25, 15, 23, 18, 17, 16, 29,  8, 20,  1, 33, 13,  5,  2, 47, 12, 38,  9], 1698.20938263, 1802.48014349, 0.,  0.        ,  0.        , 0., 0, 0, 0.)
 (75, [11, 14, 18,  5, 42, 46, 31, 41, 19, 22, 35, 29, 44,  7, 37, 32, 11, 45,  6, 48,  3, 27, 34, 39, 30, 24, 21, 43, 10,  4, 14, 28, 36, 26, 25, 15, 16, 23, 18, 17,  9,  8, 20,  1, 33, 13,  5,  2, 47, 12, 38, 40], 1740.07995857, 2010.56734437, 0.,  0.        ,  0.        , 0., 0, 0, 0.)
 (75, [10, 15, 19,  4, 42, 46, 31, 41, 19, 22, 35,  9, 44,  7, 37, 17, 11, 45,  6, 48,  3, 27, 34, 39, 30, 24, 21, 43, 32,  4, 14, 28, 36, 26, 25, 15, 23, 18, 10, 16, 29,  8, 20,  1, 33, 13,  5,  2, 47, 12, 38, 40], 1756.41255415, 1860.68331501, 0.,  0.        ,  0.        , 0., 0, 0, 0.)
 (75, [11, 15, 17,  5, 42, 31, 41, 19, 22, 35,  9, 44, 17, 37, 10, 11, 45,  6, 46, 48,  3, 27, 34, 39, 30, 24, 21, 43, 32,  4, 14, 28, 36, 26, 25, 15, 23, 18,  7, 16, 29,  8, 20,  1, 33, 13,  5,  2, 47, 12, 38, 40], 1761.46862558, 1865.73938644, 0.,  0.        ,  0.        , 0., 0, 0, 0.)
 (75, [11, 15, 18,  4, 42, 46, 31, 41, 19, 22, 35,  9, 44,  7, 37, 10, 11, 45,  6, 48,  3, 27, 34, 39, 30, 24, 21, 43, 32,  4, 14, 28, 36, 26, 25, 15, 23, 18, 17, 16, 29,  8, 20, 40, 33, 13,  5,  2, 47, 12, 38,  1], 1766.74920086, 1871.01996172, 0.,  0.        ,  0.        , 0., 0, 0, 0.)
 (75, [12, 14, 18,  4, 42, 38, 31, 41, 19, 22, 35,  9, 44,  7, 37, 10, 11, 45,  6, 48,  3, 27, 34, 39, 30, 24, 21, 43, 32,  4, 14, 28, 36, 26, 25, 15, 23, 18, 17, 16, 29,  8, 20,  1, 33, 13,  5,  2, 47, 12, 46, 40], 1767.76665039, 1872.03741125, 0.,  0.        ,  0.        , 0., 0, 0, 0.)
 (75, [11, 14, 18,  5, 42, 46, 31, 41, 17, 22, 35,  9, 44,  7, 37, 10, 45,  6, 48,  3, 27, 34, 39, 30, 24, 21, 43, 32,  4, 14, 28, 36, 26, 11, 25, 15, 23, 18, 19, 16, 29,  8, 20,  1, 33, 13,  5,  2, 47, 12, 38, 40], 1776.55575562, 1858.13172124, 0.,  0.        ,  0.        , 0., 0, 0, 0.)
 (75, [11, 14, 18,  5, 42, 46, 31, 41, 19, 22, 35,  9, 44,  7, 37, 10, 45,  6, 48,  3, 21, 27, 34, 39, 30, 24, 43, 32,  4, 14, 28, 36, 26, 25, 15, 11, 23, 18, 17, 16, 29,  8, 20,  1, 33, 13,  5,  2, 47, 12, 38, 40], 1788.59556634, 1892.8663272 , 0.,  0.        ,  0.        , 0., 0, 0, 0.)
 (75, [11, 14, 19,  4, 42, 47, 31, 41, 19, 22, 35,  9, 44,  7, 37, 10, 11, 45,  6, 48,  3, 43, 34, 39, 30, 24, 21, 27, 32,  4, 14, 28, 36, 26, 25, 15, 16, 23, 18, 17, 29,  8, 20,  1, 33, 13,  5,  2, 46, 12, 38, 40], 1788.68359819, 1890.98808948, 0.,  0.        ,  0.98313478, 0., 0, 0, 0.)
 (75, [12, 15, 18,  3, 42, 46, 31, 41, 19, 16, 35,  9, 44,  7, 37, 10, 11, 45,  6, 48,  3, 27, 34, 39, 30, 24, 21, 43, 32,  4, 14, 28, 36, 26, 25, 15, 23, 18, 17, 22, 29,  8, 20,  1, 33, 13,  5,  2, 47, 12, 38, 40], 1791.57975946, 1852.1575726 , 0.,  0.        ,  0.        , 0., 0, 0, 0.)
 (75, [11, 15, 18,  4, 42, 46, 31, 19, 22, 35,  9, 44,  7, 37, 10, 11, 45,  2, 41, 48,  3, 27, 34, 39, 30, 24, 21, 43, 32,  4, 14, 28, 36, 26, 25, 15, 23, 18, 17, 16, 29,  8, 20,  1, 33, 13,  5,  6, 47, 12, 38, 40], 1796.32124883, 1900.59200969, 0.,  0.        ,  0.        , 0., 0, 0, 0.)
 (75, [15, 12, 17,  4, 42, 46, 31, 43, 19, 22, 35,  9, 44,  7, 37, 10, 11, 45,  6, 48,  3, 27, 34, 39, 30, 24, 21, 41, 32,  4, 14, 28, 36, 26, 25, 15, 23, 18, 17, 16, 29,  8, 20,  1, 33, 13,  5,  2, 47, 12, 38, 40], 1797.09783681, 1857.67564995, 0.,  0.        ,  0.        , 0., 0, 0, 0.)
 (75, [12, 16, 14,  6, 42, 46, 31, 41, 19, 35,  9, 44,  7, 37, 10, 22, 11, 45,  6, 48,  3, 27, 34, 39, 30, 24, 21, 47, 32,  4, 14, 28, 36, 26, 25, 15, 23, 18, 17, 16, 29,  8, 20,  1, 33, 13,  5,  2, 43, 12, 38, 40], 1828.58282902, 1889.16064217, 0.,  0.        ,  0.        , 0., 0, 0, 0.)
 (75, [11, 14, 18,  5, 46, 42, 41, 19, 22, 31, 35,  9, 44,  7, 37, 10, 11, 45,  6, 48, 23, 27, 34, 39, 30, 24, 21, 43, 32,  4, 14, 28, 36, 26, 25, 15,  3, 18, 17, 16, 29,  8, 20,  1, 33, 13,  5,  2, 47, 12, 38, 40], 1829.1415452 , 1940.27313344, 0.,  0.        ,  0.        , 0., 0, 0, 0.)
 (75, [13, 14, 19,  2, 42, 46, 31, 41, 19, 22, 35, 21, 44,  7, 37, 10, 11, 45,  6, 48,  3, 27, 34, 39, 30, 24,  9, 43, 32,  4, 14, 28, 36, 26, 25, 15, 23, 18, 17, 16, 29,  8, 20,  1, 33, 13,  5,  2, 47, 12, 38, 40], 1832.7493543 , 1885.0024331 , 0.,  0.        ,  4.16236717, 0., 0, 0, 0.)
 (75, [11, 14, 18,  5, 46, 31, 41, 19, 22, 35,  9, 44,  7, 37, 10, 11, 45,  6, 48,  3, 27, 34, 39, 30, 42, 24, 21, 43, 32,  4, 47, 28, 36, 26, 25, 15, 23, 18, 17, 16, 29,  8, 20,  1, 33, 13,  5,  2, 14, 12, 38, 40], 1833.58792087, 1852.95345745, 0.,  0.        , 20.60613828, 0., 0, 0, 0.)
 (75, [12, 13, 20,  3, 42, 46, 31, 41, 19, 22, 35,  9, 44,  7, 37, 11, 45,  6, 39,  3, 27, 34, 48, 30, 24, 10, 21, 43, 32,  4, 14, 28, 36, 26, 25, 15, 23, 18, 17, 16, 29,  8, 20,  1, 33, 13,  5,  2, 47, 12, 38, 40], 1837.32399476, 1941.59475562, 0.,  0.        ,  0.        , 0., 0, 0, 0.)
 (75, [10, 17, 17,  4, 42, 46, 31, 41, 19, 22, 35,  9, 44,  7, 37, 11, 45,  6, 48,  3, 27, 34, 39, 30, 24, 10, 21, 43, 32,  4, 14, 28, 36, 26, 25, 15, 23, 18,  8, 16, 29, 17, 20,  1, 33, 13,  5,  2, 47, 12, 38, 40], 1850.26127456, 1910.83908771, 0.,  0.        ,  0.        , 0., 0, 0, 0.)
 (75, [11, 16, 18,  3, 42, 46, 31, 41, 19, 22, 35,  9, 44,  7, 37, 10, 11, 45,  6, 48,  3, 27, 34, 39, 30, 24, 21, 43, 32,  4,  5, 28, 36, 26, 25, 15, 23, 18, 17, 16, 29,  8, 20,  1, 33,  2, 13, 14, 47, 12, 38, 40], 1857.13279003, 2005.57152954, 0.,  0.        ,  0.        , 0., 0, 0, 0.)
 (75, [10, 15, 17,  6, 42, 46, 31, 41, 19, 22, 35,  9, 44,  7, 37, 10, 17, 45,  6, 48,  3, 27, 34, 39, 30, 24, 21, 43, 32,  4, 14, 28, 36, 26, 25, 15, 23, 18, 11, 16, 29,  8, 20,  1, 33, 13,  5,  2, 47, 12, 38, 40], 1857.24656906, 1961.51732992, 0.,  0.        ,  0.        , 0., 0, 0, 0.)
 (75, [11, 14, 18,  5, 42, 16, 31, 41, 19, 22, 35,  9, 44,  7, 37, 11,  6, 48,  3, 27, 34, 39, 30, 24, 10, 21, 43, 45, 32,  4, 14, 28, 36, 26, 25, 15, 23, 18, 17, 46, 29,  8, 20,  1, 33, 13,  5,  2, 47, 12, 38, 40], 1860.13474991, 1964.40551077, 0.,  0.        ,  0.        , 0., 0, 0, 0.)
 (75, [ 8, 14, 19,  7, 42, 46, 31, 41, 19, 22, 35,  9, 44,  7, 37, 10, 11, 45,  6, 48,  3, 27, 34, 23, 30, 24, 21, 43, 32,  4, 14, 28, 36, 26, 25, 15, 39, 18, 17, 16, 29,  8, 20,  1, 33, 13,  5,  2, 47, 12, 38, 40], 1873.29134206, 2000.46808794, 0.,  0.        ,  0.        , 0., 0, 0, 0.)
 (75, [12, 14, 18,  4, 42, 46, 31, 41, 19, 22, 35,  9, 44,  7, 37, 10, 45,  6, 48,  3, 27, 34, 39, 30, 18, 24, 43, 21, 32,  4, 14, 28, 36, 26, 25, 15, 23, 11, 17, 16, 29,  8, 20,  1, 33, 13,  5,  2, 47, 12, 38, 40], 1875.23570078, 1910.18792821, 0., 34.65926671,  0.        , 0., 0, 0, 0.)
 (75, [10, 14, 18,  6, 42, 46, 41, 19, 22, 31, 35,  9, 44,  7, 37, 10, 11, 45,  6, 48,  3, 27, 34,  8, 30, 24, 21, 43, 32,  4, 14, 28, 36, 26, 25, 15, 23, 18, 17, 16, 29, 39, 20,  1, 33, 13,  5,  2, 47, 12, 38, 40], 1933.75501302, 2044.88660126, 0.,  0.        ,  0.        , 0., 0, 0, 0.)
 (75, [ 9, 13, 19,  7, 42, 46, 31, 41, 19, 22, 37,  9, 44,  7, 35, 10, 11, 45,  6, 47,  3, 27, 34, 39, 30, 24, 21, 43, 32,  4, 14, 28, 36, 26, 25, 15, 23, 18, 17, 16, 29,  8, 20,  1, 33, 13,  5,  2, 48, 12, 38, 40], 2035.69214479, 2139.96290565, 0.,  0.        ,  0.        , 0., 0, 0, 0.)
 (75, [ 8, 15, 19,  6, 42, 46, 41, 19, 22, 35,  9, 31, 44,  7, 37, 10, 11, 45,  6, 48,  3, 27, 34, 39, 30,  8, 21, 43, 32,  4, 14, 28, 36, 26, 25, 15, 23, 18, 17, 16, 29, 24, 20,  1, 33, 13,  5,  2, 47, 12, 38, 40], 2147.94088887, 2252.21164973, 0.,  0.        ,  0.        , 0., 0, 0, 0.)]