
Total Runtime in seconds: 340.74734592437744Parameters:
population_size: 50, max_generations: 150, executed generations: 149, threshold_no_improvement: 75
target feasible proportion: 25
fitness_scaling: power_rank, selection_method: n_tournaments
p_c: 0.9, p_m: 0.3, NOT YET p_education: 0.0
tournament_size: 2, n_elite: 8
survivor_selection_step: 10, p_selection_survival: 0.7
kill clone step: 5
diversify_step: 20, diversify_step: 20, p_diversify_survival: 0.3
n_closest_neighbors: 3, diversity_weight: 0.5, distance_method: broken_pairs_distance
capacity_penalty_factor: 2, duration_penalty_factor 2, time_window_penalty: 2
Best fitness all generations, best individual before/after local search: 1113.9537447891776, 1113.9537447891776 / 1113.9537447891776
Best individual found before local search: (18, [10,  9, 16, 13,  7, 41, 31, 44, 32,  9, 42, 46, 35, 37, 22, 34, 10, 45,  6, 27,  3, 48, 11, 36, 26, 18, 17, 13, 33, 20, 29,  8,  5, 16, 28,  4, 19, 14,  1, 47, 24, 12, 21, 38, 40,  2, 15, 25, 23, 30, 39, 43], 1113.95374479, 1113.95374479, 0., 0., 0., 0., 1, 50, 26.)
Best individual found after local search: (18, [10,  9, 16, 13,  7, 41, 31, 44, 32,  9, 42, 46, 35, 37, 22, 34, 10, 45,  6, 27,  3, 48, 11, 36, 26, 18, 17, 13, 33, 20, 29,  8,  5, 16, 28,  4, 19, 14,  1, 47, 24, 12, 21, 38, 40,  2, 15, 25, 23, 30, 39, 43], 1113.95374479, 1113.95374479, 0., 0., 0., 0., 1, 50, 26.)
Best feasible individual found: (18, [10,  9, 16, 13,  7, 41, 31, 44, 32,  9, 42, 46, 35, 37, 22, 34, 10, 45,  6, 27,  3, 48, 11, 36, 26, 18, 17, 13, 33, 20, 29,  8,  5, 16, 28,  4, 19, 14,  1, 47, 24, 12, 21, 38, 40,  2, 15, 25, 23, 30, 39, 43], 1113.95374479, 1113.95374479, 0., 0., 0., 0., 1, 50, 26.)

Fitness stats min: [1163.4977387  1142.88137886 1117.54684905 1117.54684905 1117.54684905
 1117.54684905 1117.54684905 1117.54684905 1117.54684905 1117.54684905
 1117.54684905 1117.54684905 1117.54684905 1117.54684905 1117.54684905
 1117.54684905 1117.54684905 1117.54684905 1117.54684905 1117.54684905
 1117.54684905 1117.54684905 1117.54684905 1117.54684905 1117.54684905
 1117.54684905 1117.54684905 1117.54684905 1117.54684905 1117.54684905
 1117.54684905 1117.54684905 1117.54684905 1117.54684905 1117.54684905
 1117.54684905 1117.54684905 1113.95374479 1113.95374479 1113.95374479
 1113.95374479 1113.95374479 1113.95374479 1113.95374479 1113.95374479
 1113.95374479 1113.95374479 1113.95374479 1113.95374479 1113.95374479
 1113.95374479 1113.95374479 1113.95374479 1113.95374479 1113.95374479
 1113.95374479 1113.95374479 1113.95374479 1113.95374479 1113.95374479
 1113.95374479 1113.95374479 1113.95374479 1113.95374479 1113.95374479
 1113.95374479 1113.95374479 1113.95374479 1113.95374479 1113.95374479
 1113.95374479 1113.95374479 1113.95374479 1113.95374479 1113.95374479
 1113.95374479 1113.95374479 1113.95374479 1113.95374479 1113.95374479
 1113.95374479 1113.95374479 1113.95374479 1113.95374479 1113.95374479
 1113.95374479 1113.95374479 1113.95374479 1113.95374479 1113.95374479
 1113.95374479 1113.95374479 1113.95374479 1113.95374479 1113.95374479
 1113.95374479 1113.95374479 1113.95374479 1113.95374479 1113.95374479
 1113.95374479 1113.95374479 1113.95374479 1113.95374479 1113.95374479
 1113.95374479 1113.95374479 1113.95374479 1113.95374479 1113.95374479
 1113.95374479 1113.95374479 1113.95374479 1113.95374479 1113.95374479
 1113.95374479 1113.95374479 1113.95374479 1113.95374479 1113.95374479
 1113.95374479 1113.95374479 1113.95374479 1113.95374479 1113.95374479
 1113.95374479 1113.95374479 1113.95374479 1113.95374479 1113.95374479
 1113.95374479 1113.95374479 1113.95374479 1113.95374479 1113.95374479
 1113.95374479 1113.95374479 1113.95374479 1113.95374479 1113.95374479
 1113.95374479 1113.95374479 1113.95374479 1113.95374479 1113.95374479
 1113.95374479 1113.95374479 1113.95374479 1113.95374479 1113.95374479] 

Fitness stats feasible min: [1163.4977387  1142.88137886 1117.54684905 1117.54684905 1117.54684905
 1117.54684905 1117.54684905 1117.54684905 1117.54684905 1117.54684905
 1117.54684905 1117.54684905 1117.54684905 1117.54684905 1117.54684905
 1117.54684905 1117.54684905 1117.54684905 1117.54684905 1117.54684905
 1117.54684905 1117.54684905 1117.54684905 1117.54684905 1117.54684905
 1117.54684905 1117.54684905 1117.54684905 1117.54684905 1117.54684905
 1117.54684905 1117.54684905 1117.54684905 1117.54684905 1117.54684905
 1117.54684905 1117.54684905 1113.95374479 1113.95374479 1113.95374479
 1113.95374479 1113.95374479 1113.95374479 1113.95374479 1113.95374479
 1113.95374479 1113.95374479 1113.95374479 1113.95374479 1113.95374479
 1113.95374479 1113.95374479 1113.95374479 1113.95374479 1113.95374479
 1113.95374479 1113.95374479 1113.95374479 1113.95374479 1113.95374479
 1113.95374479 1113.95374479 1113.95374479 1113.95374479 1113.95374479
 1113.95374479 1113.95374479 1113.95374479 1113.95374479 1113.95374479
 1113.95374479 1113.95374479 1113.95374479 1113.95374479 1113.95374479
 1113.95374479 1113.95374479 1113.95374479 1113.95374479 1113.95374479
 1113.95374479 1113.95374479 1113.95374479 1113.95374479 1113.95374479
 1113.95374479 1113.95374479 1113.95374479 1113.95374479 1113.95374479
 1113.95374479 1113.95374479 1113.95374479 1113.95374479 1113.95374479
 1113.95374479 1113.95374479 1113.95374479 1113.95374479 1113.95374479
 1113.95374479 1113.95374479 1113.95374479 1113.95374479 1113.95374479
 1113.95374479 1113.95374479 1113.95374479 1113.95374479 1113.95374479
 1113.95374479 1113.95374479 1113.95374479 1113.95374479 1113.95374479
 1113.95374479 1113.95374479 1113.95374479 1113.95374479 1113.95374479
 1113.95374479 1113.95374479 1113.95374479 1113.95374479 1113.95374479
 1113.95374479 1113.95374479 1113.95374479 1113.95374479 1113.95374479
 1113.95374479 1113.95374479 1113.95374479 1113.95374479 1113.95374479
 1113.95374479 1113.95374479 1113.95374479 1113.95374479 1113.95374479
 1113.95374479 1113.95374479 1113.95374479 1113.95374479 1113.95374479
 1113.95374479 1113.95374479 1113.95374479 1113.95374479 1113.95374479] 

Fitness stats avg: [1580.00539499 1558.63052662 1467.2012052  1409.44001706 1379.12658147
 1418.22738557 1319.6851103  1351.58529343 1318.93649105 1260.58067266
 1777.29772695 1330.16497342 1208.36137119 1226.41772142 1242.69604322
 3143.68752006 2400.07292755 1429.63241705 1238.53052517 1201.28469492
 1899.4813331  1373.8231749  1217.93303899 2057.45803853 1519.17257898
 2892.31073394 2404.20423292 1854.46261191 1564.94866911 1338.86255314
 2797.05393515 2062.27062194 1480.77169631 1372.81563259 1258.27854619
 2498.15040827 1519.75591911 1320.58172884 1267.27601682 1273.28355256
 2255.64782912 1617.44291951 1311.62459442 1226.36417741 1201.65989677
 2808.46366274 1986.50143665 1550.77328244 1292.63745338 1234.35186937
 2629.58932716 1778.14916175 1370.01892336 1253.05073723 1249.67374412
 2506.91818311 1705.97023072 1323.32333277 1744.76620357 1487.09702319
 2383.9784884  1905.35493408 1562.32490569 1395.64319443 1265.53287906
 2479.56399409 1784.32550998 1436.55315762 1328.60424548 1276.54563206
 3046.38206366 2513.86549772 1694.08111333 1406.20090309 1279.15187876
 2702.52139255 2200.94926452 1771.08647921 1579.60407154 1335.80217741
 2526.55265219 2008.98692378 1662.52821422 1380.87235509 1293.23742685
 2477.88636671 1834.72662635 1552.41613447 1464.45424442 1374.75826242
 3001.63288083 2421.44094699 1826.27804982 1510.67709809 1305.20214651
 2422.83416817 1690.96941209 1452.33854633 1912.18543016 1428.83491369
 2411.04416114 1893.16907557 1593.1912885  1445.87307751 1301.61482511
 2086.42966901 1596.53563814 1375.28744728 1390.68119218 1318.24812004
 2410.81575113 1431.97917166 1244.10820699 1240.69941009 1292.23695965
 2911.73691608 2433.5637957  1645.54104008 1894.84491714 1303.43294039
 1990.77966034 1400.6420218  1231.13211389 1219.35182158 1237.07667315
 2683.67754285 1984.02681321 1562.36498033 1328.00023459 1239.21027485
 1979.51607653 1462.49103736 1343.66255026 1277.35651578 1291.26316384
 2986.29935805 2151.58856053 1615.22155297 2068.62989236 1538.60404834
 2700.44256019 1969.03823824 1627.14807985 1345.69892771 1286.58013121
 2327.97919205 1871.55848356 1410.14464112 1432.49207756 1284.24570082] 

Feasible stats: [( 0., 50.) ( 0., 50.) (32., 18.) (32., 18.) (39., 11.) (39., 11.)
 (42.,  8.) (42.,  8.) (38., 12.) (38., 12.) (45.,  5.) (45.,  5.)
 (46.,  4.) (46.,  4.) (45.,  5.) (45.,  5.) (14., 36.) (14., 36.)
 (45.,  5.) (45.,  5.) (46.,  4.) (46.,  4.) (43.,  7.) (43.,  7.)
 (33., 17.) (33., 17.) (16., 34.) (16., 34.) (29., 21.) (29., 21.)
 (45.,  5.) (45.,  5.) (19., 31.) (19., 31.) (37., 13.) (37., 13.)
 (20., 30.) (20., 30.) (41.,  9.) (41.,  9.) (45.,  5.) (45.,  5.)
 (31., 19.) (31., 19.) (46.,  4.) (46.,  4.) (20., 30.) (20., 30.)
 (35., 15.) (35., 15.) (45.,  5.) (45.,  5.) (36., 14.) (36., 14.)
 (46.,  4.) (46.,  4.) (20., 30.) (20., 30.) (44.,  6.) (44.,  6.)
 (36., 14.) (36., 14.) (27., 23.) (27., 23.) (36., 14.) (36., 14.)
 (20., 30.) (20., 30.) (32., 18.) (32., 18.) (38., 12.) (38., 12.)
 (18., 32.) (18., 32.) (39., 11.) (39., 11.) (17., 33.) (17., 33.)
 (30., 20.) (30., 20.) (38., 12.) (38., 12.) (26., 24.) (26., 24.)
 (40., 10.) (40., 10.) (29., 21.) (29., 21.) (39., 11.) (39., 11.)
 (39., 11.) (39., 11.) (23., 27.) (23., 27.) (35., 15.) (35., 15.)
 (26., 24.) (26., 24.) (38., 12.) (38., 12.) (42.,  8.) (42.,  8.)
 (33., 17.) (33., 17.) (41.,  9.) (41.,  9.) (28., 22.) (28., 22.)
 (37., 13.) (37., 13.) (38., 12.) (38., 12.) (39., 11.) (39., 11.)
 (46.,  4.) (46.,  4.) (17., 33.) (17., 33.) (30., 20.) (30., 20.)
 (44.,  6.) (44.,  6.) (44.,  6.) (44.,  6.) (45.,  5.) (45.,  5.)
 (23., 27.) (23., 27.) (35., 15.) (35., 15.) (43.,  7.) (43.,  7.)
 (44.,  6.) (44.,  6.) (40., 10.) (40., 10.) (17., 33.) (17., 33.)
 (33., 17.) (33., 17.) (36., 14.) (36., 14.) (32., 18.) (32., 18.)
 (46.,  4.) (46.,  4.) (26., 24.) (26., 24.) (39., 11.) (39., 11.)] 
Solution Description: 
p: [  0.          17.53554117  47.19996294  62.30053615  65.88026605
  65.92539359 100.47267296 150.80322505 212.26822432 213.37332578
 215.62221757   0.          24.42432263  43.10170885  46.65486999
  57.82812628  97.13902742 123.69930729 138.71301667 147.86729141
 149.7330236    0.          43.69294771  65.62806933  95.80117124
 147.97253208 277.10945866 292.67582216 292.94276737 308.76979884
 326.58256317 332.2195274  332.39594019 361.95437161 394.67854888
 478.55516732 479.01562024 488.5822693    0.          45.72329507
  52.53455008  63.51155902  77.20165447  89.86625057 124.51415848
 135.02517232 172.9519645  186.90219551 196.06758318 205.5602204
 231.71405951 260.01623432] 
pred: [ 0  0  0  0  0  0  5  5  5  5  5  0  0  1  1  1  1  1  1  1  1  0  0  0
  0  0  4  4  4  4  4  4  4 11 11 11 11 11  0  0  0  0  0  0  0  6  6  6
  6  6 11 11] 
distance [  0.          17.53554117  47.19996294  62.30053615  65.88026605
  65.92539359  34.54727937  84.87783147 146.34283074 147.44793219
 149.69682399   0.          24.42432263  18.67738622  22.23054736
  33.40380365  72.71470479  99.27498465 114.28869404 123.44296878
 125.30870097   0.          43.69294771  65.62806933  95.80117124
 147.97253208 129.13692659 144.70329008 144.97023529 160.79726676
 178.6100311  184.24699532 184.42340811  29.55843142  62.28260869
 146.15922713 146.61968006 156.18632911   0.          45.72329507
  52.53455008  63.51155902  77.20165447  89.86625057 124.51415848
  10.51101384  48.43780602  62.38803703  71.55342471  81.04606192
  26.15383911  54.45601392]
load: [  0  13  21  31  34  50  13  35  54  68  79   0  21  22  40  65  70  86
 102 112 119   0  10  16  33  38   9  28  44  64  84  96 121   9  14  17
  26  38   0  21  40  46  71  86 101   8  12  26  40  53  13  37] 
time: [  0.         170.         203.         228.39224704 244.56663558
 456.          80.         115.34683757 171.22731303 252.33358633
 322.           0.         371.         182.         195.18455016
 202.9955528  231.80134413 398.         440.23624841 473.3964008
 510.10459224   0.         321.         357.24520703 434.
 475.95303324 108.         140.15799758 192.         220.52726534
 237.7678084  317.         446.         257.         279.90630276
 345.84518954 414.06688705 441.06764997   0.         115.
 308.         325.46934669 414.         443.         485.92676098
 121.         226.         329.         378.         422.56770213
 207.         459.        ] 
time warps: [0 0 0 0 0 0 0 0 0 0 0 0 0 0 0 0 0 0 0 0 0 0 0 0 0 0 0 0 0 0 0 0 0 0 0 0 0
 0 0 0 0 0 0 0 0 0 0 0 0 0 0 0] 
duration: [  0.          23.53554117  73.83796245  95.93853566 103.51826556
 311.61049336  41.54727937 116.87783147 195.34283074 200.44793219
 269.41539141   0.          47.42432263  24.67738622  29.23054736
  49.40380365 105.71470479 284.97668402 320.99039341 347.14466815
 353.01040033   0.          56.69294771  80.62806933 184.45345617
 239.62481701 131.13692659 167.70329008 193.01987139 216.84690286
 239.6596672  311.29741782 426.10281899  35.55843142  92.28260869
 189.15922713 205.61968006 217.18632911   0.          55.72329507
 251.32425496 272.3012639  360.05582284 403.26861412 455.91652202
  17.51101384 155.03431469 244.72426381 305.6796988  325.17233601
  48.15383911 315.00222923]

All individuals: [(49, [12, 13, 10, 13, 24, 34, 41, 26, 16,  4, 46, 13,  1,  2, 45,  9, 38, 39,  5,  3, 22, 14, 27, 23, 37, 43, 32, 20,  8,  7, 21, 15, 47, 18, 40, 44, 28, 25, 17, 29, 42, 33, 36, 35, 30, 12, 31, 19, 10, 48,  6, 11], 1113.95374479, 1113.95374479, 0.,  0.        ,  0.        ,  0.        , 16, 35, 33.5)
 (48, [10,  9, 16, 13,  7, 41, 31, 44, 32,  9, 42, 46, 35, 37, 22, 34, 10, 45,  6, 27,  3, 48, 11, 36, 26, 18, 17, 13, 33, 20, 29,  8,  5, 16, 28,  4, 19, 14,  1, 47, 24, 12, 21, 38, 40,  2, 15, 25, 23, 30, 39, 43], 1113.95374479, 1113.95374479, 0.,  0.        ,  0.        ,  0.        ,  3, 48, 27. )
 (48, [10,  9, 16, 13,  7, 41, 31, 44, 32,  9, 42, 46, 35, 37, 22, 34, 10, 45,  6, 27,  3, 48, 11, 36, 26, 18, 17, 13, 33, 20, 29,  8,  5, 16, 28,  4, 19, 14,  1, 47, 24, 12, 21, 38, 40,  2, 15, 25, 23, 30, 39, 43], 1113.95374479, 1113.95374479, 0.,  0.        ,  0.        ,  0.        ,  4, 47, 27.5)
 (18, [10,  9, 16, 13,  7, 41, 31, 44, 32,  9, 42, 46, 35, 37, 22, 34, 10, 45,  6, 27,  3, 48, 11, 36, 26, 18, 17, 13, 33, 20, 29,  8,  5, 16, 28,  4, 19, 14,  1, 47, 24, 12, 21, 38, 40,  2, 15, 25, 23, 30, 39, 43], 1113.95374479, 1113.95374479, 0.,  0.        ,  0.        ,  0.        ,  5, 46, 28. )
 (18, [10,  9, 16, 13,  7, 41, 31, 44, 32,  9, 42, 46, 35, 37, 22, 34, 10, 45,  6, 27,  3, 48, 11, 36, 26, 18, 17, 13, 33, 20, 29,  8,  5, 16, 28,  4, 19, 14,  1, 47, 24, 12, 21, 38, 40,  2, 15, 25, 23, 30, 39, 43], 1113.95374479, 1113.95374479, 0.,  0.        ,  0.        ,  0.        , 16, 35, 33.5)
 (18, [10,  9, 16, 13,  7, 41, 31, 44, 32,  9, 42, 46, 35, 37, 22, 34, 10, 45,  6, 27,  3, 48, 11, 36, 26, 18, 17, 13, 33, 20, 29,  8,  5, 16, 28,  4, 19, 14,  1, 47, 24, 12, 21, 38, 40,  2, 15, 25, 23, 30, 39, 43], 1113.95374479, 1113.95374479, 0.,  0.        ,  0.        ,  0.        ,  6, 45, 28.5)
 (48, [10,  9, 16, 13,  7, 41, 31, 44, 32,  9, 42, 46, 35, 37, 22, 34, 10, 45,  6, 27,  3, 48, 11, 36, 26, 18, 17, 13, 33, 20, 29,  8,  5, 16, 28,  4, 19, 14,  1, 47, 24, 12, 21, 38, 40,  2, 15, 25, 23, 30, 39, 43], 1113.95374479, 1113.95374479, 0.,  0.        ,  0.        ,  0.        ,  7, 44, 29. )
 (18, [10,  9, 16, 13,  7, 41, 31, 44, 32,  9, 42, 46, 35, 37, 22, 34, 10, 45,  6, 27,  3, 48, 11, 36, 26, 18, 17, 13, 33, 20, 29,  8,  5, 16, 28,  4, 19, 14,  1, 47, 24, 12, 21, 38, 40,  2, 15, 25, 23, 30, 39, 43], 1113.95374479, 1113.95374479, 0.,  0.        ,  0.        ,  0.        ,  8, 43, 29.5)
 (37, [13, 11, 13, 11,  5, 28, 27, 33, 23,  8, 10, 15, 45, 25, 18, 11, 13, 40,  6, 37, 48, 19, 38,  4, 22, 24, 17, 16, 26,  1, 20, 44, 39, 12, 21, 31, 43,  7, 14, 36,  3, 32, 47,  9, 29, 35, 46, 34, 42,  2, 30, 41], 1113.95374479, 1113.95374479, 0.,  0.        ,  0.        ,  0.        ,  9, 42, 30. )
 (18, [10,  9, 16, 13,  7, 41, 31, 44, 32,  9, 42, 46, 35, 37, 22, 34, 10, 45,  6, 27,  3, 48, 11, 36, 26, 18, 17, 13, 33, 20, 29,  8,  5, 16, 28,  4, 19, 14,  1, 47, 24, 12, 21, 38, 40,  2, 15, 25, 23, 30, 39, 43], 1113.95374479, 1113.95374479, 0.,  0.        ,  0.        ,  0.        ,  2, 49, 26.5)
 (38, [13, 12, 10, 13, 20, 37,  3, 17, 24, 12, 48, 13, 44, 11,  7, 26, 47, 32, 40, 29, 45, 10, 39,  4, 28, 23, 16, 34,  8, 18, 46, 38, 43,  5, 35,  1, 33, 42, 15, 30, 19,  2,  9, 36,  6, 22, 27, 14, 41, 21, 25, 31], 1113.95374479, 1113.95374479, 0.,  0.        ,  0.        ,  0.        ,  8, 43, 29.5)
 (40, [12, 11, 14, 11, 38,  2, 30, 39, 15,  6, 16,  9, 46, 37, 31,  3, 22, 21, 32,  1, 23, 42,  7, 10, 27, 47, 41, 40, 20, 13, 44,  8, 35, 18, 36, 29, 43,  4, 34, 14, 17, 25, 33, 45, 28, 19, 24,  5, 48, 11, 26, 12], 1113.95374479, 1113.95374479, 0.,  0.        ,  0.        ,  0.        ,  6, 45, 28.5)
 (41, [12, 16, 10, 10,  8, 19, 45, 33, 38,  1, 29, 24, 22, 37, 48,  2, 23, 35, 36,  7, 12, 20, 10,  9,  4, 34,  5, 14, 27, 40, 44, 26, 16,  6, 39, 32, 30, 31, 11,  3, 17, 42, 15, 25, 13, 28, 43, 47, 41, 18, 46, 21], 1113.95374479, 1113.95374479, 0.,  0.        ,  0.        ,  0.        ,  5, 46, 28. )
 (44, [12, 12, 13, 11, 38, 11, 25, 46, 17, 33, 35,  5, 30, 41, 16, 24, 42, 20, 37, 40, 19,  8,  6,  1, 21, 34,  4,  7, 28, 18, 10, 36, 23, 13, 26, 14, 47, 39, 12, 22, 32,  3, 27, 48, 45, 44, 43, 31, 15,  2, 29,  9], 1113.95374479, 1113.95374479, 0.,  0.        ,  0.        ,  0.        ,  4, 47, 27.5)
 (45, [14, 12, 12, 10, 21, 10, 42, 37, 32, 39, 14, 26, 28, 38, 17,  5, 44, 16, 40, 19,  3, 41, 35, 27, 48, 18, 31, 20, 47, 29, 12, 24, 33,  6, 11, 22, 15, 43,  9, 36,  4,  8, 45,  7, 23, 30, 25,  1,  2, 13, 34, 46], 1113.95374479, 1113.95374479, 0.,  0.        ,  0.        ,  0.        ,  3, 48, 27. )
 (46, [11, 10, 16, 11, 32, 22, 48,  1, 30, 27, 34, 35, 20,  9, 12, 14, 47, 46, 45,  3, 44, 41, 29, 10,  4,  6, 11, 19, 26, 42, 36, 39,  5, 16, 15,  2, 17,  8, 24, 38, 23, 43, 28, 40, 21, 25,  7, 13, 37, 33, 31, 18], 1113.95374479, 1113.95374479, 0.,  0.        ,  0.        ,  0.        ,  2, 49, 26.5)
 (18, [10,  9, 16, 13,  7, 41, 31, 44, 32,  9, 42, 46, 35, 37, 22, 34, 10, 45,  6, 27,  3, 48, 11, 36, 26, 18, 17, 13, 33, 20, 29,  8,  5, 16, 28,  4, 19, 14,  1, 47, 24, 12, 21, 38, 40,  2, 15, 25, 23, 30, 39, 43], 1113.95374479, 1113.95374479, 0.,  0.        ,  0.        ,  0.        , 18, 33, 34.5)
 (39, [12, 10, 16, 10, 28, 18, 41, 47,  6, 19, 42,  8, 38, 39, 29, 21, 25, 35, 15, 45,  2, 14, 11, 17, 32, 13, 16, 43,  5, 34,  9, 33, 48, 12, 27, 10, 46, 22, 44, 26, 37, 31, 23, 30,  7,  3, 40, 36,  1, 24, 20,  4], 1113.95374479, 1113.95374479, 0.,  0.        ,  0.        ,  0.        ,  7, 44, 29. )
 (18, [10,  9, 16, 13,  7, 41, 31, 44, 32,  9, 42, 46, 35, 37, 22, 34, 10, 45,  6, 27,  3, 48, 11, 36, 26, 18, 17, 13, 33, 20, 29,  8,  5, 16, 28,  4, 19, 14,  1, 47, 24, 12, 21, 38, 40,  2, 15, 25, 23, 30, 39, 43], 1113.95374479, 1113.95374479, 0.,  0.        ,  0.        ,  0.        ,  1, 50, 26. )
 (48, [10,  9, 16, 13, 32, 37, 35,  9, 44, 31, 41,  7, 42, 46, 22, 34, 10, 45,  6, 27,  3, 48, 11, 36, 26, 18, 17, 13, 33, 20, 29,  8,  5, 16, 28,  4, 19, 14,  1, 47, 24, 12, 21, 38, 40,  2, 15, 25, 23, 30, 39, 43], 1154.6901762 , 1154.6901762 , 0.,  0.        ,  0.        ,  8.        , 32, 10, 37. )
 (18, [10,  9, 16, 13,  7, 41, 31, 44, 32,  9, 42, 46, 35, 34, 10, 22, 37, 45,  6, 27,  3, 48, 11, 36, 26, 18, 17, 13, 33, 20, 29,  8,  5, 16, 28,  4, 19, 14,  1, 47, 24, 12, 21, 38, 40,  2, 15, 25, 23, 30, 39, 43], 1159.57268777, 1159.57268777, 0.,  0.        ,  0.        ,  2.33333333, 24, 25, 36.5)
 (18, [10,  9, 16, 13, 32,  9, 42, 46, 35, 37, 44, 31, 41,  7, 22, 34, 10, 45,  6, 27,  3, 48, 11, 36, 26, 18, 17, 13, 33, 20, 29,  8,  5, 16, 28,  4, 19, 14,  1, 47, 39, 24, 12, 21, 38, 40,  2, 15, 25, 23, 30, 43], 1172.27803533, 1172.27803533, 0.,  0.        ,  0.        ,  8.        , 25, 11, 30.5)
 (18, [10,  9, 16, 13,  7, 41, 31, 44, 32,  9, 42, 46, 35, 22, 34, 10, 37, 45,  6, 27,  3, 48, 11, 36, 26, 18, 17, 13, 33, 20, 29,  8,  5, 16, 28,  4, 19, 14,  1, 47, 24, 12, 21, 38, 40,  2, 15, 25, 23, 30, 39, 43], 1176.09783122, 1176.09783122, 0.,  0.        ,  0.        ,  3.        , 26, 24, 38. )
 (47, [11, 11, 12, 14, 42, 27, 34, 48, 36,  9, 32, 13, 11, 25, 14, 21, 10,  4, 45, 37, 46,  6, 23, 17, 47, 39, 22, 35, 38,  1, 44,  5,  7,  3, 40, 20, 15,  2, 16, 31,  8, 41, 30, 29, 33, 26, 28, 12, 18, 19, 24, 43], 1189.49985468, 1189.49985468, 0.,  0.        ,  0.        ,  3.        , 27, 23, 38.5)
 (47, [11, 11, 12, 14, 42, 27, 34, 48, 36,  9, 32, 13, 11, 25, 14, 21, 10,  4, 45, 37, 46,  6, 23, 17, 47, 39, 22, 35, 38,  1, 44,  5,  7,  3, 40, 20, 15,  2, 16, 31,  8, 41, 30, 29, 33, 26, 28, 12, 18, 19, 24, 43], 1189.49985468, 1189.49985468, 0.,  0.        ,  0.        ,  3.        , 27, 23, 38.5)
 (18, [10,  9, 16, 13, 41, 31, 44, 32, 46,  9, 42, 35, 37,  7, 22, 34, 10, 45,  6, 27,  3, 48, 11, 36, 26, 18, 17, 13, 33, 20, 29,  8,  5, 16, 28,  4, 19, 14,  1, 47, 24, 12, 21, 38, 40,  2, 15, 25, 23, 30, 39, 43], 1207.09916482, 1211.21043612, 0.,  9.67950964,  0.        ,  4.33333333, 28, 16, 36. )
 (48, [12, 11, 10, 15, 26, 28, 40, 35, 12, 19,  8,  5, 29, 21, 14, 15, 38,  2, 48,  1, 45,  6, 39,  9, 25, 30, 22, 47, 41, 18,  3, 23, 27, 43, 32, 37, 17, 34, 20, 16, 10, 36, 42, 46, 13, 11,  7, 44,  4, 24, 31, 33], 1221.62647535, 1221.62647535, 0.,  0.        ,  0.        ,  4.33333333, 29, 17, 37.5)
 (48, [12, 11, 10, 15, 26, 28, 40, 35, 12, 19,  8,  5, 29, 21, 14, 15, 38,  2, 48,  1, 45,  6, 39,  9, 25, 30, 22, 47, 41, 18,  3, 23, 27, 43, 32, 37, 17, 34, 20, 16, 10, 36, 42, 46, 13, 11,  7, 44,  4, 24, 31, 33], 1221.62647535, 1221.62647535, 0.,  0.        ,  0.        ,  4.33333333, 29, 17, 37.5)
 (35, [11, 12, 12, 13, 16, 28, 14, 39, 19, 37, 36,  8, 15,  9,  3, 47, 27, 30, 17, 35, 24, 21, 44, 12,  7,  6, 22, 25, 42, 45, 23,  4, 26, 13, 48, 29, 34, 20,  1, 10, 31, 11,  2, 40, 38, 46, 33, 32,  5, 43, 18, 41], 1242.65031639, 1239.41740523, 0.,  0.        ,  1.61645558,  2.33333333, 30, 28, 44. )
 (18, [10,  9, 16, 13,  7, 41, 31, 44, 32,  9, 42, 46, 35, 37, 22, 34, 10, 45,  6, 27,  3, 48, 11, 36, 26, 28, 17, 13, 33, 20, 29,  8,  5, 16, 18,  4, 19, 14,  1, 47, 24, 12, 21, 38, 40,  2, 15, 25, 23, 30, 39, 43], 1242.65031639, 1239.41740523, 0.,  0.        ,  1.61645558,  2.33333333, 31, 27, 44.5)
 (43, [11, 13, 12, 12, 39,  7, 48, 33, 24, 47, 21, 42, 36, 35, 27, 43,  3, 22, 26, 23, 37, 12, 28, 31, 40,  1, 15,  2, 13,  4, 25, 18, 41, 32,  6, 11, 45,  5, 30, 17, 14, 16, 29, 44, 46, 19, 10, 34,  9,  8, 38, 20], 1263.62279256, 1260.38988141, 0.,  0.        ,  1.61645558,  4.33333333, 33, 18, 42. )
 (43, [11, 13, 12, 12, 39,  7, 48, 33, 24, 47, 21, 42, 36, 35, 27, 43,  3, 22, 26, 23, 37, 12, 28, 31, 40,  1, 15,  2, 13,  4, 25, 18, 41, 32,  6, 11, 45,  5, 30, 17, 14, 16, 29, 44, 46, 19, 10, 34,  9,  8, 38, 20], 1263.62279256, 1260.38988141, 0.,  0.        ,  1.61645558,  4.33333333, 33, 18, 42. )
 (18, [10,  9, 16, 13, 41, 31, 44, 32,  9, 46, 35, 37, 22, 34, 10, 45,  6, 27,  3, 48, 11,  7, 42, 36, 26, 18, 17, 13, 33, 20, 29,  8,  5, 16, 28,  4, 19, 14,  1, 47, 24, 12, 21, 38, 40,  2, 15, 25, 23, 30, 39, 43], 1266.81430836, 1266.81430836, 0.,  0.        ,  0.        ,  4.        , 34, 20, 44. )
 (18, [11,  9, 15, 13,  7, 41, 31, 44, 32,  9, 42, 46, 35, 37, 22, 34, 10, 45,  6, 27,  3, 48, 11, 36, 26, 18, 17, 13, 33, 20, 29,  8,  4,  5, 16, 19, 14, 28,  1, 47, 24, 12, 21, 38, 40,  2, 15, 25, 23, 30, 39, 43], 1311.54156164, 1311.54156164, 0.,  0.        ,  0.        ,  7.        , 35, 12, 41. )
 (18, [10,  9, 15, 14,  7, 41, 31, 44, 32,  9, 42, 46, 35, 37, 22, 34, 10, 45,  6, 27,  3, 48, 11, 36, 43, 26, 18, 17, 13, 33, 20, 29,  8,  5, 16, 28,  4, 19, 14,  1, 47, 24, 12, 21, 38, 40,  2, 15, 25, 23, 30, 39], 1335.0544228 , 1335.0544228 , 0.,  0.        ,  0.        ,  4.        , 36, 21, 46.5)
 (48, [10,  9, 16, 13,  7, 41, 31, 20, 32,  9, 42, 46, 35, 37, 22, 34, 10, 45,  6, 27,  3, 48, 11, 36, 26, 18, 17, 13, 33, 44, 29,  8,  5, 16, 28,  4, 19, 14,  1, 47, 24, 12, 21, 38, 40,  2, 15, 25, 23, 30, 39, 43], 1384.72461056, 1384.72461056, 0.,  0.        ,  0.        ,  4.        , 37, 22, 48. )
 (18, [10,  9, 16, 13,  7, 41, 31, 44, 32,  9, 42, 46,  5, 37, 22, 34, 10, 45,  6, 27,  3, 48, 11, 36, 26, 18, 17, 13, 33, 20, 29,  8, 35, 16, 28,  4, 19, 14,  1, 47, 24, 12, 21, 38, 40,  2, 15, 25, 23, 30, 39, 43], 1395.69736968, 1395.69736968, 0.,  0.        ,  0.        ,  4.        , 38, 19, 47.5)
 (18, [10,  9, 16, 13,  7, 41, 31, 44, 32,  9, 42, 46, 35, 34, 10, 22, 37, 45, 19,  6, 27,  3, 48, 11, 36, 26, 18, 17, 13, 33, 20, 29,  8,  5, 16, 28,  4, 14,  1, 47, 24, 12, 21, 38, 40,  2, 15, 25, 23, 39, 30, 43], 1399.61392956, 1399.61392956, 0.,  0.        ,  0.        ,  7.        , 39, 13, 45.5)
 (48, [10, 13, 13, 12,  7, 41, 31, 44, 32, 18, 42,  9, 35, 37, 10, 45,  6, 27,  3, 48, 11, 34, 26, 36, 22, 47, 46, 13, 33, 20, 29,  8,  5, 17, 16, 28,  4, 19, 14,  1, 39, 24, 12, 21, 38, 40, 43,  2, 15, 25, 23, 30], 1408.33491705, 1408.33491705, 0.,  0.        ,  0.        ,  8.        , 44,  9, 48.5)
 (18, [10,  9, 16, 13, 41, 31, 44,  7, 32,  9, 42, 46, 35, 37, 22, 34, 10, 45,  6, 27,  3, 48, 11, 36, 26, 18, 17, 13, 33, 30, 29,  8,  5, 16, 28,  4, 19, 14,  1, 47, 24, 12, 21, 38, 40,  2, 15, 25, 23, 20, 39, 43], 1458.54725554, 1458.54725554, 0.,  0.        ,  0.        ,  6.        , 40, 15, 47.5)
 (36, [12, 12, 13, 11, 20, 23, 12,  7, 36, 43, 44, 18, 35,  6, 48, 17, 10, 11,  3, 41,  5, 42, 39, 32, 15, 22, 28, 24, 47, 21, 16, 33, 25, 31, 30, 13, 27, 46,  4, 19, 38, 34, 37, 29,  2, 40,  8, 45, 14, 26,  1,  9], 1478.35385601, 1478.35385601, 0.,  0.        ,  0.        ,  7.        , 41, 14, 48. )
 (36, [12, 12, 13, 11, 20, 23, 12,  7, 36, 43, 44, 18, 35,  6, 48, 17, 10, 11,  3, 41,  5, 42, 39, 32, 15, 22, 28, 24, 47, 21, 16, 33, 25, 31, 30, 13, 27, 46,  4, 19, 38, 34, 37, 29,  2, 40,  8, 45, 14, 26,  1,  9], 1478.35385601, 1478.35385601, 0.,  0.        ,  0.        ,  7.        , 41, 14, 48. )
 (18, [10,  9, 16, 13,  7, 41, 31, 44, 32,  9, 42, 46, 35, 37, 22, 34, 10, 45,  6, 27,  3, 48,  5,  8, 29, 20, 33, 13, 17, 18, 26, 36, 11, 16, 28,  4, 19, 14,  1, 47, 24, 12, 21, 38, 40,  2, 15, 25, 23, 30, 39, 43], 1491.89098949, 1488.81729995, 0.,  0.        ,  1.53684477, 12.        , 42,  6, 45. )
 (18, [ 9,  8, 16, 15,  7, 48, 41, 31, 44, 32,  9, 42, 46, 35, 37, 22, 34, 10, 45,  6, 27,  3, 11, 36, 26, 18, 17, 13, 33, 20, 29,  8,  5, 47, 16, 28,  4, 19, 14,  1, 24, 12, 21, 38, 40,  2, 15, 25, 23, 30, 39, 43], 1690.06333662, 1690.06333662, 0.,  0.        ,  0.        , 10.        , 45,  8, 49. )
 (18, [12,  7, 16, 13, 39,  7, 41, 44, 32,  9, 42, 46, 35, 37, 22, 34, 10, 45,  6, 27,  3, 48, 11, 36, 26, 18, 17, 13, 33, 20, 29,  8,  5, 43, 16, 28, 12,  4, 19, 14,  2, 31,  1, 23, 47, 24, 21, 38, 40, 15, 25, 30], 1717.47738613, 1717.47738613, 0.,  0.        ,  0.        , 18.        , 46,  5, 48.5)
 (18, [11,  9, 15, 13,  7, 41,  9, 11, 48,  3, 27,  6, 45, 10, 37, 34, 22, 35, 46, 32, 44, 31, 42, 36, 26, 21, 18, 17, 13, 33, 20, 29,  8,  5, 16,  4, 19, 14, 28,  1, 47, 24, 12, 38, 40,  2, 15, 25, 23, 30, 39, 43], 1735.11822801, 1815.32251437, 0.,  6.61679397,  0.        , 24.33333333, 47,  1, 47.5)
 (42, [13, 12, 11, 12, 42, 14, 28, 19,  5, 34, 20, 44, 24,  8, 32, 23, 47, 15,  3, 36, 31, 25, 37, 40, 21, 48, 26, 11, 39, 43, 22, 41, 12, 33,  1, 10, 17, 16, 46, 13, 29,  7,  4, 27,  2, 45, 38, 30,  6, 18,  9, 35], 1838.32503417, 2017.85633065, 0., 23.22246044,  0.        , 20.33333333, 48,  3, 49.5)
 (42, [13, 12, 11, 12, 42, 14, 28, 19,  5, 34, 20, 44, 24,  8, 32, 23, 47, 15,  3, 36, 31, 25, 37, 40, 21, 48, 26, 11, 39, 43, 22, 41, 12, 33,  1, 10, 17, 16, 46, 13, 29,  7,  4, 27,  2, 45, 38, 30,  6, 18,  9, 35], 1838.32503417, 2017.85633065, 0., 23.22246044,  0.        , 20.33333333, 48,  3, 49.5)
 (48, [11,  7, 17, 13,  7, 41, 31, 44, 32,  9, 42, 46, 35, 37, 22, 34, 10, 45,  6, 27,  3, 48, 11, 36, 26, 18, 17, 13, 33, 20, 29, 38, 21, 12, 24, 47,  1, 14, 19,  4, 28, 16,  5,  8, 40,  2, 15, 25, 23, 30, 39, 43], 2001.23729246, 2217.7280507 , 0., 50.06860664,  0.        , 18.        , 49,  4, 51. )
 (18, [ 9,  9, 16, 14, 32,  9, 46, 35, 37, 22, 34, 10, 45, 44, 31, 41,  7, 42,  6, 27,  3, 48, 11, 36, 26, 24, 47,  1, 14, 19,  4, 28, 16,  5,  8, 29, 20, 33, 13, 17, 18, 12, 21, 38, 40,  2, 15, 25, 23, 30, 39, 43], 2097.5207794 , 2052.26505343, 0.,  6.2314052 , 35.25822447, 23.66666667, 50,  2, 51. )]