
Total Runtime in seconds: 171.37060570716858Parameters:
population_size: 100, max_generations: 1000, executed generations: 1000, threshold_no_improvement: 500
target feasible proportion: 25
fitness_scaling: power_rank, selection_method: n_tournaments
p_c: 0.8, p_m: 0.4
tournament_size: 2, n_elite: 10
survivor_selection_step: 200, p_selection_survival: 0.7
kill clone step: 100
diversify_step: 300, diversify_step: 300, p_diversify_survival: 0.3
n_closest_neighbors: 3, diversity_weight: 0.5, distance_method: broken_pairs_distance
capacity_penalty_factor: 2, duration_penalty_factor 2, time_window_penalty: 2
Best fitness all generations, best individual before/after local search: 1419.7970641079858, 1444.4220675603842 / 1444.4220675603842
Best individual found before local search: (97, [12, 12, 12, 12,  6,  3, 48, 11, 41, 44, 39, 15, 23, 36, 32, 37, 34, 46, 21, 43, 10, 45, 27, 22, 42,  9, 35,  7, 33, 13,  8, 20,  4, 19, 14, 26, 25, 17, 18, 16, 30,  2, 31, 29,  5,  1, 28, 47, 24, 12, 38, 40], 1444.42206756, 1444.42206756, 0., 0., 0., 0., 0, 0, 0.)
Best individual found after local search: (97, [12, 12, 12, 12,  6,  3, 48, 11, 41, 44, 39, 15, 23, 36, 32, 37, 34, 46, 21, 43, 10, 45, 27, 22, 42,  9, 35,  7, 33, 13,  8, 20,  4, 19, 14, 26, 25, 17, 18, 16, 30,  2, 31, 29,  5,  1, 28, 47, 24, 12, 38, 40], 1444.42206756, 1444.42206756, 0., 0., 0., 0., 0, 0, 0.)
Best feasible individual found: (97, [12, 12, 12, 12,  6,  3, 48, 11, 41, 44, 39, 15, 23, 36, 32, 37, 34, 46, 21, 43, 10, 45, 27, 22, 42,  9, 35,  7, 33, 13,  8, 20,  4, 19, 14, 26, 25, 17, 18, 16, 30,  2, 31, 29,  5,  1, 28, 47, 24, 12, 38, 40], 1444.42206756, 1444.42206756, 0., 0., 0., 0., 0, 0, 0.)

Fitness stats min: [3416.88182144 3416.88182144 3083.84958528 3058.88918642 3058.88918642
 3058.88918642 3058.88918642 3058.88918642 3005.51891891 3005.51891891
 3002.6296428  2978.86709183 2911.08755063 2897.15845968 2897.15845968
 2897.15845968 2886.39845139 2807.55612425 2796.64320432 2796.64320432
 2793.30791487 2793.30791487 2793.30791487 2776.51615782 2724.04006443
 2679.39277494 2667.98952817 2599.14170478 2599.14170478 2599.14170478
 2552.86433559 2552.86433559 2541.46108882 2485.67279309 2448.63675241
 2386.22116342 2386.22116342 2385.91787571 2385.91787571 2385.91787571
 2385.91787571 2385.91787571 2385.91787571 2385.91787571 2352.92947373
 2352.92947373 2352.92947373 2352.92947373 2352.92947373 2352.92947373
 2267.39433766 2267.39433766 2267.39433766 2267.39433766 2267.39433766
 2267.39433766 2267.39433766 2252.12872891 2227.00747069 2227.00747069
 2227.00747069 2221.05227204 2221.05227204 2159.98574261 2159.98574261
 2159.98574261 2148.45088231 2148.45088231 2148.45088231 2116.23329573
 2116.23329573 2116.23329573 2116.23329573 2116.23329573 2104.69843543
 2104.69843543 2104.69843543 2062.77111874 2062.77111874 2062.77111874
 2062.77111874 2053.48498244 2053.48498244 2053.48498244 2053.48498244
 2053.48498244 2031.61268174 2031.61268174 2031.61268174 2021.01284717
 2021.01284717 2016.57018903 2016.57018903 2016.57018903 1989.24758463
 1970.83800409 1970.83800409 1970.83800409 1970.83800409 1970.83800409
 1970.83800409 1970.83800409 1970.83800409 1970.83800409 1937.28677682
 1937.28677682 1937.28677682 1937.28677682 1937.28677682 1937.28677682
 1935.36238643 1922.94268003 1922.94268003 1917.45092357 1917.45092357
 1917.45092357 1903.35011639 1897.56091835 1894.56424999 1894.56424999
 1888.01331825 1887.15139987 1887.15139987 1865.29377432 1865.29377432
 1865.29377432 1865.29377432 1837.14129904 1837.14129904 1837.14129904
 1837.14129904 1837.14129904 1792.99038908 1792.99038908 1792.99038908
 1792.99038908 1792.99038908 1792.99038908 1792.99038908 1792.99038908
 1792.99038908 1792.99038908 1792.99038908 1792.99038908 1792.99038908
 1792.99038908 1773.88766387 1750.46731757 1750.46731757 1750.46731757
 1750.46731757 1747.53614547 1747.53614547 1747.53614547 1747.53614547
 1720.27170128 1720.27170128 1720.27170128 1720.27170128 1720.27170128
 1720.27170128 1720.27170128 1720.27170128 1720.27170128 1720.27170128
 1720.27170128 1720.27170128 1720.27170128 1720.27170128 1720.27170128
 1720.27170128 1720.27170128 1720.27170128 1720.27170128 1720.27170128
 1720.27170128 1720.27170128 1720.27170128 1720.27170128 1720.27170128
 1720.27170128 1720.27170128 1720.27170128 1720.27170128 1720.27170128
 1720.27170128 1720.27170128 1720.27170128 1720.27170128 1720.27170128
 1720.27170128 1720.27170128 1720.27170128 1720.27170128 1720.27170128
 1720.27170128 1720.27170128 1720.27170128 1720.27170128 1720.27170128
 1720.27170128 1720.27170128 1720.27170128 1714.69962816 1714.69962816
 1714.69962816 1714.69962816 1701.94508543 1701.94508543 1701.94508543
 1701.94508543 1701.94508543 1701.94508543 1682.04032911 1682.04032911
 1682.04032911 1682.04032911 1682.04032911 1682.04032911 1682.04032911
 1682.04032911 1682.04032911 1682.04032911 1682.04032911 1681.12553108
 1653.99152752 1653.99152752 1653.99152752 1653.99152752 1653.99152752
 1653.99152752 1653.99152752 1653.99152752 1653.07672949 1653.07672949
 1653.07672949 1634.08677119 1634.08677119 1634.08677119 1634.08677119
 1634.08677119 1634.08677119 1633.17197316 1633.17197316 1633.17197316
 1633.17197316 1633.17197316 1633.17197316 1633.17197316 1633.17197316
 1633.17197316 1633.17197316 1633.17197316 1633.17197316 1633.17197316
 1633.17197316 1626.0812511  1626.0812511  1621.63314384 1621.63314384
 1621.63314384 1616.77895952 1616.77895952 1616.77895952 1616.77895952
 1616.77895952 1616.77895952 1616.77895952 1605.60532292 1605.60532292
 1605.60532292 1605.60532292 1605.60532292 1605.60532292 1605.60532292
 1605.60532292 1605.60532292 1605.60532292 1605.60532292 1586.50569874
 1586.50569874 1586.50569874 1586.50569874 1586.50569874 1586.50569874
 1586.50569874 1586.50569874 1586.50569874 1586.50569874 1586.50569874
 1563.11293889 1563.11293889 1563.11293889 1563.11293889 1563.11293889
 1563.11293889 1563.11293889 1554.86945186 1554.86945186 1554.86945186
 1554.86945186 1554.86945186 1554.86945186 1554.86945186 1554.86945186
 1554.86945186 1554.86945186 1554.86945186 1554.86945186 1554.86945186
 1554.86945186 1554.86945186 1554.86945186 1554.86945186 1554.86945186
 1554.86945186 1554.86945186 1554.86945186 1554.86945186 1554.86945186
 1554.86945186 1554.86945186 1554.86945186 1554.86945186 1554.86945186
 1554.86945186 1551.24047249 1551.24047249 1551.24047249 1551.24047249
 1551.24047249 1551.24047249 1551.24047249 1551.24047249 1551.24047249
 1551.24047249 1551.24047249 1551.24047249 1551.24047249 1551.24047249
 1551.24047249 1551.24047249 1551.24047249 1551.24047249 1551.24047249
 1544.12162446 1544.12162446 1544.12162446 1544.12162446 1544.12162446
 1523.37589141 1523.37589141 1523.37589141 1523.37589141 1523.37589141
 1523.37589141 1523.37589141 1523.37589141 1523.37589141 1523.37589141
 1523.37589141 1523.37589141 1523.37589141 1523.37589141 1523.37589141
 1523.37589141 1523.37589141 1523.37589141 1523.37589141 1523.37589141
 1515.49898333 1515.49898333 1515.49898333 1515.49898333 1515.49898333
 1515.49898333 1494.07160247 1494.07160247 1494.07160247 1494.07160247
 1494.07160247 1494.07160247 1494.07160247 1494.07160247 1494.07160247
 1494.07160247 1494.07160247 1488.68599147 1488.68599147 1488.68599147
 1488.68599147 1488.68599147 1488.68599147 1488.68599147 1488.68599147
 1488.68599147 1488.68599147 1488.68599147 1461.40064236 1461.40064236
 1461.40064236 1461.40064236 1461.40064236 1461.40064236 1461.40064236
 1461.40064236 1461.40064236 1461.40064236 1461.40064236 1461.40064236
 1461.40064236 1461.40064236 1461.40064236 1461.40064236 1461.40064236
 1461.40064236 1461.40064236 1461.40064236 1454.13198545 1454.13198545
 1454.13198545 1454.13198545 1454.13198545 1454.13198545 1454.13198545
 1454.13198545 1454.13198545 1454.13198545 1454.13198545 1454.13198545
 1454.13198545 1454.13198545 1454.13198545 1454.13198545 1454.13198545
 1454.13198545 1454.13198545 1454.13198545 1454.13198545 1454.13198545
 1454.13198545 1454.13198545 1454.13198545 1454.13198545 1454.13198545
 1454.13198545 1454.13198545 1454.13198545 1454.13198545 1454.13198545
 1454.13198545 1454.13198545 1454.13198545 1454.13198545 1454.13198545
 1454.13198545 1454.13198545 1454.13198545 1454.13198545 1454.13198545
 1454.13198545 1454.13198545 1454.13198545 1454.13198545 1454.13198545
 1454.13198545 1454.13198545 1454.13198545 1454.13198545 1454.13198545
 1454.13198545 1452.682245   1452.682245   1452.682245   1452.682245
 1452.682245   1452.682245   1452.682245   1452.682245   1452.682245
 1452.682245   1452.682245   1452.682245   1452.682245   1452.682245
 1452.682245   1452.682245   1452.682245   1452.682245   1452.682245
 1452.682245   1452.682245   1452.682245   1452.682245   1452.682245
 1452.682245   1452.682245   1452.682245   1452.682245   1452.682245
 1452.682245   1452.682245   1452.682245   1452.682245   1452.682245
 1452.682245   1452.682245   1452.682245   1452.682245   1452.682245
 1452.682245   1452.682245   1452.682245   1452.682245   1452.682245
 1452.682245   1452.682245   1452.682245   1452.682245   1452.682245
 1452.682245   1452.682245   1452.682245   1452.682245   1452.682245
 1452.682245   1452.682245   1452.682245   1452.682245   1452.682245
 1452.682245   1452.682245   1452.682245   1452.682245   1452.682245
 1452.682245   1452.682245   1452.682245   1452.682245   1452.682245
 1452.682245   1452.682245   1452.682245   1452.682245   1452.682245
 1452.682245   1452.682245   1452.682245   1452.682245   1452.682245
 1452.682245   1452.682245   1452.682245   1452.682245   1452.682245
 1452.682245   1452.682245   1452.682245   1452.682245   1452.682245
 1452.682245   1452.682245   1452.682245   1452.682245   1452.682245
 1452.682245   1452.682245   1452.682245   1452.682245   1452.682245
 1452.682245   1452.682245   1452.682245   1452.682245   1452.682245
 1452.682245   1452.682245   1452.682245   1452.682245   1452.682245
 1452.682245   1452.682245   1452.682245   1452.682245   1452.682245
 1452.682245   1452.682245   1452.682245   1452.682245   1452.682245
 1452.682245   1452.682245   1452.682245   1452.682245   1452.682245
 1452.682245   1452.682245   1452.682245   1452.682245   1452.682245
 1452.682245   1452.682245   1452.682245   1452.682245   1452.682245
 1452.682245   1452.682245   1452.682245   1452.682245   1452.682245
 1452.682245   1452.682245   1452.682245   1452.682245   1452.682245
 1452.682245   1452.682245   1452.682245   1452.682245   1452.682245
 1452.682245   1452.682245   1452.682245   1452.682245   1452.682245
 1452.682245   1452.682245   1452.682245   1452.682245   1452.682245
 1452.682245   1452.682245   1452.682245   1452.682245   1452.682245
 1452.682245   1452.682245   1452.682245   1452.682245   1452.682245
 1452.682245   1452.682245   1452.682245   1452.682245   1452.682245
 1452.682245   1452.682245   1452.682245   1452.682245   1452.682245
 1452.682245   1452.682245   1452.682245   1452.682245   1452.682245
 1452.682245   1452.682245   1452.682245   1452.682245   1452.682245
 1452.682245   1452.682245   1452.682245   1452.682245   1452.682245
 1452.682245   1452.682245   1452.682245   1452.682245   1452.682245
 1452.682245   1452.682245   1452.682245   1452.682245   1452.682245
 1452.682245   1452.682245   1452.682245   1452.682245   1452.682245
 1452.682245   1452.682245   1452.682245   1452.682245   1452.682245
 1452.682245   1452.682245   1452.682245   1452.682245   1452.682245
 1452.682245   1452.682245   1452.682245   1452.682245   1452.682245
 1452.682245   1452.682245   1452.682245   1452.682245   1452.682245
 1452.682245   1452.682245   1452.682245   1452.682245   1452.682245
 1452.682245   1452.682245   1452.682245   1452.682245   1452.682245
 1452.682245   1452.682245   1452.682245   1452.682245   1452.682245
 1452.682245   1452.682245   1452.682245   1452.682245   1452.682245
 1452.682245   1452.682245   1452.682245   1452.682245   1452.682245
 1452.682245   1452.682245   1452.682245   1452.682245   1452.682245
 1452.682245   1452.682245   1452.682245   1452.682245   1452.682245
 1452.682245   1452.682245   1452.682245   1452.682245   1452.682245
 1452.682245   1452.682245   1452.682245   1452.682245   1452.682245
 1452.682245   1452.682245   1452.682245   1452.682245   1452.682245
 1452.682245   1452.682245   1452.682245   1452.682245   1452.682245
 1452.682245   1452.682245   1452.682245   1452.682245   1452.682245
 1452.682245   1452.682245   1452.682245   1452.682245   1452.682245
 1452.682245   1452.682245   1452.682245   1452.682245   1452.682245
 1452.682245   1452.682245   1452.682245   1452.682245   1452.682245
 1452.682245   1452.682245   1452.682245   1452.682245   1452.682245
 1452.682245   1452.682245   1452.682245   1452.682245   1452.682245
 1452.682245   1452.682245   1452.682245   1452.682245   1452.682245
 1452.682245   1452.682245   1452.682245   1452.682245   1452.682245
 1452.682245   1452.682245   1452.682245   1452.682245   1452.682245
 1452.682245   1452.682245   1452.682245   1452.682245   1452.682245
 1452.682245   1452.682245   1452.682245   1452.682245   1452.682245
 1452.682245   1452.682245   1452.682245   1452.682245   1452.682245
 1452.682245   1444.42206756 1444.42206756 1444.42206756 1444.42206756
 1444.42206756 1444.42206756 1444.42206756 1444.42206756 1444.42206756
 1444.42206756 1444.42206756 1444.42206756 1444.42206756 1444.42206756
 1444.42206756 1444.42206756 1444.42206756 1444.42206756 1444.42206756
 1444.42206756 1444.42206756 1444.42206756 1444.42206756 1444.42206756
 1444.42206756 1444.42206756 1444.42206756 1444.42206756 1444.42206756
 1444.42206756 1444.42206756 1444.42206756 1444.42206756 1444.42206756
 1444.42206756 1444.42206756 1444.42206756 1444.42206756 1444.42206756
 1444.42206756 1444.42206756 1444.42206756 1444.42206756 1444.42206756
 1444.42206756 1444.42206756 1444.42206756 1444.42206756 1444.42206756
 1444.42206756 1444.42206756 1444.42206756 1444.42206756 1444.42206756
 1444.42206756 1444.42206756 1444.42206756 1444.42206756 1444.42206756
 1444.42206756 1444.42206756 1444.42206756 1444.42206756 1444.42206756
 1444.42206756 1444.42206756 1444.42206756 1444.42206756 1444.42206756
 1444.42206756 1444.42206756 1444.42206756 1444.42206756 1444.42206756
 1444.42206756 1444.42206756 1444.42206756 1444.42206756 1444.42206756
 1419.79706411 1419.79706411 1419.79706411 1419.79706411 1419.79706411
 1419.79706411 1419.79706411 1419.79706411 1419.79706411 1419.79706411
 1419.79706411 1419.79706411 1419.79706411 1419.79706411 1419.79706411
 1419.79706411 1419.79706411 1419.79706411 1419.79706411 1419.79706411
 1419.79706411 1419.79706411 1419.79706411 1419.79706411 1419.79706411
 1419.79706411 1419.79706411 1419.79706411 1419.79706411 1419.79706411
 1419.79706411 1419.79706411 1419.79706411 1419.79706411 1419.79706411
 1419.79706411 1419.79706411 1419.79706411 1419.79706411 1419.79706411
 1419.79706411 1419.79706411 1419.79706411 1419.79706411 1419.79706411
 1419.79706411 1419.79706411 1419.79706411 1419.79706411 1419.79706411
 1419.79706411 1419.79706411 1419.79706411 1419.79706411 1419.79706411
 1419.79706411 1419.79706411 1419.79706411 1419.79706411 1419.79706411
 1419.79706411 1419.79706411 1419.79706411 1419.79706411 1419.79706411
 1419.79706411 1419.79706411 1419.79706411 1419.79706411 1419.79706411
 1419.79706411 1419.79706411 1419.79706411 1419.79706411 1419.79706411
 1419.79706411 1419.79706411 1419.79706411 1419.79706411 1419.79706411
 1419.79706411 1419.79706411 1419.79706411 1419.79706411 1419.79706411
 1419.79706411 1419.79706411 1419.79706411 1419.79706411 1419.79706411
 1419.79706411 1419.79706411 1419.79706411 1419.79706411 1419.79706411
 1419.79706411 1419.79706411 1419.79706411 1419.79706411 1419.79706411
 1419.79706411 1419.79706411 1419.79706411 1419.79706411 1419.79706411
 1444.42206756] 

Fitness stats feasible min: [3595.82496833 3595.82496833 3083.84958528 3058.88918642 3058.88918642
 3058.88918642 3058.88918642 3058.88918642 3021.60264022 3021.60264022
 3002.6296428  2978.86709183 2911.08755063 2911.08755063 2911.08755063
 2911.08755063 2894.97005365 2831.68971699 2831.68971699 2826.98476814
 2793.30791487 2793.30791487 2793.30791487 2776.51615782 2776.51615782
 2679.39277494 2667.98952817 2599.14170478 2599.14170478 2599.14170478
 2552.86433559 2552.86433559 2541.46108882 2485.67279309 2485.67279309
 2485.67279309 2485.67279309 2474.26954632 2463.99360323 2463.99360323
 2457.66410105 2456.69596863 2456.69596863 2412.06470846 2352.92947373
 2352.92947373 2352.92947373 2352.92947373 2352.92947373 2352.92947373
 2267.39433766 2267.39433766 2267.39433766 2267.39433766 2267.39433766
 2267.39433766 2267.39433766 2252.12872891 2227.00747069 2227.00747069
 2227.00747069 2221.05227204 2221.05227204 2159.98574261 2159.98574261
 2159.98574261 2148.45088231 2148.45088231 2148.45088231 2116.23329573
 2116.23329573 2116.23329573 2116.23329573 2116.23329573 2104.69843543
 2104.69843543 2104.69843543 2062.77111874 2062.77111874 2062.77111874
 2062.77111874 2053.48498244 2053.48498244 2053.48498244 2053.48498244
 2053.48498244 2053.48498244 2036.35416005 2036.35416005 2036.35416005
 2036.35416005 2036.35416005 2036.35416005 2036.35416005 2010.87904744
 1970.83800409 1970.83800409 1970.83800409 1970.83800409 1970.83800409
 1970.83800409 1970.83800409 1970.83800409 1970.83800409 1937.28677682
 1937.28677682 1937.28677682 1937.28677682 1937.28677682 1937.28677682
 1935.36238643 1922.94268003 1922.94268003 1917.45092357 1917.45092357
 1917.45092357 1903.35011639 1897.56091835 1894.56424999 1894.56424999
 1888.01331825 1887.15139987 1887.15139987 1865.29377432 1865.29377432
 1865.29377432 1865.29377432 1837.14129904 1837.14129904 1837.14129904
 1837.14129904 1837.14129904 1792.99038908 1792.99038908 1792.99038908
 1792.99038908 1792.99038908 1792.99038908 1792.99038908 1792.99038908
 1792.99038908 1792.99038908 1792.99038908 1792.99038908 1792.99038908
 1792.99038908 1773.88766387 1750.46731757 1750.46731757 1750.46731757
 1750.46731757 1747.53614547 1747.53614547 1747.53614547 1747.53614547
 1747.53614547 1745.17660012 1745.17660012 1745.17660012 1745.17660012
 1745.17660012 1745.17660012 1745.17660012 1745.17660012 1745.17660012
 1745.17660012 1745.17660012 1744.0391798  1744.0391798  1743.5027351
 1742.02895937 1737.10303589 1737.10303589 1737.10303589 1737.10303589
 1730.07448531 1730.07448531 1730.07448531 1730.07448531 1730.07448531
 1730.07448531 1730.07448531 1730.07448531 1730.07448531 1730.07448531
 1730.07448531 1730.07448531 1730.07448531 1729.41000411 1729.41000411
 1729.41000411 1729.41000411 1729.41000411 1729.41000411 1729.41000411
 1729.41000411 1729.41000411 1729.41000411 1729.41000411 1729.41000411
 1729.41000411 1729.41000411 1729.41000411 1714.69962816 1714.69962816
 1714.69962816 1714.69962816 1701.94508543 1701.94508543 1701.94508543
 1701.94508543 1701.94508543 1701.94508543 1701.94508543 1701.94508543
 1701.94508543 1701.94508543 1701.94508543 1701.94508543 1701.94508543
 1701.94508543 1701.94508543 1701.94508543 1701.94508543 1701.94508543
 1653.99152752 1653.99152752 1653.99152752 1653.99152752 1653.99152752
 1653.99152752 1653.99152752 1653.99152752 1653.07672949 1653.07672949
 1653.07672949 1653.07672949 1653.07672949 1653.07672949 1651.99423792
 1651.99423792 1651.99423792 1651.99423792 1651.99423792 1651.99423792
 1651.99423792 1651.99423792 1645.98600743 1645.98600743 1645.98600743
 1645.98600743 1645.98600743 1645.98600743 1640.34600916 1640.34600916
 1640.34600916 1640.34600916 1640.34600916 1621.63314384 1621.63314384
 1621.63314384 1621.63314384 1621.63314384 1621.63314384 1621.63314384
 1621.63314384 1621.63314384 1621.45520899 1605.60532292 1605.60532292
 1605.60532292 1605.60532292 1605.60532292 1605.60532292 1605.60532292
 1605.60532292 1605.60532292 1605.60532292 1605.60532292 1586.50569874
 1586.50569874 1586.50569874 1586.50569874 1586.50569874 1586.50569874
 1586.50569874 1586.50569874 1586.50569874 1586.50569874 1586.50569874
 1563.11293889 1563.11293889 1563.11293889 1563.11293889 1563.11293889
 1563.11293889 1563.11293889 1554.86945186 1554.86945186 1554.86945186
 1554.86945186 1554.86945186 1554.86945186 1554.86945186 1554.86945186
 1554.86945186 1554.86945186 1554.86945186 1554.86945186 1554.86945186
 1554.86945186 1554.86945186 1554.86945186 1554.86945186 1554.86945186
 1554.86945186 1554.86945186 1554.86945186 1554.86945186 1554.86945186
 1554.86945186 1554.86945186 1554.86945186 1554.86945186 1554.86945186
 1554.86945186 1551.24047249 1551.24047249 1551.24047249 1551.24047249
 1551.24047249 1551.24047249 1551.24047249 1551.24047249 1551.24047249
 1551.24047249 1551.24047249 1551.24047249 1551.24047249 1551.24047249
 1551.24047249 1551.24047249 1551.24047249 1551.24047249 1551.24047249
 1544.12162446 1544.12162446 1544.12162446 1544.12162446 1544.12162446
 1523.37589141 1523.37589141 1523.37589141 1523.37589141 1523.37589141
 1523.37589141 1523.37589141 1523.37589141 1523.37589141 1523.37589141
 1523.37589141 1523.37589141 1523.37589141 1523.37589141 1523.37589141
 1523.37589141 1523.37589141 1523.37589141 1523.37589141 1523.37589141
 1515.49898333 1515.49898333 1515.49898333 1515.49898333 1515.49898333
 1515.49898333 1494.07160247 1494.07160247 1494.07160247 1494.07160247
 1494.07160247 1494.07160247 1494.07160247 1494.07160247 1494.07160247
 1494.07160247 1494.07160247 1488.68599147 1488.68599147 1488.68599147
 1488.68599147 1488.68599147 1488.68599147 1488.68599147 1488.68599147
 1488.68599147 1488.68599147 1488.68599147 1461.40064236 1461.40064236
 1461.40064236 1461.40064236 1461.40064236 1461.40064236 1461.40064236
 1461.40064236 1461.40064236 1461.40064236 1461.40064236 1461.40064236
 1461.40064236 1461.40064236 1461.40064236 1461.40064236 1461.40064236
 1461.40064236 1461.40064236 1461.40064236 1454.13198545 1454.13198545
 1454.13198545 1454.13198545 1454.13198545 1454.13198545 1454.13198545
 1454.13198545 1454.13198545 1454.13198545 1454.13198545 1454.13198545
 1454.13198545 1454.13198545 1454.13198545 1454.13198545 1454.13198545
 1454.13198545 1454.13198545 1454.13198545 1454.13198545 1454.13198545
 1454.13198545 1454.13198545 1454.13198545 1454.13198545 1454.13198545
 1454.13198545 1454.13198545 1454.13198545 1454.13198545 1454.13198545
 1454.13198545 1454.13198545 1454.13198545 1454.13198545 1454.13198545
 1454.13198545 1454.13198545 1454.13198545 1454.13198545 1454.13198545
 1454.13198545 1454.13198545 1454.13198545 1454.13198545 1454.13198545
 1454.13198545 1454.13198545 1454.13198545 1454.13198545 1454.13198545
 1454.13198545 1452.682245   1452.682245   1452.682245   1452.682245
 1452.682245   1452.682245   1452.682245   1452.682245   1452.682245
 1452.682245   1452.682245   1452.682245   1452.682245   1452.682245
 1452.682245   1452.682245   1452.682245   1452.682245   1452.682245
 1452.682245   1452.682245   1452.682245   1452.682245   1452.682245
 1452.682245   1452.682245   1452.682245   1452.682245   1452.682245
 1452.682245   1452.682245   1452.682245   1452.682245   1452.682245
 1452.682245   1452.682245   1452.682245   1452.682245   1452.682245
 1452.682245   1452.682245   1452.682245   1452.682245   1452.682245
 1452.682245   1452.682245   1452.682245   1452.682245   1452.682245
 1452.682245   1452.682245   1452.682245   1452.682245   1452.682245
 1452.682245   1452.682245   1452.682245   1452.682245   1452.682245
 1452.682245   1452.682245   1452.682245   1452.682245   1452.682245
 1452.682245   1452.682245   1452.682245   1452.682245   1452.682245
 1452.682245   1452.682245   1452.682245   1452.682245   1452.682245
 1452.682245   1452.682245   1452.682245   1452.682245   1452.682245
 1452.682245   1452.682245   1452.682245   1452.682245   1452.682245
 1452.682245   1452.682245   1452.682245   1452.682245   1452.682245
 1452.682245   1452.682245   1452.682245   1452.682245   1452.682245
 1452.682245   1452.682245   1452.682245   1452.682245   1452.682245
 1452.682245   1452.682245   1452.682245   1452.682245   1452.682245
 1452.682245   1452.682245   1452.682245   1452.682245   1452.682245
 1452.682245   1452.682245   1452.682245   1452.682245   1452.682245
 1452.682245   1452.682245   1452.682245   1452.682245   1452.682245
 1452.682245   1452.682245   1452.682245   1452.682245   1452.682245
 1452.682245   1452.682245   1452.682245   1452.682245   1452.682245
 1452.682245   1452.682245   1452.682245   1452.682245   1452.682245
 1452.682245   1452.682245   1452.682245   1452.682245   1452.682245
 1452.682245   1452.682245   1452.682245   1452.682245   1452.682245
 1452.682245   1452.682245   1452.682245   1452.682245   1452.682245
 1452.682245   1452.682245   1452.682245   1452.682245   1452.682245
 1452.682245   1452.682245   1452.682245   1452.682245   1452.682245
 1452.682245   1452.682245   1452.682245   1452.682245   1452.682245
 1452.682245   1452.682245   1452.682245   1452.682245   1452.682245
 1452.682245   1452.682245   1452.682245   1452.682245   1452.682245
 1452.682245   1452.682245   1452.682245   1452.682245   1452.682245
 1452.682245   1452.682245   1452.682245   1452.682245   1452.682245
 1452.682245   1452.682245   1452.682245   1452.682245   1452.682245
 1452.682245   1452.682245   1452.682245   1452.682245   1452.682245
 1452.682245   1452.682245   1452.682245   1452.682245   1452.682245
 1452.682245   1452.682245   1452.682245   1452.682245   1452.682245
 1452.682245   1452.682245   1452.682245   1452.682245   1452.682245
 1452.682245   1452.682245   1452.682245   1452.682245   1452.682245
 1452.682245   1452.682245   1452.682245   1452.682245   1452.682245
 1452.682245   1452.682245   1452.682245   1452.682245   1452.682245
 1452.682245   1452.682245   1452.682245   1452.682245   1452.682245
 1452.682245   1452.682245   1452.682245   1452.682245   1452.682245
 1452.682245   1452.682245   1452.682245   1452.682245   1452.682245
 1452.682245   1452.682245   1452.682245   1452.682245   1452.682245
 1452.682245   1452.682245   1452.682245   1452.682245   1452.682245
 1452.682245   1452.682245   1452.682245   1452.682245   1452.682245
 1452.682245   1452.682245   1452.682245   1452.682245   1452.682245
 1452.682245   1452.682245   1452.682245   1452.682245   1452.682245
 1452.682245   1452.682245   1452.682245   1452.682245   1452.682245
 1452.682245   1452.682245   1452.682245   1452.682245   1452.682245
 1452.682245   1452.682245   1452.682245   1452.682245   1452.682245
 1452.682245   1452.682245   1452.682245   1452.682245   1452.682245
 1452.682245   1452.682245   1452.682245   1452.682245   1452.682245
 1452.682245   1452.682245   1452.682245   1452.682245   1452.682245
 1452.682245   1452.682245   1452.682245   1452.682245   1452.682245
 1452.682245   1452.682245   1452.682245   1452.682245   1452.682245
 1452.682245   1452.682245   1452.682245   1452.682245   1452.682245
 1452.682245   1452.682245   1452.682245   1452.682245   1452.682245
 1452.682245   1452.682245   1452.682245   1452.682245   1452.682245
 1452.682245   1452.682245   1452.682245   1452.682245   1452.682245
 1452.682245   1452.682245   1452.682245   1452.682245   1452.682245
 1452.682245   1452.682245   1452.682245   1452.682245   1452.682245
 1452.682245   1452.682245   1452.682245   1452.682245   1452.682245
 1452.682245   1452.682245   1452.682245   1452.682245   1452.682245
 1452.682245   1444.42206756 1444.42206756 1444.42206756 1444.42206756
 1444.42206756 1444.42206756 1444.42206756 1444.42206756 1444.42206756
 1444.42206756 1444.42206756 1444.42206756 1444.42206756 1444.42206756
 1444.42206756 1444.42206756 1444.42206756 1444.42206756 1444.42206756
 1444.42206756 1444.42206756 1444.42206756 1444.42206756 1444.42206756
 1444.42206756 1444.42206756 1444.42206756 1444.42206756 1444.42206756
 1444.42206756 1444.42206756 1444.42206756 1444.42206756 1444.42206756
 1444.42206756 1444.42206756 1444.42206756 1444.42206756 1444.42206756
 1444.42206756 1444.42206756 1444.42206756 1444.42206756 1444.42206756
 1444.42206756 1444.42206756 1444.42206756 1444.42206756 1444.42206756
 1444.42206756 1444.42206756 1444.42206756 1444.42206756 1444.42206756
 1444.42206756 1444.42206756 1444.42206756 1444.42206756 1444.42206756
 1444.42206756 1444.42206756 1444.42206756 1444.42206756 1444.42206756
 1444.42206756 1444.42206756 1444.42206756 1444.42206756 1444.42206756
 1444.42206756 1444.42206756 1444.42206756 1444.42206756 1444.42206756
 1444.42206756 1444.42206756 1444.42206756 1444.42206756 1444.42206756
 1444.42206756 1444.42206756 1444.42206756 1444.42206756 1444.42206756
 1444.42206756 1444.42206756 1444.42206756 1444.42206756 1444.42206756
 1444.42206756 1444.42206756 1444.42206756 1444.42206756 1444.42206756
 1444.42206756 1444.42206756 1444.42206756 1444.42206756 1444.42206756
 1444.42206756 1444.42206756 1444.42206756 1444.42206756 1444.42206756
 1444.42206756 1444.42206756 1444.42206756 1444.42206756 1444.42206756
 1444.42206756 1444.42206756 1444.42206756 1444.42206756 1444.42206756
 1444.42206756 1444.42206756 1444.42206756 1444.42206756 1444.42206756
 1444.42206756 1444.42206756 1444.42206756 1444.42206756 1444.42206756
 1444.42206756 1444.42206756 1444.42206756 1444.42206756 1444.42206756
 1444.42206756 1444.42206756 1444.42206756 1444.42206756 1444.42206756
 1444.42206756 1444.42206756 1444.42206756 1444.42206756 1444.42206756
 1444.42206756 1444.42206756 1444.42206756 1444.42206756 1444.42206756
 1444.42206756 1444.42206756 1444.42206756 1444.42206756 1444.42206756
 1444.42206756 1444.42206756 1444.42206756 1444.42206756 1444.42206756
 1444.42206756 1444.42206756 1444.42206756 1444.42206756 1444.42206756
 1444.42206756 1444.42206756 1444.42206756 1444.42206756 1444.42206756
 1444.42206756 1444.42206756 1444.42206756 1444.42206756 1444.42206756
 1444.42206756 1444.42206756 1444.42206756 1444.42206756 1444.42206756
 1444.42206756 1444.42206756 1444.42206756 1444.42206756 1444.42206756
 1444.42206756 1444.42206756 1444.42206756 1444.42206756 1444.42206756
 1444.42206756] 

Fitness stats avg: [4043.33076993 3943.50273147 3854.35103459 3764.67240868 3651.56759605
 3556.85076946 3459.39959182 3392.35824876 3373.83848952 3300.80503554
 3287.62913674 3232.06117065 3219.66648836 3196.6536525  3156.72872281
 3175.20640425 3167.20726161 3123.51283733 3124.26305252 3115.86250104
 3125.42391004 3094.56528543 3060.15661426 3066.10763694 3044.01523316
 3072.29519191 3057.81964872 3074.36777445 3018.71383456 2977.49607779
 2939.74474146 2916.9920814  2907.17359419 2852.80716072 2808.67892637
 2786.48404011 2790.97892632 2735.84507056 2708.1849863  2671.05630405
 2712.4825389  2688.58691314 2680.86936768 2627.01725749 2630.37182353
 2619.93753264 2588.44019336 2615.1174576  2562.67605089 2545.25379451
 2575.80847696 2554.66956559 2566.97080577 2579.07145128 2531.59870696
 2519.79512586 2514.28918172 2508.08200331 2506.63531545 2504.45067359
 2512.99751688 2492.92532714 2477.50059169 2464.18871538 2442.01033651
 2453.56061779 2404.41846713 2420.32213268 2403.8362784  2354.46825608
 2353.55109438 2336.7575437  2328.44873658 2306.93458683 2287.37147524
 2288.00359691 2302.7571479  2321.33229598 2317.41299828 2262.43123533
 2272.0253075  2238.49285471 2264.95207772 2239.02044611 2229.78146817
 2188.68214187 2198.70421514 2202.445088   2188.5508852  2170.39467825
 2179.81485822 2169.75135365 2174.72088731 2163.55022458 2173.31602015
 2159.61514482 2166.63729436 2181.2883353  2181.30461246 2219.9262811
 2220.00080108 2193.34512584 2192.8320067  2199.32290168 2164.05179584
 2158.55639136 2148.96683247 2148.46008886 2109.78367691 2111.88138838
 2124.64915837 2086.32504651 2124.38090748 2117.24473882 2115.28237464
 2130.8605787  2114.24238534 2102.72650614 2126.33069714 2153.79949779
 2113.71119378 2133.60150315 2130.46244181 2122.04865374 2115.06901215
 2107.48530873 2106.96226816 2075.39900276 2021.61342963 2000.91519389
 2008.29057253 2011.15515614 2004.87609429 2020.3698629  2030.60611544
 2040.45171903 2023.1705154  2004.23627208 1991.36354517 1996.77364851
 2008.12910575 2029.32176868 2038.96085921 2033.77554    2028.94622359
 1996.59151756 2004.67066221 1942.82722291 1944.21361875 1903.24630609
 1923.68851024 1922.83312648 1910.47111696 1897.76078321 1922.4716185
 1947.03596307 1936.35128879 1937.34532113 1943.30948925 2020.5772029
 1972.87161686 1968.64765394 1979.92814842 1971.59749313 1960.58795703
 1956.28616459 1906.89149046 1884.95574647 1902.12964431 1912.2328321
 1882.51363047 1905.55565427 1885.19598667 1912.16705764 1927.42527369
 1951.44606648 1959.27320987 1988.37745535 1974.70124865 1912.52891683
 1909.45295056 1925.95423616 1922.46777109 1950.19552164 1984.93538027
 1947.30357709 1949.98053893 1970.09748409 1970.26229944 1952.51962531
 1936.05534215 1918.31067317 1900.23161675 1882.54416338 1873.50063101
 1885.28870678 1852.24428489 1871.9320319  1876.50532096 1863.55110378
 1840.26321272 1867.87609133 1832.91306582 1870.92521728 1866.3193114
 1850.80707412 1857.35416405 1870.41101287 1859.32320609 1867.2076855
 1865.00126292 1875.26104823 1858.77209834 1862.5816775  1882.98194442
 1847.79133456 1832.95266086 1880.29835533 1918.17660017 1885.90043468
 1857.17255909 1855.24875295 1838.76519403 1796.73086434 1840.91444485
 1864.98224662 1858.81632434 1865.15686635 1827.67929858 1840.77985938
 1837.03982478 1836.69651546 1836.71794689 1870.92806808 1877.974299
 1828.54259542 1839.95046956 1844.20290013 1865.61690963 1839.5419068
 1835.08496095 1761.65138311 1786.65264693 1779.21467506 1779.37036752
 1817.04409977 1796.75786824 1779.21456233 1755.94320764 1800.60197768
 1822.44394143 1814.3628364  1804.51099865 1803.79077271 1833.62679831
 1858.03473759 1853.90456014 1854.92895508 1861.51360392 1857.5337876
 1871.62548137 1868.79044823 1846.15486833 1817.69115147 1826.202483
 1790.73949069 1778.3471131  1790.04303994 1780.19811485 1770.51113126
 1817.36221232 1817.81725511 1838.86895148 1818.17125679 1837.61302103
 1836.54023282 1803.36620823 1805.53595604 1768.24921704 1734.14130731
 1732.29213281 1740.21448956 1749.04158322 1766.15340233 1703.11649505
 1665.8169887  1725.54073758 1752.24619102 1764.79670929 1731.22878393
 1717.86916433 1722.40044744 1723.76382266 1721.23781212 1717.50922866
 1693.24339693 1687.30364651 1700.70670755 1734.73112231 1712.49397229
 1706.65952291 1698.44003296 1678.86442121 1664.24112037 1693.77266783
 1671.21358402 1677.9999826  1679.96867238 1709.13348989 1711.07828402
 1696.45884719 1677.03689487 1687.6809141  1698.44176714 1654.70454267
 1679.62968226 1682.69420359 1665.78174394 1665.59373902 1659.65756138
 1676.26186381 1696.0177161  1703.6910126  1681.00882604 1702.69949054
 1722.1891417  1679.12661011 1696.36405221 1678.02110667 1698.04885235
 1691.00651721 1656.45147486 1729.76812089 1721.12949171 1708.68378884
 1707.94529642 1702.25616795 1692.38969119 1680.44797405 1718.61578022
 1697.45598696 1663.26624808 1664.53221499 1688.89909265 1659.64839026
 1682.68800991 1670.40409093 1678.67215946 1679.5302016  1652.04722569
 1643.10418878 1663.16511895 1668.45330712 1681.17594302 1630.9742858
 1653.52524682 1677.78504893 1673.59762449 1652.43760879 1689.19714196
 1676.31414542 1653.45849902 1679.53573112 1688.42797404 1674.57145718
 1665.38410946 1644.02208116 1684.78425124 1654.43947812 1626.04122097
 1640.56239775 1635.34920544 1642.61496544 1661.09105115 1677.34425366
 1709.96198335 1721.5759469  1704.37048274 1703.68896307 1709.70679875
 1734.66753334 1698.06919555 1690.10710118 1705.1361814  1703.86328135
 1670.4691691  1705.7731567  1683.68944737 1657.07266363 1642.83571624
 1644.25738691 1674.90783538 1604.6900047  1637.25208488 1635.96158559
 1627.18906613 1661.85807404 1634.69994976 1652.34628858 1642.62723949
 1634.73602033 1622.66440568 1604.07073263 1619.88314084 1624.82634499
 1628.91937636 1628.04220333 1612.11831011 1618.56467697 1633.53739078
 1590.86899574 1619.92018136 1626.12191915 1613.87445822 1601.0411772
 1600.58684889 1574.64506299 1576.51069184 1569.31020272 1584.86333182
 1610.49415394 1601.33834016 1610.10578831 1588.72192853 1581.92692599
 1589.18928772 1615.79972892 1570.78051125 1599.25395209 1576.88226313
 1590.7525305  1569.38588145 1573.47979757 1598.04715972 1588.79673673
 1583.93357121 1573.1229398  1605.18542053 1546.42740471 1601.99425444
 1601.01815509 1598.81958087 1591.92861823 1567.07676889 1603.88499523
 1600.01133766 1593.85544038 1587.78107868 1579.74542264 1622.75495156
 1618.14867366 1576.94378993 1567.78436847 1590.25121252 1563.34466037
 1568.29252958 1584.28959621 1578.61815574 1599.78823168 1615.5741382
 1616.91888831 1584.85007313 1600.48800656 1577.12155588 1578.00688507
 1581.77281009 1597.52597429 1624.15414884 1606.01492115 1594.35546744
 1566.33003493 1596.79398048 1585.27466306 1596.1885699  1641.18733172
 1575.09700335 1600.57032856 1626.00896277 1606.57512171 1585.88607261
 1602.66170927 1591.59066856 1600.67928775 1569.46840442 1569.65296853
 1603.69283422 1576.36238525 1542.31776573 1608.89227308 1596.73608704
 1602.57752239 1569.42765849 1576.04061969 1600.11056232 1586.83847226
 1611.85090843 1609.93865331 1608.46108903 1579.4742582  1623.70468297
 1607.70271367 1608.53692961 1589.3209544  1600.95043537 1598.66664756
 1589.87374326 1617.34456933 1621.37975009 1612.11666145 1630.07157381
 1607.58751401 1626.95059796 1628.50384094 1609.80827869 1596.40357246
 1549.14583626 1587.59869149 1614.3092409  1587.91649342 1600.02572791
 1591.62249074 1594.1148028  1588.95663841 1630.74125253 1588.88409594
 1569.03091592 1590.04367708 1589.81608811 1604.53562252 1602.31671385
 1623.22680773 1626.50052741 1630.02943129 1622.61773242 1629.24570805
 1632.84328086 1602.63890165 1625.6464911  1589.82293483 1635.68623385
 1637.48640319 1631.98721593 1626.57539536 1587.24815667 1615.23578064
 1630.95598884 1620.66676614 1629.71324349 1612.01315157 1594.22561163
 1600.53051017 1637.92813301 1627.55380567 1631.68698924 1610.14773873
 1602.68085613 1619.68004825 1605.73869906 1585.59310641 1573.89043972
 1575.86322473 1587.52111006 1594.91991739 1614.34787774 1639.02293729
 1628.17234708 1639.94219504 1603.55030522 1599.45352377 1601.80411485
 1580.86823729 1588.21394405 1606.74302737 1606.61539497 1590.48201971
 1605.50050249 1562.11264967 1580.96245003 1631.7349199  1622.92840028
 1600.26563367 1610.3100704  1575.98478212 1590.0910568  1597.7428758
 1592.67222539 1588.10395392 1614.02510271 1599.9656863  1627.59130789
 1590.46411539 1566.1584373  1575.87163256 1570.44881005 1606.71626361
 1597.13376408 1564.9099574  1590.48281216 1617.5844826  1592.85683129
 1603.15228679 1612.55986452 1614.43333917 1599.09872015 1609.76091268
 1597.25576663 1598.79235911 1600.60018678 1581.27789314 1589.11745585
 1601.42789395 1618.74991013 1662.9819936  1656.02316638 1606.35997354
 1605.02463449 1616.29256862 1610.17659963 1606.47891441 1596.05396103
 1641.7328761  1661.63472169 1631.19235136 1596.62813337 1590.59784552
 1604.87283872 1638.30804685 1594.56617291 1595.31727043 1600.23756959
 1603.07526208 1611.48030999 1613.60778655 1624.15578109 1632.96782551
 1631.59608647 1600.68372942 1620.75062249 1618.12339529 1652.7002029
 1591.95736504 1622.30680398 1616.66514489 1626.13466682 1624.49624553
 1592.24176496 1582.62472764 1552.29568224 1599.60567062 1629.41718501
 1602.67279747 1566.54765039 1563.0091662  1564.69020195 1580.16867942
 1555.20113147 1572.3156003  1572.01506617 1619.78920554 1637.81416234
 1621.00157993 1614.76779731 1607.55247314 1616.51667418 1588.88093034
 1621.52724181 1608.77461235 1564.04005952 1602.91104138 1592.01802107
 1596.33229276 1580.22792016 1585.07850512 1611.01085424 1618.10444477
 1636.51927815 1610.2223553  1643.48609956 1610.22558934 1595.04769499
 1608.3757124  1621.67840564 1595.66696977 1588.14439714 1574.41998253
 1571.46607432 1605.55097421 1576.39623776 1604.81195199 1585.65767531
 1616.33277199 1628.86351606 1629.72066296 1615.90329543 1650.49105039
 1599.92933291 1567.65816844 1576.57271854 1582.1459316  1576.54870696
 1567.74773656 1604.89200317 1602.39729006 1574.91436734 1603.05415713
 1570.68788634 1622.36484395 1629.32998332 1637.50105156 1668.78187537
 1654.98429422 1663.21015273 1657.77222925 1618.99946664 1648.21217313
 1607.91900083 1632.02420478 1601.25299777 1594.32934143 1597.20290693
 1561.3005411  1580.25476132 1610.47580145 1599.35747327 1624.16020317
 1656.79193934 1624.22837625 1606.02979414 1593.17885541 1592.32840623
 1576.62518512 1582.48915773 1613.16094405 1613.94413661 1643.13220669
 1615.08840379 1622.253597   1623.94898064 1669.2814952  1618.38543994
 1587.4757155  1588.75017938 1602.16480183 1566.8975964  1575.2431014
 1587.69521012 1606.81688921 1604.73838268 1619.06970964 1581.97710323
 1610.36082991 1624.67402143 1583.41905555 1601.1109562  1593.11565475
 1570.56647285 1615.30772565 1622.94129123 1570.44171405 1554.56774418
 1594.16481457 1583.70776824 1570.42746902 1577.78334239 1584.25971204
 1583.28834693 1596.56191401 1603.27645714 1596.76382399 1595.39405887
 1595.89323586 1604.30667022 1612.99712512 1617.76250496 1583.64731429
 1603.76883565 1620.83042457 1622.0625466  1650.56331098 1628.96220427
 1628.54628703 1624.79196779 1645.48622521 1612.74614868 1599.00996132
 1566.85841172 1598.55132986 1549.90937892 1600.712504   1606.92086259
 1623.38316808 1580.9400831  1589.1915293  1620.95019214 1637.26818102
 1631.21927995 1640.70477198 1627.88278062 1607.68313604 1629.43638948
 1608.99112588 1609.68438797 1615.93198485 1637.4614861  1581.38467328
 1575.49036629 1601.89262317 1580.5142933  1591.22863155 1608.33500862
 1581.32226305 1587.42020275 1595.22378825 1602.37435612 1581.83668792
 1595.21544827 1586.51004268 1550.03030954 1585.55390605 1611.89168035
 1594.06778987 1610.1566796  1632.64618431 1612.23537522 1619.93743496
 1604.91271275 1598.50551089 1641.68100019 1618.93385499 1611.23005831
 1625.19302913 1634.49841408 1620.34663004 1616.68066912 1615.74818944
 1579.23314138 1561.36678159 1586.15445928 1591.43933633 1564.28769007
 1603.98759928 1609.09187659 1631.71485819 1634.58788534 1617.6918649
 1611.20525097 1606.01189706 1582.03200743 1594.59931512 1588.55584701
 1572.75309143 1562.12889355 1559.39165456 1575.43350554 1575.03427511
 1573.38377942 1604.86800546 1615.88487866 1622.92136839 1613.49226362
 1582.34810239 1606.2394494  1580.56687307 1567.54447874 1603.75605121
 1611.03460154 1604.40930625 1632.23405211 1601.07727753 1582.81073122
 1598.42671109 1601.12864517 1602.97238673 1594.67552309 1597.39568243
 1588.16586027 1601.51408981 1564.4412276  1547.05019227 1583.84966114
 1589.47889643 1600.19603229 1596.50371567 1621.16892445 1607.73038162
 1645.2842536  1608.61121181 1650.94120799 1618.63692582 1618.66409746
 1572.27400858 1608.54916717 1615.61902754 1617.90348467 1626.39985642
 1590.37363242 1603.29171123 1602.03553936 1596.22408915 1570.6953015
 1580.77454502 1566.00094064 1576.72663504 1570.85474754 1571.13933596
 1558.8280727  1555.59071399 1598.59917914 1604.96539047 1568.62866079
 1565.64317864 1617.038564   1597.02552662 1576.57425864 1551.46349223
 1562.3983734  1613.90419136 1592.67463945 1612.85611173 1594.3410143
 1603.72265198 1588.29879159 1581.76273345 1592.08129036 1575.07729612
 1581.52533584 1610.13015768 1593.02282272 1617.41439293 1613.67634058
 1608.18926768 1595.80761582 1598.35516759 1597.41137953 1558.89402858
 1558.84525156 1560.26840084 1596.49365072 1590.02549191 1579.44260268
 1553.23205912 1576.05997089 1569.25652848 1599.78380735 1584.60082149
 1600.14534243 1540.76752293 1568.11039241 1556.91547055 1594.27586851
 1605.28391364 1607.78434186 1568.94275038 1557.66341714 1566.97929081
 1582.95525571 1625.09025492 1609.0125622  1564.84467357 1568.81148936
 1550.84330548 1559.01573181 1574.15838082 1574.00555604 1583.19286925
 1586.80985032 1607.32977878 1575.4927211  1616.63955468 1580.95132537
 1573.60852899 1566.70980899 1617.74926054 1573.94679346 1576.79035388
 1592.61304478 1602.67826077 1635.5258989  1610.45690472 1605.66575688
 1566.98718265 1576.55362196 1572.58822414 1586.84593402 1592.90250842
 1583.36656869 1577.76994768 1578.09486527 1538.26107762 1544.25834707
 1566.96303176 1587.02550951 1600.22528249 1614.72675585 1602.94035561
 1605.05864719 1592.57802295 1597.55946487 1571.85469629 1591.41544766
 1596.78136212] 

Feasible stats: [( 0.,   0.) ( 0., 100.) ( 0., 100.) (57.,  43.) (57.,  43.) (62.,  38.)
 (62.,  38.) (62.,  38.) (62.,  38.) (61.,  39.) (61.,  39.) (77.,  23.)
 (77.,  23.) (69.,  31.) (69.,  31.) (64.,  36.) (64.,  36.) (58.,  42.)
 (58.,  42.) (68.,  32.) (68.,  32.) (61.,  39.) (61.,  39.) (59.,  41.)
 (59.,  41.) (56.,  44.) (56.,  44.) (59.,  41.) (59.,  41.) (44.,  56.)
 (44.,  56.) (59.,  41.) (59.,  41.) (49.,  51.) (49.,  51.) (55.,  45.)
 (55.,  45.) (63.,  37.) (63.,  37.) (61.,  39.) (61.,  39.) (54.,  46.)
 (54.,  46.) (70.,  30.) (70.,  30.) (65.,  35.) (65.,  35.) (63.,  37.)
 (63.,  37.) (68.,  32.) (68.,  32.) (71.,  29.) (71.,  29.) (68.,  32.)
 (68.,  32.) (73.,  27.) (73.,  27.) (73.,  27.) (73.,  27.) (70.,  30.)
 (70.,  30.) (55.,  45.) (55.,  45.) (53.,  47.) (53.,  47.) (65.,  35.)
 (65.,  35.) (63.,  37.) (63.,  37.) (63.,  37.) (63.,  37.) (68.,  32.)
 (68.,  32.) (74.,  26.) (74.,  26.) (79.,  21.) (79.,  21.) (76.,  24.)
 (76.,  24.) (86.,  14.) (86.,  14.) (91.,   9.) (91.,   9.) (89.,  11.)
 (89.,  11.) (80.,  20.) (80.,  20.) (89.,  11.) (89.,  11.) (91.,   9.)
 (91.,   9.) (87.,  13.) (87.,  13.) (86.,  14.) (86.,  14.) (90.,  10.)
 (90.,  10.) (86.,  14.) (86.,  14.) (87.,  13.) (87.,  13.) (85.,  15.)
 (85.,  15.) (88.,  12.) (88.,  12.) (83.,  17.) (83.,  17.) (92.,   8.)
 (92.,   8.) (85.,  15.) (85.,  15.) (89.,  11.) (89.,  11.) (88.,  12.)
 (88.,  12.) (90.,  10.) (90.,  10.) (77.,  23.) (77.,  23.) (80.,  20.)
 (80.,  20.) (85.,  15.) (85.,  15.) (83.,  17.) (83.,  17.) (85.,  15.)
 (85.,  15.) (76.,  24.) (76.,  24.) (85.,  15.) (85.,  15.) (79.,  21.)
 (79.,  21.) (83.,  17.) (83.,  17.) (85.,  15.) (85.,  15.) (86.,  14.)
 (86.,  14.) (88.,  12.) (88.,  12.) (84.,  16.) (84.,  16.) (93.,   7.)
 (93.,   7.) (94.,   6.) (94.,   6.) (84.,  16.) (84.,  16.) (86.,  14.)
 (86.,  14.) (89.,  11.) (89.,  11.) (89.,  11.) (89.,  11.) (87.,  13.)
 (87.,  13.) (86.,  14.) (86.,  14.) (88.,  12.) (88.,  12.) (86.,  14.)
 (86.,  14.) (91.,   9.) (91.,   9.) (83.,  17.) (83.,  17.) (85.,  15.)
 (85.,  15.) (87.,  13.) (87.,  13.) (84.,  16.) (84.,  16.) (86.,  14.)
 (86.,  14.) (86.,  14.) (86.,  14.) (90.,  10.) (90.,  10.) (83.,  17.)
 (83.,  17.) (85.,  15.) (85.,  15.) (84.,  16.) (84.,  16.) (79.,  21.)
 (79.,  21.) (76.,  24.) (76.,  24.) (80.,  20.) (80.,  20.) (81.,  19.)
 (81.,  19.) (82.,  18.) (82.,  18.) (86.,  14.) (86.,  14.) (88.,  12.)
 (88.,  12.) (87.,  13.) (87.,  13.) (89.,  11.) (89.,  11.) (93.,   7.)
 (93.,   7.) (89.,  11.) (89.,  11.) (91.,   9.) (91.,   9.) (91.,   9.)
 (91.,   9.) (97.,   3.) (97.,   3.) (88.,  12.) (88.,  12.) (86.,  14.)
 (86.,  14.) (90.,  10.) (90.,  10.) (84.,  16.) (84.,  16.) (81.,  19.)
 (81.,  19.) (83.,  17.) (83.,  17.) (82.,  18.) (82.,  18.) (80.,  20.)
 (80.,  20.) (87.,  13.) (87.,  13.) (89.,  11.) (89.,  11.) (86.,  14.)
 (86.,  14.) (81.,  19.) (81.,  19.) (82.,  18.) (82.,  18.) (94.,   6.)
 (94.,   6.) (92.,   8.) (92.,   8.) (92.,   8.) (92.,   8.) (86.,  14.)
 (86.,  14.) (87.,  13.) (87.,  13.) (87.,  13.) (87.,  13.) (92.,   8.)
 (92.,   8.) (79.,  21.) (79.,  21.) (66.,  34.) (66.,  34.) (58.,  42.)
 (58.,  42.) (63.,  37.) (63.,  37.) (76.,  24.) (76.,  24.) (70.,  30.)
 (70.,  30.) (67.,  33.) (67.,  33.) (65.,  35.) (65.,  35.) (70.,  30.)
 (70.,  30.) (77.,  23.) (77.,  23.) (73.,  27.) (73.,  27.) (76.,  24.)
 (76.,  24.) (81.,  19.) (81.,  19.) (85.,  15.) (85.,  15.) (89.,  11.)
 (89.,  11.) (91.,   9.) (91.,   9.) (95.,   5.) (95.,   5.) (87.,  13.)
 (87.,  13.) (83.,  17.) (83.,  17.) (94.,   6.) (94.,   6.) (92.,   8.)
 (92.,   8.) (87.,  13.) (87.,  13.) (90.,  10.) (90.,  10.) (92.,   8.)
 (92.,   8.) (98.,   2.) (98.,   2.) (91.,   9.) (91.,   9.) (89.,  11.)
 (89.,  11.) (93.,   7.) (93.,   7.) (91.,   9.) (91.,   9.) (87.,  13.)
 (87.,  13.) (88.,  12.) (88.,  12.) (80.,  20.) (80.,  20.) (82.,  18.)
 (82.,  18.) (86.,  14.) (86.,  14.) (85.,  15.) (85.,  15.) (92.,   8.)
 (92.,   8.) (89.,  11.) (89.,  11.) (92.,   8.) (92.,   8.) (89.,  11.)
 (89.,  11.) (88.,  12.) (88.,  12.) (88.,  12.) (88.,  12.) (94.,   6.)
 (94.,   6.) (91.,   9.) (91.,   9.) (94.,   6.) (94.,   6.) (89.,  11.)
 (89.,  11.) (93.,   7.) (93.,   7.) (94.,   6.) (94.,   6.) (88.,  12.)
 (88.,  12.) (97.,   3.) (97.,   3.) (89.,  11.) (89.,  11.) (88.,  12.)
 (88.,  12.) (92.,   8.) (92.,   8.) (92.,   8.) (92.,   8.) (90.,  10.)
 (90.,  10.) (87.,  13.) (87.,  13.) (97.,   3.) (97.,   3.) (88.,  12.)
 (88.,  12.) (90.,  10.) (90.,  10.) (92.,   8.) (92.,   8.) (90.,  10.)
 (90.,  10.) (92.,   8.) (92.,   8.) (93.,   7.) (93.,   7.) (87.,  13.)
 (87.,  13.) (87.,  13.) (87.,  13.) (85.,  15.) (85.,  15.) (88.,  12.)
 (88.,  12.) (82.,  18.) (82.,  18.) (91.,   9.) (91.,   9.) (83.,  17.)
 (83.,  17.) (89.,  11.) (89.,  11.) (89.,  11.) (89.,  11.) (92.,   8.)
 (92.,   8.) (90.,  10.) (90.,  10.) (88.,  12.) (88.,  12.) (94.,   6.)
 (94.,   6.) (95.,   5.) (95.,   5.) (90.,  10.) (90.,  10.) (81.,  19.)
 (81.,  19.) (83.,  17.) (83.,  17.) (92.,   8.) (92.,   8.) (85.,  15.)
 (85.,  15.) (87.,  13.) (87.,  13.) (88.,  12.) (88.,  12.) (88.,  12.)
 (88.,  12.) (88.,  12.) (88.,  12.) (92.,   8.) (92.,   8.) (93.,   7.)
 (93.,   7.) (88.,  12.) (88.,  12.) (93.,   7.) (93.,   7.) (92.,   8.)
 (92.,   8.) (93.,   7.) (93.,   7.) (87.,  13.) (87.,  13.) (91.,   9.)
 (91.,   9.) (96.,   4.) (96.,   4.) (91.,   9.) (91.,   9.) (88.,  12.)
 (88.,  12.) (93.,   7.) (93.,   7.) (96.,   4.) (96.,   4.) (92.,   8.)
 (92.,   8.) (94.,   6.) (94.,   6.) (95.,   5.) (95.,   5.) (94.,   6.)
 (94.,   6.) (94.,   6.) (94.,   6.) (93.,   7.) (93.,   7.) (87.,  13.)
 (87.,  13.) (87.,  13.) (87.,  13.) (94.,   6.) (94.,   6.) (90.,  10.)
 (90.,  10.) (91.,   9.) (91.,   9.) (94.,   6.) (94.,   6.) (94.,   6.)
 (94.,   6.) (87.,  13.) (87.,  13.) (87.,  13.) (87.,  13.) (94.,   6.)
 (94.,   6.) (89.,  11.) (89.,  11.) (90.,  10.) (90.,  10.) (95.,   5.)
 (95.,   5.) (90.,  10.) (90.,  10.) (90.,  10.) (90.,  10.) (89.,  11.)
 (89.,  11.) (93.,   7.) (93.,   7.) (91.,   9.) (91.,   9.) (88.,  12.)
 (88.,  12.) (86.,  14.) (86.,  14.) (90.,  10.) (90.,  10.) (80.,  20.)
 (80.,  20.) (90.,  10.) (90.,  10.) (92.,   8.) (92.,   8.) (89.,  11.)
 (89.,  11.) (93.,   7.) (93.,   7.) (89.,  11.) (89.,  11.) (92.,   8.)
 (92.,   8.) (95.,   5.) (95.,   5.) (95.,   5.) (95.,   5.) (95.,   5.)
 (95.,   5.) (87.,  13.) (87.,  13.) (86.,  14.) (86.,  14.) (84.,  16.)
 (84.,  16.) (92.,   8.) (92.,   8.) (91.,   9.) (91.,   9.) (82.,  18.)
 (82.,  18.) (84.,  16.) (84.,  16.) (84.,  16.) (84.,  16.) (85.,  15.)
 (85.,  15.) (91.,   9.) (91.,   9.) (92.,   8.) (92.,   8.) (94.,   6.)
 (94.,   6.) (83.,  17.) (83.,  17.) (82.,  18.) (82.,  18.) (88.,  12.)
 (88.,  12.) (86.,  14.) (86.,  14.) (88.,  12.) (88.,  12.) (86.,  14.)
 (86.,  14.) (90.,  10.) (90.,  10.) (91.,   9.) (91.,   9.) (88.,  12.)
 (88.,  12.) (88.,  12.) (88.,  12.) (90.,  10.) (90.,  10.) (97.,   3.)
 (97.,   3.) (92.,   8.) (92.,   8.) (89.,  11.) (89.,  11.) (87.,  13.)
 (87.,  13.) (86.,  14.) (86.,  14.) (85.,  15.) (85.,  15.) (85.,  15.)
 (85.,  15.) (90.,  10.) (90.,  10.) (87.,  13.) (87.,  13.) (87.,  13.)
 (87.,  13.) (82.,  18.) (82.,  18.) (91.,   9.) (91.,   9.) (91.,   9.)
 (91.,   9.) (85.,  15.) (85.,  15.) (96.,   4.) (96.,   4.) (86.,  14.)
 (86.,  14.) (90.,  10.) (90.,  10.) (89.,  11.) (89.,  11.) (89.,  11.)
 (89.,  11.) (92.,   8.) (92.,   8.) (90.,  10.) (90.,  10.) (91.,   9.)
 (91.,   9.) (88.,  12.) (88.,  12.) (90.,  10.) (90.,  10.) (88.,  12.)
 (88.,  12.) (89.,  11.) (89.,  11.) (91.,   9.) (91.,   9.) (88.,  12.)
 (88.,  12.) (90.,  10.) (90.,  10.) (87.,  13.) (87.,  13.) (87.,  13.)
 (87.,  13.) (90.,  10.) (90.,  10.) (89.,  11.) (89.,  11.) (89.,  11.)
 (89.,  11.) (94.,   6.) (94.,   6.) (91.,   9.) (91.,   9.) (94.,   6.)
 (94.,   6.) (86.,  14.) (86.,  14.) (92.,   8.) (92.,   8.) (92.,   8.)
 (92.,   8.) (90.,  10.) (90.,  10.) (85.,  15.) (85.,  15.) (89.,  11.)
 (89.,  11.) (93.,   7.) (93.,   7.) (98.,   2.) (98.,   2.) (91.,   9.)
 (91.,   9.) (90.,  10.) (90.,  10.) (90.,  10.) (90.,  10.) (89.,  11.)
 (89.,  11.) (90.,  10.) (90.,  10.) (89.,  11.) (89.,  11.) (92.,   8.)
 (92.,   8.) (90.,  10.) (90.,  10.) (87.,  13.) (87.,  13.) (93.,   7.)
 (93.,   7.) (81.,  19.) (81.,  19.) (89.,  11.) (89.,  11.) (91.,   9.)
 (91.,   9.) (87.,  13.) (87.,  13.) (90.,  10.) (90.,  10.) (91.,   9.)
 (91.,   9.) (92.,   8.) (92.,   8.) (86.,  14.) (86.,  14.) (96.,   4.)
 (96.,   4.) (96.,   4.) (96.,   4.) (93.,   7.) (93.,   7.) (93.,   7.)
 (93.,   7.) (86.,  14.) (86.,  14.) (93.,   7.) (93.,   7.) (90.,  10.)
 (90.,  10.) (85.,  15.) (85.,  15.) (88.,  12.) (88.,  12.) (85.,  15.)
 (85.,  15.) (92.,   8.) (92.,   8.) (86.,  14.) (86.,  14.) (86.,  14.)
 (86.,  14.) (90.,  10.) (90.,  10.) (86.,  14.) (86.,  14.) (90.,  10.)
 (90.,  10.) (93.,   7.) (93.,   7.) (92.,   8.) (92.,   8.) (91.,   9.)
 (91.,   9.) (92.,   8.) (92.,   8.) (84.,  16.) (84.,  16.) (92.,   8.)
 (92.,   8.) (85.,  15.) (85.,  15.) (91.,   9.) (91.,   9.) (86.,  14.)
 (86.,  14.) (94.,   6.) (94.,   6.) (89.,  11.) (89.,  11.) (92.,   8.)
 (92.,   8.) (94.,   6.) (94.,   6.) (87.,  13.) (87.,  13.) (89.,  11.)
 (89.,  11.) (92.,   8.) (92.,   8.) (95.,   5.) (95.,   5.) (96.,   4.)
 (96.,   4.) (89.,  11.) (89.,  11.) (90.,  10.) (90.,  10.) (92.,   8.)
 (92.,   8.) (93.,   7.) (93.,   7.) (94.,   6.) (94.,   6.) (95.,   5.)
 (95.,   5.) (88.,  12.) (88.,  12.) (90.,  10.) (90.,  10.) (86.,  14.)
 (86.,  14.) (90.,  10.) (90.,  10.) (88.,  12.) (88.,  12.) (87.,  13.)
 (87.,  13.) (89.,  11.) (89.,  11.) (88.,  12.) (88.,  12.) (94.,   6.)
 (94.,   6.) (90.,  10.) (90.,  10.) (86.,  14.) (86.,  14.) (88.,  12.)
 (88.,  12.) (84.,  16.) (84.,  16.) (82.,  18.) (82.,  18.) (81.,  19.)
 (81.,  19.) (80.,  20.) (80.,  20.) (87.,  13.) (87.,  13.) (94.,   6.)
 (94.,   6.) (90.,  10.) (90.,  10.) (91.,   9.) (91.,   9.) (92.,   8.)
 (92.,   8.) (94.,   6.) (94.,   6.) (94.,   6.) (94.,   6.) (90.,  10.)
 (90.,  10.) (81.,  19.) (81.,  19.) (85.,  15.) (85.,  15.) (86.,  14.)
 (86.,  14.) (86.,  14.) (86.,  14.) (93.,   7.) (93.,   7.) (89.,  11.)
 (89.,  11.) (88.,  12.) (88.,  12.) (89.,  11.) (89.,  11.) (81.,  19.)
 (81.,  19.) (86.,  14.) (86.,  14.) (91.,   9.) (91.,   9.) (89.,  11.)
 (89.,  11.) (88.,  12.) (88.,  12.) (86.,  14.) (86.,  14.) (84.,  16.)
 (84.,  16.) (95.,   5.) (95.,   5.) (90.,  10.) (90.,  10.) (87.,  13.)
 (87.,  13.) (83.,  17.) (83.,  17.) (87.,  13.) (87.,  13.) (96.,   4.)
 (96.,   4.) (93.,   7.) (93.,   7.) (89.,  11.) (89.,  11.) (90.,  10.)
 (90.,  10.) (85.,  15.) (85.,  15.) (92.,   8.) (92.,   8.) (87.,  13.)
 (87.,  13.) (85.,  15.) (85.,  15.) (88.,  12.) (88.,  12.) (94.,   6.)
 (94.,   6.) (86.,  14.) (86.,  14.) (89.,  11.) (89.,  11.) (91.,   9.)
 (91.,   9.) (84.,  16.) (84.,  16.) (86.,  14.) (86.,  14.) (88.,  12.)
 (88.,  12.) (81.,  19.) (81.,  19.) (91.,   9.) (91.,   9.) (87.,  13.)
 (87.,  13.) (78.,  22.) (78.,  22.) (76.,  24.) (76.,  24.) (75.,  25.)
 (75.,  25.) (84.,  16.) (84.,  16.) (79.,  21.) (79.,  21.) (79.,  21.)
 (79.,  21.) (66.,  34.) (66.,  34.) (71.,  29.) (71.,  29.) (75.,  25.)
 (75.,  25.) (81.,  19.) (81.,  19.) (76.,  24.) (76.,  24.) (73.,  27.)
 (73.,  27.) (76.,  24.) (76.,  24.) (61.,  39.) (61.,  39.) (58.,  42.)
 (58.,  42.) (74.,  26.) (74.,  26.) (64.,  36.) (64.,  36.) (58.,  42.)
 (58.,  42.) (63.,  37.) (63.,  37.) (46.,  54.) (46.,  54.) (47.,  53.)
 (47.,  53.) (39.,  61.) (39.,  61.) (50.,  50.) (50.,  50.) (49.,  51.)
 (49.,  51.) (48.,  52.) (48.,  52.) (57.,  43.) (57.,  43.) (57.,  43.)
 (57.,  43.) (50.,  50.) (50.,  50.) (71.,  29.) (71.,  29.) (75.,  25.)
 (75.,  25.) (70.,  30.) (70.,  30.) (73.,  27.) (73.,  27.) (77.,  23.)
 (77.,  23.) (86.,  14.) (86.,  14.) (85.,  15.) (85.,  15.) (88.,  12.)
 (88.,  12.) (75.,  25.) (75.,  25.) (81.,  19.) (81.,  19.) (83.,  17.)
 (83.,  17.) (82.,  18.) (82.,  18.) (66.,  34.) (66.,  34.) (75.,  25.)
 (75.,  25.) (72.,  28.) (72.,  28.) (82.,  18.) (82.,  18.) (89.,  11.)
 (89.,  11.) (91.,   9.) (91.,   9.) (91.,   9.) (91.,   9.) (92.,   8.)
 (92.,   8.) (86.,  14.) (86.,  14.) (90.,  10.) (90.,  10.)] 
Solution Description: 
p: [  0.          90.66635012  96.34748442 102.44319618 102.57766333
 146.71804706 161.55452333 205.25155761 259.66477089 267.27582646
 273.0113218  277.63152438 279.91502783   0.          18.67738622
 148.07403436 207.15983466 207.95044551 219.36505369 230.53830998
 287.24551913 296.86562747 383.06617373 399.96924018 401.11038108
 411.14624745   0.          99.95365842 144.70329008 145.45638921
 164.37521109 191.56422695 275.44084539 275.90129832 316.97407519
 355.61676672 415.49626586 417.23097151 419.59935486   0.
  16.69825392  27.20926776  65.81905049 186.072412   197.69254178
 222.40672797 225.47796928 271.20126435 278.01251937 288.9895283
 299.11352952 333.76143742] 
pred: [ 0  0  0  0  0  4  4  4  4  4  4  4 11  0  0  0  0  0  4  4  4  4  8  8
  8  8  0  0  0  0  0  0  0  0  7  7  7  7  7  0  0  1  1  1  1  1  1  7
  7  7  7  7] 
distance [  0.          90.66635012  96.34748442 102.44319618 102.57766333
  44.14038373  58.97686    102.67389428 157.08710756 164.69816313
 170.43365847 175.05386105   2.28350345   0.          18.67738622
 148.07403436 207.15983466 207.95044551  11.41460818  22.58786447
  79.29507362  88.91518196  86.20054626 103.10361272 104.24475361
 114.28061998   0.          99.95365842 144.70329008 145.45638921
 164.37521109 191.56422695 275.44084539 275.90129832  41.07277687
  79.71546841 139.59496754 141.32967319 143.69805654   0.
  16.69825392  10.51101384  49.12079657 169.37415808 180.99428786
 205.70847405 208.77971536  45.72329507  52.53455008  63.51155902
  73.63556023 108.28346813]
load: [ 0  5 21 31 38  8 11 24 28 42 52 68 11  0 22 41 66 90 18 43 59 80 22 35
 49 62  0 19 28 48 64 69 72 81  6 20 25 42 67  0 13  8 18 38 50 62 71 21
 40 46 61 76] 
time: [  0.         160.         389.         422.16015238 458.86834383
 203.         233.72280874 261.89542403 317.38165399 378.
 416.94195481 456.         322.           0.         182.
 253.25133471 414.         459.          90.         130.
 398.         455.04593794  75.         128.34683757 159.
 178.42506149   0.          72.         123.15799758 215.
 244.79080928 285.83414303 351.77302981 419.99472732 269.
 329.         444.         473.95303324 520.39404321   0.
 375.         121.         200.         273.94943956 317.
 399.         412.17329674 115.         308.         325.46934669
 443.         485.92676098] 
time warps: [0 0 0 0 0 0 0 0 0 0 0 0 0 0 0 0 0 0 0 0 0 0 0 0 0 0 0 0 0 0 0 0 0 0 0 0 0
 0 0 0 0 0 0 0 0 0 0 0 0 0 0 0] 
duration: [  0.         107.66635012 343.49647583 366.59218758 370.72665474
  54.14038373  72.97686    138.67389428 216.08710756 264.76407496
 283.49957031 291.91291464  11.28350345   0.          24.67738622
 171.07403436 323.06307377 366.72088391  12.41460818  64.77686183
 373.345295   405.96540334 111.20054626 135.10361272 153.43652584
 169.47239221   0.         120.95365842 167.70329008 238.30022472
 267.21904659 318.40806246 415.2846809  431.74513383  43.07277687
 123.95010699 258.36169835 275.09640399 295.46478735   0.
  26.69825392  17.51101384 115.35034637 243.60370788 279.37414726
 349.17343588 358.24467719  55.72329507 251.32425496 272.3012639
 403.26861412 455.91652202]

All individuals: [(97, [12, 12, 12, 12,  6,  3, 48, 11, 41, 44, 39, 15, 23, 36, 32, 37, 42, 46, 21, 43, 10, 45, 27, 22, 34,  9, 35,  7, 33, 13,  8, 20,  4, 19, 14, 26, 25, 17, 18, 16, 30,  2, 31, 29,  5,  1, 28, 47, 24, 12, 38, 40], 1419.79706411, 1404.83213625, 0.,  0.        , 7.48246393, 0., 0, 0, 0.)
 (97, [12, 12, 12, 12,  6,  3, 48, 11, 41, 44, 39, 15, 23, 36, 32, 37, 42, 46, 21, 43, 10, 45, 27, 22, 34,  9, 35,  7, 33, 13,  8, 20,  4, 19, 14, 26, 25, 17, 18, 16, 30,  2, 31, 29,  5,  1, 28, 47, 24, 12, 38, 40], 1419.79706411, 1404.83213625, 0.,  0.        , 7.48246393, 0., 0, 0, 0.)
 (97, [12, 12, 12, 12,  6,  3, 48, 11, 41, 44, 39, 15, 23, 36, 32, 37, 34, 46, 21, 43, 10, 45, 27, 22, 42,  9, 35,  7, 33, 13,  8, 20,  4, 19, 14, 26, 25, 17, 18, 16, 30,  2, 31, 29,  5,  1, 28, 47, 24, 12, 38, 40], 1444.42206756, 1444.42206756, 0.,  0.        , 0.        , 0., 0, 0, 0.)
 (97, [12, 12, 12, 12,  6,  3, 48, 11, 41, 44, 39, 15, 23, 36, 32, 37, 34, 46, 21, 43, 10, 45, 27, 22, 42,  9, 35,  7, 33, 13,  8, 20,  4, 19, 14, 26, 25, 17, 18, 16, 30,  2, 31, 29,  5,  1, 28, 47, 24, 12, 38, 40], 1444.42206756, 1444.42206756, 0.,  0.        , 0.        , 0., 0, 0, 0.)
 (97, [12, 12, 12, 12,  6,  3, 48, 11, 41, 44, 39, 15, 23, 36, 32, 37, 34, 46, 21, 43, 10, 45, 27, 22, 42,  9, 35,  7, 33, 13,  8, 20,  4, 19, 14, 26, 25, 17, 18, 16, 30,  2, 31, 29,  5,  1, 28, 47, 24, 12, 38, 40], 1444.42206756, 1444.42206756, 0.,  0.        , 0.        , 0., 0, 0, 0.)
 (97, [12, 12, 12, 12,  6,  3, 48, 11, 41, 44, 39, 15, 23, 36, 32, 37, 34, 46, 21, 43, 10, 45, 27, 22, 42,  9, 35,  7, 33, 13,  8, 20,  4, 19, 14, 26, 25, 17, 18, 16, 30,  2, 31, 29,  5,  1, 28, 47, 24, 12, 38, 40], 1444.42206756, 1444.42206756, 0.,  0.        , 0.        , 0., 0, 0, 0.)
 (97, [12, 12, 12, 12,  6,  3, 48, 11, 41, 44, 39, 15, 23, 36, 32, 37, 34, 46, 21, 43, 10, 45, 27, 22, 42,  9, 35,  7, 33, 13,  8, 20,  4, 19, 14, 26, 25, 17, 18, 16, 30,  2, 31, 29,  5,  1, 28, 47, 24, 12, 38, 40], 1444.42206756, 1444.42206756, 0.,  0.        , 0.        , 0., 0, 0, 0.)
 (97, [12, 12, 12, 12,  6,  3, 48, 11, 41, 44, 39, 15, 23, 36, 32, 37, 34, 46, 21, 43, 10, 45, 27, 22, 42,  9, 35,  7, 33, 13,  8, 20,  4, 19, 14, 26, 25, 17, 18, 16, 30,  2, 31, 29,  5,  1, 28, 47, 24, 12, 38, 40], 1444.42206756, 1444.42206756, 0.,  0.        , 0.        , 0., 0, 0, 0.)
 (97, [12, 12, 12, 12,  6,  3, 48, 11, 41, 44, 39, 15, 23, 36, 32, 37, 34, 46, 21, 43, 10, 45, 27, 22, 42,  9, 35,  7, 33, 13,  8, 20,  4, 19, 14, 26, 25, 17, 18, 16, 30,  2, 31, 29,  5,  1, 28, 47, 24, 12, 38, 40], 1444.42206756, 1444.42206756, 0.,  0.        , 0.        , 0., 0, 0, 0.)
 (97, [12, 12, 12, 12,  6,  3, 48, 11, 41, 44, 39, 15, 23, 36, 32, 37, 34, 46, 21, 43, 10, 45, 27, 22, 42,  9, 35,  7, 33, 13,  8, 20,  4, 19, 14, 26, 25, 17, 18, 16, 30,  2, 31, 29,  5,  1, 28, 47, 24, 12, 38, 40], 1444.42206756, 1444.42206756, 0.,  0.        , 0.        , 0., 0, 0, 0.)
 (97, [12, 12, 12, 12,  6,  3, 48, 11, 41, 44, 39, 15, 23, 36, 32, 37, 34, 46, 21, 43, 10, 45, 27, 22, 42,  9, 35,  7, 33, 13,  8, 20,  4, 19, 14, 26, 25, 17, 18, 16, 30,  2, 31, 29,  5,  1, 28, 47, 24, 12, 38, 40], 1444.42206756, 1444.42206756, 0.,  0.        , 0.        , 0., 0, 0, 0.)
 (97, [12, 12, 12, 12,  6,  3, 48, 11, 41, 44, 39, 15, 23, 36, 32, 37, 34, 46, 21, 43, 10, 45, 27, 22, 42,  9, 35,  7, 33, 13,  8, 20,  4, 19, 14, 26, 25, 17, 18, 16, 30,  2, 31, 29,  5,  1, 28, 47, 24, 12, 38, 40], 1444.42206756, 1444.42206756, 0.,  0.        , 0.        , 0., 0, 0, 0.)
 (97, [12, 12, 12, 12,  6,  3, 48, 11, 41, 44, 39, 15, 23, 36, 32, 37, 34, 46, 21, 43, 10, 45, 27, 22, 42,  9, 35,  7, 33, 13,  8, 20,  4, 19, 14, 26, 25, 17, 18, 16, 30,  2, 31, 29,  5,  1, 28, 47, 24, 12, 38, 40], 1444.42206756, 1444.42206756, 0.,  0.        , 0.        , 0., 0, 0, 0.)
 (97, [12, 12, 12, 12,  6,  3, 48, 11, 41, 44, 39, 15, 23, 36, 32, 37, 34, 46, 21, 43, 10, 45, 27, 22, 42,  9, 35,  7, 33, 13,  8, 20,  4, 19, 14, 26, 25, 17, 18, 16, 30,  2, 31, 29,  5,  1, 28, 47, 24, 12, 38, 40], 1444.42206756, 1444.42206756, 0.,  0.        , 0.        , 0., 0, 0, 0.)
 (97, [12, 12, 12, 12,  6,  3, 48, 11, 41, 44, 39, 15, 23, 36, 32, 37, 34, 46, 21, 43, 10, 45, 27, 22, 42,  9, 35,  7, 33, 13,  8, 20,  4, 19, 14, 26, 25, 17, 18, 16, 30,  2, 31, 29,  5,  1, 28, 47, 24, 12, 38, 40], 1444.42206756, 1444.42206756, 0.,  0.        , 0.        , 0., 0, 0, 0.)
 (97, [12, 12, 12, 12,  6,  3, 48, 11, 41, 44, 39, 15, 23, 36, 32, 37, 34, 46, 21, 43, 10, 45, 27, 22, 42,  9, 35,  7, 33, 13,  8, 20,  4, 19, 14, 26, 25, 17, 18, 16, 30,  2, 31, 29,  5,  1, 28, 47, 24, 12, 38, 40], 1444.42206756, 1444.42206756, 0.,  0.        , 0.        , 0., 0, 0, 0.)
 (97, [12, 12, 12, 12,  6,  3, 48, 11, 41, 44, 39, 15, 23, 36, 32, 37, 34, 46, 21, 43, 10, 45, 27, 22, 42,  9, 35,  7, 33, 13,  8, 20,  4, 19, 14, 26, 25, 17, 18, 16, 30,  2, 31, 29,  5,  1, 28, 47, 24, 12, 38, 40], 1444.42206756, 1444.42206756, 0.,  0.        , 0.        , 0., 0, 0, 0.)
 (97, [12, 12, 12, 12,  6,  3, 48, 11, 41, 44, 39, 15, 23, 36, 32, 37, 34, 46, 21, 43, 10, 45, 27, 22, 42,  9, 35,  7, 33, 13,  8, 20,  4, 19, 14, 26, 25, 17, 18, 16, 30,  2, 31, 29,  5,  1, 28, 47, 24, 12, 38, 40], 1444.42206756, 1444.42206756, 0.,  0.        , 0.        , 0., 0, 0, 0.)
 (97, [12, 12, 12, 12,  6,  3, 48, 11, 41, 44, 39, 15, 23, 36, 32, 37, 34, 46, 21, 43, 10, 45, 27, 22, 42,  9, 35,  7, 33, 13,  8, 20,  4, 19, 14, 26, 25, 17, 18, 16, 30,  2, 31, 29,  5,  1, 28, 47, 24, 12, 38, 40], 1444.42206756, 1444.42206756, 0.,  0.        , 0.        , 0., 0, 0, 0.)
 (97, [12, 12, 12, 12,  6,  3, 48, 11, 41, 44, 39, 15, 23, 36, 32, 37, 34, 46, 21, 43, 10, 45, 27, 22, 42,  9, 35,  7, 33, 13,  8, 20,  4, 19, 14, 26, 25, 17, 18, 16, 30,  2, 31, 29,  5,  1, 28, 47, 24, 12, 38, 40], 1444.42206756, 1444.42206756, 0.,  0.        , 0.        , 0., 0, 0, 0.)
 (97, [12, 12, 12, 12,  6,  3, 48, 11, 41, 44, 39, 15, 23, 36, 32, 37, 34, 46, 21, 43, 10, 45, 27, 22, 42,  9, 35,  7, 33, 13,  8, 20,  4, 19, 14, 26, 25, 17, 18, 16, 30,  2, 31, 29,  5,  1, 28, 47, 24, 12, 38, 40], 1444.42206756, 1444.42206756, 0.,  0.        , 0.        , 0., 0, 0, 0.)
 (97, [12, 12, 12, 12,  6,  3, 48, 11, 41, 44, 39, 15, 23, 36, 32, 37, 34, 46, 21, 43, 10, 45, 27, 22, 42,  9, 35,  7, 33, 13,  8, 20,  4, 19, 14, 26, 25, 17, 18, 16, 30,  2, 31, 29,  5,  1, 28, 47, 24, 12, 38, 40], 1444.42206756, 1444.42206756, 0.,  0.        , 0.        , 0., 0, 0, 0.)
 (97, [12, 12, 12, 12,  6,  3, 48, 11, 41, 44, 39, 15, 23, 36, 32, 37, 34, 46, 21, 43, 10, 45, 27, 22, 42,  9, 35,  7, 33, 13,  8, 20,  4, 19, 14, 26, 25, 17, 18, 16, 30,  2, 31, 29,  5,  1, 28, 47, 24, 12, 38, 40], 1444.42206756, 1444.42206756, 0.,  0.        , 0.        , 0., 0, 0, 0.)
 (97, [12, 12, 12, 12,  6,  3, 48, 11, 41, 44, 39, 15, 23, 36, 32, 37, 34, 46, 21, 43, 10, 45, 27, 22, 42,  9, 35,  7, 33, 13,  8, 20,  4, 19, 14, 26, 25, 17, 18, 16, 30,  2, 31, 29,  5,  1, 28, 47, 24, 12, 38, 40], 1444.42206756, 1444.42206756, 0.,  0.        , 0.        , 0., 0, 0, 0.)
 (97, [12, 12, 12, 12,  6,  3, 48, 11, 41, 44, 39, 15, 23, 36, 32, 37, 34, 46, 21, 43, 10, 45, 27, 22, 42,  9, 35,  7, 33, 13,  8, 20,  4, 19, 14, 26, 25, 17, 18, 16, 30,  2, 31, 29,  5,  1, 28, 47, 24, 12, 38, 40], 1444.42206756, 1444.42206756, 0.,  0.        , 0.        , 0., 0, 0, 0.)
 (97, [12, 12, 12, 12,  6,  3, 48, 11, 41, 44, 39, 15, 23, 36, 32, 37, 34, 46, 21, 43, 10, 45, 27, 22, 42,  9, 35,  7, 33, 13,  8, 20,  4, 19, 14, 26, 25, 17, 18, 16, 30,  2, 31, 29,  5,  1, 28, 47, 24, 12, 38, 40], 1444.42206756, 1444.42206756, 0.,  0.        , 0.        , 0., 0, 0, 0.)
 (97, [12, 12, 12, 12,  6,  3, 48, 11, 41, 44, 39, 15, 23, 36, 32, 37, 34, 46, 21, 43, 10, 45, 27, 22, 42,  9, 35,  7, 33, 13,  8, 20,  4, 19, 14, 26, 25, 17, 18, 16, 30,  2, 31, 29,  5,  1, 28, 47, 24, 12, 38, 40], 1444.42206756, 1444.42206756, 0.,  0.        , 0.        , 0., 0, 0, 0.)
 (97, [12, 12, 12, 12,  6,  3, 48, 11, 41, 44, 39, 15, 23, 36, 32, 37, 34, 46, 21, 43, 10, 45, 27, 22, 42,  9, 35,  7, 33, 13,  8, 20,  4, 19, 14, 26, 25, 17, 18, 16, 30,  2, 31, 29,  5,  1, 28, 47, 24, 12, 38, 40], 1444.42206756, 1444.42206756, 0.,  0.        , 0.        , 0., 0, 0, 0.)
 (97, [12, 12, 12, 12,  6,  3, 48, 11, 41, 44, 39, 15, 23, 36, 32, 37, 34, 46, 21, 43, 10, 45, 27, 22, 42,  9, 35,  7, 33, 13,  8, 20,  4, 19, 14, 26, 25, 17, 18, 16, 30,  2, 31, 29,  5,  1, 28, 47, 24, 12, 38, 40], 1444.42206756, 1444.42206756, 0.,  0.        , 0.        , 0., 0, 0, 0.)
 (97, [12, 12, 12, 12,  6,  3, 48, 11, 41, 44, 39, 15, 23, 36, 32, 37, 34, 46, 21, 43, 10, 45, 27, 22, 42,  9, 35,  7, 33, 13,  8, 20,  4, 19, 14, 26, 25, 17, 18, 16, 30,  2, 31, 29,  5,  1, 28, 47, 24, 12, 38, 40], 1444.42206756, 1444.42206756, 0.,  0.        , 0.        , 0., 0, 0, 0.)
 (97, [12, 12, 12, 12,  6,  3, 48, 11, 41, 44, 39, 15, 23, 36, 32, 37, 34, 46, 21, 43, 10, 45, 27, 22, 42,  9, 35,  7, 33, 13,  8, 20,  4, 19, 14, 26, 25, 17, 18, 16, 30,  2, 31, 29,  5,  1, 28, 47, 24, 12, 38, 40], 1444.42206756, 1444.42206756, 0.,  0.        , 0.        , 0., 0, 0, 0.)
 (97, [12, 12, 12, 12,  6,  3, 48, 11, 41, 44, 39, 15, 23, 36, 32, 37, 34, 46, 21, 43, 10, 45, 27, 22, 42,  9, 35,  7, 33, 13,  8, 20,  4, 19, 14, 26, 25, 17, 18, 16, 30,  2, 31, 29,  5,  1, 28, 47, 24, 12, 38, 40], 1444.42206756, 1444.42206756, 0.,  0.        , 0.        , 0., 0, 0, 0.)
 (97, [12, 12, 12, 12,  6,  3, 48, 11, 41, 44, 39, 15, 23, 36, 32, 37, 34, 46, 21, 43, 10, 45, 27, 22, 42,  9, 35,  7, 33, 13,  8, 20,  4, 19, 14, 26, 25, 17, 18, 16, 30,  2, 31, 29,  5,  1, 28, 47, 24, 12, 38, 40], 1444.42206756, 1444.42206756, 0.,  0.        , 0.        , 0., 0, 0, 0.)
 (97, [12, 12, 12, 12,  6,  3, 48, 11, 41, 44, 39, 15, 23, 36, 32, 37, 34, 46, 21, 43, 10, 45, 27, 22, 42,  9, 35,  7, 33, 13,  8, 20,  4, 19, 14, 26, 25, 17, 18, 16, 30,  2, 31, 29,  5,  1, 28, 47, 24, 12, 38, 40], 1444.42206756, 1444.42206756, 0.,  0.        , 0.        , 0., 0, 0, 0.)
 (97, [12, 12, 12, 12,  6,  3, 48, 11, 41, 44, 39, 15, 23, 36, 32, 37, 34, 46, 21, 43, 10, 45, 27, 22, 42,  9, 35,  7, 33, 13,  8, 20,  4, 19, 14, 26, 25, 17, 18, 16, 30,  2, 31, 29,  5,  1, 28, 47, 24, 12, 38, 40], 1444.42206756, 1444.42206756, 0.,  0.        , 0.        , 0., 0, 0, 0.)
 (97, [12, 12, 12, 12,  6,  3, 48, 11, 41, 44, 39, 15, 23, 36, 32, 37, 34, 46, 21, 43, 10, 45, 27, 22, 42,  9, 35,  7, 33, 13,  8, 20,  4, 19, 14, 26, 25, 17, 18, 16, 30,  2, 31, 29,  5,  1, 28, 47, 24, 12, 38, 40], 1444.42206756, 1444.42206756, 0.,  0.        , 0.        , 0., 0, 0, 0.)
 (97, [12, 12, 12, 12,  6,  3, 48, 11, 41, 44, 39, 15, 23, 36, 32, 37, 34, 46, 21, 43, 10, 45, 27, 22, 42,  9, 35,  7, 33, 13,  8, 20,  4, 19, 14, 26, 25, 17, 18, 16, 30,  2, 31, 29,  5,  1, 28, 47, 24, 12, 38, 40], 1444.42206756, 1444.42206756, 0.,  0.        , 0.        , 0., 0, 0, 0.)
 (97, [12, 12, 12, 12,  6,  3, 48, 11, 41, 44, 39, 15, 23, 36, 32, 37, 34, 46, 21, 43, 10, 45, 27, 22, 42,  9, 35,  7, 33, 13,  8, 20,  4, 19, 14, 26, 25, 17, 18, 16, 30,  2, 31, 29,  5,  1, 28, 47, 24, 12, 38, 40], 1444.42206756, 1444.42206756, 0.,  0.        , 0.        , 0., 0, 0, 0.)
 (97, [12, 12, 12, 12,  6,  3, 48, 11, 41, 44, 39, 15, 23, 36, 32, 37, 34, 46, 21, 43, 10, 45, 27, 22, 42,  9, 35,  7, 33, 13,  8, 20,  4, 19, 14, 26, 25, 17, 18, 16, 30,  2, 31, 29,  5,  1, 28, 47, 24, 12, 38, 40], 1444.42206756, 1444.42206756, 0.,  0.        , 0.        , 0., 0, 0, 0.)
 (97, [12, 12, 12, 12,  6,  3, 48, 11, 41, 44, 39, 15, 23, 36, 32, 37, 34, 46, 21, 43, 10, 45, 27, 22, 42,  9, 35,  7, 33, 13,  8, 20,  4, 19, 14, 26, 25, 17, 18, 16, 30,  2, 31, 29,  5,  1, 28, 47, 24, 12, 38, 40], 1444.42206756, 1444.42206756, 0.,  0.        , 0.        , 0., 0, 0, 0.)
 (97, [12, 12, 12, 12,  6,  3, 48, 11, 41, 44, 39, 15, 23, 36, 32, 37, 34, 46, 21, 43, 10, 45, 27, 22, 42,  9, 35,  7, 33, 13,  8, 20,  4, 19, 14, 26, 25, 17, 18, 16, 30,  2, 31, 29,  5,  1, 28, 47, 24, 12, 38, 40], 1444.42206756, 1444.42206756, 0.,  0.        , 0.        , 0., 0, 0, 0.)
 (97, [12, 12, 12, 12,  6,  3, 48, 11, 41, 44, 39, 15, 23, 36, 32, 37, 34, 46, 21, 43, 10, 45, 27, 22, 42,  9, 35,  7, 33, 13,  8, 20,  4, 19, 14, 26, 25, 17, 18, 16, 30,  2, 31, 29,  5,  1, 28, 47, 24, 12, 38, 40], 1444.42206756, 1444.42206756, 0.,  0.        , 0.        , 0., 0, 0, 0.)
 (97, [12, 12, 12, 12,  6,  3, 48, 11, 41, 44, 39, 15, 23, 36, 32, 37, 34, 46, 21, 43, 10, 45, 27, 22, 42,  9, 35,  7, 33, 13,  8, 20,  4, 19, 14, 26, 25, 17, 18, 16, 30,  2, 31, 29,  5,  1, 28, 47, 24, 12, 38, 40], 1444.42206756, 1444.42206756, 0.,  0.        , 0.        , 0., 0, 0, 0.)
 (97, [12, 12, 12, 12,  6,  3, 48, 11, 41, 44, 39, 15, 23, 36, 32, 37, 34, 46, 21, 43, 10, 45, 27, 22, 42,  9, 35,  7, 33, 13,  8, 20,  4, 19, 14, 26, 25, 17, 18, 16, 30,  2, 31, 29,  5,  1, 28, 47, 12, 24, 38, 40], 1453.68435053, 1453.68435053, 0.,  0.        , 0.        , 0., 0, 0, 0.)
 (97, [12, 12, 12, 12,  6,  3, 48, 11, 41, 44, 39, 15, 23, 36, 32, 37, 34, 46, 21, 43, 10, 45, 27, 22, 42,  7, 35,  9, 33, 13,  8, 20,  4, 19, 14, 26, 25, 17, 18, 16, 30,  2, 31, 29,  5,  1, 28, 47, 24, 12, 38, 40], 1478.44166976, 1478.44166976, 0.,  0.        , 0.        , 0., 0, 0, 0.)
 (97, [12, 12, 12, 12,  6,  3, 48, 11, 41, 44, 39, 15, 23, 36, 32, 37, 34, 46, 21, 43, 10, 45, 27, 22, 42,  7, 35,  9, 33, 13,  8, 20,  4, 19, 14, 26, 25, 17, 18, 16, 30,  2, 31, 29,  5,  1, 28, 47, 24, 12, 38, 40], 1478.44166976, 1478.44166976, 0.,  0.        , 0.        , 0., 0, 0, 0.)
 (97, [12, 12, 12, 12,  6,  3, 48, 11, 41, 44, 39, 15, 23, 36, 32, 37, 34, 46, 38, 43, 10, 45, 27, 22, 42,  9, 35,  7, 33, 13,  8, 20,  4, 19, 14, 26, 25, 17, 18, 16, 30,  2, 31, 29,  5,  1, 28, 47, 24, 12, 21, 40], 1486.3984131 , 1486.3984131 , 0.,  0.        , 0.        , 0., 0, 0, 0.)
 (97, [12, 12, 12, 12,  6,  3, 48, 11, 41, 44, 39, 15, 23, 36, 32, 37, 34, 46, 38, 43, 10, 45, 27, 22, 42,  9, 35,  7, 33, 13,  8, 20,  4, 19, 14, 26, 25, 17, 18, 16, 30,  2, 31, 29,  5,  1, 28, 47, 24, 12, 21, 40], 1486.3984131 , 1486.3984131 , 0.,  0.        , 0.        , 0., 0, 0, 0.)
 (97, [12, 12, 12, 12,  6,  3, 48, 11, 41, 44, 39, 15, 23, 36, 32, 37, 34, 46, 38, 43, 10, 45, 27, 22, 42,  9, 35,  7, 33, 13,  8, 20,  4, 19, 14, 26, 25, 17, 18, 16, 30,  2, 31, 29,  5,  1, 28, 47, 24, 12, 21, 40], 1486.3984131 , 1486.3984131 , 0.,  0.        , 0.        , 0., 0, 0, 0.)
 (97, [12, 12, 12, 12,  6,  3, 48, 11, 41, 44, 39, 15, 23, 36, 32, 37, 34, 46, 21, 43, 10, 35, 45, 27, 22, 42,  9,  7, 33, 13,  8, 20,  4, 19, 14, 26, 25, 17, 18, 16, 30,  2, 31, 29,  5,  1, 28, 47, 24, 12, 38, 40], 1488.36725619, 1488.36725619, 0.,  0.        , 0.        , 0., 0, 0, 0.)
 (97, [12, 12, 12, 12,  6,  3, 48, 11, 41, 44, 39, 15, 23, 36, 32, 37, 34, 46, 21, 43, 10, 45, 42, 27, 22,  9, 35,  7, 33, 13,  8, 20,  4, 19, 14, 26, 25, 17, 18, 16, 30,  2, 31, 29,  5,  1, 28, 47, 24, 12, 38, 40], 1494.36901836, 1494.36901836, 0.,  0.        , 0.        , 0., 0, 0, 0.)
 (97, [12, 12, 12, 12,  6,  3, 48, 11, 41, 44, 39, 15, 23, 36, 32, 37, 34, 46, 21, 43, 10, 45, 42, 27, 22,  9, 35,  7, 33, 13,  8, 20,  4, 19, 14, 26, 25, 17, 18, 16, 30,  2, 31, 29,  5,  1, 28, 47, 24, 12, 38, 40], 1494.36901836, 1494.36901836, 0.,  0.        , 0.        , 0., 0, 0, 0.)
 (97, [12, 12, 12, 12,  6,  3, 48, 11, 41, 44, 39, 15, 23, 36, 32, 37, 34, 46, 21, 43, 10, 45, 27, 22, 42,  9, 35,  7, 33, 13,  5, 20,  4, 19, 14, 26, 25, 17, 18, 16, 30,  2, 31, 29,  8,  1, 28, 47, 24, 12, 38, 40], 1495.2347004 , 1495.2347004 , 0.,  0.        , 0.        , 0., 0, 0, 0.)
 (97, [12, 12, 12, 12,  6,  3, 48, 11, 41, 44, 39, 15, 23, 36, 32, 34, 46, 21, 43, 37, 10, 45, 27, 22, 42,  9, 35,  7, 33, 13,  8, 20,  4, 19, 14, 26, 25, 17, 18, 16, 30,  2, 31, 29,  5,  1, 28, 47, 24, 12, 38, 40], 1501.0225303 , 1501.0225303 , 0.,  0.        , 0.        , 0., 0, 0, 0.)
 (97, [12, 12, 12, 12,  6,  3, 48, 11, 41, 44, 39, 15, 23, 36, 32, 22, 34, 46, 21, 43, 10, 45, 27, 37, 42,  9, 35,  7, 33, 13,  8, 20,  4, 19, 14, 26, 25, 17, 18, 16, 30,  2, 31, 29,  5,  1, 28, 47, 24, 12, 38, 40], 1516.942979  , 1516.942979  , 0.,  0.        , 0.        , 0., 0, 0, 0.)
 (97, [12, 12, 12, 12,  6,  3, 48, 11, 41, 44, 39, 15, 23, 36, 32, 22, 34, 46, 21, 43, 10, 45, 27, 37, 42,  9, 35,  7, 33, 13,  8, 20,  4, 19, 14, 26, 25, 17, 18, 16, 30,  2, 31, 29,  5,  1, 28, 47, 24, 12, 38, 40], 1516.942979  , 1516.942979  , 0.,  0.        , 0.        , 0., 0, 0, 0.)
 (97, [12, 12, 12, 12,  6,  3, 48, 11, 41, 44, 39, 15, 23, 36, 32, 37, 46, 34, 21, 43, 10, 45, 27, 22, 42,  9, 35,  7, 33, 13,  8, 20,  4, 19, 14, 26, 25, 17, 18, 16, 30,  2, 31, 29,  5,  1, 28, 47, 24, 12, 38, 40], 1522.51858446, 1522.51858446, 0.,  0.        , 0.        , 0., 0, 0, 0.)
 (97, [12, 12, 12, 12,  6,  3, 48, 11, 41, 44, 39, 15, 23,  7, 32, 37, 34, 46, 21, 43, 10, 45, 27, 22, 42,  9, 35, 36, 33, 13,  8, 20,  4, 19, 14, 26, 25, 17, 18, 16, 30,  2, 31, 29,  5,  1, 28, 47, 24, 12, 38, 40], 1531.05961728, 1531.05961728, 0.,  0.        , 0.        , 0., 0, 0, 0.)
 (97, [12, 12, 12, 12,  6, 10, 48, 11, 41, 44, 39, 15, 23, 36, 32, 37, 34, 46, 21, 43,  3, 45, 27, 22, 42,  9, 35,  7, 33, 13,  8, 20,  4, 19, 14, 26, 25, 17, 18, 16, 30,  2, 31, 29,  5,  1, 28, 47, 24, 12, 38, 40], 1542.86860201, 1542.86860201, 0.,  0.        , 0.        , 0., 0, 0, 0.)
 (97, [12, 12, 12, 12,  6,  3, 48, 11, 41, 44, 42, 15, 23, 36, 32, 37, 34, 46, 21, 43, 10, 45, 27, 22, 39,  9, 35,  7, 33, 13,  8, 20,  4, 19, 14, 26, 25, 17, 18, 16, 30,  2, 31, 29,  5,  1, 28, 47, 24, 12, 38, 40], 1546.97871218, 1514.18160498, 0., 16.3985536 , 0.        , 0., 0, 0, 0.)
 (97, [12, 12, 12, 12,  6,  3, 48, 11, 41, 44, 39, 15, 23, 36, 32, 37, 34, 46, 21, 43, 10, 45, 27, 22, 42,  9, 35,  7, 33, 13,  8, 20,  4, 19, 47, 26, 25, 17, 18, 16, 30,  2, 31, 29,  5,  1, 28, 14, 24, 12, 38, 40], 1554.73960324, 1554.73960324, 0.,  0.        , 0.        , 0., 0, 0, 0.)
 (97, [12, 12, 12, 12,  6,  3, 48, 11, 41, 44, 39, 15, 23, 36, 32, 37, 34, 46, 21, 43, 10, 45, 27, 22, 42,  9, 35,  7, 33, 13,  8, 20,  4, 19, 14, 12, 25, 17, 18, 16, 30,  2, 31, 26, 29,  5,  1, 28, 47, 24, 38, 40], 1566.02825349, 1530.77632416, 0., 17.62596467, 0.        , 0., 0, 0, 0.)
 (97, [12, 13, 11, 12,  6,  3, 48, 11, 41, 44, 39, 15, 23, 36, 32, 37, 34, 46, 21, 43, 25, 10, 45, 27, 22, 42,  9, 35,  7, 33, 13,  8, 20,  4, 19, 14, 26, 17, 18, 16, 30,  2, 31, 29,  5,  1, 28, 47, 24, 12, 38, 40], 1580.57615972, 1580.57615972, 0.,  0.        , 0.        , 0., 0, 0, 0.)
 (97, [12, 12, 12, 12,  6,  3, 48, 11, 41, 44, 39, 15, 23, 36, 32, 37, 34, 46, 21, 43, 10, 45, 27, 22, 42,  9, 35,  7, 33, 13,  8, 20,  4, 19, 14, 26, 25, 17, 18, 16, 30,  2, 31, 29,  5, 12,  1, 28, 47, 24, 38, 40], 1596.61577782, 1723.00381117, 0.,  0.        , 0.        , 0., 0, 0, 0.)
 (97, [12, 12, 12, 12,  6,  3, 48, 11, 41, 44, 39, 15, 23, 36, 32, 37, 34, 46, 21, 43, 10, 45, 27, 22, 42,  9, 35,  7, 33, 13,  8, 20,  4, 19, 14, 26, 25, 17, 18, 16, 30,  2, 31, 29,  5,  1, 12, 28, 47, 24, 38, 40], 1609.62650803, 1609.62650803, 0.,  0.        , 0.        , 0., 0, 0, 0.)
 (97, [13, 11, 12, 12,  6,  3, 48, 11, 41, 44, 39, 15, 23, 36, 32, 30, 34, 46, 21, 43, 10, 45, 27, 22, 42,  9, 35,  7, 33, 13,  8, 20,  4, 19, 14, 26, 25, 17, 18, 16, 37,  2, 31, 29,  5,  1, 28, 47, 24, 12, 38, 40], 1618.82911424, 1618.82911424, 0.,  0.        , 0.        , 0., 0, 0, 0.)
 (97, [12, 12, 12, 12,  6,  3, 48, 11, 41, 44, 39, 15, 23, 36, 32, 19, 34, 46, 21, 43, 10, 45, 27, 22, 42,  9, 35,  7, 33, 13,  8, 20,  4, 37, 14, 26, 25, 17, 18, 16, 30,  2, 31, 29,  5,  1, 28, 47, 24, 12, 38, 40], 1621.10120736, 1621.10120736, 0.,  0.        , 0.        , 0., 0, 0, 0.)
 (97, [12, 12, 12, 12,  6, 42, 48, 11, 41, 44, 39, 15, 23, 36, 32, 22, 34, 46, 21, 43, 10, 45, 27, 37,  3,  9, 35,  7, 33, 13,  8, 20,  4, 19, 14, 26, 25, 17, 18, 16, 30,  2, 31, 29,  5,  1, 28, 47, 24, 12, 38, 40], 1648.11976896, 1648.11976896, 0.,  0.        , 0.        , 0., 0, 0, 0.)
 (97, [12, 12, 12, 12,  6,  3, 48, 11, 41, 39, 15, 23, 36, 32, 37, 46, 34, 21, 44, 43, 10, 45, 27, 22, 42,  9, 35,  7, 33, 13,  8, 20,  4, 19, 14, 26, 25, 17, 18, 16, 30,  2, 31, 29,  5,  1, 28, 47, 24, 12, 38, 40], 1658.89334308, 1658.89334308, 0.,  0.        , 0.        , 0., 0, 0, 0.)
 (97, [12, 13, 11, 12,  6,  3, 48, 11, 41, 44, 39, 15, 23, 36, 32, 37, 34, 46, 12, 43, 10, 45, 27, 22, 42,  9, 35,  7, 33, 13,  8, 20,  4, 19, 14, 26, 25, 17, 18, 16, 30,  2, 31, 29,  5,  1, 28, 47, 24, 21, 38, 40], 1659.29086819, 1659.29086819, 0.,  0.        , 0.        , 0., 0, 0, 0.)
 (97, [12, 12, 12, 12,  6,  3, 48, 11, 41, 44, 39, 15, 23, 36, 32, 37, 42, 46, 21, 43, 10, 45, 30, 22, 34,  9, 35,  7, 33, 13,  8, 20,  4, 19, 14, 26, 25, 17, 18, 16, 27,  2, 31, 29,  5,  1, 28, 47, 24, 12, 38, 40], 1662.82310366, 1647.8581758 , 0.,  0.        , 7.48246393, 0., 0, 0, 0.)
 (97, [12, 12, 12, 12,  6,  3, 48, 11, 41, 39, 15, 23, 36, 44, 32, 37, 34, 46, 21, 43, 10,  2, 27, 22, 42,  9, 35,  7, 33, 13,  8, 20,  4, 19, 14, 26, 25, 17, 18, 16, 30, 45, 31, 29,  5,  1, 28, 47, 24, 12, 38, 40], 1663.21951176, 1663.21951176, 0.,  0.        , 0.        , 0., 0, 0, 0.)
 (97, [12, 11, 13, 12,  6,  3, 48, 11, 41, 44, 39, 15, 23, 36, 32, 37, 34, 46, 21, 43, 10, 45, 27, 22, 42,  9, 47,  7, 33, 13,  8, 20,  4, 19, 14, 26, 25, 17, 18, 16, 30,  2, 31, 29,  5,  1, 28, 35, 24, 12, 38, 40], 1665.25968464, 1665.25968464, 0.,  0.        , 0.        , 0., 0, 0, 0.)
 (97, [12, 12, 12, 12,  6,  3, 48, 11, 10, 44, 39, 15, 23, 36, 32, 37, 34, 46, 21, 41, 24, 45, 27, 22, 42,  9, 35,  7, 33, 13,  8, 20,  4, 19, 14, 26, 25, 17, 18, 16, 30,  2, 31, 29,  5,  1, 28, 47, 43, 12, 38, 40], 1682.27356499, 1682.27356499, 0.,  0.        , 0.        , 0., 0, 0, 0.)
 (97, [12, 12, 12, 12,  6,  3, 48, 11, 41, 44, 39, 15, 23, 36, 32, 37, 34, 46, 21, 43, 10, 45, 27, 22, 42,  9, 35,  7, 33, 17, 13,  8,  4, 19, 14, 26, 25, 20, 18, 16, 30,  2, 31, 29,  5,  1, 28, 47, 24, 12, 38, 40], 1684.70462222, 1684.70462222, 0.,  0.        , 0.        , 0., 0, 0, 0.)
 (97, [12, 12, 12, 12,  6, 42, 48, 11, 41, 44, 39, 15, 23, 19, 32, 37, 34, 46, 21, 43, 10, 45, 22, 27,  3,  9, 35,  7, 33, 13,  8, 20,  4, 36, 14, 26, 25, 17, 18, 16, 30,  2, 31, 29,  5,  1, 28, 47, 24, 12, 38, 40], 1693.88541411, 1693.88541411, 0.,  0.        , 0.        , 0., 0, 0, 0.)
 (97, [12, 12, 12, 12,  6,  3, 48, 11, 41, 44, 17, 39, 15, 23, 36, 32, 37, 34, 46, 21, 43, 10, 45, 27, 22, 42,  9, 35,  7, 33, 13,  8, 20,  4, 19, 14, 26, 25, 18, 16, 30,  2, 31, 29,  5,  1, 28, 47, 24, 12, 38, 40], 1707.86987751, 1707.86987751, 0.,  0.        , 0.        , 0., 0, 0, 0.)
 (97, [11, 12, 13, 12,  6,  3, 48, 11, 41, 44, 39, 15, 23, 22, 32, 37, 34, 46, 21, 43, 10, 45, 27, 36, 42,  9, 35,  7, 33, 13,  8, 20,  4, 19, 14, 26, 25, 17, 18, 16, 30,  2, 31, 29,  5,  1, 28, 47, 24, 12, 38, 40], 1724.16613358, 1724.16613358, 0.,  0.        , 0.        , 0., 0, 0, 0.)
 (97, [12, 12, 12, 12, 16,  3, 48, 11, 41, 44, 39, 15, 23, 36, 32, 37, 34, 46, 21, 43, 10, 45, 27, 22, 42,  9, 35,  7, 33, 13,  8, 20,  4, 19, 14, 26, 25, 17, 18,  6, 30,  2, 31, 29,  5,  1, 28, 47, 24, 12, 38, 40], 1750.11870667, 1750.11870667, 0.,  0.        , 0.        , 0., 0, 0, 0.)
 (97, [12, 12, 12, 12,  6,  3, 48, 11, 41, 44, 39, 15, 23, 36, 32, 37, 42,  4, 21, 43, 10, 45, 27, 22, 34,  9, 35,  7, 33, 13,  8, 20, 46, 19, 14, 26, 25, 17, 18, 16, 30,  2, 31, 29,  5,  1, 28, 47, 24, 12, 38, 40], 1760.05497289, 1997.78279486, 0.,  0.        , 0.        , 0., 0, 0, 0.)
 (97, [12, 12, 12, 12,  6,  3, 48, 11, 41, 44, 39, 15, 23, 36, 32, 37, 34, 46, 21, 43, 42, 10, 45, 27, 16,  9, 35,  7, 33, 13,  8, 20,  4, 19, 14, 26, 40, 17, 18, 22, 30,  2, 31, 29,  5,  1, 28, 47, 24, 12, 38, 25], 1805.15500876, 1805.15500876, 0.,  0.        , 0.        , 0., 0, 0, 0.)
 (97, [11, 13, 10, 14,  6,  3, 48, 11, 44, 39, 10, 23, 15, 36, 32, 37, 34, 46, 21, 43, 45, 27, 22, 41, 42,  9, 35,  7, 33, 13,  8, 20,  4, 19, 14, 26, 25, 17, 18, 16, 30,  2, 31, 29,  5,  1, 28, 47, 24, 12, 38, 40], 1815.79713302, 1740.69226468, 0., 37.55243417, 0.        , 0., 0, 0, 0.)
 (97, [12, 12, 13, 11,  6,  3, 48, 11, 41, 44, 39, 38, 23, 36, 32, 37, 34, 46, 21,  2, 10, 45, 27, 22, 42,  9, 35,  7, 33, 13,  8, 20,  4, 19, 14, 26, 25, 17, 18, 16, 30, 43, 31, 29,  5,  1, 28, 47, 24, 12, 15, 40], 1817.97151675, 1817.97151675, 0.,  0.        , 0.        , 0., 0, 0, 0.)
 (97, [12, 12, 12, 12,  6,  3, 48, 11, 41, 44, 39, 15, 23, 36, 32, 37, 34, 46, 21, 43, 10, 45, 27, 22, 42, 29,  9, 35,  7, 33, 13,  8, 20,  4, 19, 14, 26, 25, 17, 18, 16, 30,  2, 31,  5,  1, 28, 47, 24, 12, 38, 40], 1844.55976697, 1844.55976697, 0.,  0.        , 0.        , 0., 0, 0, 0.)
 (97, [11, 12, 12, 13,  6,  3, 48, 11, 41, 44, 39, 15, 23, 36, 32, 37, 34, 46, 21, 43, 10, 45, 27, 22, 42,  9, 14,  7, 33, 13,  8, 20,  4, 19, 35, 26, 25, 17, 18, 16, 30,  2, 31, 29,  5,  1, 28, 47, 24, 12, 38, 40], 1845.44088514, 1845.44088514, 0.,  0.        , 0.        , 0., 0, 0, 0.)
 (97, [12, 12, 12, 12,  6,  3, 48, 11, 41, 44, 39, 15, 23, 36, 32, 37, 38, 46, 31, 43, 10, 45, 27, 22, 42,  9, 35,  7, 33, 13,  8, 20,  4, 19, 14, 26, 25, 17, 18, 16, 30,  2, 21, 29,  5,  1, 28, 47, 24, 12, 34, 40], 1860.09785284, 1860.09785284, 0.,  0.        , 0.        , 0., 0, 0, 0.)
 (97, [12, 12, 12, 12,  6, 48, 11, 41, 44, 39, 15, 23, 36, 31, 32, 22, 34, 46, 21, 43, 10, 45, 27, 37,  3,  9, 35,  7, 33, 13,  8, 20,  4, 19, 14, 26, 25, 42, 17, 18, 16, 30,  2, 29,  5,  1, 28, 47, 24, 12, 38, 40], 1902.05997096, 1902.05997096, 0.,  0.        , 0.        , 0., 0, 0, 0.)
 (97, [13, 11, 12, 12,  6,  3, 48, 18, 41, 44, 17, 15, 23, 36, 32, 37, 34, 46, 21, 43, 10, 45, 27, 22, 42,  9, 35,  7, 33, 13,  8, 20,  4, 19, 14, 26, 25, 39, 11, 16, 30,  2, 31, 29,  5,  1, 28, 47, 24, 12, 38, 40], 1912.48435722, 1862.38983287, 0., 25.04726218, 0.        , 0., 0, 0, 0.)
 (97, [12, 12, 12, 12,  6,  3, 13, 11, 41, 44, 39, 15, 23, 36, 32, 37, 34, 46, 21, 43, 10, 45, 27, 22, 42,  9, 35,  7, 33, 48,  8, 20,  4, 19, 14, 26, 25, 17, 18, 16, 30,  2, 31, 29,  5,  1, 28, 47, 24, 12, 38, 40], 1938.58554619, 1931.40489212, 0.,  0.        , 3.59032703, 0., 0, 0, 0.)
 (97, [12, 13, 13, 10,  6,  3, 48, 11, 41, 44, 39, 15, 23, 36, 32, 19, 42, 46, 21, 43, 10, 45, 27, 22, 34,  9, 35,  7, 33, 13,  8, 20,  4, 37, 14, 26, 25, 17, 18, 16, 30,  2, 31, 29,  5,  1, 28, 47, 24, 12, 38, 40], 1968.17483129, 1953.20990343, 0.,  0.        , 7.48246393, 0., 0, 0, 0.)
 (97, [13, 12, 11, 12,  6,  3, 48, 30, 41, 44, 39, 15, 23, 36, 32, 37, 42, 46, 21, 43, 10, 45, 27, 22, 34,  9, 35,  7, 33, 13,  8, 20,  4, 19, 14,  2, 25, 17, 18, 16, 11, 26, 31, 29,  5,  1, 28, 47, 24, 12, 38, 40], 1971.82515128, 1993.5157347 , 0.,  0.        , 0.        , 0., 0, 0, 0.)
 (97, [11, 14, 12, 11,  6,  3, 48, 11, 41, 44,  1, 15, 23, 36, 32, 37, 34, 46, 21, 43, 10, 45, 27, 22, 42,  9, 35,  7, 33, 13,  8, 20,  4, 19, 14, 26, 25, 17, 18, 16, 30,  2, 31, 29,  5, 39, 28, 47, 24, 12, 38, 40], 1982.74835795, 1982.74835795, 0.,  0.        , 0.        , 0., 0, 0, 0.)
 (97, [14, 13, 10, 11,  6,  3, 48, 11, 41, 44, 39, 15, 23, 36, 19, 37, 34, 46, 21, 43, 10, 45, 27, 22, 42,  9, 35,  7, 33, 13,  8, 20,  4, 32, 14, 26, 25, 17, 18, 16, 30,  2, 31, 29,  5,  1, 28, 47, 24, 12, 38, 40], 1985.22981645, 1985.22981645, 0.,  0.        , 0.        , 0., 0, 0, 0.)
 (97, [12, 14, 10, 12,  6,  3, 48, 11, 41, 44, 39, 15, 23, 36, 32, 22, 34, 46, 21, 43, 10, 45, 27, 37, 42,  9, 35,  5, 33, 13,  8, 20,  4, 19, 14, 26, 25, 17, 18, 16, 30,  2, 31, 29,  7,  1, 28, 47, 24, 12, 38, 40], 1997.40118047, 2117.65454199, 0.,  0.        , 0.        , 0., 0, 0, 0.)
 (97, [12, 12, 12, 12,  6,  3, 48, 11, 41, 44, 39, 15, 23, 36, 32, 37, 34, 46, 38, 43, 10, 45, 27, 22, 42,  9, 35,  7, 33, 28,  8, 20,  4, 19, 14, 26, 25, 17, 21, 18, 16, 30,  2, 31, 29,  5,  1, 13, 47, 24, 12, 40], 2007.18791119, 2080.28488038, 0.,  0.        , 0.        , 0., 0, 0, 0.)
 (97, [13, 13, 13,  9,  6,  3, 48, 11, 41, 44, 39, 15, 23, 36, 32, 37, 34, 46, 21, 43, 10, 45, 27, 22, 42, 28, 35,  7, 33, 13,  8, 20,  4, 19, 14, 26, 25, 17, 18, 16, 30,  2, 31, 29,  5,  1,  9, 47, 24, 12, 38, 40], 2011.21677691, 2028.85021386, 0., 10.73987146, 0.        , 0., 0, 0, 0.)
 (97, [13, 12, 10, 13,  4,  3, 48, 11, 41, 44, 39, 15, 23, 36, 32, 37, 34, 46, 21, 43, 10, 45, 27, 22, 42,  9, 35,  7, 33, 13,  8, 20,  6, 19, 14, 26, 25, 17, 18, 16, 30,  2, 31, 29,  5,  1, 28, 47, 24, 12, 38, 40], 2018.66592897, 2018.66592897, 0.,  0.        , 0.        , 0., 0, 0, 0.)
 (97, [11, 12, 13, 12,  6,  3, 48, 11, 41, 44, 39, 15, 23, 36, 32, 37, 38, 46, 21, 43, 10, 45, 42, 27, 22,  9, 35,  7, 24, 33, 13,  8, 20,  4, 19, 14, 26, 25, 17, 18, 16, 30,  2, 31, 29,  5,  1, 28, 47, 12, 34, 40], 2068.102217  , 2068.102217  , 0.,  0.        , 0.        , 0., 0, 0, 0.)
 (97, [13, 13, 14,  8,  6,  3, 48, 11, 41, 44, 39, 15, 23, 36, 32, 37, 34, 46, 21, 43, 10, 45, 27, 22, 24,  9, 35,  7, 33, 13,  8, 20,  4, 19, 14, 26, 25, 17, 18, 16, 30,  2, 31, 29,  5,  1, 28, 47, 42, 12, 38, 40], 2102.44253982, 2086.60149616, 0.,  7.92052183, 0.        , 0., 0, 0, 0.)
 (97, [12, 11, 12, 13,  6,  3, 48, 11, 41, 44, 17, 15, 23, 36, 32, 37, 34, 46, 21, 43, 10, 45, 27, 22, 42,  9, 35,  7, 33, 13,  8, 20,  2, 19, 14, 26, 25, 39, 18, 16, 30,  4, 31, 29,  5,  1, 28, 47, 24, 12, 38, 40], 2133.4574419 , 2083.36291755, 0., 25.04726218, 0.        , 0., 0, 0, 0.)]