
Total Runtime in seconds: 612.7304630279541Parameters:
population_size: 40, max_generations: 500, executed generations: 109, threshold_no_improvement: 250
target feasible proportion: 8
fitness_scaling: power_rank, selection_method: n_tournaments
p_c: 0.9, p_m: 0.35, NOT YET p_education: 0.0
tournament_size: 2, n_elite: 8
survivor_selection_step: 10, p_selection_survival: 0.75 
diversify_step: 20, diversify_step: 20, p_diversify_survival: 0.3
n_closest_neighbors: 3, diversity_weight: 0.5, distance_method: broken_pairs_distance
capacity_penalty_factor: 2, duration_penalty_factor 2, time_window_penalty: 2
Best fitness all generations, best individual before/after local search: 1129.2689030021597, 1129.2689030021597 / 1129.2689030021597
Best individual found before local search: (32, [10,  9, 16, 13,  7, 41, 31, 44, 32,  9, 42, 46, 35, 37, 34, 10, 45,  6, 27,  3, 48, 11, 22, 28, 36, 26,  5, 17, 18, 16, 33, 13,  8, 29, 20,  4, 19, 14,  1, 47, 12, 24, 39, 30,  2, 15, 23, 25, 40, 38, 21, 43], 1129.268903, 1129.268903, 0., 0., 0., 0., 1, 40, 21.)
Best individual found after local search: (32, [10,  9, 16, 13,  7, 41, 31, 44, 32,  9, 42, 46, 35, 37, 34, 10, 45,  6, 27,  3, 48, 11, 22, 28, 36, 26,  5, 17, 18, 16, 33, 13,  8, 29, 20,  4, 19, 14,  1, 47, 12, 24, 39, 30,  2, 15, 23, 25, 40, 38, 21, 43], 1129.268903, 1129.268903, 0., 0., 0., 0., 1, 40, 21.)
Best feasible individual found: (32, [10,  9, 16, 13,  7, 41, 31, 44, 32,  9, 42, 46, 35, 37, 34, 10, 45,  6, 27,  3, 48, 11, 22, 28, 36, 26,  5, 17, 18, 16, 33, 13,  8, 29, 20,  4, 19, 14,  1, 47, 12, 24, 39, 30,  2, 15, 23, 25, 40, 38, 21, 43], 1129.268903, 1129.268903, 0., 0., 0., 0., 1, 40, 21.)

Fitness stats min: [1283.347694   1220.30586978 1220.30586978 1215.91422874 1211.19052879
 1211.19052879 1145.07329075 1145.07329075 1145.07329075 1145.07329075
 1145.07329075 1145.07329075 1145.07329075 1145.07329075 1129.268903
 1129.268903   1129.268903   1129.268903   1129.268903   1129.268903
 1129.268903   1129.268903   1129.268903   1129.268903   1129.268903
 1129.268903   1129.268903   1129.268903   1129.268903   1129.268903
 1129.268903   1129.268903   1129.268903   1129.268903   1129.268903
 1129.268903   1129.268903   1129.268903   1129.268903   1129.268903
 1129.268903   1129.268903   1129.268903   1129.268903   1129.268903
 1129.268903   1129.268903   1129.268903   1129.268903   1129.268903
 1129.268903   1129.268903   1129.268903   1129.268903   1129.268903
 1129.268903   1129.268903   1129.268903   1129.268903   1129.268903
 1129.268903   1129.268903   1129.268903   1129.268903   1129.268903
 1129.268903   1129.268903   1129.268903   1129.268903   1129.268903
 1129.268903   1129.268903   1129.268903   1129.268903   1129.268903
 1129.268903   1129.268903   1129.268903   1129.268903   1129.268903
 1129.268903   1129.268903   1129.268903   1129.268903   1129.268903
 1129.268903   1129.268903   1129.268903   1129.268903   1129.268903
 1129.268903   1129.268903   1129.268903   1129.268903   1129.268903
 1129.268903   1129.268903   1129.268903   1129.268903   1129.268903
 1129.268903   1129.268903   1129.268903   1129.268903   1129.268903
 1129.268903   1129.268903   1129.268903   1129.268903   1129.268903  ] 

Fitness stats feasible min: [   0.            0.         1220.30586978 1220.30586978 1211.19052879
 1211.19052879 1145.07329075 1145.07329075 1145.07329075 1145.07329075
 1145.07329075 1145.07329075 1145.07329075 1145.07329075 1129.268903
 1129.268903   1129.268903   1129.268903   1129.268903   1129.268903
 1129.268903   1129.268903   1129.268903   1129.268903   1129.268903
 1129.268903   1129.268903   1129.268903   1129.268903   1129.268903
 1129.268903   1129.268903   1129.268903   1129.268903   1129.268903
 1129.268903   1129.268903   1129.268903   1129.268903   1129.268903
 1129.268903   1129.268903   1129.268903   1129.268903   1129.268903
 1129.268903   1129.268903   1129.268903   1129.268903   1129.268903
 1129.268903   1129.268903   1129.268903   1129.268903   1129.268903
 1129.268903   1129.268903   1129.268903   1129.268903   1129.268903
 1129.268903   1129.268903   1129.268903   1129.268903   1129.268903
 1129.268903   1129.268903   1129.268903   1129.268903   1129.268903
 1129.268903   1129.268903   1129.268903   1129.268903   1129.268903
 1129.268903   1129.268903   1129.268903   1129.268903   1129.268903
 1129.268903   1129.268903   1129.268903   1129.268903   1129.268903
 1129.268903   1129.268903   1129.268903   1129.268903   1129.268903
 1129.268903   1129.268903   1129.268903   1129.268903   1129.268903
 1129.268903   1129.268903   1129.268903   1129.268903   1129.268903
 1129.268903   1129.268903   1129.268903   1129.268903   1129.268903
 1129.268903   1129.268903   1129.268903   1129.268903   1129.268903  ] 

Fitness stats avg: [6652.54690027 6138.10647015 4929.84966725 5736.84320434 4543.7000591
 3738.53135087 3330.46569153 2510.50879563 4981.83910077 4091.00762847
 5595.78282833 3089.27263052 3236.07590516 2442.26629732 2770.63685549
 2780.71656087 2838.46851924 3064.72619261 2327.98097926 2379.99262747
 5108.72260147 3545.27607605 3305.7621898  2828.81872583 2794.79757769
 2616.51264667 2770.39431633 2309.49753842 2190.74198052 2717.34151784
 5875.36200509 3846.74945761 3273.09660432 3023.39752178 2459.99302421
 3826.69903695 3794.99267593 3237.57306116 2719.40400785 2860.51203496
 4481.56857869 3239.596954   2368.54287728 2342.38024042 1955.46581095
 2334.36202886 2288.58056914 2606.61715036 2556.65117934 2223.90112528
 6049.28967998 5238.39763515 2949.00880323 3317.14653486 2529.89536254
 3269.26030775 3568.03938954 3664.39305948 3174.48056601 3508.68112525
 5028.02211888 3491.19660606 2598.01880086 3024.00150887 3203.87309221
 3417.96791849 2392.07896081 2239.19038113 2065.68786387 2410.52611532
 5068.35836513 2870.58328316 2788.92460321 2802.22878383 2442.10912666
 2678.2646745  3330.09416008 2301.8562043  2083.22347359 2506.50560251
 4347.30527381 3578.59773267 3014.12548048 2423.34362621 3455.50542067
 2533.98932946 2617.21513858 2857.50581338 2265.71228837 2278.89206269
 4677.13012065 4085.02395492 2869.88849003 4173.57670951 3148.33296331
 2394.15589757 4239.04938205 2726.74129655 2969.86697244 2617.69962682
 4372.40149359 3018.68986589 2276.27132115 2331.00225472 2256.73666476
 2188.89103194 2391.09677282 2662.06834599 2487.70540887 2373.56239009] 

Feasible stats: [( 0., 40.) ( 0., 40.) ( 0., 40.) ( 0., 40.) ( 4., 36.) ( 4., 36.)
 (10., 30.) (10., 30.) (20., 20.) (20., 20.) (13., 27.) (13., 27.)
 (15., 25.) (15., 25.) (16., 24.) (16., 24.) (11., 29.) (11., 29.)
 (12., 28.) (12., 28.) (18., 22.) (18., 22.) ( 9., 31.) ( 9., 31.)
 (11., 29.) (11., 29.) (10., 30.) (10., 30.) (14., 26.) (14., 26.)
 (13., 27.) (13., 27.) (11., 29.) (11., 29.) (11., 29.) (11., 29.)
 (18., 22.) (18., 22.) (16., 24.) (16., 24.) (16., 24.) (16., 24.)
 (10., 30.) (10., 30.) (14., 26.) (14., 26.) (16., 24.) (16., 24.)
 (13., 27.) (13., 27.) (15., 25.) (15., 25.) (11., 29.) (11., 29.)
 (12., 28.) (12., 28.) (15., 25.) (15., 25.) ( 9., 31.) ( 9., 31.)
 ( 6., 34.) ( 6., 34.) (13., 27.) (13., 27.) (13., 27.) (13., 27.)
 ( 8., 32.) ( 8., 32.) (15., 25.) (15., 25.) (14., 26.) (14., 26.)
 (13., 27.) (13., 27.) (14., 26.) (14., 26.) (17., 23.) (17., 23.)
 (13., 27.) (13., 27.) (10., 30.) (10., 30.) (13., 27.) (13., 27.)
 (15., 25.) (15., 25.) (14., 26.) (14., 26.) (10., 30.) (10., 30.)
 (13., 27.) (13., 27.) ( 6., 34.) ( 6., 34.) ( 8., 32.) ( 8., 32.)
 (19., 21.) (19., 21.) (12., 28.) (12., 28.) (12., 28.) (12., 28.)
 (11., 29.) (11., 29.) (12., 28.) (12., 28.) (12., 28.) (12., 28.)
 (12., 28.) (12., 28.) ( 0.,  0.) ( 0.,  0.) ( 0.,  0.) ( 0.,  0.)
 ( 0.,  0.) ( 0.,  0.) ( 0.,  0.) ( 0.,  0.) ( 0.,  0.) ( 0.,  0.)
 ( 0.,  0.) ( 0.,  0.) ( 0.,  0.) ( 0.,  0.) ( 0.,  0.) ( 0.,  0.)
 ( 0.,  0.) ( 0.,  0.) ( 0.,  0.) ( 0.,  0.) ( 0.,  0.) ( 0.,  0.)
 ( 0.,  0.) ( 0.,  0.) ( 0.,  0.) ( 0.,  0.) ( 0.,  0.) ( 0.,  0.)
 ( 0.,  0.) ( 0.,  0.) ( 0.,  0.) ( 0.,  0.) ( 0.,  0.) ( 0.,  0.)
 ( 0.,  0.) ( 0.,  0.) ( 0.,  0.) ( 0.,  0.) ( 0.,  0.) ( 0.,  0.)
 ( 0.,  0.) ( 0.,  0.) ( 0.,  0.) ( 0.,  0.) ( 0.,  0.) ( 0.,  0.)
 ( 0.,  0.) ( 0.,  0.) ( 0.,  0.) ( 0.,  0.) ( 0.,  0.) ( 0.,  0.)
 ( 0.,  0.) ( 0.,  0.) ( 0.,  0.) ( 0.,  0.) ( 0.,  0.) ( 0.,  0.)
 ( 0.,  0.) ( 0.,  0.) ( 0.,  0.) ( 0.,  0.) ( 0.,  0.) ( 0.,  0.)
 ( 0.,  0.) ( 0.,  0.) ( 0.,  0.) ( 0.,  0.) ( 0.,  0.) ( 0.,  0.)
 ( 0.,  0.) ( 0.,  0.) ( 0.,  0.) ( 0.,  0.) ( 0.,  0.) ( 0.,  0.)
 ( 0.,  0.) ( 0.,  0.) ( 0.,  0.) ( 0.,  0.) ( 0.,  0.) ( 0.,  0.)
 ( 0.,  0.) ( 0.,  0.) ( 0.,  0.) ( 0.,  0.) ( 0.,  0.) ( 0.,  0.)
 ( 0.,  0.) ( 0.,  0.) ( 0.,  0.) ( 0.,  0.) ( 0.,  0.) ( 0.,  0.)
 ( 0.,  0.) ( 0.,  0.) ( 0.,  0.) ( 0.,  0.) ( 0.,  0.) ( 0.,  0.)
 ( 0.,  0.) ( 0.,  0.) ( 0.,  0.) ( 0.,  0.) ( 0.,  0.) ( 0.,  0.)
 ( 0.,  0.) ( 0.,  0.) ( 0.,  0.) ( 0.,  0.) ( 0.,  0.) ( 0.,  0.)
 ( 0.,  0.) ( 0.,  0.) ( 0.,  0.) ( 0.,  0.) ( 0.,  0.) ( 0.,  0.)
 ( 0.,  0.) ( 0.,  0.) ( 0.,  0.) ( 0.,  0.) ( 0.,  0.) ( 0.,  0.)
 ( 0.,  0.) ( 0.,  0.) ( 0.,  0.) ( 0.,  0.) ( 0.,  0.) ( 0.,  0.)
 ( 0.,  0.) ( 0.,  0.) ( 0.,  0.) ( 0.,  0.) ( 0.,  0.) ( 0.,  0.)
 ( 0.,  0.) ( 0.,  0.) ( 0.,  0.) ( 0.,  0.) ( 0.,  0.) ( 0.,  0.)
 ( 0.,  0.) ( 0.,  0.) ( 0.,  0.) ( 0.,  0.) ( 0.,  0.) ( 0.,  0.)
 ( 0.,  0.) ( 0.,  0.) ( 0.,  0.) ( 0.,  0.) ( 0.,  0.) ( 0.,  0.)
 ( 0.,  0.) ( 0.,  0.) ( 0.,  0.) ( 0.,  0.) ( 0.,  0.) ( 0.,  0.)
 ( 0.,  0.) ( 0.,  0.) ( 0.,  0.) ( 0.,  0.) ( 0.,  0.) ( 0.,  0.)
 ( 0.,  0.) ( 0.,  0.) ( 0.,  0.) ( 0.,  0.) ( 0.,  0.) ( 0.,  0.)
 ( 0.,  0.) ( 0.,  0.) ( 0.,  0.) ( 0.,  0.) ( 0.,  0.) ( 0.,  0.)
 ( 0.,  0.) ( 0.,  0.) ( 0.,  0.) ( 0.,  0.) ( 0.,  0.) ( 0.,  0.)
 ( 0.,  0.) ( 0.,  0.) ( 0.,  0.) ( 0.,  0.) ( 0.,  0.) ( 0.,  0.)
 ( 0.,  0.) ( 0.,  0.) ( 0.,  0.) ( 0.,  0.) ( 0.,  0.) ( 0.,  0.)
 ( 0.,  0.) ( 0.,  0.) ( 0.,  0.) ( 0.,  0.) ( 0.,  0.) ( 0.,  0.)
 ( 0.,  0.) ( 0.,  0.) ( 0.,  0.) ( 0.,  0.) ( 0.,  0.) ( 0.,  0.)
 ( 0.,  0.) ( 0.,  0.) ( 0.,  0.) ( 0.,  0.) ( 0.,  0.) ( 0.,  0.)
 ( 0.,  0.) ( 0.,  0.) ( 0.,  0.) ( 0.,  0.) ( 0.,  0.) ( 0.,  0.)
 ( 0.,  0.) ( 0.,  0.) ( 0.,  0.) ( 0.,  0.) ( 0.,  0.) ( 0.,  0.)
 ( 0.,  0.) ( 0.,  0.) ( 0.,  0.) ( 0.,  0.) ( 0.,  0.) ( 0.,  0.)
 ( 0.,  0.) ( 0.,  0.) ( 0.,  0.) ( 0.,  0.) ( 0.,  0.) ( 0.,  0.)
 ( 0.,  0.) ( 0.,  0.) ( 0.,  0.) ( 0.,  0.) ( 0.,  0.) ( 0.,  0.)
 ( 0.,  0.) ( 0.,  0.) ( 0.,  0.) ( 0.,  0.) ( 0.,  0.) ( 0.,  0.)
 ( 0.,  0.) ( 0.,  0.) ( 0.,  0.) ( 0.,  0.) ( 0.,  0.) ( 0.,  0.)
 ( 0.,  0.) ( 0.,  0.) ( 0.,  0.) ( 0.,  0.) ( 0.,  0.) ( 0.,  0.)
 ( 0.,  0.) ( 0.,  0.) ( 0.,  0.) ( 0.,  0.) ( 0.,  0.) ( 0.,  0.)
 ( 0.,  0.) ( 0.,  0.) ( 0.,  0.) ( 0.,  0.) ( 0.,  0.) ( 0.,  0.)
 ( 0.,  0.) ( 0.,  0.) ( 0.,  0.) ( 0.,  0.) ( 0.,  0.) ( 0.,  0.)
 ( 0.,  0.) ( 0.,  0.) ( 0.,  0.) ( 0.,  0.) ( 0.,  0.) ( 0.,  0.)
 ( 0.,  0.) ( 0.,  0.) ( 0.,  0.) ( 0.,  0.) ( 0.,  0.) ( 0.,  0.)
 ( 0.,  0.) ( 0.,  0.) ( 0.,  0.) ( 0.,  0.) ( 0.,  0.) ( 0.,  0.)
 ( 0.,  0.) ( 0.,  0.) ( 0.,  0.) ( 0.,  0.) ( 0.,  0.) ( 0.,  0.)
 ( 0.,  0.) ( 0.,  0.) ( 0.,  0.) ( 0.,  0.) ( 0.,  0.) ( 0.,  0.)
 ( 0.,  0.) ( 0.,  0.) ( 0.,  0.) ( 0.,  0.) ( 0.,  0.) ( 0.,  0.)
 ( 0.,  0.) ( 0.,  0.) ( 0.,  0.) ( 0.,  0.) ( 0.,  0.) ( 0.,  0.)
 ( 0.,  0.) ( 0.,  0.) ( 0.,  0.) ( 0.,  0.) ( 0.,  0.) ( 0.,  0.)
 ( 0.,  0.) ( 0.,  0.) ( 0.,  0.) ( 0.,  0.) ( 0.,  0.) ( 0.,  0.)
 ( 0.,  0.) ( 0.,  0.) ( 0.,  0.) ( 0.,  0.) ( 0.,  0.) ( 0.,  0.)
 ( 0.,  0.) ( 0.,  0.) ( 0.,  0.) ( 0.,  0.) ( 0.,  0.) ( 0.,  0.)
 ( 0.,  0.) ( 0.,  0.) ( 0.,  0.) ( 0.,  0.) ( 0.,  0.) ( 0.,  0.)
 ( 0.,  0.) ( 0.,  0.) ( 0.,  0.) ( 0.,  0.) ( 0.,  0.) ( 0.,  0.)
 ( 0.,  0.) ( 0.,  0.) ( 0.,  0.) ( 0.,  0.) ( 0.,  0.) ( 0.,  0.)
 ( 0.,  0.) ( 0.,  0.) ( 0.,  0.) ( 0.,  0.) ( 0.,  0.) ( 0.,  0.)
 ( 0.,  0.) ( 0.,  0.) ( 0.,  0.) ( 0.,  0.) ( 0.,  0.) ( 0.,  0.)
 ( 0.,  0.) ( 0.,  0.) ( 0.,  0.) ( 0.,  0.) ( 0.,  0.) ( 0.,  0.)
 ( 0.,  0.) ( 0.,  0.) ( 0.,  0.) ( 0.,  0.) ( 0.,  0.) ( 0.,  0.)
 ( 0.,  0.) ( 0.,  0.)] 
Solution Description: 
p: [  0.          17.53554117  47.19996294  62.30053615  65.88026605
  65.92539359 100.47267296 150.80322505 212.26822432 213.37332578
 215.62221757   0.          18.67738622  22.23054736  33.40380365
  72.71470479  99.27498465 114.28869404 123.44296878 125.30870097
 149.7330236    0.          29.55843142  62.76082188  84.69594349
 140.23903254 210.88600438 212.62071002 214.98909338 314.9427518
 359.69238346 360.44548259 361.11380437 382.34130358 409.53031945
 493.40693789 493.86739081 503.43403986   0.          45.72329507
  58.52220607  62.48389051  69.6639385   81.80983318  92.32084702
 130.2476392  148.44545747 165.69997517 219.17105929 226.37667334
 246.61568689 260.47962197] 
pred: [0 0 0 0 0 0 5 5 5 5 5 0 0 0 0 0 0 0 0 0 8 0 0 0 0 0 0 0 0 7 7 7 7 7 7 7 7
 7 0 0 0 0 0 0 5 5 5 5 5 5 5 5] 
distance [  0.          17.53554117  47.19996294  62.30053615  65.88026605
  65.92539359  34.54727937  84.87783147 146.34283074 147.44793219
 149.69682399   0.          18.67738622  22.23054736  33.40380365
  72.71470479  99.27498465 114.28869404 123.44296878 125.30870097
  24.42432263   0.          29.55843142  62.76082188  84.69594349
 140.23903254 210.88600438 212.62071002 214.98909338  99.95365842
 144.70329008 145.45638921 146.12471099 167.3522102  194.54122607
 278.41784451 278.87829743 288.44494649   0.          45.72329507
  58.52220607  62.48389051  69.6639385   81.80983318  10.51101384
  48.43780602  66.6356243   83.890142   137.36122611 144.56684016
 164.80585371 178.66978879]
load: [  0  13  21  31  34  50  13  35  54  68  79   0  22  40  65  70  86 102
 112 119  21   0   9  19  25  37  42  59  84  19  28  48  68  84  89  92
 101 113   0  21  27  46  59  72   8  12  26  40  55  70  95 119] 
time: [  0.         170.         203.         228.39224704 244.56663558
 456.          80.         115.34683757 171.22731303 252.33358633
 322.           0.         182.         195.18455016 202.9955528
 231.80134413 398.         440.23624841 473.3964008  510.10459224
 371.           0.         257.         321.         357.24520703
 398.59572999 447.14634644 477.09937969 523.54038966  72.
 123.15799758 215.         229.24054306 255.7678084  296.81114214
 362.75002892 430.97172643 457.97248936   0.         115.
 271.         308.         337.56573587 376.43942313 121.
 226.         378.         411.20995269 457.         495.92676098
 534.3785658  559.51136652] 
time warps: [0 0 0 0 0 0 0 0 0 0 0 0 0 0 0 0 0 0 0 0 0 0 0 0 0 0 0 0 0 0 0 0 0 0 0 0 0
 0 0 0 0 0 0 0 0 0 0 0 0 0 0 0] 
duration: [  0.          23.53554117  73.83796245  95.93853566 103.51826556
 311.61049336  41.54727937 116.87783147 195.34283074 200.44793219
 269.41539141   0.          24.67738622  29.23054736  49.40380365
 105.71470479 284.97668402 320.99039341 347.14466815 353.01040033
  47.42432263   0.          35.55843142 113.62568957 137.56081118
 194.10390023 267.75087206 284.48557771 304.85396107 120.95365842
 167.70329008 238.30022472 246.9685465  278.19604571 329.38506158
 426.26168002 442.72213294 454.28878199   0.          55.72329507
 217.83191721 251.32425496 280.50430295 302.65019763  17.51101384
 155.03431469 305.6796988  326.9342165  403.38362043 432.58923449
 456.82824803 493.69218311]

All individuals: [(32, [10,  9, 16, 13,  7, 41, 31, 44, 32,  9, 42, 46, 35, 37, 34, 10, 45,  6, 27,  3, 48, 11, 22, 28, 36, 26,  5, 17, 18, 16, 33, 13,  8, 29, 20,  4, 19, 14,  1, 47, 12, 24, 39, 30,  2, 15, 23, 25, 40, 38, 21, 43], 1129.268903  , 1129.268903  , 0.,    0.        ,   0.        ,  0.        ,  1, 40, 21. )
 (32, [10,  9, 16, 13,  7, 41, 31, 44, 32,  9, 42, 46, 35, 37, 34, 10, 45,  6, 27,  3, 48, 11, 22, 28, 36, 26,  5, 17, 18, 16, 33, 13,  8, 29, 20,  4, 19, 14,  1, 47, 12, 24, 39, 30,  2, 15, 23, 25, 40, 38, 21, 43], 1129.268903  , 1129.268903  , 0.,    0.        ,   0.        ,  0.        ,  1, 40, 21. )
 (32, [11,  8, 16, 13,  7, 41, 31, 44, 32,  9, 42, 46, 34, 35, 37, 10, 45,  6, 27,  3, 48, 11, 22, 28, 36, 26,  5, 17, 18, 16, 33, 13,  8, 29, 20,  4, 19, 14,  1, 47, 12, 24, 39, 30,  2, 15, 23, 25, 40, 38, 21, 43], 1134.66252211, 1134.66252211, 0.,    0.        ,   0.        ,  3.        ,  3, 29, 17.5)
 (37, [12, 11, 11, 14, 11, 17, 44, 48, 34, 39, 36,  1, 10, 22, 23, 14, 33, 41,  3, 43, 21, 40, 45,  9,  4, 24, 16, 20, 13, 32, 18, 38,  7, 31, 19, 37, 15, 42, 35, 27, 26, 12,  8,  2, 30,  6, 47, 25,  5, 29, 46, 28], 1138.384244  , 1138.384244  , 0.,    0.        ,   0.        ,  2.66666667,  4, 30, 19. )
 (37, [12, 11, 11, 14, 11, 17, 44, 48, 34, 39, 36,  1, 10, 22, 23, 14, 33, 41,  3, 43, 21, 40, 45,  9,  4, 24, 16, 20, 13, 32, 18, 38,  7, 31, 19, 37, 15, 42, 35, 27, 26, 12,  8,  2, 30,  6, 47, 25,  5, 29, 46, 28], 1138.384244  , 1138.384244  , 0.,    0.        ,   0.        ,  2.66666667,  4, 30, 19. )
 (32, [11,  8, 16, 13,  7, 41, 31, 44, 32,  9, 42, 46, 35, 34, 37, 10, 45,  6, 27,  3, 48, 11, 22, 28, 36, 26,  5, 17, 18, 16, 33, 13,  8, 29, 20,  4, 19, 14,  1, 47, 12, 24, 39, 30,  2, 15, 23, 25, 40, 38, 21, 43], 1138.60212587, 1138.60212587, 0.,    0.        ,   0.        ,  2.        ,  5, 35, 22.5)
 (32, [11,  8, 16, 13,  7, 41, 31, 44, 32,  9, 42, 46, 34, 35, 37, 10, 45,  6, 27,  3, 48, 11, 22, 28, 36, 26,  5, 17, 18, 16, 33, 13,  8, 29, 20,  4, 19, 14,  1, 47, 12, 24, 30, 39,  2, 15, 23, 25, 40, 38, 21, 43], 1144.65272081, 1144.65272081, 0.,    0.        ,   0.        ,  3.        ,  6, 27, 19.5)
 (32, [11,  8, 16, 13,  7, 41, 31, 44, 32,  9, 42, 46, 35, 34, 37, 10, 45,  6, 27,  3, 48, 11, 22, 28, 36, 26,  5, 17, 18, 16, 33, 13,  8, 29, 20,  4, 19, 14,  1, 47, 12, 24, 30, 39,  2, 15, 23, 25, 40, 38, 21, 43], 1148.59232456, 1148.59232456, 0.,    0.        ,   0.        ,  2.        ,  7, 36, 25. )
 (32, [16, 11, 11, 10, 44, 16, 23,  1, 18, 40, 42, 48, 39, 38, 46,  3, 47, 33,  7, 37,  8, 15, 32, 31,  5, 45, 24,  4, 28, 27, 12, 13, 14, 21,  6, 17, 35, 36,  2, 11, 25, 29, 34, 10, 41, 30,  9, 43, 19, 20, 26, 22], 1161.32116408, 1161.32116408, 0.,    0.        ,   0.        ,  6.        ,  9, 22, 20. )
 (32, [16, 11, 11, 10, 44, 16, 23,  1, 18, 40, 42, 48, 39, 38, 46,  3, 47, 33,  7, 37,  8, 15, 32, 31,  5, 45, 24,  4, 28, 27, 12, 13, 14, 21,  6, 17, 35, 36,  2, 11, 25, 29, 34, 10, 41, 30,  9, 43, 19, 20, 26, 22], 1161.32116408, 1161.32116408, 0.,    0.        ,   0.        ,  6.        ,  9, 22, 20. )
 (32, [11,  8, 16, 13,  7, 41, 31, 44, 32,  9, 42, 46, 35, 34, 37, 10, 45,  6, 27,  3, 48, 11, 22, 28, 36, 26,  5, 17, 18, 16, 33, 13,  8, 29, 20,  4, 19, 14,  1, 47, 12, 39, 24, 30,  2, 15, 23, 25, 40, 38, 21, 43], 1161.51017301, 1161.51017301, 0.,    0.        ,   0.        ,  3.        , 10, 28, 24. )
 (32, [12,  7, 16, 13, 34, 10,  7, 41, 31, 44, 32,  9, 42, 46, 35, 37, 22, 45,  6, 27,  3, 48, 11, 28,  5, 26, 36, 18, 17, 16, 33, 13,  8, 29, 20,  4, 19, 14,  1, 47, 12, 24, 39, 30,  2, 15, 23, 25, 40, 38, 21, 43], 1183.65815035, 1183.65815035, 0.,    0.        ,   0.        ,  9.33333333, 11, 17, 19.5)
 (32, [12,  9, 14, 13, 34, 10,  7, 41, 31, 44, 32,  9, 42, 46, 35, 37, 45,  6, 27,  3, 48, 11, 28, 36, 22, 26,  5, 17, 18, 16, 33, 13,  8, 29, 20,  4, 19, 14,  1, 47, 12, 24, 39, 30,  2, 15, 23, 25, 40, 38, 21, 43], 1226.84130156, 1227.17514908, 0.,  182.66992929,   0.        ,  0.        , 17, 39, 36.5)
 (32, [11,  8, 16, 13,  7, 41, 31, 44, 32,  9, 42, 46, 35, 37, 34, 10, 45,  6, 27,  3, 48, 11, 22, 28, 36, 26,  5, 17, 18, 16, 33, 13,  8, 29, 20,  4, 19, 14,  1, 47, 12, 24, 39, 30,  2, 15, 23, 25, 40, 38, 21, 43], 1267.19770555, 1143.13268271, 0.,   62.03251142,   0.        ,  0.        , 12, 38, 31. )
 (32, [11,  8, 16, 13,  7, 41, 31, 44, 32,  9, 42, 46, 35, 37, 34, 10, 45,  6, 27,  3, 48, 11, 22, 28, 36, 26,  5, 17, 18, 16, 33, 13,  8, 29, 20,  4, 19, 14,  1, 47, 24, 12, 30, 39,  2, 15, 23, 25, 40, 38, 21, 43], 1276.31304655, 1152.2480237 , 0.,   62.03251142,   0.        ,  2.66666667, 13, 31, 28.5)
 (34, [14, 12, 11, 11, 30, 35, 47, 22, 44, 34,  7, 28,  1, 13, 11, 27, 16, 46,  9, 24, 32, 31, 41, 18, 29, 42, 33, 48, 21, 23, 40, 38,  2,  8,  4, 15, 45, 25, 37, 39, 10, 43, 26,  3, 20, 14, 36, 12,  5, 19, 17,  6], 1493.65877067, 1240.4596059 , 0.,    0.        ,   0.        ,  2.        , 14, 32, 30. )
 (34, [14, 12, 11, 11, 30, 35, 47, 22, 44, 34,  7, 28,  1, 13, 11, 27, 16, 46,  9, 24, 32, 31, 41, 18, 29, 42, 33, 48, 21, 23, 40, 38,  2,  8,  4, 15, 45, 25, 37, 39, 10, 43, 26,  3, 20, 14, 36, 12,  5, 19, 17,  6], 1493.65877067, 1240.4596059 , 0.,    0.        ,   0.        ,  2.        , 14, 32, 30. )
 (32, [11,  7, 17, 13, 34, 10,  7, 41, 31, 44, 32,  9, 42, 46, 35, 37, 45,  6, 27,  3, 48, 11, 22, 28, 36, 26,  5, 17, 18, 16, 33, 13,  8, 29, 20,  4, 19, 14,  1, 47, 12, 24, 39, 30,  2, 15, 23, 25, 40, 38, 21, 43], 1535.14564973, 1281.94648496, 0.,    0.        ,   0.        ,  2.        , 15, 33, 31.5)
 (32, [12,  7, 16, 13, 35,  9,  7, 41, 31, 44, 10, 42, 46, 34, 37, 45,  6, 27,  3, 48, 11, 32, 22, 28, 36, 26,  5, 17, 18, 16, 33, 13,  8, 29, 20,  4, 19, 14,  1, 47, 12, 39, 24, 30,  2, 15, 23, 25, 40, 38, 21, 43], 1563.40562503, 1300.06547123, 0.,  131.6700769 ,   0.        , 10.        , 16, 16, 24. )
 (32, [10,  9, 16, 13, 34, 10,  7, 41, 31, 44, 32,  9, 42, 46, 35, 37, 22, 45,  6, 27,  3, 48, 11, 28, 36, 26,  5, 17, 18, 16, 33, 13,  8, 29, 14, 20,  4, 19,  1, 47, 12, 24, 39, 30,  2, 15, 23, 25, 40, 38, 21, 43], 1608.88274604, 1231.90743453, 0.,  125.47453554,  63.01312022,  6.66666667, 18, 20, 28. )
 (32, [10,  8, 17, 13,  7, 41, 31, 44, 35,  9, 45, 37, 34, 46, 42, 10,  6, 27,  3, 48, 11, 32, 22, 28, 36, 26,  5, 17, 18, 16, 33, 13,  8, 29, 20,  4, 19, 14,  1, 47, 12, 24, 39, 30,  2, 15, 23, 25, 40, 38, 21, 43], 1876.28584621, 1470.55903468, 0.,   62.03251142,   0.        , 10.        , 19, 15, 26.5)
 (32, [11,  8, 16, 13,  2,  9,  7, 41, 31, 44, 10, 42, 46, 34, 37, 45,  6, 27,  3, 48, 11, 32, 22, 28, 36, 26,  5, 17, 18, 16, 33, 13,  8, 29, 20,  4, 19, 14, 35, 47, 15, 25,  1, 23, 39, 12, 24, 30, 40, 38, 21, 43], 1945.2420243 , 1472.84334351, 0.,  196.08201529,  40.11732511, 15.        , 20, 11, 25.5)
 (32, [12,  7, 16, 13,  7, 41, 31, 44, 32,  9, 42, 46, 35, 37, 34, 10, 45,  6, 27,  3, 48, 11, 22, 28, 36, 26,  5, 17, 18, 16, 13, 29,  8, 20,  4, 33, 19, 14,  1, 47, 12, 24, 39, 30,  2, 15, 23, 25, 40, 38, 21, 43], 2000.66862631, 1219.76778531, 0.,  326.26854746,  64.18187304,  6.        , 21, 23, 32.5)
 (39, [11, 10, 13, 14, 18,  7, 43, 42, 40, 44,  5, 26, 29, 28, 31, 17, 46,  8, 30, 39, 14,  9, 12, 36, 37, 25,  1,  4, 21, 15, 20,  2, 48, 33, 13, 19,  3, 10, 11, 22,  6, 24, 34, 32, 45, 27, 35, 16, 38, 41, 47, 23], 2004.24096387, 1717.01938106, 0.,  118.52978086,   0.        , 16.        , 22,  9, 26.5)
 (39, [11, 10, 13, 14, 18,  7, 43, 42, 40, 44,  5, 26, 29, 28, 31, 17, 46,  8, 30, 39, 14,  9, 12, 36, 37, 25,  1,  4, 21, 15, 20,  2, 48, 33, 13, 19,  3, 10, 11, 22,  6, 24, 34, 32, 45, 27, 35, 16, 38, 41, 47, 23], 2004.24096387, 1717.01938106, 0.,  118.52978086,   0.        , 16.        , 22,  9, 26.5)
 (32, [11,  8, 16, 13,  7, 41, 31, 44, 32,  9, 42, 46, 35, 37, 34, 10, 45,  6, 27,  3, 48, 11, 21, 28, 36, 26,  5, 17, 18, 16, 33, 13,  8, 29, 20,  4, 19, 14,  1, 47, 40, 24, 12, 30, 39,  2, 15, 23, 25, 38, 22, 43], 2024.84002073, 1504.77846792, 0.,  219.74957649,  12.75724524,  7.        , 23, 19, 32.5)
 (32, [10,  8, 16, 14,  7, 41, 31, 44, 32,  9, 42, 46, 35, 37, 34, 10, 45,  6, 27,  3, 48, 11, 22, 28, 36, 26,  5, 17, 18, 16, 33, 13,  8, 29, 20,  4, 19, 14,  1, 40, 47, 24, 12, 30, 39,  2, 15, 23, 25, 38, 21, 43], 2176.62196115, 1406.66355256, 0.,  142.04084457, 116.33877734,  4.33333333, 24, 25, 36.5)
 (36, [10, 12, 15, 11, 39,  8, 30,  2, 34, 21,  3,  7, 36, 26, 37,  4, 40, 23, 41, 25, 10, 24, 14,  6, 43, 12, 47, 16, 44, 48, 46, 15, 18, 31, 13, 35, 29, 22, 20, 42,  5, 45, 11, 27,  1, 32,  9, 28, 38, 17, 33, 19], 2192.55335996, 1354.68129235, 0.,  314.11295726, 104.82307655,  7.        , 25, 18, 34. )
 (36, [10, 12, 15, 11, 39,  8, 30,  2, 34, 21,  3,  7, 36, 26, 37,  4, 40, 23, 41, 25, 10, 24, 14,  6, 43, 12, 47, 16, 44, 48, 46, 15, 18, 31, 13, 35, 29, 22, 20, 42,  5, 45, 11, 27,  1, 32,  9, 28, 38, 17, 33, 19], 2192.55335996, 1354.68129235, 0.,  314.11295726, 104.82307655,  7.        , 25, 18, 34. )
 (31, [12, 12, 12, 12, 18, 21, 45, 36, 24, 27, 44,  5, 32, 26, 17, 31, 47, 30, 35, 29, 14, 42, 12,  8,  7, 46, 25, 23,  4, 37, 13,  6, 19,  1, 11,  3, 10,  9, 39, 41, 15, 38, 43, 34, 28,  2, 16, 33, 20, 48, 22, 40], 2383.69902685, 1387.11421393, 0.,  429.39967438,  68.89273208,  5.        , 26, 24, 38. )
 (31, [12, 12, 12, 12, 18, 21, 45, 36, 24, 27, 44,  5, 32, 26, 17, 31, 47, 30, 35, 29, 14, 42, 12,  8,  7, 46, 25, 23,  4, 37, 13,  6, 19,  1, 11,  3, 10,  9, 39, 41, 15, 38, 43, 34, 28,  2, 16, 33, 20, 48, 22, 40], 2383.69902685, 1387.11421393, 0.,  429.39967438,  68.89273208,  5.        , 26, 24, 38. )
 (32, [10,  9, 15, 14, 34, 10,  7, 41, 31, 44, 32, 18,  9, 42, 46, 35, 37, 25,  6, 27,  3, 48, 11, 26, 14, 28, 36,  5, 17, 16, 13, 33, 29,  8, 20,  4, 19, 22,  1, 47, 12, 24, 39, 30,  2, 15, 23, 45, 40, 38, 21, 43], 2624.67612527, 1829.35956384, 0.,   99.5402755 ,  41.53271539, 15.33333333, 28, 10, 33. )
 (32, [11,  8, 15, 14,  7, 41, 31, 44, 32,  9, 42, 46, 34, 35, 37, 13, 45,  6, 27,  3, 48, 11, 22, 28,  5, 26, 36, 18, 17, 16, 33, 10,  8, 29, 20,  4, 19, 14,  1, 47, 12, 24, 30, 39,  2, 15, 23, 25, 40, 38, 21, 43], 2640.44515253, 1957.60200272, 0.,  258.24263188, 140.6202331 , 11.        , 29, 14, 36. )
 (35, [12, 13, 12, 11, 45, 29,  9, 38,  7,  5,  3, 46, 13, 44, 26, 17, 42, 25, 32, 20, 40, 16, 35, 18, 30, 23, 19,  4, 31, 48,  2,  8, 11, 43, 24, 14, 10, 15, 41, 27, 21,  6, 22, 37,  1, 12, 33, 39, 47, 34, 36, 28], 2857.50241613, 1713.02171411, 0.,  344.72522353, 110.79561281, 17.66666667, 31,  7, 34.5)
 (35, [12, 13, 12, 11, 45, 29,  9, 38,  7,  5,  3, 46, 13, 44, 26, 17, 42, 25, 32, 20, 40, 16, 35, 18, 30, 23, 19,  4, 31, 48,  2,  8, 11, 43, 24, 14, 10, 15, 41, 27, 21,  6, 22, 37,  1, 12, 33, 39, 47, 34, 36, 28], 2857.50241613, 1713.02171411, 0.,  344.72522353, 110.79561281, 17.66666667, 31,  7, 34.5)
 (32, [10,  8, 16, 14,  7, 41, 31, 44, 35,  9, 45, 37, 34, 46, 42, 10,  6, 32, 18, 27,  3, 48, 11, 26, 36, 28, 14,  5, 17, 16, 33, 13, 29,  8, 20,  4, 19, 22,  1, 47, 12, 24, 39, 30,  2, 15, 23, 25, 40, 38, 21, 43], 2909.32464572, 1918.10572577, 0.,  161.57278692, 116.83859922, 16.66666667, 32,  8, 36. )
 (30, [12, 12, 14, 10, 35, 43,  8, 20,  7, 10, 17, 23, 29, 13, 32, 46,  9, 18,  6, 26, 31, 22, 37, 30, 45, 25, 47, 16, 12, 39, 38,  5, 21, 15, 27, 14, 34,  1, 33, 40, 19,  4, 42, 36, 28,  3, 44, 11,  2, 24, 48, 41], 3083.45613438, 1876.13420881, 0.,  390.92445733, 101.2341783 ,  6.        , 34, 21, 44.5)
 (38, [15,  8, 11, 14, 35, 34, 10,  7, 41, 31, 44, 32, 18,  9, 46, 28, 42, 40, 30, 37, 45,  6, 27,  3, 48, 11, 26, 36, 14,  1,  5, 17, 16, 13, 33, 29,  8, 20,  4, 19, 22, 47, 12, 24, 39,  2, 15, 23, 25, 38, 21, 43], 3355.95015135, 1822.45170546, 0.,  350.61459642, 285.26730732, 19.33333333, 35,  6, 38. )
 (38, [11, 11, 13, 13, 31,  5,  1, 20,  9, 10, 21,  4,  3, 42, 47, 40, 41, 45, 38, 15, 11, 39, 33, 26, 24, 43, 30, 23, 32, 36, 18, 37,  7, 13, 28, 22, 34, 27, 19, 46, 35,  6, 48, 29, 44, 14, 25,  8, 12,  2, 17, 16], 3915.88751072, 2022.39657202, 0.,  234.58780505, 159.20476345, 24.33333333, 36,  4, 38. )
 (33, [11, 12, 11, 14,  1, 34, 17, 23, 40, 46, 48, 30, 42, 20, 31, 14, 18, 38, 12, 29,  4,  3, 33, 37, 41, 45,  7, 47, 26, 35, 44, 21, 15,  5, 32, 22, 43,  9, 25, 24, 39, 16, 19, 27, 36,  6,  8, 11, 28,  2, 13, 10], 7803.33379242, 3537.92049693, 0., 1496.08278552, 441.41390443, 24.66666667, 39,  3, 40.5)]