
Total Runtime in seconds: 511.7462422847748Parameters:
population_size: 50, max_generations: 150, executed generations: 149, threshold_no_improvement: 75
target feasible proportion: 12
fitness_scaling: power_rank, selection_method: n_tournaments
p_c: 0.9, p_m: 0.3, NOT YET p_education: 0.0
tournament_size: 2, n_elite: 8
survivor_selection_step: 10, p_selection_survival: 0.7
kill clone step: 5
diversify_step: 20, diversify_step: 20, p_diversify_survival: 0.3
n_closest_neighbors: 3, diversity_weight: 0.5, distance_method: broken_pairs_distance
capacity_penalty_factor: 2, duration_penalty_factor 2, time_window_penalty: 2
Best fitness all generations, best individual before/after local search: 1268.8292601006133, 1268.8292601006133 / 1268.8292601006133
Best individual found before local search: (18, [14,  4, 10, 20, 35,  9, 32, 44, 31, 36, 41, 37,  7, 34, 10, 45, 11, 22,  6, 48,  3, 27,  8,  5, 17, 18, 16, 28,  4, 19, 14,  1,  2, 25, 15, 30, 42, 46, 43, 13, 33, 20, 29, 26, 23, 39, 47, 24, 12, 21, 38, 40], 1268.8292601, 1268.51103337, 0., 0.15911336, 0., 2., 3, 50, 28.)
Best individual found after local search: (18, [14,  4, 10, 20, 35,  9, 32, 44, 31, 36, 41, 37,  7, 34, 10, 45, 11, 22,  6, 48,  3, 27,  8,  5, 17, 18, 16, 28,  4, 19, 14,  1,  2, 25, 15, 30, 42, 46, 43, 13, 33, 20, 29, 26, 23, 39, 47, 24, 12, 21, 38, 40], 1268.8292601, 1268.51103337, 0., 0.15911336, 0., 2., 3, 50, 28.)
Best feasible individual found: (18, [14,  4, 10, 20, 35,  9, 39, 44, 31, 36, 41, 37,  7, 45, 10, 34, 11, 22,  6, 48,  3, 27,  8,  5, 17, 18, 16, 28,  4, 19, 14,  1,  2, 25, 15, 30, 42, 46, 43, 13, 33, 20, 29, 26, 23, 32, 47, 24, 12, 21, 38, 40], 1292.13575194, 1335.91161922, 0., 0., 0., 2., 3, 50, 28.)

Fitness stats min: [2360.79810106 2360.79810106 2360.79810106 2332.08404961 2223.49325346
 2210.89277927 2203.27186787 2202.09560666 2202.09560666 2118.78801258
 2058.57752512 2031.40642302 1708.91457732 1647.99938679 1647.99938679
 1647.99938679 1647.99938679 1647.99938679 1631.83891579 1627.47254415
 1623.9133072  1623.9133072  1623.9133072  1621.4169629  1599.33605554
 1599.33605554 1594.99659306 1547.23928506 1545.8697877  1513.23713904
 1497.87390499 1497.87390499 1497.87390499 1497.87390499 1497.87390499
 1497.87390499 1497.87390499 1497.87390499 1497.87390499 1492.18206824
 1461.63251066 1461.63251066 1461.63251066 1461.63251066 1461.05318047
 1461.05318047 1461.05318047 1461.05318047 1461.05318047 1461.05318047
 1461.05318047 1460.83078928 1436.81627122 1436.81627122 1436.81627122
 1436.81627122 1436.81627122 1436.81627122 1422.46778586 1422.46778586
 1422.46778586 1422.46778586 1422.46778586 1422.46778586 1422.46778586
 1422.46778586 1422.46778586 1422.46778586 1422.46778586 1422.46778586
 1422.46778586 1422.46778586 1422.46778586 1422.46778586 1422.46778586
 1416.21108229 1403.02845703 1403.02845703 1397.73773174 1388.47133859
 1388.47133859 1388.47133859 1388.47133859 1388.47133859 1388.47133859
 1388.47133859 1379.34625773 1378.37888856 1374.82370503 1352.45678295
 1352.45678295 1352.45678295 1352.45678295 1352.45678295 1352.45678295
 1352.45678295 1352.45678295 1339.7764092  1337.45180722 1337.45180722
 1337.45180722 1337.45180722 1337.45180722 1337.3543985  1337.3543985
 1337.45180722 1337.3543985  1337.3543985  1337.3543985  1337.3543985
 1337.3543985  1337.3543985  1337.3543985  1337.3543985  1337.3543985
 1337.3543985  1337.3543985  1337.3543985  1337.3543985  1337.3543985
 1337.3543985  1337.3543985  1337.3543985  1310.92570264 1310.92570264
 1310.92570264 1310.92570264 1310.92570264 1310.92570264 1272.07146915
 1272.07146915 1272.07146915 1272.07146915 1272.07146915 1272.07146915
 1272.07146915 1272.07146915 1272.07146915 1272.07146915 1272.07146915
 1272.07146915 1272.07146915 1272.07146915 1272.07146915 1272.07146915
 1272.07146915 1272.07146915 1272.07146915 1272.07146915 1268.8292601 ] 

Fitness stats feasible min: [2510.77951731 2493.98560738 2432.25129553 2332.08404961 2223.49325346
 2210.89277927 2203.27186787 2202.09560666 2202.09560666 2131.04998133
 2131.04998133 2031.40642302 1708.91457732 1708.91457732 1708.91457732
 1708.91457732 1708.91457732 1708.91457732 1631.83891579 1627.47254415
 1623.9133072  1623.9133072  1623.9133072  1621.4169629  1599.33605554
 1599.33605554 1594.99659306 1547.23928506 1545.8697877  1513.23713904
 1497.87390499 1497.87390499 1497.87390499 1497.87390499 1497.87390499
 1497.87390499 1497.87390499 1497.87390499 1497.87390499 1492.18206824
 1461.63251066 1461.63251066 1461.63251066 1461.63251066 1461.05318047
 1461.05318047 1461.05318047 1461.05318047 1461.05318047 1461.05318047
 1461.05318047 1460.83078928 1436.81627122 1436.81627122 1436.81627122
 1436.81627122 1436.81627122 1436.81627122 1422.46778586 1422.46778586
 1422.46778586 1422.46778586 1422.46778586 1422.46778586 1422.46778586
 1422.46778586 1422.46778586 1422.46778586 1422.46778586 1422.46778586
 1422.46778586 1422.46778586 1422.46778586 1422.46778586 1422.46778586
 1416.21108229 1403.02845703 1403.02845703 1397.73773174 1388.47133859
 1388.47133859 1388.47133859 1388.47133859 1388.47133859 1388.47133859
 1388.47133859 1379.34625773 1378.37888856 1374.82370503 1352.45678295
 1352.45678295 1352.45678295 1352.45678295 1352.45678295 1352.45678295
 1352.45678295 1352.45678295 1339.7764092  1337.45180722 1337.45180722
 1337.45180722 1337.45180722 1337.45180722 1337.45180722 1337.45180722
 1337.45180722 1337.45180722 1337.45180722 1337.45180722 1337.45180722
 1337.45180722 1337.45180722 1337.45180722 1337.45180722 1337.45180722
 1337.45180722 1337.45180722 1337.45180722 1337.45180722 1337.45180722
 1337.45180722 1337.45180722 1337.45180722 1310.92570264 1310.92570264
 1310.92570264 1310.92570264 1310.92570264 1310.92570264 1310.92570264
 1310.92570264 1310.92570264 1310.92570264 1310.92570264 1310.92570264
 1310.92570264 1310.92570264 1310.92570264 1310.92570264 1286.97296903
 1310.92570264 1310.92570264 1310.92570264 1300.17943864 1292.13575194
 1292.13575194 1292.13575194 1292.13575194 1292.13575194 1292.13575194] 

Fitness stats avg: [3927.45325306 3722.64079933 3441.88145782 3152.89784117 2918.29118175
 2846.34366746 2761.83154335 2749.64512966 2707.17507786 2563.0562349
 3354.09300381 2952.43274049 2568.62440576 2455.56232817 2266.40610881
 2355.98960384 2219.85520928 2162.40943439 2039.2590839  2093.09978521
 2631.9063833  2132.84194891 1925.6778156  1794.93293702 1767.67044082
 2083.02090841 1956.86963275 1914.41193505 1856.72533703 1868.03401574
 2900.30333586 2497.71099479 2006.32371408 1849.97621711 1827.03690342
 1941.88950467 1833.23275893 1752.51644493 1754.93231047 1747.56016021
 3129.29101583 2495.37845087 2185.54203187 1847.89867139 1711.08745709
 2614.22544893 2156.78644906 1888.90807199 1784.16089371 1770.45028036
 2901.89201344 2203.46729446 1725.29870978 1696.70621572 1605.82766833
 2185.74882948 1769.73655025 1683.84043895 1658.99691379 1579.14210542
 2783.08386523 2227.79288741 1731.04967582 1650.49920231 1629.25409988
 2255.85292151 1807.72934458 1700.47733998 1633.06901281 1553.09298323
 2529.37098289 2166.109615   1890.97074959 1802.1079606  1663.48644379
 2110.98255514 1701.16158416 1622.8889448  1577.77588892 1640.75347385
 2643.83391891 1967.11130992 1770.29794283 1754.84486783 1589.07668231
 2187.68288256 1799.60046352 1697.74568271 1574.25896527 1546.26613295
 3166.39825487 2660.49394467 1970.62014719 1745.8456122  1669.03167849
 2268.21634319 1839.0761688  1562.21338907 1497.37795116 1487.79036521
 2641.53098341 2003.87125702 1641.38845003 1568.44651872 1498.06076842
 2224.61970063 1756.18650681 1580.98330601 1465.31509387 1535.73533404
 2585.38960771 1869.59722325 1538.96520279 1495.29615822 1530.85625638
 2475.99962335 1853.85725208 1623.90147784 1573.81471088 1466.14363964
 2334.69445972 1681.90025865 1578.83040079 1522.09478713 1472.39687411
 2442.54360935 1953.57833346 1650.98584793 1583.74740011 1536.84943386
 2781.04192669 2008.28939762 1653.17809925 1508.79187815 1434.35161224
 2880.24273623 2007.84175723 1621.76274538 1476.38867855 1401.63062733
 2218.39465802 1676.98835162 1478.93173917 1419.60927694 1423.2299396
 3018.26008888 2518.53739823 2013.43568861 1703.82508883 1590.28490326] 

Feasible stats: [( 0., 50.) ( 0., 50.) (28., 22.) (28., 22.) (19., 31.) (19., 31.)
 (24., 26.) (24., 26.) (22., 28.) (22., 28.) (24., 26.) (24., 26.)
 (20., 30.) (20., 30.) (25., 25.) (25., 25.) (28., 22.) (28., 22.)
 (29., 21.) (29., 21.) (31., 19.) (31., 19.) (26., 24.) (26., 24.)
 (40., 10.) (40., 10.) (22., 28.) (22., 28.) (25., 25.) (25., 25.)
 (34., 16.) (34., 16.) (23., 27.) (23., 27.) (34., 16.) (34., 16.)
 (28., 22.) (28., 22.) (38., 12.) (38., 12.) (36., 14.) (36., 14.)
 (19., 31.) (19., 31.) (28., 22.) (28., 22.) (24., 26.) (24., 26.)
 (35., 15.) (35., 15.) (39., 11.) (39., 11.) (28., 22.) (28., 22.)
 (39., 11.) (39., 11.) (30., 20.) (30., 20.) (37., 13.) (37., 13.)
 (38., 12.) (38., 12.) (23., 27.) (23., 27.) (36., 14.) (36., 14.)
 (16., 34.) (16., 34.) (24., 26.) (24., 26.) (42.,  8.) (42.,  8.)
 (25., 25.) (25., 25.) (23., 27.) (23., 27.) (18., 32.) (18., 32.)
 (33., 17.) (33., 17.) (30., 20.) (30., 20.) (31., 19.) (31., 19.)
 (35., 15.) (35., 15.) (20., 30.) (20., 30.) (28., 22.) (28., 22.)
 (39., 11.) (39., 11.) (16., 34.) (16., 34.) (34., 16.) (34., 16.)
 (21., 29.) (21., 29.) (39., 11.) (39., 11.) (45.,  5.) (45.,  5.)
 (31., 19.) (31., 19.) (38., 12.) (38., 12.) (24., 26.) (24., 26.)
 (35., 15.) (35., 15.) (36., 14.) (36., 14.) (26., 24.) (26., 24.)
 (26., 24.) (26., 24.) (16., 34.) (16., 34.) (27., 23.) (27., 23.)
 (40., 10.) (40., 10.) (31., 19.) (31., 19.) (37., 13.) (37., 13.)
 (23., 27.) (23., 27.) (26., 24.) (26., 24.) (36., 14.) (36., 14.)
 (23., 27.) (23., 27.) (40., 10.) (40., 10.) (15., 35.) (15., 35.)
 (35., 15.) (35., 15.) (32., 18.) (32., 18.) (20., 30.) (20., 30.)
 (32., 18.) (32., 18.) (15., 35.) (15., 35.) (28., 22.) (28., 22.)] 
Solution Description: 
p: [  0.          13.68141235  34.57573607  48.25627445  80.62399324
  95.39304042 121.97568701 128.28717783 128.60118863 146.1367298
 167.1324816  180.8097472  194.40643407 198.07967493 223.42118698
   0.          59.14933511  70.01448096  85.18051099 108.63929843
   0.          80.64679101  86.28375524 156.93072707 158.66543272
 161.03381607 190.59224749 223.31642476 307.1930432  307.65349613
 317.22014518   0.          10.51101384  58.40840884  60.97874162
  64.49437028 164.27698015 216.19363532 216.93873497 435.01772137
 455.07231854 455.47242342 467.85461881 468.85506267 468.88063193
 495.03447104 540.7577661  547.56902112 558.54603006 572.23612551
 584.90072161 619.54862951] 
pred: [ 0  0  0  0  3  3  3  3  3  8  8  8  8  8  8  0  0  0  0  0  0  0  0  0
  0  0  5  5  5  5  5  0  0  0  0  0  4  4  4  7  7  7  7  7  7 13 14 14
 14 14 14 14] 
distance [  0.          13.68141235  34.57573607  48.25627445  32.3677188
  47.13676597  73.71941256  80.03090338  80.34491418  17.53554117
  38.53129297  51.89033184  65.48701871  69.16025957  94.50177162
   0.          59.14933511  70.01448096  85.18051099 108.63929843
   0.          80.64679101  86.28375524 156.93072707 158.66543272
 161.03381607  29.55843142  62.28260869 146.15922713 146.61968006
 156.18632911   0.          10.51101384  58.40840884  60.97874162
  64.49437028  99.78260987 151.69926504 152.44436469 218.0789864
 238.13358357 238.53368845 250.91588384 251.9163277  251.94189696
  26.15383911  45.72329507  52.53455008  63.51155902  77.20165447
  89.86625057 124.51415848]
load: [  0  14  27  43   3  13  23  31  42  13  35  53  78  85 106   0   5  15
  31  47   0  20  32  37  54  79   9  14  17  26  38   0   8  22  26  39
  22  41  65   9  28  44  64  70  84  13  21  40  46  71  86 101] 
time: [  0.         159.         173.4613902  456.         174.
 200.         321.         352.72872259 383.97117354 170.
 192.9745632  206.         213.81100264 397.         423.86042084
   0.         160.         414.         443.16015238 483.3964008
   0.         215.         317.         444.         473.95303324
 520.39404321 257.         279.90630276 345.84518954 414.06688705
 441.06764997   0.         121.         329.         341.2602819
 381.20559136  75.         169.         459.         108.
 140.15799758 192.         220.52726534 269.15323001 378.
 207.         115.         308.         325.46934669 414.
 443.         485.92676098] 
time warps: [0.         0.         0.         0.         0.         0.
 0.         0.         0.         0.         0.         0.15911336
 0.15911336 0.15911336 0.15911336 0.         0.         0.
 0.         0.         0.         0.         0.         0.
 0.         0.         0.         0.         0.         0.
 0.         0.         0.         0.         0.         0.
 0.         0.         0.         0.         0.         0.
 0.         0.         0.         0.         0.         0.
 0.         0.         0.         0.        ] 
duration: [  0.          17.68141235  45.57573607 320.68342895  36.3677188
  70.96237744 210.67128303 226.98277386 236.29678466  23.53554117
  50.53129297  64.89033184  87.48701871 262.4520198  310.79353185
   0.          76.14933511 329.9842418  366.15027183 412.60905926
   0.          85.64679101 180.05235004 332.14870542 348.88341106
 369.25179442  35.55843142  92.28260869 189.15922713 205.61968006
 217.18632911   0.          17.51101384 244.72426381 270.29459659
 283.81022525 124.78260987 231.81878957 483.81661461 220.0789864
 261.13358357 286.58332455 306.96551994 309.9659638  422.46368507
  48.15383911  55.72329507 251.32425496 272.3012639  360.05582284
 403.26861412 455.91652202]

All individuals: [(18, [14,  4, 10, 20, 35,  9, 39, 44, 31, 36, 41, 37,  7, 34, 10, 45, 11, 22,  6, 48,  3, 27,  8,  5, 17, 18, 16, 28,  4, 19, 14,  1,  2, 25, 15, 30, 42, 46, 43, 13, 33, 20, 29, 26, 23, 32, 47, 24, 12, 21, 38, 40], 1272.07146915, 1271.75324242, 0.,   0.15911336,  0.        ,  3.66666667,  1, 46, 24. )
 (18, [14,  4, 10, 20, 35,  9, 39, 44, 31, 36, 41, 37,  7, 34, 10, 45, 11, 22,  6, 48,  3, 27,  8,  5, 17, 18, 16, 28,  4, 19, 14,  1,  2, 25, 15, 30, 42, 46, 43, 13, 33, 20, 29, 26, 23, 32, 47, 24, 12, 21, 38, 40], 1272.07146915, 1271.75324242, 0.,   0.15911336,  0.        ,  4.        ,  1, 36, 19. )
 (18, [14,  4, 10, 20, 35,  9, 39, 44, 31, 36, 41,  7, 34, 10, 45, 11, 22, 37,  6, 48,  3, 27,  8,  5, 17, 18, 16, 28,  4, 19, 14,  1,  2, 25, 15, 30, 42, 46, 43, 13, 33, 20, 29, 26, 23, 32, 47, 24, 12, 21, 38, 40], 1274.0409618 , 1273.72273507, 0.,   0.15911336,  0.        ,  4.        ,  2, 45, 24.5)
 (18, [14,  4, 10, 20, 35,  9, 39, 44, 31, 36, 41, 37,  7, 45, 10, 34, 11, 22,  6, 48,  3, 27,  8,  5, 17, 18, 16, 28,  4, 19, 14,  1,  2, 25, 15, 30, 42, 46, 43, 13, 33, 20, 29, 26, 23, 32, 47, 24, 12, 21, 38, 40], 1292.13575194, 1335.91161922, 0.,   0.        ,  0.        ,  0.        ,  8, 47, 31.5)
 (18, [14,  4, 10, 20, 35,  9, 39, 44, 31, 36, 41, 37,  7, 45, 10, 34, 11, 22,  6, 48,  3, 27,  8,  5, 17, 18, 16, 28,  4, 19, 14,  1,  2, 25, 15, 30, 42, 46, 43, 13, 33, 20, 29, 26, 23, 32, 47, 24, 12, 21, 38, 40], 1292.13575194, 1335.91161922, 0.,   0.        ,  0.        ,  0.        ,  7, 49, 31.5)
 (18, [14,  4, 10, 20, 35,  9, 39, 44, 31, 36, 41, 37,  7, 45, 10, 34, 11, 22,  6, 48,  3, 27,  8,  5, 17, 18, 16, 28,  4, 19, 14,  1,  2, 25, 15, 30, 42, 46, 43, 13, 33, 20, 29, 26, 23, 32, 47, 24, 12, 21, 38, 40], 1292.13575194, 1335.91161922, 0.,   0.        ,  0.        ,  0.        ,  2, 46, 25. )
 (18, [14,  4, 10, 20, 35,  9, 39, 44, 31, 36, 41, 37,  7, 45, 10, 34, 11, 22,  6, 48,  3, 27,  8,  5, 17, 18, 16, 28,  4, 19, 14,  1,  2, 25, 15, 30, 42, 46, 43, 13, 33, 20, 29, 26, 23, 32, 47, 24, 12, 21, 38, 40], 1292.13575194, 1335.91161922, 0.,   0.        ,  0.        ,  0.        , 10, 50, 35. )
 (18, [14,  4, 10, 20, 35,  9, 39, 44, 31, 36, 41, 37,  7, 45, 10, 34, 11, 22,  6, 48,  3, 27,  8,  5, 17, 18, 16, 28,  4, 19, 14,  1,  2, 25, 15, 30, 42, 46, 43, 13, 33, 20, 29, 26, 23, 32, 47, 24, 12, 21, 38, 40], 1292.13575194, 1335.91161922, 0.,   0.        ,  0.        ,  0.        ,  3, 40, 23. )
 (18, [14,  4, 10, 20, 35,  9, 39, 44, 31, 36, 41, 37,  7, 45, 10, 34, 11, 22,  6, 48,  3, 27,  8,  5, 17, 18, 16, 28,  4, 19, 14,  1,  2, 25, 15, 30, 42, 46, 43, 13, 33, 20, 29, 26, 23, 32, 47, 24, 12, 21, 38, 40], 1292.13575194, 1335.91161922, 0.,   0.        ,  0.        ,  0.        ,  6, 42, 27. )
 (18, [14,  4, 10, 20, 35,  9, 39, 44, 31, 36, 41, 37,  7, 45, 10, 34, 11, 22,  6, 48,  3, 27,  8,  5, 17, 18, 16, 28,  4, 19, 14,  1,  2, 25, 15, 30, 42, 46, 43, 13, 33, 20, 29, 26, 23, 32, 47, 24, 12, 21, 38, 40], 1292.13575194, 1335.91161922, 0.,   0.        ,  0.        ,  0.        ,  4, 43, 25.5)
 (18, [14,  4, 10, 20, 35,  9, 39, 44, 31, 36, 41, 37,  7, 45, 10, 34, 11, 22,  6, 48,  3, 27,  8,  5, 17, 18, 16, 28,  4, 19, 14,  1,  2, 25, 15, 30, 42, 46, 43, 13, 33, 20, 29, 26, 23, 32, 47, 24, 12, 21, 38, 40], 1292.13575194, 1335.91161922, 0.,   0.        ,  0.        ,  0.        ,  5, 48, 29. )
 (18, [14,  4, 10, 20, 35,  9, 39, 44, 31, 36, 41, 37,  7, 45, 10, 34, 11, 22,  6, 48,  3, 27,  8,  5, 17, 18, 16, 28,  4, 19, 14,  1,  2, 25, 15, 30, 42, 46, 43, 13, 33, 20, 29, 26, 23, 32, 47, 24, 12, 21, 38, 40], 1292.13575194, 1335.91161922, 0.,   0.        ,  0.        ,  2.        ,  4, 49, 28.5)
 (18, [14,  4, 10, 20, 35,  9, 39, 44, 31, 36, 41, 37,  7, 45, 10, 34, 11, 22,  6, 48,  3, 27,  8,  5, 17, 18, 16, 28,  4, 19, 14,  1,  2, 25, 15, 30, 42, 46, 43, 13, 33, 20, 29, 26, 23, 32, 47, 24, 12, 21, 38, 40], 1292.13575194, 1335.91161922, 0.,   0.        ,  0.        ,  2.        ,  3, 50, 28. )
 (18, [14,  4, 10, 20, 35,  9, 39, 44, 31, 36, 41, 37,  7, 10, 45, 22, 34, 11,  6, 48,  3, 27,  8,  5, 17, 18, 16, 28,  4, 19, 14,  1,  2, 25, 15, 30, 42, 46, 43, 13, 33, 20, 29, 26, 23, 32, 47, 24, 12, 21, 38, 40], 1302.08042245, 1302.08042245, 0.,   0.        ,  0.        ,  4.        ,  5, 44, 27. )
 (18, [14,  4, 10, 20, 35,  9, 39, 31, 36, 45,  7, 37, 10,  6, 27,  3, 48, 11, 34, 44, 41, 22,  8,  5, 17, 18, 16, 28,  4, 19, 14,  1,  2, 25, 15, 30, 42, 46, 43, 13, 33, 20, 29, 26, 23, 32, 47, 24, 12, 21, 38, 40], 1360.72449577, 1360.72449577, 0.,   0.        ,  0.        , 13.        ,  6, 37, 24.5)
 (18, [14,  4, 11, 19, 35,  9, 39, 44, 31, 36, 41, 37,  7, 10, 45, 22, 34, 11,  6, 48,  3, 27,  8,  5, 17, 18, 16, 28,  4, 19, 14,  1,  2, 25, 15, 30, 42, 46, 43, 13, 33, 20, 29, 26, 23, 32, 47, 24, 12, 21, 38, 40], 1386.55660401, 1386.55660401, 0.,   0.        ,  0.        ,  5.33333333,  7, 43, 28.5)
 (18, [14,  4, 11, 19, 35,  9, 39, 44, 31, 36, 37,  7, 41, 45, 10, 34, 11, 22,  6, 48,  3, 27,  8,  5, 17, 18, 16, 28,  4, 19, 14,  1,  2, 25, 15, 30, 42, 46, 43, 13, 33, 20, 29, 26, 23, 32, 47, 24, 12, 21, 38, 40], 1400.45596317, 1400.45596317, 0.,   0.        ,  0.        ,  5.66666667,  8, 41, 28.5)
 (18, [14,  4, 10, 20, 40,  9, 39, 44, 31, 36, 41,  7, 34, 10, 45, 11, 22, 37,  6, 48,  3, 27,  8,  5, 17, 18, 16, 28,  4, 19, 14,  1,  2, 25, 15, 30, 42, 46, 43, 13, 33, 20, 29, 26, 23, 32, 47, 24, 12, 21, 38, 35], 1469.59780812, 1469.27958139, 0.,   0.15911336,  0.        ,  5.33333333,  9, 42, 30. )
 (18, [14,  4, 10, 20, 35,  9, 39, 44, 31, 36, 41, 37,  7, 45, 10, 34, 11, 22,  6, 48,  3, 27,  8,  5, 17, 18, 16, 28,  4, 19, 14,  1,  2, 25, 15, 13, 30, 42, 46, 43, 33, 20, 29, 26, 23, 32, 47, 24, 12, 21, 38, 40], 1488.8862156 , 1519.39063382, 0.,   0.        ,  6.63572453,  3.        , 10, 48, 34. )
 (18, [14,  4,  9, 21, 35,  9, 39, 44, 31, 36, 41, 37,  7, 10, 45, 22, 34, 11,  6, 48,  3, 27,  8,  5, 17, 18, 16, 28,  4, 19, 14,  1,  2, 25, 15, 30, 42, 46, 21, 13, 33, 20, 29, 26, 23, 32, 47, 24, 12, 43, 38, 40], 1493.96803539, 1529.19343909, 0.,   0.        ,  0.        ,  8.33333333, 11, 38, 30. )
 (18, [13,  5,  9, 21, 35,  9, 39, 44, 31, 36, 41, 37,  7, 45, 10, 34, 11, 22,  6, 48,  3, 27,  8,  5, 17, 18, 16, 28,  4, 19, 14,  1,  2, 25, 15, 30, 42, 43, 46, 13, 33, 20, 29, 26, 23, 32, 47, 24, 12, 21, 38, 40], 1506.54247222, 1550.3183395 , 0.,   0.        ,  0.        ,  7.        , 12, 39, 31.5)
 (18, [14,  4, 10, 20, 35,  9, 39, 44, 31, 36, 41, 37,  7, 45, 10, 34, 11, 22,  6, 48,  3, 27,  8,  5, 17, 18, 13, 16, 28,  4, 19, 14,  1,  2, 25, 15, 30, 42, 46, 43, 33, 20, 29, 26, 23, 32, 47, 24, 12, 21, 38, 40], 1511.147005  , 1541.65142322, 0.,   0.        ,  6.63572453,  3.        , 13, 47, 36.5)
 (18, [13,  5, 10, 20, 35,  9, 39, 44, 31, 36, 41, 37,  7, 45, 10, 34, 11, 22,  6, 48,  3, 27,  8,  5, 17, 18, 16, 28,  4, 19, 14,  1,  2, 25, 15, 30, 42, 46, 33, 43, 13, 20, 29, 26, 23, 32, 47, 24, 12, 21, 38, 40], 1535.4488926 , 1579.22475988, 0.,   0.        ,  0.        ,  5.66666667, 14, 40, 34. )
 (18, [14,  4, 10, 20, 35,  9, 39, 31, 37,  7, 36, 10, 45,  6, 27,  3, 48, 11, 34, 44, 41, 22,  8,  5, 17, 18, 16, 28,  4, 19, 14,  1,  2, 25, 15, 13, 30, 42, 46, 43, 33, 20, 29, 26, 23, 32, 47, 24, 12, 21, 38, 40], 1546.53861206, 1533.267163  , 0.,   0.        ,  6.63572453, 13.66666667, 15, 36, 33. )
 (20, [13, 13, 11, 11, 26,  7, 20, 14, 15,  1, 47, 27, 48, 31, 41, 45, 10, 30, 24,  5, 35, 46,  3,  8, 22,  4, 19,  6, 23, 36, 17, 16, 12, 37, 32, 29, 33,  2, 38, 40, 18,  9, 13, 28, 39, 44, 34, 43, 11, 21, 42, 25], 3414.81879286, 3528.10745214, 0.,  14.02878576, 25.70034929, 47.        , 16, 31, 31.5)
 (18, [14, 12, 11, 11, 46,  7, 48, 31, 17, 34, 30, 32, 33, 29,  1, 20, 27, 19, 37, 36, 41,  8,  9, 39, 28, 16, 45,  3, 42,  6,  2, 38, 14, 22, 11, 43, 15, 24, 47, 21,  4,  5, 13, 44, 12, 23, 40, 10, 35, 26, 18, 25], 3450.30044927, 3501.40448979, 0.,  38.81159595,  0.        , 47.66666667, 17, 18, 26. )
 (17, [12, 13, 12, 11, 46, 39, 31, 17, 42, 34, 40, 36, 28, 30, 32, 48, 44, 22,  6, 47, 27, 45, 19, 24, 15, 25, 10,  8, 33, 43, 12, 26, 18,  5, 37, 38, 29,  1,  2, 11,  3, 21,  9, 35,  4, 13, 16,  7, 41, 20, 23, 14], 3588.05136037, 3611.76876866, 0., 100.99645675,  0.        , 47.        , 18, 33, 34.5)
 (26, [12, 13, 11, 12, 35, 36,  9, 46, 38,  7, 29,  2, 24, 25, 30, 19, 41, 31, 11, 22, 27, 13, 48, 28, 17, 43, 42,  4, 34, 14,  8, 26, 40, 37, 39, 47, 32, 23,  3,  5, 21, 10, 20,  1, 45, 12, 33, 16, 15, 44, 18,  6], 3744.31558938, 3823.13387722, 0.,  64.29650051, 42.53820075, 47.        , 19, 30, 34. )
 (28, [11, 12, 13, 12, 17, 12, 19, 25, 37,  2, 32,  3, 39, 38, 18,  9, 29, 28, 40, 20, 22, 45, 48, 13, 11, 27,  6, 43, 31, 34,  1, 41, 14, 35,  8, 30, 47, 23, 24, 15, 44, 36, 16, 33,  7, 10, 26, 21, 42, 46,  4,  5], 3818.06329394, 4236.39933779, 0.,   5.44703962,  0.        , 47.66666667, 20, 17, 28.5)
 (27, [10, 16, 10, 12, 43, 28, 34, 26,  6,  9,  7, 20, 27, 31,  3, 48, 29, 40, 39, 36, 38, 25, 18,  1, 10, 13, 37,  5, 32,  2, 17, 33,  4, 23, 44, 11, 42, 12, 45, 22, 21, 24,  8, 30, 46, 47, 35, 16, 19, 14, 15, 41], 3850.56377921, 3899.81365555, 0.,  73.45885393,  0.        , 51.        , 21,  3, 22.5)
 (29, [12, 12, 13, 11, 37, 25, 21, 34, 41, 26,  3, 44,  7,  4, 19, 22, 13,  9, 28,  1, 38, 32, 40, 11, 16,  5, 23, 36, 31, 29, 48, 12, 30, 35, 42,  8, 18, 39, 46, 14, 15, 17, 10, 47,  2, 43, 24, 20, 33,  6, 27, 45], 3892.87611473, 4195.31515688, 0., 111.24837784,  0.        , 47.        , 22, 29, 36.5)
 (19, [13, 11, 11, 13, 14, 16, 22, 45, 46,  3,  4, 11, 39, 41, 32,  2, 34, 36, 20, 44, 42,  1,  6, 27,  5, 47, 33,  8, 37, 25, 12,  9, 29, 26, 40, 15, 21, 31, 18, 17, 28, 19, 30, 48, 23,  7, 35, 13, 10, 43, 24, 38], 3910.35543419, 3969.79244064, 0.,  16.6373363 ,  0.        , 48.        , 23, 12, 29. )
 (39, [12, 11, 12, 13,  6, 27,  2, 39, 11, 37, 15,  4, 31, 29, 45, 43, 25, 21,  1, 36, 22,  7, 34,  8, 23, 46, 44, 35,  3, 20, 47, 14, 38, 10, 19, 16, 18, 42, 26, 13, 17, 24, 28, 12, 41, 32, 33, 48, 30,  9, 40,  5], 3920.59983443, 4193.42208208, 0.,  18.82864475, 14.65613656, 47.66666667, 24, 22, 35. )
 (41, [14, 11, 12, 11, 18,  3, 44,  9, 19, 20, 13,  7,  1, 16, 41,  6, 35, 10, 47, 40,  2, 23, 24, 33,  8, 25, 38, 22, 48, 11, 36, 39, 42, 17, 37, 15, 26, 27, 43, 28, 14, 31, 29, 12,  4, 30, 46,  5, 34, 45, 21, 32], 3932.35039838, 3956.27862184, 0.,  10.97233368, 29.98298571, 47.66666667, 25, 23, 36.5)
 (37, [12, 12, 11, 13, 22, 23, 35, 33,  9, 43,  4, 12, 29, 13, 38, 25, 21, 46,  6, 26,  7, 20, 36, 44, 42, 11, 27, 16, 15, 48,  8, 19,  1, 34, 37, 45, 17, 40, 10, 39, 47, 41,  5, 24, 30, 14, 32, 31,  3, 28,  2, 18], 3976.79708863, 4058.53907716, 0.,  26.0181461 ,  0.        , 47.33333333, 26, 25, 38.5)
 (23, [12, 13, 11, 12, 37, 41, 17, 42, 12, 33, 31, 15, 24,  2, 32, 10, 47,  3, 36, 26,  4, 35, 48, 45, 20, 16, 27,  8, 30, 40, 34,  5, 44, 38, 28, 21, 25, 23,  9, 11, 46, 29, 14,  7, 18, 19,  1, 43, 13, 39,  6, 22], 3979.99163312, 3930.72785381, 0.,  24.63188965,  0.        , 47.33333333, 27, 26, 40. )
 (48, [12, 11, 14, 11, 15,  4, 41, 46, 17, 43, 22, 33, 21, 45, 25,  2, 42,  9, 26, 30, 37, 38, 11, 23, 47, 19,  6, 31, 16, 27,  7, 36, 32,  1, 34, 48, 13,  5, 44, 10, 35,  8, 12, 40,  3, 24, 20, 28, 18, 14, 39, 29], 3991.08564497, 3917.34083933, 0.,  27.466203  , 11.31268323, 47.66666667, 28, 15, 35.5)
 (38, [ 9, 10, 10, 19, 22, 31, 11, 35, 40, 25, 36, 46, 17, 44, 18, 48, 15, 19, 24, 10, 43, 37, 32,  4, 42, 47, 29, 27, 30, 39,  6, 21, 13,  5, 28,  2, 45,  3,  9, 26, 38, 41, 20,  1, 16, 12, 14, 33, 34,  7,  8, 23], 3997.77365282, 3997.77365282, 0.,   0.        ,  0.        , 54.        , 29,  1, 29.5)
 (49, [14, 10, 12, 12, 45, 24, 19,  6, 20,  4, 26, 40, 10, 17,  2, 36,  5, 21,  3, 12, 39,  1,  8, 15, 37, 23, 47, 48, 42,  9, 32, 25, 38, 11, 27, 43, 34, 18, 41, 29, 14, 30, 44, 46, 16, 22,  7, 33, 13, 35, 28, 31], 4002.33457805, 4195.46467855, 0.,  29.48029613, 15.03742345, 48.        , 30,  9, 34.5)
 (44, [11, 13, 13, 11, 13, 21, 25, 15,  5, 19, 24,  2, 31, 44, 37, 48,  9,  7, 12, 26, 32, 17,  3, 11, 14, 38, 16, 43, 10, 18, 22, 47, 42, 20, 39, 30, 41, 40,  8, 23, 46,  1, 28, 45, 27, 36,  6, 34, 33,  4, 29, 35], 4014.32615515, 4441.30628442, 0.,  13.27433943,  0.        , 47.        , 31, 32, 47. )
 (22, [11, 14, 12, 11, 41, 40, 15, 44, 33, 39, 43,  1,  3, 22,  6, 26,  8, 42, 47, 17, 19,  4,  5, 28, 34, 20, 35, 29, 48,  7, 13,  2, 10, 18, 25, 24, 16, 37, 21, 27, 31, 14, 30, 45,  9, 46, 38, 23, 12, 11, 36, 32], 4034.03141132, 4331.50876099, 0.,  23.93209193, 28.91407805, 47.66666667, 32, 19, 41.5)
 (32, [11, 13, 12, 12, 12, 22, 21, 15, 48, 14, 24, 39, 41,  3, 46, 37, 23, 26, 45, 16, 11,  1, 44,  9, 32, 36,  2, 47, 29, 31, 17, 28, 20, 25, 27, 30, 35, 33,  8,  4, 10,  5, 40, 43, 19, 34, 42, 18,  7,  6, 13, 38], 4041.75156123, 4057.89148973, 0.,  36.10640768,  0.        , 48.33333333, 33,  8, 37. )
 (21, [11, 17, 11,  9, 21,  2,  3, 30, 48, 34,  5, 20, 13, 25, 31, 19, 37, 42, 46, 38,  8, 35, 16,  7, 41, 33, 15, 32, 17, 10, 40, 23, 28, 44, 22, 43,  9, 27,  4, 26, 14, 36,  1, 11,  6, 47, 29, 18, 39, 24, 45, 12], 4044.02679986, 4105.46109857, 0.,  97.80474251, 39.63952569, 51.66666667, 34,  2, 35. )
 (36, [10, 11, 12, 15, 17,  8, 20, 27, 46, 41, 19, 36,  1, 23, 31, 45,  5, 39, 22, 14, 11, 12,  3, 18, 13,  4, 38, 16, 21, 28, 33,  9,  6, 30, 32, 47, 43, 40, 35, 29, 15, 24, 10, 26, 42,  2, 44,  7, 25, 34, 48, 37], 4084.26456677, 4269.35874112, 0.,   0.        , 12.5617767 , 47.66666667, 36, 21, 46.5)
 (35, [12, 12, 13, 11,  3, 33, 27, 43,  6, 15, 40,  8,  4, 29, 42, 36, 32, 22, 14, 24, 28, 17, 26, 30, 19, 21,  5,  1, 47, 37, 34, 20, 35,  7, 23, 11, 16, 41, 13, 12, 31, 38, 10,  9, 18,  2, 44, 39, 45, 48, 46, 25], 4121.40182067, 4239.08936132, 0.,  46.06438878,  1.6954804 , 46.66666667, 37, 34, 54. )
 (30, [13, 13, 12, 10,  5, 11, 21, 28, 33,  8,  2, 26, 22, 15, 17, 45,  6, 13, 16, 29, 30, 47,  4, 44, 39, 32, 38, 35, 42, 24, 37, 14, 10, 19, 27, 12, 36,  3, 20,  9, 48, 41, 43, 34, 46, 18,  1, 31, 23,  7, 25, 40], 4125.39942439, 4050.62483721, 0.,   0.56239492, 75.20150731, 47.66666667, 38, 16, 46. )
 (33, [11, 11, 15, 11, 21, 43,  5,  2, 39, 25, 29,  7, 44, 13, 16, 31, 23, 17, 10,  1, 33,  8, 45, 19, 15, 30, 22, 47, 14, 26, 35, 32, 36,  3, 12, 20,  6, 28, 34, 18, 48, 41,  4, 37, 38, 27, 40, 11, 42, 46,  9, 24], 4143.00739136, 4345.07786853, 0.,  30.60209178,  0.        , 48.        , 39, 10, 44. )
 (25, [ 9, 13, 15, 11, 37, 11, 21, 42, 44, 30, 48, 25, 38, 27, 33,  6, 16, 36, 14, 20,  7,  8, 12, 46, 18, 24, 41,  4, 22,  5, 15, 34, 28, 32,  3, 47, 13, 19,  2, 31, 17,  1, 26, 23, 45, 40, 43, 29,  9, 35, 39, 10], 4146.26904772, 4157.63890498, 0.,  39.30016089,  0.        , 48.66666667, 40,  7, 43.5)
 (24, [10, 12, 12, 14, 37, 35, 10, 11, 18,  2, 48, 16, 32, 25,  9,  6, 30, 38, 47, 19, 21, 44,  1, 39, 13, 45, 29, 15, 33, 46,  4, 31,  8, 41, 27, 40, 36, 24, 43, 12, 14, 34,  5, 26, 23, 28, 22,  3,  7, 42, 17, 20], 4151.61153875, 4151.61153875, 0.,   0.        ,  0.        , 47.66666667, 41, 20, 51. )
 (42, [12, 13, 13, 10,  8, 28, 14, 11, 10, 21, 19, 12, 29, 40, 16, 26,  5, 35, 20, 22, 46, 45, 13, 23,  2, 38, 33, 27, 17, 48, 34, 15,  1, 32, 31, 37, 18,  3,  4, 24,  9, 44, 47,  6, 25, 36, 43,  7, 30, 39, 41, 42], 4461.37784928, 4432.11157864, 0.,   0.        , 14.63313532, 47.66666667, 50, 24, 62. )]