
Total Runtime in seconds: 164.80485606193542Parameters:
population_size: 100, max_generations: 1000, executed generations: 1000, threshold_no_improvement: 500
target feasible proportion: 25
fitness_scaling: power_rank, selection_method: n_tournaments
p_c: 0.5, p_m: 0.25
tournament_size: 2, n_elite: 10
survivor_selection_step: 200, p_selection_survival: 0.7
kill clone step: 100
diversify_step: 300, diversify_step: 300, p_diversify_survival: 0.3
n_closest_neighbors: 3, diversity_weight: 0.5, distance_method: broken_pairs_distance
capacity_penalty_factor: 2, duration_penalty_factor 2, time_window_penalty: 2
Best fitness all generations, best individual before/after local search: 1331.4492257031006, 1331.4492257031006 / 1331.4492257031006
Best individual found before local search: (60, [11, 12, 15, 10,  7, 41, 31, 44, 39, 24, 43, 32, 35,  9, 37, 45,  6, 48,  3, 27, 33, 20, 19, 22, 34, 10, 11,  4, 14, 28,  1, 26, 25, 15, 40, 17, 18, 16, 29,  8, 13,  5,  2, 36, 23, 30, 42, 46, 21, 38, 47, 12], 1331.4492257, 1331.4492257, 0., 0., 0., 0., 0, 0, 0.)
Best individual found after local search: (60, [11, 12, 15, 10,  7, 41, 31, 44, 39, 24, 43, 32, 35,  9, 37, 45,  6, 48,  3, 27, 33, 20, 19, 22, 34, 10, 11,  4, 14, 28,  1, 26, 25, 15, 40, 17, 18, 16, 29,  8, 13,  5,  2, 36, 23, 30, 42, 46, 21, 38, 47, 12], 1331.4492257, 1331.4492257, 0., 0., 0., 0., 0, 0, 0.)
Best feasible individual found: (60, [11, 12, 15, 10,  7, 41, 31, 44, 39, 24, 43, 32, 35,  9, 37, 45,  6, 48,  3, 27, 33, 20, 19, 22, 34, 10, 11,  4, 14, 28,  1, 26, 25, 15, 40, 17, 18, 16, 29,  8, 13,  5,  2, 36, 23, 30, 42, 46, 21, 38, 47, 12], 1331.4492257, 1331.4492257, 0., 0., 0., 0., 0, 0, 0.)

Fitness stats min: [3399.99374963 3399.99374963 3399.99374963 3345.56288014 3318.90736507
 3193.49160098 3128.68871415 3118.69127984 3118.69127984 3118.69127984
 3111.36225874 3111.36225874 2921.38584736 2921.38584736 2885.62172801
 2885.62172801 2885.62172801 2869.58888924 2832.22284869 2832.15656393
 2717.26322064 2717.26322064 2717.26322064 2717.26322064 2713.70051326
 2700.7301752  2700.7301752  2631.33576039 2530.15315178 2530.15315178
 2530.15315178 2530.15315178 2530.15315178 2530.15315178 2485.38368931
 2485.38368931 2468.80655737 2468.80655737 2427.56920185 2413.68452563
 2413.68452563 2389.08061507 2389.08061507 2328.91754308 2328.91754308
 2328.91754308 2294.9944903  2237.82745182 2237.82745182 2237.82745182
 2237.82745182 2231.33767467 2231.33767467 2231.33767467 2230.21231898
 2221.07714147 2180.13980658 2180.13980658 2180.13980658 2180.13980658
 2180.13980658 2144.97379269 2144.97379269 2144.97379269 2144.97379269
 2144.97379269 2144.97379269 2144.97379269 2104.0364578  2104.0364578
 2093.84471542 2093.84471542 2093.84471542 2093.84471542 2081.47918755
 2081.47918755 2081.47918755 2081.47918755 2076.48781098 2076.48781098
 2076.48781098 2070.73737652 2053.38047208 2025.19765419 2025.19765419
 2002.09031529 2002.09031529 2002.09031529 2002.09031529 2002.09031529
 2002.09031529 1999.17492872 1999.17492872 1999.17492872 1983.96538303
 1983.96538303 1958.37725153 1958.37725153 1958.37725153 1958.37725153
 1958.37725153 1958.37725153 1958.37725153 1958.37725153 1958.37725153
 1958.37725153 1954.30848741 1954.30848741 1934.46773975 1934.46773975
 1934.46773975 1934.46773975 1931.32706553 1916.72233826 1916.72233826
 1916.72233826 1916.72233826 1908.00211599 1905.58612183 1905.58612183
 1905.58612183 1886.82191322 1886.82191322 1886.82191322 1881.69721405
 1881.69721405 1881.69721405 1842.00342168 1842.00342168 1842.00342168
 1825.73538173 1822.9243777  1822.9243777  1816.54814499 1816.54814499
 1816.54814499 1815.90857485 1782.38174304 1782.38174304 1776.36298696
 1776.36298696 1776.36298696 1769.51314722 1769.51314722 1769.51314722
 1769.51314722 1763.49439114 1763.49439114 1763.49439114 1755.66449173
 1755.66449173 1734.84382566 1734.84382566 1734.84382566 1734.84382566
 1734.84382566 1727.25253964 1718.61391744 1700.53377978 1686.21517494
 1686.21517494 1675.07733619 1670.35237438 1672.05529388 1672.05529388
 1673.84335936 1673.84335936 1662.73338673 1662.73338673 1663.29322727
 1654.2054401  1653.54703245 1653.54703245 1654.2054401  1654.2054401
 1653.44871176 1653.29639112 1654.05311945 1654.05311945 1653.19831623
 1650.30062252 1651.15542575 1651.15542575 1650.20279282 1650.05047218
 1651.00310511 1616.8957211  1613.84570675 1613.84570675 1613.84570675
 1613.84570675 1613.84570675 1613.84570675 1613.84570675 1613.84570675
 1609.6425397  1609.6425397  1609.6425397  1609.6425397  1609.6425397
 1609.6425397  1609.6425397  1606.73975703 1606.73975703 1606.73975703
 1606.73975703 1606.73975703 1606.73975703 1606.73975703 1606.73975703
 1606.73975703 1606.73975703 1606.73975703 1606.73975703 1583.01095197
 1583.01095197 1583.01095197 1583.01095197 1558.12453064 1558.12453064
 1558.12453064 1558.12453064 1558.12453064 1534.39572558 1534.39572558
 1534.39572558 1534.39572558 1534.39572558 1534.39572558 1534.39572558
 1534.39572558 1534.39572558 1534.39572558 1534.39572558 1534.39572558
 1534.39572558 1534.39572558 1520.80461947 1520.80461947 1520.80461947
 1520.80461947 1520.80461947 1520.80461947 1520.80461947 1520.80461947
 1520.80461947 1520.80461947 1520.80461947 1520.80461947 1520.80461947
 1520.80461947 1520.80461947 1520.80461947 1520.80461947 1520.80461947
 1520.80461947 1520.80461947 1520.80461947 1520.80461947 1520.80461947
 1520.80461947 1520.80461947 1520.80461947 1520.80461947 1520.80461947
 1520.80461947 1520.80461947 1520.80461947 1520.80461947 1520.80461947
 1520.80461947 1520.80461947 1520.80461947 1520.80461947 1520.80461947
 1520.80461947 1520.80461947 1520.80461947 1520.80461947 1520.80461947
 1520.80461947 1520.80461947 1520.80461947 1508.56340632 1508.56340632
 1508.56340632 1508.56340632 1508.56340632 1508.56340632 1508.56340632
 1508.56340632 1508.56340632 1508.56340632 1508.56340632 1504.04965171
 1504.04965171 1504.04965171 1504.04965171 1504.04965171 1504.04965171
 1504.04965171 1504.04965171 1504.04965171 1504.04965171 1504.04965171
 1492.6884862  1492.6884862  1492.6884862  1492.6884862  1492.6884862
 1492.6884862  1492.6884862  1492.6884862  1492.6884862  1492.6884862
 1492.6884862  1492.6884862  1492.6884862  1492.6884862  1492.6884862
 1492.6884862  1492.6884862  1492.6884862  1492.6884862  1492.6884862
 1492.6884862  1492.6884862  1492.6884862  1492.6884862  1492.6884862
 1492.6884862  1492.6884862  1492.6884862  1492.6884862  1492.6884862
 1492.6884862  1492.6884862  1492.6884862  1484.08409916 1484.08409916
 1481.92995489 1481.92995489 1481.92995489 1475.53643099 1475.53643099
 1466.96261157 1463.45058651 1463.45058651 1463.45058651 1463.45058651
 1446.2985313  1446.2985313  1446.2985313  1446.2985313  1446.2985313
 1446.2985313  1446.2985313  1446.2985313  1446.2985313  1446.2985313
 1446.2985313  1446.2985313  1433.89183829 1433.89183829 1433.89183829
 1434.51497881 1434.51497881 1435.16927635 1422.86900654 1422.86900654
 1410.46231353 1410.46231353 1410.46231353 1410.46231353 1410.46231353
 1410.46231353 1401.62723899 1401.62723899 1401.62723899 1401.62723899
 1401.62723899 1401.62723899 1401.62723899 1401.62723899 1401.62723899
 1401.62723899 1401.62723899 1401.62723899 1395.55599345 1395.55599345
 1395.55599345 1395.55599345 1395.55599345 1395.55599345 1395.55599345
 1395.55599345 1395.55599345 1395.55599345 1395.55599345 1395.55599345
 1395.55599345 1395.55599345 1395.55599345 1395.55599345 1395.55599345
 1395.55599345 1395.55599345 1395.55599345 1395.55599345 1395.55599345
 1395.55599345 1395.55599345 1395.55599345 1395.55599345 1395.55599345
 1395.55599345 1395.55599345 1395.55599345 1395.55599345 1395.55599345
 1395.55599345 1395.55599345 1395.55599345 1395.55599345 1395.55599345
 1395.55599345 1395.55599345 1395.55599345 1395.55599345 1395.55599345
 1395.55599345 1395.55599345 1395.55599345 1395.55599345 1395.55599345
 1395.55599345 1395.55599345 1395.55599345 1395.55599345 1395.55599345
 1395.55599345 1395.55599345 1395.55599345 1395.55599345 1395.55599345
 1395.55599345 1395.55599345 1395.55599345 1395.55599345 1395.55599345
 1395.55599345 1395.55599345 1395.55599345 1395.55599345 1395.55599345
 1395.55599345 1395.55599345 1395.55599345 1395.55599345 1395.55599345
 1395.55599345 1395.55599345 1395.55599345 1395.55599345 1395.55599345
 1395.55599345 1395.55599345 1395.55599345 1395.55599345 1395.55599345
 1395.55599345 1395.55599345 1395.55599345 1395.55599345 1395.55599345
 1395.55599345 1395.55599345 1395.55599345 1395.55599345 1395.55599345
 1395.55599345 1395.55599345 1395.55599345 1395.55599345 1395.55599345
 1395.55599345 1395.55599345 1395.55599345 1395.55599345 1395.55599345
 1395.55599345 1395.55599345 1395.55599345 1395.55599345 1395.55599345
 1395.55599345 1395.55599345 1395.55599345 1395.55599345 1395.55599345
 1395.55599345 1395.55599345 1395.55599345 1395.55599345 1395.55599345
 1395.55599345 1395.55599345 1395.55599345 1395.55599345 1395.55599345
 1395.55599345 1395.55599345 1375.61061106 1375.61061106 1375.61061106
 1375.61061106 1374.74702322 1374.74702322 1374.74702322 1374.74702322
 1374.74702322 1374.74702322 1374.74702322 1374.74702322 1374.74702322
 1374.74702322 1374.74702322 1374.74702322 1374.74702322 1374.74702322
 1374.74702322 1374.74702322 1374.74702322 1374.74702322 1355.40877814
 1355.40877814 1355.40877814 1355.40877814 1355.40877814 1355.40877814
 1355.40877814 1355.40877814 1355.40877814 1355.40877814 1355.40877814
 1355.40877814 1355.40877814 1355.40877814 1355.40877814 1355.40877814
 1355.40877814 1355.40877814 1355.40877814 1355.40877814 1355.40877814
 1346.41301788 1346.41301788 1346.41301788 1346.41301788 1346.41301788
 1346.41301788 1346.41301788 1346.41301788 1346.41301788 1346.41301788
 1346.41301788 1346.41301788 1346.41301788 1346.41301788 1346.41301788
 1346.41301788 1346.41301788 1346.41301788 1346.41301788 1346.41301788
 1346.41301788 1346.41301788 1346.41301788 1346.41301788 1346.41301788
 1346.41301788 1346.41301788 1346.41301788 1346.41301788 1346.41301788
 1346.41301788 1346.41301788 1346.41301788 1346.41301788 1346.41301788
 1346.41301788 1346.41301788 1346.41301788 1346.41301788 1346.41301788
 1346.41301788 1346.41301788 1346.41301788 1346.41301788 1346.41301788
 1346.41301788 1346.41301788 1346.41301788 1346.41301788 1346.41301788
 1346.41301788 1346.41301788 1346.41301788 1346.41301788 1346.41301788
 1346.41301788 1346.41301788 1346.41301788 1346.41301788 1346.41301788
 1346.41301788 1346.41301788 1346.41301788 1346.41301788 1346.41301788
 1346.41301788 1346.41301788 1346.41301788 1346.41301788 1346.41301788
 1346.41301788 1346.41301788 1346.41301788 1346.41301788 1346.41301788
 1346.41301788 1346.41301788 1346.41301788 1341.19131924 1341.19131924
 1341.19131924 1341.19131924 1341.19131924 1341.19131924 1341.19131924
 1341.19131924 1341.19131924 1341.19131924 1341.19131924 1341.19131924
 1332.12203703 1332.12203703 1332.12203703 1332.12203703 1332.12203703
 1331.90338783 1331.90338783 1331.90338783 1331.90338783 1331.90338783
 1331.90338783 1331.90338783 1331.90338783 1331.90338783 1331.90338783
 1331.90338783 1331.90338783 1331.90338783 1331.90338783 1331.90338783
 1331.90338783 1331.90338783 1331.90338783 1331.90338783 1331.90338783
 1331.90338783 1331.90338783 1331.90338783 1331.90338783 1331.90338783
 1331.90338783 1331.90338783 1331.90338783 1331.90338783 1331.90338783
 1331.90338783 1331.90338783 1331.90338783 1331.90338783 1331.90338783
 1331.90338783 1331.90338783 1331.90338783 1331.90338783 1331.4492257
 1331.4492257  1331.4492257  1331.4492257  1331.4492257  1331.4492257
 1331.4492257  1331.4492257  1331.4492257  1331.4492257  1331.4492257
 1331.4492257  1331.4492257  1331.4492257  1331.4492257  1331.4492257
 1331.4492257  1331.4492257  1331.4492257  1331.4492257  1331.4492257
 1331.4492257  1331.4492257  1331.4492257  1331.4492257  1331.4492257
 1331.4492257  1331.4492257  1331.4492257  1331.4492257  1331.4492257
 1331.4492257  1331.4492257  1331.4492257  1331.4492257  1331.4492257
 1331.4492257  1331.4492257  1331.4492257  1331.4492257  1331.4492257
 1331.4492257  1331.4492257  1331.4492257  1331.4492257  1331.4492257
 1331.4492257  1331.4492257  1331.4492257  1331.4492257  1331.4492257
 1331.4492257  1331.4492257  1331.4492257  1331.4492257  1331.4492257
 1331.4492257  1331.4492257  1331.4492257  1331.4492257  1331.4492257
 1331.4492257  1331.4492257  1331.4492257  1331.4492257  1331.4492257
 1331.4492257  1331.4492257  1331.4492257  1331.4492257  1331.4492257
 1331.4492257  1331.4492257  1331.4492257  1331.4492257  1331.4492257
 1331.4492257  1331.4492257  1331.4492257  1331.4492257  1331.4492257
 1331.4492257  1331.4492257  1331.4492257  1331.4492257  1331.4492257
 1331.4492257  1331.4492257  1331.4492257  1331.4492257  1331.4492257
 1331.4492257  1331.4492257  1331.4492257  1331.4492257  1331.4492257
 1331.4492257  1331.4492257  1331.4492257  1331.4492257  1331.4492257
 1331.4492257  1331.4492257  1331.4492257  1331.4492257  1331.4492257
 1331.4492257  1331.4492257  1331.4492257  1331.4492257  1331.4492257
 1331.4492257  1331.4492257  1331.4492257  1331.4492257  1331.4492257
 1331.4492257  1331.4492257  1331.4492257  1331.4492257  1331.4492257
 1331.4492257  1331.4492257  1331.4492257  1331.4492257  1331.4492257
 1331.4492257  1331.4492257  1331.4492257  1331.4492257  1331.4492257
 1331.4492257  1331.4492257  1331.4492257  1331.4492257  1331.4492257
 1331.4492257  1331.4492257  1331.4492257  1331.4492257  1331.4492257
 1331.4492257  1331.4492257  1331.4492257  1331.4492257  1331.4492257
 1331.4492257  1331.4492257  1331.4492257  1331.4492257  1331.4492257
 1331.4492257  1331.4492257  1331.4492257  1331.4492257  1331.4492257
 1331.4492257  1331.4492257  1331.4492257  1331.4492257  1331.4492257
 1331.4492257  1331.4492257  1331.4492257  1331.4492257  1331.4492257
 1331.4492257  1331.4492257  1331.4492257  1331.4492257  1331.4492257
 1331.4492257  1331.4492257  1331.4492257  1331.4492257  1331.4492257
 1331.4492257  1331.4492257  1331.4492257  1331.4492257  1331.4492257
 1331.4492257  1331.4492257  1331.4492257  1331.4492257  1331.4492257
 1331.4492257  1331.4492257  1331.4492257  1331.4492257  1331.4492257
 1331.4492257  1331.4492257  1331.4492257  1331.4492257  1331.4492257
 1331.4492257  1331.4492257  1331.4492257  1331.4492257  1331.4492257
 1331.4492257  1331.4492257  1331.4492257  1331.4492257  1331.4492257
 1331.4492257  1331.4492257  1331.4492257  1331.4492257  1331.4492257
 1331.4492257  1331.4492257  1331.4492257  1331.4492257  1331.4492257
 1331.4492257  1331.4492257  1331.4492257  1331.4492257  1331.4492257
 1331.4492257  1331.4492257  1331.4492257  1331.4492257  1331.4492257
 1331.4492257  1331.4492257  1331.4492257  1331.4492257  1331.4492257
 1331.4492257  1331.4492257  1331.4492257  1331.4492257  1331.4492257
 1331.4492257  1331.4492257  1331.4492257  1331.4492257  1331.4492257
 1331.4492257  1331.4492257  1331.4492257  1331.4492257  1331.4492257
 1331.4492257  1331.4492257  1331.4492257  1331.4492257  1331.4492257
 1331.4492257  1331.4492257  1331.4492257  1331.4492257  1331.4492257
 1331.4492257  1331.4492257  1331.4492257  1331.4492257  1331.4492257
 1331.4492257  1331.4492257  1331.4492257  1331.4492257  1331.4492257
 1331.4492257  1331.4492257  1331.4492257  1331.4492257  1331.4492257
 1331.4492257  1331.4492257  1331.4492257  1331.4492257  1331.4492257
 1331.4492257  1331.4492257  1331.4492257  1331.4492257  1331.4492257
 1331.4492257  1331.4492257  1331.4492257  1331.4492257  1331.4492257
 1331.4492257  1331.4492257  1331.4492257  1331.4492257  1331.4492257
 1331.4492257  1331.4492257  1331.4492257  1331.4492257  1331.4492257
 1331.4492257  1331.4492257  1331.4492257  1331.4492257  1331.4492257
 1331.4492257  1331.4492257  1331.4492257  1331.4492257  1331.4492257
 1331.4492257  1331.4492257  1331.4492257  1331.4492257  1331.4492257
 1331.4492257 ] 

Fitness stats feasible min: [3555.99875672 3404.7407578  3404.7407578  3345.56288014 3318.90736507
 3312.605738   3128.9614194  3153.56879989 3153.56879989 3153.56879989
 3153.56879989 3153.56879989 3046.55494138 3046.55494138 2885.62172801
 2885.62172801 2885.62172801 2869.58888924 2869.58888924 2869.58888924
 2717.26322064 2717.26322064 2717.26322064 2717.26322064 2713.70051326
 2713.70051326 2713.70051326 2631.33576039 2530.15315178 2530.15315178
 2530.15315178 2530.15315178 2530.15315178 2530.15315178 2485.38368931
 2485.38368931 2468.80655737 2468.80655737 2427.56920185 2413.68452563
 2413.68452563 2389.08061507 2389.08061507 2328.91754308 2328.91754308
 2328.91754308 2294.9944903  2273.14175388 2273.14175388 2273.14175388
 2256.50590352 2231.33767467 2231.33767467 2231.33767467 2231.33767467
 2221.07714147 2180.13980658 2180.13980658 2180.13980658 2180.13980658
 2180.13980658 2144.97379269 2144.97379269 2144.97379269 2144.97379269
 2144.97379269 2144.97379269 2144.97379269 2104.0364578  2104.0364578
 2093.84471542 2093.84471542 2093.84471542 2093.84471542 2081.47918755
 2081.47918755 2081.47918755 2081.47918755 2076.48781098 2076.48781098
 2076.48781098 2070.73737652 2053.38047208 2053.38047208 2049.98620023
 2049.98620023 2037.62067237 2026.87886133 2020.65744992 2020.65744992
 2020.65744992 2016.87066123 2016.87066123 2013.00201481 2004.26568771
 2004.26568771 2004.26568771 1981.75938931 1981.75938931 1981.75938931
 1981.75938931 1981.75938931 1981.75938931 1977.97260062 1977.97260062
 1977.97260062 1977.97260062 1977.97260062 1977.97260062 1977.97260062
 1949.24808569 1949.24808569 1949.24808569 1949.24808569 1949.01912856
 1946.10741147 1946.10741147 1946.10741147 1905.58612183 1905.58612183
 1905.58612183 1886.82191322 1886.82191322 1886.82191322 1881.69721405
 1881.69721405 1881.69721405 1842.00342168 1842.00342168 1842.00342168
 1825.73538173 1822.9243777  1822.9243777  1816.54814499 1816.54814499
 1816.54814499 1815.90857485 1782.38174304 1782.38174304 1782.38174304
 1781.7421729  1781.7421729  1769.51314722 1769.51314722 1769.51314722
 1769.51314722 1769.51314722 1769.51314722 1769.51314722 1769.51314722
 1761.68324781 1761.68324781 1761.68324781 1761.68324781 1759.58436215
 1735.20310133 1735.20310133 1735.20310133 1735.20310133 1735.20310133
 1735.20310133 1735.20310133 1735.20310133 1735.20310133 1735.20310133
 1735.20310133 1735.20310133 1723.75683654 1723.75683654 1663.29322727
 1654.2054401  1690.41242647 1690.41242647 1654.2054401  1654.2054401
 1760.42811257 1760.42811257 1654.05311945 1654.05311945 1870.28978581
 1715.94662714 1651.15542575 1651.15542575 1696.4671815  1695.04040222
 1651.00310511 1616.8957211  1613.84570675 1613.84570675 1613.84570675
 1613.84570675 1613.84570675 1613.84570675 1613.84570675 1613.84570675
 1609.6425397  1609.6425397  1609.6425397  1609.6425397  1609.6425397
 1609.6425397  1609.6425397  1606.73975703 1606.73975703 1606.73975703
 1606.73975703 1606.73975703 1606.73975703 1606.73975703 1606.73975703
 1606.73975703 1606.73975703 1606.73975703 1606.73975703 1583.01095197
 1583.01095197 1583.01095197 1583.01095197 1558.12453064 1558.12453064
 1558.12453064 1558.12453064 1558.12453064 1534.39572558 1534.39572558
 1534.39572558 1534.39572558 1534.39572558 1534.39572558 1534.39572558
 1534.39572558 1534.39572558 1534.39572558 1534.39572558 1534.39572558
 1534.39572558 1534.39572558 1520.80461947 1520.80461947 1520.80461947
 1520.80461947 1520.80461947 1520.80461947 1520.80461947 1520.80461947
 1520.80461947 1520.80461947 1520.80461947 1520.80461947 1520.80461947
 1520.80461947 1520.80461947 1520.80461947 1520.80461947 1520.80461947
 1520.80461947 1520.80461947 1520.80461947 1520.80461947 1520.80461947
 1520.80461947 1520.80461947 1520.80461947 1520.80461947 1520.80461947
 1520.80461947 1520.80461947 1520.80461947 1520.80461947 1520.80461947
 1520.80461947 1520.80461947 1520.80461947 1520.80461947 1520.80461947
 1520.80461947 1520.80461947 1520.80461947 1520.80461947 1520.80461947
 1520.80461947 1520.80461947 1520.80461947 1508.56340632 1508.56340632
 1508.56340632 1508.56340632 1508.56340632 1508.56340632 1508.56340632
 1508.56340632 1508.56340632 1508.56340632 1508.56340632 1504.04965171
 1504.04965171 1504.04965171 1504.04965171 1504.04965171 1504.04965171
 1504.04965171 1504.04965171 1504.04965171 1504.04965171 1504.04965171
 1492.6884862  1492.6884862  1492.6884862  1492.6884862  1492.6884862
 1492.6884862  1492.6884862  1492.6884862  1492.6884862  1492.6884862
 1492.6884862  1492.6884862  1492.6884862  1492.6884862  1492.6884862
 1492.6884862  1492.6884862  1492.6884862  1492.6884862  1492.6884862
 1492.6884862  1492.6884862  1492.6884862  1492.6884862  1492.6884862
 1492.6884862  1492.6884862  1492.6884862  1492.6884862  1492.6884862
 1492.6884862  1492.6884862  1492.6884862  1492.6884862  1492.6884862
 1492.6884862  1492.6884862  1492.6884862  1475.53643099 1475.53643099
 1475.53643099 1475.53643099 1475.53643099 1475.53643099 1475.53643099
 1475.53643099 1475.53643099 1475.53643099 1475.53643099 1475.53643099
 1475.53643099 1475.53643099 1475.53643099 1475.53643099 1463.12973798
 1463.12973798 1463.12973798 1463.12973798 1463.12973798 1463.12973798
 1463.12973798 1463.12973798 1463.12973798 1422.86900654 1422.86900654
 1410.46231353 1410.46231353 1410.46231353 1410.46231353 1410.46231353
 1410.46231353 1401.62723899 1401.62723899 1401.62723899 1401.62723899
 1401.62723899 1401.62723899 1401.62723899 1401.62723899 1401.62723899
 1401.62723899 1401.62723899 1401.62723899 1395.55599345 1395.55599345
 1395.55599345 1395.55599345 1395.55599345 1395.55599345 1395.55599345
 1395.55599345 1395.55599345 1395.55599345 1395.55599345 1395.55599345
 1395.55599345 1395.55599345 1395.55599345 1395.55599345 1395.55599345
 1395.55599345 1395.55599345 1395.55599345 1395.55599345 1395.55599345
 1395.55599345 1395.55599345 1395.55599345 1395.55599345 1395.55599345
 1395.55599345 1395.55599345 1395.55599345 1395.55599345 1395.55599345
 1395.55599345 1395.55599345 1395.55599345 1395.55599345 1395.55599345
 1395.55599345 1395.55599345 1395.55599345 1395.55599345 1395.55599345
 1395.55599345 1395.55599345 1395.55599345 1395.55599345 1395.55599345
 1395.55599345 1395.55599345 1395.55599345 1395.55599345 1395.55599345
 1395.55599345 1395.55599345 1395.55599345 1395.55599345 1395.55599345
 1395.55599345 1395.55599345 1395.55599345 1395.55599345 1395.55599345
 1395.55599345 1395.55599345 1395.55599345 1395.55599345 1395.55599345
 1395.55599345 1395.55599345 1395.55599345 1395.55599345 1395.55599345
 1395.55599345 1395.55599345 1395.55599345 1395.55599345 1395.55599345
 1395.55599345 1395.55599345 1395.55599345 1395.55599345 1395.55599345
 1395.55599345 1395.55599345 1395.55599345 1395.55599345 1395.55599345
 1395.55599345 1395.55599345 1395.55599345 1395.55599345 1395.55599345
 1395.55599345 1395.55599345 1395.55599345 1395.55599345 1395.55599345
 1395.55599345 1395.55599345 1395.55599345 1395.55599345 1395.55599345
 1395.55599345 1395.55599345 1395.55599345 1395.55599345 1395.55599345
 1395.55599345 1395.55599345 1395.55599345 1395.55599345 1395.55599345
 1395.55599345 1395.55599345 1395.55599345 1395.55599345 1395.55599345
 1395.55599345 1395.55599345 1395.55599345 1395.55599345 1395.55599345
 1395.55599345 1395.55599345 1375.61061106 1375.61061106 1375.61061106
 1375.61061106 1374.74702322 1374.74702322 1374.74702322 1374.74702322
 1374.74702322 1374.74702322 1374.74702322 1374.74702322 1374.74702322
 1374.74702322 1374.74702322 1374.74702322 1374.74702322 1374.74702322
 1374.74702322 1374.74702322 1374.74702322 1374.74702322 1355.40877814
 1355.40877814 1355.40877814 1355.40877814 1355.40877814 1355.40877814
 1355.40877814 1355.40877814 1355.40877814 1355.40877814 1355.40877814
 1355.40877814 1355.40877814 1355.40877814 1355.40877814 1355.40877814
 1355.40877814 1355.40877814 1355.40877814 1355.40877814 1355.40877814
 1346.41301788 1346.41301788 1346.41301788 1346.41301788 1346.41301788
 1346.41301788 1346.41301788 1346.41301788 1346.41301788 1346.41301788
 1346.41301788 1346.41301788 1346.41301788 1346.41301788 1346.41301788
 1346.41301788 1346.41301788 1346.41301788 1346.41301788 1346.41301788
 1346.41301788 1346.41301788 1346.41301788 1346.41301788 1346.41301788
 1346.41301788 1346.41301788 1346.41301788 1346.41301788 1346.41301788
 1346.41301788 1346.41301788 1346.41301788 1346.41301788 1346.41301788
 1346.41301788 1346.41301788 1346.41301788 1346.41301788 1346.41301788
 1346.41301788 1346.41301788 1346.41301788 1346.41301788 1346.41301788
 1346.41301788 1346.41301788 1346.41301788 1346.41301788 1346.41301788
 1346.41301788 1346.41301788 1346.41301788 1346.41301788 1346.41301788
 1346.41301788 1346.41301788 1346.41301788 1346.41301788 1346.41301788
 1346.41301788 1346.41301788 1346.41301788 1346.41301788 1346.41301788
 1346.41301788 1346.41301788 1346.41301788 1346.41301788 1346.41301788
 1346.41301788 1346.41301788 1346.41301788 1346.41301788 1346.41301788
 1346.41301788 1346.41301788 1346.41301788 1341.19131924 1341.19131924
 1341.19131924 1341.19131924 1341.19131924 1341.19131924 1341.19131924
 1341.19131924 1341.19131924 1341.19131924 1341.19131924 1341.19131924
 1332.12203703 1332.12203703 1332.12203703 1332.12203703 1332.12203703
 1331.90338783 1331.90338783 1331.90338783 1331.90338783 1331.90338783
 1331.90338783 1331.90338783 1331.90338783 1331.90338783 1331.90338783
 1331.90338783 1331.90338783 1331.90338783 1331.90338783 1331.90338783
 1331.90338783 1331.90338783 1331.90338783 1331.90338783 1331.90338783
 1331.90338783 1331.90338783 1331.90338783 1331.90338783 1331.90338783
 1331.90338783 1331.90338783 1331.90338783 1331.90338783 1331.90338783
 1331.90338783 1331.90338783 1331.90338783 1331.90338783 1331.90338783
 1331.90338783 1331.90338783 1331.90338783 1331.90338783 1331.4492257
 1331.4492257  1331.4492257  1331.4492257  1331.4492257  1331.4492257
 1331.4492257  1331.4492257  1331.4492257  1331.4492257  1331.4492257
 1331.4492257  1331.4492257  1331.4492257  1331.4492257  1331.4492257
 1331.4492257  1331.4492257  1331.4492257  1331.4492257  1331.4492257
 1331.4492257  1331.4492257  1331.4492257  1331.4492257  1331.4492257
 1331.4492257  1331.4492257  1331.4492257  1331.4492257  1331.4492257
 1331.4492257  1331.4492257  1331.4492257  1331.4492257  1331.4492257
 1331.4492257  1331.4492257  1331.4492257  1331.4492257  1331.4492257
 1331.4492257  1331.4492257  1331.4492257  1331.4492257  1331.4492257
 1331.4492257  1331.4492257  1331.4492257  1331.4492257  1331.4492257
 1331.4492257  1331.4492257  1331.4492257  1331.4492257  1331.4492257
 1331.4492257  1331.4492257  1331.4492257  1331.4492257  1331.4492257
 1331.4492257  1331.4492257  1331.4492257  1331.4492257  1331.4492257
 1331.4492257  1331.4492257  1331.4492257  1331.4492257  1331.4492257
 1331.4492257  1331.4492257  1331.4492257  1331.4492257  1331.4492257
 1331.4492257  1331.4492257  1331.4492257  1331.4492257  1331.4492257
 1331.4492257  1331.4492257  1331.4492257  1331.4492257  1331.4492257
 1331.4492257  1331.4492257  1331.4492257  1331.4492257  1331.4492257
 1331.4492257  1331.4492257  1331.4492257  1331.4492257  1331.4492257
 1331.4492257  1331.4492257  1331.4492257  1331.4492257  1331.4492257
 1331.4492257  1331.4492257  1331.4492257  1331.4492257  1331.4492257
 1331.4492257  1331.4492257  1331.4492257  1331.4492257  1331.4492257
 1331.4492257  1331.4492257  1331.4492257  1331.4492257  1331.4492257
 1331.4492257  1331.4492257  1331.4492257  1331.4492257  1331.4492257
 1331.4492257  1331.4492257  1331.4492257  1331.4492257  1331.4492257
 1331.4492257  1331.4492257  1331.4492257  1331.4492257  1331.4492257
 1331.4492257  1331.4492257  1331.4492257  1331.4492257  1331.4492257
 1331.4492257  1331.4492257  1331.4492257  1331.4492257  1331.4492257
 1331.4492257  1331.4492257  1331.4492257  1331.4492257  1331.4492257
 1331.4492257  1331.4492257  1331.4492257  1331.4492257  1331.4492257
 1331.4492257  1331.4492257  1331.4492257  1331.4492257  1331.4492257
 1331.4492257  1331.4492257  1331.4492257  1331.4492257  1331.4492257
 1331.4492257  1331.4492257  1331.4492257  1331.4492257  1331.4492257
 1331.4492257  1331.4492257  1331.4492257  1331.4492257  1331.4492257
 1331.4492257  1331.4492257  1331.4492257  1331.4492257  1331.4492257
 1331.4492257  1331.4492257  1331.4492257  1331.4492257  1331.4492257
 1331.4492257  1331.4492257  1331.4492257  1331.4492257  1331.4492257
 1331.4492257  1331.4492257  1331.4492257  1331.4492257  1331.4492257
 1331.4492257  1331.4492257  1331.4492257  1331.4492257  1331.4492257
 1331.4492257  1331.4492257  1331.4492257  1331.4492257  1331.4492257
 1331.4492257  1331.4492257  1331.4492257  1331.4492257  1331.4492257
 1331.4492257  1331.4492257  1331.4492257  1331.4492257  1331.4492257
 1331.4492257  1331.4492257  1331.4492257  1331.4492257  1331.4492257
 1331.4492257  1331.4492257  1331.4492257  1331.4492257  1331.4492257
 1331.4492257  1331.4492257  1331.4492257  1331.4492257  1331.4492257
 1331.4492257  1331.4492257  1331.4492257  1331.4492257  1331.4492257
 1331.4492257  1331.4492257  1331.4492257  1331.4492257  1331.4492257
 1331.4492257  1331.4492257  1331.4492257  1331.4492257  1331.4492257
 1331.4492257  1331.4492257  1331.4492257  1331.4492257  1331.4492257
 1331.4492257  1331.4492257  1331.4492257  1331.4492257  1331.4492257
 1331.4492257  1331.4492257  1331.4492257  1331.4492257  1331.4492257
 1331.4492257  1331.4492257  1331.4492257  1331.4492257  1331.4492257
 1331.4492257  1331.4492257  1331.4492257  1331.4492257  1331.4492257
 1331.4492257  1331.4492257  1331.4492257  1331.4492257  1331.4492257
 1331.4492257  1331.4492257  1331.4492257  1331.4492257  1331.4492257
 1331.4492257  1331.4492257  1331.4492257  1331.4492257  1331.4492257
 1331.4492257  1331.4492257  1331.4492257  1331.4492257  1331.4492257
 1331.4492257  1331.4492257  1331.4492257  1331.4492257  1331.4492257
 1331.4492257  1331.4492257  1331.4492257  1331.4492257  1331.4492257
 1331.4492257  1331.4492257  1331.4492257  1331.4492257  1331.4492257
 1331.4492257  1331.4492257  1331.4492257  1331.4492257  1331.4492257
 1331.4492257  1331.4492257  1331.4492257  1331.4492257  1331.4492257
 1331.4492257 ] 

Fitness stats avg: [4051.35863343 3883.54041089 3770.48256647 3682.31272257 3621.45921161
 3547.31976756 3467.0511598  3437.53138852 3428.16434692 3401.66179218
 3357.69430975 3361.4593796  3337.79388353 3283.16239047 3239.54677852
 3223.61586569 3170.81172261 3142.91145405 3085.81981345 3046.68335629
 3024.89808728 2987.90158231 2965.92080756 2958.25653277 2931.17885899
 2899.60946496 2875.00120199 2830.33322255 2769.82668093 2752.60608943
 2720.02570496 2701.35131898 2666.8818869  2630.3626365  2596.2571942
 2572.16880469 2579.14350446 2567.44214183 2568.38458233 2531.32287757
 2550.68471359 2525.9198653  2497.37785823 2480.80516219 2460.70303245
 2460.64408676 2438.56189085 2400.97799143 2383.4828274  2376.00224673
 2358.87343456 2360.3769173  2317.37853337 2304.67534402 2325.10548194
 2304.37728493 2303.63004516 2272.95452704 2257.87655355 2284.81249268
 2261.28376701 2244.95938591 2270.46921166 2241.97888401 2234.16281623
 2228.37834632 2217.05988991 2213.57348202 2186.51720511 2194.9586142
 2171.97959572 2177.06711918 2162.18373732 2159.66588432 2161.231163
 2130.68881565 2160.64440624 2151.09591743 2133.43375541 2132.86786364
 2163.43192174 2151.591055   2147.41231798 2138.66514103 2161.20636187
 2120.78082487 2121.92859942 2135.73875325 2120.15395492 2134.88607142
 2120.032658   2118.07303405 2075.50531659 2050.56248978 2079.36936
 2095.21302482 2086.63903292 2078.27061726 2070.28142473 2058.7404862
 2065.07316816 2044.23785998 2050.60483961 2047.40520155 2049.49141132
 2057.36867167 2044.4126851  2042.54766142 2052.43850978 2043.09934687
 2025.25886863 2034.71551994 2029.56729463 1985.29983876 1998.63254083
 2002.48172115 2024.41276633 2021.46453393 2010.11332105 1989.7036819
 2006.71356673 2003.9933106  1987.53091171 1972.44322936 1973.84567208
 1989.87493638 1982.72011898 1969.51754013 1953.90450855 1944.62695568
 1943.37635568 1935.877915   1901.6382618  1892.85957418 1902.55935574
 1903.43210197 1895.95783736 1915.03324511 1915.35327886 1886.97388691
 1871.627149   1848.07339548 1853.73587539 1859.72279985 1845.7203808
 1828.43293929 1822.64659201 1835.03183134 1848.44499469 1863.11385908
 1834.2634891  1844.30431745 1826.77301507 1835.51429335 1820.49116779
 1819.30721249 1804.5419845  1804.79397022 1792.49609096 1800.58057905
 1779.81102463 1791.2984043  1781.38762693 1797.36092424 1782.51377952
 1762.59327727 1800.15722776 1797.73303515 1788.91159293 1745.30355277
 1764.66523429 1764.35265154 1727.00497919 1716.09915958 1718.13571956
 1713.94762739 1712.62963909 1743.01135746 1731.16100622 1741.1182372
 1739.79443823 1733.68445675 1734.501952   1706.60434803 1735.11887294
 1747.68730925 1712.42657267 1709.92132767 1712.63123877 1703.64314048
 1686.27731586 1678.31326433 1671.57014332 1703.89943905 1669.44096635
 1673.42500926 1669.60665918 1669.28719643 1707.74026252 1703.37732625
 1701.29263531 1675.84493811 1658.50197785 1668.16756407 1664.09645848
 1674.05292823 1674.26514561 1669.90223227 1668.53534459 1654.83974097
 1685.37466195 1700.78558195 1651.86146174 1688.16984486 1674.83498135
 1676.09638806 1657.80648861 1660.38397037 1682.48941361 1678.22838192
 1661.36977481 1641.24258671 1643.03450352 1660.92421377 1656.406252
 1682.73973284 1631.19160018 1622.31045323 1625.6338742  1605.62955505
 1629.629344   1597.83198991 1610.81418099 1599.23510645 1607.08375133
 1598.48625759 1603.53955701 1599.84422392 1594.75376234 1618.04701023
 1615.81404148 1599.80764131 1586.61589946 1607.52105192 1594.50396549
 1597.91180965 1593.45495141 1587.77203401 1584.39659459 1586.87614831
 1581.21851542 1595.01520436 1595.97207962 1629.41846386 1585.30549891
 1593.52473812 1586.80307286 1580.74907167 1614.81892821 1572.95200337
 1589.00544015 1607.09179242 1586.15720019 1592.87604996 1583.89176968
 1574.52030565 1583.28027236 1576.08672175 1616.84746284 1572.22934257
 1580.96270322 1610.47904197 1601.92663861 1589.61266794 1603.96483309
 1558.54790832 1598.70557182 1614.93867234 1586.58594025 1587.60840888
 1596.33506358 1592.08556585 1619.97108396 1621.61964516 1576.94422106
 1583.19572858 1597.35857656 1614.27225526 1618.81278127 1587.18752587
 1578.2908575  1591.62269795 1567.48704469 1568.59365497 1557.10079208
 1561.73892515 1552.92600339 1558.7251955  1560.72370043 1562.114089
 1573.61557923 1574.13686774 1591.99295681 1554.94926959 1558.60109723
 1575.48996956 1565.90346099 1556.36691582 1573.03974379 1576.28730862
 1564.08719108 1567.78820579 1577.83582051 1572.46305442 1584.0316191
 1578.08399811 1566.22326776 1588.91742899 1585.40529349 1562.91092604
 1571.80763929 1576.11153787 1577.46555412 1583.44004426 1569.83969472
 1575.02581919 1575.3959943  1576.67849381 1586.49617321 1583.84254406
 1562.7476237  1577.36549993 1564.15897307 1557.17601188 1577.96894697
 1556.75480519 1545.44187797 1555.00474146 1580.94566304 1575.51095879
 1586.04850958 1579.11214608 1580.01199868 1556.25645113 1565.76561808
 1542.48412323 1589.55762337 1610.08579289 1599.69055508 1565.65399289
 1580.2100891  1537.64863815 1547.70040074 1575.04664951 1566.50205629
 1547.46673612 1522.55063802 1531.80348603 1532.61677012 1555.31546541
 1558.37734234 1569.01669363 1531.35188391 1524.19965846 1527.42397122
 1504.271938   1505.72431579 1548.14141128 1500.09543263 1528.58818124
 1519.71153127 1480.72461768 1510.49264585 1482.12123837 1500.03965353
 1501.92421022 1491.0548184  1486.97836509 1471.47498688 1477.99489606
 1471.48672793 1498.76737444 1483.25980935 1481.90431547 1475.51621995
 1489.47478204 1506.2130121  1489.29455731 1482.94787704 1487.44849462
 1504.70210472 1485.31025426 1466.30516254 1454.38766514 1468.11030756
 1473.32131246 1463.8310251  1463.12786911 1470.21157308 1451.94653298
 1456.07703455 1464.59449278 1446.25213128 1477.4102828  1465.63758559
 1456.93166158 1449.48115219 1483.91814317 1459.76199166 1450.14973033
 1441.01780633 1457.53107034 1452.86054401 1514.29083332 1468.30077979
 1457.06467465 1474.59293407 1453.93419281 1469.14386634 1480.30080581
 1469.81853256 1436.19578406 1456.76301374 1454.34996004 1464.30677236
 1446.67741218 1463.06266817 1448.8050245  1453.59133267 1475.06752853
 1472.37663708 1464.54974628 1469.73183855 1477.3804038  1441.51655951
 1474.3048063  1481.02057586 1471.37867259 1471.91313156 1467.66819259
 1455.47073955 1464.1553109  1474.0152416  1460.83324558 1473.59376602
 1454.27346984 1461.79902196 1462.11155845 1461.05614565 1461.1857113
 1480.78458612 1463.61669074 1453.33902213 1455.78526853 1442.10825018
 1443.04319158 1472.01376455 1485.37981544 1469.54954487 1451.1363417
 1457.25819858 1474.85585617 1446.10905754 1456.03600031 1496.28263239
 1452.19842284 1466.81226335 1472.47922344 1465.94870283 1445.80042068
 1483.89452815 1464.09520376 1469.60757214 1477.21818165 1484.07553055
 1462.19597412 1445.24865451 1458.48427521 1465.75779108 1457.92938603
 1480.07996032 1465.04816746 1467.05074063 1455.84877506 1469.52978175
 1471.99018896 1448.46407097 1475.86860724 1445.34024573 1497.74154516
 1481.92199851 1485.88221955 1449.86263319 1444.57938316 1473.88481596
 1452.29568262 1463.84735777 1473.51263791 1454.26522676 1455.09444798
 1456.70539975 1476.57103584 1456.86599106 1468.79151071 1472.85356127
 1486.43942077 1471.26540878 1468.57543212 1486.64044384 1448.94785171
 1443.98340297 1484.40368181 1466.61994384 1485.11098983 1463.79100889
 1485.47715148 1442.94385901 1458.22026325 1441.60114465 1455.65904872
 1434.47278172 1440.1235113  1438.26917259 1473.33952071 1452.55114677
 1468.4215113  1446.40969525 1465.68672219 1440.90531511 1440.83453608
 1435.43668771 1450.85280193 1427.53655552 1452.52345177 1445.54813015
 1441.50582694 1447.43485094 1455.94746005 1462.6890448  1472.75129908
 1439.20376577 1444.85489827 1434.57992588 1451.91307171 1442.55646696
 1441.61298255 1438.84858739 1431.00455881 1416.07136481 1420.33498771
 1431.7173902  1413.83552222 1430.23719977 1433.01918413 1413.00473575
 1407.71100223 1449.3579056  1443.66211788 1428.30376677 1434.29051294
 1414.99190209 1404.65908896 1423.84743426 1422.20441061 1443.92989121
 1415.62199766 1404.29227726 1420.69596664 1422.26053262 1393.4643364
 1404.60950893 1416.3356984  1430.56256607 1432.28871004 1428.33126279
 1400.52676225 1424.88465248 1401.11317878 1412.06583776 1409.6546799
 1398.61810888 1404.41094996 1431.13834873 1417.33082318 1442.40159557
 1420.48223814 1408.27952579 1429.89627506 1423.82462304 1435.23794836
 1415.21382684 1438.07279021 1439.73923928 1425.78187533 1438.67203386
 1423.44324916 1420.67324721 1404.6816043  1418.96489895 1454.83091642
 1438.53684332 1399.4143732  1419.25901583 1397.29402485 1406.91406296
 1421.10802649 1420.88085461 1405.89555707 1424.08588437 1418.34770198
 1411.93458791 1448.48648312 1432.23006854 1411.41847356 1431.77099505
 1402.99104523 1408.57286155 1428.49804018 1416.14518342 1425.14630985
 1401.10573879 1429.95369746 1401.19246555 1439.91326745 1429.1554194
 1429.49061047 1398.50915566 1456.6805532  1438.30891018 1412.77014637
 1390.11989863 1400.53501119 1392.95846893 1426.82404028 1421.13072579
 1437.49406162 1415.39880495 1423.69999003 1459.80863242 1420.09411538
 1405.80768764 1397.25336051 1401.94438787 1388.95307361 1419.22528321
 1418.06668183 1412.31528276 1411.53666256 1403.70690638 1421.58204067
 1400.91872846 1383.61267615 1414.87205589 1391.72990207 1394.08577404
 1372.72521731 1416.77081852 1381.12585663 1393.12787556 1381.85229987
 1377.80915163 1400.49110877 1419.87016422 1419.39822197 1402.44868584
 1386.16912604 1397.29787879 1395.50005739 1390.97745133 1399.87165807
 1396.02763687 1390.61299779 1397.57857071 1394.33649553 1401.14912047
 1389.00384959 1370.035472   1405.96928861 1417.20741719 1415.53477374
 1397.4685801  1405.48246795 1408.09631331 1402.3026674  1432.25478419
 1401.16646791 1412.96000381 1409.1586646  1396.99798821 1384.22371075
 1390.97062566 1393.75776811 1412.89592418 1416.61312255 1392.21009106
 1412.27133443 1393.63150549 1405.4575224  1427.07379648 1416.23325955
 1417.41817611 1401.69867674 1393.76205627 1407.22942729 1397.8094318
 1397.98797897 1413.59312471 1400.28529896 1412.77578878 1396.92552159
 1401.3386609  1424.45262335 1394.19894284 1390.68285339 1385.82431084
 1400.95088954 1405.10659001 1413.06019623 1413.32024958 1408.227574
 1389.1920705  1415.50270644 1446.39104576 1400.07638256 1394.43916157
 1400.72679415 1425.00271206 1404.11849924 1387.96340229 1407.88329173
 1406.11483597 1407.19490678 1401.32519763 1387.90853049 1410.69438128
 1407.14042801 1396.19359475 1412.98814624 1387.09479415 1391.95303785
 1398.07115876 1389.90827507 1397.29890556 1406.56081985 1389.99170226
 1393.24682821 1381.83701512 1390.45107035 1385.76302367 1409.44607743
 1406.33800648 1415.33081445 1398.28732415 1388.23523876 1403.57992688
 1388.41536861 1399.62931838 1400.23277037 1413.1805053  1400.23017157
 1390.04110306 1398.5270376  1421.32955207 1392.07471472 1379.90324081
 1398.81031699 1397.73290265 1396.25223885 1389.00461741 1405.85362955
 1395.90255178 1396.61215329 1418.96349552 1409.72500236 1412.28436939
 1409.30838297 1425.13137613 1382.61289266 1395.76304951 1397.79934803
 1391.4586256  1400.13731848 1411.08811048 1414.79866942 1389.22828617
 1408.44414909 1408.71316347 1395.9156259  1401.97211431 1424.70925752
 1404.2719031  1390.41620849 1406.11469561 1394.04241    1413.85297859
 1410.42663419 1435.2521668  1403.20786827 1439.2982913  1404.66565469
 1410.45093596 1409.95222593 1402.56678999 1427.86251817 1413.74020934
 1412.44946541 1391.5935731  1396.40026897 1383.6752365  1433.4710209
 1404.61805019 1401.62807861 1398.4309328  1383.4779784  1413.82917815
 1390.51587225 1398.06701309 1389.2909303  1400.11608132 1404.28310654
 1402.73151013 1410.45730131 1397.04113936 1410.2011531  1413.71926736
 1405.95328051 1415.49525331 1408.12540566 1411.67287134 1401.98218647
 1397.37258371 1401.88120894 1406.11484823 1396.30184458 1397.2670923
 1404.68576137 1412.88021157 1391.98631691 1393.11859961 1383.74000082
 1415.26111845 1398.29914308 1418.54191024 1398.58175571 1415.52443506
 1385.08974455 1394.01433141 1383.07740332 1410.58024613 1411.96540865
 1402.77345195 1381.11010679 1405.79459381 1398.05566034 1423.12518273
 1406.52530858 1403.61264845 1389.10029793 1406.08049413 1398.77564716
 1416.17591295 1402.11932004 1411.08409898 1406.32090911 1392.29339652
 1396.13498242 1420.91955415 1371.64978274 1412.28467493 1411.31078335
 1411.84523419 1391.28064671 1394.46427758 1418.05307325 1410.89191357
 1397.07248451 1386.1917993  1402.78130621 1408.59313095 1402.03681202
 1411.71401945 1403.71863475 1412.94753474 1407.84758136 1417.29117496
 1403.41503086 1385.8554244  1430.49519237 1395.20484674 1400.5214317
 1403.64043253 1397.74312512 1394.99334974 1390.93578561 1397.99066433
 1392.03404972 1429.89375174 1397.026956   1386.60580246 1428.82287393
 1405.30759054 1396.15885166 1400.84308908 1391.47821335 1395.760181
 1409.16222126 1407.74236436 1406.68544197 1408.77245135 1404.00375126
 1393.62788394 1399.69635983 1376.01438484 1406.16422375 1409.40693375
 1418.34387926 1399.42096106 1402.98197846 1396.66699309 1394.5117562
 1406.50790915 1400.52975839 1427.0564519  1417.15030393 1423.17794212
 1422.01721893 1396.20494868 1393.89610832 1420.21127448 1406.68323677
 1390.55144451 1390.23162183 1407.31209338 1398.64027915 1395.42345076
 1407.9684276  1429.73793677 1409.98001943 1395.35637128 1420.57186629
 1406.78788146 1391.73440313 1405.7147892  1397.99112331 1383.70645705
 1419.33192068 1396.01245769 1403.6536889  1426.10118422 1427.0741169
 1377.47494122 1362.27566018 1386.82997812 1424.80978877 1397.98679863
 1405.01007726 1392.30926027 1415.84331797 1400.11313657 1426.98771044
 1411.23361305 1416.83808917 1393.22540193 1410.20277389 1406.72338622
 1418.99326473 1394.04858166 1396.68734677 1384.46870851 1394.91113553
 1411.51741728 1412.15748816 1413.70183944 1402.89261374 1399.41455525
 1400.88014838 1408.40050154 1405.72605954 1382.28891084 1381.44385464
 1386.16130784 1409.83885354 1403.96066258 1402.78612984 1406.77335605
 1410.86793128 1404.5396398  1394.6198221  1377.084848   1404.89547119
 1391.5822099  1405.87587374 1390.82171952 1405.50451433 1381.74087772
 1398.7665995  1419.92979971 1436.96372464 1420.33507622 1403.65514822
 1397.40042185] 

Feasible stats: [(  0.,   0.) (  0., 100.) (  0., 100.) ( 59.,  41.) ( 59.,  41.)
 ( 54.,  46.) ( 54.,  46.) ( 45.,  55.) ( 45.,  55.) ( 36.,  64.)
 ( 36.,  64.) ( 45.,  55.) ( 45.,  55.) ( 41.,  59.) ( 41.,  59.)
 ( 52.,  48.) ( 52.,  48.) ( 56.,  44.) ( 56.,  44.) ( 47.,  53.)
 ( 47.,  53.) ( 55.,  45.) ( 55.,  45.) ( 74.,  26.) ( 74.,  26.)
 ( 77.,  23.) ( 77.,  23.) ( 78.,  22.) ( 78.,  22.) ( 82.,  18.)
 ( 82.,  18.) ( 87.,  13.) ( 87.,  13.) ( 89.,  11.) ( 89.,  11.)
 ( 90.,  10.) ( 90.,  10.) ( 91.,   9.) ( 91.,   9.) ( 92.,   8.)
 ( 92.,   8.) ( 90.,  10.) ( 90.,  10.) ( 93.,   7.) ( 93.,   7.)
 ( 94.,   6.) ( 94.,   6.) ( 93.,   7.) ( 93.,   7.) ( 91.,   9.)
 ( 91.,   9.) ( 94.,   6.) ( 94.,   6.) ( 90.,  10.) ( 90.,  10.)
 ( 79.,  21.) ( 79.,  21.) ( 61.,  39.) ( 61.,  39.) ( 70.,  30.)
 ( 70.,  30.) ( 82.,  18.) ( 82.,  18.) ( 87.,  13.) ( 87.,  13.)
 ( 85.,  15.) ( 85.,  15.) ( 97.,   3.) ( 97.,   3.) ( 96.,   4.)
 ( 96.,   4.) ( 93.,   7.) ( 93.,   7.) ( 97.,   3.) ( 97.,   3.)
 ( 94.,   6.) ( 94.,   6.) ( 95.,   5.) ( 95.,   5.) ( 98.,   2.)
 ( 98.,   2.) ( 94.,   6.) ( 94.,   6.) ( 93.,   7.) ( 93.,   7.)
 ( 87.,  13.) ( 87.,  13.) ( 86.,  14.) ( 86.,  14.) ( 85.,  15.)
 ( 85.,  15.) ( 75.,  25.) ( 75.,  25.) ( 71.,  29.) ( 71.,  29.)
 ( 42.,  58.) ( 42.,  58.) ( 42.,  58.) ( 42.,  58.) ( 48.,  52.)
 ( 48.,  52.) ( 38.,  62.) ( 38.,  62.) ( 34.,  66.) ( 34.,  66.)
 ( 32.,  68.) ( 32.,  68.) ( 34.,  66.) ( 34.,  66.) ( 32.,  68.)
 ( 32.,  68.) ( 34.,  66.) ( 34.,  66.) ( 26.,  74.) ( 26.,  74.)
 ( 26.,  74.) ( 26.,  74.) ( 35.,  65.) ( 35.,  65.) ( 36.,  64.)
 ( 36.,  64.) ( 35.,  65.) ( 35.,  65.) ( 41.,  59.) ( 41.,  59.)
 ( 49.,  51.) ( 49.,  51.) ( 71.,  29.) ( 71.,  29.) ( 89.,  11.)
 ( 89.,  11.) ( 98.,   2.) ( 98.,   2.) ( 97.,   3.) ( 97.,   3.)
 ( 93.,   7.) ( 93.,   7.) ( 96.,   4.) ( 96.,   4.) ( 88.,  12.)
 ( 88.,  12.) ( 95.,   5.) ( 95.,   5.) ( 93.,   7.) ( 93.,   7.)
 ( 87.,  13.) ( 87.,  13.) ( 86.,  14.) ( 86.,  14.) ( 85.,  15.)
 ( 85.,  15.) ( 82.,  18.) ( 82.,  18.) ( 77.,  23.) ( 77.,  23.)
 ( 75.,  25.) ( 75.,  25.) ( 67.,  33.) ( 67.,  33.) ( 39.,  61.)
 ( 39.,  61.) ( 18.,  82.) ( 18.,  82.) ( 19.,  81.) ( 19.,  81.)
 ( 22.,  78.) ( 22.,  78.) ( 15.,  85.) ( 15.,  85.) ( 20.,  80.)
 ( 20.,  80.) ( 96.,   4.) ( 96.,   4.) ( 14.,  86.) ( 14.,  86.)
 ( 96.,   4.) ( 96.,   4.) (  7.,  93.) (  7.,  93.) ( 97.,   3.)
 ( 97.,   3.) (  5.,  95.) (  5.,  95.) ( 98.,   2.) ( 98.,   2.)
 (  7.,  93.) (  7.,  93.) ( 98.,   2.) ( 98.,   2.) ( 12.,  88.)
 ( 12.,  88.) ( 97.,   3.) ( 97.,   3.) ( 91.,   9.) ( 91.,   9.)
 ( 95.,   5.) ( 95.,   5.) ( 97.,   3.) ( 97.,   3.) ( 94.,   6.)
 ( 94.,   6.) ( 96.,   4.) ( 96.,   4.) ( 96.,   4.) ( 96.,   4.)
 ( 97.,   3.) ( 97.,   3.) ( 98.,   2.) ( 98.,   2.) ( 96.,   4.)
 ( 96.,   4.) ( 98.,   2.) ( 98.,   2.) (100.,   0.) (100.,   0.)
 ( 97.,   3.) ( 97.,   3.) ( 98.,   2.) ( 98.,   2.) ( 93.,   7.)
 ( 93.,   7.) ( 95.,   5.) ( 95.,   5.) ( 98.,   2.) ( 98.,   2.)
 ( 93.,   7.) ( 93.,   7.) ( 97.,   3.) ( 97.,   3.) ( 96.,   4.)
 ( 96.,   4.) ( 95.,   5.) ( 95.,   5.) ( 97.,   3.) ( 97.,   3.)
 ( 96.,   4.) ( 96.,   4.) ( 97.,   3.) ( 97.,   3.) ( 95.,   5.)
 ( 95.,   5.) ( 95.,   5.) ( 95.,   5.) ( 96.,   4.) ( 96.,   4.)
 ( 98.,   2.) ( 98.,   2.) ( 98.,   2.) ( 98.,   2.) (100.,   0.)
 (100.,   0.) ( 97.,   3.) ( 97.,   3.) ( 97.,   3.) ( 97.,   3.)
 ( 98.,   2.) ( 98.,   2.) ( 98.,   2.) ( 98.,   2.) ( 98.,   2.)
 ( 98.,   2.) ( 99.,   1.) ( 99.,   1.) ( 98.,   2.) ( 98.,   2.)
 ( 96.,   4.) ( 96.,   4.) ( 95.,   5.) ( 95.,   5.) ( 96.,   4.)
 ( 96.,   4.) ( 97.,   3.) ( 97.,   3.) ( 97.,   3.) ( 97.,   3.)
 ( 95.,   5.) ( 95.,   5.) ( 98.,   2.) ( 98.,   2.) ( 99.,   1.)
 ( 99.,   1.) ( 95.,   5.) ( 95.,   5.) ( 97.,   3.) ( 97.,   3.)
 ( 96.,   4.) ( 96.,   4.) ( 99.,   1.) ( 99.,   1.) ( 96.,   4.)
 ( 96.,   4.) ( 93.,   7.) ( 93.,   7.) ( 97.,   3.) ( 97.,   3.)
 ( 99.,   1.) ( 99.,   1.) ( 96.,   4.) ( 96.,   4.) ( 96.,   4.)
 ( 96.,   4.) ( 99.,   1.) ( 99.,   1.) ( 98.,   2.) ( 98.,   2.)
 ( 96.,   4.) ( 96.,   4.) ( 98.,   2.) ( 98.,   2.) ( 98.,   2.)
 ( 98.,   2.) ( 97.,   3.) ( 97.,   3.) ( 96.,   4.) ( 96.,   4.)
 ( 95.,   5.) ( 95.,   5.) ( 97.,   3.) ( 97.,   3.) ( 96.,   4.)
 ( 96.,   4.) ( 95.,   5.) ( 95.,   5.) ( 94.,   6.) ( 94.,   6.)
 ( 92.,   8.) ( 92.,   8.) ( 98.,   2.) ( 98.,   2.) ( 94.,   6.)
 ( 94.,   6.) ( 98.,   2.) ( 98.,   2.) ( 99.,   1.) ( 99.,   1.)
 ( 96.,   4.) ( 96.,   4.) ( 97.,   3.) ( 97.,   3.) ( 93.,   7.)
 ( 93.,   7.) ( 88.,  12.) ( 88.,  12.) ( 91.,   9.) ( 91.,   9.)
 ( 75.,  25.) ( 75.,  25.) ( 65.,  35.) ( 65.,  35.) ( 55.,  45.)
 ( 55.,  45.) ( 66.,  34.) ( 66.,  34.) ( 62.,  38.) ( 62.,  38.)
 ( 70.,  30.) ( 70.,  30.) ( 71.,  29.) ( 71.,  29.) ( 43.,  57.)
 ( 43.,  57.) ( 32.,  68.) ( 32.,  68.) ( 32.,  68.) ( 32.,  68.)
 ( 23.,  77.) ( 23.,  77.) ( 15.,  85.) ( 15.,  85.) ( 21.,  79.)
 ( 21.,  79.) ( 28.,  72.) ( 28.,  72.) ( 49.,  51.) ( 49.,  51.)
 ( 71.,  29.) ( 71.,  29.) ( 95.,   5.) ( 95.,   5.) ( 98.,   2.)
 ( 98.,   2.) ( 97.,   3.) ( 97.,   3.) ( 96.,   4.) ( 96.,   4.)
 ( 95.,   5.) ( 95.,   5.) ( 93.,   7.) ( 93.,   7.) ( 94.,   6.)
 ( 94.,   6.) ( 95.,   5.) ( 95.,   5.) ( 96.,   4.) ( 96.,   4.)
 ( 94.,   6.) ( 94.,   6.) ( 98.,   2.) ( 98.,   2.) ( 99.,   1.)
 ( 99.,   1.) ( 98.,   2.) ( 98.,   2.) ( 99.,   1.) ( 99.,   1.)
 ( 97.,   3.) ( 97.,   3.) ( 99.,   1.) ( 99.,   1.) ( 94.,   6.)
 ( 94.,   6.) ( 97.,   3.) ( 97.,   3.) (100.,   0.) (100.,   0.)
 ( 96.,   4.) ( 96.,   4.) ( 96.,   4.) ( 96.,   4.) ( 97.,   3.)
 ( 97.,   3.) ( 96.,   4.) ( 96.,   4.) ( 93.,   7.) ( 93.,   7.)
 ( 98.,   2.) ( 98.,   2.) ( 97.,   3.) ( 97.,   3.) ( 96.,   4.)
 ( 96.,   4.) ( 98.,   2.) ( 98.,   2.) ( 94.,   6.) ( 94.,   6.)
 ( 98.,   2.) ( 98.,   2.) ( 96.,   4.) ( 96.,   4.) ( 96.,   4.)
 ( 96.,   4.) ( 99.,   1.) ( 99.,   1.) ( 97.,   3.) ( 97.,   3.)
 ( 96.,   4.) ( 96.,   4.) ( 98.,   2.) ( 98.,   2.) ( 97.,   3.)
 ( 97.,   3.) ( 95.,   5.) ( 95.,   5.) ( 98.,   2.) ( 98.,   2.)
 ( 97.,   3.) ( 97.,   3.) ( 96.,   4.) ( 96.,   4.) ( 99.,   1.)
 ( 99.,   1.) ( 94.,   6.) ( 94.,   6.) ( 97.,   3.) ( 97.,   3.)
 ( 97.,   3.) ( 97.,   3.) ( 97.,   3.) ( 97.,   3.) ( 97.,   3.)
 ( 97.,   3.) ( 99.,   1.) ( 99.,   1.) ( 95.,   5.) ( 95.,   5.)
 (100.,   0.) (100.,   0.) ( 99.,   1.) ( 99.,   1.) ( 98.,   2.)
 ( 98.,   2.) ( 95.,   5.) ( 95.,   5.) ( 97.,   3.) ( 97.,   3.)
 ( 98.,   2.) ( 98.,   2.) ( 98.,   2.) ( 98.,   2.) ( 96.,   4.)
 ( 96.,   4.) ( 99.,   1.) ( 99.,   1.) ( 96.,   4.) ( 96.,   4.)
 ( 97.,   3.) ( 97.,   3.) ( 94.,   6.) ( 94.,   6.) ( 95.,   5.)
 ( 95.,   5.) ( 99.,   1.) ( 99.,   1.) ( 96.,   4.) ( 96.,   4.)
 ( 98.,   2.) ( 98.,   2.) ( 97.,   3.) ( 97.,   3.) ( 96.,   4.)
 ( 96.,   4.) ( 95.,   5.) ( 95.,   5.) ( 93.,   7.) ( 93.,   7.)
 ( 97.,   3.) ( 97.,   3.) (100.,   0.) (100.,   0.) ( 96.,   4.)
 ( 96.,   4.) ( 98.,   2.) ( 98.,   2.) ( 98.,   2.) ( 98.,   2.)
 ( 97.,   3.) ( 97.,   3.) ( 98.,   2.) ( 98.,   2.) ( 98.,   2.)
 ( 98.,   2.) ( 97.,   3.) ( 97.,   3.) ( 98.,   2.) ( 98.,   2.)
 ( 97.,   3.) ( 97.,   3.) ( 99.,   1.) ( 99.,   1.) ( 98.,   2.)
 ( 98.,   2.) ( 96.,   4.) ( 96.,   4.) ( 97.,   3.) ( 97.,   3.)
 ( 95.,   5.) ( 95.,   5.) ( 96.,   4.) ( 96.,   4.) ( 97.,   3.)
 ( 97.,   3.) ( 98.,   2.) ( 98.,   2.) ( 98.,   2.) ( 98.,   2.)
 ( 98.,   2.) ( 98.,   2.) ( 98.,   2.) ( 98.,   2.) ( 98.,   2.)
 ( 98.,   2.) ( 98.,   2.) ( 98.,   2.) ( 96.,   4.) ( 96.,   4.)
 ( 98.,   2.) ( 98.,   2.) ( 98.,   2.) ( 98.,   2.) ( 95.,   5.)
 ( 95.,   5.) ( 98.,   2.) ( 98.,   2.) ( 94.,   6.) ( 94.,   6.)
 ( 94.,   6.) ( 94.,   6.) ( 97.,   3.) ( 97.,   3.) ( 94.,   6.)
 ( 94.,   6.) ( 98.,   2.) ( 98.,   2.) ( 96.,   4.) ( 96.,   4.)
 ( 94.,   6.) ( 94.,   6.) ( 96.,   4.) ( 96.,   4.) (100.,   0.)
 (100.,   0.) ( 96.,   4.) ( 96.,   4.) ( 97.,   3.) ( 97.,   3.)
 ( 96.,   4.) ( 96.,   4.) ( 95.,   5.) ( 95.,   5.) ( 96.,   4.)
 ( 96.,   4.) ( 97.,   3.) ( 97.,   3.) ( 98.,   2.) ( 98.,   2.)
 ( 97.,   3.) ( 97.,   3.) ( 97.,   3.) ( 97.,   3.) ( 98.,   2.)
 ( 98.,   2.) ( 95.,   5.) ( 95.,   5.) ( 95.,   5.) ( 95.,   5.)
 ( 97.,   3.) ( 97.,   3.) ( 98.,   2.) ( 98.,   2.) ( 97.,   3.)
 ( 97.,   3.) ( 99.,   1.) ( 99.,   1.) ( 98.,   2.) ( 98.,   2.)
 ( 97.,   3.) ( 97.,   3.) ( 99.,   1.) ( 99.,   1.) ( 97.,   3.)
 ( 97.,   3.) ( 99.,   1.) ( 99.,   1.) ( 93.,   7.) ( 93.,   7.)
 ( 96.,   4.) ( 96.,   4.) ( 98.,   2.) ( 98.,   2.) ( 96.,   4.)
 ( 96.,   4.) ( 96.,   4.) ( 96.,   4.) ( 96.,   4.) ( 96.,   4.)
 ( 98.,   2.) ( 98.,   2.) ( 98.,   2.) ( 98.,   2.) ( 97.,   3.)
 ( 97.,   3.) ( 98.,   2.) ( 98.,   2.) ( 94.,   6.) ( 94.,   6.)
 ( 98.,   2.) ( 98.,   2.) ( 95.,   5.) ( 95.,   5.) ( 97.,   3.)
 ( 97.,   3.) (100.,   0.) (100.,   0.) ( 96.,   4.) ( 96.,   4.)
 ( 97.,   3.) ( 97.,   3.) ( 99.,   1.) ( 99.,   1.) ( 96.,   4.)
 ( 96.,   4.) ( 98.,   2.) ( 98.,   2.) ( 98.,   2.) ( 98.,   2.)
 ( 97.,   3.) ( 97.,   3.) ( 99.,   1.) ( 99.,   1.) ( 96.,   4.)
 ( 96.,   4.) ( 94.,   6.) ( 94.,   6.) ( 99.,   1.) ( 99.,   1.)
 ( 97.,   3.) ( 97.,   3.) ( 96.,   4.) ( 96.,   4.) ( 96.,   4.)
 ( 96.,   4.) ( 96.,   4.) ( 96.,   4.) ( 97.,   3.) ( 97.,   3.)
 ( 94.,   6.) ( 94.,   6.) ( 98.,   2.) ( 98.,   2.) ( 95.,   5.)
 ( 95.,   5.) ( 99.,   1.) ( 99.,   1.) ( 97.,   3.) ( 97.,   3.)
 ( 96.,   4.) ( 96.,   4.) ( 95.,   5.) ( 95.,   5.) ( 99.,   1.)
 ( 99.,   1.) ( 98.,   2.) ( 98.,   2.) ( 97.,   3.) ( 97.,   3.)
 ( 98.,   2.) ( 98.,   2.) ( 97.,   3.) ( 97.,   3.) ( 96.,   4.)
 ( 96.,   4.) ( 96.,   4.) ( 96.,   4.) ( 97.,   3.) ( 97.,   3.)
 ( 97.,   3.) ( 97.,   3.) ( 94.,   6.) ( 94.,   6.) ( 96.,   4.)
 ( 96.,   4.) ( 96.,   4.) ( 96.,   4.) ( 97.,   3.) ( 97.,   3.)
 ( 96.,   4.) ( 96.,   4.) ( 94.,   6.) ( 94.,   6.) ( 99.,   1.)
 ( 99.,   1.) ( 95.,   5.) ( 95.,   5.) ( 98.,   2.) ( 98.,   2.)
 ( 98.,   2.) ( 98.,   2.) ( 98.,   2.) ( 98.,   2.) ( 97.,   3.)
 ( 97.,   3.) ( 96.,   4.) ( 96.,   4.) ( 96.,   4.) ( 96.,   4.)
 ( 98.,   2.) ( 98.,   2.) ( 96.,   4.) ( 96.,   4.) ( 97.,   3.)
 ( 97.,   3.) ( 94.,   6.) ( 94.,   6.) ( 97.,   3.) ( 97.,   3.)
 ( 95.,   5.) ( 95.,   5.) ( 99.,   1.) ( 99.,   1.) ( 95.,   5.)
 ( 95.,   5.) ( 97.,   3.) ( 97.,   3.) ( 98.,   2.) ( 98.,   2.)
 ( 99.,   1.) ( 99.,   1.) ( 97.,   3.) ( 97.,   3.) ( 99.,   1.)
 ( 99.,   1.) ( 99.,   1.) ( 99.,   1.) ( 97.,   3.) ( 97.,   3.)
 ( 97.,   3.) ( 97.,   3.) ( 94.,   6.) ( 94.,   6.) ( 96.,   4.)
 ( 96.,   4.) ( 97.,   3.) ( 97.,   3.) ( 96.,   4.) ( 96.,   4.)
 ( 97.,   3.) ( 97.,   3.) ( 95.,   5.) ( 95.,   5.) ( 91.,   9.)
 ( 91.,   9.) ( 99.,   1.) ( 99.,   1.) ( 96.,   4.) ( 96.,   4.)
 ( 95.,   5.) ( 95.,   5.) ( 93.,   7.) ( 93.,   7.) ( 97.,   3.)
 ( 97.,   3.) ( 98.,   2.) ( 98.,   2.) ( 95.,   5.) ( 95.,   5.)
 ( 98.,   2.) ( 98.,   2.) ( 99.,   1.) ( 99.,   1.) ( 97.,   3.)
 ( 97.,   3.) ( 98.,   2.) ( 98.,   2.) ( 95.,   5.) ( 95.,   5.)
 ( 99.,   1.) ( 99.,   1.) ( 96.,   4.) ( 96.,   4.) ( 97.,   3.)
 ( 97.,   3.) ( 95.,   5.) ( 95.,   5.) ( 97.,   3.) ( 97.,   3.)
 ( 95.,   5.) ( 95.,   5.) ( 98.,   2.) ( 98.,   2.) ( 98.,   2.)
 ( 98.,   2.) ( 97.,   3.) ( 97.,   3.) ( 97.,   3.) ( 97.,   3.)
 ( 95.,   5.) ( 95.,   5.) ( 97.,   3.) ( 97.,   3.) ( 98.,   2.)
 ( 98.,   2.) ( 98.,   2.) ( 98.,   2.) ( 96.,   4.) ( 96.,   4.)
 ( 96.,   4.) ( 96.,   4.) ( 94.,   6.) ( 94.,   6.) ( 96.,   4.)
 ( 96.,   4.) ( 97.,   3.) ( 97.,   3.) ( 96.,   4.) ( 96.,   4.)
 ( 96.,   4.) ( 96.,   4.) ( 95.,   5.) ( 95.,   5.) ( 98.,   2.)
 ( 98.,   2.) ( 95.,   5.) ( 95.,   5.) ( 96.,   4.) ( 96.,   4.)
 ( 99.,   1.) ( 99.,   1.) ( 94.,   6.) ( 94.,   6.) ( 94.,   6.)
 ( 94.,   6.) ( 91.,   9.) ( 91.,   9.) ( 97.,   3.) ( 97.,   3.)
 ( 97.,   3.) ( 97.,   3.) ( 96.,   4.) ( 96.,   4.) ( 99.,   1.)
 ( 99.,   1.) ( 95.,   5.) ( 95.,   5.) ( 96.,   4.) ( 96.,   4.)
 ( 97.,   3.) ( 97.,   3.) ( 95.,   5.) ( 95.,   5.) ( 98.,   2.)
 ( 98.,   2.) ( 93.,   7.) ( 93.,   7.) ( 97.,   3.) ( 97.,   3.)
 ( 99.,   1.) ( 99.,   1.) ( 95.,   5.) ( 95.,   5.) ( 97.,   3.)
 ( 97.,   3.) ( 98.,   2.) ( 98.,   2.) ( 98.,   2.) ( 98.,   2.)
 ( 95.,   5.) ( 95.,   5.) ( 97.,   3.) ( 97.,   3.) ( 98.,   2.)
 ( 98.,   2.) ( 98.,   2.) ( 98.,   2.) ( 97.,   3.) ( 97.,   3.)
 ( 96.,   4.) ( 96.,   4.) ( 99.,   1.) ( 99.,   1.) ( 98.,   2.)
 ( 98.,   2.) ( 97.,   3.) ( 97.,   3.) ( 97.,   3.) ( 97.,   3.)
 ( 99.,   1.) ( 99.,   1.) ( 92.,   8.) ( 92.,   8.) ( 97.,   3.)
 ( 97.,   3.) ( 96.,   4.) ( 96.,   4.) ( 96.,   4.) ( 96.,   4.)
 ( 98.,   2.) ( 98.,   2.) ( 96.,   4.) ( 96.,   4.) ( 94.,   6.)
 ( 94.,   6.) ( 97.,   3.) ( 97.,   3.) ( 96.,   4.) ( 96.,   4.)
 ( 98.,   2.) ( 98.,   2.) ( 97.,   3.) ( 97.,   3.) ( 98.,   2.)
 ( 98.,   2.) ( 93.,   7.) ( 93.,   7.) ( 97.,   3.) ( 97.,   3.)
 ( 97.,   3.) ( 97.,   3.) ( 96.,   4.) ( 96.,   4.) ( 96.,   4.)
 ( 96.,   4.) ( 99.,   1.) ( 99.,   1.) ( 97.,   3.) ( 97.,   3.)
 ( 99.,   1.) ( 99.,   1.) ( 99.,   1.) ( 99.,   1.) ( 99.,   1.)
 ( 99.,   1.) ( 97.,   3.) ( 97.,   3.) ( 97.,   3.) ( 97.,   3.)
 ( 97.,   3.) ( 97.,   3.) ( 96.,   4.) ( 96.,   4.) ( 96.,   4.)
 ( 96.,   4.) ( 95.,   5.) ( 95.,   5.) ( 99.,   1.) ( 99.,   1.)
 ( 99.,   1.) ( 99.,   1.) ( 98.,   2.) ( 98.,   2.) ( 95.,   5.)
 ( 95.,   5.)] 
Solution Description: 
p: [  0.          17.53554117  47.19996294  62.30053615  65.88026605
 109.57730032 148.53356564 153.70529655 161.79354797 175.47496033
 196.36928404 198.59229311   0.          20.13911547  59.45001662
  70.31516246  85.48119249 108.93997993 320.17020301 321.202524
 371.05920719 371.44180984 390.11919606 393.6723572  405.41953703
   0.          61.19418044  62.05442212  62.30055695  75.0341014
 116.10687827 154.7495698  169.00845682 231.39486196 265.69242263
 267.42712828 269.79551164 333.2978601  351.11062443 400.35385913
 404.88479066   0.          10.51101384  59.37980184  72.06178364
  81.55442085 181.33703072 233.25368589 251.36580273 264.03039884
 309.75369391 322.5526049 ] 
pred: [ 0  0  0  0  0  0  0  0  0  8  8  8  0  0  0  0  0  0  5  5  5  5  9  9
  9  0  0  0  0  0  4  4  4  4  4  4  4 11 11 11 11  0  0  0  0  0  4  4
  4  4  8  8] 
distance [  0.          17.53554117  47.19996294  62.30053615  65.88026605
 109.57730032 148.53356564 153.70529655 161.79354797  13.68141235
  34.57573607  36.79874514   0.          20.13911547  59.45001662
  70.31516246  85.48119249 108.93997993 211.23022307 212.26254407
 262.11922726 262.50182991  18.67738622  22.23054736  33.97772719
   0.          61.19418044  62.05442212  62.30055695  75.0341014
  41.07277687  79.71546841  93.97435542 156.36076056 190.65832124
 192.39302688 194.76141024  63.50234846  81.31511279 130.55834749
 135.08927903   0.          10.51101384  59.37980184  72.06178364
  81.55442085  99.78260987 151.69926504 169.81138188 182.47597798
  45.72329507  58.52220607]
load: [  0  13  21  31  34  47  66  90 106  14  27  38   0  25  30  40  56  72
  19  35  38  59  22  40  47   0   5  14  23  35   6  20  24  39  44  61
  86  20  40  49  61   0   8  18  32  45  22  41  66  81  21  27] 
time: [  0.         170.         203.         228.39224704 244.56663558
 272.73925087 314.30498673 459.         518.10459408 159.
 173.4613902  322.           0.         130.         160.
 414.         443.16015238 483.3964008   72.         192.
 319.         399.83031468 182.         195.18455016 397.
   0.         204.         340.         359.24049641 399.
 269.         329.         341.2602819  457.         525.6876737
 555.64070694 602.08171691 198.         215.24054306 245.23870997
 317.           0.         121.         321.         378.
 422.56770213  75.         169.         414.         443.
 115.         271.        ] 
time warps: [0 0 0 0 0 0 0 0 0 0 0 0 0 0 0 0 0 0 0 0 0 0 0 0 0 0 0 0 0 0 0 0 0 0 0 0 0
 0 0 0 0 0 0 0 0 0 0 0 0 0 0 0] 
duration: [  0.          23.53554117  73.83796245  95.93853566 103.51826556
 169.21529983 218.17156515 364.62683602 373.71508744  17.68141235
  45.57573607 179.9824579    0.          29.13911547  86.64422529
 340.47913198 376.64516201 423.10394944 232.23022307 326.47017775
 445.27498488 468.65758753  24.67738622  29.23054736 239.90580809
   0.          85.19418044 200.37066752 206.61680234 243.93655365
  43.07277687 123.95010699 161.208994   302.75181137 340.04937205
 356.78407769 377.15246105  71.50234846  94.31511279 145.55834749
 188.48012876   0.          17.51101384 247.93967181 305.6796988
 325.17233601 124.78260987 231.81878957 427.08548024 470.29827152
  55.72329507 217.83191721]

All individuals: [(60, [11, 12, 15, 10,  7, 41, 31, 44, 39, 24, 43, 32, 35,  9, 37, 45,  6, 48,  3, 27, 33, 20, 19, 22, 34, 10, 11,  4, 14, 28,  1, 26, 25, 15, 40, 17, 18, 16, 29,  8, 13,  5,  2, 36, 23, 30, 42, 46, 21, 38, 47, 12], 1331.4492257 , 1331.4492257 , 0., 0.        , 0.        , 0., 0, 0, 0.)
 (60, [11, 12, 15, 10,  7, 41, 31, 44, 39, 24, 43, 32, 35,  9, 37, 45,  6, 48,  3, 27, 33, 20, 19, 22, 34, 10, 11,  4, 14, 28,  1, 26, 25, 15, 40, 17, 18, 16, 29,  8, 13,  5,  2, 36, 23, 30, 42, 46, 21, 38, 47, 12], 1331.4492257 , 1331.4492257 , 0., 0.        , 0.        , 0., 0, 0, 0.)
 (60, [11, 12, 15, 10,  7, 41, 31, 44, 39, 24, 43, 32, 35,  9, 37, 45,  6, 48,  3, 27, 33, 20, 19, 22, 34, 10, 11,  4, 14, 28,  1, 26, 25, 15, 40, 17, 18, 16, 29,  8, 13,  5,  2, 36, 23, 30, 42, 46, 21, 38, 47, 12], 1331.4492257 , 1331.4492257 , 0., 0.        , 0.        , 0., 0, 0, 0.)
 (60, [11, 12, 15, 10,  7, 41, 31, 44, 39, 24, 43, 32, 35,  9, 37, 45,  6, 48,  3, 27, 33, 20, 19, 22, 34, 10, 11,  4, 14, 28,  1, 26, 25, 15, 40, 17, 18, 16, 29,  8, 13,  5,  2, 36, 23, 30, 42, 46, 21, 38, 47, 12], 1331.4492257 , 1331.4492257 , 0., 0.        , 0.        , 0., 0, 0, 0.)
 (60, [11, 12, 15, 10,  7, 41, 31, 44, 39, 24, 43, 32, 35,  9, 37, 45,  6, 48,  3, 27, 33, 20, 19, 22, 34, 10, 11,  4, 14, 28,  1, 26, 25, 15, 40, 17, 18, 16, 29,  8, 13,  5,  2, 36, 23, 30, 42, 46, 21, 38, 47, 12], 1331.4492257 , 1331.4492257 , 0., 0.        , 0.        , 0., 0, 0, 0.)
 (60, [11, 12, 15, 10,  7, 41, 31, 44, 39, 24, 43, 32, 35,  9, 37, 45,  6, 48,  3, 27, 33, 20, 19, 22, 34, 10, 11,  4, 14, 28,  1, 26, 25, 15, 40, 17, 18, 16, 29,  8, 13,  5,  2, 36, 23, 30, 42, 46, 21, 38, 47, 12], 1331.4492257 , 1331.4492257 , 0., 0.        , 0.        , 0., 0, 0, 0.)
 (60, [11, 12, 15, 10,  7, 41, 31, 44, 39, 24, 43, 32, 35,  9, 37, 45,  6, 48,  3, 27, 33, 20, 19, 22, 34, 10, 11,  4, 14, 28,  1, 26, 25, 15, 40, 17, 18, 16, 29,  8, 13,  5,  2, 36, 23, 30, 42, 46, 21, 38, 47, 12], 1331.4492257 , 1331.4492257 , 0., 0.        , 0.        , 0., 0, 0, 0.)
 (60, [11, 12, 15, 10,  7, 41, 31, 44, 39, 24, 43, 32, 35,  9, 37, 45,  6, 48,  3, 27, 33, 20, 19, 22, 34, 10, 11,  4, 14, 28,  1, 26, 25, 15, 40, 17, 18, 16, 29,  8, 13,  5,  2, 36, 23, 30, 42, 46, 21, 38, 47, 12], 1331.4492257 , 1331.4492257 , 0., 0.        , 0.        , 0., 0, 0, 0.)
 (60, [11, 12, 15, 10,  7, 41, 31, 44, 39, 24, 43, 32, 35,  9, 37, 45,  6, 48,  3, 27, 33, 20, 19, 22, 34, 10, 11,  4, 14, 28,  1, 26, 25, 15, 40, 17, 18, 16, 29,  8, 13,  5,  2, 36, 23, 30, 42, 46, 21, 38, 47, 12], 1331.4492257 , 1331.4492257 , 0., 0.        , 0.        , 0., 0, 0, 0.)
 (60, [11, 12, 15, 10,  7, 41, 31, 44, 39, 24, 43, 32, 35,  9, 37, 45,  6, 48,  3, 27, 33, 20, 19, 22, 34, 10, 11,  4, 14, 28,  1, 26, 25, 15, 40, 17, 18, 16, 29,  8, 13,  5,  2, 36, 23, 30, 42, 46, 21, 38, 47, 12], 1331.4492257 , 1331.4492257 , 0., 0.        , 0.        , 0., 0, 0, 0.)
 (60, [11, 12, 15, 10,  7, 41, 31, 44, 39, 24, 43, 32, 35,  9, 37, 45,  6, 48,  3, 27, 33, 20, 19, 22, 34, 10, 11,  4, 14, 28,  1, 26, 25, 15, 40, 17, 18, 16, 29,  8, 13,  5,  2, 36, 23, 30, 42, 46, 21, 38, 47, 12], 1331.4492257 , 1331.4492257 , 0., 0.        , 0.        , 0., 0, 0, 0.)
 (60, [11, 12, 15, 10,  7, 41, 31, 44, 39, 24, 43, 32, 35,  9, 37, 45,  6, 48,  3, 27, 33, 20, 19, 22, 34, 10, 11,  4, 14, 28,  1, 26, 25, 15, 40, 17, 18, 16, 29,  8, 13,  5,  2, 36, 23, 30, 42, 46, 21, 38, 47, 12], 1331.4492257 , 1331.4492257 , 0., 0.        , 0.        , 0., 0, 0, 0.)
 (60, [11, 12, 15, 10,  7, 41, 31, 44, 39, 24, 43, 32, 35,  9, 37, 45,  6, 48,  3, 27, 33, 20, 19, 22, 34, 10, 11,  4, 14, 28,  1, 26, 25, 15, 40, 17, 18, 16, 29,  8, 13,  5,  2, 36, 23, 30, 42, 46, 21, 38, 47, 12], 1331.4492257 , 1331.4492257 , 0., 0.        , 0.        , 0., 0, 0, 0.)
 (60, [11, 12, 15, 10,  7, 41, 31, 44, 39, 24, 43, 32, 35,  9, 37, 45,  6, 48,  3, 27, 33, 20, 19, 22, 34, 10, 11,  4, 14, 28,  1, 26, 25, 15, 40, 17, 18, 16, 29,  8, 13,  5,  2, 36, 23, 30, 42, 46, 21, 38, 47, 12], 1331.4492257 , 1331.4492257 , 0., 0.        , 0.        , 0., 0, 0, 0.)
 (60, [11, 12, 15, 10,  7, 41, 31, 44, 39, 24, 43, 32, 35,  9, 37, 45,  6, 48,  3, 27, 33, 20, 19, 22, 34, 10, 11,  4, 14, 28,  1, 26, 25, 15, 40, 17, 18, 16, 29,  8, 13,  5,  2, 36, 23, 30, 42, 46, 21, 38, 47, 12], 1331.4492257 , 1331.4492257 , 0., 0.        , 0.        , 0., 0, 0, 0.)
 (60, [11, 12, 15, 10,  7, 41, 31, 44, 39, 24, 43, 32, 35,  9, 37, 45,  6, 48,  3, 27, 33, 20, 19, 22, 34, 10, 11,  4, 14, 28,  1, 26, 25, 15, 40, 17, 18, 16, 29,  8, 13,  5,  2, 36, 23, 30, 42, 46, 21, 38, 47, 12], 1331.4492257 , 1331.4492257 , 0., 0.        , 0.        , 0., 0, 0, 0.)
 (60, [11, 12, 15, 10,  7, 41, 31, 44, 39, 24, 43, 32, 35,  9, 37, 45,  6, 48,  3, 27, 33, 20, 19, 22, 34, 10, 11,  4, 14, 28,  1, 26, 25, 15, 40, 17, 18, 16, 29,  8, 13,  5,  2, 36, 23, 30, 42, 46, 21, 38, 47, 12], 1331.4492257 , 1331.4492257 , 0., 0.        , 0.        , 0., 0, 0, 0.)
 (60, [11, 12, 15, 10,  7, 41, 31, 44, 39, 24, 43, 32, 35,  9, 37, 45,  6, 48,  3, 27, 33, 20, 19, 22, 34, 10, 11,  4, 14, 28,  1, 26, 25, 15, 40, 17, 18, 16, 29,  8, 13,  5,  2, 36, 23, 30, 42, 46, 21, 38, 47, 12], 1331.4492257 , 1331.4492257 , 0., 0.        , 0.        , 0., 0, 0, 0.)
 (60, [11, 12, 15, 10,  7, 41, 31, 44, 39, 24, 43, 32, 35,  9, 37, 45,  6, 48,  3, 27, 33, 20, 19, 22, 34, 10, 11,  4, 14, 28,  1, 26, 25, 15, 40, 17, 18, 16, 29,  8, 13,  5,  2, 36, 23, 30, 42, 46, 21, 38, 47, 12], 1331.4492257 , 1331.4492257 , 0., 0.        , 0.        , 0., 0, 0, 0.)
 (60, [11, 12, 15, 10,  7, 41, 31, 44, 39, 24, 43, 32, 35,  9, 37, 45,  6, 48,  3, 27, 33, 20, 19, 22, 34, 10, 11,  4, 14, 28,  1, 26, 25, 15, 40, 17, 18, 16, 29,  8, 13,  5,  2, 36, 23, 30, 42, 46, 21, 38, 47, 12], 1331.4492257 , 1331.4492257 , 0., 0.        , 0.        , 0., 0, 0, 0.)
 (60, [11, 12, 15, 10,  7, 41, 31, 44, 39, 24, 43, 32, 35,  9, 37, 45,  6, 48,  3, 27, 33, 20, 19, 22, 34, 10, 11,  4, 14, 28,  1, 26, 25, 15, 40, 17, 18, 16, 29,  8, 13,  5,  2, 36, 23, 30, 42, 46, 21, 38, 47, 12], 1331.4492257 , 1331.4492257 , 0., 0.        , 0.        , 0., 0, 0, 0.)
 (60, [11, 12, 15, 10,  7, 41, 31, 44, 39, 24, 43, 32, 35,  9, 37, 45,  6, 48,  3, 27, 33, 20, 19, 22, 34, 10, 11,  4, 14, 28,  1, 26, 25, 15, 40, 17, 18, 16, 29,  8, 13,  5,  2, 36, 23, 30, 42, 46, 21, 38, 47, 12], 1331.4492257 , 1331.4492257 , 0., 0.        , 0.        , 0., 0, 0, 0.)
 (60, [11, 12, 15, 10,  7, 41, 31, 44, 39, 24, 43, 32, 35,  9, 37, 45,  6, 48,  3, 27, 33, 20, 19, 22, 34, 10, 11,  4, 14, 28,  1, 26, 25, 15, 40, 17, 18, 16, 29,  8, 13,  5,  2, 36, 23, 30, 42, 46, 21, 38, 47, 12], 1331.4492257 , 1331.4492257 , 0., 0.        , 0.        , 0., 0, 0, 0.)
 (60, [11, 12, 15, 10,  7, 41, 31, 44, 39, 24, 43, 32, 35,  9, 37, 45,  6, 48,  3, 27, 33, 20, 19, 22, 34, 10, 11,  4, 14, 28,  1, 26, 25, 15, 40, 17, 18, 16, 29,  8, 13,  5,  2, 36, 23, 30, 42, 46, 21, 38, 47, 12], 1331.4492257 , 1331.4492257 , 0., 0.        , 0.        , 0., 0, 0, 0.)
 (60, [11, 12, 15, 10,  7, 41, 31, 44, 39, 24, 43, 32, 35,  9, 37, 45,  6, 48,  3, 27, 33, 20, 19, 22, 34, 10, 11,  4, 14, 28,  1, 26, 25, 15, 40, 17, 18, 16, 29,  8, 13,  5,  2, 36, 23, 30, 42, 46, 21, 38, 47, 12], 1331.4492257 , 1331.4492257 , 0., 0.        , 0.        , 0., 0, 0, 0.)
 (60, [11, 12, 15, 10,  7, 41, 31, 44, 39, 24, 43, 32, 35,  9, 37, 45,  6, 48,  3, 27, 33, 20, 19, 22, 34, 10, 11,  4, 14, 28,  1, 26, 25, 15, 40, 17, 18, 16, 29,  8, 13,  5,  2, 36, 23, 30, 42, 46, 21, 38, 47, 12], 1331.4492257 , 1331.4492257 , 0., 0.        , 0.        , 0., 0, 0, 0.)
 (60, [11, 12, 15, 10,  7, 41, 31, 44, 39, 24, 43, 32, 35,  9, 37, 45,  6, 48,  3, 27, 33, 20, 19, 22, 34, 10, 11,  4, 14, 28,  1, 26, 25, 15, 40, 17, 18, 16, 29,  8, 13,  5,  2, 36, 23, 30, 42, 46, 21, 38, 47, 12], 1331.4492257 , 1331.4492257 , 0., 0.        , 0.        , 0., 0, 0, 0.)
 (60, [11, 12, 15, 10,  7, 41, 31, 44, 39, 24, 43, 32, 35,  9, 37, 45,  6, 48,  3, 27, 33, 20, 19, 22, 34, 10, 11,  4, 14, 28,  1, 26, 25, 15, 40, 17, 18, 16, 29,  8, 13,  5,  2, 36, 23, 30, 42, 46, 21, 38, 47, 12], 1331.4492257 , 1331.4492257 , 0., 0.        , 0.        , 0., 0, 0, 0.)
 (60, [11, 12, 15, 10,  7, 41, 31, 44, 39, 24, 43, 32, 35,  9, 37, 45,  6, 48,  3, 27, 33, 20, 19, 22, 34, 10, 11,  4, 14, 28,  1, 26, 25, 15, 40, 17, 18, 16, 29,  8, 13,  5,  2, 36, 23, 30, 42, 46, 21, 38, 47, 12], 1331.4492257 , 1331.4492257 , 0., 0.        , 0.        , 0., 0, 0, 0.)
 (60, [11, 12, 15, 10,  7, 41, 31, 44, 39, 24, 43, 32, 35,  9, 37, 45,  6, 48,  3, 27, 33, 20, 19, 22, 34, 10, 11,  4, 14, 28,  1, 26, 25, 15, 40, 17, 18, 16, 29,  8, 13,  5,  2, 36, 23, 30, 42, 46, 21, 38, 47, 12], 1331.4492257 , 1331.4492257 , 0., 0.        , 0.        , 0., 0, 0, 0.)
 (60, [11, 12, 15, 10,  7, 41, 31, 44, 39, 24, 43, 32, 35,  9, 37, 45,  6, 48,  3, 27, 33, 20, 19, 22, 34, 10, 11,  4, 14, 28,  1, 26, 25, 15, 40, 17, 18, 16, 29,  8, 13,  5,  2, 36, 23, 30, 42, 46, 21, 38, 47, 12], 1331.4492257 , 1331.4492257 , 0., 0.        , 0.        , 0., 0, 0, 0.)
 (60, [11, 12, 15, 10,  7, 41, 31, 44, 39, 24, 43, 32, 35,  9, 37, 45,  6, 48,  3, 27, 33, 20, 19, 22, 34, 10, 11,  4, 14, 28,  1, 26, 25, 15, 40, 17, 18, 16, 29,  8, 13,  5,  2, 36, 23, 30, 42, 46, 21, 38, 47, 12], 1331.4492257 , 1331.4492257 , 0., 0.        , 0.        , 0., 0, 0, 0.)
 (60, [11, 12, 15, 10,  7, 41, 31, 44, 39, 24, 43, 32, 35,  9, 37, 45,  6, 48,  3, 27, 33, 20, 19, 22, 34, 10, 11,  4, 14, 28,  1, 26, 25, 15, 40, 17, 18, 16, 29,  8, 13,  5,  2, 36, 23, 30, 42, 46, 21, 38, 47, 12], 1331.4492257 , 1331.4492257 , 0., 0.        , 0.        , 0., 0, 0, 0.)
 (60, [11, 12, 15, 10,  7, 41, 31, 44, 39, 24, 43, 32, 35,  9, 37, 45,  6, 48,  3, 27, 33, 20, 19, 22, 34, 10, 11,  4, 14, 28,  1, 26, 25, 15, 40, 17, 18, 16, 29,  8, 13,  5,  2, 36, 23, 30, 42, 46, 21, 38, 47, 12], 1331.4492257 , 1331.4492257 , 0., 0.        , 0.        , 0., 0, 0, 0.)
 (60, [11, 12, 15, 10,  7, 41, 31, 44, 39, 24, 43, 32, 35,  9, 37, 45,  6, 48,  3, 27, 33, 20, 19, 22, 34, 10, 11,  4, 14, 28,  1, 26, 25, 15, 40, 17, 18, 16, 29,  8, 13,  5,  2, 36, 23, 30, 42, 46, 21, 38, 47, 12], 1331.4492257 , 1331.4492257 , 0., 0.        , 0.        , 0., 0, 0, 0.)
 (60, [11, 12, 15, 10,  7, 41, 31, 44, 39, 24, 43, 32, 35,  9, 37, 45,  6, 48,  3, 27, 33, 20, 19, 22, 34, 10, 11,  4, 14, 28,  1, 26, 25, 15, 40, 17, 18, 16, 29,  8, 13,  5,  2, 36, 23, 30, 42, 46, 21, 38, 47, 12], 1331.4492257 , 1331.4492257 , 0., 0.        , 0.        , 0., 0, 0, 0.)
 (60, [11, 12, 15, 10,  7, 41, 31, 44, 39, 24, 43, 32, 35,  9, 37, 45,  6, 48,  3, 27, 33, 20, 19, 22, 34, 10, 11,  4, 14, 28,  1, 26, 25, 15, 40, 17, 18, 16, 29,  8, 13,  5,  2, 36, 23, 30, 42, 46, 21, 38, 47, 12], 1331.4492257 , 1331.4492257 , 0., 0.        , 0.        , 0., 0, 0, 0.)
 (60, [11, 12, 15, 10,  7, 41, 31, 44, 39, 24, 43, 32, 35,  9, 37, 45,  6, 48,  3, 27, 33, 20, 19, 22, 34, 10, 11,  4, 14, 28,  1, 26, 25, 15, 40, 17, 18, 16, 29,  8, 13,  5,  2, 36, 23, 30, 42, 46, 21, 38, 47, 12], 1331.4492257 , 1331.4492257 , 0., 0.        , 0.        , 0., 0, 0, 0.)
 (60, [11, 12, 15, 10,  7, 41, 31, 44, 39, 24, 43, 32, 35,  9, 37, 45,  6, 48,  3, 27, 33, 20, 19, 22, 34, 10, 11,  4, 14, 28,  1, 26, 25, 15, 40, 17, 18, 16, 29,  8, 13,  5,  2, 36, 23, 30, 42, 46, 21, 38, 47, 12], 1331.4492257 , 1331.4492257 , 0., 0.        , 0.        , 0., 0, 0, 0.)
 (60, [11, 12, 15, 10,  7, 41, 31, 44, 39, 24, 43, 32, 35,  9, 37, 45,  6, 48,  3, 27, 33, 20, 19, 22, 34, 10, 11,  4, 14, 28,  1, 26, 25, 15, 40, 17, 18, 16, 29,  8, 13,  5,  2, 36, 23, 30, 42, 46, 21, 38, 47, 12], 1331.4492257 , 1331.4492257 , 0., 0.        , 0.        , 0., 0, 0, 0.)
 (60, [11, 12, 15, 10,  7, 41, 31, 44, 39, 24, 43, 32, 35,  9, 37, 45,  6, 48,  3, 27, 33, 20, 19, 22, 34, 10, 11,  4, 14, 28,  1, 26, 25, 15, 40, 17, 18, 16, 29,  8, 13,  5,  2, 36, 23, 30, 42, 46, 21, 38, 47, 12], 1331.4492257 , 1331.4492257 , 0., 0.        , 0.        , 0., 0, 0, 0.)
 (60, [11, 12, 15, 10,  7, 41, 31, 44, 39, 24, 43, 32, 35,  9, 37, 45,  6, 48,  3, 27, 33, 20, 19, 22, 34, 10, 11,  4, 14, 28,  1, 26, 25, 15, 40, 17, 18, 16, 29,  8, 13,  5,  2, 36, 23, 30, 42, 46, 21, 38, 47, 12], 1331.4492257 , 1331.4492257 , 0., 0.        , 0.        , 0., 0, 0, 0.)
 (60, [11, 12, 15, 10,  7, 41, 31, 44, 39, 24, 43, 32, 35,  9, 37, 45,  6, 48,  3, 27, 33, 20, 19, 22, 34, 10, 11,  4, 14, 28,  1, 26, 25, 15, 40, 17, 18, 16, 29,  8, 13,  5,  2, 36, 23, 30, 42, 46, 21, 38, 47, 12], 1331.4492257 , 1331.4492257 , 0., 0.        , 0.        , 0., 0, 0, 0.)
 (60, [11, 12, 15, 10,  7, 41, 31, 44, 39, 24, 43, 32, 35,  9, 37, 45,  6, 48,  3, 27, 33, 20, 19, 22, 34, 10, 11,  4, 14, 28,  1, 26, 25, 15, 40, 17, 18, 16, 29,  8, 13,  5,  2, 36, 23, 30, 42, 46, 21, 38, 47, 12], 1331.4492257 , 1331.4492257 , 0., 0.        , 0.        , 0., 0, 0, 0.)
 (60, [11, 12, 15, 10,  7, 41, 31, 44, 39, 24, 43, 32, 35,  9, 37, 45,  6, 48,  3, 27, 33, 20, 19, 22, 34, 10, 11,  4, 14, 28,  1, 26, 25, 15, 40, 17, 18, 16, 29,  8, 13,  5,  2, 36, 23, 30, 42, 46, 21, 38, 47, 12], 1331.4492257 , 1331.4492257 , 0., 0.        , 0.        , 0., 0, 0, 0.)
 (60, [11, 12, 15, 10,  7, 41, 31, 44, 39, 24, 43, 32, 35,  9, 37, 45,  6, 48,  3, 27, 33, 20, 19, 22, 34, 10, 11,  4, 14, 28,  1, 26, 25, 15, 40, 17, 18, 16, 29,  8, 13,  5,  2, 36, 23, 30, 42, 46, 21, 38, 47, 12], 1331.4492257 , 1331.4492257 , 0., 0.        , 0.        , 0., 0, 0, 0.)
 (60, [11, 12, 15, 10,  7, 41, 31, 44, 39, 24, 43, 32, 35,  9, 37, 45,  6, 48,  3, 27, 33, 20, 19, 22, 34, 10, 11,  4, 14, 28,  1, 26, 25, 15, 40, 17, 18, 16, 29,  8, 13,  5,  2, 36, 23, 30, 42, 46, 21, 38, 47, 12], 1331.4492257 , 1331.4492257 , 0., 0.        , 0.        , 0., 0, 0, 0.)
 (60, [11, 12, 15, 10,  7, 41, 31, 44, 39, 24, 43, 32, 35,  9, 37, 45,  6, 48,  3, 27, 33, 20, 19, 22, 34, 10, 11,  4, 14, 28,  1, 26, 25, 15, 40, 17, 18, 16, 29,  8, 13,  5,  2, 36, 23, 30, 42, 46, 21, 38, 47, 12], 1331.4492257 , 1331.4492257 , 0., 0.        , 0.        , 0., 0, 0, 0.)
 (60, [11, 12, 15, 10,  7, 41, 31, 44, 39, 24, 43, 32, 35,  9, 37, 45,  6, 48,  3, 27, 33, 20, 19, 22, 34, 10, 11,  4, 14, 28,  1, 26, 25, 15, 40, 17, 18, 16, 29,  8, 13,  5,  2, 36, 23, 30, 42, 46, 21, 38, 47, 12], 1331.4492257 , 1331.4492257 , 0., 0.        , 0.        , 0., 0, 0, 0.)
 (60, [11, 12, 15, 10,  7, 41, 31, 44, 39, 24, 43, 32, 35,  9, 37, 45,  6, 48,  3, 27, 33, 20, 19, 22, 34, 10, 11,  4, 14, 28,  1, 26, 25, 15, 40, 17, 18, 16, 29,  8, 13,  5,  2, 36, 23, 30, 42, 46, 21, 38, 47, 12], 1331.4492257 , 1331.4492257 , 0., 0.        , 0.        , 0., 0, 0, 0.)
 (60, [11, 12, 15, 10,  7, 41, 31, 44, 39, 24, 43, 32, 35,  9, 37, 45,  6, 48,  3, 27, 33, 20, 19, 22, 34, 10, 11,  4, 14, 28,  1, 26, 25, 15, 40, 17, 18, 16, 29,  8, 13,  5,  2, 36, 23, 30, 42, 46, 21, 38, 47, 12], 1331.4492257 , 1331.4492257 , 0., 0.        , 0.        , 0., 0, 0, 0.)
 (60, [11, 12, 15, 10,  7, 41, 31, 44, 39, 24, 43, 32, 35,  9, 37, 45,  6, 48,  3, 27, 33, 20, 19, 22, 34, 10, 11,  4, 14, 28,  1, 26, 25, 15, 40, 17, 18, 16, 29,  8, 13,  5,  2, 36, 23, 30, 42, 46, 21, 38, 47, 12], 1331.4492257 , 1331.4492257 , 0., 0.        , 0.        , 0., 0, 0, 0.)
 (60, [11, 12, 15, 10,  7, 41, 31, 44, 39, 24, 43, 32, 35,  9, 37, 45,  6, 48,  3, 27, 33, 20, 19, 22, 34, 10, 11,  4, 14, 28,  1, 26, 25, 15, 40, 17, 18, 16, 29,  8, 13,  5,  2, 36, 23, 30, 42, 46, 21, 38, 47, 12], 1331.4492257 , 1331.4492257 , 0., 0.        , 0.        , 0., 0, 0, 0.)
 (60, [11, 12, 15, 10,  7, 41, 31, 44, 39, 24, 43, 32, 35,  9, 37, 45,  6, 48,  3, 27, 33, 20, 19, 22, 34, 10, 11,  4, 14, 28,  1, 26, 25, 15, 40, 17, 18, 16, 29,  8, 13,  5,  2, 36, 23, 30, 42, 46, 21, 38, 47, 12], 1331.4492257 , 1331.4492257 , 0., 0.        , 0.        , 0., 0, 0, 0.)
 (60, [11, 12, 15, 10,  7, 41, 31, 44, 39, 24, 43, 32, 35,  9, 37, 45,  6, 48,  3, 27, 33, 20, 19, 22, 34, 10, 11,  4, 14, 28,  1, 26, 25, 15, 40, 17, 18, 16, 29,  8, 13,  5,  2, 36, 23, 30, 42, 46, 21, 38, 47, 12], 1331.4492257 , 1331.4492257 , 0., 0.        , 0.        , 0., 0, 0, 0.)
 (60, [11, 12, 15, 10,  7, 41, 31, 44, 39, 24, 43, 32, 35,  9, 37, 45,  6, 48,  3, 27, 33, 20, 19, 22, 34, 10, 11,  4, 14, 28,  1, 26, 25, 15, 40, 17, 18, 16, 29,  8, 13,  5,  2, 36, 23, 30, 42, 46, 21, 38, 47, 12], 1331.4492257 , 1331.4492257 , 0., 0.        , 0.        , 0., 0, 0, 0.)
 (60, [11, 12, 15, 10,  7, 41, 31, 44, 39, 24, 43, 32, 35,  9, 37, 45,  6, 48,  3, 27, 33, 20, 19, 22, 34, 10, 11,  4, 14, 28,  1, 26, 25, 15, 40, 17, 18, 16, 29,  8, 13,  5,  2, 36, 23, 30, 42, 46, 21, 38, 47, 12], 1331.4492257 , 1331.4492257 , 0., 0.        , 0.        , 0., 0, 0, 0.)
 (60, [11, 12, 15, 10,  7, 41, 31, 44, 39, 24, 43, 32, 35,  9, 37, 45,  6, 48,  3, 27, 33, 20, 19, 22, 34, 10, 11,  4, 14, 28,  1, 26, 25, 15, 40, 17, 18, 16, 29,  8, 13,  5,  2, 36, 23, 30, 42, 46, 21, 38, 47, 12], 1331.4492257 , 1331.4492257 , 0., 0.        , 0.        , 0., 0, 0, 0.)
 (60, [11, 12, 15, 10,  7, 41, 31, 44, 39, 24, 43, 32, 35,  9, 37, 45,  6, 48,  3, 27, 33, 20, 19, 22, 34, 10, 11,  4, 14, 28,  1, 26, 25, 15, 40, 17, 18, 16, 29,  8, 13,  5,  2, 36, 23, 30, 42, 46, 21, 38, 47, 12], 1331.4492257 , 1331.4492257 , 0., 0.        , 0.        , 0., 0, 0, 0.)
 (60, [11, 12, 15, 10,  7, 41, 31, 44, 39, 24, 43, 32, 35,  9, 37, 45,  6, 48,  3, 27, 33, 20, 19, 22, 34, 10, 11,  4, 14, 28,  1, 26, 25, 15, 40, 17, 18, 16, 29,  8, 13,  5,  2, 36, 23, 30, 42, 46, 21, 38, 47, 12], 1331.4492257 , 1331.4492257 , 0., 0.        , 0.        , 0., 0, 0, 0.)
 (60, [11, 12, 15, 10,  7, 41, 31, 44, 39, 24, 43, 32, 35,  9, 37, 45,  6, 48,  3, 27, 33, 20, 19, 22, 34, 10, 11,  4, 14, 28,  1, 26, 25, 15, 40, 17, 18, 16, 29,  8, 13,  5,  2, 36, 23, 30, 42, 46, 21, 38, 47, 12], 1331.4492257 , 1331.4492257 , 0., 0.        , 0.        , 0., 0, 0, 0.)
 (60, [11, 12, 15, 10,  7, 41, 31, 44, 39, 24, 43, 32, 35,  9, 37, 45,  6, 48,  3, 27, 33, 20, 19, 22, 34, 10, 11,  4, 14, 28,  1, 26, 25, 15, 40, 17, 18, 16, 29,  8, 13,  5,  2, 36, 23, 30, 42, 46, 21, 38, 47, 12], 1331.4492257 , 1331.4492257 , 0., 0.        , 0.        , 0., 0, 0, 0.)
 (60, [11, 12, 15, 10,  7, 41, 31, 44, 39, 24, 43, 32, 35,  9, 37, 45,  6, 48,  3, 27, 33, 20, 19, 22, 34, 10, 11,  4, 14, 28,  1, 26, 25, 15, 40, 17, 18, 16, 29,  8, 13,  5,  2, 36, 23, 30, 42, 46, 21, 38, 47, 12], 1331.4492257 , 1331.4492257 , 0., 0.        , 0.        , 0., 0, 0, 0.)
 (60, [11, 12, 15, 10,  7, 41, 31, 44, 39, 24, 43, 32, 35,  9, 37, 45,  6, 48,  3, 27, 33, 20, 19, 22, 34, 10, 11,  4, 14, 28,  1, 26, 25, 15, 40, 17, 18, 16, 29,  8, 13,  5,  2, 36, 23, 30, 42, 46, 21, 38, 47, 12], 1331.4492257 , 1331.4492257 , 0., 0.        , 0.        , 0., 0, 0, 0.)
 (60, [11, 12, 15, 10,  7, 41, 31, 44, 39, 24, 43, 32, 35,  9, 37, 45,  6, 48,  3, 27, 33, 20, 19, 22, 34, 10, 11,  4, 14, 28,  1, 26, 25, 15, 40, 17, 18, 16, 29,  8, 13,  5,  2, 36, 23, 30, 42, 46, 21, 38, 47, 12], 1331.4492257 , 1331.4492257 , 0., 0.        , 0.        , 0., 0, 0, 0.)
 (60, [11, 12, 15, 10,  7, 41, 31, 44, 39, 24, 43, 32, 35,  9, 37, 45,  6, 48,  3, 27, 33, 20, 19, 22, 34, 10, 11,  4, 14, 28,  1, 26, 25, 15, 40, 17, 18, 16, 29,  8, 13,  5,  2, 36, 23, 30, 42, 46, 21, 38, 47, 12], 1331.4492257 , 1331.4492257 , 0., 0.        , 0.        , 0., 0, 0, 0.)
 (60, [11, 12, 15, 10,  7, 41, 31, 44, 39, 24, 43, 32, 35,  9, 37, 45,  6, 48,  3, 27, 33, 20, 19, 22, 34, 10, 11,  4, 14, 28,  1, 26, 25, 15, 40, 17, 18, 16, 29,  8, 13,  5,  2, 36, 23, 30, 42, 46, 21, 38, 47, 12], 1331.4492257 , 1331.4492257 , 0., 0.        , 0.        , 0., 0, 0, 0.)
 (60, [11, 12, 15, 10,  7, 41, 31, 44, 39, 24, 43, 32, 35,  9, 37, 45,  6, 48,  3, 27, 33, 20, 19, 22, 34, 10, 11,  4, 14, 28,  1, 26, 25, 15, 40, 17, 18, 16, 29,  8, 13,  5,  2, 36, 23, 30, 42, 46, 21, 38, 47, 12], 1331.4492257 , 1331.4492257 , 0., 0.        , 0.        , 0., 0, 0, 0.)
 (60, [11, 12, 15, 10,  7, 41, 31, 44, 39, 24, 43, 32, 35,  9, 37, 45,  6, 48,  3, 27, 33, 20, 19, 22, 34, 10, 11,  4, 14, 28,  1, 26, 25, 15, 40, 17, 18, 16, 29,  8, 13,  5,  2, 36, 23, 30, 42, 46, 21, 38, 47, 12], 1331.4492257 , 1331.4492257 , 0., 0.        , 0.        , 0., 0, 0, 0.)
 (60, [11, 12, 15, 10,  7, 41, 31, 44, 39, 24, 43, 32, 35,  9, 37, 45,  6, 48,  3, 27, 33, 20, 19, 22, 34, 10, 11,  4, 14, 28,  1, 26, 25, 15, 40, 17, 18, 16, 29,  8, 13,  5,  2, 36, 23, 30, 42, 46, 21, 38, 47, 12], 1331.4492257 , 1331.4492257 , 0., 0.        , 0.        , 0., 0, 0, 0.)
 (60, [11, 12, 15, 10,  7, 41, 31, 44, 39, 24, 43, 32, 35,  9, 37, 45,  6, 48,  3, 27, 33, 20, 19, 22, 34, 10, 11,  4, 14, 28,  1, 26, 25, 15, 40, 17, 18, 16, 29,  8, 13,  5,  2, 36, 23, 30, 42, 46, 21, 38, 47, 12], 1331.4492257 , 1331.4492257 , 0., 0.        , 0.        , 0., 0, 0, 0.)
 (60, [11, 12, 15, 10,  7, 41, 31, 44, 39, 24, 43, 32, 35,  9, 37, 45,  6, 48,  3, 27, 33, 20, 19, 22, 34, 10, 11,  4, 14, 28,  1, 26, 25, 15, 40, 17, 18, 16, 29,  8, 13,  5,  2, 36, 23, 30, 42, 46, 21, 38, 47, 12], 1331.4492257 , 1331.4492257 , 0., 0.        , 0.        , 0., 0, 0, 0.)
 (60, [11, 12, 15, 10,  7, 41, 31, 44, 39, 24, 43, 32, 35,  9, 37, 45,  6, 48,  3, 27, 33, 20, 19, 22, 34, 10, 11,  4, 14, 28,  1, 26, 25, 15, 40, 17, 18, 16, 29,  8, 13,  5,  2, 36, 23, 30, 42, 46, 21, 38, 47, 12], 1331.4492257 , 1331.4492257 , 0., 0.        , 0.        , 0., 0, 0, 0.)
 (60, [11, 12, 15, 10,  7, 41, 31, 44, 39, 24, 43, 32, 35,  9, 37, 45,  6, 48,  3, 27, 33, 20, 19, 22, 34, 10, 11,  4, 14, 28,  1, 26, 25, 15, 40, 17, 18, 16, 29,  8, 13,  5,  2, 36, 23, 30, 42, 46, 21, 38, 47, 12], 1331.4492257 , 1331.4492257 , 0., 0.        , 0.        , 0., 0, 0, 0.)
 (60, [11, 12, 15, 10,  7, 41, 31, 44, 39, 24, 43, 32, 35,  9, 37, 45,  6, 48,  3, 27, 33, 20, 19, 22, 34, 10, 11,  4, 14, 28,  1, 26, 25, 15, 40, 17, 18, 16, 29,  8, 13,  5,  2, 36, 23, 30, 42, 46, 21, 38, 47, 12], 1331.4492257 , 1331.4492257 , 0., 0.        , 0.        , 0., 0, 0, 0.)
 (60, [11, 12, 15, 10,  7, 41, 31, 44, 39, 24, 43, 32, 35,  9, 37, 45,  6, 48,  3, 27, 33, 20, 19, 22, 34, 10, 11,  4, 14, 28,  1, 26, 25, 15, 40, 17, 18, 16, 29,  8, 13,  5,  2, 36, 23, 30, 42, 46, 21, 12, 47, 38], 1342.52728456, 1329.59490493, 0., 6.46618982, 0.        , 0., 0, 0, 0.)
 (60, [11, 12, 15, 10,  7, 41, 31, 44, 39, 24, 43, 32, 35,  9, 37, 45,  6, 48,  3, 27, 33, 20, 19, 22, 34, 10, 11,  4, 14, 28,  1, 26, 25, 15, 40, 17, 18, 16, 29,  8, 13,  5,  2, 36, 23, 30, 42, 46, 21, 12, 47, 38], 1342.52728456, 1329.59490493, 0., 6.46618982, 0.        , 0., 0, 0, 0.)
 (60, [11, 12, 15, 10,  7, 41, 31, 44, 39, 24, 43, 32, 35,  9, 37, 11, 45,  6, 48,  3, 27, 33, 20, 19, 22, 34, 10,  4, 14, 28,  1, 26, 25, 15, 40, 17, 18, 16, 29,  8, 13,  5,  2, 36, 23, 30, 42, 46, 21, 38, 47, 12], 1342.83627584, 1342.83627584, 0., 0.        , 0.        , 0., 0, 0, 0.)
 (60, [11, 12, 15, 10,  7, 41, 31, 44, 39, 24, 43, 32, 35,  9, 37, 45,  6, 48, 11, 27, 33, 20, 19, 22, 34, 10,  3,  4, 14, 28,  1, 26, 25, 15, 40, 17, 18, 16, 29,  8, 13,  5,  2, 36, 23, 30, 42, 46, 21, 38, 47, 12], 1400.41367832, 1400.41367832, 0., 0.        , 0.        , 0., 0, 0, 0.)
 (60, [11, 12, 15, 10,  7, 41, 31, 44, 39, 24, 43, 32, 35,  9, 37, 45,  6, 48,  3, 27, 33, 20, 19, 22, 34, 10, 11,  4, 14, 28,  1, 26, 25, 15, 40, 17, 18, 16, 29,  8, 13,  5,  2, 47, 23, 30, 42, 46, 21, 38, 36, 12], 1416.83112226, 1416.83112226, 0., 0.        , 0.        , 0., 0, 0, 0.)
 (60, [11, 12, 15, 10,  7, 41,  1, 44, 39, 24, 43, 32, 35,  9, 37, 45,  6, 48,  3, 27, 33, 20, 19, 22, 34, 10, 11,  4, 14, 28, 31, 26, 25, 15, 40, 17, 18, 16, 29,  8, 13,  5,  2, 36, 23, 30, 42, 46, 21, 38, 47, 12], 1460.18969313, 1460.18969313, 0., 0.        , 0.        , 0., 0, 0, 0.)
 (60, [11, 12, 15, 10,  7, 41, 31, 44, 39, 24, 43,  4, 35,  9, 37, 45,  6, 48,  3, 27, 33, 20, 19, 22, 34, 10, 11, 32, 14, 28,  1, 26, 25, 15, 40, 17, 18, 16, 29,  8, 13,  5,  2, 36, 23, 30, 42, 46, 21, 38, 47, 12], 1503.29183815, 1515.37651499, 0., 0.        , 0.        , 0., 0, 0, 0.)
 (60, [11, 12, 15, 10,  7, 41, 31, 27, 39, 24, 43, 32, 35,  9, 37, 45,  6, 48,  3, 44, 33, 20, 19, 22, 34, 10, 11,  4, 14, 28,  1, 26, 25, 15, 40, 17, 18, 16, 29,  8, 13,  5,  2, 36, 23, 30, 42, 46, 21, 38, 47, 12], 1506.34739858, 1506.34739858, 0., 0.        , 0.        , 0., 0, 0, 0.)
 (60, [11, 12, 15, 10,  7, 41, 31, 44, 39, 24, 43, 32, 35,  9,  1, 45,  6, 48,  3, 27, 33, 20, 19, 22, 34, 10, 11,  4, 14, 28, 37, 26, 25, 15, 40, 17, 18, 16, 29,  8, 13,  5,  2, 36, 23, 30, 42, 46, 21, 38, 47, 12], 1517.86459661, 1517.86459661, 0., 0.        , 0.        , 0., 0, 0, 0.)
 (60, [11, 12, 15, 10,  7, 41, 31, 16, 39, 24, 43, 32,  9, 35, 37, 45,  6, 48,  3, 27, 33, 20, 19, 22, 34, 10, 11,  4, 14, 28,  1, 26, 25, 15, 40, 17, 18, 44, 29,  8, 13,  5,  2, 36, 23, 30, 42, 46, 21, 38, 47, 12], 1519.10261416, 1600.26821506, 0., 0.        , 0.        , 0., 0, 0, 0.)
 (60, [11, 12, 15, 10,  7, 41, 31, 44, 39, 24, 43, 32, 35, 18, 37, 45,  6, 48,  3, 27, 33, 20, 19, 22, 34, 10, 11,  4, 14, 28,  1, 26, 25, 15, 40, 17,  9, 16, 29,  8, 13,  5,  2, 36, 23, 30, 42, 46, 21, 38, 47, 12], 1570.84926319, 1570.84926319, 0., 0.        , 0.        , 0., 0, 0, 0.)
 (60, [11, 12, 15, 10,  7, 41, 31, 44, 39, 24, 43, 32, 35,  9, 37, 45,  6, 48,  3, 27, 33, 20, 19, 22, 34, 10, 11,  4, 14, 28,  1, 26, 25, 15, 13, 17, 18, 16, 29,  8, 40,  5,  2, 36, 23, 30, 42, 46, 21, 38, 47, 12], 1585.13235667, 1584.13863226, 0., 0.        , 0.49686221, 0., 0, 0, 0.)
 (60, [12, 12, 15,  9, 41,  7, 31, 44, 39, 24, 43, 32, 35,  9, 37, 45,  6, 48,  3, 27, 33, 20, 19, 22, 34, 10, 11,  4, 14, 28,  1, 26, 25, 15, 40, 17, 18, 16, 29,  8, 13,  5,  2, 36, 23, 30, 42, 46, 21, 38, 47, 12], 1589.43208862, 1589.43208862, 0., 0.        , 0.        , 0., 0, 0, 0.)
 (60, [11, 12, 15, 10,  7, 41, 31, 44, 39, 24, 43, 32, 35,  9, 37, 45,  6, 48,  3, 27, 33, 20, 19, 22, 34, 10, 11,  4, 14, 28,  1,  5, 25, 15, 40, 29, 18, 16, 17,  8, 13, 26,  2, 36, 23, 30, 42, 46, 21, 38, 47, 12], 1595.26734139, 1726.82992956, 0., 0.        , 0.        , 0., 0, 0, 0.)
 (60, [11, 12, 15, 10,  7, 41, 31, 44, 39, 24, 43, 32, 35,  9, 37, 45,  6, 48, 36, 27, 33, 20, 19, 22, 34, 10, 11,  4, 14, 28,  1, 26, 25, 15, 40, 17, 18, 16, 29,  8, 13,  5,  2,  3, 23, 30, 42, 46, 21, 38, 47, 12], 1608.20027511, 1608.20027511, 0., 0.        , 0.        , 0., 0, 0, 0.)
 (60, [11, 12, 15, 10,  7, 41, 31, 44, 39, 24, 43, 32, 35,  9, 37, 45,  6, 48,  3, 16, 33, 20, 19, 22, 34, 10, 11,  4, 14, 28,  1, 26, 25, 15, 40, 17, 18, 27, 29,  8, 13,  5,  2, 36, 23, 30, 42, 46, 21, 38, 47, 12], 1641.8708594 , 1641.8708594 , 0., 0.        , 0.        , 0., 0, 0, 0.)
 (60, [11, 13, 15,  9, 33, 41, 31, 44, 39, 24, 43, 32, 35,  9, 37, 45,  6, 48,  3, 27,  7, 20, 19, 22, 34, 10, 11,  4, 14, 28,  1, 26, 25, 15, 40, 17, 18, 16, 29,  8, 13,  5,  2, 36, 23, 30, 42, 46, 21, 38, 47, 12], 1667.63055801, 1750.28385761, 0., 0.        , 0.        , 0., 0, 0, 0.)
 (60, [11, 12, 15, 10,  7, 41, 31, 44, 39, 24, 43, 32, 35,  9, 37, 45,  6, 28,  3, 27, 33, 20, 19, 22, 34, 10, 11,  4, 14, 48,  1, 26, 25, 15, 40, 17, 18, 16, 29,  8, 13,  5,  2, 36, 23, 30, 42, 46, 21, 38, 47, 12], 1669.28307091, 1669.28307091, 0., 0.        , 0.        , 0., 0, 0, 0.)
 (60, [11, 12, 15, 10,  7, 41, 31, 44, 39, 24, 43, 32, 35,  9, 37, 45,  6, 48,  3, 27, 33, 20, 19, 22, 34, 10, 11,  4, 14, 28,  1, 26, 25, 15, 40, 17, 18, 16, 29, 47,  8, 13,  5,  2, 36, 23, 30, 42, 46, 21, 38, 12], 1676.30421955, 1676.30421955, 0., 0.        , 0.        , 0., 0, 0, 0.)
 (60, [11, 13, 14, 10,  7, 41, 31, 44, 39, 24, 43, 32, 35,  9, 37, 45,  6, 48,  3, 27, 33, 15, 19, 22, 34, 10, 11,  4, 14, 28,  1, 26, 25, 20, 40, 17, 18, 16, 29,  8, 13,  5,  2, 36, 23, 30, 42, 46, 21, 38, 47, 12], 1723.71350542, 1723.71350542, 0., 0.        , 0.        , 0., 0, 0, 0.)
 (60, [11, 12, 15, 10,  7, 41, 31, 44, 39, 24, 43, 32, 35,  9, 37, 45,  6, 48,  3, 27, 33, 20, 19, 22,  8, 10, 11,  4, 14, 28,  1, 26, 25, 15, 40, 17, 18, 16, 29, 34, 13,  5,  2, 36, 23, 30, 42, 46, 21, 38, 47, 12], 1724.71385239, 1724.71385239, 0., 0.        , 0.        , 0., 0, 0, 0.)
 (60, [11, 11, 16, 10,  7, 41, 31, 44, 39, 24, 43, 32, 35, 17, 37, 45,  6, 48,  3, 27, 33, 20, 19, 22, 34, 10, 11,  4, 14, 28,  1, 26, 25, 15, 40,  9, 18, 16, 29,  8, 13,  5,  2, 36, 23, 30, 42, 46, 21, 38, 47, 12], 1761.79205425, 1761.79205425, 0., 0.        , 0.        , 0., 0, 0, 0.)
 (60, [12, 10, 14, 12,  7, 41, 31, 44, 39, 24, 43, 32, 35,  9, 37, 45,  6, 48,  3, 27, 33, 20, 19, 22, 34, 10, 11,  4, 14, 28,  1, 26, 25, 15, 40, 17, 18, 30, 29,  8, 13,  5,  2, 36, 23, 16, 42, 46, 21, 38, 47, 12], 1838.13407776, 1838.13407776, 0., 0.        , 0.        , 0., 0, 0, 0.)
 (60, [11, 13, 15,  9,  7, 41, 31, 44, 39, 24, 43,  8, 35,  9, 37, 45,  6, 48,  3, 27, 33, 20, 19, 22, 34, 10, 11,  4, 14, 28,  1, 26, 25, 15, 40, 17, 18, 16, 29, 32, 13,  5,  2, 36, 23, 30, 42, 46, 21, 38, 47, 12], 1849.63483873, 1849.63483873, 0., 0.        , 0.        , 0., 0, 0, 0.)
 (60, [12, 11, 14, 11,  7, 41, 31, 44, 39, 20, 43, 32, 35,  9, 37, 45,  6, 48,  3, 27, 33, 24, 19, 22, 34, 10, 11,  4, 14, 28,  1, 26, 25, 15, 40, 17, 18, 16, 29,  8, 13,  5,  2, 36, 23, 30, 46, 42, 21, 38, 47, 12], 2027.46011005, 2027.46011005, 0., 0.        , 0.        , 0., 0, 0, 0.)]