
Total Runtime in seconds: 697.8641810417175Parameters:
population_size: 50, max_generations: 150, executed generations: 149, threshold_no_improvement: 75
target feasible proportion: 12
fitness_scaling: power_rank, selection_method: n_tournaments
p_c: 0.9, p_m: 0.3, NOT YET p_education: 0.0
tournament_size: 2, n_elite: 8
survivor_selection_step: 10, p_selection_survival: 0.7
kill clone step: 5
diversify_step: 20, diversify_step: 20, p_diversify_survival: 0.3
n_closest_neighbors: 3, diversity_weight: 0.5, distance_method: broken_pairs_distance
capacity_penalty_factor: 2, duration_penalty_factor 2, time_window_penalty: 2
Best fitness all generations, best individual before/after local search: 1989.5318178891607, 1989.5318178891607 / 1989.5318178891607
Best individual found before local search: (11, [ 8, 10, 14, 11, 16, 13, 67, 66, 42, 60, 27, 31, 20, 36, 49,  7, 43, 68, 12, 17,  1, 23, 26, 50, 69,  4, 21, 61, 37, 58, 19,  8, 54, 56, 16, 34, 22, 44, 29, 45, 62, 32, 25, 40, 52,  5, 57, 24, 13, 59, 51, 64, 47, 41, 28, 53, 55, 48, 14, 30, 33,  6, 11,  9, 70,  2, 38, 39, 46, 63, 72, 15,  3, 35, 18, 10, 65, 71], 1989.53181789, 2069.82870322, 0., 0., 0., 0., 26, 25, 38.5)
Best individual found after local search: (11, [ 8, 10, 14, 11, 16, 13, 67, 66, 42, 60, 27, 31, 20, 36, 49,  7, 43, 68, 12, 17,  1, 23, 26, 50, 69,  4, 21, 61, 37, 58, 19,  8, 54, 56, 16, 34, 22, 44, 29, 45, 62, 32, 25, 40, 52,  5, 57, 24, 13, 59, 51, 64, 47, 41, 28, 53, 55, 48, 14, 30, 33,  6, 11,  9, 70,  2, 38, 39, 46, 63, 72, 15,  3, 35, 18, 10, 65, 71], 1989.53181789, 2069.82870322, 0., 0., 0., 0., 26, 25, 38.5)
Best feasible individual found: (11, [ 8, 10, 14, 11, 16, 13, 67, 66, 42, 60, 30, 31, 20, 18, 49,  7, 43, 68, 12, 17,  1, 23, 26, 50, 69,  4, 21, 61, 37, 58,  9,  8, 54, 56, 16, 34, 22, 44, 29, 45, 62, 32, 25, 40, 52,  5, 57, 24, 13, 59, 51, 64, 47, 41, 46, 53, 55, 48, 14,  2, 33,  6, 11, 19, 70, 35, 38, 39, 28, 63, 72, 15,  3, 36, 27, 10, 65, 71], 2077.62927747, 2157.9261628, 0., 0., 0., 0., 26, 25, 38.5)

Fitness stats min: [3862.83187021 3711.11228046 3552.79591535 3417.87764877 3416.56987552
 3361.98032001 3324.51157061 3169.74893408 2920.40946638 2897.16270405
 2897.16270405 2897.16270405 2897.16270405 2897.16270405 2882.11374399
 2869.33623457 2860.9141653  2860.9141653  2860.9141653  2860.9141653
 2860.9141653  2860.9141653  2806.45160825 2774.9508713  2774.9508713
 2774.9508713  2731.98043167 2707.5730523  2707.5730523  2707.5730523
 2707.5730523  2707.5730523  2674.65935182 2647.64837032 2636.75235056
 2496.8091111  2496.37624834 2496.37624834 2468.05887394 2468.05887394
 2544.01198759 2502.07711384 2493.76338134 2493.76338134 2493.76338134
 2493.76338134 2443.80936673 2430.18439661 2430.18439661 2423.105208
 2367.18019473 2367.18019473 2367.18019473 2367.18019473 2367.18019473
 2365.43901798 2365.43901798 2365.43901798 2341.76952507 2306.02130302
 2306.02130302 2286.84492882 2227.69886314 2227.69886314 2227.69886314
 2227.69886314 2227.69886314 2227.69886314 2227.69886314 2227.69886314
 2208.93188975 2190.9667701  2190.9667701  2190.9667701  2190.9667701
 2190.9667701  2190.9667701  2190.9667701  2190.9667701  2190.9667701
 2190.9667701  2190.9667701  2190.9667701  2190.9667701  2190.9667701
 2190.9667701  2191.00512843 2184.338176   2181.18145921 2181.18145921
 2181.18145921 2181.18145921 2181.18145921 2181.18145921 2181.18145921
 2181.18145921 2181.18145921 2181.18145921 2181.18145921 2181.18145921
 2181.18145921 2168.34528189 2125.08575638 2114.82976241 2107.80975939
 2107.80975939 2106.22738428 2101.78495052 2101.78495052 2101.78495052
 2101.78495052 2101.78495052 2101.78495052 2101.78495052 2101.78495052
 2101.78495052 2101.78495052 2101.78495052 2101.78495052 2101.78495052
 2101.78495052 2101.78495052 2101.78495052 2101.78495052 2077.62927747
 2077.62927747 2077.62927747 2077.62927747 2077.62927747 2077.62927747
 2077.62927747 2077.62927747 2077.62927747 2077.62927747 2077.62927747
 2077.62927747 2077.62927747 2077.62927747 2077.62927747 2077.62927747
 2077.62927747 2077.62927747 2077.62927747 2077.62927747 2077.62927747
 2077.62927747 2077.62927747 2077.62927747 2077.62927747 1989.53181789] 

Fitness stats feasible min: [3884.18460219 3711.11228046 3552.79591535 3552.79591535 3552.79591535
 3361.98032001 3361.98032001 3169.74893408 2920.40946638 2897.16270405
 2897.16270405 2897.16270405 2897.16270405 2897.16270405 2882.11374399
 2869.33623457 2860.9141653  2860.9141653  2860.9141653  2860.9141653
 2860.9141653  2860.9141653  2860.9141653  2774.9508713  2774.9508713
 2774.9508713  2731.98043167 2707.5730523  2707.5730523  2707.5730523
 2707.5730523  2707.5730523  2674.65935182 2674.65935182 2674.65935182
 2674.65935182 2611.71721775 2611.71721775 2571.8360627  2571.8360627
 2544.01198759 2502.07711384 2493.76338134 2493.76338134 2493.76338134
 2493.76338134 2443.80936673 2430.18439661 2430.18439661 2423.105208
 2367.18019473 2367.18019473 2367.18019473 2367.18019473 2367.18019473
 2367.18019473 2367.18019473 2367.18019473 2341.76952507 2306.02130302
 2306.02130302 2286.84492882 2227.69886314 2227.69886314 2227.69886314
 2227.69886314 2227.69886314 2227.69886314 2227.69886314 2227.69886314
 2208.93188975 2208.93188975 2208.93188975 2208.93188975 2208.93188975
 2208.93188975 2208.93188975 2208.93188975 2208.93188975 2208.93188975
 2208.93188975 2208.93188975 2208.93188975 2208.93188975 2208.93188975
 2208.93188975 2208.93188975 2184.338176   2181.18145921 2181.18145921
 2181.18145921 2181.18145921 2181.18145921 2181.18145921 2181.18145921
 2181.18145921 2181.18145921 2181.18145921 2181.18145921 2181.18145921
 2181.18145921 2168.34528189 2125.08575638 2114.82976241 2107.80975939
 2107.80975939 2106.22738428 2101.78495052 2101.78495052 2101.78495052
 2101.78495052 2101.78495052 2101.78495052 2101.78495052 2101.78495052
 2101.78495052 2101.78495052 2101.78495052 2101.78495052 2101.78495052
 2101.78495052 2101.78495052 2101.78495052 2101.78495052 2077.62927747
 2077.62927747 2077.62927747 2077.62927747 2077.62927747 2077.62927747
 2077.62927747 2077.62927747 2077.62927747 2077.62927747 2077.62927747
 2077.62927747 2077.62927747 2077.62927747 2077.62927747 2077.62927747
 2077.62927747 2077.62927747 2077.62927747 2077.62927747 2077.62927747
 2077.62927747 2077.62927747 2077.62927747 2077.62927747 1989.53181789] 

Fitness stats avg: [6655.3168221  6304.10114544 6239.07537457 5508.69722205 4727.34987215
 4651.83374122 4235.56654438 4062.16928093 3843.67579528 3831.25576588
 4699.86502533 3819.28040648 3728.55930005 3641.17610209 3531.81267421
 3689.84230911 3561.45907173 3508.53496835 3417.38293926 3284.89288157
 4462.8925351  3475.31034955 3215.88144085 3010.60831967 3145.22379233
 3956.72456901 3404.59788114 3451.66606868 3304.61325179 3156.83763825
 4987.47274269 3845.19593051 3321.91313915 3085.97534868 3164.11045154
 3471.01787217 3084.5503396  3059.92623807 2963.59114163 3002.24729811
 5478.5798422  4218.24929451 3582.20575117 3083.30423318 2985.64294018
 3173.9991483  3044.01514135 2923.33219283 2785.60283766 2807.552556
 5288.90222931 4152.88895158 3472.93697888 3061.20168715 3001.63864985
 3863.34641165 3149.07491372 3047.60676921 2908.09153585 2810.62904704
 4694.66650044 3699.7325327  3247.00669122 2731.70554757 2641.50647177
 3634.12474358 2821.95927432 2612.86761664 2513.08390626 2483.66197711
 4431.95229966 3200.36558838 2523.1107312  2649.82732199 2538.47216622
 3833.4119355  2831.89953774 2688.11410803 2567.51627889 2438.83522998
 4473.73414161 2851.01567074 2713.80018481 2569.7318546  2471.38470735
 4327.74849015 3066.4347243  2619.74785907 2468.38790579 2410.55211818
 3731.67179229 2801.10456006 2506.12155025 2311.65463724 2378.66188135
 4953.07387139 3661.36613701 2990.85269596 2681.32501269 2508.07455086
 4801.1946312  3773.11392775 2913.97083583 2630.27945802 2548.33662281
 2741.56924236 2599.79139626 2544.72038656 2549.01217765 2472.48133159
 4855.81179794 3916.73549195 3241.56048944 2846.35108513 2679.35502718
 3198.08327907 2695.11925192 2489.54074845 2387.89142978 2312.23397281
 4150.33137763 3303.9322762  2634.63444159 2482.28287289 2350.71698573
 3808.65829148 2893.24376585 2469.90643874 2397.76994255 2299.84835353
 3771.90231984 2712.63785729 2389.01842988 2344.37705189 2258.43852699
 4418.01873319 3153.3616383  2573.39377268 2373.29065843 2312.84117262
 2854.1992825  2251.41885905 2250.43477262 2289.45196668 2196.97509372
 4351.95156641 2995.39560014 2499.70206171 2376.76671863 2184.14313624] 

Feasible stats: [( 0., 50.) ( 0., 50.) (15., 35.) (15., 35.) (18., 32.) (18., 32.)
 (14., 36.) (14., 36.) (18., 32.) (18., 32.) (24., 26.) (24., 26.)
 (27., 23.) (27., 23.) (26., 24.) (26., 24.) (29., 21.) (29., 21.)
 (25., 25.) (25., 25.) (33., 17.) (33., 17.) (32., 18.) (32., 18.)
 (40., 10.) (40., 10.) (16., 34.) (16., 34.) (27., 23.) (27., 23.)
 (25., 25.) (25., 25.) (13., 37.) (13., 37.) (30., 20.) (30., 20.)
 (20., 30.) (20., 30.) (30., 20.) (30., 20.) (32., 18.) (32., 18.)
 (18., 32.) (18., 32.) (34., 16.) (34., 16.) (31., 19.) (31., 19.)
 (33., 17.) (33., 17.) (32., 18.) (32., 18.) (15., 35.) (15., 35.)
 (29., 21.) (29., 21.) (14., 36.) (14., 36.) (26., 24.) (26., 24.)
 (23., 27.) (23., 27.) (22., 28.) (22., 28.) (38., 12.) (38., 12.)
 (26., 24.) (26., 24.) (34., 16.) (34., 16.) (34., 16.) (34., 16.)
 (24., 26.) (24., 26.) (26., 24.) (26., 24.) (18., 32.) (18., 32.)
 (21., 29.) (21., 29.) (33., 17.) (33., 17.) (30., 20.) (30., 20.)
 (26., 24.) (26., 24.) (11., 39.) (11., 39.) (25., 25.) (25., 25.)
 (27., 23.) (27., 23.) (29., 21.) (29., 21.) (40., 10.) (40., 10.)
 (10., 40.) (10., 40.) (23., 27.) (23., 27.) (32., 18.) (32., 18.)
 (15., 35.) (15., 35.) (30., 20.) (30., 20.) (30., 20.) (30., 20.)
 (33., 17.) (33., 17.) (29., 21.) (29., 21.) (18., 32.) (18., 32.)
 (28., 22.) (28., 22.) (25., 25.) (25., 25.) (34., 16.) (34., 16.)
 (36., 14.) (36., 14.) (22., 28.) (22., 28.) (35., 15.) (35., 15.)
 (20., 30.) (20., 30.) (35., 15.) (35., 15.) (39., 11.) (39., 11.)
 (30., 20.) (30., 20.) (39., 11.) (39., 11.) (20., 30.) (20., 30.)
 (30., 20.) (30., 20.) (43.,  7.) (43.,  7.) (47.,  3.) (47.,  3.)
 (41.,  9.) (41.,  9.) (17., 33.) (17., 33.) (34., 16.) (34., 16.)] 
Solution Description: 
p: [  0.          47.11130586  73.75073742  91.45012754  93.64458419
 100.15229454 109.24986879 116.854023   122.04832546   0.
  25.62798946  34.55832129  34.59449664  45.86890731  52.6111313
  66.53253896 180.53647111 180.57501483 185.86955052 282.86360307
   0.          15.41207475  55.46336088  85.03797242 143.67145126
 156.61721565 177.5307434  189.11069    207.33917069 231.07521735
 241.26253717 263.97370628 266.59865418 277.23245301 277.80528875
   0.          12.91064135  93.25490674 130.44957941 155.01907922
 160.20650213 163.49853338 165.58375088 245.88063621 354.91831317
 356.815655   372.56218624   0.         113.83505123 131.66029698
 196.35102689 196.80927427 216.39746486 259.1914501  270.82084772
 272.72548224 272.94742882 284.36287975 298.40699439 433.85029174
 455.78151906 455.7863162  456.3081261  467.29807535   0.
  50.13450939  67.52606255  74.15442563 220.61348994 281.85813341
 288.54451749 313.3751823  318.86806736 353.42573684 395.9852271
 444.31785904 457.03116091 466.95433902] 
pred: [0 0 0 0 0 0 0 0 0 0 0 0 0 3 3 3 3 3 3 3 0 0 0 0 0 0 0 0 7 7 7 7 7 7 7 0 0
 0 0 0 0 0 6 6 7 7 7 0 0 0 0 0 0 0 0 0 0 9 9 9 9 9 9 9 0 0 0 0 0 0 0 0 0 8
 8 8 8 8] 
distance [  0.          47.11130586  73.75073742  91.45012754  93.64458419
 100.15229454 109.24986879 116.854023   122.04832546   0.
  25.62798946  34.55832129  34.59449664  11.27441067  18.01663466
  31.93804233 145.94197447 145.9805182  151.27505389 248.26910643
   0.          15.41207475  55.46336088  85.03797242 143.67145126
 156.61721565 177.5307434  189.11069     18.22848068  41.96452735
  52.15184717  74.86301627  77.48796418  88.121763    88.69459874
   0.          12.91064135  93.25490674 130.44957941 155.01907922
 160.20650213 163.49853338   2.08521749  82.38210282 189.33456229
 191.23190413 206.97843536   0.         113.83505123 131.66029698
 196.35102689 196.80927427 216.39746486 259.1914501  270.82084772
 272.72548224 272.94742882  11.41545093  25.45956556 160.90286291
 182.83409024 182.83888738 183.36069728 194.35064653   0.
  50.13450939  67.52606255  74.15442563 220.61348994 281.85813341
 288.54451749 313.3751823  318.86806736  34.55766948  77.11715974
 125.44979168 138.16309356 148.08627167]
load: [  0  15  28  44  69  73  82  86  96   0  13  28  38   4  29  31  51  58
  67  82   0  20  30  36  45  68  91 102  23  48  63  73  91 106 118   0
  22  34  36  61  71  72  20  38  20  28  33   0   5  18  31  53  76  82
  92  99 120   1  18  28  29  36  49  57   0   6  29  40  43  67  87 112
 131  21  28  40  60  79] 
time: [  0.         108.         151.35839557 187.15019712 222.39209185
 233.1179415  281.         297.54750472 318.07294588   0.
 275.         389.         398.03170559 181.         198.752644
 220.85202497 291.89367583 425.         444.4444974  533.14444666
   0.         235.         277.05993638 303.12312588 377.
 397.         431.69571393 475.          89.         111.
 180.         270.         309.7017886  388.         396.59341365
   0.          60.         173.         230.17586986 263.71774392
 394.         426.60754544 182.         245.14947556 234.91784831
 333.         460.           0.         141.         157.80418117
 258.         322.         353.50292811 419.3752972  456.
 502.83823358 532.80331752  76.         267.         357.67943932
 420.75788293 459.14588991 490.4622668  516.75527467   0.
 129.         153.25772677 172.96980965 341.         380.6474598
 418.0027733  471.53143827 500.51974365 111.         251.
 306.         426.         488.58455483] 
time warps: [0 0 0 0 0 0 0 0 0 0 0 0 0 0 0 0 0 0 0 0 0 0 0 0 0 0 0 0 0 0 0 0 0 0 0 0 0
 0 0 0 0 0 0 0 0 0 0 0 0 0 0 0 0 0 0 0 0 0 0 0 0 0 0 0 0 0 0 0 0 0 0 0 0 0
 0 0 0 0] 
duration: [  0.          72.11130586 119.75073742 153.45012754 157.64458419
 181.15229454 220.4196296  234.02378381 262.21808626   0.
  44.62798946 143.54200155 153.5781769   25.27441067  46.01663466
  69.93804233 191.94197447 287.56222507 316.85676076 419.85081331
   0.          35.41207475  82.46336088 114.03797242 215.48703766
 251.94107514 293.85460289 315.45599156  19.22848068  61.35332752
 128.02599323 239.41567959 263.0406275  329.65540715 337.22824289
   0.          37.91064135 186.05396087 244.24863354 293.81813335
 400.08306152 423.37509277  25.08521749 118.38210282 227.33456229
 303.08069213 379.8207675    0.         118.83505123 150.66029698
 290.93306744 333.86245593 359.45064652 420.24463175 442.99763595
 458.90227048 469.12421706  24.41545093 225.73417044 382.17746779
 410.10869512 435.11349226 447.63530216 472.62525141   0.
  65.13450939  97.52606255 111.15442563 322.46563649 384.71027995
 416.39666403 447.22732884 472.7202139   50.55766948 206.31402515
 284.58878621 413.26350833 434.18668644]

All individuals: [(11, [ 8, 10, 14, 11, 16, 13, 67, 66, 42, 60, 30, 31, 20, 18, 49,  7, 43, 68, 12, 17,  1, 23, 26, 50, 69,  4, 21, 61, 37, 58,  9,  8, 54, 56, 16, 34, 22, 44, 29, 45, 62, 32, 25, 40, 52,  5, 57, 24, 13, 59, 51, 64, 47, 41, 46, 53, 55, 48, 14,  2, 33,  6, 11, 19, 70, 35, 38, 39, 28, 63, 72, 15,  3, 36, 27, 10, 65, 71], 2077.62927747, 2157.9261628 , 0., 0.00000000e+00, 0.        ,  0.        , 26, 25, 38.5)
 (11, [ 8, 10, 14, 11, 16, 13, 67, 66, 42, 60, 30, 31, 20, 18, 49,  7, 43, 68, 12, 17,  1, 23, 26, 50, 69,  4, 21, 61, 37, 58,  9,  8, 54, 56, 16, 34, 22, 44, 29, 45, 62, 32, 25, 40, 52,  5, 57, 24, 13, 59, 51, 64, 47, 41, 46, 53, 55, 48, 14,  2, 33,  6, 11, 19, 70, 35, 38, 39, 28, 63, 72, 15,  3, 36, 27, 10, 65, 71], 2077.62927747, 2157.9261628 , 0., 0.00000000e+00, 0.        ,  0.        , 16, 35, 33.5)
 (11, [ 8, 10, 14, 11, 16, 13, 67, 66, 42, 60, 30, 31, 20, 18, 49,  7, 43, 68, 12, 17,  1, 23, 26, 50, 69,  4, 21, 61, 37, 58,  9,  8, 54, 56, 16, 34, 22, 44, 29, 45, 62, 32, 25, 40, 52,  5, 57, 24, 13, 59, 51, 64, 47, 41, 46, 53, 55, 48, 14,  2, 33,  6, 11, 19, 70, 35, 38, 39, 28, 63, 72, 15,  3, 36, 27, 10, 65, 71], 2077.62927747, 2157.9261628 , 0., 0.00000000e+00, 0.        ,  0.        , 17, 34, 34. )
 (11, [ 8, 10, 14, 11, 16, 13, 67, 66, 42, 60, 30, 31, 20, 18, 49,  7, 43, 68, 12, 17,  1, 23, 26, 50, 69,  4, 21, 61, 37, 58,  9,  8, 54, 56, 16, 34, 22, 44, 29, 45, 62, 32, 25, 40, 52,  5, 57, 24, 13, 59, 51, 64, 47, 41, 46, 53, 55, 48, 14,  2, 33,  6, 11, 19, 70, 35, 38, 39, 28, 63, 72, 15,  3, 36, 27, 10, 65, 71], 2077.62927747, 2157.9261628 , 0., 0.00000000e+00, 0.        ,  0.        , 18, 33, 34.5)
 (11, [ 8, 10, 14, 11, 16, 13, 67, 66, 42, 60, 30, 31, 20, 18, 49,  7, 43, 68, 12, 17,  1, 23, 26, 50, 69,  4, 21, 61, 37, 58,  9,  8, 54, 56, 16, 34, 22, 44, 29, 45, 62, 32, 25, 40, 52,  5, 57, 24, 13, 59, 51, 64, 47, 41, 46, 53, 55, 48, 14,  2, 33,  6, 11, 19, 70, 35, 38, 39, 28, 63, 72, 15,  3, 36, 27, 10, 65, 71], 2077.62927747, 2157.9261628 , 0., 0.00000000e+00, 0.        ,  0.        , 19, 32, 35. )
 (11, [ 8, 10, 14, 11, 16, 13, 67, 66, 42, 60, 30, 31, 20, 18, 49,  7, 43, 68, 12, 17,  1, 23, 26, 50, 69,  4, 21, 61, 37, 58,  9,  8, 54, 56, 16, 34, 22, 44, 29, 45, 62, 32, 25, 40, 52,  5, 57, 24, 13, 59, 51, 64, 47, 41, 46, 53, 55, 48, 14,  2, 33,  6, 11, 19, 70, 35, 38, 39, 28, 63, 72, 15,  3, 36, 27, 10, 65, 71], 2077.62927747, 2157.9261628 , 0., 0.00000000e+00, 0.        ,  0.        , 20, 31, 35.5)
 (11, [ 8, 10, 14, 11, 16, 13, 67, 66, 42, 60, 30, 31, 20, 18, 49,  7, 43, 68, 12, 17,  1, 23, 26, 50, 69,  4, 21, 61, 37, 58,  9,  8, 54, 56, 16, 34, 22, 44, 29, 45, 62, 32, 25, 40, 52,  5, 57, 24, 13, 59, 51, 64, 47, 41, 46, 53, 55, 48, 14,  2, 33,  6, 11, 19, 70, 35, 38, 39, 28, 63, 72, 15,  3, 36, 27, 10, 65, 71], 2077.62927747, 2157.9261628 , 0., 0.00000000e+00, 0.        ,  0.        , 21, 30, 36. )
 (11, [ 8, 10, 14, 11, 16, 13, 67, 66, 42, 60, 30, 31, 20, 18, 49,  7, 43, 68, 12, 17,  1, 23, 26, 50, 69,  4, 21, 61, 37, 58,  9,  8, 54, 56, 16, 34, 22, 44, 29, 45, 62, 32, 25, 40, 52,  5, 57, 24, 13, 59, 51, 64, 47, 41, 46, 53, 55, 48, 14,  2, 33,  6, 11, 19, 70, 35, 38, 39, 28, 63, 72, 15,  3, 36, 27, 10, 65, 71], 2077.62927747, 2157.9261628 , 0., 0.00000000e+00, 0.        ,  0.        , 22, 29, 36.5)
 (11, [ 8, 10, 14, 11, 16, 13, 67, 66, 42, 60, 30, 31, 20, 18, 49,  7, 43, 68, 12, 17,  1, 23, 26, 50, 69,  4, 21, 61, 37, 58,  9,  8, 54, 56, 16, 34, 22, 44, 29, 45, 62, 32, 25, 40, 52,  5, 57, 24, 13, 59, 51, 64, 47, 41, 46, 53, 55, 48, 14,  2, 33,  6, 11, 19, 70, 35, 38, 39, 28, 63, 72, 15,  3, 36, 27, 10, 65, 71], 2077.62927747, 2157.9261628 , 0., 0.00000000e+00, 0.        ,  0.        , 23, 28, 37. )
 (11, [ 8, 10, 14, 11, 16, 13, 67, 66, 42, 60, 30, 31, 20, 18, 49,  7, 43, 68, 12, 17,  1, 23, 26, 50, 69,  4, 21, 61, 37, 58,  9,  8, 54, 56, 16, 34, 22, 44, 29, 45, 62, 32, 25, 40, 52,  5, 57, 24, 13, 59, 51, 64, 47, 41, 46, 53, 55, 48, 14,  2, 33,  6, 11, 19, 70, 35, 38, 39, 28, 63, 72, 15,  3, 36, 27, 10, 65, 71], 2077.62927747, 2157.9261628 , 0., 0.00000000e+00, 0.        ,  0.        , 24, 27, 37.5)
 (35, [12, 11, 12, 15, 11, 11, 44, 32,  4,  2, 29, 48, 60, 53, 33, 35, 72,  5, 41, 26, 57, 54, 40, 43, 17, 38,  7, 67, 37, 66, 51,  1, 12, 58, 69,  9, 27, 71, 63, 10, 45, 61, 21, 46, 36, 42, 11, 30, 31, 25, 39, 56, 15, 14, 55, 68, 18, 19,  8, 62, 24,  3, 52, 23, 50, 65, 47, 22, 34, 59, 20, 16, 13, 64, 70,  6, 28, 49], 2077.62927747, 2157.9261628 , 0., 0.00000000e+00, 0.        ,  0.        , 10, 41, 30.5)
 (36, [12, 12, 11, 11, 16, 10,  7, 25, 49, 15, 58, 56, 48, 40, 55,  3, 62,  1, 53, 50, 31, 44, 12, 41,  5, 29, 68,  9, 16, 52, 34, 72, 45, 30, 64, 11, 32, 13, 70, 26,  6, 69, 14, 24, 60, 33, 71, 27, 46, 19, 42, 18, 36, 67, 63,  2,  8, 38,  4, 21, 17, 59, 65, 22, 35, 28, 43, 54, 61, 23, 51, 37, 39, 66, 57, 20, 10, 47], 2077.62927747, 2157.9261628 , 0., 0.00000000e+00, 0.        ,  0.        , 12, 39, 31.5)
 (37, [11, 11, 13, 16, 10, 11, 25, 57, 45, 38,  6, 56, 71, 67, 35, 44, 31, 29, 66, 32, 14, 33, 20, 17, 61, 39, 30, 49, 42, 43,  9, 26, 27, 21,  2, 60, 22, 62, 48, 53, 68, 40, 12,  3, 18, 23, 54, 70, 58, 41, 72, 55,  8, 36, 69, 19, 65,  7, 51, 28, 34,  4, 52, 64,  1, 11, 63, 50, 46,  5, 24, 15, 59, 16, 13, 37, 10, 47], 2077.62927747, 2157.9261628 , 0., 0.00000000e+00, 0.        ,  0.        , 22, 29, 36.5)
 (38, [16, 11, 10, 12, 10, 13, 12, 13, 30, 59, 51, 48,  8, 10, 38, 33, 25, 18,  2, 37, 44, 42, 16, 68, 71, 58, 72, 69,  9, 46, 36, 23, 54, 27, 11, 66, 20, 67, 31, 19, 43, 22, 21, 52, 63, 60, 50,  3, 70, 55, 29, 35, 24, 53, 64, 39, 56, 40, 57, 45,  1, 26,  5, 47, 32, 61, 15, 17,  4, 62, 49,  7, 28, 14, 34, 65,  6, 41], 2077.62927747, 2157.9261628 , 0., 0.00000000e+00, 0.        ,  0.        , 13, 38, 32. )
 (39, [10, 11, 12, 12, 10, 17, 24, 28, 61, 48, 18, 44, 58, 60, 33, 15, 13, 36,  6, 62, 52, 50, 20,  4, 32, 39, 41, 23, 54, 57, 68, 72, 21, 40, 12, 17, 59,  8, 29, 34,  3, 11, 47, 19, 26, 55, 53, 16, 31,  2, 49, 38,  9,  1, 46, 14, 37, 42, 43, 71,  7, 22, 56, 27, 10,  5, 70, 30, 69, 51, 67, 64, 25, 63, 45, 65, 66, 35], 2077.62927747, 2157.9261628 , 0., 0.00000000e+00, 0.        ,  0.        , 14, 37, 32.5)
 (40, [11, 11, 13, 13, 12, 12, 60, 50, 41, 19, 57, 54, 20, 46, 21, 65, 31,  3, 47, 13, 72, 24, 33, 69, 49, 27,  5, 61, 16, 64, 43, 55, 11, 70,  7, 62, 67, 32, 63,  9, 22, 44, 36, 40, 34, 26, 14, 12, 51, 48, 56, 58, 42,  8, 52,  4, 37, 17, 71,  2, 15, 68, 10, 29, 28, 53, 35, 23, 45, 39,  1, 59, 30, 66, 18,  6, 25, 38], 2077.62927747, 2157.9261628 , 0., 0.00000000e+00, 0.        ,  0.        , 15, 36, 33. )
 (41, [12, 11, 17, 10, 11, 11, 36, 65, 60,  1, 67, 62, 66, 38, 54, 71, 72, 15, 69, 23,  7, 47, 41, 27, 59, 37, 26, 11, 25,  8, 58, 46, 35, 33, 32, 70, 16, 14, 63, 43, 56, 34, 44, 45,  5, 19, 18, 24, 48,  6, 10,  9, 28, 64, 21, 51, 68, 12, 39, 50, 61, 13,  3, 52, 42, 30, 40, 53,  4,  2, 17, 31, 57, 49, 55, 29, 20, 22], 2077.62927747, 2157.9261628 , 0., 0.00000000e+00, 0.        ,  0.        , 16, 35, 33.5)
 (42, [11, 13, 10, 12, 11, 15, 50, 39, 38,  4, 32, 18, 14, 43,  6, 21, 69, 55, 68, 61,  1, 23, 28, 36, 70, 22, 20, 37, 33, 60, 47, 12, 56, 64,  7, 58, 46, 15,  2, 31, 67, 17,  8, 27,  5, 16, 66, 30, 54, 42, 19, 48,  3,  9, 34, 49, 45, 65, 62, 52, 25, 71, 59, 41, 13, 40, 10, 26, 51, 29, 11, 72, 24, 57, 63, 53, 35, 44], 2077.62927747, 2157.9261628 , 0., 0.00000000e+00, 0.        ,  0.        , 17, 34, 34. )
 (43, [10,  9, 10, 21, 12, 10, 51, 31, 23, 44, 47,  8, 45, 63, 46, 67, 30, 27, 43, 20, 48, 22, 16, 15,  5, 54, 25, 33, 72, 14, 18, 65, 38, 10, 50,  2, 41, 66, 34, 19, 28, 60, 64, 59, 49, 40, 36, 37, 42,  7, 57, 39, 53, 11, 29, 13, 35,  4,  3, 52,  1, 56, 58, 12, 55, 32, 61,  9, 70, 17, 24, 71, 68,  6, 21, 69, 62, 26], 2077.62927747, 2157.9261628 , 0., 0.00000000e+00, 0.        ,  0.        , 18, 33, 34.5)
 (44, [15, 11, 11, 12, 13, 10, 71, 27, 61, 17,  8, 70, 39, 40,  1, 18, 56, 67, 51, 22, 42, 30, 15, 38, 20, 53, 12, 59, 24, 60, 68, 57,  3, 44, 13, 54, 49, 66, 14, 43, 41, 52, 48,  5, 16, 50, 72, 23, 47, 31, 58, 45, 65, 35, 26,  9, 10,  2, 34, 32, 62, 33, 28, 25,  4, 64, 37,  7, 11, 69, 29, 19, 55,  6, 63, 21, 46, 36], 2077.62927747, 2157.9261628 , 0., 0.00000000e+00, 0.        ,  0.        , 19, 32, 35. )
 (46, [12, 10, 14, 12, 12, 12, 68, 69, 46, 41, 20, 18,  4, 67, 47, 17, 16, 56, 71,  5, 53, 62, 37, 33, 42, 48, 58, 40, 14, 45, 21, 27, 55,  9, 13,  2, 52, 10, 51, 44, 11, 34, 43, 12,  1, 54, 61, 63, 30, 39,  6, 36, 57, 64, 22,  8, 38, 23,  3, 60, 72, 70, 49, 65, 31, 28, 59, 24,  7, 29, 19, 32, 15, 35, 26, 66, 50, 25], 2077.62927747, 2157.9261628 , 0., 0.00000000e+00, 0.        ,  0.        , 20, 31, 35.5)
 (47, [11, 17, 10, 12, 10, 12, 54, 56, 53, 27,  6, 34,  1, 16, 66, 49, 61, 26,  2, 10, 15, 68, 36, 42, 25, 12, 14, 57, 18,  8, 48,  9, 55, 43, 29, 62, 20, 40,  3,  7, 70,  4, 58, 67, 51, 64, 60, 47, 30, 50, 19, 69, 46, 35, 28, 11, 33, 72, 38, 41, 71, 23, 21, 65, 45, 17, 31, 32,  5, 59, 63, 22, 52, 37, 39, 24, 13, 44], 2077.62927747, 2157.9261628 , 0., 0.00000000e+00, 0.        ,  0.        , 21, 30, 36. )
 (11, [ 8, 10, 14, 11, 16, 13, 67, 66, 42, 60, 30, 31, 20, 18, 49,  7, 43, 68, 12, 17,  1, 23, 26, 50, 69,  4, 21, 61, 37, 58,  9,  8, 54, 56, 16, 34, 22, 44, 29, 45, 62, 32, 25, 40, 52,  5, 57, 24, 13, 59, 51, 64, 47, 41, 46, 53, 55, 48, 14,  2, 33,  6, 11, 19, 70, 35, 38, 39, 28, 63, 72, 15,  3, 36, 27, 10, 65, 71], 2077.62927747, 2157.9261628 , 0., 0.00000000e+00, 0.        ,  0.        , 15, 36, 33. )
 (48, [10, 12, 12, 13, 14, 11, 35, 69, 14, 63, 22,  4,  7, 68, 16, 67, 32, 60, 28, 42,  3, 71, 58, 50, 33, 53, 49, 13,  2, 70, 39, 48, 44, 21, 65, 57, 26, 64, 25, 72, 52, 45, 17,  8,  5, 36, 46,  9, 23, 51, 29, 20, 19, 18, 47, 11, 54, 37, 34, 41, 59, 40,  1, 55, 56, 10,  6, 38, 27, 62, 24, 61, 43, 31, 12, 66, 30, 15], 2077.62927747, 2157.9261628 , 0., 0.00000000e+00, 0.        ,  0.        , 23, 28, 37. )
 (11, [ 8, 10, 14, 11, 16, 13, 67, 66, 42, 60, 30, 31, 20, 18, 49,  7, 43, 68, 12, 17,  1, 23, 26, 50, 69,  4, 21, 61, 37, 58,  9,  8, 54, 56, 16, 34, 22, 44, 29, 45, 62, 32, 25, 40, 52,  5, 57, 24, 13, 59, 51, 64, 47, 41, 46, 53, 55, 48, 14,  2, 33,  6, 11, 19, 70, 35, 38, 39, 28, 63, 72, 15,  3, 36, 27, 10, 65, 71], 2077.62927747, 2157.9261628 , 0., 0.00000000e+00, 0.        ,  0.        , 14, 37, 32.5)
 (11, [ 8, 10, 14, 11, 16, 13, 67, 66, 42, 60, 30, 31, 20, 18, 49,  7, 43, 68, 12, 17,  1, 23, 26, 50, 69,  4, 21, 61, 37, 58,  9,  8, 54, 56, 16, 34, 22, 44, 29, 45, 62, 32, 25, 40, 52,  5, 57, 24, 13, 59, 51, 64, 47, 41, 46, 53, 55, 48, 14,  2, 33,  6, 11, 19, 70, 35, 38, 39, 28, 63, 72, 15,  3, 36, 27, 10, 65, 71], 2077.62927747, 2157.9261628 , 0., 0.00000000e+00, 0.        ,  0.        , 12, 39, 31.5)
 (11, [ 8, 10, 14, 11, 16, 13, 67, 66, 42, 60, 30, 31, 20, 18, 49,  7, 43, 68, 12, 17,  1, 23, 26, 50, 69,  4, 21, 61, 37, 58,  9,  8, 54, 56, 16, 34, 22, 44, 29, 45, 62, 32, 25, 40, 52,  5, 57, 24, 13, 59, 51, 64, 47, 41, 46, 53, 55, 48, 14,  2, 33,  6, 11, 19, 70, 35, 38, 39, 28, 63, 72, 15,  3, 36, 27, 10, 65, 71], 2077.62927747, 2157.9261628 , 0., 0.00000000e+00, 0.        ,  0.        , 13, 38, 32. )
 (11, [ 8, 10, 14, 11, 16, 13, 67, 66, 42, 60, 30, 31, 20, 18, 49,  7, 43, 68, 12, 17,  1, 23, 26, 50, 69,  4, 21, 61, 37, 58,  9,  8, 54, 56, 16, 34, 22, 44, 29, 45, 62, 32, 25, 40, 52,  5, 57, 24, 13, 59, 51, 64, 47, 41, 46, 53, 55, 48, 14,  2, 33,  6, 11, 19, 70, 35, 38, 39, 28, 63, 72, 15,  3, 36, 27, 10, 65, 71], 2077.62927747, 2157.9261628 , 0., 0.00000000e+00, 0.        ,  0.        ,  1, 50, 26. )
 (11, [ 8, 10, 14, 11, 16, 13, 67, 66, 42, 60, 30, 31, 20, 18, 49,  7, 43, 68, 12, 17,  1, 23, 26, 50, 69,  4, 21, 61, 37, 58,  9,  8, 54, 56, 16, 34, 22, 44, 29, 45, 62, 32, 25, 40, 52,  5, 57, 24, 13, 59, 51, 64, 47, 41, 46, 53, 55, 48, 14,  2, 33,  6, 11, 19, 70, 35, 38, 39, 28, 63, 72, 15,  3, 36, 27, 10, 65, 71], 2077.62927747, 2157.9261628 , 0., 0.00000000e+00, 0.        ,  0.        ,  2, 49, 26.5)
 (11, [ 8, 10, 14, 11, 16, 13, 67, 66, 42, 60, 30, 31, 20, 18, 49,  7, 43, 68, 12, 17,  1, 23, 26, 50, 69,  4, 21, 61, 37, 58,  9,  8, 54, 56, 16, 34, 22, 44, 29, 45, 62, 32, 25, 40, 52,  5, 57, 24, 13, 59, 51, 64, 47, 41, 46, 53, 55, 48, 14,  2, 33,  6, 11, 19, 70, 35, 38, 39, 28, 63, 72, 15,  3, 36, 27, 10, 65, 71], 2077.62927747, 2157.9261628 , 0., 0.00000000e+00, 0.        ,  0.        ,  3, 48, 27. )
 (11, [ 8, 10, 14, 11, 16, 13, 67, 66, 42, 60, 30, 31, 20, 18, 49,  7, 43, 68, 12, 17,  1, 23, 26, 50, 69,  4, 21, 61, 37, 58,  9,  8, 54, 56, 16, 34, 22, 44, 29, 45, 62, 32, 25, 40, 52,  5, 57, 24, 13, 59, 51, 64, 47, 41, 46, 53, 55, 48, 14,  2, 33,  6, 11, 19, 70, 35, 38, 39, 28, 63, 72, 15,  3, 36, 27, 10, 65, 71], 2077.62927747, 2157.9261628 , 0., 0.00000000e+00, 0.        ,  0.        ,  4, 47, 27.5)
 (11, [ 8, 10, 14, 11, 16, 13, 67, 66, 42, 60, 30, 31, 20, 18, 49,  7, 43, 68, 12, 17,  1, 23, 26, 50, 69,  4, 21, 61, 37, 58,  9,  8, 54, 56, 16, 34, 22, 44, 29, 45, 62, 32, 25, 40, 52,  5, 57, 24, 13, 59, 51, 64, 47, 41, 46, 53, 55, 48, 14,  2, 33,  6, 11, 19, 70, 35, 38, 39, 28, 63, 72, 15,  3, 36, 27, 10, 65, 71], 2077.62927747, 2157.9261628 , 0., 0.00000000e+00, 0.        ,  0.        ,  5, 46, 28. )
 (11, [ 8, 10, 14, 11, 16, 13, 67, 66, 42, 60, 30, 31, 20, 18, 49,  7, 43, 68, 12, 17,  1, 23, 26, 50, 69,  4, 21, 61, 37, 58,  9,  8, 54, 56, 16, 34, 22, 44, 29, 45, 62, 32, 25, 40, 52,  5, 57, 24, 13, 59, 51, 64, 47, 41, 46, 53, 55, 48, 14,  2, 33,  6, 11, 19, 70, 35, 38, 39, 28, 63, 72, 15,  3, 36, 27, 10, 65, 71], 2077.62927747, 2157.9261628 , 0., 0.00000000e+00, 0.        ,  0.        ,  2, 49, 26.5)
 (11, [ 8, 10, 14, 11, 16, 13, 67, 66, 42, 60, 30, 31, 20, 18, 49,  7, 43, 68, 12, 17,  1, 23, 26, 50, 69,  4, 21, 61, 37, 58,  9,  8, 54, 56, 16, 34, 22, 44, 29, 45, 62, 32, 25, 40, 52,  5, 57, 24, 13, 59, 51, 64, 47, 41, 46, 53, 55, 48, 14,  2, 33,  6, 11, 19, 70, 35, 38, 39, 28, 63, 72, 15,  3, 36, 27, 10, 65, 71], 2077.62927747, 2157.9261628 , 0., 0.00000000e+00, 0.        ,  0.        ,  7, 44, 29. )
 (11, [ 8, 10, 14, 11, 16, 13, 67, 66, 42, 60, 30, 31, 20, 18, 49,  7, 43, 68, 12, 17,  1, 23, 26, 50, 69,  4, 21, 61, 37, 58,  9,  8, 54, 56, 16, 34, 22, 44, 29, 45, 62, 32, 25, 40, 52,  5, 57, 24, 13, 59, 51, 64, 47, 41, 46, 53, 55, 48, 14,  2, 33,  6, 11, 19, 70, 35, 38, 39, 28, 63, 72, 15,  3, 36, 27, 10, 65, 71], 2077.62927747, 2157.9261628 , 0., 0.00000000e+00, 0.        ,  0.        ,  6, 45, 28.5)
 (11, [ 8, 10, 14, 11, 16, 13, 67, 66, 42, 60, 30, 31, 20, 18, 49,  7, 43, 68, 12, 17,  1, 23, 26, 50, 69,  4, 21, 61, 37, 58,  9,  8, 54, 56, 16, 34, 22, 44, 29, 45, 62, 32, 25, 40, 52,  5, 57, 24, 13, 59, 51, 64, 47, 41, 46, 53, 55, 48, 14,  2, 33,  6, 11, 19, 70, 35, 38, 39, 28, 63, 72, 15,  3, 36, 27, 10, 65, 71], 2077.62927747, 2157.9261628 , 0., 0.00000000e+00, 0.        ,  0.        , 11, 40, 31. )
 (49, [11, 19, 11, 11, 11,  9, 64, 41,  5, 49, 16, 26,  9, 21, 10, 35, 61, 71, 56, 36, 37, 42, 59, 14, 17, 24, 53, 25, 44, 51, 27, 70,  6, 50, 67, 23, 46,  3, 20, 33, 31, 32, 30, 68,  2,  1, 29, 55, 72, 40, 43, 60, 65, 66, 34, 58, 39, 69, 15, 13, 62, 48,  4, 12, 18, 19, 52, 57, 45, 38, 11,  8, 28, 63, 47, 22, 54,  7], 2077.62927747, 2157.9261628 , 0., 0.00000000e+00, 0.        ,  0.        , 24, 27, 37.5)
 (11, [ 8, 10, 14, 11, 16, 13, 67, 66, 42, 60, 30, 31, 20, 18, 49,  7, 43, 68, 12, 17,  1, 23, 26, 50, 69,  4, 21, 61, 37, 58,  9,  8, 54, 56, 16, 34, 22, 44, 29, 45, 62, 32, 25, 40, 52,  5, 57, 24, 13, 59, 51, 64, 47, 41, 46, 53, 55, 48, 14,  2, 33,  6, 11, 19, 70, 35, 38, 39, 28, 63, 72, 15,  3, 36, 27, 10, 65, 71], 2077.62927747, 2157.9261628 , 0., 0.00000000e+00, 0.        ,  0.        ,  9, 42, 30. )
 (11, [ 8, 10, 14, 11, 16, 13, 67, 66, 42, 60, 30, 31, 20, 18, 49,  7, 43, 68, 12, 17,  1, 23, 26, 50, 69,  4, 21, 61, 37, 58,  9,  8, 54, 56, 16, 34, 22, 44, 29, 45, 62, 32, 25, 40, 52,  5, 57, 24, 13, 59, 51, 64, 47, 41, 46, 53, 55, 48, 14,  2, 33,  6, 11, 19, 70, 35, 38, 39, 28, 63, 72, 15,  3, 36, 27, 10, 65, 71], 2077.62927747, 2157.9261628 , 0., 0.00000000e+00, 0.        ,  0.        ,  8, 43, 29.5)
 (11, [ 8, 10, 14, 11, 16, 13, 67, 66, 42, 60, 30, 31, 20, 18, 49,  7, 43, 68, 12, 17,  1, 23, 26, 50, 69,  4, 21, 61, 37, 58,  9,  8, 54, 56, 16, 34, 22, 44, 29, 45, 62, 32, 25, 40, 52,  5, 57, 24, 13, 59, 51, 64, 47, 41, 46, 53, 55, 48, 14,  2, 33,  6, 11, 19, 70, 35, 38, 39, 28, 63, 72, 15,  3, 36, 27, 10, 65, 71], 2077.62927747, 2157.9261628 , 0., 0.00000000e+00, 0.        ,  0.        , 10, 41, 30.5)
 (11, [ 8, 10, 14, 11, 16, 13, 67, 66, 42, 60, 30, 31, 20, 18, 49,  7, 43, 68, 12, 17,  1, 23, 26, 50, 69,  4, 21, 61, 37, 58,  9,  8, 54, 56, 16, 34, 22, 44, 29, 45, 62, 32, 25, 40, 52,  5, 57, 24, 13, 59, 51, 64, 47, 41, 46, 53, 55, 48, 14,  2, 33,  6, 35, 11, 19, 70, 38, 39, 28, 63, 72, 15,  3, 36, 27, 10, 65, 71], 2260.07675896, 2340.37364429, 0., 0.00000000e+00, 0.        ,  3.        , 41,  9, 45.5)
 (11, [ 8, 10, 14, 11, 16, 13, 67, 66, 42, 60, 31, 20, 30, 63, 49,  7, 43, 68, 12, 17,  1, 23, 26, 50, 69,  4, 21, 61, 37, 58,  9,  8, 54, 56, 16, 34, 22, 44, 52, 29, 45, 62, 32, 25, 40,  5, 57, 24, 13, 59, 51, 64, 47, 41, 46, 53, 55, 48, 14,  2, 33,  6, 11, 19, 70, 35, 38, 39, 28, 72, 15,  3, 36, 27, 18, 10, 65, 71], 2262.98618881, 2315.02449821, 0., 0.00000000e+00, 0.        ,  4.        , 43,  7, 46.5)
 (11, [ 8, 10, 14, 11, 16, 13, 67, 66, 42, 60, 30, 31, 20, 18, 49,  7, 43, 68, 12, 17, 11, 23, 26, 50, 69,  4, 21, 61, 37, 58,  9,  8, 54, 56, 16, 34, 22, 44, 29, 45, 62, 32, 25, 40, 52,  5, 57, 24, 13, 59, 51, 64, 47, 41, 46, 53, 55, 48, 14,  2, 33,  6,  1, 19, 70, 35, 38, 39, 28, 63, 72, 15,  3, 36, 27, 10, 65, 71], 2394.33376945, 2533.21360596, 0., 0.00000000e+00, 0.        ,  4.        , 42,  8, 46. )
 (11, [ 9,  9, 14, 10, 17, 13, 67, 66, 42, 60, 30, 31, 20, 18, 49,  7, 43, 68, 12, 17,  1, 37, 26, 50, 69,  4, 21, 61, 23, 58,  9,  8, 54, 56, 16, 34, 22, 44, 29, 45, 62, 32, 25, 40, 52,  5, 57, 24, 13, 59, 51, 64, 47, 41, 46, 53, 55, 48, 14,  2, 33,  6, 11, 19, 70, 35, 38, 39, 28, 63, 72, 15,  3, 36, 27, 10, 65, 71], 2470.00474562, 2591.13681897, 0., 4.93268353e-02, 0.        ,  8.        , 44,  6, 47. )
 (45, [14, 12, 12, 10, 12, 12, 46,  7, 55, 20, 71, 30, 68, 41, 12, 21,  4, 45, 11, 17, 38, 62, 44,  5, 29, 19,  1, 47, 43, 37, 65, 24, 33, 48, 39,  2, 13, 23,  3, 64, 58, 10, 28,  6, 36, 26, 32, 59, 51, 50, 16, 61, 70, 31, 42, 18, 25, 49, 34, 53,  9, 40, 52, 72, 22, 14, 15, 56, 66, 63, 69, 57, 67, 35, 60, 54, 27,  8], 2533.70383282, 2734.59890842, 0., 0.00000000e+00, 0.        , 10.        , 45,  5, 47.5)
 (45, [14, 12, 12, 10, 12, 12, 46,  7, 55, 20, 71, 30, 68, 41, 12, 21,  4, 45, 11, 17, 38, 62, 44,  5, 29, 19,  1, 47, 43, 37, 65, 24, 33, 48, 39,  2, 13, 23,  3, 64, 58, 10, 28,  6, 36, 26, 32, 59, 51, 50, 16, 61, 70, 31, 42, 18, 25, 49, 34, 53,  9, 40, 52, 72, 22, 14, 15, 56, 66, 63, 69, 57, 67, 35, 60, 54, 27,  8], 2533.70383282, 2734.59890842, 0., 0.00000000e+00, 0.        , 10.        , 45,  5, 47.5)
 (11, [ 8,  8, 15, 12, 15, 14, 67, 66, 42, 60, 30, 31, 20, 18, 49,  7, 37, 61, 21,  4, 69, 50, 26, 23,  1, 17, 12, 68, 43, 58,  9,  8, 54, 56, 16, 34, 22, 44, 29, 45, 62, 32, 25, 40, 52,  5, 57, 24, 13, 59, 51, 64, 47, 41, 46, 53, 55, 48, 14,  2, 33,  6, 11, 19, 70, 35, 38, 39, 28, 63, 72, 15,  3, 36, 27, 10, 65, 71], 2764.87228558, 2725.82113546, 0., 5.20416509e+01, 7.63236687, 20.        , 47,  4, 49. )
 (11, [ 8, 10, 14, 11, 16, 13, 67, 66, 42, 60, 30, 31, 20, 18, 49,  7, 43, 68, 12, 17,  1, 23, 26, 50, 69,  4, 21, 61, 37, 58,  9,  8, 54, 56, 16, 34, 22, 44, 29, 45, 62, 32, 25, 40, 52,  5, 57, 24, 13, 59, 27, 36,  3, 15, 72, 63, 28, 39, 38, 35, 70, 19, 11,  6, 33,  2, 14, 48, 55, 53, 46, 41, 47, 64, 51, 10, 65, 71], 2904.86137658, 3225.97351244, 0., 2.59501286e+01, 0.        , 26.        , 48,  2, 49. )
 (11, [ 6, 10, 15, 11, 17, 13, 67, 66, 42, 60, 30, 31, 20, 18, 49,  7, 43, 68, 12, 17,  1, 22, 34, 16, 56, 54,  8,  9, 58, 37, 61, 21,  4, 69, 50, 26, 23, 44, 29, 45, 62, 32, 25, 40, 52,  5, 57, 24, 13, 59, 51, 64, 47, 41, 46, 53, 55, 48, 14,  2, 33,  6, 11, 19, 70, 35, 38, 39, 28, 63, 72, 15,  3, 36, 27, 10, 65, 71], 2945.53604421, 3126.57696349, 0., 2.48466672e+01, 0.        , 20.33333333, 49,  3, 50.5)
 (11, [ 9, 10, 14, 10, 16, 13, 67, 66, 42, 60, 30, 31, 20, 18, 49,  7, 43, 68, 12, 13, 24, 57,  5, 52, 40, 25, 32, 62, 45, 29, 44, 22, 34, 16, 56, 54,  8,  9, 58, 37, 61, 21,  4, 69, 50, 26, 23,  1, 17, 59, 51, 64, 47, 41, 46, 53, 55, 48, 14,  2, 33,  6, 11, 19, 70, 35, 38, 39, 28, 63, 72, 15,  3, 36, 27, 10, 65, 71], 3137.98548918, 3033.90218746, 0., 5.20416509e+01, 0.        , 29.33333333, 50,  1, 50.5)]