
Total Runtime in seconds: 163.77800512313843Parameters:
population_size: 100, max_generations: 1000, executed generations: 1000, threshold_no_improvement: 500
target feasible proportion: 25
fitness_scaling: power_rank, selection_method: n_tournaments
p_c: 0.8, p_m: 0.4
tournament_size: 2, n_elite: 12
survivor_selection_step: 200, p_selection_survival: 0.7
kill clone step: 100
diversify_step: 300, diversify_step: 300, p_diversify_survival: 0.3
n_closest_neighbors: 3, diversity_weight: 0.5, distance_method: broken_pairs_distance
capacity_penalty_factor: 2, duration_penalty_factor 2, time_window_penalty: 2
Best fitness all generations, best individual before/after local search: 1325.347509595138, 1335.966094155518 / 1335.966094155518
Best individual found before local search: (38, [10, 12, 15, 11,  9, 42, 48,  3, 11, 35,  7,  4, 19, 37, 34, 46, 24, 12, 21, 43, 32, 10, 45,  6, 27, 22, 28, 14,  1, 41, 44, 31, 36, 26, 16, 33, 20, 13,  8, 29,  5,  2, 15, 25, 23, 18, 17, 40, 39, 30, 47, 38], 1335.96609416, 1335.96609416, 0., 0., 0., 0., 0, 0, 0.)
Best individual found after local search: (38, [10, 12, 15, 11,  9, 42, 48,  3, 11, 35,  7,  4, 19, 37, 34, 46, 24, 12, 21, 43, 32, 10, 45,  6, 27, 22, 28, 14,  1, 41, 44, 31, 36, 26, 16, 33, 20, 13,  8, 29,  5,  2, 15, 25, 23, 18, 17, 40, 39, 30, 47, 38], 1335.96609416, 1335.96609416, 0., 0., 0., 0., 0, 0, 0.)
Best feasible individual found: (38, [10, 12, 15, 11,  9, 42, 48,  3, 11, 35,  7,  4, 19, 37, 34, 46, 24, 12, 21, 43, 32, 10, 45,  6, 27, 22, 28, 14,  1, 41, 44, 31, 36, 26, 16, 33, 20, 13,  8, 29,  5,  2, 15, 25, 23, 18, 17, 40, 39, 30, 47, 38], 1335.96609416, 1335.96609416, 0., 0., 0., 0., 0, 0, 0.)

Fitness stats min: [3408.15907701 3423.05168185 3423.05168185 3381.75585964 3317.56650473
 3268.34845482 3250.81836001 3180.07450341 3170.7917677  3151.75241484
 3200.52721491 3045.46219296 2868.96648467 2868.96648467 2868.96648467
 2868.96648467 2868.96648467 2868.96648467 2812.41490566 2812.41490566
 2710.30790563 2695.09712532 2658.34869196 2658.34869196 2658.34869196
 2658.34869196 2658.34869196 2625.48934624 2625.48934624 2625.48934624
 2625.48934624 2523.0425745  2523.0425745  2523.0425745  2478.47436311
 2478.47436311 2478.47436311 2478.47436311 2436.10319459 2408.89820648
 2408.89820648 2408.89820648 2365.4596864  2365.4596864  2321.92220227
 2286.20320635 2286.20320635 2286.20320635 2286.20320635 2286.20320635
 2286.20320635 2286.20320635 2285.86274165 2210.54337907 2210.54337907
 2248.09259365 2239.12068529 2225.76938394 2155.17319442 2155.17319442
 2155.17319442 2127.2746695  2134.09633646 2107.1887047  2107.1887047
 2107.1887047  2107.1887047  2107.1887047  2087.45407376 2087.45407376
 2062.4766164  2062.4766164  2040.17046207 2040.17046207 2040.17046207
 2024.68218683 2024.68218683 2024.68218683 2021.64440971 2008.72556653
 2008.72556653 1973.387648   1998.87244683 1985.24886206 1985.24886206
 1985.24886206 1985.24886206 1943.46551468 1943.46551468 1943.46551468
 1942.48075259 1943.46551468 1943.46551468 1943.46551468 1913.56224921
 1913.56224921 1896.16599772 1896.16599772 1875.85788421 1863.58263325
 1852.38117974 1828.2586871  1828.2586871  1828.2586871  1819.79781528
 1815.2753974  1815.2753974  1784.47386912 1784.47386912 1772.34825953
 1772.34825953 1772.34825953 1772.34825953 1772.34825953 1772.34825953
 1746.97674626 1746.97674626 1742.57799497 1742.57799497 1742.57799497
 1742.57799497 1742.57799497 1742.57799497 1729.61984182 1725.22109053
 1725.22109053 1706.73916082 1706.73916082 1706.73916082 1689.38225638
 1689.38225638 1689.38225638 1686.30595268 1685.57514529 1685.27033649
 1685.27033649 1653.85157966 1583.87442945 1576.80805732 1565.49666899
 1565.49666899 1565.49666899 1565.49666899 1557.26902935 1557.26902935
 1557.26902935 1553.15710946 1553.15710946 1553.15710946 1552.81705173
 1543.33036425 1525.3627327  1525.3627327  1525.3627327  1525.3627327
 1525.3627327  1511.4240676  1511.4240676  1511.4240676  1498.23105077
 1498.23105077 1498.23105077 1498.23105077 1498.23105077 1495.38064935
 1490.23395347 1490.23395347 1490.23395347 1490.23395347 1486.48702777
 1486.48702777 1480.65745658 1480.65745658 1474.97622449 1474.97622449
 1474.97622449 1474.97622449 1474.97622449 1474.75021442 1474.75021442
 1462.666172   1462.666172   1462.666172   1456.98493991 1456.98493991
 1456.98493991 1456.98493991 1456.98493991 1456.98493991 1456.98493991
 1456.98493991 1456.98493991 1456.98493991 1456.98493991 1456.98493991
 1456.98493991 1456.98493991 1456.98493991 1456.98493991 1456.98493991
 1456.98493991 1456.98493991 1456.98493991 1456.98493991 1456.98493991
 1456.98493991 1456.98493991 1456.98493991 1456.38625445 1456.38625445
 1456.38625445 1456.38625445 1456.38625445 1454.06595193 1454.06595193
 1454.06595193 1453.46726647 1453.46726647 1453.46726647 1453.46726647
 1453.46726647 1453.46726647 1453.35509656 1453.35509656 1453.35509656
 1453.35509656 1436.1491828  1436.1491828  1439.39751363 1453.35509656
 1453.35509656 1453.35509656 1453.35509656 1453.35509656 1453.35509656
 1453.35509656 1447.82723382 1442.14600173 1442.14600173 1442.14600173
 1442.14600173 1442.14600173 1442.14600173 1440.48673874 1440.48673874
 1440.48673874 1440.48673874 1440.48673874 1440.48673874 1440.48673874
 1440.48673874 1440.48673874 1440.48673874 1440.48673874 1440.48673874
 1440.48673874 1440.48673874 1440.48673874 1440.48673874 1440.48673874
 1440.48673874 1437.09964866 1437.09964866 1437.09964866 1437.09964866
 1437.01726078 1437.01726078 1437.01726078 1437.01726078 1437.01726078
 1437.01726078 1436.1807932  1436.1807932  1436.1807932  1426.11324162
 1420.43200953 1420.43200953 1420.43200953 1420.43200953 1420.37285321
 1419.51315407 1411.19183542 1411.19183542 1411.19183542 1411.19183542
 1410.27297996 1410.27297996 1407.98949442 1407.98949442 1407.98949442
 1407.98949442 1400.92110429 1400.92110429 1391.74008649 1391.74008649
 1391.74008649 1391.74008649 1391.74008649 1391.74008649 1391.74008649
 1391.74008649 1391.74008649 1391.74008649 1391.74008649 1391.74008649
 1391.74008649 1391.74008649 1391.74008649 1391.74008649 1391.74008649
 1391.74008649 1391.74008649 1391.74008649 1391.74008649 1391.74008649
 1391.74008649 1390.31869285 1402.88026087 1402.88026087 1402.13927106
 1402.13927106 1401.05638977 1402.13927106 1402.13927106 1389.17185065
 1390.10868965 1386.0823374  1386.0823374  1386.0823374  1386.0823374
 1386.0823374  1386.0823374  1386.0823374  1386.0823374  1386.0823374
 1386.0823374  1386.0823374  1386.0823374  1386.0823374  1386.0823374
 1382.46568829 1386.49204055 1386.49204055 1386.49204055 1386.49204055
 1386.49204055 1386.49204055 1386.49204055 1386.49204055 1386.49204055
 1386.49204055 1386.49204055 1386.49204055 1386.49204055 1386.49204055
 1386.49204055 1386.49204055 1386.49204055 1386.49204055 1386.49204055
 1386.49204055 1386.49204055 1386.49204055 1386.49204055 1386.49204055
 1386.49204055 1386.49204055 1386.49204055 1362.33288445 1362.33288445
 1362.33288445 1362.33288445 1362.33288445 1362.33288445 1362.33288445
 1362.33288445 1362.33288445 1362.33288445 1362.33288445 1362.33288445
 1362.33288445 1362.33288445 1362.33288445 1362.33288445 1362.33288445
 1362.33288445 1362.33288445 1362.33288445 1362.33288445 1362.33288445
 1362.33288445 1362.33288445 1359.38941348 1359.38941348 1359.38941348
 1359.38941348 1359.38941348 1358.3065322  1358.3065322  1359.38941348
 1358.3065322  1358.3065322  1358.3065322  1358.3065322  1358.3065322
 1358.3065322  1358.3065322  1358.3065322  1358.3065322  1355.1396368
 1358.3065322  1358.3065322  1358.3065322  1358.22414432 1358.22414432
 1358.3065322  1358.3065322  1349.56716003 1358.3065322  1358.3065322
 1358.3065322  1358.3065322  1358.3065322  1358.3065322  1358.3065322
 1358.3065322  1358.3065322  1358.3065322  1349.56716003 1349.56716003
 1358.3065322  1358.3065322  1358.3065322  1358.3065322  1358.3065322
 1358.3065322  1358.3065322  1358.3065322  1358.3065322  1358.3065322
 1358.3065322  1358.3065322  1358.3065322  1358.3065322  1358.3065322
 1358.3065322  1358.3065322  1358.3065322  1358.3065322  1358.3065322
 1358.3065322  1358.3065322  1358.3065322  1355.1396368  1355.1396368
 1355.1396368  1349.56716003 1346.40026463 1346.40026463 1346.40026463
 1346.40026463 1346.40026463 1346.40026463 1346.40026463 1355.1396368
 1355.1396368  1355.1396368  1355.1396368  1355.1396368  1355.1396368
 1355.1396368  1355.1396368  1355.1396368  1355.1396368  1355.1396368
 1355.1396368  1355.1396368  1355.1396368  1355.1396368  1355.1396368
 1355.1396368  1355.1396368  1355.1396368  1355.1396368  1355.1396368
 1355.1396368  1355.1396368  1355.1396368  1355.1396368  1355.1396368
 1355.1396368  1355.1396368  1347.48314592 1355.1396368  1355.1396368
 1355.1396368  1355.1396368  1355.1396368  1355.1396368  1355.1396368
 1347.48314592 1353.91680155 1355.1396368  1355.1396368  1355.1396368
 1355.1396368  1357.9431538  1357.9431538  1357.9431538  1357.9431538
 1357.9431538  1357.9431538  1357.9431538  1357.9431538  1357.9431538
 1357.9431538  1357.9431538  1357.9431538  1357.9431538  1357.9431538
 1357.9431538  1357.9431538  1357.9431538  1357.9431538  1353.4775996
 1353.4775996  1353.4775996  1353.4775996  1353.4775996  1353.4775996
 1353.4775996  1353.4775996  1353.4775996  1353.4775996  1353.4775996
 1353.4775996  1353.4775996  1353.4775996  1353.4775996  1353.4775996
 1353.4775996  1353.4775996  1353.4775996  1353.4775996  1353.4775996
 1353.4775996  1353.4775996  1353.4775996  1353.4775996  1353.4775996
 1353.4775996  1353.4775996  1353.4775996  1353.4775996  1353.4775996
 1353.4775996  1353.4775996  1353.4775996  1353.4775996  1353.4775996
 1353.4775996  1353.4775996  1353.4775996  1353.4775996  1353.4775996
 1353.4775996  1353.4775996  1353.4775996  1353.4775996  1353.4775996
 1353.4775996  1353.4775996  1353.4775996  1353.4775996  1353.4775996
 1353.4775996  1353.4775996  1353.4775996  1353.4775996  1353.4775996
 1353.4775996  1353.4775996  1353.4775996  1353.4775996  1353.4775996
 1353.4775996  1353.4775996  1353.4775996  1353.4775996  1353.4775996
 1353.4775996  1353.4775996  1353.4775996  1353.4775996  1342.85901504
 1342.85901504 1342.85901504 1353.4775996  1353.4775996  1353.4775996
 1350.77030845 1350.77030845 1350.77030845 1350.77030845 1350.77030845
 1350.77030845 1350.77030845 1350.77030845 1350.77030845 1350.77030845
 1350.77030845 1350.77030845 1350.77030845 1350.77030845 1350.77030845
 1350.77030845 1350.77030845 1350.77030845 1350.77030845 1350.77030845
 1350.77030845 1350.77030845 1350.77030845 1350.77030845 1350.77030845
 1350.77030845 1350.77030845 1340.15172389 1340.15172389 1340.15172389
 1340.15172389 1340.15172389 1340.15172389 1340.15172389 1340.15172389
 1340.15172389 1350.77030845 1350.77030845 1350.77030845 1350.77030845
 1350.77030845 1350.77030845 1350.77030845 1350.77030845 1350.77030845
 1350.77030845 1350.77030845 1350.77030845 1350.77030845 1350.77030845
 1350.77030845 1350.77030845 1350.77030845 1350.77030845 1350.77030845
 1350.77030845 1350.77030845 1350.77030845 1350.77030845 1350.77030845
 1350.77030845 1350.77030845 1350.77030845 1350.77030845 1350.77030845
 1340.15172389 1340.15172389 1340.15172389 1340.15172389 1340.15172389
 1340.15172389 1340.15172389 1340.15172389 1340.15172389 1340.15172389
 1340.15172389 1340.15172389 1340.15172389 1340.15172389 1340.15172389
 1340.15172389 1340.15172389 1340.15172389 1340.15172389 1340.15172389
 1340.15172389 1340.15172389 1340.15172389 1340.15172389 1340.15172389
 1340.15172389 1340.15172389 1340.15172389 1340.15172389 1340.15172389
 1340.15172389 1340.15172389 1340.15172389 1340.15172389 1340.15172389
 1340.15172389 1340.15172389 1340.15172389 1340.15172389 1340.15172389
 1340.15172389 1340.15172389 1340.15172389 1340.15172389 1340.15172389
 1340.15172389 1340.15172389 1340.15172389 1340.15172389 1340.15172389
 1340.15172389 1340.15172389 1340.15172389 1350.77030845 1350.77030845
 1350.77030845 1350.77030845 1350.77030845 1350.77030845 1350.77030845
 1350.77030845 1350.77030845 1350.77030845 1350.77030845 1350.77030845
 1350.77030845 1350.77030845 1350.77030845 1350.77030845 1350.77030845
 1350.77030845 1350.77030845 1350.77030845 1350.77030845 1350.77030845
 1350.77030845 1350.77030845 1350.77030845 1350.77030845 1350.77030845
 1350.77030845 1350.77030845 1350.77030845 1350.77030845 1350.77030845
 1350.77030845 1350.77030845 1350.77030845 1350.77030845 1350.77030845
 1350.77030845 1350.77030845 1350.77030845 1350.77030845 1350.77030845
 1350.77030845 1350.77030845 1350.77030845 1350.77030845 1350.77030845
 1350.77030845 1350.77030845 1350.77030845 1350.77030845 1350.77030845
 1350.77030845 1350.77030845 1350.77030845 1350.77030845 1350.77030845
 1350.77030845 1350.77030845 1350.77030845 1350.77030845 1350.77030845
 1350.77030845 1350.77030845 1350.77030845 1350.77030845 1350.77030845
 1350.77030845 1350.77030845 1350.77030845 1350.77030845 1350.77030845
 1350.77030845 1350.77030845 1350.77030845 1350.77030845 1350.77030845
 1340.15172389 1350.77030845 1350.77030845 1350.77030845 1350.77030845
 1350.77030845 1350.77030845 1350.77030845 1350.77030845 1350.77030845
 1350.77030845 1350.77030845 1350.77030845 1350.77030845 1350.77030845
 1350.77030845 1350.77030845 1350.77030845 1350.77030845 1350.77030845
 1350.77030845 1350.77030845 1350.77030845 1350.77030845 1350.77030845
 1350.77030845 1350.77030845 1350.77030845 1350.77030845 1350.77030845
 1350.77030845 1350.77030845 1350.77030845 1350.77030845 1350.77030845
 1350.77030845 1350.77030845 1350.77030845 1350.77030845 1350.77030845
 1350.77030845 1350.77030845 1350.77030845 1350.77030845 1350.77030845
 1350.77030845 1350.77030845 1350.77030845 1350.77030845 1350.77030845
 1350.77030845 1350.77030845 1350.77030845 1350.77030845 1350.77030845
 1350.77030845 1350.77030845 1350.77030845 1350.77030845 1350.77030845
 1350.77030845 1350.77030845 1350.77030845 1350.77030845 1350.77030845
 1350.77030845 1350.77030845 1350.77030845 1350.77030845 1350.77030845
 1350.77030845 1350.77030845 1350.77030845 1350.77030845 1350.77030845
 1350.77030845 1350.77030845 1350.77030845 1350.77030845 1350.77030845
 1350.77030845 1350.77030845 1350.77030845 1350.77030845 1350.77030845
 1350.77030845 1350.77030845 1350.77030845 1350.77030845 1350.77030845
 1350.77030845 1350.77030845 1350.77030845 1350.77030845 1350.77030845
 1350.77030845 1350.77030845 1350.77030845 1350.77030845 1350.77030845
 1340.15172389 1350.77030845 1350.77030845 1350.77030845 1350.77030845
 1350.77030845 1350.77030845 1350.77030845 1350.77030845 1350.77030845
 1350.77030845 1350.77030845 1350.77030845 1350.77030845 1350.77030845
 1350.77030845 1350.77030845 1350.77030845 1350.77030845 1350.77030845
 1350.77030845 1350.77030845 1350.77030845 1350.77030845 1350.77030845
 1350.77030845 1350.77030845 1350.77030845 1350.77030845 1350.77030845
 1350.77030845 1350.77030845 1350.77030845 1350.77030845 1350.77030845
 1350.77030845 1350.77030845 1350.77030845 1350.77030845 1350.77030845
 1350.77030845 1350.77030845 1350.77030845 1350.77030845 1350.77030845
 1350.77030845 1350.77030845 1350.77030845 1350.77030845 1350.77030845
 1350.77030845 1350.77030845 1350.77030845 1350.77030845 1350.77030845
 1350.77030845 1350.77030845 1350.77030845 1350.77030845 1350.77030845
 1350.77030845 1350.77030845 1350.77030845 1350.77030845 1350.77030845
 1350.77030845 1350.77030845 1350.77030845 1350.77030845 1350.77030845
 1350.77030845 1350.77030845 1350.77030845 1350.77030845 1350.77030845
 1350.77030845 1350.77030845 1350.77030845 1350.77030845 1350.77030845
 1350.77030845 1350.77030845 1350.77030845 1350.77030845 1350.77030845
 1350.77030845 1350.77030845 1335.96609416 1335.96609416 1335.96609416
 1335.96609416 1335.96609416 1335.96609416 1335.96609416 1335.96609416
 1335.96609416 1335.96609416 1335.96609416 1325.3475096  1335.96609416
 1335.96609416 1335.96609416 1335.96609416 1335.96609416 1335.96609416
 1335.96609416] 

Fitness stats feasible min: [3423.05168185 3423.05168185 3423.05168185 3381.75585964 3325.10847839
 3325.10847839 3250.81836001 3250.81836001 3250.81836001 3250.81836001
 3200.52721491 3190.03926569 2868.96648467 2868.96648467 2868.96648467
 2868.96648467 2868.96648467 2868.96648467 2812.41490566 2812.41490566
 2710.30790563 2695.09712532 2658.34869196 2658.34869196 2658.34869196
 2658.34869196 2658.34869196 2625.48934624 2625.48934624 2625.48934624
 2625.48934624 2523.0425745  2523.0425745  2523.0425745  2478.47436311
 2478.47436311 2478.47436311 2478.47436311 2436.10319459 2408.89820648
 2408.89820648 2408.89820648 2365.4596864  2365.4596864  2321.92220227
 2286.20320635 2286.20320635 2286.20320635 2286.20320635 2286.20320635
 2286.20320635 2286.20320635 2285.86274165 2248.09259365 2248.09259365
 2248.09259365 2239.12068529 2225.76938394 2155.17319442 2155.17319442
 2155.17319442 2155.17319442 2134.09633646 2107.1887047  2107.1887047
 2107.1887047  2107.1887047  2107.1887047  2087.45407376 2087.45407376
 2062.4766164  2062.4766164  2040.17046207 2040.17046207 2040.17046207
 2024.68218683 2024.68218683 2024.68218683 2021.64440971 2008.72556653
 2008.72556653 2008.72556653 1998.87244683 1985.24886206 1985.24886206
 1985.24886206 1985.24886206 1943.46551468 1943.46551468 1943.46551468
 1943.46551468 1943.46551468 1943.46551468 1943.46551468 1913.56224921
 1913.56224921 1896.16599772 1896.16599772 1875.85788421 1863.58263325
 1852.38117974 1828.2586871  1828.2586871  1828.2586871  1819.79781528
 1815.2753974  1815.2753974  1784.47386912 1784.47386912 1772.34825953
 1772.34825953 1772.34825953 1772.34825953 1772.34825953 1772.34825953
 1746.97674626 1746.97674626 1742.57799497 1742.57799497 1742.57799497
 1742.57799497 1742.57799497 1742.57799497 1729.61984182 1725.22109053
 1725.22109053 1706.73916082 1706.73916082 1706.73916082 1689.38225638
 1689.38225638 1689.38225638 1686.30595268 1685.57514529 1685.27033649
 1685.27033649 1653.85157966 1583.87442945 1576.80805732 1565.49666899
 1565.49666899 1565.49666899 1565.49666899 1557.26902935 1557.26902935
 1557.26902935 1553.15710946 1553.15710946 1553.15710946 1552.81705173
 1543.33036425 1525.3627327  1525.3627327  1525.3627327  1525.3627327
 1525.3627327  1511.4240676  1511.4240676  1511.4240676  1498.23105077
 1498.23105077 1498.23105077 1498.23105077 1498.23105077 1495.38064935
 1490.23395347 1490.23395347 1490.23395347 1490.23395347 1486.48702777
 1486.48702777 1480.65745658 1480.65745658 1474.97622449 1474.97622449
 1474.97622449 1474.97622449 1474.97622449 1474.75021442 1474.75021442
 1462.666172   1462.666172   1462.666172   1456.98493991 1456.98493991
 1456.98493991 1456.98493991 1456.98493991 1456.98493991 1456.98493991
 1456.98493991 1456.98493991 1456.98493991 1456.98493991 1456.98493991
 1456.98493991 1456.98493991 1456.98493991 1456.98493991 1456.98493991
 1456.98493991 1456.98493991 1456.98493991 1456.98493991 1456.98493991
 1456.98493991 1456.98493991 1456.98493991 1456.38625445 1456.38625445
 1456.38625445 1456.38625445 1456.38625445 1454.06595193 1454.06595193
 1454.06595193 1453.46726647 1453.46726647 1453.46726647 1453.46726647
 1453.46726647 1453.46726647 1453.35509656 1453.35509656 1453.35509656
 1453.35509656 1453.35509656 1453.35509656 1453.35509656 1453.35509656
 1453.35509656 1453.35509656 1453.35509656 1453.35509656 1453.35509656
 1453.35509656 1447.82723382 1442.14600173 1442.14600173 1442.14600173
 1442.14600173 1442.14600173 1442.14600173 1440.48673874 1440.48673874
 1440.48673874 1440.48673874 1440.48673874 1440.48673874 1440.48673874
 1440.48673874 1440.48673874 1440.48673874 1440.48673874 1440.48673874
 1440.48673874 1440.48673874 1440.48673874 1440.48673874 1440.48673874
 1440.48673874 1437.09964866 1437.09964866 1437.09964866 1437.09964866
 1437.01726078 1437.01726078 1437.01726078 1437.01726078 1437.01726078
 1437.01726078 1436.1807932  1436.1807932  1436.1807932  1426.11324162
 1420.43200953 1420.43200953 1420.43200953 1420.43200953 1420.37285321
 1419.51315407 1411.19183542 1411.19183542 1411.19183542 1411.19183542
 1410.27297996 1410.27297996 1407.98949442 1407.98949442 1407.98949442
 1407.98949442 1407.98949442 1407.98949442 1407.98949442 1407.98949442
 1406.90661313 1406.90661313 1406.90661313 1406.90661313 1406.90661313
 1406.90661313 1406.90661313 1406.90661313 1406.90661313 1406.90661313
 1406.90661313 1406.90661313 1406.90661313 1406.90661313 1406.90661313
 1406.90661313 1406.90661313 1406.90661313 1406.90661313 1406.90661313
 1406.90661313 1406.90661313 1406.90661313 1406.90661313 1406.90661313
 1405.08274202 1405.08274202 1405.08274202 1405.08274202 1390.10868965
 1390.10868965 1390.10868965 1390.10868965 1390.10868965 1390.10868965
 1390.10868965 1386.49204055 1386.49204055 1386.49204055 1386.49204055
 1386.49204055 1386.49204055 1386.49204055 1386.49204055 1386.49204055
 1386.49204055 1386.49204055 1386.49204055 1386.49204055 1386.49204055
 1386.49204055 1386.49204055 1386.49204055 1386.49204055 1386.49204055
 1386.49204055 1386.49204055 1386.49204055 1386.49204055 1386.49204055
 1386.49204055 1386.49204055 1386.49204055 1386.49204055 1386.49204055
 1386.49204055 1386.49204055 1386.49204055 1386.49204055 1386.49204055
 1386.49204055 1386.49204055 1386.49204055 1362.33288445 1362.33288445
 1362.33288445 1362.33288445 1362.33288445 1362.33288445 1362.33288445
 1362.33288445 1362.33288445 1362.33288445 1362.33288445 1362.33288445
 1362.33288445 1362.33288445 1362.33288445 1362.33288445 1362.33288445
 1362.33288445 1362.33288445 1362.33288445 1362.33288445 1362.33288445
 1362.33288445 1362.33288445 1362.33288445 1362.33288445 1362.33288445
 1362.33288445 1362.33288445 1362.33288445 1362.33288445 1362.33288445
 1362.33288445 1362.33288445 1362.33288445 1362.33288445 1362.33288445
 1362.33288445 1362.33288445 1362.33288445 1362.33288445 1362.33288445
 1362.33288445 1362.33288445 1362.33288445 1362.33288445 1362.33288445
 1362.33288445 1362.33288445 1362.33288445 1362.33288445 1362.33288445
 1362.33288445 1362.33288445 1362.33288445 1362.33288445 1362.33288445
 1362.33288445 1362.33288445 1362.33288445 1362.33288445 1362.33288445
 1362.33288445 1362.33288445 1362.33288445 1362.33288445 1362.33288445
 1362.33288445 1362.33288445 1362.33288445 1362.33288445 1362.33288445
 1362.33288445 1362.33288445 1362.33288445 1362.33288445 1362.33288445
 1362.33288445 1362.33288445 1362.33288445 1362.33288445 1362.33288445
 1359.16598905 1359.16598905 1359.16598905 1359.16598905 1359.16598905
 1359.16598905 1359.16598905 1359.16598905 1359.16598905 1359.16598905
 1359.16598905 1359.16598905 1359.16598905 1359.16598905 1359.16598905
 1359.16598905 1359.16598905 1359.16598905 1359.16598905 1359.16598905
 1359.16598905 1359.16598905 1359.16598905 1359.16598905 1359.16598905
 1359.16598905 1359.16598905 1359.16598905 1359.16598905 1359.16598905
 1359.16598905 1359.16598905 1359.16598905 1359.16598905 1359.16598905
 1359.16598905 1359.16598905 1359.16598905 1359.16598905 1359.16598905
 1359.16598905 1359.16598905 1359.16598905 1359.16598905 1359.16598905
 1359.16598905 1359.16598905 1359.16598905 1359.16598905 1357.9431538
 1357.9431538  1357.9431538  1357.9431538  1357.9431538  1357.9431538
 1357.9431538  1357.9431538  1357.9431538  1357.9431538  1357.9431538
 1357.9431538  1357.9431538  1357.9431538  1357.9431538  1357.9431538
 1357.9431538  1357.9431538  1357.9431538  1357.9431538  1357.9431538
 1357.9431538  1357.9431538  1357.9431538  1357.9431538  1353.4775996
 1353.4775996  1353.4775996  1353.4775996  1353.4775996  1353.4775996
 1353.4775996  1353.4775996  1353.4775996  1353.4775996  1353.4775996
 1353.4775996  1353.4775996  1353.4775996  1353.4775996  1353.4775996
 1353.4775996  1353.4775996  1353.4775996  1353.4775996  1353.4775996
 1353.4775996  1353.4775996  1353.4775996  1353.4775996  1353.4775996
 1353.4775996  1353.4775996  1353.4775996  1353.4775996  1353.4775996
 1353.4775996  1353.4775996  1353.4775996  1353.4775996  1353.4775996
 1353.4775996  1353.4775996  1353.4775996  1353.4775996  1353.4775996
 1353.4775996  1353.4775996  1353.4775996  1353.4775996  1353.4775996
 1353.4775996  1353.4775996  1353.4775996  1353.4775996  1353.4775996
 1353.4775996  1353.4775996  1353.4775996  1353.4775996  1353.4775996
 1353.4775996  1353.4775996  1353.4775996  1353.4775996  1353.4775996
 1353.4775996  1353.4775996  1353.4775996  1353.4775996  1353.4775996
 1353.4775996  1353.4775996  1353.4775996  1353.4775996  1353.4775996
 1353.4775996  1353.4775996  1353.4775996  1353.4775996  1353.4775996
 1350.77030845 1350.77030845 1350.77030845 1350.77030845 1350.77030845
 1350.77030845 1350.77030845 1350.77030845 1350.77030845 1350.77030845
 1350.77030845 1350.77030845 1350.77030845 1350.77030845 1350.77030845
 1350.77030845 1350.77030845 1350.77030845 1350.77030845 1350.77030845
 1350.77030845 1350.77030845 1350.77030845 1350.77030845 1350.77030845
 1350.77030845 1350.77030845 1350.77030845 1350.77030845 1350.77030845
 1350.77030845 1350.77030845 1350.77030845 1350.77030845 1350.77030845
 1350.77030845 1350.77030845 1350.77030845 1350.77030845 1350.77030845
 1350.77030845 1350.77030845 1350.77030845 1350.77030845 1350.77030845
 1350.77030845 1350.77030845 1350.77030845 1350.77030845 1350.77030845
 1350.77030845 1350.77030845 1350.77030845 1350.77030845 1350.77030845
 1350.77030845 1350.77030845 1350.77030845 1350.77030845 1350.77030845
 1350.77030845 1350.77030845 1350.77030845 1350.77030845 1350.77030845
 1350.77030845 1350.77030845 1350.77030845 1350.77030845 1350.77030845
 1350.77030845 1350.77030845 1350.77030845 1350.77030845 1350.77030845
 1350.77030845 1350.77030845 1350.77030845 1350.77030845 1350.77030845
 1350.77030845 1350.77030845 1350.77030845 1350.77030845 1350.77030845
 1350.77030845 1350.77030845 1350.77030845 1350.77030845 1350.77030845
 1350.77030845 1350.77030845 1350.77030845 1350.77030845 1350.77030845
 1350.77030845 1350.77030845 1350.77030845 1350.77030845 1350.77030845
 1350.77030845 1350.77030845 1350.77030845 1350.77030845 1350.77030845
 1350.77030845 1350.77030845 1350.77030845 1350.77030845 1350.77030845
 1350.77030845 1350.77030845 1350.77030845 1350.77030845 1350.77030845
 1350.77030845 1350.77030845 1350.77030845 1350.77030845 1350.77030845
 1350.77030845 1350.77030845 1350.77030845 1350.77030845 1350.77030845
 1350.77030845 1350.77030845 1350.77030845 1350.77030845 1350.77030845
 1350.77030845 1350.77030845 1350.77030845 1350.77030845 1350.77030845
 1350.77030845 1350.77030845 1350.77030845 1350.77030845 1350.77030845
 1350.77030845 1350.77030845 1350.77030845 1350.77030845 1350.77030845
 1350.77030845 1350.77030845 1350.77030845 1350.77030845 1350.77030845
 1350.77030845 1350.77030845 1350.77030845 1350.77030845 1350.77030845
 1350.77030845 1350.77030845 1350.77030845 1350.77030845 1350.77030845
 1350.77030845 1350.77030845 1350.77030845 1350.77030845 1350.77030845
 1350.77030845 1350.77030845 1350.77030845 1350.77030845 1350.77030845
 1350.77030845 1350.77030845 1350.77030845 1350.77030845 1350.77030845
 1350.77030845 1350.77030845 1350.77030845 1350.77030845 1350.77030845
 1350.77030845 1350.77030845 1350.77030845 1350.77030845 1350.77030845
 1350.77030845 1350.77030845 1350.77030845 1350.77030845 1350.77030845
 1350.77030845 1350.77030845 1350.77030845 1350.77030845 1350.77030845
 1350.77030845 1350.77030845 1350.77030845 1350.77030845 1350.77030845
 1350.77030845 1350.77030845 1350.77030845 1350.77030845 1350.77030845
 1350.77030845 1350.77030845 1350.77030845 1350.77030845 1350.77030845
 1350.77030845 1350.77030845 1350.77030845 1350.77030845 1350.77030845
 1350.77030845 1350.77030845 1350.77030845 1350.77030845 1350.77030845
 1350.77030845 1350.77030845 1350.77030845 1350.77030845 1350.77030845
 1350.77030845 1350.77030845 1350.77030845 1350.77030845 1350.77030845
 1350.77030845 1350.77030845 1350.77030845 1350.77030845 1350.77030845
 1350.77030845 1350.77030845 1350.77030845 1350.77030845 1350.77030845
 1350.77030845 1350.77030845 1350.77030845 1350.77030845 1350.77030845
 1350.77030845 1350.77030845 1350.77030845 1350.77030845 1350.77030845
 1350.77030845 1350.77030845 1350.77030845 1350.77030845 1350.77030845
 1350.77030845 1350.77030845 1350.77030845 1350.77030845 1350.77030845
 1350.77030845 1350.77030845 1350.77030845 1350.77030845 1350.77030845
 1350.77030845 1350.77030845 1350.77030845 1350.77030845 1350.77030845
 1350.77030845 1350.77030845 1350.77030845 1350.77030845 1350.77030845
 1350.77030845 1350.77030845 1350.77030845 1350.77030845 1350.77030845
 1350.77030845 1350.77030845 1350.77030845 1350.77030845 1350.77030845
 1350.77030845 1350.77030845 1350.77030845 1350.77030845 1350.77030845
 1350.77030845 1350.77030845 1350.77030845 1350.77030845 1350.77030845
 1350.77030845 1350.77030845 1350.77030845 1350.77030845 1350.77030845
 1350.77030845 1350.77030845 1350.77030845 1350.77030845 1350.77030845
 1350.77030845 1350.77030845 1350.77030845 1350.77030845 1350.77030845
 1350.77030845 1350.77030845 1350.77030845 1350.77030845 1350.77030845
 1350.77030845 1350.77030845 1350.77030845 1350.77030845 1350.77030845
 1350.77030845 1350.77030845 1350.77030845 1350.77030845 1350.77030845
 1350.77030845 1350.77030845 1350.77030845 1350.77030845 1350.77030845
 1350.77030845 1350.77030845 1350.77030845 1350.77030845 1350.77030845
 1350.77030845 1350.77030845 1350.77030845 1350.77030845 1350.77030845
 1350.77030845 1350.77030845 1350.77030845 1350.77030845 1350.77030845
 1350.77030845 1350.77030845 1350.77030845 1350.77030845 1350.77030845
 1350.77030845 1350.77030845 1350.77030845 1350.77030845 1350.77030845
 1350.77030845 1350.77030845 1350.77030845 1350.77030845 1350.77030845
 1350.77030845 1350.77030845 1350.77030845 1350.77030845 1350.77030845
 1350.77030845 1350.77030845 1350.77030845 1350.77030845 1350.77030845
 1350.77030845 1350.77030845 1350.77030845 1350.77030845 1350.77030845
 1350.77030845 1350.77030845 1350.77030845 1350.77030845 1350.77030845
 1350.77030845 1350.77030845 1335.96609416 1335.96609416 1335.96609416
 1335.96609416 1335.96609416 1335.96609416 1335.96609416 1335.96609416
 1335.96609416 1335.96609416 1335.96609416 1335.96609416 1335.96609416
 1335.96609416 1335.96609416 1335.96609416 1335.96609416 1335.96609416
 1335.96609416] 

Fitness stats avg: [4013.53401275 3861.93448844 3783.41653683 3707.95188601 3630.13862076
 3567.37976498 3565.36092142 3526.00440039 3511.42050718 3530.60080564
 3470.48422484 3456.25598844 3436.86341693 3385.20479443 3376.39403526
 3362.15750359 3292.60060992 3201.63391937 3130.51677985 3095.86544932
 3064.09749675 3002.09335501 2995.28391873 2967.61759681 2970.40099401
 2963.61798797 2976.57077742 2937.59634889 2940.89156632 2898.39847619
 2937.17422376 2901.86510609 2879.68900737 2841.38902565 2801.72755606
 2777.17414014 2747.2347453  2708.11342512 2697.55705862 2665.03177979
 2658.11396896 2675.88767488 2657.68422729 2646.66393102 2623.17887616
 2582.07173178 2613.35377735 2575.97745938 2598.99852598 2573.3835319
 2557.6258936  2559.47571762 2537.81532482 2496.76061211 2477.67782348
 2431.40795347 2416.64167294 2391.91357669 2355.50616531 2344.1411349
 2316.8543945  2325.15756103 2283.87634576 2256.6205654  2261.51736735
 2258.28823573 2249.17704282 2244.41721362 2235.78452599 2245.51440533
 2230.98758654 2215.22287202 2203.34952705 2180.3141338  2165.91490492
 2146.09746488 2136.02411264 2141.01771887 2122.09050231 2120.01454174
 2098.66988658 2109.47689658 2115.28141809 2118.04316202 2102.4656441
 2113.38257575 2110.16569406 2062.49231828 2062.8625353  2059.84812502
 2048.40277065 2053.54797333 2082.53970085 2076.47616105 2089.7590257
 2107.27481491 2096.73739047 2086.99896213 2074.76566333 2052.37278126
 2018.52359785 2010.78690493 1977.72781219 1991.08727431 1968.90144732
 1963.13284169 1941.86623426 1967.52841259 1946.50676012 1963.28384172
 1954.49662587 1962.82846074 1944.65619942 1939.75680378 1907.13938191
 1910.11240264 1897.25498115 1873.30302266 1865.68918221 1854.42693605
 1868.01077322 1872.96948868 1867.43941007 1838.54302188 1866.31521794
 1857.66430759 1847.48624001 1834.91972245 1840.31123799 1829.84773515
 1818.52091585 1815.4110164  1826.23613134 1815.3102873  1799.83079969
 1787.95697434 1766.7025623  1786.70693613 1763.33506985 1739.80398926
 1738.44769132 1698.76225673 1688.49955253 1703.8118164  1676.76894357
 1677.88607397 1701.52373746 1689.47333875 1696.76747084 1706.402024
 1722.86158404 1723.56008049 1728.52853238 1701.5680792  1677.23380497
 1650.48898456 1649.60844457 1665.47874895 1637.26059129 1639.79112607
 1626.67548386 1650.81588002 1623.92685216 1626.49856784 1629.799396
 1630.9154451  1635.01056811 1624.39543471 1639.82420141 1629.17927036
 1602.03768502 1632.06530847 1581.26419631 1613.55698932 1597.16552911
 1594.70209748 1587.47288104 1568.57557579 1569.29904635 1588.45076911
 1601.65357546 1581.91894754 1588.83035325 1596.1664918  1570.17960982
 1582.6212059  1590.81893684 1593.81070984 1596.98103579 1592.46450582
 1592.36504282 1567.91811709 1543.69452104 1569.33335369 1554.73398212
 1551.98758366 1559.1423884  1547.07868406 1550.90704388 1535.24720265
 1560.37505911 1573.15266947 1574.77474226 1589.584324   1596.52729756
 1636.95476134 1559.0951305  1561.72369285 1567.45801032 1566.11522855
 1548.40363101 1577.74288653 1562.73688242 1569.32133278 1623.97106066
 1622.70562992 1604.32742598 1623.23029117 1624.44761686 1617.97980422
 1615.35534968 1588.17439951 1598.61001666 1599.89329099 1594.40709329
 1557.27554424 1583.09581705 1575.22626314 1560.74496594 1576.76361526
 1599.23396866 1585.95439643 1579.55106555 1571.77625949 1570.96462628
 1561.30540225 1551.19290423 1545.99699224 1558.54499774 1569.25118521
 1575.452587   1579.26888339 1596.88052371 1588.12708442 1579.709755
 1584.58098664 1567.2043231  1548.74512891 1551.70105728 1534.36320173
 1542.32596139 1533.77014702 1538.99567732 1511.04295891 1553.94884829
 1553.0893761  1544.12430458 1539.67368712 1536.63546434 1542.61267669
 1532.36065249 1522.35617556 1532.56071145 1543.58689044 1545.3046714
 1575.31207662 1570.44110519 1555.97556664 1531.50551357 1561.55763272
 1538.5160417  1559.40749217 1527.7754798  1535.3420323  1547.33005644
 1536.29277077 1548.83982649 1537.60596885 1540.18439328 1588.68914331
 1559.72855154 1534.27448353 1538.60330509 1550.89184225 1514.0790772
 1533.31169735 1560.26473048 1519.37157249 1546.75187756 1545.71742012
 1541.84357185 1518.88957963 1527.86472258 1543.10676079 1562.44004584
 1500.98892373 1513.50243795 1512.87446245 1518.86673375 1514.23108582
 1524.15896643 1478.27345749 1486.40998803 1475.02604344 1492.25521727
 1492.07261899 1516.72284994 1543.89209772 1511.97535014 1503.74049413
 1528.244581   1523.79572456 1556.79552639 1548.34718161 1530.27128039
 1495.39358298 1521.25755607 1526.39894151 1527.67309691 1526.14735082
 1508.54020347 1507.57756852 1525.40949196 1505.19907358 1541.00443303
 1538.85194494 1518.00137218 1495.9670998  1489.75133915 1483.31157923
 1522.2831138  1482.93732231 1492.51697469 1491.63773493 1526.35157366
 1536.13896676 1508.22854781 1527.04677889 1522.54306841 1531.47729863
 1536.31930321 1521.00752067 1500.16061823 1534.99854193 1521.94857945
 1518.78359843 1508.28038985 1494.25714666 1503.48414832 1537.4516842
 1518.74116668 1533.9999714  1495.02503889 1479.09318308 1518.26121625
 1462.53999284 1479.40857175 1472.58240781 1479.51216685 1478.86267134
 1475.96800802 1517.1603959  1505.53864362 1498.93382413 1491.69856207
 1479.04457527 1473.74903613 1484.53413797 1475.19861763 1482.26857084
 1505.75571875 1491.64092185 1491.71815098 1498.90940038 1484.75313656
 1472.16897497 1485.92963719 1486.65295217 1483.53206234 1490.04958549
 1447.83233409 1450.84225087 1490.81441389 1455.37893166 1464.58329603
 1458.80444426 1528.93268099 1519.03138677 1492.14932431 1489.53769688
 1491.82777113 1476.72292284 1485.09684214 1480.51697663 1484.75329685
 1488.21869466 1479.74558753 1449.84588405 1495.25992474 1504.3631405
 1471.22585426 1478.62244469 1497.69802801 1443.72227628 1466.4756183
 1484.57158191 1467.07406271 1475.66309232 1482.33847194 1483.21245297
 1440.93400915 1476.92312176 1479.51393619 1464.77052946 1471.73943969
 1473.03156399 1454.98807345 1449.58158659 1470.72973961 1490.5353575
 1488.89970195 1490.038225   1465.98523166 1469.69836941 1441.18340118
 1475.63930719 1466.83171568 1457.99004164 1483.64557458 1490.88359596
 1506.44220119 1505.90282761 1497.76946311 1501.70761656 1480.43572827
 1468.38392591 1473.96570596 1469.28861239 1479.68772323 1465.88943554
 1452.51845731 1452.68700644 1471.73764901 1443.59062939 1465.05429469
 1463.46913909 1460.46810342 1483.73862527 1459.74347723 1500.40164653
 1487.44988143 1476.94312795 1490.43128757 1473.67244081 1463.69249855
 1452.55229721 1458.96505188 1467.58077843 1482.24036951 1475.32834026
 1455.11031293 1483.46087053 1483.0319491  1495.07760625 1479.07036807
 1512.58052329 1465.47380101 1469.72580336 1478.02163743 1470.10916913
 1482.42832703 1447.02353378 1483.99855745 1461.97666833 1451.01697207
 1488.14871494 1472.90908967 1494.14298558 1477.13629222 1471.01039601
 1471.91385485 1501.76841017 1492.7174319  1487.29803843 1498.19795063
 1457.93278414 1464.5989947  1459.29967033 1450.17135716 1472.15379123
 1486.36572887 1487.44489328 1504.39928965 1472.08741793 1464.34912944
 1484.68651181 1477.73904394 1462.70232439 1448.97155231 1460.56863342
 1473.14913878 1499.23036054 1508.73080079 1475.8334759  1473.43970742
 1483.24851342 1445.84336867 1487.297002   1478.13660866 1496.43837658
 1441.58943845 1460.47788892 1502.00127501 1476.53440041 1480.93917491
 1486.24796682 1483.16366621 1485.95849939 1471.63279531 1492.59919554
 1482.77298848 1521.24910403 1516.32204386 1510.26752381 1464.31799968
 1491.40915768 1498.78014199 1494.79830477 1441.06696059 1477.04385233
 1480.63943028 1512.91205772 1515.19073304 1508.03088301 1471.90081048
 1496.16331834 1495.8076398  1479.48848063 1476.20488368 1492.29707647
 1471.76160977 1452.19795126 1447.88494601 1461.20251964 1470.78281724
 1496.23582052 1498.44324435 1511.76699085 1530.32181551 1527.0489358
 1496.55409877 1479.14887949 1459.53696842 1487.49968743 1480.27233524
 1468.13212747 1472.345264   1464.26860097 1493.78399924 1463.45474798
 1459.54301996 1479.34229839 1483.54201084 1464.84147052 1452.02459147
 1492.67992604 1476.05379051 1487.43140411 1469.29309242 1499.71595885
 1477.60623901 1500.74690643 1509.13963783 1460.34721842 1464.11535012
 1441.62132154 1471.58320378 1468.28813793 1461.96679364 1466.50789532
 1495.27420145 1472.65453694 1498.75780432 1515.85306897 1530.08850836
 1509.91979555 1504.34079769 1515.64280848 1477.40888609 1507.41375897
 1503.30312556 1447.59317684 1473.00409915 1462.43232137 1489.42097046
 1491.53233782 1481.91219949 1478.21692295 1508.15479543 1491.66155663
 1443.94951088 1439.95667664 1467.12537974 1477.84123747 1464.15182801
 1470.25966202 1485.68002498 1488.88567887 1490.12420633 1477.7511889
 1440.41443217 1447.85037424 1465.00341801 1481.14771716 1461.71360855
 1472.21070087 1466.95664223 1470.41890864 1467.64018143 1464.34491816
 1482.33334545 1461.20399423 1474.2698788  1473.62711866 1476.7122545
 1457.93692808 1468.50483445 1441.16621977 1455.8164069  1474.11537541
 1466.12226493 1484.33138311 1478.98478346 1482.48137389 1483.40711501
 1505.58283302 1481.80007858 1456.37180649 1491.49243736 1473.95747412
 1469.78441074 1490.3258308  1492.05037964 1482.33105525 1518.04387432
 1478.6358046  1484.26838655 1484.60971782 1520.34075065 1505.33298835
 1495.18542288 1497.61304977 1507.11073117 1520.2930099  1509.09799402
 1510.95010893 1487.39888414 1465.29676881 1440.31672658 1457.07716496
 1483.87661161 1474.2883222  1453.22458611 1460.43270357 1468.38089292
 1478.77294954 1483.99453027 1473.76384811 1482.05158073 1459.46714342
 1526.77751715 1517.34858507 1510.05609647 1492.13551994 1459.69002003
 1477.65197365 1456.18243064 1480.16811665 1469.61652391 1464.99263924
 1441.69273513 1472.7516398  1461.93815398 1467.32280752 1449.37672484
 1470.3071623  1467.22719209 1452.73411453 1448.02633721 1482.69798881
 1455.08707263 1480.60795731 1509.37574122 1489.4551398  1482.72343415
 1488.15842993 1517.81788575 1490.29426253 1464.45693564 1473.24663624
 1468.76665579 1493.40037892 1449.69322729 1451.16611862 1477.23729021
 1466.63575503 1480.88533623 1466.06611434 1482.63824979 1465.75044525
 1471.76193224 1465.47106515 1445.54784047 1501.05335584 1506.81643216
 1469.95180749 1487.06690314 1469.59213446 1490.94177617 1502.18580572
 1504.10508179 1508.90189214 1480.8528071  1452.77953924 1468.71112597
 1495.20481609 1507.59329097 1483.73451578 1488.4319739  1484.80171314
 1504.52287508 1501.96679552 1502.51895862 1490.66402681 1492.77043261
 1487.4295027  1450.75891021 1469.49057658 1460.96242289 1482.86212328
 1498.07722225 1492.56580603 1509.27590298 1530.59901155 1495.02507707
 1478.12722125 1474.72808847 1498.42645613 1490.47385414 1460.38084439
 1474.35647343 1464.52236766 1454.74128248 1485.44609471 1488.89425462
 1457.32515385 1474.09286035 1465.08004626 1470.10817113 1469.90295206
 1469.22833482 1471.70812665 1454.82978764 1436.3667505  1453.09932565
 1480.63190018 1447.05308165 1454.0358254  1464.35187767 1478.49867039
 1458.88105217 1442.82346642 1447.81809443 1481.66971822 1481.10256164
 1464.23494775 1475.65201208 1450.26306041 1452.45159503 1479.34488475
 1502.15711031 1492.29502026 1480.62183248 1454.09129153 1484.12569367
 1449.20067668 1462.28841698 1468.19352741 1456.98061696 1468.21147698
 1465.07412216 1465.24758114 1455.2515291  1471.51367395 1458.36918449
 1449.61184328 1453.57454379 1463.40221429 1477.18388861 1480.19183043
 1461.99469981 1453.52889417 1444.82730821 1449.5310859  1472.34246485
 1455.547091   1480.14569695 1505.96304296 1471.52140896 1451.10685103
 1467.56157822 1453.79017944 1453.11499052 1467.58046817 1464.90380496
 1488.50846648 1505.11788555 1465.2446404  1458.19457913 1453.77467182
 1475.32561678 1459.7876553  1470.92933133 1493.87530697 1472.7798356
 1484.89601318 1483.42647605 1481.06275406 1479.59297265 1470.20137141
 1468.69207066 1460.55175136 1468.24225439 1450.2855879  1443.20373156
 1468.16958681 1477.31153198 1464.74418485 1470.0259067  1454.08741614
 1445.96466738 1474.10060533 1454.94669288 1438.84974255 1488.44562967
 1478.22481508 1464.71586801 1449.46083293 1471.73555466 1443.7608623
 1465.04824254 1464.28494923 1468.45809651 1507.09080069 1500.34051318
 1532.16772516 1521.70000465 1506.75734625 1469.00330887 1490.86175263
 1495.60964447 1496.0432416  1523.95663627 1508.26240396 1485.9181291
 1474.89546407 1492.92025247 1505.71420214 1489.80828226 1459.64269217
 1482.51644908 1502.23826656 1500.21940976 1496.03801795 1428.65275131
 1470.11235385 1451.33096729 1467.67784492 1476.00173575 1443.95162144
 1469.21924197 1490.79446173 1465.1006341  1462.95582986 1443.93589953
 1463.87302968 1482.3293463  1482.71364129 1451.44758249 1494.40872238
 1446.17843884 1482.53299961 1500.89371133 1485.35751357 1484.52748815
 1464.17941768 1479.07958997 1481.29502017 1476.52098279 1504.74195759
 1470.1111358  1488.58466422 1473.12002274 1460.02824909 1474.53461634
 1480.57784096 1472.52084119 1526.54343442 1489.94945506 1517.68289788
 1503.50510446 1471.87457224 1458.18605204 1472.20128434 1481.51356255
 1437.54639144 1460.57934008 1433.63111241 1467.15957536 1478.17728501
 1445.83653621 1495.89797985 1483.21066333 1512.51504538 1483.56908709
 1489.95560487 1484.38568445 1488.4355836  1497.26624451 1485.00381106
 1493.71226971 1540.49678631 1523.96307031 1526.60583354 1468.06389538
 1449.03406473 1442.97294944 1446.50122946 1457.95085469 1467.27066953
 1461.77033466 1491.60562442 1503.43803689 1475.77849413 1460.62142706
 1517.99651173 1478.08657711 1480.86331247 1515.18519486 1463.95702819
 1481.86445243 1496.9591691  1499.38821046 1483.45570531 1450.96555344
 1449.6942     1467.58001412 1459.18336228 1459.87851412 1467.50338063
 1441.70386602 1445.83108473 1426.00928838 1451.17515325 1457.23898146
 1464.66598563 1462.88429093 1465.78545234 1477.03129978 1474.23858218
 1457.97720771 1455.38306772 1464.6906391  1462.24576995 1467.04372854
 1471.29783613 1446.96076809 1459.83253312 1467.31721952 1483.38687017
 1453.23839545 1509.3758559  1468.45413397 1467.22343254 1459.41120428
 1451.56865398 1469.87264918 1467.0934424  1456.81808222 1451.02779813
 1477.64078326 1445.29064273 1469.2953679  1481.45869718 1464.55728702
 1491.2188233  1499.74045368 1474.26496288 1470.51396217 1474.88128559
 1493.87896565] 

Feasible stats: [(  0.,   0.) (  0., 100.) (  0., 100.) ( 54.,  46.) ( 54.,  46.)
 ( 59.,  41.) ( 59.,  41.) ( 57.,  43.) ( 57.,  43.) ( 37.,  63.)
 ( 37.,  63.) ( 45.,  55.) ( 45.,  55.) ( 39.,  61.) ( 39.,  61.)
 ( 42.,  58.) ( 42.,  58.) ( 41.,  59.) ( 41.,  59.) ( 62.,  38.)
 ( 62.,  38.) ( 54.,  46.) ( 54.,  46.) ( 61.,  39.) ( 61.,  39.)
 ( 52.,  48.) ( 52.,  48.) ( 62.,  38.) ( 62.,  38.) ( 59.,  41.)
 ( 59.,  41.) ( 46.,  54.) ( 46.,  54.) ( 48.,  52.) ( 48.,  52.)
 ( 51.,  49.) ( 51.,  49.) ( 64.,  36.) ( 64.,  36.) ( 62.,  38.)
 ( 62.,  38.) ( 59.,  41.) ( 59.,  41.) ( 56.,  44.) ( 56.,  44.)
 ( 67.,  33.) ( 67.,  33.) ( 69.,  31.) ( 69.,  31.) ( 70.,  30.)
 ( 70.,  30.) ( 72.,  28.) ( 72.,  28.) ( 75.,  25.) ( 75.,  25.)
 ( 69.,  31.) ( 69.,  31.) ( 76.,  24.) ( 76.,  24.) ( 72.,  28.)
 ( 72.,  28.) ( 80.,  20.) ( 80.,  20.) ( 88.,  12.) ( 88.,  12.)
 ( 94.,   6.) ( 94.,   6.) ( 92.,   8.) ( 92.,   8.) ( 95.,   5.)
 ( 95.,   5.) ( 88.,  12.) ( 88.,  12.) ( 92.,   8.) ( 92.,   8.)
 ( 90.,  10.) ( 90.,  10.) ( 89.,  11.) ( 89.,  11.) ( 92.,   8.)
 ( 92.,   8.) ( 85.,  15.) ( 85.,  15.) ( 86.,  14.) ( 86.,  14.)
 ( 92.,   8.) ( 92.,   8.) ( 88.,  12.) ( 88.,  12.) ( 93.,   7.)
 ( 93.,   7.) ( 91.,   9.) ( 91.,   9.) ( 83.,  17.) ( 83.,  17.)
 ( 77.,  23.) ( 77.,  23.) ( 65.,  35.) ( 65.,  35.) ( 71.,  29.)
 ( 71.,  29.) ( 87.,  13.) ( 87.,  13.) ( 89.,  11.) ( 89.,  11.)
 ( 90.,  10.) ( 90.,  10.) ( 89.,  11.) ( 89.,  11.) ( 87.,  13.)
 ( 87.,  13.) ( 83.,  17.) ( 83.,  17.) ( 86.,  14.) ( 86.,  14.)
 ( 97.,   3.) ( 97.,   3.) ( 90.,  10.) ( 90.,  10.) ( 87.,  13.)
 ( 87.,  13.) ( 93.,   7.) ( 93.,   7.) ( 97.,   3.) ( 97.,   3.)
 ( 95.,   5.) ( 95.,   5.) ( 90.,  10.) ( 90.,  10.) ( 89.,  11.)
 ( 89.,  11.) ( 90.,  10.) ( 90.,  10.) ( 84.,  16.) ( 84.,  16.)
 ( 85.,  15.) ( 85.,  15.) ( 93.,   7.) ( 93.,   7.) ( 88.,  12.)
 ( 88.,  12.) ( 88.,  12.) ( 88.,  12.) ( 92.,   8.) ( 92.,   8.)
 ( 91.,   9.) ( 91.,   9.) ( 90.,  10.) ( 90.,  10.) ( 90.,  10.)
 ( 90.,  10.) ( 91.,   9.) ( 91.,   9.) ( 93.,   7.) ( 93.,   7.)
 ( 92.,   8.) ( 92.,   8.) ( 94.,   6.) ( 94.,   6.) ( 96.,   4.)
 ( 96.,   4.) ( 93.,   7.) ( 93.,   7.) ( 91.,   9.) ( 91.,   9.)
 ( 91.,   9.) ( 91.,   9.) ( 99.,   1.) ( 99.,   1.) ( 90.,  10.)
 ( 90.,  10.) ( 88.,  12.) ( 88.,  12.) ( 92.,   8.) ( 92.,   8.)
 ( 91.,   9.) ( 91.,   9.) ( 90.,  10.) ( 90.,  10.) ( 90.,  10.)
 ( 90.,  10.) ( 96.,   4.) ( 96.,   4.) ( 94.,   6.) ( 94.,   6.)
 ( 96.,   4.) ( 96.,   4.) ( 90.,  10.) ( 90.,  10.) ( 94.,   6.)
 ( 94.,   6.) ( 92.,   8.) ( 92.,   8.) ( 95.,   5.) ( 95.,   5.)
 ( 93.,   7.) ( 93.,   7.) ( 91.,   9.) ( 91.,   9.) ( 97.,   3.)
 ( 97.,   3.) ( 99.,   1.) ( 99.,   1.) ( 93.,   7.) ( 93.,   7.)
 ( 89.,  11.) ( 89.,  11.) ( 91.,   9.) ( 91.,   9.) ( 96.,   4.)
 ( 96.,   4.) ( 95.,   5.) ( 95.,   5.) ( 94.,   6.) ( 94.,   6.)
 ( 86.,  14.) ( 86.,  14.) ( 90.,  10.) ( 90.,  10.) ( 93.,   7.)
 ( 93.,   7.) ( 87.,  13.) ( 87.,  13.) ( 87.,  13.) ( 87.,  13.)
 ( 89.,  11.) ( 89.,  11.) ( 84.,  16.) ( 84.,  16.) ( 92.,   8.)
 ( 92.,   8.) ( 88.,  12.) ( 88.,  12.) ( 90.,  10.) ( 90.,  10.)
 ( 87.,  13.) ( 87.,  13.) ( 95.,   5.) ( 95.,   5.) ( 98.,   2.)
 ( 98.,   2.) ( 96.,   4.) ( 96.,   4.) ( 95.,   5.) ( 95.,   5.)
 ( 92.,   8.) ( 92.,   8.) ( 94.,   6.) ( 94.,   6.) ( 90.,  10.)
 ( 90.,  10.) ( 92.,   8.) ( 92.,   8.) ( 95.,   5.) ( 95.,   5.)
 ( 98.,   2.) ( 98.,   2.) ( 93.,   7.) ( 93.,   7.) ( 94.,   6.)
 ( 94.,   6.) ( 98.,   2.) ( 98.,   2.) ( 97.,   3.) ( 97.,   3.)
 ( 89.,  11.) ( 89.,  11.) ( 94.,   6.) ( 94.,   6.) ( 93.,   7.)
 ( 93.,   7.) ( 93.,   7.) ( 93.,   7.) ( 96.,   4.) ( 96.,   4.)
 ( 95.,   5.) ( 95.,   5.) ( 96.,   4.) ( 96.,   4.) ( 93.,   7.)
 ( 93.,   7.) ( 95.,   5.) ( 95.,   5.) ( 95.,   5.) ( 95.,   5.)
 ( 92.,   8.) ( 92.,   8.) ( 84.,  16.) ( 84.,  16.) ( 89.,  11.)
 ( 89.,  11.) ( 93.,   7.) ( 93.,   7.) ( 90.,  10.) ( 90.,  10.)
 ( 85.,  15.) ( 85.,  15.) ( 75.,  25.) ( 75.,  25.) ( 73.,  27.)
 ( 73.,  27.) ( 72.,  28.) ( 72.,  28.) ( 71.,  29.) ( 71.,  29.)
 ( 56.,  44.) ( 56.,  44.) ( 50.,  50.) ( 50.,  50.) ( 65.,  35.)
 ( 65.,  35.) ( 65.,  35.) ( 65.,  35.) ( 69.,  31.) ( 69.,  31.)
 ( 66.,  34.) ( 66.,  34.) ( 54.,  46.) ( 54.,  46.) ( 62.,  38.)
 ( 62.,  38.) ( 57.,  43.) ( 57.,  43.) ( 53.,  47.) ( 53.,  47.)
 ( 54.,  46.) ( 54.,  46.) ( 61.,  39.) ( 61.,  39.) ( 73.,  27.)
 ( 73.,  27.) ( 69.,  31.) ( 69.,  31.) ( 72.,  28.) ( 72.,  28.)
 ( 75.,  25.) ( 75.,  25.) ( 73.,  27.) ( 73.,  27.) ( 79.,  21.)
 ( 79.,  21.) ( 81.,  19.) ( 81.,  19.) ( 94.,   6.) ( 94.,   6.)
 ( 92.,   8.) ( 92.,   8.) ( 93.,   7.) ( 93.,   7.) ( 94.,   6.)
 ( 94.,   6.) ( 94.,   6.) ( 94.,   6.) ( 96.,   4.) ( 96.,   4.)
 ( 95.,   5.) ( 95.,   5.) ( 96.,   4.) ( 96.,   4.) ( 96.,   4.)
 ( 96.,   4.) ( 93.,   7.) ( 93.,   7.) ( 96.,   4.) ( 96.,   4.)
 ( 95.,   5.) ( 95.,   5.) ( 97.,   3.) ( 97.,   3.) ( 92.,   8.)
 ( 92.,   8.) ( 97.,   3.) ( 97.,   3.) ( 95.,   5.) ( 95.,   5.)
 ( 91.,   9.) ( 91.,   9.) ( 92.,   8.) ( 92.,   8.) ( 95.,   5.)
 ( 95.,   5.) ( 93.,   7.) ( 93.,   7.) ( 93.,   7.) ( 93.,   7.)
 ( 93.,   7.) ( 93.,   7.) ( 94.,   6.) ( 94.,   6.) ( 91.,   9.)
 ( 91.,   9.) ( 98.,   2.) ( 98.,   2.) ( 90.,  10.) ( 90.,  10.)
 ( 91.,   9.) ( 91.,   9.) ( 84.,  16.) ( 84.,  16.) ( 56.,  44.)
 ( 56.,  44.) ( 69.,  31.) ( 69.,  31.) ( 74.,  26.) ( 74.,  26.)
 ( 68.,  32.) ( 68.,  32.) ( 62.,  38.) ( 62.,  38.) ( 68.,  32.)
 ( 68.,  32.) ( 60.,  40.) ( 60.,  40.) ( 54.,  46.) ( 54.,  46.)
 ( 56.,  44.) ( 56.,  44.) ( 57.,  43.) ( 57.,  43.) ( 57.,  43.)
 ( 57.,  43.) ( 59.,  41.) ( 59.,  41.) ( 48.,  52.) ( 48.,  52.)
 ( 56.,  44.) ( 56.,  44.) ( 60.,  40.) ( 60.,  40.) ( 59.,  41.)
 ( 59.,  41.) ( 68.,  32.) ( 68.,  32.) ( 63.,  37.) ( 63.,  37.)
 ( 75.,  25.) ( 75.,  25.) ( 76.,  24.) ( 76.,  24.) ( 70.,  30.)
 ( 70.,  30.) ( 64.,  36.) ( 64.,  36.) ( 52.,  48.) ( 52.,  48.)
 ( 68.,  32.) ( 68.,  32.) ( 64.,  36.) ( 64.,  36.) ( 67.,  33.)
 ( 67.,  33.) ( 60.,  40.) ( 60.,  40.) ( 67.,  33.) ( 67.,  33.)
 ( 71.,  29.) ( 71.,  29.) ( 66.,  34.) ( 66.,  34.) ( 55.,  45.)
 ( 55.,  45.) ( 49.,  51.) ( 49.,  51.) ( 48.,  52.) ( 48.,  52.)
 ( 61.,  39.) ( 61.,  39.) ( 68.,  32.) ( 68.,  32.) ( 76.,  24.)
 ( 76.,  24.) ( 78.,  22.) ( 78.,  22.) ( 66.,  34.) ( 66.,  34.)
 ( 76.,  24.) ( 76.,  24.) ( 64.,  36.) ( 64.,  36.) ( 63.,  37.)
 ( 63.,  37.) ( 66.,  34.) ( 66.,  34.) ( 54.,  46.) ( 54.,  46.)
 ( 51.,  49.) ( 51.,  49.) ( 69.,  31.) ( 69.,  31.) ( 60.,  40.)
 ( 60.,  40.) ( 55.,  45.) ( 55.,  45.) ( 48.,  52.) ( 48.,  52.)
 ( 67.,  33.) ( 67.,  33.) ( 68.,  32.) ( 68.,  32.) ( 70.,  30.)
 ( 70.,  30.) ( 74.,  26.) ( 74.,  26.) ( 80.,  20.) ( 80.,  20.)
 ( 80.,  20.) ( 80.,  20.) ( 94.,   6.) ( 94.,   6.) ( 85.,  15.)
 ( 85.,  15.) ( 84.,  16.) ( 84.,  16.) ( 76.,  24.) ( 76.,  24.)
 ( 84.,  16.) ( 84.,  16.) ( 84.,  16.) ( 84.,  16.) ( 86.,  14.)
 ( 86.,  14.) ( 88.,  12.) ( 88.,  12.) ( 76.,  24.) ( 76.,  24.)
 ( 79.,  21.) ( 79.,  21.) ( 83.,  17.) ( 83.,  17.) ( 87.,  13.)
 ( 87.,  13.) ( 86.,  14.) ( 86.,  14.) ( 87.,  13.) ( 87.,  13.)
 ( 97.,   3.) ( 97.,   3.) ( 91.,   9.) ( 91.,   9.) ( 94.,   6.)
 ( 94.,   6.) ( 93.,   7.) ( 93.,   7.) ( 93.,   7.) ( 93.,   7.)
 ( 96.,   4.) ( 96.,   4.) ( 88.,  12.) ( 88.,  12.) ( 93.,   7.)
 ( 93.,   7.) ( 89.,  11.) ( 89.,  11.) ( 97.,   3.) ( 97.,   3.)
 ( 95.,   5.) ( 95.,   5.) ( 93.,   7.) ( 93.,   7.) ( 94.,   6.)
 ( 94.,   6.) ( 92.,   8.) ( 92.,   8.) ( 92.,   8.) ( 92.,   8.)
 ( 95.,   5.) ( 95.,   5.) ( 98.,   2.) ( 98.,   2.) ( 97.,   3.)
 ( 97.,   3.) ( 97.,   3.) ( 97.,   3.) ( 92.,   8.) ( 92.,   8.)
 ( 96.,   4.) ( 96.,   4.) ( 89.,  11.) ( 89.,  11.) ( 97.,   3.)
 ( 97.,   3.) ( 92.,   8.) ( 92.,   8.) ( 93.,   7.) ( 93.,   7.)
 ( 86.,  14.) ( 86.,  14.) ( 94.,   6.) ( 94.,   6.) ( 92.,   8.)
 ( 92.,   8.) ( 97.,   3.) ( 97.,   3.) ( 97.,   3.) ( 97.,   3.)
 ( 95.,   5.) ( 95.,   5.) ( 93.,   7.) ( 93.,   7.) ( 94.,   6.)
 ( 94.,   6.) ( 96.,   4.) ( 96.,   4.) ( 95.,   5.) ( 95.,   5.)
 ( 97.,   3.) ( 97.,   3.) ( 94.,   6.) ( 94.,   6.) ( 97.,   3.)
 ( 97.,   3.) ( 96.,   4.) ( 96.,   4.) ( 91.,   9.) ( 91.,   9.)
 ( 96.,   4.) ( 96.,   4.) ( 94.,   6.) ( 94.,   6.) ( 94.,   6.)
 ( 94.,   6.) ( 96.,   4.) ( 96.,   4.) ( 96.,   4.) ( 96.,   4.)
 ( 94.,   6.) ( 94.,   6.) ( 94.,   6.) ( 94.,   6.) ( 91.,   9.)
 ( 91.,   9.) ( 76.,  24.) ( 76.,  24.) ( 79.,  21.) ( 79.,  21.)
 ( 92.,   8.) ( 92.,   8.) ( 94.,   6.) ( 94.,   6.) ( 94.,   6.)
 ( 94.,   6.) ( 95.,   5.) ( 95.,   5.) ( 96.,   4.) ( 96.,   4.)
 ( 83.,  17.) ( 83.,  17.) ( 94.,   6.) ( 94.,   6.) ( 92.,   8.)
 ( 92.,   8.) ( 87.,  13.) ( 87.,  13.) ( 94.,   6.) ( 94.,   6.)
 ( 89.,  11.) ( 89.,  11.) ( 93.,   7.) ( 93.,   7.) ( 98.,   2.)
 ( 98.,   2.) ( 96.,   4.) ( 96.,   4.) ( 92.,   8.) ( 92.,   8.)
 ( 92.,   8.) ( 92.,   8.) ( 96.,   4.) ( 96.,   4.) ( 94.,   6.)
 ( 94.,   6.) ( 79.,  21.) ( 79.,  21.) ( 69.,  31.) ( 69.,  31.)
 ( 73.,  27.) ( 73.,  27.) ( 77.,  23.) ( 77.,  23.) ( 73.,  27.)
 ( 73.,  27.) ( 70.,  30.) ( 70.,  30.) ( 63.,  37.) ( 63.,  37.)
 ( 70.,  30.) ( 70.,  30.) ( 68.,  32.) ( 68.,  32.) ( 72.,  28.)
 ( 72.,  28.) ( 66.,  34.) ( 66.,  34.) ( 68.,  32.) ( 68.,  32.)
 ( 74.,  26.) ( 74.,  26.) ( 80.,  20.) ( 80.,  20.) ( 81.,  19.)
 ( 81.,  19.) ( 72.,  28.) ( 72.,  28.) ( 68.,  32.) ( 68.,  32.)
 ( 72.,  28.) ( 72.,  28.) ( 60.,  40.) ( 60.,  40.) ( 65.,  35.)
 ( 65.,  35.) ( 67.,  33.) ( 67.,  33.) ( 73.,  27.) ( 73.,  27.)
 ( 74.,  26.) ( 74.,  26.) ( 93.,   7.) ( 93.,   7.) ( 88.,  12.)
 ( 88.,  12.) ( 79.,  21.) ( 79.,  21.) ( 96.,   4.) ( 96.,   4.)
 ( 95.,   5.) ( 95.,   5.) ( 93.,   7.) ( 93.,   7.) ( 96.,   4.)
 ( 96.,   4.) ( 92.,   8.) ( 92.,   8.) ( 92.,   8.) ( 92.,   8.)
 ( 97.,   3.) ( 97.,   3.) ( 90.,  10.) ( 90.,  10.) ( 97.,   3.)
 ( 97.,   3.) ( 97.,   3.) ( 97.,   3.) ( 96.,   4.) ( 96.,   4.)
 ( 92.,   8.) ( 92.,   8.) ( 95.,   5.) ( 95.,   5.) ( 92.,   8.)
 ( 92.,   8.) ( 97.,   3.) ( 97.,   3.) ( 91.,   9.) ( 91.,   9.)
 ( 99.,   1.) ( 99.,   1.) ( 94.,   6.) ( 94.,   6.) ( 90.,  10.)
 ( 90.,  10.) ( 94.,   6.) ( 94.,   6.) ( 95.,   5.) ( 95.,   5.)
 ( 93.,   7.) ( 93.,   7.) ( 96.,   4.) ( 96.,   4.) ( 93.,   7.)
 ( 93.,   7.) ( 94.,   6.) ( 94.,   6.) ( 93.,   7.) ( 93.,   7.)
 ( 94.,   6.) ( 94.,   6.) ( 92.,   8.) ( 92.,   8.) ( 94.,   6.)
 ( 94.,   6.) ( 95.,   5.) ( 95.,   5.) ( 99.,   1.) ( 99.,   1.)
 ( 94.,   6.) ( 94.,   6.) ( 94.,   6.) ( 94.,   6.) ( 91.,   9.)
 ( 91.,   9.) ( 95.,   5.) ( 95.,   5.) ( 91.,   9.) ( 91.,   9.)
 ( 94.,   6.) ( 94.,   6.) ( 92.,   8.) ( 92.,   8.) ( 93.,   7.)
 ( 93.,   7.) ( 92.,   8.) ( 92.,   8.) ( 94.,   6.) ( 94.,   6.)
 ( 96.,   4.) ( 96.,   4.) ( 92.,   8.) ( 92.,   8.) ( 94.,   6.)
 ( 94.,   6.) ( 97.,   3.) ( 97.,   3.) ( 98.,   2.) ( 98.,   2.)
 ( 96.,   4.) ( 96.,   4.) ( 94.,   6.) ( 94.,   6.) ( 93.,   7.)
 ( 93.,   7.) ( 92.,   8.) ( 92.,   8.) ( 87.,  13.) ( 87.,  13.)
 ( 96.,   4.) ( 96.,   4.) ( 91.,   9.) ( 91.,   9.) ( 90.,  10.)
 ( 90.,  10.) ( 94.,   6.) ( 94.,   6.) ( 89.,  11.) ( 89.,  11.)
 ( 97.,   3.) ( 97.,   3.) ( 95.,   5.) ( 95.,   5.) ( 96.,   4.)
 ( 96.,   4.) ( 94.,   6.) ( 94.,   6.) ( 94.,   6.) ( 94.,   6.)
 ( 93.,   7.) ( 93.,   7.) ( 94.,   6.) ( 94.,   6.) ( 93.,   7.)
 ( 93.,   7.) ( 96.,   4.) ( 96.,   4.) ( 98.,   2.) ( 98.,   2.)
 ( 89.,  11.) ( 89.,  11.) ( 86.,  14.) ( 86.,  14.) ( 90.,  10.)
 ( 90.,  10.) ( 93.,   7.) ( 93.,   7.) ( 89.,  11.) ( 89.,  11.)
 ( 90.,  10.) ( 90.,  10.) ( 91.,   9.) ( 91.,   9.) ( 91.,   9.)
 ( 91.,   9.) ( 92.,   8.) ( 92.,   8.) ( 93.,   7.) ( 93.,   7.)
 ( 98.,   2.) ( 98.,   2.) (100.,   0.) (100.,   0.) ( 94.,   6.)
 ( 94.,   6.) ( 94.,   6.) ( 94.,   6.) ( 97.,   3.) ( 97.,   3.)
 ( 94.,   6.) ( 94.,   6.) ( 90.,  10.) ( 90.,  10.) ( 99.,   1.)
 ( 99.,   1.) ( 94.,   6.) ( 94.,   6.) ( 94.,   6.) ( 94.,   6.)
 ( 90.,  10.) ( 90.,  10.) ( 97.,   3.) ( 97.,   3.) ( 91.,   9.)
 ( 91.,   9.) ( 94.,   6.) ( 94.,   6.) ( 93.,   7.) ( 93.,   7.)
 ( 94.,   6.) ( 94.,   6.) ( 94.,   6.) ( 94.,   6.) ( 92.,   8.)
 ( 92.,   8.) ( 92.,   8.) ( 92.,   8.) ( 94.,   6.) ( 94.,   6.)
 ( 93.,   7.) ( 93.,   7.) ( 95.,   5.) ( 95.,   5.) ( 98.,   2.)
 ( 98.,   2.) ( 96.,   4.) ( 96.,   4.) ( 97.,   3.) ( 97.,   3.)
 ( 94.,   6.) ( 94.,   6.) ( 95.,   5.) ( 95.,   5.) ( 97.,   3.)
 ( 97.,   3.) ( 94.,   6.) ( 94.,   6.) ( 92.,   8.) ( 92.,   8.)
 ( 91.,   9.) ( 91.,   9.) ( 95.,   5.) ( 95.,   5.) ( 93.,   7.)
 ( 93.,   7.) ( 93.,   7.) ( 93.,   7.) ( 93.,   7.) ( 93.,   7.)
 ( 91.,   9.) ( 91.,   9.) ( 93.,   7.) ( 93.,   7.) ( 93.,   7.)
 ( 93.,   7.) ( 97.,   3.) ( 97.,   3.) ( 96.,   4.) ( 96.,   4.)
 ( 92.,   8.) ( 92.,   8.) ( 92.,   8.) ( 92.,   8.) ( 94.,   6.)
 ( 94.,   6.) ( 98.,   2.) ( 98.,   2.) ( 98.,   2.) ( 98.,   2.)
 ( 92.,   8.) ( 92.,   8.) ( 95.,   5.) ( 95.,   5.) ( 95.,   5.)
 ( 95.,   5.) ( 95.,   5.) ( 95.,   5.) ( 94.,   6.) ( 94.,   6.)
 ( 97.,   3.) ( 97.,   3.) (100.,   0.) (100.,   0.) ( 97.,   3.)
 ( 97.,   3.) ( 95.,   5.) ( 95.,   5.) ( 95.,   5.) ( 95.,   5.)
 ( 95.,   5.) ( 95.,   5.) ( 94.,   6.) ( 94.,   6.) ( 93.,   7.)
 ( 93.,   7.) ( 96.,   4.) ( 96.,   4.) ( 96.,   4.) ( 96.,   4.)
 ( 93.,   7.) ( 93.,   7.) ( 93.,   7.) ( 93.,   7.) ( 89.,  11.)
 ( 89.,  11.)] 
Solution Description: 
p: [  0.          34.54727937  84.87783147 125.71829955 143.94289256
 144.47751358 158.15892594 175.51105184 275.70091719 343.6318001
 343.63181801   0.          18.67738622 148.07403436 201.86790238
 216.17201162 224.97883049 225.76944134 237.8931157  249.30772388
 260.48098017 299.79188131 326.35216117 335.97226952   0.
  29.55843142  35.79328942  45.35993848 111.35748055 143.57835149
 143.57998527 143.97612163 165.91124324 170.08609005 270.03974847
 270.30669368 339.62673759 340.37983671 341.04815849 357.92618963
   0.          10.51101384  48.43780602  62.38803703  71.55342471
 117.54276358 165.84674216 194.045886   220.19972511 232.34561978
 278.06891485 298.435817  ] 
pred: [0 0 0 0 0 0 5 5 5 5 5 0 0 0 0 0 0 0 0 7 7 7 7 7 0 0 0 0 3 3 3 3 3 3 9 9 9
 9 9 9 0 0 0 0 0 0 0 0 7 7 9 9] 
distance [  0.          34.54727937  84.87783147 125.71829955 143.94289256
 144.47751358  13.68141235  31.03353825 131.2234036  199.15428652
 199.15430442   0.          18.67738622 148.07403436 201.86790238
 216.17201162 224.97883049 225.76944134 237.8931157   11.41460818
  22.58786447  61.89876561  88.45904548  98.07915382   0.
  29.55843142  35.79328942  45.35993848  65.99754208  98.21841301
  98.2200468   98.61618316 120.55130477 124.72615157  99.95365842
 100.22060363 169.54064754 170.29374666 170.96206844 187.84009958
   0.          10.51101384  48.43780602  62.38803703  71.55342471
 117.54276358 165.84674216 194.045886    26.15383911  38.29973378
  45.72329507  66.09019721]
load: [  0  13  35  45  61  68  14  27  32  35  46   0  22  41  60  66  91 115
 131  18  43  48  64  85   0   9  18  30   8  11  21  31  37  62  19  35
  44  64  84  96   0   8  12  26  40  57  62  77  13  26  21  36] 
time: [  0.          80.         115.34683757 414.         443.16015238
 490.33293833 159.         178.42506149 234.97429662 319.
 415.25866313   0.         182.         253.25133471 326.98022021
 344.44956691 414.         459.         518.10459408  90.
 130.         160.         398.         455.04593794   0.
 257.         340.         399.         203.         233.72280874
 246.89719727 321.         357.24520703 446.          72.
 192.         241.20298871 268.20115563 282.44169868 317.
   0.         121.         226.         329.         378.
 434.         475.95303324 529.64070694 207.         375.
 115.         443.        ] 
time warps: [0 0 0 0 0 0 0 0 0 0 0 0 0 0 0 0 0 0 0 0 0 0 0 0 0 0 0 0 0 0 0 0 0 0 0 0 0
 0 0 0 0 0 0 0 0 0 0 0 0 0 0 0] 
duration: [  0.          41.54727937 116.87783147 410.37249982 449.59709284
 454.13171386  17.68141235  41.03353825 165.2234036  264.24110313
 273.24112103   0.          24.67738622 171.07403436 234.86790238
 259.17201162 323.06307377 366.72088391 379.84455826  12.41460818
  64.77686183 122.28197165 373.345295   405.96540334   0.
  35.55843142 131.55279301 175.11867913  75.99754208 112.21841301
 119.2200468  185.8452449  209.78036651 299.53312674 120.95365842
 214.42823731 285.74828122 291.50138034 300.16970212 332.70578374
   0.          17.51101384 155.03431469 244.72426381 305.6796988
 378.52120495 429.82518353 476.02432737  48.15383911 199.42604651
  55.72329507 403.26861412]

All individuals: [(38, [10, 12, 15, 11,  9, 42, 48,  3, 11, 35,  7,  4, 19, 37, 34, 46, 24, 12, 21, 43, 32, 10, 45,  6, 27, 22, 28, 14,  1, 41, 44, 31, 36, 26, 16, 33, 20, 13,  8, 29,  5,  2, 15, 25, 23, 18, 17, 40, 39, 30, 47, 38], 1335.96609416, 1335.96609416, 0.,  0.        ,  0.        , 0., 0, 0, 0.)
 (38, [10, 12, 15, 11,  9, 42, 48,  3, 11, 35,  7,  4, 19, 37, 34, 46, 24, 12, 21, 43, 32, 10, 45,  6, 27, 22, 28, 14,  1, 41, 44, 31, 36, 26, 16, 33, 20, 13,  8, 29,  5,  2, 15, 25, 23, 18, 17, 40, 39, 30, 47, 38], 1335.96609416, 1335.96609416, 0.,  0.        ,  0.        , 0., 0, 0, 0.)
 (38, [10, 12, 15, 11,  9, 42, 48,  3, 11, 35,  7,  4, 19, 37, 34, 46, 24, 12, 21, 43, 32, 10, 45,  6, 27, 22, 28, 14,  1, 41, 44, 31, 36, 26, 16, 33, 20, 13,  8, 29,  5,  2, 15, 25, 23, 18, 17, 40, 39, 30, 47, 38], 1335.96609416, 1335.96609416, 0.,  0.        ,  0.        , 0., 0, 0, 0.)
 (38, [10, 12, 15, 11,  9, 42, 48,  3, 11, 35,  7,  4, 19, 37, 34, 46, 24, 12, 21, 43, 32, 10, 45,  6, 27, 22, 28, 14,  1, 41, 44, 31, 36, 26, 16, 33, 20, 13,  8, 29,  5,  2, 15, 25, 23, 18, 17, 40, 39, 30, 47, 38], 1335.96609416, 1335.96609416, 0.,  0.        ,  0.        , 0., 0, 0, 0.)
 (38, [10, 12, 15, 11,  9, 42, 48,  3, 11, 35,  7,  4, 19, 37, 34, 46, 24, 12, 21, 43, 32, 10, 45,  6, 27, 22, 28, 14,  1, 41, 44, 31, 36, 26, 16, 33, 20, 13,  8, 29,  5,  2, 15, 25, 23, 18, 17, 40, 39, 30, 47, 38], 1335.96609416, 1335.96609416, 0.,  0.        ,  0.        , 0., 0, 0, 0.)
 (38, [10, 12, 15, 11,  9, 42, 48,  3, 11, 35,  7,  4, 19, 37, 34, 46, 24, 12, 21, 43, 32, 10, 45,  6, 27, 22, 28, 14,  1, 41, 44, 31, 36, 26, 16, 33, 20, 13,  8, 29,  5,  2, 15, 25, 23, 18, 17, 40, 39, 30, 47, 38], 1335.96609416, 1335.96609416, 0.,  0.        ,  0.        , 0., 0, 0, 0.)
 (38, [10, 12, 15, 11,  9, 42, 48,  3, 11, 35,  7,  4, 19, 37, 34, 46, 24, 12, 21, 43, 32, 10, 45,  6, 27, 22, 28, 14,  1, 41, 44, 31, 36, 26, 16, 33, 20, 13,  8, 29,  5,  2, 15, 25, 23, 18, 17, 40, 39, 30, 47, 38], 1335.96609416, 1335.96609416, 0.,  0.        ,  0.        , 0., 0, 0, 0.)
 (38, [10, 12, 15, 11,  9, 42, 48,  3, 11, 35,  7,  4, 19, 37, 34, 46, 24, 12, 21, 43, 32, 10, 45,  6, 27, 22, 28, 14,  1, 41, 44, 31, 36, 26, 16, 33, 20, 13,  8, 29,  5,  2, 15, 25, 23, 18, 17, 40, 39, 30, 47, 38], 1335.96609416, 1335.96609416, 0.,  0.        ,  0.        , 0., 0, 0, 0.)
 (38, [10, 12, 15, 11,  9, 42, 48,  3, 11, 35,  7,  4, 19, 37, 34, 46, 24, 12, 21, 43, 32, 10, 45,  6, 27, 22, 28, 14,  1, 41, 44, 31, 36, 26, 16, 33, 20, 13,  8, 29,  5,  2, 15, 25, 23, 18, 17, 40, 39, 30, 47, 38], 1335.96609416, 1335.96609416, 0.,  0.        ,  0.        , 0., 0, 0, 0.)
 (38, [10, 12, 15, 11,  9, 42, 48,  3, 11, 35,  7,  4, 19, 37, 34, 46, 24, 12, 21, 43, 32, 10, 45,  6, 27, 22, 28, 14,  1, 41, 44, 31, 36, 26, 16, 33, 20, 13,  8, 29,  5,  2, 15, 25, 23, 18, 17, 40, 39, 30, 47, 38], 1335.96609416, 1335.96609416, 0.,  0.        ,  0.        , 0., 0, 0, 0.)
 (38, [10, 12, 15, 11,  9, 42, 48,  3, 11, 35,  7,  4, 19, 37, 34, 46, 24, 12, 21, 43, 32, 10, 45,  6, 27, 22, 28, 14,  1, 41, 44, 31, 36, 26, 16, 33, 20, 13,  8, 29,  5,  2, 15, 25, 23, 18, 17, 40, 39, 30, 47, 38], 1335.96609416, 1335.96609416, 0.,  0.        ,  0.        , 0., 0, 0, 0.)
 (38, [10, 12, 15, 11,  9, 42, 48,  3, 11, 35,  7,  4, 19, 37, 34, 46, 24, 12, 21, 43, 32, 10, 45,  6, 27, 22, 28, 14,  1, 41, 44, 31, 36, 26, 16, 33, 20, 13,  8, 29,  5,  2, 15, 25, 23, 18, 17, 40, 39, 30, 47, 38], 1335.96609416, 1335.96609416, 0.,  0.        ,  0.        , 0., 0, 0, 0.)
 (38, [10, 12, 15, 11,  9, 42, 48,  3, 11, 35,  7,  4, 19, 37, 34, 46, 24, 12, 21, 43, 32, 10, 45,  6, 27, 22, 28, 14,  1, 41, 44, 31, 36, 26, 16, 33, 20, 13,  8, 29,  5,  2, 15, 25, 23, 18, 17, 40, 39, 30, 47, 38], 1335.96609416, 1335.96609416, 0.,  0.        ,  0.        , 0., 0, 0, 0.)
 (38, [10, 12, 15, 11,  9, 42, 48,  3, 11, 35,  7,  4, 19, 37, 34, 46, 24, 12, 21, 43, 32, 10, 45,  6, 27, 22, 28, 14,  1, 41, 44, 31, 36, 26, 16, 33, 20, 13,  8, 29,  5,  2, 15, 25, 23, 18, 17, 40, 39, 30, 47, 38], 1335.96609416, 1335.96609416, 0.,  0.        ,  0.        , 0., 0, 0, 0.)
 (38, [10, 12, 15, 11,  9, 42, 48,  3, 11, 35,  7,  4, 19, 37, 34, 46, 24, 12, 21, 43, 32, 10, 45,  6, 27, 22, 28, 14,  1, 41, 44, 31, 36, 26, 16, 33, 20, 13,  8, 29,  5,  2, 15, 25, 23, 18, 17, 40, 39, 30, 47, 38], 1335.96609416, 1335.96609416, 0.,  0.        ,  0.        , 0., 0, 0, 0.)
 (38, [10, 12, 15, 11,  9, 42, 48,  3, 11, 35,  7,  4, 19, 37, 34, 46, 24, 12, 21, 43, 32, 10, 45,  6, 27, 22, 28, 14,  1, 41, 44, 31, 36, 26, 16, 33, 20, 13,  8, 29,  5,  2, 15, 25, 23, 18, 17, 40, 39, 30, 47, 38], 1335.96609416, 1335.96609416, 0.,  0.        ,  0.        , 0., 0, 0, 0.)
 (38, [10, 12, 15, 11,  9, 42, 48,  3, 11, 35,  7,  4, 19, 37, 34, 46, 24, 12, 21, 43, 32, 10, 45,  6, 27, 22, 28, 14,  1, 41, 44, 31, 36, 26, 16, 33, 20, 13,  8, 29,  5,  2, 15, 25, 23, 18, 17, 40, 39, 30, 47, 38], 1335.96609416, 1335.96609416, 0.,  0.        ,  0.        , 0., 0, 0, 0.)
 (38, [10, 12, 15, 11,  9, 42, 48,  3, 11, 35,  7,  4, 19, 37, 34, 46, 24, 12, 21, 43, 32, 10, 45,  6, 27, 22, 28, 14,  1, 41, 44, 31, 36, 26, 16, 33, 20, 13,  8, 29,  5,  2, 15, 25, 23, 18, 17, 40, 39, 30, 47, 38], 1335.96609416, 1335.96609416, 0.,  0.        ,  0.        , 0., 0, 0, 0.)
 (38, [10, 12, 15, 11,  9, 42, 48,  3, 11, 35,  7,  4, 19, 37, 34, 46, 24, 12, 21, 43, 32, 10, 45,  6, 27, 22, 28, 14,  1, 41, 44, 31, 36, 26, 16, 33, 20, 13,  8, 29,  5,  2, 15, 25, 23, 18, 17, 40, 39, 30, 47, 38], 1335.96609416, 1335.96609416, 0.,  0.        ,  0.        , 0., 0, 0, 0.)
 (38, [10, 12, 15, 11,  9, 42, 48,  3, 11, 35,  7,  4, 19, 37, 34, 46, 24, 12, 21, 43, 32, 10, 45,  6, 27, 22, 28, 14,  1, 41, 44, 31, 36, 26, 16, 33, 20, 13,  8, 29,  5,  2, 15, 25, 23, 18, 17, 40, 39, 30, 47, 38], 1335.96609416, 1335.96609416, 0.,  0.        ,  0.        , 0., 0, 0, 0.)
 (38, [10, 12, 15, 11,  9, 42, 48,  3, 11, 35,  7,  4, 19, 37, 34, 46, 24, 12, 21, 43, 32, 10, 45,  6, 27, 22, 28, 14,  1, 41, 44, 31, 36, 26, 16, 33, 20, 13,  8, 29,  5,  2, 15, 25, 23, 18, 17, 40, 39, 30, 47, 38], 1335.96609416, 1335.96609416, 0.,  0.        ,  0.        , 0., 0, 0, 0.)
 (38, [10, 12, 15, 11,  9, 42, 48,  3, 11, 35,  7,  4, 19, 37, 34, 46, 24, 12, 21, 43, 32, 10, 45,  6, 27, 22, 28, 14,  1, 41, 44, 31, 36, 26, 16, 33, 20, 13,  8, 29,  5,  2, 15, 25, 23, 18, 17, 40, 39, 30, 47, 38], 1335.96609416, 1335.96609416, 0.,  0.        ,  0.        , 0., 0, 0, 0.)
 (38, [10, 12, 15, 11,  9, 42, 48,  3, 11, 35,  7,  4, 19, 37, 34, 46, 24, 12, 21, 43, 32, 10, 45,  6, 27, 22, 28, 14,  1, 41, 44, 31, 36, 26, 16, 33, 20, 13,  8, 29,  5,  2, 15, 25, 23, 18, 17, 40, 39, 30, 47, 38], 1335.96609416, 1335.96609416, 0.,  0.        ,  0.        , 0., 0, 0, 0.)
 (38, [10, 12, 15, 11,  9, 42, 48,  3, 11, 35,  7,  4, 19, 37, 34, 46, 24, 12, 21, 43, 32, 10, 45,  6, 27, 22, 28, 14,  1, 41, 44, 31, 36, 26, 16, 33, 20, 13,  8, 29,  5,  2, 15, 25, 23, 18, 17, 40, 39, 30, 47, 38], 1335.96609416, 1335.96609416, 0.,  0.        ,  0.        , 0., 0, 0, 0.)
 (38, [10, 12, 15, 11,  9, 42, 48,  3, 11, 35,  7,  4, 19, 37, 34, 46, 24, 12, 21, 43, 32, 10, 45,  6, 27, 22, 28, 14,  1, 41, 44, 31, 36, 26, 16, 33, 20, 13,  8, 29,  5,  2, 15, 25, 23, 18, 17, 40, 39, 30, 47, 38], 1335.96609416, 1335.96609416, 0.,  0.        ,  0.        , 0., 0, 0, 0.)
 (38, [10, 12, 15, 11,  9, 42, 48,  3, 11, 35,  7,  4, 19, 37, 34, 46, 24, 12, 21, 43, 32, 10, 45,  6, 27, 22, 28, 14,  1, 41, 44, 31, 36, 26, 16, 33, 20, 13,  8, 29,  5,  2, 15, 25, 23, 18, 17, 40, 39, 30, 47, 38], 1335.96609416, 1335.96609416, 0.,  0.        ,  0.        , 0., 0, 0, 0.)
 (38, [10, 12, 15, 11,  9, 42, 48,  3, 11, 35,  7,  4, 19, 37, 34, 46, 24, 12, 21, 43, 32, 10, 45,  6, 27, 22, 28, 14,  1, 41, 44, 31, 36, 26, 16, 33, 20, 13,  8, 29,  5,  2, 15, 25, 23, 18, 17, 40, 39, 30, 47, 38], 1335.96609416, 1335.96609416, 0.,  0.        ,  0.        , 0., 0, 0, 0.)
 (38, [10, 12, 15, 11,  9, 42, 48,  3, 11, 35,  7,  4, 19, 37, 34, 46, 24, 12, 21, 43, 32, 10, 45,  6, 27, 22, 28, 14,  1, 41, 44, 31, 36, 26, 16, 33, 20, 13,  8, 29,  5,  2, 15, 25, 23, 18, 17, 40, 39, 30, 47, 38], 1335.96609416, 1335.96609416, 0.,  0.        ,  0.        , 0., 0, 0, 0.)
 (38, [10, 12, 15, 11,  9, 42, 48,  3, 11, 35,  7,  4, 19, 37, 34, 46, 24, 12, 21, 43, 32, 10, 45,  6, 27, 22, 28, 14,  1, 41, 44, 31, 36, 26, 16, 33, 20, 13,  8, 29,  5,  2, 15, 25, 23, 18, 17, 40, 39, 30, 47, 38], 1335.96609416, 1335.96609416, 0.,  0.        ,  0.        , 0., 0, 0, 0.)
 (38, [10, 12, 15, 11,  9, 42, 48,  3, 11, 35,  7,  4, 19, 37, 34, 46, 24, 12, 21, 43, 32, 10, 45,  6, 27, 22, 28, 14,  1, 41, 44, 31, 36, 26, 16, 33, 20, 13,  8, 29,  5,  2, 15, 25, 23, 18, 17, 40, 39, 30, 47, 38], 1335.96609416, 1335.96609416, 0.,  0.        ,  0.        , 0., 0, 0, 0.)
 (38, [10, 12, 15, 11,  9, 42, 48,  3, 11, 35,  7,  4, 19, 37, 34, 46, 24, 12, 21, 43, 32, 10, 45,  6, 27, 22, 28, 14,  1, 41, 44, 31, 36, 26, 16, 33, 20, 13,  8, 29,  5,  2, 15, 25, 23, 18, 17, 40, 39, 30, 47, 38], 1335.96609416, 1335.96609416, 0.,  0.        ,  0.        , 0., 0, 0, 0.)
 (38, [10, 12, 15, 11,  9, 42, 48,  3, 11, 35,  7,  4, 19, 37, 34, 46, 24, 12, 21, 43, 32, 10, 45,  6, 27, 22, 28, 14,  1, 41, 44, 31, 36, 26, 16, 33, 20, 13,  8, 29,  5,  2, 15, 25, 23, 18, 17, 40, 39, 30, 47, 38], 1335.96609416, 1335.96609416, 0.,  0.        ,  0.        , 0., 0, 0, 0.)
 (38, [10, 12, 15, 11,  9, 42, 48,  3, 11, 35,  7,  4, 19, 37, 34, 46, 24, 12, 21, 43, 32, 10, 45,  6, 27, 22, 28, 14,  1, 41, 44, 31, 36, 26, 16, 33, 20, 13,  8, 29,  5,  2, 15, 25, 23, 18, 17, 40, 39, 30, 47, 38], 1335.96609416, 1335.96609416, 0.,  0.        ,  0.        , 0., 0, 0, 0.)
 (38, [10, 12, 15, 11,  9, 42, 48,  3, 11, 35,  7,  4, 19, 37, 34, 46, 24, 12, 21, 43, 32, 10, 45,  6, 27, 22, 28, 14,  1, 41, 44, 31, 36, 26, 16, 33, 20, 13,  8, 29,  5,  2, 15, 25, 23, 18, 17, 40, 39, 30, 47, 38], 1335.96609416, 1335.96609416, 0.,  0.        ,  0.        , 0., 0, 0, 0.)
 (38, [10, 12, 15, 11,  9, 42, 48,  3, 11, 35,  7,  4, 19, 37, 34, 46, 24, 12, 21, 43, 32, 10, 45,  6, 27, 22, 28, 14,  1, 41, 44, 31, 36, 26, 16, 33, 20, 13,  8, 29,  5,  2, 15, 25, 23, 18, 17, 40, 39, 30, 47, 38], 1335.96609416, 1335.96609416, 0.,  0.        ,  0.        , 0., 0, 0, 0.)
 (38, [10, 12, 15, 11,  9, 42, 48,  3, 11, 35,  7,  4, 19, 37, 34, 46, 24, 12, 21, 43, 32, 10, 45,  6, 27, 22, 28, 14,  1, 41, 44, 31, 36, 26, 16, 33, 20, 13,  8, 29,  5,  2, 15, 25, 23, 18, 17, 40, 39, 30, 47, 38], 1335.96609416, 1335.96609416, 0.,  0.        ,  0.        , 0., 0, 0, 0.)
 (38, [10, 12, 15, 11,  9, 42, 48,  3, 11, 35,  7,  4, 19, 37, 34, 46, 24, 12, 21, 43, 32, 10, 45,  6, 27, 22, 28, 14,  1, 41, 44, 31, 36, 26, 16, 33, 20, 13,  8, 29,  5,  2, 15, 25, 23, 18, 17, 40, 39, 30, 47, 38], 1335.96609416, 1335.96609416, 0.,  0.        ,  0.        , 0., 0, 0, 0.)
 (38, [10, 12, 15, 11,  9, 42, 48,  3, 11, 35,  7,  4, 19, 37, 34, 46, 24, 12, 21, 43, 32, 10, 45,  6, 27, 22, 28, 14,  1, 41, 44, 31, 36, 26, 16, 33, 20, 13,  8, 29,  5,  2, 15, 25, 23, 18, 17, 40, 39, 30, 47, 38], 1335.96609416, 1335.96609416, 0.,  0.        ,  0.        , 0., 0, 0, 0.)
 (38, [10, 12, 15, 11,  9, 42, 48,  3, 11, 35,  7,  4, 19, 37, 34, 46, 24, 12, 21, 43, 32, 10, 45,  6, 27, 22, 28, 14,  1, 41, 44, 31, 36, 26, 16, 33, 20, 13,  8, 29,  5,  2, 15, 25, 23, 18, 17, 40, 39, 30, 47, 38], 1335.96609416, 1335.96609416, 0.,  0.        ,  0.        , 0., 0, 0, 0.)
 (38, [10, 12, 15, 11,  9, 42, 48,  3, 11, 35,  7,  4, 19, 37, 34, 46, 24, 12, 21, 43, 32, 10, 45,  6, 27, 22, 28, 14,  1, 41, 44, 31, 36, 26, 16, 33, 20, 13,  8, 29,  5,  2, 15, 25, 23, 18, 17, 40, 39, 30, 47, 38], 1335.96609416, 1335.96609416, 0.,  0.        ,  0.        , 0., 0, 0, 0.)
 (38, [10, 12, 15, 11,  9, 42, 48,  3, 11, 35,  7,  4, 19, 37, 34, 46, 24, 12, 21, 43, 32, 10, 45,  6, 27, 22, 28, 14,  1, 41, 44, 31, 36, 26, 16, 33, 20, 13,  8, 29,  5,  2, 15, 25, 23, 18, 17, 40, 39, 30, 47, 38], 1335.96609416, 1335.96609416, 0.,  0.        ,  0.        , 0., 0, 0, 0.)
 (38, [10, 12, 15, 11,  9, 42, 48,  3, 11, 35,  7,  4, 19, 37, 34, 46, 24, 12, 21, 43, 32, 10, 45,  6, 27, 22, 28, 14,  1, 41, 44, 31, 36, 26, 16, 33, 20, 13,  8, 29,  5,  2, 15, 25, 23, 18, 17, 40, 39, 30, 47, 38], 1335.96609416, 1335.96609416, 0.,  0.        ,  0.        , 0., 0, 0, 0.)
 (38, [10, 12, 15, 11,  9, 42, 48,  3, 11, 35,  7,  4, 19, 37, 34, 46, 24, 12, 21, 43, 32, 10, 45,  6, 27, 22, 28, 14,  1, 41, 44, 31, 36, 26, 16, 33, 20, 13,  8, 29,  5,  2, 15, 25, 23, 18, 17, 40, 39, 30, 47, 38], 1335.96609416, 1335.96609416, 0.,  0.        ,  0.        , 0., 0, 0, 0.)
 (38, [10, 12, 15, 11,  9, 42, 48,  3, 11, 35,  7,  4, 19, 37, 34, 46, 24, 12, 21, 43, 32, 10, 45,  6, 27, 22, 28, 14,  1, 41, 44, 31, 36, 26, 16, 33, 20, 13,  8, 29,  5,  2, 15, 25, 23, 18, 17, 40, 39, 30, 47, 38], 1335.96609416, 1335.96609416, 0.,  0.        ,  0.        , 0., 0, 0, 0.)
 (38, [10, 12, 15, 11,  9, 42, 48,  3, 11, 35,  7,  4, 19, 37, 34, 46, 24, 12, 21, 43, 32, 10, 45,  6, 27, 22, 28, 14,  1, 41, 44, 31, 36, 26, 16, 33, 20, 13,  8, 29,  5,  2, 15, 25, 23, 18, 17, 40, 39, 30, 47, 38], 1335.96609416, 1335.96609416, 0.,  0.        ,  0.        , 0., 0, 0, 0.)
 (38, [10, 12, 15, 11,  9, 42, 48,  3, 11, 35,  7,  4, 19, 37, 34, 46, 24, 12, 21, 43, 32, 10, 45,  6, 27, 22, 28, 14,  1, 41, 44, 31, 36, 26, 16, 33, 20, 13,  8, 29,  5,  2, 15, 25, 23, 18, 17, 40, 39, 30, 47, 38], 1335.96609416, 1335.96609416, 0.,  0.        ,  0.        , 0., 0, 0, 0.)
 (38, [10, 12, 15, 11,  9, 42, 48,  3, 11, 35,  7,  4, 19, 37, 34, 46, 24, 12, 21, 43, 32, 10, 45,  6, 27, 22, 28, 14,  1, 41, 44, 31, 36, 26, 16, 33, 20, 13,  8, 29,  5,  2, 15, 25, 23, 18, 17, 40, 39, 30, 47, 38], 1335.96609416, 1335.96609416, 0.,  0.        ,  0.        , 0., 0, 0, 0.)
 (38, [10, 12, 15, 11,  9, 42, 48,  3, 11, 35,  7,  4, 19, 37, 34, 46, 24, 12, 21, 43, 32, 10, 45,  6, 27, 22, 28, 14,  1, 41, 44, 31, 36, 26, 16, 33, 20, 13,  8, 29,  5,  2, 15, 25, 23, 18, 17, 40, 39, 30, 47, 38], 1335.96609416, 1335.96609416, 0.,  0.        ,  0.        , 0., 0, 0, 0.)
 (38, [10, 12, 15, 11,  9, 42, 48,  3, 11, 35,  7,  4, 19, 37, 34, 46, 24, 12, 21, 43, 32, 10, 45,  6, 27, 22, 28, 14,  1, 41, 44, 31, 36, 26, 16, 33, 20, 13,  8, 29,  5,  2, 15, 25, 23, 18, 17, 40, 39, 30, 47, 38], 1335.96609416, 1335.96609416, 0.,  0.        ,  0.        , 0., 0, 0, 0.)
 (38, [10, 12, 15, 11,  9, 42, 48,  3, 11, 35,  7,  4, 19, 37, 34, 46, 24, 12, 21, 43, 32, 10, 45,  6, 27, 22, 28, 14,  1, 41, 44, 31, 36, 26, 16, 33, 20, 13,  8, 29,  5,  2, 15, 25, 23, 18, 17, 40, 39, 30, 47, 38], 1335.96609416, 1335.96609416, 0.,  0.        ,  0.        , 0., 0, 0, 0.)
 (38, [10, 12, 15, 11,  9, 42, 48,  3, 11, 35,  7,  4, 19, 37, 34, 46, 24, 12, 21, 43, 32, 10, 45,  6, 27, 22, 28, 14,  1, 26, 44, 31, 36, 41, 16, 33, 20, 13,  8, 29,  5,  2, 39, 15, 25, 23, 18, 17, 40, 30, 47, 38], 1368.35643165, 1368.35643165, 0.,  0.        ,  0.        , 0., 0, 0, 0.)
 (38, [10, 12, 15, 11,  9, 42, 48,  3, 11, 35,  7,  4, 19, 37, 34, 46, 24, 12, 21, 43, 32, 10, 45,  6, 27, 22, 28, 14,  1, 41, 44, 31, 36, 26, 16, 33, 20, 13,  8, 29,  5,  2, 15, 25, 23, 18, 40, 17, 39, 30, 47, 38], 1388.08696458, 1541.41271471, 0.,  0.88074138,  0.        , 0., 0, 0, 0.)
 (38, [10, 12, 15, 11,  9, 42, 48,  3, 11, 35,  7,  4, 19, 37, 34, 46, 24, 12, 21, 43, 32, 10, 45,  6, 27, 22, 28, 14,  1, 41, 44, 36, 31, 26, 16, 33, 20, 13,  8, 29,  5,  2, 15, 25, 23, 18, 17, 40, 39, 30, 47, 38], 1388.32911194, 1361.84366084, 0., 13.24272555,  0.        , 0., 0, 0, 0.)
 (38, [10, 12, 15, 11,  9,  7, 48,  3, 11, 35, 42,  4, 19, 37, 34, 46, 24, 12, 21, 43, 32, 10, 45,  6, 27, 22, 28, 14,  1, 41, 44, 31, 36, 26, 16, 33, 20, 13,  8, 29,  5,  2, 15, 25, 23, 18, 17, 40, 39, 30, 47, 38], 1418.21805315, 1418.21805315, 0.,  0.        ,  0.        , 0., 0, 0, 0.)
 (38, [10, 12, 15, 11,  9, 42, 48,  3, 11, 35,  7, 31, 19, 37, 34, 46, 24, 12, 21, 43, 32, 10, 45,  6, 27, 22, 28, 14,  1, 41, 44,  4, 36, 26, 16, 33, 20, 13,  8, 29,  5,  2, 15, 25, 23, 18, 17, 40, 39, 30, 47, 38], 1437.55799541, 1470.75627103, 0.,  0.        ,  0.        , 0., 0, 0, 0.)
 (38, [10, 12, 15, 11,  9, 42, 48,  3, 11, 35,  7,  4, 19, 37, 34, 46, 24, 12, 21, 43, 32, 10, 45,  6, 27, 22, 28, 14,  1, 41, 44, 31, 36, 26, 16, 33, 20, 13,  8, 29,  5,  2, 15, 40, 23, 18, 17, 25, 39, 30, 47, 38], 1440.36984076, 1440.36984076, 0.,  0.        ,  0.        , 0., 0, 0, 0.)
 (38, [10, 12, 15, 11,  9, 42, 48,  3, 11, 35,  7,  4, 19, 37, 46, 24, 39, 12, 21, 43, 32, 10, 45,  6, 27, 22, 28, 14,  1, 41, 44, 31, 36, 26, 16, 33, 20, 13,  8, 29,  5,  2, 15, 25, 23, 18, 17, 40, 34, 30, 47, 38], 1447.42602804, 1447.42602804, 0.,  0.        ,  0.        , 0., 0, 0, 0.)
 (38, [10, 12, 15, 11,  9, 42, 48,  3, 11, 35,  7,  4, 19, 37, 39, 46, 24, 12, 21, 43, 32, 10, 45,  6, 27, 22, 28, 14,  1, 41, 44, 31, 36, 26, 16, 33, 20, 13,  8, 29,  5,  2, 15, 25, 23, 18, 17, 40, 34, 30, 47, 38], 1453.38535315, 1445.66492782, 0.,  3.86021267,  0.        , 0., 0, 0, 0.)
 (38, [10, 12, 15, 11,  9, 42, 48,  3, 11, 35,  7,  4, 19, 37, 34, 46, 24, 12, 21, 43, 32, 10, 45,  6, 27, 22, 28, 14,  1, 41, 44, 31, 36, 26, 16, 33, 20, 13,  8, 29,  5,  2, 15, 25, 23, 38, 17, 40, 39, 30, 47, 18], 1460.68769898, 1674.55480096, 0.,  0.        ,  0.        , 0., 0, 0, 0.)
 (38, [10, 12, 15, 11,  9,  2, 48,  3, 11, 35,  7,  4, 19, 37, 34, 46, 24, 12, 21, 43, 32, 10, 45,  6, 27, 22, 28, 14,  1, 41, 44, 31, 36, 26, 16, 33, 20, 13,  8, 29,  5, 42, 15, 25, 23, 18, 17, 40, 39, 30, 47, 38], 1465.95764747, 1578.20672198, 0.,  0.        ,  0.        , 0., 0, 0, 0.)
 (38, [ 9, 14, 14, 11, 37, 42, 48,  3, 11, 35,  7,  4, 19,  9, 39, 46, 24, 12, 21, 43, 32, 34, 10, 45,  6, 27, 22, 28, 14,  1, 41, 44, 31, 36, 26, 33, 20, 13,  8, 29,  5,  2, 15, 25, 23, 18, 16, 17, 40, 30, 47, 38], 1481.34335009, 1562.82937537, 0., 23.63899234,  8.02257984, 0., 0, 0, 0.)
 (38, [11, 13, 13, 11,  9, 42, 48, 27, 11, 35,  7,  4, 19, 37, 34, 46, 24, 12, 21, 43, 32, 10, 45,  6,  3, 22, 28, 14,  1, 41, 44, 31, 36, 26, 16, 33, 20, 13,  8, 29,  5,  2, 15, 25, 23, 18, 17, 40, 39, 30, 47, 38], 1482.42820561, 1482.42820561, 0.,  0.        ,  0.        , 0., 0, 0, 0.)
 (38, [ 9, 14, 15, 10, 42, 48,  3, 11, 35, 37,  7,  4, 19,  9, 39, 46, 24, 12, 34, 21, 43, 32, 10, 45,  6, 27, 22, 28, 14,  1, 41, 44, 31, 36, 26, 16, 33, 20, 13,  8, 29,  5,  2, 15, 25, 23, 18, 17, 40, 30, 47, 38], 1500.53233076, 1492.81190543, 0.,  3.86021267,  0.        , 0., 0, 0, 0.)
 (38, [ 9, 12, 16, 11,  9, 42, 48,  3, 11, 35,  7,  4, 19, 37, 34, 46, 24, 12, 21, 43, 32, 10, 45,  6, 27, 22, 28, 14,  1, 41, 44, 31, 36, 26, 16, 33, 20, 13,  8, 29,  5,  2, 15, 25, 23, 17, 18, 40, 39, 30, 47, 38], 1510.82805736, 1510.82805736, 0.,  0.        ,  0.        , 0., 0, 0, 0.)
 (38, [ 9, 13, 16, 10,  9, 42, 48,  3, 11, 35,  7,  4, 19, 37, 34, 46, 24, 12, 21, 43, 32, 10, 45,  6, 27, 22, 28, 14,  1, 41, 44, 31, 36, 26, 16, 33, 15, 20, 13,  8, 29,  5,  2, 25, 23, 18, 17, 40, 39, 30, 47, 38], 1522.04184166, 1522.04184166, 0.,  0.        ,  0.        , 0., 0, 0, 0.)
 (38, [10, 12, 15, 11,  9, 42, 39,  3, 11, 35,  7,  4, 19, 37, 34, 46, 24, 12, 21, 43, 32, 10, 45,  6, 27, 22, 28, 14,  1, 41, 44, 31, 36, 26, 16, 33, 20, 13,  8, 29,  5,  2, 15, 25, 23, 18, 17, 40, 48, 30, 47, 38], 1526.39853411, 1526.39853411, 0.,  0.        ,  0.        , 0., 0, 0, 0.)
 (38, [10, 12, 15, 11,  9, 42, 48,  3, 11, 35,  7,  4, 19, 37, 34, 46, 24, 12, 21, 43, 23, 10, 45,  6, 27, 22, 28, 14,  1, 41, 44, 31, 36, 26, 16, 33, 20, 13,  8, 29,  5,  2, 15, 25, 32, 18, 17, 40, 39, 30, 47, 38], 1526.74049654, 1829.58770134, 0.,  0.        ,  0.        , 0., 0, 0, 0.)
 (38, [11, 10, 16, 11,  9, 42, 48,  3, 11, 35,  7,  4, 19, 37, 34, 46, 24, 12, 21, 32, 43, 10, 45,  6, 27, 22, 28, 14,  1, 41, 44, 31, 36, 26, 16, 33, 20, 13,  8, 29,  5,  2, 15, 25, 23, 18, 17, 40, 39, 30, 47, 38], 1531.96543636, 1531.96543636, 0.,  0.        ,  0.        , 0., 0, 0, 0.)
 (38, [10, 12, 15, 11,  9, 42, 48,  3, 11, 35,  7,  4, 19, 18, 34, 46, 24, 12, 21, 43, 32, 10, 45,  6, 27, 22, 28, 14,  1, 41, 44, 31, 36, 26, 16, 33, 20, 13,  8, 29,  5,  2, 15, 25, 23, 37, 17, 40, 39, 30, 47, 38], 1537.59204509, 1537.59204509, 0.,  0.        ,  0.        , 0., 0, 0, 0.)
 (38, [ 9, 12, 16, 11,  9, 42,  3, 11, 35,  7,  4, 19, 37, 48, 34, 46, 24, 12, 21, 43, 32, 10, 45,  6, 27, 25, 28, 14,  1, 41, 44, 31, 36, 26, 16, 33, 20, 13,  8, 29,  5,  2, 15, 22, 23, 18, 17, 40, 39, 30, 47, 38], 1604.84886643, 1727.84047454, 0.,  0.        ,  1.32519594, 0., 0, 0, 0.)
 (38, [10, 12, 15, 11, 33, 42, 48,  3, 11, 35,  7,  4, 19, 37, 34, 46, 24, 12, 21, 43, 32, 10, 45,  6, 27, 22, 28, 14,  1, 41, 44, 31, 36, 26, 16,  9, 20, 13,  8, 29,  5,  2, 15, 25, 23, 18, 17, 40, 39, 30, 47, 38], 1613.08469927, 1613.08469927, 0.,  0.        ,  0.        , 0., 0, 0, 0.)
 (38, [ 9, 13, 15, 11,  9, 42, 48,  3, 11, 35,  7,  4, 19, 37, 34, 46, 24, 12, 21, 43, 32, 10, 45,  6, 27, 22, 28, 14,  1, 41, 44, 31, 36, 26, 16, 15, 20, 13,  8, 29,  5,  2, 33, 25, 23, 18, 17, 40, 39, 30, 47, 38], 1626.10396634, 1635.26935401, 0.,  0.        ,  0.        , 0., 0, 0, 0.)
 (38, [10, 12, 15, 11,  9, 42, 25,  3, 11, 35,  7,  4, 19, 37, 34, 46, 24, 12, 21, 43, 32, 10, 45,  6, 27, 22, 28, 14,  1, 41, 44, 31, 36, 26, 16, 33, 20, 13,  8, 29,  5,  2, 15, 48, 23, 18, 17, 40, 39, 30, 47, 38], 1641.44091434, 1641.44091434, 0.,  0.        ,  0.        , 0., 0, 0, 0.)
 (38, [10, 12, 15, 11,  9, 42, 28,  3, 11, 35,  7,  4, 19, 37, 34, 46, 24, 12, 21, 43, 32, 10, 45,  6, 27, 22, 48, 14,  1, 41, 44, 31, 36, 26, 16, 33, 20, 13,  8, 29,  5,  2, 15, 25, 23, 18, 17, 40, 39, 30, 47, 38], 1651.87771977, 1651.87771977, 0.,  0.        ,  0.        , 0., 0, 0, 0.)
 (38, [10, 12, 15, 11,  9, 42, 48,  3, 11, 20,  7,  4, 19, 37, 34, 46, 24, 12, 21, 43, 32, 10, 45,  6, 27, 22, 28, 14,  1, 41, 44, 31, 36, 26, 16, 33, 35, 13,  8, 29,  5,  2, 15, 25, 23, 18, 17, 40, 39, 30, 47, 38], 1656.53515263, 1658.79464415, 0.,  0.        ,  0.        , 0., 0, 0, 0.)
 (38, [10, 12, 15, 11,  9, 42, 48,  3, 11, 35,  7,  4, 19, 37, 34, 46, 12, 21, 43, 32, 10, 45,  6, 27, 22, 28, 14,  1, 41, 44, 31, 36, 26, 16, 33, 20, 24, 13,  8, 29,  5,  2, 15, 25, 23, 18, 17, 40, 39, 30, 47, 38], 1658.29296388, 1658.29296388, 0.,  0.        ,  0.        , 0., 0, 0, 0.)
 (38, [11, 12, 14, 11,  9, 42, 48,  3, 15, 35,  7,  4, 19, 37, 34, 46, 24, 12, 21, 43, 32, 10, 45,  6, 27, 22, 28, 14,  1, 41, 44, 31, 36, 26, 16, 33, 20, 13,  8, 29,  5,  2, 11, 25, 23, 18, 17, 40, 39, 30, 47, 38], 1690.82151139, 1690.82151139, 0.,  0.        ,  0.        , 0., 0, 0, 0.)
 (38, [10, 10, 15, 13,  9, 42, 48,  3, 11, 35,  7,  4, 19, 37, 34, 46, 24, 12, 21, 43, 32, 10, 45,  6, 27, 22, 28, 14,  1, 41, 44, 31, 36, 26, 16, 33, 20, 13,  8, 29,  5,  2, 15, 30, 23, 18, 17, 40, 39, 25, 47, 38], 1705.05701759, 1705.05701759, 0.,  0.        ,  0.        , 0., 0, 0, 0.)
 (38, [10, 12, 15, 11,  9, 42, 48,  3, 11, 35,  7,  4, 19, 37, 34, 46, 24, 12, 21, 43, 32, 10, 45,  6, 13, 27, 22, 28, 14,  1, 41, 44, 31, 36, 26, 16, 33, 20,  8, 29,  5,  2, 15, 25, 23, 18, 17, 40, 39, 30, 47, 38], 1705.15441738, 1705.15441738, 0.,  0.        ,  0.        , 0., 0, 0, 0.)
 (38, [10, 11, 15, 12,  9, 42, 48,  3, 11, 35,  7,  4, 19, 37, 34, 15, 24, 12, 21, 43, 32, 10, 45,  6, 27, 22, 28, 14,  1, 41, 44, 31, 36, 26, 16, 33, 20, 13,  8, 29,  5,  2, 46, 25, 23, 18, 17, 40, 39, 30, 47, 38], 1714.16624321, 1714.16624321, 0.,  0.        ,  0.        , 0., 0, 0, 0.)
 (38, [10, 11, 16, 11,  9, 42, 48,  3, 11, 35,  7,  4, 19, 37, 34, 46, 24, 12, 21, 43, 32, 10, 45,  6, 26, 22, 28, 14,  1, 41, 44, 31, 36, 27, 16, 33, 20, 13,  8, 29,  5,  2, 15, 25, 23, 18, 17, 40, 39, 30, 47, 38], 1714.94568417, 1714.94568417, 0.,  0.        ,  0.        , 0., 0, 0, 0.)
 (38, [ 9, 13, 15, 11,  9, 42, 48,  3, 11, 35,  7,  4, 19, 37, 34, 46, 24, 12, 21, 43, 32, 10, 45,  6, 27, 22, 28, 14,  1, 41, 44, 31, 36, 26, 16, 33, 40, 13,  8, 29,  5,  2, 15, 25, 23, 18, 17, 20, 39, 30, 47, 38], 1719.39596598, 1719.39596598, 0.,  0.        ,  0.        , 0., 0, 0, 0.)
 (38, [11, 11, 17,  9,  9, 42, 48,  3, 11, 35,  7,  4, 19, 37, 34, 46, 24, 12, 22, 43, 32, 10, 45,  6, 27, 21, 28, 14,  1, 41, 44, 31, 36, 26, 16, 33, 20, 13,  8, 29,  5,  2, 15, 25, 23, 18, 17, 40, 39, 30, 47, 38], 1736.11121413, 1849.19288183, 0.,  0.        ,  0.        , 0., 0, 0, 0.)
 (38, [ 8, 14, 16, 10,  9, 42, 48,  3, 21, 35,  7,  4, 19, 37, 34, 46, 24, 12, 11, 43, 32, 10, 45,  6, 27, 22, 28, 14,  1, 41, 44, 31, 36, 26, 16, 33, 20, 13,  8, 29,  5,  2, 15, 25, 23, 18, 17, 40, 39, 30, 47, 38], 1756.00986444, 1756.00986444, 0.,  0.        ,  0.        , 0., 0, 0, 0.)
 (38, [ 9, 12, 15, 12, 42, 48,  9,  3, 11, 35,  7,  4, 19, 37, 34, 46, 24, 12, 21, 43, 32, 10, 45,  6, 27, 22, 28, 14,  1, 41, 44, 31, 36, 26, 16, 33, 20, 13,  8, 29,  5,  2, 15, 25, 23, 39, 18, 17, 40, 30, 47, 38], 1770.48365719, 1770.48365719, 0.,  0.        ,  0.        , 0., 0, 0, 0.)
 (38, [ 8, 14, 16, 10,  9, 42, 48, 36, 11, 35,  7,  4, 19, 37, 34, 46, 24, 12, 21, 43, 32, 10, 45,  6, 27, 22, 28, 14,  1, 41, 44, 31,  3, 26, 16, 33, 20, 13,  8, 29,  5,  2, 15, 25, 23, 18, 17, 40, 39, 30, 47, 38], 1777.60968494, 1777.60968494, 0.,  0.        ,  0.        , 0., 0, 0, 0.)
 (38, [10,  9, 16, 13,  9, 42, 48,  3, 11, 35,  7,  4, 19, 37, 34, 46, 24, 12, 21, 43, 32, 10, 45,  6, 27, 22, 28, 14,  1, 41, 47, 31, 36, 26, 16, 33, 20, 13,  8, 29,  5,  2, 15, 25, 23, 18, 17, 40, 39, 30, 44, 38], 1780.24401379, 1780.24401379, 0.,  0.        ,  0.        , 0., 0, 0, 0.)
 (38, [10, 12, 15, 11,  9, 42, 48,  3, 11, 35,  7,  4, 19, 37, 34, 46, 24, 29, 21, 43, 32, 10, 45,  6, 27, 22, 28, 14,  1, 41, 44, 31, 36, 26, 16, 33, 20, 13,  8, 12,  5,  2, 15, 25, 23, 18, 17, 40, 39, 30, 47, 38], 1787.92363837, 1929.38493997, 0.,  0.        ,  0.        , 0., 0, 0, 0.)
 (38, [12, 11, 14, 11,  9, 42, 48,  2, 11, 35,  7,  4, 19, 37, 34, 46, 24, 12, 21, 43, 32, 10, 45,  6, 27, 22, 28, 14,  1, 41, 44, 31, 36, 26, 16, 33, 20, 13,  8, 29,  5,  3, 15, 25, 23, 18, 17, 40, 39, 30, 47, 38], 1796.52734339, 1796.52734339, 0.,  0.        ,  0.        , 0., 0, 0, 0.)
 (38, [11, 11, 13, 13,  9, 42, 48,  3, 11, 35,  7,  4, 19, 37, 34, 46, 24, 12, 21, 43, 32, 10, 45,  6, 27, 22, 28, 14,  1, 41, 44, 31, 36, 26, 16, 33, 20, 13, 40, 29,  5,  2, 15, 25, 23, 18, 17,  8, 39, 30, 47, 38], 1800.52655641, 1800.52655641, 0.,  0.        ,  0.        , 0., 0, 0, 0.)
 (38, [10, 12, 15, 11,  9, 42, 48,  3, 38, 35,  7,  4, 19, 37, 14, 46, 24, 12, 21, 43, 32, 10, 45,  6, 27, 22, 28, 34,  1, 41, 44, 31, 36, 26, 16, 33, 20, 13,  8, 29,  5,  2, 15, 25, 23, 18, 17, 40, 39, 30, 47, 11], 1804.3146378 , 1804.3146378 , 0.,  0.        ,  0.        , 0., 0, 0, 0.)
 (38, [11, 10, 15, 12,  9, 42, 48,  3, 11, 35,  7,  4, 19, 37, 34, 46, 24, 12, 21, 43, 32, 10, 45,  6, 27, 22, 28, 14,  1, 41, 44, 31, 36, 26, 16, 33, 20, 13,  8, 25,  5,  2, 15, 29, 23, 18, 17, 40, 39, 30, 47, 38], 1808.8895662 , 1808.8895662 , 0.,  0.        ,  0.        , 0., 0, 0, 0.)
 (38, [ 9, 10, 17, 12,  9, 42, 48,  3, 11, 35,  7, 39, 19, 37, 34, 46, 24, 12, 21, 43, 32, 10, 45,  6, 27, 22, 28, 14,  1, 41, 44, 31, 36, 26, 16, 33, 20, 13,  8, 29,  5,  2, 15, 25, 23, 18, 17, 40,  4, 30, 47, 38], 1827.36315176, 1827.36315176, 0.,  0.        ,  0.        , 0., 0, 0, 0.)
 (38, [10, 12, 14, 12,  9, 42, 48,  3, 11, 35,  7,  4, 19, 37, 39, 46, 24, 12, 21, 43, 32, 10, 45,  6, 27, 22, 28, 14,  1, 41, 44, 31, 34, 36, 26, 16, 33, 18, 13,  8, 29,  5,  2, 15, 25, 23, 20, 17, 40, 30, 47, 38], 1832.52816886, 1811.90719432, 0., 10.31048727,  0.        , 0., 0, 0, 0.)
 (38, [12, 12, 14, 10,  9, 21, 48,  3, 11, 35,  7,  4, 19, 37, 34, 46, 24, 12, 42, 43, 32, 10, 45,  6, 27, 22, 28, 14,  1, 41, 44, 31, 36, 26, 16, 33, 20, 13,  8, 29,  5,  2, 15, 25, 23, 18, 17, 40, 39, 30, 47, 38], 1861.52337   , 1885.68315979, 0.,  0.        , 21.14311572, 0., 0, 0, 0.)
 (38, [10, 12, 15, 11,  9, 42, 48,  3, 11, 35, 14,  4, 19, 37, 34, 46, 24, 12, 21, 43, 32, 10, 39, 45,  6, 27, 22, 28,  7,  1, 41, 44, 31, 36, 26, 16, 33, 20, 13,  8, 29,  5,  2, 15, 25, 23, 18, 17, 40, 30, 47, 38], 1876.80686158, 1876.80686158, 0.,  0.        ,  0.        , 0., 0, 0, 0.)
 (38, [11, 11, 16, 10,  9, 42, 48,  3, 11, 35,  7,  4, 19, 37, 34, 46, 18, 12, 21, 43, 32, 10, 45,  6, 27, 31, 22, 28, 14,  1, 41, 44, 36, 26, 16, 33, 20, 13,  8, 29,  5,  2, 15, 25, 23, 24, 17, 40, 39, 30, 47, 38], 1925.04558206, 1925.04558206, 0.,  0.        ,  0.        , 0., 0, 0, 0.)
 (38, [ 9, 13, 13, 13,  9, 42, 48,  3, 11, 35,  7,  4, 19, 37, 34, 46, 24, 12, 21, 43, 32, 10, 25,  6, 27, 22, 28, 14,  1, 41, 44, 31, 18, 26, 16, 33, 20, 13,  8, 29,  5,  2, 15, 45, 23, 36, 17, 40, 39, 30, 47, 38], 1925.09212585, 2087.52425524, 0.,  0.        ,  0.        , 0., 0, 0, 0.)
 (38, [10, 12, 15, 11,  9, 36, 48,  3, 11, 35,  7,  4, 19, 37, 34, 46, 24, 12, 21, 43, 32, 10, 45, 30,  6, 27, 22, 28, 14,  1, 41, 44, 31, 42, 26, 16, 33, 20, 13,  8, 29,  5,  2, 15, 25, 23, 18, 17, 40, 39, 47, 38], 1940.54248335, 1940.54248335, 0.,  0.        ,  0.        , 0., 0, 0, 0.)
 (38, [11, 12, 14, 11,  9, 12, 48,  3, 11, 35,  7,  4, 19, 37, 34, 46, 24, 42, 21, 43, 32, 10, 45,  6, 27, 22, 28, 14,  1, 41, 44, 31, 36, 26, 16, 33, 20, 13,  8, 29, 47,  5,  2, 15, 25, 23, 18, 17, 40, 39, 30, 38], 1992.07939153, 1950.86711496, 0.,  0.        , 20.60613828, 0., 0, 0, 0.)]