
Total Runtime in seconds: 987.821608543396Parameters:
population_size: 50, max_generations: 500, executed generations: 29, threshold_no_improvement: 250
target feasible proportion: 10
fitness_scaling: power_rank, selection_method: n_tournaments
p_c: 0.9, p_m: 0.25, NOT YET p_education: 0.0
tournament_size: 2, n_elite: 8
survivor_selection_step: 10, p_selection_survival: 0.7
kill clone step: 5
diversify_step: 20, diversify_step: 20, p_diversify_survival: 0.3
n_closest_neighbors: 3, diversity_weight: 0.5, distance_method: broken_pairs_distance
capacity_penalty_factor: 2.5602936403565306, duration_penalty_factor 2.5602936403565306, time_window_penalty: 2
Best fitness all generations, best individual before/after local search: 1837.8804384909783, 1837.8804384909783 / 1837.8804384909783
Best individual found before local search: (12, [31, 12, 22, 31, 81, 19, 93, 38, 68, 39, 27, 74, 62, 55, 92, 20, 16, 64, 17, 44, 86, 43,  8, 13, 73, 37, 69,  9, 25, 60, 72, 41, 70, 59, 84, 42, 65, 87, 32, 47,  1, 78, 88, 33,  7,  5, 94,  2, 80, 48,  6, 10, 24, 14, 18, 96, 67, 51, 50, 76,  3, 12, 53, 36, 71, 66, 85, 22, 56, 57, 95, 29, 54, 58, 79, 40, 75, 83, 30, 91, 28, 11, 21, 23, 15, 46, 26, 45, 90, 77,  4, 31, 61, 52, 89, 63, 34, 49, 82, 35], 1837.88043849, 1878.62592686, 0., 0., 0., 0., 1, 50, 26.)
Best individual found after local search: (12, [31, 12, 22, 31, 81, 19, 93, 38, 68, 39, 27, 74, 62, 55, 92, 20, 16, 64, 17, 44, 86, 43,  8, 13, 73, 37, 69,  9, 25, 60, 72, 41, 70, 59, 84, 42, 65, 87, 32, 47,  1, 78, 88, 33,  7,  5, 94,  2, 80, 48,  6, 10, 24, 14, 18, 96, 67, 51, 50, 76,  3, 12, 53, 36, 71, 66, 85, 22, 56, 57, 95, 29, 54, 58, 79, 40, 75, 83, 30, 91, 28, 11, 21, 23, 15, 46, 26, 45, 90, 77,  4, 31, 61, 52, 89, 63, 34, 49, 82, 35], 1837.88043849, 1878.62592686, 0., 0., 0., 0., 1, 50, 26.)
Best feasible individual found: (12, [31, 12, 22, 31, 81, 19, 93, 38, 68, 39, 27, 74, 62, 55, 92, 20, 16, 64, 17, 44, 86, 43,  8, 13, 73, 37, 69,  9, 25, 60, 72, 41, 70, 59, 84, 42, 65, 87, 32, 47,  1, 78, 88, 33,  7,  5, 94,  2, 80, 48,  6, 10, 24, 14, 18, 96, 67, 51, 50, 76,  3, 12, 53, 36, 71, 66, 85, 22, 56, 57, 95, 29, 54, 58, 79, 40, 75, 83, 30, 91, 28, 11, 21, 23, 15, 46, 26, 45, 90, 77,  4, 31, 61, 52, 89, 63, 34, 49, 82, 35], 1837.88043849, 1878.62592686, 0., 0., 0., 0., 1, 50, 26.)

Fitness stats min: [1934.55162909 1934.55162909 1934.55162909 1913.38389664 1893.52858088
 1849.22404735 1843.68147032 1843.68147032 1843.68147032 1839.92925644
 1839.92925644 1839.92925644 1839.92925644 1839.43268566 1839.43268566
 1838.67135629 1837.88043849 1837.88043849 1837.88043849 1837.88043849
 1837.88043849 1837.88043849 1837.88043849 1837.88043849 1837.88043849
 1837.88043849 1837.88043849 1837.88043849 1837.88043849 1837.88043849] 

Fitness stats feasible min: [1934.55162909 1934.55162909 1934.55162909 1913.38389664 1893.52858088
 1849.22404735 1843.68147032 1843.68147032 1843.68147032 1839.92925644
 1839.92925644 1839.92925644 1839.92925644 1839.43268566 1839.43268566
 1838.67135629 1837.88043849 1837.88043849 1837.88043849 1837.88043849
 1837.88043849 1837.88043849 1837.88043849 1837.88043849 1837.88043849
 1837.88043849 1837.88043849 1837.88043849 1837.88043849 1837.88043849] 

Fitness stats avg: [2925.34347677 2830.80901197 2708.01307632 2492.71314264 2233.28277957
 2681.51368873 2193.94588729 2146.6063365  2047.78180443 1988.63662279
 4024.23304956 2867.85100733 2175.03292295 2011.14074147 1984.5829322
 4387.88347291 2963.20111451 2332.14499452 2071.6823966  2013.43038215
 4180.82739522 2605.28079474 1982.43737915 1878.00386798 1913.24228201
 6284.01732253 4742.96985348 3303.30449581 2742.90017022 2304.61492935] 

Feasible stats: [( 0., 50.) ( 0., 50.) (12., 38.) (12., 38.) (31., 19.) (31., 19.)
 (31., 19.) (31., 19.) (37., 13.) (37., 13.) (43.,  7.) (43.,  7.)
 (34., 16.) (34., 16.) (39., 11.) (39., 11.) (17., 33.) (17., 33.)
 (27., 23.) (27., 23.) (41.,  9.) (41.,  9.) (37., 13.) (37., 13.)
 (46.,  4.) (46.,  4.) ( 6., 44.) ( 6., 44.) (19., 31.) (19., 31.)
 ( 0.,  0.) ( 0.,  0.) ( 0.,  0.) ( 0.,  0.) ( 0.,  0.) ( 0.,  0.)
 ( 0.,  0.) ( 0.,  0.) ( 0.,  0.) ( 0.,  0.) ( 0.,  0.) ( 0.,  0.)
 ( 0.,  0.) ( 0.,  0.) ( 0.,  0.) ( 0.,  0.) ( 0.,  0.) ( 0.,  0.)
 ( 0.,  0.) ( 0.,  0.) ( 0.,  0.) ( 0.,  0.) ( 0.,  0.) ( 0.,  0.)
 ( 0.,  0.) ( 0.,  0.) ( 0.,  0.) ( 0.,  0.) ( 0.,  0.) ( 0.,  0.)
 ( 0.,  0.) ( 0.,  0.) ( 0.,  0.) ( 0.,  0.) ( 0.,  0.) ( 0.,  0.)
 ( 0.,  0.) ( 0.,  0.) ( 0.,  0.) ( 0.,  0.) ( 0.,  0.) ( 0.,  0.)
 ( 0.,  0.) ( 0.,  0.) ( 0.,  0.) ( 0.,  0.) ( 0.,  0.) ( 0.,  0.)
 ( 0.,  0.) ( 0.,  0.) ( 0.,  0.) ( 0.,  0.) ( 0.,  0.) ( 0.,  0.)
 ( 0.,  0.) ( 0.,  0.) ( 0.,  0.) ( 0.,  0.) ( 0.,  0.) ( 0.,  0.)
 ( 0.,  0.) ( 0.,  0.) ( 0.,  0.) ( 0.,  0.) ( 0.,  0.) ( 0.,  0.)
 ( 0.,  0.) ( 0.,  0.) ( 0.,  0.) ( 0.,  0.) ( 0.,  0.) ( 0.,  0.)
 ( 0.,  0.) ( 0.,  0.) ( 0.,  0.) ( 0.,  0.) ( 0.,  0.) ( 0.,  0.)
 ( 0.,  0.) ( 0.,  0.) ( 0.,  0.) ( 0.,  0.) ( 0.,  0.) ( 0.,  0.)
 ( 0.,  0.) ( 0.,  0.) ( 0.,  0.) ( 0.,  0.) ( 0.,  0.) ( 0.,  0.)
 ( 0.,  0.) ( 0.,  0.) ( 0.,  0.) ( 0.,  0.) ( 0.,  0.) ( 0.,  0.)
 ( 0.,  0.) ( 0.,  0.) ( 0.,  0.) ( 0.,  0.) ( 0.,  0.) ( 0.,  0.)
 ( 0.,  0.) ( 0.,  0.) ( 0.,  0.) ( 0.,  0.) ( 0.,  0.) ( 0.,  0.)
 ( 0.,  0.) ( 0.,  0.) ( 0.,  0.) ( 0.,  0.) ( 0.,  0.) ( 0.,  0.)
 ( 0.,  0.) ( 0.,  0.) ( 0.,  0.) ( 0.,  0.) ( 0.,  0.) ( 0.,  0.)
 ( 0.,  0.) ( 0.,  0.) ( 0.,  0.) ( 0.,  0.) ( 0.,  0.) ( 0.,  0.)
 ( 0.,  0.) ( 0.,  0.) ( 0.,  0.) ( 0.,  0.) ( 0.,  0.) ( 0.,  0.)
 ( 0.,  0.) ( 0.,  0.) ( 0.,  0.) ( 0.,  0.) ( 0.,  0.) ( 0.,  0.)
 ( 0.,  0.) ( 0.,  0.) ( 0.,  0.) ( 0.,  0.) ( 0.,  0.) ( 0.,  0.)
 ( 0.,  0.) ( 0.,  0.) ( 0.,  0.) ( 0.,  0.) ( 0.,  0.) ( 0.,  0.)
 ( 0.,  0.) ( 0.,  0.) ( 0.,  0.) ( 0.,  0.) ( 0.,  0.) ( 0.,  0.)
 ( 0.,  0.) ( 0.,  0.) ( 0.,  0.) ( 0.,  0.) ( 0.,  0.) ( 0.,  0.)
 ( 0.,  0.) ( 0.,  0.) ( 0.,  0.) ( 0.,  0.) ( 0.,  0.) ( 0.,  0.)
 ( 0.,  0.) ( 0.,  0.) ( 0.,  0.) ( 0.,  0.) ( 0.,  0.) ( 0.,  0.)
 ( 0.,  0.) ( 0.,  0.) ( 0.,  0.) ( 0.,  0.) ( 0.,  0.) ( 0.,  0.)
 ( 0.,  0.) ( 0.,  0.) ( 0.,  0.) ( 0.,  0.) ( 0.,  0.) ( 0.,  0.)
 ( 0.,  0.) ( 0.,  0.) ( 0.,  0.) ( 0.,  0.) ( 0.,  0.) ( 0.,  0.)
 ( 0.,  0.) ( 0.,  0.) ( 0.,  0.) ( 0.,  0.) ( 0.,  0.) ( 0.,  0.)
 ( 0.,  0.) ( 0.,  0.) ( 0.,  0.) ( 0.,  0.) ( 0.,  0.) ( 0.,  0.)
 ( 0.,  0.) ( 0.,  0.) ( 0.,  0.) ( 0.,  0.) ( 0.,  0.) ( 0.,  0.)
 ( 0.,  0.) ( 0.,  0.) ( 0.,  0.) ( 0.,  0.) ( 0.,  0.) ( 0.,  0.)
 ( 0.,  0.) ( 0.,  0.) ( 0.,  0.) ( 0.,  0.) ( 0.,  0.) ( 0.,  0.)
 ( 0.,  0.) ( 0.,  0.) ( 0.,  0.) ( 0.,  0.) ( 0.,  0.) ( 0.,  0.)
 ( 0.,  0.) ( 0.,  0.) ( 0.,  0.) ( 0.,  0.) ( 0.,  0.) ( 0.,  0.)
 ( 0.,  0.) ( 0.,  0.) ( 0.,  0.) ( 0.,  0.) ( 0.,  0.) ( 0.,  0.)
 ( 0.,  0.) ( 0.,  0.) ( 0.,  0.) ( 0.,  0.) ( 0.,  0.) ( 0.,  0.)
 ( 0.,  0.) ( 0.,  0.) ( 0.,  0.) ( 0.,  0.) ( 0.,  0.) ( 0.,  0.)
 ( 0.,  0.) ( 0.,  0.) ( 0.,  0.) ( 0.,  0.) ( 0.,  0.) ( 0.,  0.)
 ( 0.,  0.) ( 0.,  0.) ( 0.,  0.) ( 0.,  0.) ( 0.,  0.) ( 0.,  0.)
 ( 0.,  0.) ( 0.,  0.) ( 0.,  0.) ( 0.,  0.) ( 0.,  0.) ( 0.,  0.)
 ( 0.,  0.) ( 0.,  0.) ( 0.,  0.) ( 0.,  0.) ( 0.,  0.) ( 0.,  0.)
 ( 0.,  0.) ( 0.,  0.) ( 0.,  0.) ( 0.,  0.) ( 0.,  0.) ( 0.,  0.)
 ( 0.,  0.) ( 0.,  0.) ( 0.,  0.) ( 0.,  0.) ( 0.,  0.) ( 0.,  0.)
 ( 0.,  0.) ( 0.,  0.) ( 0.,  0.) ( 0.,  0.) ( 0.,  0.) ( 0.,  0.)
 ( 0.,  0.) ( 0.,  0.) ( 0.,  0.) ( 0.,  0.) ( 0.,  0.) ( 0.,  0.)
 ( 0.,  0.) ( 0.,  0.) ( 0.,  0.) ( 0.,  0.) ( 0.,  0.) ( 0.,  0.)
 ( 0.,  0.) ( 0.,  0.) ( 0.,  0.) ( 0.,  0.) ( 0.,  0.) ( 0.,  0.)
 ( 0.,  0.) ( 0.,  0.) ( 0.,  0.) ( 0.,  0.) ( 0.,  0.) ( 0.,  0.)
 ( 0.,  0.) ( 0.,  0.) ( 0.,  0.) ( 0.,  0.) ( 0.,  0.) ( 0.,  0.)
 ( 0.,  0.) ( 0.,  0.) ( 0.,  0.) ( 0.,  0.) ( 0.,  0.) ( 0.,  0.)
 ( 0.,  0.) ( 0.,  0.) ( 0.,  0.) ( 0.,  0.) ( 0.,  0.) ( 0.,  0.)
 ( 0.,  0.) ( 0.,  0.) ( 0.,  0.) ( 0.,  0.) ( 0.,  0.) ( 0.,  0.)
 ( 0.,  0.) ( 0.,  0.) ( 0.,  0.) ( 0.,  0.) ( 0.,  0.) ( 0.,  0.)
 ( 0.,  0.) ( 0.,  0.) ( 0.,  0.) ( 0.,  0.) ( 0.,  0.) ( 0.,  0.)
 ( 0.,  0.) ( 0.,  0.) ( 0.,  0.) ( 0.,  0.) ( 0.,  0.) ( 0.,  0.)
 ( 0.,  0.) ( 0.,  0.) ( 0.,  0.) ( 0.,  0.) ( 0.,  0.) ( 0.,  0.)
 ( 0.,  0.) ( 0.,  0.) ( 0.,  0.) ( 0.,  0.) ( 0.,  0.) ( 0.,  0.)
 ( 0.,  0.) ( 0.,  0.) ( 0.,  0.) ( 0.,  0.) ( 0.,  0.) ( 0.,  0.)
 ( 0.,  0.) ( 0.,  0.) ( 0.,  0.) ( 0.,  0.) ( 0.,  0.) ( 0.,  0.)
 ( 0.,  0.) ( 0.,  0.) ( 0.,  0.) ( 0.,  0.) ( 0.,  0.) ( 0.,  0.)
 ( 0.,  0.) ( 0.,  0.) ( 0.,  0.) ( 0.,  0.) ( 0.,  0.) ( 0.,  0.)
 ( 0.,  0.) ( 0.,  0.) ( 0.,  0.) ( 0.,  0.) ( 0.,  0.) ( 0.,  0.)
 ( 0.,  0.) ( 0.,  0.) ( 0.,  0.) ( 0.,  0.) ( 0.,  0.) ( 0.,  0.)
 ( 0.,  0.) ( 0.,  0.) ( 0.,  0.) ( 0.,  0.) ( 0.,  0.) ( 0.,  0.)
 ( 0.,  0.) ( 0.,  0.) ( 0.,  0.) ( 0.,  0.) ( 0.,  0.) ( 0.,  0.)
 ( 0.,  0.) ( 0.,  0.) ( 0.,  0.) ( 0.,  0.) ( 0.,  0.) ( 0.,  0.)
 ( 0.,  0.) ( 0.,  0.) ( 0.,  0.) ( 0.,  0.) ( 0.,  0.) ( 0.,  0.)
 ( 0.,  0.) ( 0.,  0.) ( 0.,  0.) ( 0.,  0.) ( 0.,  0.) ( 0.,  0.)
 ( 0.,  0.) ( 0.,  0.) ( 0.,  0.) ( 0.,  0.) ( 0.,  0.) ( 0.,  0.)
 ( 0.,  0.) ( 0.,  0.) ( 0.,  0.) ( 0.,  0.) ( 0.,  0.) ( 0.,  0.)
 ( 0.,  0.) ( 0.,  0.) ( 0.,  0.) ( 0.,  0.) ( 0.,  0.) ( 0.,  0.)
 ( 0.,  0.) ( 0.,  0.) ( 0.,  0.) ( 0.,  0.) ( 0.,  0.) ( 0.,  0.)
 ( 0.,  0.) ( 0.,  0.) ( 0.,  0.) ( 0.,  0.) ( 0.,  0.) ( 0.,  0.)
 ( 0.,  0.) ( 0.,  0.)] 
Solution Description: 
p: [  0.           6.37877888  41.15060755  72.96509812  94.4310163
 119.010371   213.78740159 255.85867242 256.43347057 282.89406482
 315.1225871  345.18553759 353.29864192 367.03429163 369.96516668
 370.97408617 372.51343968 406.68277336 446.42624223 586.79264903
 599.78809355 624.76313429 633.43933574 648.65865864 652.91241073
 676.65580704 686.08567424 687.84628545 726.71332825 729.39205093
 729.43043817 734.93772414   0.          24.16879376  46.43458646
  55.06065495  55.21565064  59.8191334   62.53089361  68.76810902
  76.9574072   79.3901975  217.42025164 228.03898493 233.58241206
   0.          33.04402669  47.16510668  69.58322548 105.25785939
 106.59137443 122.74585048 126.09417239 127.77773628 136.67274365
 153.45090117 195.59037172 223.83734407 233.97245464 244.96820038
 245.05615957 270.68848391 271.4858284  282.08403881 306.28856103
 320.50923338 325.20256253 332.77601434   0.          30.8155834
  43.73567644  43.7381115   43.90446628  51.53673866  66.03925734
 156.10693887 202.06743293 206.91299531 207.07180143 207.09637804
 209.09955994 218.77707449 232.25115485 274.1445153  288.64123433
 288.68539636 291.84223283 299.50710194 332.5877212  345.331059
 357.4547786  359.38413799 367.16855175 367.45698277 372.80108045
 454.48304132 528.98805121 533.80186605 534.70101259 536.58428795] 
pred: [ 0  0  0  0  0  0  0  0  0  8  8  8  8  8  8  8  8 16 16 16 16 20 20 20
 20 24 24 24 27 27 27 27  0  0  0  0  0  0  0  6  6  6  9  9  9  0  0  0
  0  0  0  0  0  0  8  8  8  8  8  8  8  8  8  8 18 18 18 18  0  0  0  0
  0  0  5  5  5  5  5  5  5 12 12 12 12 12 12 12 12 18 18 18 18 18 25 25
 25 25 25 25] 
distance [  0.           6.37877888  41.15060755  72.96509812  94.4310163
 119.010371   213.78740159 255.85867242 256.43347057  26.46059425
  58.68911653  88.75206702  96.86517135 110.60082106 113.53169611
 114.54061561 116.07996912  34.16933368  73.91280255 214.27920935
 227.27465387  24.97504074  33.65124219  48.87056509  53.12431718
  23.7433963   33.17326351  34.93387471  38.8670428   41.54576548
  41.58415272  47.09143869   0.          24.16879376  46.43458646
  55.06065495  55.21565064  59.8191334   62.53089361   6.2372154
  14.42651359  16.85930389 138.03005413 148.64878743 154.19221456
   0.          33.04402669  47.16510668  69.58322548 105.25785939
 106.59137443 122.74585048 126.09417239 127.77773628   8.89500736
  25.67316489  67.81263544  96.05960779 106.19471836 117.1904641
 117.27842329 142.91074763 143.70809211 154.30630252  24.20452222
  38.42519457  43.11852372  50.69197553   0.          30.8155834
  43.73567644  43.7381115   43.90446628  51.53673866  14.50251868
 104.57020021 150.53069427 155.37625665 155.53506277 155.55963938
 157.56282127   9.67751456  23.15159492  65.04495537  79.54167439
  79.58583642  82.74267289  90.407542   123.48816126  53.48882618
  65.61254578  67.54190516  75.32631892  75.61474994   5.34409768
  87.02605855 161.53106844 166.34488329 167.24402982 169.12730518]
load: [  0  13  29  48  60  66  73  82  87   9  12  35  53  74  97 116 139   8
  12  16  25   3  14  34  59  19  29  53  23  33  34  36   0  13  27  52
  74  83  87  12  30  44  21  34  36   0  12  32  42  62  83  99 104 106
  10  11  24  45  50  53  56  64  69  88   5  28  52  56   0  13  34  49
  69  87  11  12  25  28  32  53  56   7  31  39  59  72  84 101 106  26
  41  65  81 106   4  17  28  50  51  71] 
time: [  0.         106.         213.         231.37636996 243.11781353
 260.50773072 342.912164   403.12112361 481.2328686   95.
 126.37011091 150.37582442 206.         376.         386.73487495
 425.26938032 455.         110.         136.         224.76021669
 417.         129.         152.39981091 182.95258396 314.
 103.         137.         300.         140.         285.
 313.27835541 350.           0.         178.         215.63233535
 383.         444.         461.25199257 477.11541186 306.
 324.         348.09406065 257.         422.         493.75351166
   0.         125.         248.         267.05961308 336.
 375.38672649 402.         418.83844297 445.         124.
 153.76960324 175.99194442 216.         236.95530789 272.11160563
 282.23770107 318.89836181 375.         457.         222.
 242.66881288 378.         407.15348661   0.         169.
 186.61974315 210.87311616 229.54785008 424.         129.
 184.05777359 221.31804081 432.         466.90323688 487.66647824
 514.37979312 143.         161.         228.         260.72114398
 322.         349.14864991 365.33492826 405.48698522 290.81390902
 382.         408.15780238 448.1126214  457.3281927  158.
 221.85226149 299.4376921  439.         489.178036   500.5404654 ] 
time warps: [0 0 0 0 0 0 0 0 0 0 0 0 0 0 0 0 0 0 0 0 0 0 0 0 0 0 0 0 0 0 0 0 0 0 0 0 0
 0 0 0 0 0 0 0 0 0 0 0 0 0 0 0 0 0 0 0 0 0 0 0 0 0 0 0 0 0 0 0 0 0 0 0 0 0
 0 0 0 0 0 0 0 0 0 0 0 0 0 0 0 0 0 0 0 0 0 0 0 0 0 0] 
duration: [  0.          10.37877888 132.74364087 165.55813144 192.02404962
 237.60340432 341.3804349  405.45170574 420.02650389  40.46059425
  80.68911653 133.75206702 187.69724258 340.50270834 366.43358339
 381.44250288 416.60273156  37.16933368  90.93886636 247.30527316
 406.2979109   43.97504074  73.65124219 108.87056509 237.60058348
  40.7433963   69.80229227 250.20337636  47.8670428  204.71805701
 216.75644426 256.8323723    0.          44.16879376  70.43458646
 262.78964252 304.8951341  322.49861686 337.21037707  11.2372154
  50.32874737  68.76153767 153.03005413 314.11527113 330.65869826
   0.          34.04402669 166.26650547 207.68462428 286.32788078
 296.66139581 321.79506511 337.14338702 359.02249074  29.89500736
  47.67316489  98.81263544 148.25848433 180.39359489 192.38934064
 211.47729982 245.10962417 288.52888706 381.99465359  33.20452222
  69.42519457 197.90426289 215.4777147    0.          39.8155834
  71.73567644  84.7381115   89.90446628 300.43181441  24.50251868
 119.57020021 176.53069427 378.46364691 383.62245303 396.64702964
 410.65021153  14.67751456  40.387413   139.96286488 167.4595839
 219.7547439  226.91158036 257.57644948 306.65706873 118.33676922
 202.14458368 228.07394307 239.85835683 263.14678785  28.34409768
 129.02605855 211.53106844 355.07682152 361.97596806 373.85924341]

All individuals: [(12, [31, 12, 22, 31, 81, 19, 93, 38, 68, 39, 27, 74, 62, 55, 92, 20, 16, 64, 17, 44, 86, 43,  8, 13, 73, 37, 69,  9, 25, 60, 72, 41, 70, 59, 84, 42, 65, 87, 32, 47,  1, 78, 88, 33,  7,  5, 94,  2, 80, 48,  6, 10, 24, 14, 18, 96, 67, 51, 50, 76,  3, 12, 53, 36, 71, 66, 85, 22, 56, 57, 95, 29, 54, 58, 79, 40, 75, 83, 30, 91, 28, 11, 21, 23, 15, 46, 26, 45, 90, 77,  4, 31, 61, 52, 89, 63, 34, 49, 82, 35], 1837.88043849, 1878.62592686, 0.,   0.        ,  0.        ,  0.        ,  1, 50, 26. )
 (12, [31, 12, 22, 31, 81, 19, 93, 38, 68, 39, 27, 74, 62, 55, 92, 20, 16, 64, 17, 44, 86, 43,  8, 13, 73, 37, 69,  9, 25, 60, 72, 41, 70, 59, 84, 42, 65, 87, 32, 47,  1, 78, 88, 33,  7,  5, 94,  2, 80, 48,  6, 10, 24, 14, 18, 96, 67, 51, 50, 76,  3, 12, 53, 36, 71, 66, 85, 22, 56, 57, 95, 29, 54, 58, 79, 40, 75, 83, 30, 91, 28, 11, 21, 23, 15, 46, 26, 45, 90, 77,  4, 31, 61, 52, 89, 63, 34, 49, 82, 35], 1837.88043849, 1878.62592686, 0.,   0.        ,  0.        ,  0.        ,  1, 50, 26. )
 (39, [24, 27, 23, 22, 54,  9, 33, 27, 94, 77, 35, 13, 64, 92, 36, 24, 88,  2, 48, 80,  7, 78, 69, 87,  5, 84, 17, 47, 93, 90, 16, 91, 29, 89, 34, 83, 96, 21, 67, 26, 50, 68, 12, 25, 41, 42,  8, 51, 40, 32, 59, 28, 37, 63, 46, 31, 43, 55, 19, 72, 58, 39, 95, 10, 85, 62,  1, 38, 11, 86,  6,  3, 20, 53, 22, 70, 56, 75, 44, 45, 76, 81, 14, 57, 71, 82,  4, 74, 15, 49, 60, 65, 73, 18, 61, 30, 66, 23, 79, 52], 1837.88043849, 1878.62592686, 0.,   0.        ,  0.        ,  0.        ,  2, 45, 24.5)
 (12, [31, 12, 22, 31, 81, 19, 93, 38, 68, 39, 27, 74, 62, 55, 92, 20, 16, 64, 17, 44, 86, 43,  8, 13, 73, 37, 69,  9, 25, 60, 72, 41, 70, 59, 84, 42, 65, 87, 32, 47,  1, 78, 88, 33,  7,  5, 94,  2, 80, 48,  6, 10, 24, 14, 18, 96, 67, 51, 50, 76,  3, 12, 53, 36, 71, 66, 85, 22, 56, 57, 95, 29, 54, 79, 40, 75, 83, 30, 91, 58, 28, 11, 21, 23, 15, 46, 26, 45, 90, 77,  4, 31, 61, 52, 89, 63, 34, 49, 82, 35], 1854.00692872, 1910.47910306, 0.,   0.        ,  0.        ,  1.        , 11, 38, 30. )
 (38, [24, 24, 25, 23, 93, 61, 48, 33, 15, 32, 16, 75, 56,  3, 29, 82, 67, 19, 40, 87,  8, 83, 12, 31, 46, 39, 74, 59,  1, 43, 28, 26, 80, 47, 50, 42, 68, 91, 69, 37, 90, 65, 49, 35, 92, 66, 89,  5, 55, 41, 78, 11, 79, 34, 60, 57, 81, 86, 36, 51, 52,  9, 85, 24, 94, 76, 62, 63, 22, 27, 10, 96, 21, 95, 64, 84, 25, 13, 18,  2, 45, 58,  6, 23, 53, 88, 38, 30, 77, 70, 71, 54, 44, 72,  4, 73, 20, 17,  7, 14], 1876.37352072, 1917.11900909, 0.,   0.        ,  0.        ,  3.        , 14, 32, 30. )
 (38, [24, 24, 25, 23, 93, 61, 48, 33, 15, 32, 16, 75, 56,  3, 29, 82, 67, 19, 40, 87,  8, 83, 12, 31, 46, 39, 74, 59,  1, 43, 28, 26, 80, 47, 50, 42, 68, 91, 69, 37, 90, 65, 49, 35, 92, 66, 89,  5, 55, 41, 78, 11, 79, 34, 60, 57, 81, 86, 36, 51, 52,  9, 85, 24, 94, 76, 62, 63, 22, 27, 10, 96, 21, 95, 64, 84, 25, 13, 18,  2, 45, 58,  6, 23, 53, 88, 38, 30, 77, 70, 71, 54, 44, 72,  4, 73, 20, 17,  7, 14], 1876.37352072, 1917.11900909, 0.,   0.        ,  0.        ,  3.        , 14, 32, 30. )
 (12, [31, 12, 22, 31, 81, 19, 93, 38, 68, 39, 27, 74, 62, 55, 86, 41, 92, 20, 16, 64, 17, 44, 43,  8, 13, 73, 37, 69,  9, 25, 60, 72, 70, 59, 84, 42, 65, 87, 32, 47,  1, 78, 88, 33,  7,  5, 94,  2, 80, 48,  6, 10, 24, 14, 18, 96, 67, 51, 50, 76,  3, 12, 53, 36, 71, 66, 85, 22, 56, 57, 95, 29, 54, 58, 79, 40, 75, 83, 30, 91, 28, 11, 21, 23, 15, 46, 26, 45, 90, 77,  4, 31, 61, 52, 89, 63, 34, 49, 82, 35], 1894.64795997, 1935.39344833, 0.,   0.        ,  0.        ,  4.        , 15, 31, 30.5)
 (12, [31, 12, 22, 31, 81, 19, 93, 38, 68, 39, 27, 74, 62, 55, 86, 41, 92, 20, 16, 64, 17, 44, 43,  8, 13, 73, 37, 69,  9, 25, 60, 72, 70, 59, 84, 42, 65, 87, 32, 47,  1, 78, 88, 33,  7,  5, 94,  2, 80, 48,  6, 10, 24, 14, 18, 96, 67, 51, 50, 76,  3, 12, 53, 36, 71, 66, 85, 22, 56, 57, 95, 29, 54, 58, 79, 40, 75, 83, 30, 91, 46, 11, 21, 23, 15, 28, 26, 45, 90, 77,  4, 31, 61, 52, 89, 63, 34, 49, 82, 35], 1961.5971369 , 2020.0690239 , 0.,   2.15224434,  0.        ,  6.66666667, 16, 27, 29.5)
 (12, [31, 12, 22, 31, 81, 19, 93, 38, 68, 39, 27, 74, 62, 55, 92, 20, 16, 86, 41, 64, 17, 44, 43,  8, 13, 73, 37, 69,  9, 25, 60, 72, 70, 59, 84, 42, 65, 87, 32, 47,  1, 78, 88, 33,  7,  5, 94,  2, 80, 48,  6, 10, 24, 14, 18, 96, 67, 51, 50, 76,  3, 12, 53, 36, 71, 66, 85, 22, 56, 57, 95, 29, 54, 79, 58, 40, 75, 83, 30, 91, 28, 11, 21, 23, 15, 46, 26, 45, 90, 77,  4, 31, 61, 52, 89, 63, 34, 49, 82, 35], 1965.8679866 , 2006.61347497, 0.,   0.        ,  0.        ,  7.33333333, 17, 26, 30. )
 (42, [24, 22, 24, 26,  6, 54, 12, 85, 11, 56, 20,  3,  9, 93, 49, 84, 57, 42, 10, 69, 37, 44,  1, 13, 64, 15, 59, 47, 72, 28, 61, 52, 71, 53, 36, 29, 65, 43, 74, 91, 22, 96, 62, 27, 38,  2, 73, 19, 45, 88, 79,  5, 41, 16, 48, 60, 30, 31, 46, 77, 82, 92, 18, 78, 24, 21,  8, 76, 40, 67, 55, 90, 33, 23, 68, 35, 17, 70, 50, 86, 89, 26, 87, 51,  4, 34, 66, 95, 58, 81, 39,  7, 14, 83, 63, 75, 80, 25, 94, 32], 2066.10526179, 2105.8485329 , 0.,   0.        ,  0.        ,  3.        , 18, 33, 34.5)
 (42, [24, 22, 24, 26,  6, 54, 12, 85, 11, 56, 20,  3,  9, 93, 49, 84, 57, 42, 10, 69, 37, 44,  1, 13, 64, 15, 59, 47, 72, 28, 61, 52, 71, 53, 36, 29, 65, 43, 74, 91, 22, 96, 62, 27, 38,  2, 73, 19, 45, 88, 79,  5, 41, 16, 48, 60, 30, 31, 46, 77, 82, 92, 18, 78, 24, 21,  8, 76, 40, 67, 55, 90, 33, 23, 68, 35, 17, 70, 50, 86, 89, 26, 87, 51,  4, 34, 66, 95, 58, 81, 39,  7, 14, 83, 63, 75, 80, 25, 94, 32], 2066.10526179, 2105.8485329 , 0.,   0.        ,  0.        ,  3.        , 18, 33, 34.5)
 (12, [32, 12, 22, 30, 81, 19, 93, 38, 68, 39, 27, 74, 62, 55, 92, 20, 16, 64, 17, 44, 86, 43,  8, 13, 73, 37, 69,  9, 25, 60, 72, 41, 70, 59, 84, 42, 65, 87, 32, 47,  1, 78, 88, 33,  7,  5, 94,  2, 80, 48,  6, 10, 24, 14, 18, 96, 67, 51, 50, 76,  3, 12, 53, 36, 71, 66, 85, 22, 56, 57, 95, 29, 54, 58, 79, 40, 75, 83, 30, 91, 28, 11, 21, 23, 15, 46, 26, 45, 90, 77,  4, 61, 31, 52, 89, 63, 34, 49, 82, 35], 2081.97516069, 2122.72064906, 0.,   0.        ,  0.        ,  5.        , 19, 29, 33.5)
 (44, [28, 23, 22, 23, 93, 16, 26, 14, 13, 34, 31, 79, 49,  8, 80, 20, 59, 37, 45, 77, 92, 87, 29, 47, 35, 86, 74, 90, 65, 68, 52, 21, 96, 24, 30, 71, 33,  5, 12, 41, 66, 46, 22, 69, 64, 67, 10, 23, 76, 28, 44, 43, 15, 53, 25, 17, 91, 18,  1, 82, 89, 83, 94,  4,  3, 51, 27, 84, 50, 56,  2, 70, 61, 32, 75, 42, 19, 62, 48, 72, 63, 40, 39, 88, 78, 85, 73, 11, 57, 55, 60,  7, 38,  9, 54, 36, 81,  6, 58, 95], 2152.31459257, 2422.77631133, 0.,   0.        ,  0.        , 10.        , 20, 22, 31. )
 (44, [28, 23, 22, 23, 93, 16, 26, 14, 13, 34, 31, 79, 49,  8, 80, 20, 59, 37, 45, 77, 92, 87, 29, 47, 35, 86, 74, 90, 65, 68, 52, 21, 96, 24, 30, 71, 33,  5, 12, 41, 66, 46, 22, 69, 64, 67, 10, 23, 76, 28, 44, 43, 15, 53, 25, 17, 91, 18,  1, 82, 89, 83, 94,  4,  3, 51, 27, 84, 50, 56,  2, 70, 61, 32, 75, 42, 19, 62, 48, 72, 63, 40, 39, 88, 78, 85, 73, 11, 57, 55, 60,  7, 38,  9, 54, 36, 81,  6, 58, 95], 2152.31459257, 2422.77631133, 0.,   0.        ,  0.        , 10.        , 20, 22, 31. )
 (12, [30, 12, 22, 32, 81, 19, 93, 38, 68, 39, 27, 74, 62, 55, 92, 20, 16, 64, 17, 44, 86, 43,  8, 13, 41, 70, 73, 37, 69,  9, 25, 60, 72, 54, 78, 88, 33,  7, 84, 59, 87, 32, 42, 65, 47,  1, 10,  5, 94,  2, 80, 48,  6, 24, 14, 18, 96, 67, 51, 50, 76,  3, 12, 53, 36, 71, 85, 66, 57, 95, 22, 56, 28, 29, 58, 79, 40, 75, 83, 30, 91, 11, 21, 23, 15, 46, 26, 45, 90, 77,  4, 31, 61, 52, 89, 63, 34, 49, 82, 35], 2169.32274645, 2210.06823482, 0.,   0.        ,  0.        ,  5.        , 32, 28, 46. )
 (12, [31, 12, 22, 31, 11, 19, 93, 38, 68, 39, 27, 74, 62, 55, 92, 20, 16, 64, 17, 44, 86, 43,  8, 13, 73, 37, 69,  9, 25, 60, 72, 41, 70, 59, 84, 42, 65, 87, 32, 47,  1, 78, 88, 33,  7,  5, 94,  2, 80, 48,  6, 10, 24, 14, 18, 81, 96, 67, 51, 50, 76,  3, 12, 53, 36, 71, 66, 85, 22, 56, 57, 95, 29, 54, 79, 40, 75, 83, 30, 91, 28, 63, 58, 21, 23, 15, 46, 26, 45, 90, 77,  4, 31, 61, 52, 89, 34, 49, 82, 35], 2171.33780792, 2308.00284989, 0.,   0.        ,  0.        ,  8.        , 21, 25, 33.5)
 (43, [24, 25, 25, 22, 54, 94, 22, 57, 82, 33, 89, 96, 39, 79, 41, 53, 25,  7, 59, 71, 35, 69,  6, 45, 93, 46, 11, 23, 91, 74, 42,  9, 17, 10, 51, 40, 44, 76, 15, 12, 14, 34, 30, 43, 50, 66, 78, 88, 48, 85, 56, 31, 73, 62, 52, 19, 18, 65, 21, 84, 27,  8, 92, 68,  3, 16, 58, 95, 13, 36, 32,  2, 24, 86, 80, 72, 70, 83, 67,  1, 61, 60, 28, 55, 49, 87, 81, 29, 64, 47, 75, 20, 63, 38, 26, 90, 77,  5,  4, 37], 2178.58781752, 2219.33330589, 0.,   0.        ,  0.        ,  3.        , 22, 34, 39. )
 (43, [24, 25, 25, 22, 54, 94, 22, 57, 82, 33, 89, 96, 39, 79, 41, 53, 25,  7, 59, 71, 35, 69,  6, 45, 93, 46, 11, 23, 91, 74, 42,  9, 17, 10, 51, 40, 44, 76, 15, 12, 14, 34, 30, 43, 50, 66, 78, 88, 48, 85, 56, 31, 73, 62, 52, 19, 18, 65, 21, 84, 27,  8, 92, 68,  3, 16, 58, 95, 13, 36, 32,  2, 24, 86, 80, 72, 70, 83, 67,  1, 61, 60, 28, 55, 49, 87, 81, 29, 64, 47, 75, 20, 63, 38, 26, 90, 77,  5,  4, 37], 2178.58781752, 2219.33330589, 0.,   0.        ,  0.        ,  3.        , 22, 34, 39. )
 (12, [31, 11, 22, 32, 81, 19, 93, 38, 68, 39, 27, 74, 62, 55, 86, 41, 92, 20, 16, 64, 17, 44, 43,  8, 13, 73, 37, 69,  9, 25, 60, 72,  7, 59, 84, 42, 65, 87, 32, 47,  1, 78, 88, 33, 70,  5, 94,  2, 80, 48,  6, 10, 24, 14, 18, 96, 67, 51, 50, 76,  3, 12, 53, 36, 71, 66, 85, 22, 56, 57, 95, 29, 54, 58, 79, 40, 75, 83, 30, 91, 28, 11, 21, 23, 15, 46, 26, 45, 90, 77,  4, 31, 61, 52, 89, 63, 34, 49, 82, 35], 2281.85412275, 2317.35565109, 0.,   2.62198001,  0.        ,  8.        , 23, 24, 35. )
 (37, [24, 25, 24, 23, 34, 66, 19, 50, 29, 86, 67, 80, 40, 14, 35, 76, 38, 75, 89, 22, 73, 53, 96, 55, 48, 10, 33,  6, 11, 17, 49, 95, 70, 65, 26, 87, 25, 23,  5, 28, 39, 52, 27, 72, 45, 46, 92, 15, 90, 88, 79,  3, 20, 51, 12, 61, 41, 71, 56, 78, 77, 42, 74, 37, 54,  2, 57, 81, 31, 24, 36, 18, 91, 13,  1, 30, 93, 44, 47, 43, 62, 16, 94,  4, 58, 59, 32, 83, 82, 64, 68,  8, 85, 60, 84, 21,  9, 63, 69,  7], 2300.28989492, 2346.89585671, 0.,  15.67804908,  0.        ,  1.33333333, 24, 36, 42. )
 (12, [31, 22, 23, 20, 81, 19, 93, 38, 39, 27, 74, 62, 68, 55, 86, 41, 92, 20, 16, 64, 17, 44, 43,  8, 13, 73, 37, 69,  9, 25, 60, 72, 70, 59, 84, 42, 65, 87, 32, 47,  1, 78, 88, 33,  7,  5, 94,  2, 80, 48,  6, 10, 24, 14, 18, 96, 67, 51, 50, 76,  3, 12, 53, 36, 71, 66, 85, 22, 56, 57, 95, 29, 54, 58, 79, 40, 75, 83, 30, 91, 28, 11, 21, 23, 15, 46, 26, 45, 90, 77,  4, 31, 61, 52, 89, 63, 34, 82, 49, 35], 2300.28989492, 2346.89585671, 0.,  15.67804908,  0.        ,  1.33333333, 25, 37, 43.5)
 (36, [24, 24, 23, 25, 88, 80, 31,  1, 37, 14, 60, 10, 96, 75,  6, 13, 39, 30,  8, 62, 70, 74, 90, 68, 12, 61, 11, 34, 50, 19, 32, 33, 47, 51, 82, 58, 26, 17,  9, 83, 84, 18, 59, 85, 87, 21, 35, 54, 66, 81, 20, 79,  7, 44, 36, 23, 52, 95, 46, 72, 40, 41, 42, 76, 65,  5, 22, 38, 78, 15, 55, 43, 73, 45, 25, 24, 94, 27, 64, 93,  2, 67, 57, 29, 63,  3, 56, 48, 71, 69, 89, 92, 16,  4, 77, 86, 53, 49, 28, 91], 2300.28989492, 2346.89585671, 0.,  15.67804908,  0.        ,  1.33333333, 26, 35, 43.5)
 (12, [31, 12, 22, 31, 81, 19, 93, 38, 68, 39, 27, 74, 62, 55, 20, 16, 64, 17, 44, 86, 43,  8, 13, 73, 37, 69,  9, 25, 60, 77, 92, 41, 65, 59, 84, 42, 87, 32, 47,  1, 78, 88, 33,  7,  5, 94, 72, 70,  2, 80, 48,  6, 10, 24, 14, 18, 96, 67, 51, 50, 76,  3, 12, 53, 36, 71, 66, 85, 22, 56, 57, 95, 29, 54, 58, 79, 40, 75, 83, 30, 91, 28, 11, 21, 23, 15, 46, 26, 45, 90,  4, 31, 61, 52, 89, 63, 34, 49, 82, 35], 2318.01710678, 2374.03347861, 0.,   0.        ,  0.        , 11.        , 27, 20, 37. )
 (12, [34, 14, 27, 21, 81, 19, 93, 38, 39, 27, 74, 62, 68, 55, 86, 92, 20, 16, 64, 17, 44, 43,  8, 13, 73, 37, 69,  9, 25, 60, 72, 41, 70, 59, 84, 42, 65, 87, 32, 47,  1, 78, 88, 33,  7,  5, 94,  2, 80, 48,  6, 10, 24, 14, 18, 96, 67, 51, 50, 76,  3, 12, 53, 36, 71, 66, 85, 22, 56, 57, 95, 29, 54, 58, 79, 40, 75, 83, 30, 91, 28, 11, 21, 23, 15, 46, 26, 45, 90, 77,  4, 31, 61, 52, 89, 63, 34, 82, 49, 35], 2323.54253145, 2370.14849323, 0.,  15.67804908,  0.        , 19.        , 28, 13, 34.5)
 (46, [24, 24, 24, 24, 24, 33, 25, 31, 17, 66, 43, 91, 95, 29,  3, 63, 89, 50, 94, 37, 23, 42, 13, 52, 39, 44, 77, 48, 70, 87, 30, 82, 51, 16, 57, 47, 88, 79, 10, 62, 14, 15, 59, 96, 26, 76, 20, 11, 12, 84,  4, 74, 41, 36,  8, 45, 28, 54, 40, 58, 93, 86, 67, 55, 90,  6, 61, 80,  7, 69,  5, 71, 56, 19, 72,  1, 81, 83, 35, 60, 64, 32, 38, 65, 85, 78, 75, 18,  2, 22, 34, 73, 27, 21, 53, 92, 49, 46, 68,  9], 2345.62607196, 2386.37156033, 0.,   0.        ,  0.        , 10.33333333, 29, 21, 39.5)
 (46, [24, 24, 24, 24, 24, 33, 25, 31, 17, 66, 43, 91, 95, 29,  3, 63, 89, 50, 94, 37, 23, 42, 13, 52, 39, 44, 77, 48, 70, 87, 30, 82, 51, 16, 57, 47, 88, 79, 10, 62, 14, 15, 59, 96, 26, 76, 20, 11, 12, 84,  4, 74, 41, 36,  8, 45, 28, 54, 40, 58, 93, 86, 67, 55, 90,  6, 61, 80,  7, 69,  5, 71, 56, 19, 72,  1, 81, 83, 35, 60, 64, 32, 38, 65, 85, 78, 75, 18,  2, 22, 34, 73, 27, 21, 53, 92, 49, 46, 68,  9], 2345.62607196, 2386.37156033, 0.,   0.        ,  0.        , 10.33333333, 29, 21, 39.5)
 (45, [27, 25, 23, 21, 90,  2, 68, 69, 52,  6, 81, 75, 22, 43, 84, 70, 55, 39, 20, 26,  9, 66, 38, 58, 11, 78, 27, 19, 45, 37, 63, 51, 95, 53, 25, 10, 36, 88, 29, 33, 73, 92, 87, 15, 96, 71, 93, 89, 12, 48, 41, 28, 50, 21, 60, 31,  5, 32, 54, 64, 74, 42, 35, 85, 94, 44, 79, 56, 57,  4, 67, 23, 59, 82,  8, 72, 61, 30, 47, 17, 76, 40, 83,  7, 46, 91, 16, 77, 24, 65,  1, 13, 34, 14, 49,  3, 86, 62, 18, 80], 2352.86901779, 2463.51579666, 0.,   0.        ,  0.        , 15.        , 30, 17, 38.5)
 (45, [27, 25, 23, 21, 90,  2, 68, 69, 52,  6, 81, 75, 22, 43, 84, 70, 55, 39, 20, 26,  9, 66, 38, 58, 11, 78, 27, 19, 45, 37, 63, 51, 95, 53, 25, 10, 36, 88, 29, 33, 73, 92, 87, 15, 96, 71, 93, 89, 12, 48, 41, 28, 50, 21, 60, 31,  5, 32, 54, 64, 74, 42, 35, 85, 94, 44, 79, 56, 57,  4, 67, 23, 59, 82,  8, 72, 61, 30, 47, 17, 76, 40, 83,  7, 46, 91, 16, 77, 24, 65,  1, 13, 34, 14, 49,  3, 86, 62, 18, 80], 2352.86901779, 2463.51579666, 0.,   0.        ,  0.        , 15.        , 30, 17, 38.5)
 (12, [32, 12, 22, 30, 81, 19, 38, 68, 39, 27, 74, 62, 55, 92, 20, 16, 64, 17, 44, 86, 43,  8, 13, 73, 37, 69,  9, 25, 60, 72, 41, 70, 59, 84, 42, 65, 87, 32, 47,  1, 78, 88, 33,  7,  5, 94,  2, 80, 48,  6, 10, 24, 63, 14, 18, 96, 67, 51, 50, 76,  3, 12, 53, 36, 71, 66, 85, 22, 56, 57, 95, 29, 54, 58, 79, 40, 75, 83, 30, 91, 28, 11, 21, 93, 23, 15, 46, 26, 45, 90, 77,  4, 31, 61, 52, 89, 34, 49, 82, 35], 2379.87512689, 2483.31446735, 0.,   0.        ,  0.        ,  8.        , 31, 23, 42.5)
 (40, [24, 26, 23, 23, 18, 43, 31, 70, 73,  9, 89, 94, 81, 93, 90, 36, 80, 17, 26, 69,  4, 79, 44, 11, 20,  1, 33, 64, 87, 88, 91, 55, 49, 16, 46, 12, 42, 76,  2,  8, 23, 62, 25,  7, 58, 95, 71,  3, 85, 27, 30, 24, 52, 51, 78, 21, 13, 39, 35, 84, 45, 14, 59, 68, 10, 38, 19, 65, 54, 67, 96, 75, 15, 83, 82,  6, 60, 86, 50, 29, 92, 74, 66, 57, 77, 61, 32, 56, 48, 72, 40, 63,  5, 37, 28, 22, 34, 41, 47, 53], 2426.60604346, 2438.48391236, 0.,  35.11036994,  0.        , 28.66666667, 33,  8, 37. )
 (40, [24, 26, 23, 23, 18, 43, 31, 70, 73,  9, 89, 94, 81, 93, 90, 36, 80, 17, 26, 69,  4, 79, 44, 11, 20,  1, 33, 64, 87, 88, 91, 55, 49, 16, 46, 12, 42, 76,  2,  8, 23, 62, 25,  7, 58, 95, 71,  3, 85, 27, 30, 24, 52, 51, 78, 21, 13, 39, 35, 84, 45, 14, 59, 68, 10, 38, 19, 65, 54, 67, 96, 75, 15, 83, 82,  6, 60, 86, 50, 29, 92, 74, 66, 57, 77, 61, 32, 56, 48, 72, 40, 63,  5, 37, 28, 22, 34, 41, 47, 53], 2426.60604346, 2438.48391236, 0.,  35.11036994,  0.        , 28.66666667, 33,  8, 37. )
 (49, [22, 24, 24, 26, 42, 64, 65,  6, 40,  4, 12, 81, 24, 82,  7, 58, 17,  3, 19, 47, 69, 33,  1, 28, 61, 94, 73, 90, 15, 46, 25, 16, 93, 45, 26, 44, 72, 95, 30, 71, 29, 92, 59, 31, 51, 56, 66, 83, 10, 36, 34, 74, 22, 13, 18, 43, 85, 54, 75, 39, 11, 48, 68, 50, 77, 52,  5, 86, 91, 49, 32, 53, 21, 60, 87, 14, 76, 70, 96, 78, 80, 38, 79,  9, 27, 37,  2, 20, 63, 62, 67, 84, 41, 55, 57,  8, 35, 23, 88, 89], 2430.19930944, 2470.94479781, 0.,   0.        ,  0.        , 11.33333333, 34, 19, 43.5)
 (49, [22, 24, 24, 26, 42, 64, 65,  6, 40,  4, 12, 81, 24, 82,  7, 58, 17,  3, 19, 47, 69, 33,  1, 28, 61, 94, 73, 90, 15, 46, 25, 16, 93, 45, 26, 44, 72, 95, 30, 71, 29, 92, 59, 31, 51, 56, 66, 83, 10, 36, 34, 74, 22, 13, 18, 43, 85, 54, 75, 39, 11, 48, 68, 50, 77, 52,  5, 86, 91, 49, 32, 53, 21, 60, 87, 14, 76, 70, 96, 78, 80, 38, 79,  9, 27, 37,  2, 20, 63, 62, 67, 84, 41, 55, 57,  8, 35, 23, 88, 89], 2430.19930944, 2470.94479781, 0.,   0.        ,  0.        , 11.33333333, 34, 19, 43.5)
 (48, [26, 23, 24, 23, 64, 95, 78, 96, 34, 36, 73, 26, 56, 86, 90, 69, 87, 88, 24, 44, 30, 77, 91,  4, 32, 18, 81, 49, 74, 28, 61, 38, 10, 66, 11, 45,  1, 46, 27,  9, 17, 33, 55, 23, 48, 51, 41, 80,  3,  5, 31, 42, 57, 53, 92, 39,  8, 58, 47, 79, 70, 29, 19, 15, 67,  6, 14, 93, 37, 12, 22, 94, 76, 60, 50, 20, 21, 82, 83, 72, 25, 62, 40, 52, 54, 68, 65, 13, 84, 16, 59, 89, 71, 35, 43, 75, 63, 85,  2,  7], 2524.19864306, 2563.94191416, 0.,   0.        ,  0.        , 19.        , 35, 14, 42. )
 (48, [26, 23, 24, 23, 64, 95, 78, 96, 34, 36, 73, 26, 56, 86, 90, 69, 87, 88, 24, 44, 30, 77, 91,  4, 32, 18, 81, 49, 74, 28, 61, 38, 10, 66, 11, 45,  1, 46, 27,  9, 17, 33, 55, 23, 48, 51, 41, 80,  3,  5, 31, 42, 57, 53, 92, 39,  8, 58, 47, 79, 70, 29, 19, 15, 67,  6, 14, 93, 37, 12, 22, 94, 76, 60, 50, 20, 21, 82, 83, 72, 25, 62, 40, 52, 54, 68, 65, 13, 84, 16, 59, 89, 71, 35, 43, 75, 63, 85,  2,  7], 2524.19864306, 2563.94191416, 0.,   0.        ,  0.        , 19.        , 35, 14, 42. )
 (47, [26, 24, 22, 24, 73, 81, 33, 69, 20, 56,  8, 13, 71, 85, 14, 61, 80, 50, 66, 45,  2,  6, 64, 94, 88, 23, 51, 77, 18, 34,  5, 67, 12, 37, 15, 65, 87, 62,  1, 78, 93, 35, 21, 52, 72, 86, 49, 39, 10, 95, 82,  4, 40, 58, 44, 43, 42, 47, 91, 32, 57, 17, 16, 54, 75, 90,  3, 26, 63, 28, 76, 96, 24, 31, 27,  7, 25, 74, 29, 68, 11,  9, 92, 41, 48, 22, 46, 36, 84, 19, 55, 70, 59, 79, 30, 60, 53, 89, 38, 83], 2560.92947838, 2601.67496675, 0.,   0.        ,  0.        , 14.        , 36, 18, 45. )
 (47, [26, 24, 22, 24, 73, 81, 33, 69, 20, 56,  8, 13, 71, 85, 14, 61, 80, 50, 66, 45,  2,  6, 64, 94, 88, 23, 51, 77, 18, 34,  5, 67, 12, 37, 15, 65, 87, 62,  1, 78, 93, 35, 21, 52, 72, 86, 49, 39, 10, 95, 82,  4, 40, 58, 44, 43, 42, 47, 91, 32, 57, 17, 16, 54, 75, 90,  3, 26, 63, 28, 76, 96, 24, 31, 27,  7, 25, 74, 29, 68, 11,  9, 92, 41, 48, 22, 46, 36, 84, 19, 55, 70, 59, 79, 30, 60, 53, 89, 38, 83], 2560.92947838, 2601.67496675, 0.,   0.        ,  0.        , 14.        , 36, 18, 45. )
 (35, [23, 24, 23, 26, 57, 16, 21, 46, 59, 30, 78, 61, 44, 63,  8, 96, 92, 10, 75, 94, 48, 26, 37, 95, 12,  6, 32, 28, 52, 34, 62, 81, 69, 47,  3, 77, 27, 83, 49, 68, 25, 71, 72, 35, 20, 17,  5, 39, 11, 65, 13, 43, 60, 33, 40, 89, 55, 80, 41, 76, 87,  7, 22, 53, 91, 64, 18, 23, 50, 82, 54, 90, 51, 79, 58,  2, 31, 19,  9, 42, 86, 84, 66, 24,  1, 15, 67, 36, 93, 14, 38, 29, 88, 85, 56, 73, 70,  4, 74, 45], 2562.86076112, 2571.99715596, 0.,   0.        ,  0.        , 19.33333333, 47, 12, 53. )
 (35, [23, 24, 23, 26, 57, 16, 21, 46, 59, 30, 78, 61, 44, 63,  8, 96, 92, 10, 75, 94, 48, 26, 37, 95, 12,  6, 32, 28, 52, 34, 62, 81, 69, 47,  3, 77, 27, 83, 49, 68, 25, 71, 72, 35, 20, 17,  5, 39, 11, 65, 13, 43, 60, 33, 40, 89, 55, 80, 41, 76, 87,  7, 22, 53, 91, 64, 18, 23, 50, 82, 54, 90, 51, 79, 58,  2, 31, 19,  9, 42, 86, 84, 66, 24,  1, 15, 67, 36, 93, 14, 38, 29, 88, 85, 56, 73, 70,  4, 74, 45], 2562.86076112, 2571.99715596, 0.,   0.        ,  0.        , 19.33333333, 47, 12, 53. )
 (41, [24, 24, 22, 26, 63, 10, 40, 37, 28, 75, 30, 53, 19, 89, 16, 59, 83, 96, 55, 27, 25, 44, 41, 42, 26, 86, 21, 38, 12, 52, 66, 85, 32, 61, 50, 56, 45,  8, 87, 80, 24, 88,  7, 39, 76, 73, 49, 91, 68,  6, 36,  1, 15,  5, 20, 23, 77,  4, 35,  2, 70, 64, 72, 47, 17, 31, 43, 71, 34, 62, 46, 14, 69, 48, 79, 81, 60, 65, 22, 94, 74, 58, 11, 33, 90, 51, 82,  3, 95, 78, 67,  9, 57, 18, 54, 92, 29, 93, 84, 13], 2594.57413132, 2498.01441518, 0.,  13.79446481, 37.67363369, 30.66666667, 37,  6, 40. )
 (41, [24, 24, 22, 26, 63, 10, 40, 37, 28, 75, 30, 53, 19, 89, 16, 59, 83, 96, 55, 27, 25, 44, 41, 42, 26, 86, 21, 38, 12, 52, 66, 85, 32, 61, 50, 56, 45,  8, 87, 80, 24, 88,  7, 39, 76, 73, 49, 91, 68,  6, 36,  1, 15,  5, 20, 23, 77,  4, 35,  2, 70, 64, 72, 47, 17, 31, 43, 71, 34, 62, 46, 14, 69, 48, 79, 81, 60, 65, 22, 94, 74, 58, 11, 33, 90, 51, 82,  3, 95, 78, 67,  9, 57, 18, 54, 92, 29, 93, 84, 13], 2594.57413132, 2498.01441518, 0.,  13.79446481, 37.67363369, 30.66666667, 37,  6, 40. )
 (12, [31, 10, 24, 31, 81, 86, 93, 38, 68, 39, 27, 74, 62, 19, 55, 92, 20, 16, 64, 11, 30, 41,  4, 31, 35, 28, 60, 70, 72,  9, 44, 69, 37, 59, 84, 42, 65, 87, 32, 47,  1, 78, 88, 33,  7,  5, 94,  2, 80, 48,  6, 10, 24, 14, 18, 96, 67, 51, 50, 76,  3, 12, 53, 36, 71, 66, 85, 22, 56, 57, 95, 29, 54, 58, 79, 40, 75, 73, 17, 13,  8, 43, 25, 21, 15, 26, 46, 23, 83, 91, 45, 90, 77, 61, 52, 89, 63, 34, 49, 82], 2607.20974975, 2586.10420364, 0.,  10.55277305,  0.        , 37.        , 38,  5, 40.5)
 (12, [32, 16, 26, 22, 81, 19, 93, 38, 68, 39, 27, 26, 74, 62, 55, 92, 20, 16, 64, 17, 44, 86, 43,  8, 13, 73, 37, 69,  9, 25, 60, 72, 41, 70, 59, 84, 42, 65, 87, 32, 47,  1, 78, 88, 33,  7,  5, 94,  2, 80, 48,  6, 10, 18, 51, 12, 53, 95, 54, 75, 83, 30, 91, 28, 11, 21, 24, 14, 96, 67, 50, 76,  3, 36, 71, 66, 85, 22, 56, 57, 29, 58, 79, 40, 23, 15, 46, 45, 90, 77,  4, 31, 61, 52, 89, 63, 34, 49, 82, 35], 2609.41251025, 2869.98465216, 0.,  44.24376053, 12.42007082, 28.66666667, 39,  7, 42.5)
 (25, [30, 14, 25, 27, 81, 19, 93, 38, 68, 39, 27, 26, 74, 62, 55, 92, 20, 16, 64, 17, 44, 86, 43,  8, 13, 73, 37, 69,  9, 25, 60, 72, 41, 70, 59, 84, 42, 65, 87, 32, 47,  1, 78, 88, 33,  7,  5, 94,  2, 80, 48,  6, 24, 10, 29, 54, 14, 18, 51, 12, 53, 95, 58, 79, 40, 75, 83, 96, 67, 50, 76,  3, 36, 71, 66, 85, 22, 56, 57, 30, 91, 28, 11, 21, 23, 15, 46, 45, 90, 77,  4, 31, 61, 52, 89, 63, 34, 49, 82, 35], 2654.51484703, 2697.98244603, 0.,   0.        ,  0.        , 23.66666667, 42,  9, 46.5)
 (12, [31, 13, 23, 29, 81, 19, 93, 38, 68, 39, 27, 74, 55, 16, 64, 17, 44, 86, 43,  8, 13, 73, 37, 69, 25, 60, 70, 40, 72, 63, 77, 92, 41, 65, 59, 84, 42, 87, 32, 47,  1, 78, 88, 33,  7,  5, 94,  2, 80, 48,  6, 10, 24,  9, 14, 18, 96, 67, 51, 50, 76,  3, 12, 53, 36, 71, 66, 85, 22, 56, 57, 95, 29, 54, 58, 79, 75, 83, 30, 91, 28, 11, 21, 23, 15, 46, 62, 20, 26, 45, 90,  4, 31, 61, 52, 89, 34, 49, 82, 35], 2699.59356162, 2711.26572794, 0.,   0.        ,  0.        , 23.33333333, 43, 10, 48. )
 (12, [30, 16, 20, 30, 81, 19, 93, 38, 68, 39, 27, 74, 62, 55, 92, 20, 16, 64, 17, 44, 86, 43,  8, 13, 73, 37, 69,  9, 25, 60, 72, 41, 70, 59, 84, 42, 65, 87, 32,  1, 78, 88, 33,  7, 14, 18, 96, 67, 51, 50,  3, 47, 82, 76, 71, 40,  5, 94,  2, 80, 48,  6, 10, 24, 12, 53, 36, 66, 85, 22, 56, 57, 95, 29, 54, 58, 79, 75, 83, 30, 91, 28, 11, 21, 23, 15, 46, 26, 45, 90, 77,  4, 31, 61, 52, 89, 63, 34, 49, 35], 2747.27304498, 2788.01853335, 0.,   0.        ,  0.        , 15.        , 44, 16, 52. )
 (12, [31, 16, 20, 29, 81, 19, 93, 38, 68, 39, 27, 74, 62, 55, 92, 20, 16, 64, 44, 86, 43,  8, 13, 73, 37, 69,  9, 25, 60, 72, 41, 70, 59, 84, 42, 65, 87, 32,  1, 78, 88, 33,  7, 14, 18, 96, 67, 51, 50,  3, 47, 82, 17, 76, 71, 40,  5, 94, 31,  2, 80, 48,  6, 10, 24, 12, 53, 36, 66, 85, 22, 54, 57, 95, 29, 58, 79, 75, 83, 30, 91, 28, 11, 21, 23, 15, 56, 46, 26, 45,  4, 90, 61, 52, 89, 63, 77, 34, 49, 35], 2900.40086911, 2914.22506713, 0.,   0.        ,  0.        , 19.66666667, 45, 11, 50.5)
 (12, [30, 12, 23, 31, 86, 38, 68, 39, 27, 74, 81, 62, 19, 55, 64, 17, 44, 43,  8, 13, 73, 37, 69,  9, 25, 87, 82, 92, 20, 16, 22, 56, 57, 95, 29, 85, 66, 71, 36, 53, 12,  3, 76, 50, 51, 67, 96, 18,  6, 48, 80, 10, 24, 14,  2, 94,  5,  7, 33, 88, 78,  1, 47, 32, 65, 42, 84, 59, 70, 41, 72, 60, 54, 58, 79, 40, 75, 83, 30, 91, 28, 11, 21, 23, 15, 46, 63, 93, 26, 45, 90, 77,  4, 31, 61, 52, 89, 34, 49, 35], 3080.48062867, 3637.37550294, 0., 101.00602247,  0.        , 45.66666667, 48,  3, 49.5)
 (12, [27, 16, 23, 30, 86, 38, 68, 39, 27, 74, 81, 62, 55, 64, 17, 44, 43, 82,  4, 19, 61, 52,  8, 13, 25, 87, 73, 37, 69,  9, 29, 95, 57, 56, 22, 85, 66, 71, 36, 53, 12,  3, 76, 50, 51, 67, 92, 20, 16, 96, 18, 14, 24, 10,  6, 48, 80,  2, 94,  5,  7, 33, 88, 78,  1, 47, 32, 65, 42, 84, 59, 70, 41, 72, 60, 54, 58, 79, 40, 75, 83, 30, 91, 28, 11, 21, 23, 15, 46, 63, 93, 26, 45, 90, 77, 31, 89, 34, 49, 35], 3469.36023445, 3624.35378109, 0.,  46.47250617, 37.67363369, 55.33333333, 49,  2, 50. )
 (12, [29, 19, 20, 28, 81, 19, 93, 38, 68, 39, 27, 74, 62, 55, 92, 20, 16, 64, 17, 44, 86, 43,  8, 13, 73, 37, 69,  9, 25, 60, 72, 41, 70, 45, 59, 84, 42, 89, 52, 61, 31,  4, 77, 90, 26, 46, 15, 23, 21, 11, 28, 91, 30, 83, 75, 79, 58, 54, 29, 95, 57, 56, 22, 85, 66, 36, 53, 12, 76, 50, 51, 67, 96, 18, 14, 24, 10,  6, 48, 80,  2, 94,  5, 40, 71,  7, 33, 88, 78,  1, 47, 32, 87, 65,  3, 63, 34, 49, 82, 35], 3822.46270745, 4029.3079641 , 0., 122.87533466, 41.17772397, 63.        , 50,  1, 50.5)]