
Total Runtime in seconds: 176.29171204566956Parameters:
population_size: 50, max_generations: 150, executed generations: 149, threshold_no_improvement: 75
target feasible proportion: 12
fitness_scaling: power_rank, selection_method: n_tournaments
p_c: 0.8, p_m: 0.2, NOT YET p_education: 0.0
tournament_size: 2, n_elite: 8
survivor_selection_step: 10, p_selection_survival: 0.7
kill clone step: 5
diversify_step: 20, diversify_step: 20, p_diversify_survival: 0.3
n_closest_neighbors: 3, diversity_weight: 0.5, distance_method: broken_pairs_distance
capacity_penalty_factor: 2, duration_penalty_factor 2, time_window_penalty: 2
Best fitness all generations, best individual before/after local search: 1488.3505885104016, 1488.3505885104016 / 1488.3505885104016
Best individual found before local search: (39, [12, 12, 12, 11, 13, 12, 33, 64, 25, 63, 37, 38, 66, 44, 28,  4, 36, 20, 58, 70, 51,  5, 55, 17, 15, 23, 72, 62, 49,  7, 30, 48,  1, 10, 18, 41, 45, 26, 40,  8, 19, 71, 11,  3, 65, 43, 42, 39, 34, 31,  6, 22, 69,  9, 67, 16,  2, 47, 53, 59, 12, 57, 24, 61, 27, 32, 60, 50, 13, 14, 35, 29, 46, 54, 68, 56, 52, 21], 1488.35058851, 1488.35058851, 0., 0., 0., 3., 5, 19, 14.5)
Best individual found after local search: (39, [12, 12, 12, 11, 13, 12, 33, 64, 25, 63, 37, 38, 66, 44, 28,  4, 36, 20, 58, 70, 51,  5, 55, 17, 15, 23, 72, 62, 49,  7, 30, 48,  1, 10, 18, 41, 45, 26, 40,  8, 19, 71, 11,  3, 65, 43, 42, 39, 34, 31,  6, 22, 69,  9, 67, 16,  2, 47, 53, 59, 12, 57, 24, 61, 27, 32, 60, 50, 13, 14, 35, 29, 46, 54, 68, 56, 52, 21], 1488.35058851, 1488.35058851, 0., 0., 0., 3., 5, 19, 14.5)
Best feasible individual found: (39, [12, 12, 12, 11, 13, 12, 33, 64, 25, 63, 37, 38, 66, 44, 28,  4, 36, 20, 58, 70, 51,  5, 55, 17, 15, 23, 72, 62, 49,  7, 30, 48,  1, 10, 18, 41, 45, 26, 40,  8, 19, 71, 11,  3, 65, 43, 42, 39, 34, 31,  6, 22, 69,  9, 67, 16,  2, 47, 53, 59, 12, 57, 24, 61, 27, 32, 60, 50, 13, 14, 35, 29, 46, 54, 68, 56, 52, 21], 1488.35058851, 1488.35058851, 0., 0., 0., 3., 5, 19, 14.5)

Fitness stats min: [1603.23428829 1513.66528529 1513.87267845 1513.87267845 1513.00162717
 1509.35490366 1508.48385239 1504.68213747 1504.68213747 1504.68213747
 1504.68213747 1504.68213747 1504.68213747 1504.68213747 1504.68213747
 1504.68213747 1504.68213747 1504.68213747 1504.68213747 1504.68213747
 1504.68213747 1504.68213747 1504.68213747 1504.68213747 1504.68213747
 1504.68213747 1504.68213747 1504.68213747 1504.68213747 1504.68213747
 1504.68213747 1504.68213747 1504.68213747 1504.68213747 1504.68213747
 1504.68213747 1504.68213747 1504.68213747 1504.68213747 1504.68213747
 1504.68213747 1504.68213747 1504.68213747 1504.68213747 1504.68213747
 1504.68213747 1504.68213747 1504.68213747 1504.68213747 1504.68213747
 1504.68213747 1504.68213747 1504.68213747 1504.68213747 1504.68213747
 1504.68213747 1504.68213747 1504.68213747 1504.68213747 1504.68213747
 1504.68213747 1504.68213747 1504.68213747 1504.68213747 1504.68213747
 1504.68213747 1504.68213747 1504.68213747 1504.68213747 1504.68213747
 1504.68213747 1504.68213747 1504.68213747 1504.68213747 1504.68213747
 1504.68213747 1504.68213747 1504.68213747 1504.68213747 1504.68213747
 1504.68213747 1504.68213747 1504.68213747 1504.68213747 1504.68213747
 1504.68213747 1504.68213747 1504.68213747 1504.68213747 1504.68213747
 1504.68213747 1504.68213747 1504.68213747 1504.68213747 1504.68213747
 1504.68213747 1504.68213747 1504.68213747 1504.68213747 1504.68213747
 1504.68213747 1504.68213747 1504.68213747 1504.68213747 1504.68213747
 1504.68213747 1504.68213747 1504.68213747 1504.68213747 1504.68213747
 1504.68213747 1504.68213747 1504.68213747 1504.68213747 1504.68213747
 1504.68213747 1504.68213747 1504.68213747 1504.68213747 1504.68213747
 1504.68213747 1504.68213747 1504.68213747 1504.68213747 1504.68213747
 1504.68213747 1504.68213747 1504.68213747 1504.68213747 1503.07135879
 1503.07135879 1503.07135879 1503.07135879 1503.07135879 1503.07135879
 1503.07135879 1503.07135879 1503.07135879 1503.07135879 1503.07135879
 1503.07135879 1503.07135879 1498.36857936 1488.35058851 1488.35058851
 1488.35058851 1488.35058851 1488.35058851 1488.35058851 1488.35058851] 

Fitness stats feasible min: [1603.23428829 1603.23428829 1603.23428829 1602.15933905 1584.0619072
 1542.29100532 1512.55170414 1512.55170414 1512.55170414 1512.55170414
 1512.55170414 1512.55170414 1512.55170414 1511.48631541 1511.48631541
 1511.48631541 1511.48631541 1511.48631541 1511.48631541 1511.48631541
 1511.48631541 1511.48631541 1511.48631541 1511.48631541 1511.48631541
 1511.48631541 1511.48631541 1511.48631541 1511.48631541 1511.48631541
 1511.48631541 1506.43185239 1506.43185239 1506.43185239 1504.68213747
 1506.43185239 1506.43185239 1506.43185239 1506.43185239 1506.43185239
 1506.43185239 1506.43185239 1506.43185239 1504.68213747 1504.68213747
 1504.68213747 1504.68213747 1504.68213747 1504.68213747 1504.68213747
 1504.68213747 1504.68213747 1504.68213747 1504.68213747 1504.68213747
 1504.68213747 1504.68213747 1504.68213747 1504.68213747 1504.68213747
 1504.68213747 1504.68213747 1504.68213747 1504.68213747 1504.68213747
 1504.68213747 1504.68213747 1504.68213747 1504.68213747 1504.68213747
 1504.68213747 1504.68213747 1504.68213747 1504.68213747 1504.68213747
 1504.68213747 1504.68213747 1504.68213747 1504.68213747 1504.68213747
 1504.68213747 1504.68213747 1504.68213747 1504.68213747 1504.68213747
 1504.68213747 1504.68213747 1504.68213747 1504.68213747 1504.68213747
 1504.68213747 1504.68213747 1504.68213747 1504.68213747 1504.68213747
 1504.68213747 1504.68213747 1504.68213747 1504.68213747 1504.68213747
 1504.68213747 1504.68213747 1504.68213747 1504.68213747 1504.68213747
 1504.68213747 1504.68213747 1504.68213747 1504.68213747 1504.68213747
 1504.68213747 1504.68213747 1504.68213747 1504.68213747 1504.68213747
 1504.68213747 1504.68213747 1504.68213747 1504.68213747 1504.68213747
 1504.68213747 1504.68213747 1504.68213747 1504.68213747 1504.68213747
 1504.68213747 1504.68213747 1504.68213747 1504.68213747 1504.68213747
 1504.68213747 1503.07135879 1503.07135879 1503.07135879 1503.07135879
 1503.07135879 1503.07135879 1503.07135879 1503.07135879 1503.07135879
 1503.07135879 1503.07135879 1498.36857936 1498.36857936 1498.36857936
 1498.36857936 1498.36857936 1498.36857936 1498.36857936 1488.35058851] 

Fitness stats avg: [2065.61218554 2100.88862348 1939.74268338 1945.70368367 1786.24934069
 2239.67572531 1767.60014844 1669.79250321 1607.14941925 1618.88939189
 3917.62229073 2275.38155163 1778.64157302 1674.4065287  1599.21660229
 4472.96667485 3229.38704479 2273.69569629 1972.07943829 1685.41485109
 3852.71139991 2576.13237702 1779.24767886 1784.17344384 1588.57177746
 5484.81279189 4497.23183741 3344.10693814 3620.67633437 2208.05423205
 3556.64203495 1943.59934817 1605.10785257 1667.90984177 1632.42430658
 5792.76595904 4566.5048249  3335.55733523 2496.29128841 1817.13301761
 3727.7183571  2549.65699188 2017.30363459 1736.56374008 1629.50253647
 4947.96841116 3839.58082832 2549.17335086 4124.3099952  2528.38005899
 4511.30399927 2483.34933229 1992.9586075  1776.87240709 1736.45876823
 5053.09721888 4260.98063691 3118.08681108 2229.35846509 1820.23918946
 3511.62910151 2169.30237506 1711.18265897 1620.06763285 1663.78856128
 4849.20998041 3462.82159053 2281.39875094 3986.41069922 2280.35440573
 3568.38804698 2000.21009851 1795.30839948 1641.04184334 1658.00611537
 5182.40668088 3977.99974303 2404.97497382 1954.83834827 1698.65249216
 3389.66266269 2013.97049618 1761.47279816 1583.51648006 1676.11483788
 5116.96555185 3381.00355583 2212.37826445 3809.88781287 2710.84525328
 4049.3797451  2692.38037183 1974.06281929 1852.7890747  1864.94609506
 3793.31315333 2542.5638518  2028.42622413 1684.73774045 1603.37863312
 2900.86578885 1808.53922344 1608.51964466 1690.03495986 1541.21769654
 5993.26281335 4942.15706285 3837.78276195 3807.36874777 2217.10994733
 4361.63084263 3216.4702927  2606.2600986  1891.44800657 1689.71626979
 5556.50372469 4374.64302043 2990.15977203 2047.41177476 1708.37438602
 3124.61227208 1940.34226575 1735.19376091 1677.34184614 1619.5280755
 5318.65297681 4191.4077317  2938.97595191 3887.47719887 2211.6107641
 3560.9425523  2301.67314315 1881.45089474 1688.27897596 1622.56317975
 4567.02157544 3023.83485083 1769.52803488 1676.04269812 1646.83372365
 2383.87551476 1640.59165235 1652.1686503  1609.7474135  1696.30258343
 4092.68283871 2785.85853737 2029.629643   1754.4048604  1700.88834607] 

Feasible stats: [( 0., 50.) ( 0., 50.) (10., 40.) (10., 40.) (23., 27.) (23., 27.)
 (26., 24.) (26., 24.) (24., 26.) (24., 26.) (20., 30.) (20., 30.)
 (27., 23.) (27., 23.) (26., 24.) (26., 24.) ( 9., 41.) ( 9., 41.)
 (21., 29.) (21., 29.) (30., 20.) (30., 20.) (15., 35.) (15., 35.)
 (18., 32.) (18., 32.) ( 9., 41.) ( 9., 41.) (21., 29.) (21., 29.)
 (30., 20.) (30., 20.) (19., 31.) (19., 31.) (20., 30.) (20., 30.)
 ( 4., 46.) ( 4., 46.) (17., 33.) (17., 33.) (31., 19.) (31., 19.)
 (15., 35.) (15., 35.) (33., 17.) (33., 17.) ( 5., 45.) ( 5., 45.)
 (20., 30.) (20., 30.) (25., 25.) (25., 25.) (20., 30.) (20., 30.)
 (24., 26.) (24., 26.) ( 3., 47.) ( 3., 47.) (12., 38.) (12., 38.)
 (31., 19.) (31., 19.) (27., 23.) (27., 23.) (39., 11.) (39., 11.)
 (10., 40.) (10., 40.) (28., 22.) (28., 22.) (30., 20.) (30., 20.)
 (37., 13.) (37., 13.) (47.,  3.) (47.,  3.) (11., 39.) (11., 39.)
 (31., 19.) (31., 19.) (40., 10.) (40., 10.) (37., 13.) (37., 13.)
 (47.,  3.) (47.,  3.) (11., 39.) (11., 39.) (29., 21.) (29., 21.)
 (25., 25.) (25., 25.) (26., 24.) (26., 24.) (37., 13.) (37., 13.)
 (17., 33.) (17., 33.) (32., 18.) (32., 18.) (46.,  4.) (46.,  4.)
 (40., 10.) (40., 10.) (45.,  5.) (45.,  5.) ( 3., 47.) ( 3., 47.)
 (14., 36.) (14., 36.) (26., 24.) (26., 24.) (14., 36.) (14., 36.)
 (31., 19.) (31., 19.) ( 7., 43.) ( 7., 43.) (21., 29.) (21., 29.)
 (43.,  7.) (43.,  7.) (38., 12.) (38., 12.) (40., 10.) (40., 10.)
 (11., 39.) (11., 39.) (24., 26.) (24., 26.) (35., 15.) (35., 15.)
 (24., 26.) (24., 26.) (32., 18.) (32., 18.) (16., 34.) (16., 34.)
 (39., 11.) (39., 11.) (45.,  5.) (45.,  5.) (48.,  2.) (48.,  2.)
 (46.,  4.) (46.,  4.) (14., 36.) (14., 36.) (36., 14.) (36., 14.)] 
Solution Description: 
p: [   0.          120.37008349  354.06462365  387.16471033  616.81354623
  639.90143371  729.5307827   793.20416053  869.02357416  963.7226797
 1009.77344237 1020.95241728 1044.80899714    0.           68.16695895
  138.05348209  162.33857422  306.4586248   331.47825801  360.37588207
  562.43092101  629.22175617  793.2931307   972.83459855  973.74495598
  982.6752878     0.          103.15337986  106.1911784   401.51670451
  493.1649505   563.76459911  753.89077432  809.65327965 1006.42008985
 1040.66697185 1058.89545254 1177.91377753 1247.40152357    0.
  124.6705614   214.78485944  427.28772274  533.74075082  641.33880785
  763.88387205  772.1838019   878.39505089  939.45991375 1039.55154418
 1056.9989844     0.           30.93061978   60.39371975  187.08096859
  302.16021831  469.98897719  536.75570151  650.59075274  686.4696633
  836.9484501   840.27555257  853.8351573   909.1988734   986.99691734
    0.           72.49816163  294.16880832  294.26456323  355.38987468
  389.11526008  510.42375477  542.72616234  630.04436777  790.18428242
  886.86428482  957.98355532  967.46248614] 
pred: [ 0  0  1  1  3  3  5  6  6  6  6 10 10  0  0  0  2  2  2  5  5  5  8  9
  9  9  0  0  0  2  2  2  5  6  6  6  9  9 10  0  0  0  2  3  4  4  4  4
  4  9  9  0  0  1  1  3  3  3  6  6  6  6  6 11 11  0  0  0  0  3  3  5
  5  7  7  9  9  9] 
distance [  0.         120.37008349 233.69454016 266.79462684 229.6488359
 252.73672338  89.62934899  63.67337783 139.49279146 234.191897
 234.2002051   11.17897491  35.03555478   0.          68.16695895
 138.05348209  24.28509213 168.40514272 193.42477593  28.89762405
 230.952663   297.74349816 164.07137453 179.54146785 180.45182527
 189.3821571    0.         103.15337986 106.1911784  295.3255261
 386.97377209 392.11341334 190.12617521  55.76250532 252.52931552
 257.61056314  18.22848068 137.24680568 188.50607103   0.
 124.6705614  214.78485944 212.5028633  106.45302808 107.59805703
 230.14312122 238.44305108 344.65430007 405.71916292 100.09163044
 103.13242678   0.          30.93061978  29.46309997 156.15034881
 115.07924972 282.90800859 349.67473292 113.83505123 149.71396178
 300.19274858 303.51985105 317.07945579  55.3637161  133.16176004
   0.          72.49816163 294.16880832 294.26456323  61.12531145
  94.85069685 121.30849469 153.61090226  87.31820543 247.45812008
  96.6800024  167.7992729  177.27820372]
load: [ 0 10 13 23 24 47 23 13 25 31 41 10 14  0 23 31 13 31 38  2 27 34 20  2
 15 30  0 17 38 20 32 39 23 12 21 22 23 34 30  0  7 26 20 10 16 27 45 54
 55 15 35  0 13 15 25  6 28 38  5 30 32 40 49  4 29  0 25 40 45  1 22 22
 25 25 29 15 35 41] 
time: [  0.         222.         258.         399.99839548 333.
 413.12958664 130.          67.         247.         313.99946877
 341.         247.         284.52544116   0.         403.
 460.32576877  64.         159.         389.          78.
 366.         510.99232533 269.         179.         277.86709662
 389.           0.         267.         413.         218.
 374.67213281 385.         255.         173.         380.
 473.          89.         475.         542.19831238   0.
 391.         509.27531912 426.         281.         123.
 220.59671891 285.89722911 377.7670255  437.6333847  388.
 407.           0.         454.         108.         270.
 129.         322.         456.         141.         170.99029438
 275.22750214 333.         434.10980374 160.         234.8694638
   0.         141.         399.         464.32633554  76.
 136.00920639  60.         341.         111.         227.00568887
 180.         238.72413589 290.1267168 ] 
time warps: [ 0.          0.          0.          0.          0.          0.
  0.          0.          0.          0.         23.02122728  0.
  0.          0.          0.          0.          0.          0.
  0.          0.          0.          0.          0.          0.
  0.          0.          0.          0.          0.          0.
  0.         32.73000368  0.          0.          0.         14.58281719
  0.          0.          0.          0.          0.          0.
  0.          0.          0.          0.          0.          0.
  0.          0.          7.20332194  0.          0.          0.
  0.          0.          0.          0.          0.          0.
  0.          0.          0.          0.          0.          0.
  0.          0.          0.          0.          0.          0.
  0.          0.          0.          0.          0.          0.        ] 
duration: [  0.         141.37008349 258.69454016 303.79462684 230.6488359
 274.73672338 104.62934899  84.67337783 274.1616746  386.86078014
 393.86908824  34.17897491  64.03555478   0.          89.16695895
 173.05348209  38.28509213 203.33677237 398.76599008  38.89762405
 414.57532193 485.36615709 189.07137453 200.54146785 220.45182527
 316.49874074   0.         125.15337986 247.67998348 303.3255261
 412.97377209 436.11341334 196.12617521  75.76250532 361.39810039
 386.47934801  19.22848068 462.86419453 207.50607103   0.
 149.6705614  259.78485944 233.5028633  116.45302808 123.59805703
 253.14312122 282.44305108 398.65430007 465.71916292 104.09163044
 127.13242678   0.          42.93061978  54.46309997 267.98039113
 130.07924972 346.48455517 455.6197352  118.83505123 168.71396178
 344.19274858 381.05898522 397.61858996  72.3637161  175.16176004
   0.          74.49816163 435.46395502 453.55970992  74.12531145
 123.85069685 146.30849469 427.05262913  97.31820543 271.45812008
  99.6800024  193.7992729  205.27820372]

All individuals: [(29, [10, 17, 12, 12, 15,  6, 18, 20, 31, 10, 33, 65, 71, 60, 27, 36, 43, 49, 61, 37,  7, 68, 12,  1, 64, 47, 23, 26, 59, 51, 17, 41, 50, 69,  8, 54, 56, 16,  3, 22, 62, 34, 44, 45, 15, 52,  4, 72, 53, 46, 29,  5, 57, 24, 63, 28, 13, 66, 42, 19,  9, 14, 67, 21, 55, 40, 48, 30, 58,  6, 11, 70, 35,  2, 38, 39, 32, 25], 1488.35058851, 1488.35058851, 0.,   0.        ,  0.        ,  3.        ,  5, 19, 14.5)
 (43, [12, 10,  9, 10, 10, 21, 25, 55,  8, 12, 71, 30,  5, 62, 42, 61, 60,  7,  9, 40, 33, 21, 68, 15, 16,  4, 14, 26, 65, 37, 32, 44, 69, 35, 66, 51, 27, 56, 10, 17,  2, 70, 43, 64, 28, 57,  3, 59, 63, 52, 38, 31, 58, 50, 19, 29, 22, 45,  1, 34, 53, 47, 49, 11,  6, 46, 72, 39, 20, 48, 18, 13, 36, 67, 41, 54, 23, 24], 1488.35058851, 1523.01946067, 0.,   0.82957264,  0.        ,  0.        ,  3, 35, 20.5)
 (29, [10, 17, 12, 12, 15,  6, 18, 20, 31, 10, 33, 65, 71, 60, 27, 36, 43, 49, 61, 37,  7, 68, 12,  1, 64, 47, 23, 26, 59, 51, 17, 41, 50,  8, 54, 56, 16,  3, 22, 69, 62, 34, 44, 45, 15, 52,  4, 72, 53, 46, 29,  5, 57, 24, 63, 28, 13, 66, 42, 19,  9, 14, 67, 21, 55, 40, 48, 30, 58,  6, 11, 70, 35,  2, 38, 39, 32, 25], 1488.35058851, 1523.01946067, 0.,   0.82957264,  0.        ,  0.        ,  2, 44, 24. )
 (39, [12, 12, 12, 11, 13, 12, 33, 64, 25, 63, 37, 38, 66, 44, 28,  4, 36, 20, 58, 70, 51,  5, 55, 17, 15, 23, 72, 62, 49,  7, 30, 48,  1, 10, 18, 41, 45, 26, 40,  8, 19, 71, 11,  3, 65, 43, 42, 39, 34, 31,  6, 22, 69,  9, 67, 16,  2, 47, 53, 59, 12, 57, 24, 61, 27, 32, 60, 50, 13, 14, 35, 29, 46, 54, 68, 56, 52, 21], 1488.35058851, 1488.35058851, 0.,   0.        ,  0.        ,  3.        ,  5, 19, 14.5)
 (29, [10, 17, 12, 12, 15,  6, 18, 20, 31, 10, 33, 65, 71, 60, 27, 36, 43, 49, 61, 37,  7, 68, 12,  1, 64, 47, 23, 26, 59, 51, 17, 41, 50, 69,  8, 54, 56, 16,  3, 22, 62, 34, 44, 45, 15, 52,  4, 72, 53, 46, 29,  5, 57, 24, 63, 28, 13, 66, 42, 19,  9, 14, 67, 21, 55, 40, 48, 30, 58,  6, 11, 70, 35,  2, 38, 39, 32, 25], 1488.35058851, 1488.35058851, 0.,   0.        ,  0.        ,  3.        ,  5, 19, 14.5)
 (35, [15, 11, 12, 12, 12, 10, 34, 60, 55, 31,  9,  3, 68, 17, 39, 50, 64, 52, 11, 21, 33, 62, 46, 49, 19, 40, 18, 70, 58, 71,  5, 23, 48, 32, 10, 27, 13, 59,  7, 72, 56,  6, 41, 44, 63, 54, 65, 36, 69,  1, 61,  2, 29, 53, 67, 15, 47, 28,  8, 66, 26, 25, 42, 35, 43, 45, 24, 30, 57, 51, 37, 22, 16, 38, 12,  4, 20, 14], 1488.35058851, 1523.01946067, 0.,   0.82957264,  0.        ,  0.        ,  4, 36, 22. )
 (29, [10, 17, 12, 12, 15,  6, 18, 20, 31, 10, 33, 65, 71, 60, 27, 36, 43, 49, 61, 37,  7, 68, 12,  1, 64, 47, 23, 26, 59, 51, 17, 41, 50,  8, 54, 56, 16,  3, 22, 69, 62, 34, 44, 45, 15, 52,  4, 72, 53, 46, 29,  5, 57, 24, 63, 28, 13, 66, 42, 19,  9, 14, 67, 21, 55, 40, 48, 30, 58,  6, 11, 70, 35,  2, 38, 39, 32, 25], 1488.35058851, 1523.01946067, 0.,   0.82957264,  0.        ,  0.        ,  1, 45, 23.5)
 (29, [10, 17, 12, 12, 15,  6, 18, 20, 31, 10, 33, 65, 71, 60, 27, 36, 43, 49, 61, 37,  7, 68, 12,  1, 64, 47, 23, 26, 59, 51, 17, 41, 50,  8, 54, 56, 16,  3, 22, 69, 62, 34, 44, 45, 15, 52,  4, 72, 53, 46, 29,  5, 57, 24, 63, 28, 13, 66, 42, 19,  9, 14, 67, 21, 55, 40, 48, 30, 58,  6, 11, 70, 35,  2, 38, 39, 32, 25], 1488.35058851, 1523.01946067, 0.,   0.82957264,  0.        ,  0.        ,  4, 36, 22. )
 (29, [10, 17, 12, 12, 15,  6, 18, 20, 31, 10, 33, 65, 71, 60, 27, 36, 43, 49, 61, 37,  7, 68, 12,  1, 64, 47, 23, 26, 59, 51, 17, 41, 50,  8, 54, 56, 16,  3, 22, 69, 62, 34, 44, 45, 15, 52,  4, 72, 53, 46, 29,  5, 57, 24, 63, 28, 13, 66, 42, 19,  9, 14, 67, 21, 55, 40, 48, 30, 58,  6, 11, 70, 35,  2, 38, 39, 32, 25], 1488.35058851, 1523.01946067, 0.,   0.82957264,  0.        ,  0.        ,  3, 35, 20.5)
 (29, [10, 17, 12, 12, 15,  6, 18, 20, 31, 10, 33, 65, 71, 60, 27, 36, 43, 49, 61, 37,  7, 68, 12,  1, 64, 47, 23, 26, 59, 51, 17, 41, 50,  8, 54, 56, 16,  3, 22, 69, 62, 34, 44, 45, 15,  4, 72, 53, 46, 52, 29,  5, 57, 24, 63, 28, 13, 66, 42, 19,  9, 14, 67, 21, 55, 40, 48, 30, 58,  6, 11, 70, 35,  2, 38, 39, 32, 25], 1488.68201008, 1523.35088224, 0.,   0.82957264,  0.        ,  0.        , 22, 30, 37. )
 (29, [10, 17, 12, 12, 15,  6, 18, 20, 31, 10, 33, 65, 71, 60, 27, 36, 43, 49, 61, 37,  7, 68, 12,  1, 64, 47, 23, 26, 59, 51, 17, 41, 50, 69,  8, 54, 56, 16,  3, 22, 62, 34, 44, 45, 15, 52,  4, 29, 72, 53, 46,  5, 57, 24, 63, 28, 13, 66, 42, 19,  9, 14, 67, 21, 55, 40, 48, 30, 58,  6, 11, 70, 35,  2, 38, 39, 32, 25], 1491.79236879, 1491.79236879, 0.,   0.        ,  0.        ,  3.        ,  6, 18, 15. )
 (29, [10, 17, 12, 12, 15,  6, 18, 20, 31, 10, 33, 65, 71, 60, 27, 36, 43, 49, 61, 37,  7, 68, 12,  1, 64, 47, 23, 26, 59, 51, 17, 41, 50,  8, 54, 56, 16,  3, 22, 69, 62, 34, 44, 45, 15, 52,  4, 72, 53, 46, 29,  5, 57, 24, 63, 28, 13, 66, 42, 19,  9, 14, 67, 21, 40, 55, 48, 30, 58,  6, 11, 70, 35,  2, 38, 39, 32, 25], 1494.92679909, 1529.59567125, 0.,   0.82957264,  0.        ,  2.        ,  8, 24, 20. )
 (29, [10, 17, 12, 12, 15,  6, 18, 20, 31, 10, 33, 65, 71, 60, 27, 36, 43, 49, 61, 37,  7, 68, 12,  1, 64, 47, 23, 26, 59, 51, 17, 41, 50,  8, 54, 56, 16,  3, 22, 69, 62, 34, 44, 45, 15, 52,  4, 72, 53, 46, 29,  5, 57, 24, 63, 28, 13, 66, 42, 19,  9, 14, 67, 21, 40, 55, 48, 30, 58,  6, 11, 70, 35,  2, 38, 39, 32, 25], 1494.92679909, 1529.59567125, 0.,   0.82957264,  0.        ,  2.        ,  7, 25, 19.5)
 (29, [10, 17, 12, 12, 15,  6, 18, 20, 31, 10, 33, 65, 71, 60, 27, 36, 43, 49, 61, 37,  7, 68, 12,  1, 64, 47, 23, 26, 59, 51, 17, 41, 50, 69,  8, 54, 56, 16,  3, 22, 62, 34, 44, 45, 15, 52,  4, 29, 72, 53, 46,  5, 57, 24, 63, 28, 13, 66, 42, 19,  9, 14, 67, 21, 40, 55, 48, 30, 58,  6, 11, 70, 35,  2, 38, 39, 32, 25], 1498.36857936, 1498.36857936, 0.,   0.        ,  0.        ,  0.        , 28, 32, 44. )
 (47, [10, 17, 11, 12, 10, 12, 47,  6, 34, 43, 66, 64, 37, 32, 67, 26, 60, 59,  7, 55, 35, 30, 65, 24, 31, 69, 48, 14, 50,  4, 41, 16, 11, 33, 46, 23,  8, 38, 20, 58,  2, 63, 44, 56, 68, 19, 72, 61, 12, 52, 42, 29, 18, 39,  1, 40, 17, 45, 71, 28, 10,  3, 36, 54, 51, 27, 53, 70, 25, 22, 21,  5, 57, 62, 49, 15, 13,  9], 1498.36857936, 1498.36857936, 0.,   0.        ,  0.        ,  0.        , 29, 29, 43.5)
 (46, [10, 13, 12, 13, 12, 12, 58, 52,  4, 30, 39, 49, 71, 47, 16,  7, 40, 38, 70, 10, 46, 56, 19, 41, 13, 33, 17, 51, 23, 42,  2,  9, 43, 50, 11, 20, 18, 60, 26, 45, 12, 22, 67, 14, 35, 27,  8, 31, 54, 37, 21, 64, 68,  5, 24,  3,  6, 62, 53, 57, 48, 61, 28, 32, 66, 55, 25, 72, 69, 15, 65, 59, 63,  1, 36, 44, 29, 34], 1498.36857936, 1498.36857936, 0.,   0.        ,  0.        ,  0.        , 27, 28, 41. )
 (45, [10, 14, 11, 12, 13, 12, 67, 41,  1,  8, 59, 43,  2, 11, 53, 26, 69, 15, 27, 34, 31, 68, 21, 42, 16, 14, 64,  7, 70, 28, 47,  9, 25, 10, 50, 66, 65, 20, 32, 37, 24, 29, 23, 60,  5, 22, 45, 19,  6, 57,  4, 51, 36, 35, 38, 46, 63, 58, 62, 52, 17, 44, 56, 49, 30, 12, 33, 40, 55, 71,  3, 48, 72, 18, 54, 13, 39, 61], 1498.36857936, 1498.36857936, 0.,   0.        ,  0.        ,  0.        , 26, 26, 39. )
 (42, [11, 12, 12, 14, 12, 11, 24, 51, 72, 39, 18, 27, 30, 25, 16,  8, 20, 35, 46,  4, 59, 11, 50, 58,  1, 61, 68, 42, 14, 26, 37, 48, 67, 31, 15, 41, 66, 49, 65, 21, 29,  9, 13, 34, 44, 69, 22, 71, 19, 52, 17, 36, 40, 45, 28, 38, 55, 32, 64, 43,  3, 54, 57,  7, 63, 23,  6, 53,  2, 12, 56, 62, 47, 10, 33, 60, 70,  5], 1498.36857936, 1498.36857936, 0.,   0.        ,  0.        ,  0.        , 25, 42, 46. )
 (41, [14, 13, 11, 10, 12, 12, 62, 47, 10, 57, 70,  4, 16, 60, 58, 27, 25, 64,  9, 44, 13,  2, 46, 55, 29, 40,  7, 36, 31, 61, 68, 19, 35, 41, 45, 37, 11,  3,  1, 71, 24, 14, 34, 65, 32, 23, 56, 49, 69,  6, 43, 67, 66, 12, 59, 26, 33, 63, 30, 15,  5, 28, 42, 20, 54, 22, 38, 51, 18, 50, 39, 52,  8, 53, 21, 17, 48, 72], 1498.36857936, 1498.36857936, 0.,   0.        ,  0.        ,  0.        , 23, 43, 44.5)
 (40, [19, 10, 10, 11, 11, 11, 45, 60, 70, 54, 20, 50, 58, 38, 47, 25, 10, 32, 35, 37,  2, 21, 26, 62, 19, 61, 49, 27, 18,  1, 57, 56, 29,  5,  9,  8, 65, 15, 34,  4, 59, 55, 30, 42, 12, 17, 48, 43, 23, 63, 66,  7, 68, 40, 52, 14, 36, 39, 64, 67, 28, 41, 31, 13, 53, 69, 16, 24, 51, 11, 33,  3, 44, 22, 71,  6, 72, 46], 1498.36857936, 1498.36857936, 0.,   0.        ,  0.        ,  0.        , 15, 47, 38.5)
 (29, [10, 17, 12, 12, 15,  6, 18, 20, 31, 10, 33, 65, 71, 60, 27, 36, 43, 49, 61, 37,  7, 68, 12,  1, 64, 47, 23, 26, 59, 51, 17, 41, 50, 69,  8, 54, 56, 16,  3, 22, 62, 34, 44, 45, 15, 52,  4, 29, 72, 53, 46,  5, 57, 24, 63, 28, 13, 66, 42, 19,  9, 14, 67, 21, 40, 55, 48, 30, 58,  6, 11, 70, 35,  2, 38, 39, 32, 25], 1498.36857936, 1498.36857936, 0.,   0.        ,  0.        ,  0.        , 10, 46, 33. )
 (29, [10, 17, 12, 12, 15,  6, 18, 20, 31, 10, 33, 65, 71, 60, 27, 36, 43, 49, 61, 37,  7, 68, 12,  1, 64, 47, 23, 26, 59, 51, 17, 41, 50, 69,  8, 54, 56, 16,  3, 22, 62, 34, 44, 45, 15, 52,  4, 29, 72, 53, 46,  5, 57, 24, 63, 28, 13, 66, 42, 19,  9, 14, 67, 21, 40, 55, 48, 30, 58,  6, 11, 70, 35,  2, 38, 39, 32, 25], 1498.36857936, 1498.36857936, 0.,   0.        ,  0.        ,  0.        , 13, 40, 33. )
 (29, [10, 17, 12, 12, 15,  6, 18, 20, 31, 10, 33, 65, 71, 60, 27, 36, 43, 49, 61, 37,  7, 68, 12,  1, 64, 47, 23, 26, 59, 51, 17, 41, 50, 69,  8, 54, 56, 16,  3, 22, 62, 34, 44, 45, 15, 52,  4, 29, 72, 53, 46,  5, 57, 24, 63, 28, 13, 66, 42, 19,  9, 14, 67, 21, 40, 55, 48, 30, 58,  6, 11, 70, 35,  2, 38, 39, 32, 25], 1498.36857936, 1498.36857936, 0.,   0.        ,  0.        ,  0.        , 11, 41, 31.5)
 (29, [10, 17, 12, 12, 15,  6, 18, 20, 31, 10, 33, 65, 71, 60, 27, 36, 43, 49, 61, 37,  7, 68, 12,  1, 64, 47, 23, 26, 59, 51, 17, 41, 50,  8, 54, 56, 16,  3, 22, 69, 62, 34, 44, 45, 15, 52,  4, 29, 72, 53, 46,  5, 57, 24, 63, 28, 13, 66, 42, 19,  9, 14, 67, 21, 40, 55, 48, 30, 58,  6, 11, 70, 35,  2, 38, 39, 32, 25], 1498.36857936, 1533.03745153, 0.,   0.82957264,  0.        ,  2.        , 18, 23, 29.5)
 (29, [10, 17, 12, 12, 15,  6, 18, 20, 31, 10, 33, 65, 71, 60, 27, 36, 43, 49, 61, 37,  7, 68, 12,  1, 64, 47, 23, 26, 59, 51, 17, 41, 50,  8, 54, 56, 16,  3, 22, 69, 62, 34, 44, 45, 15, 52,  4, 29, 72, 53, 46,  5, 57, 24, 63, 28, 13, 66, 42, 19,  9, 14, 67, 21, 40, 55, 48, 30, 58,  6, 11, 70, 35,  2, 38, 39, 32, 25], 1498.36857936, 1533.03745153, 0.,   0.82957264,  0.        ,  2.        , 12, 21, 22.5)
 (29, [10, 17, 12, 12, 15,  6, 18, 20, 31, 10, 33, 65, 71, 60, 27, 36, 43, 49, 61, 37,  7, 68, 12,  1, 64, 47, 23, 26, 59, 51, 17, 41, 50, 69,  8, 54, 56, 16,  3, 22, 62, 34, 44, 45, 15, 52,  4, 29, 72, 53, 46,  5, 57, 24, 63, 28, 13, 66, 42, 19,  9, 14, 67, 21, 40, 55, 48, 30, 58,  6, 11, 70, 35,  2, 38, 39, 32, 25], 1498.36857936, 1498.36857936, 0.,   0.        ,  0.        ,  0.        ,  9, 38, 28. )
 (29, [10, 17, 12, 12, 15,  6, 18, 20, 31, 10, 33, 65, 71, 60, 27, 36, 43, 49, 61, 37,  7, 68, 12,  1, 64, 47, 23, 26, 59, 51, 17, 41, 50,  8, 54, 56, 16,  3, 22, 69, 62, 34, 44, 45, 15, 52,  4, 72,  5, 29, 46, 53, 57, 24, 63, 28, 13, 66, 42, 19,  9, 14, 67, 21, 40, 55, 48, 30, 58,  6, 11, 70, 35,  2, 38, 39, 32, 25], 1543.71244519, 1578.38131735, 0.,   0.82957264,  0.        ,  5.33333333, 32, 11, 37.5)
 (44, [14, 14, 12, 11, 11, 10, 34, 22, 53, 26, 72, 21, 28, 59,  4, 11, 36, 44,  1, 47, 33, 68, 38,  6, 14, 31, 62, 54, 37, 61, 10, 24, 35, 66, 60, 29, 12,  2, 16, 71,  9, 70, 52, 43, 39, 42,  7, 41, 18, 40,  3, 51, 32, 17, 45, 67, 49, 55, 20, 30, 64, 57, 46, 25, 48, 50, 23, 58, 27, 63,  5, 65, 56, 15, 13, 19,  8, 69], 1578.84778012, 1578.84778012, 0.,   0.        ,  0.        ,  2.        , 33, 20, 43. )
 (44, [14, 14, 12, 11, 11, 10, 34, 22, 53, 26, 72, 21, 28, 59,  4, 11, 36, 44,  1, 47, 33, 68, 38,  6, 14, 31, 62, 54, 37, 61, 10, 24, 35, 66, 60, 29, 12,  2, 16, 71,  9, 70, 52, 43, 39, 42,  7, 41, 18, 40,  3, 51, 32, 17, 45, 67, 49, 55, 20, 30, 64, 57, 46, 25, 48, 50, 23, 58, 27, 63,  5, 65, 56, 15, 13, 19,  8, 69], 1578.84778012, 1578.84778012, 0.,   0.        ,  0.        ,  2.        , 33, 20, 43. )
 (49, [11, 13, 12, 12, 13, 11, 47, 56, 34, 55, 36, 65, 25, 46, 48, 58, 68, 72, 26, 16, 30, 71, 28, 29, 17,  3, 59, 11, 18, 40, 19, 39,  8, 62, 43, 63, 23, 15, 54, 42, 24, 13,  7, 37, 70, 12,  6,  5, 53, 50,  9, 10, 31,  2, 45, 21, 44, 67, 51,  4, 14, 32, 69, 35, 52, 49, 27,  1, 20, 64, 66, 60, 61, 38, 57, 41, 22, 33], 1602.92515297, 1602.92515297, 0.,   0.        ,  0.        ,  4.33333333, 34, 14, 41. )
 (49, [11, 13, 12, 12, 13, 11, 47, 56, 34, 55, 36, 65, 25, 46, 48, 58, 68, 72, 26, 16, 30, 71, 28, 29, 17,  3, 59, 11, 18, 40, 19, 39,  8, 62, 43, 63, 23, 15, 54, 42, 24, 13,  7, 37, 70, 12,  6,  5, 53, 50,  9, 10, 31,  2, 45, 21, 44, 67, 51,  4, 14, 32, 69, 35, 52, 49, 27,  1, 20, 64, 66, 60, 61, 38, 57, 41, 22, 33], 1602.92515297, 1602.92515297, 0.,   0.        ,  0.        ,  4.33333333, 34, 14, 41. )
 (29, [10, 17, 12, 12, 15,  6, 18, 20, 31, 10, 33, 65, 71, 60, 27, 36, 43, 49, 61, 37,  7, 68, 12,  1, 64, 47, 23, 26, 59, 51, 17, 41, 50, 69,  8, 54, 56, 16,  3, 22, 62, 34, 44, 45, 15, 52,  4, 29, 55, 28, 72, 53, 46,  5, 57, 24, 63, 13, 66, 42, 19,  9, 14, 67, 21, 40, 48, 30, 58,  6, 11, 70, 35,  2, 38, 39, 32, 25], 1619.83839923, 1662.64513191, 0.,   0.        ,  0.        ,  4.        , 35, 16, 43. )
 (48, [12, 11, 11, 12, 13, 13, 15, 55, 66, 28, 16, 10, 46,  4, 25, 45, 56,  1, 57, 19, 67, 63, 69, 60, 26, 62, 24, 33, 48, 47, 61, 38, 64, 18, 29, 37, 51, 52, 50, 13,  3, 11, 70,  9,  5, 14,  2, 31, 65, 49, 12,  8, 58, 54, 68, 35, 41, 44, 30, 72, 34, 71, 23, 40, 27,  6, 21, 20, 42, 39,  7, 36, 17, 59, 32, 43, 53, 22], 1622.60102491, 1622.60102491, 0.,   0.        ,  0.        ,  4.33333333, 36, 13, 42.5)
 (48, [12, 11, 11, 12, 13, 13, 15, 55, 66, 28, 16, 10, 46,  4, 25, 45, 56,  1, 57, 19, 67, 63, 69, 60, 26, 62, 24, 33, 48, 47, 61, 38, 64, 18, 29, 37, 51, 52, 50, 13,  3, 11, 70,  9,  5, 14,  2, 31, 65, 49, 12,  8, 58, 54, 68, 35, 41, 44, 30, 72, 34, 71, 23, 40, 27,  6, 21, 20, 42, 39,  7, 36, 17, 59, 32, 43, 53, 22], 1622.60102491, 1622.60102491, 0.,   0.        ,  0.        ,  4.33333333, 36, 13, 42.5)
 (29, [10, 17, 13, 12, 14,  6, 18, 20, 31, 10, 33, 65, 71, 60, 27, 36, 43, 49, 61, 37,  7, 68, 12,  1, 64, 47, 23, 26, 59, 51, 17, 41, 50, 69,  8, 54, 56, 16,  3, 22, 62, 34, 44, 45, 15, 52,  4, 29, 72, 53, 46,  5, 57, 24, 63, 28, 13, 66, 42, 19,  9, 14, 67, 21, 40, 55, 48, 30, 58,  6, 11, 70, 35,  2, 38, 39, 32, 25], 1642.3161602 , 1642.3161602 , 0.,   0.        ,  0.        ,  2.        , 37, 22, 48. )
 (29, [10, 17, 12, 12, 15,  6, 18, 20, 31, 10, 33, 65, 71, 60, 27, 36, 43, 49, 61, 37,  7, 68, 12,  1, 64, 47, 23, 26, 59, 51, 17, 41, 50,  8, 54, 56, 16,  3, 22, 69, 62, 34, 44, 45, 15, 52,  4, 55, 29, 72, 53, 46,  5, 57, 24, 63, 28, 66, 21, 40, 13, 48, 42, 19, 14, 67, 30, 58,  6, 11,  9, 35,  2, 38, 39, 32, 25, 70], 1692.07043231, 1726.73930447, 0.,   0.82957264,  0.        , 12.66666667, 38,  5, 40.5)
 (29, [10, 17, 13, 12, 15,  5, 18, 20, 31, 10, 33, 65, 71, 60, 27, 36, 43, 49, 61, 37,  7, 68, 12,  1, 64, 47, 23, 26, 59, 51, 17, 41, 50, 69,  8, 54, 56, 16,  3, 22, 67, 62, 34, 44, 45, 15, 52,  4, 55, 29, 72, 53, 46,  5, 57, 24, 63, 28, 13, 66, 42, 19,  9, 14, 21, 40, 48, 30, 58,  6, 11, 70, 35,  2, 38, 39, 32, 25], 1711.22543041, 1711.22543041, 0.,   0.        ,  0.        ,  7.        , 39,  8, 43. )
 (29, [10, 17, 12, 12, 15,  6, 18, 20, 31, 10, 33, 65, 71, 60, 27, 36, 43, 49, 61, 57,  7, 68, 12,  1, 64, 47, 23, 26, 59, 51, 17, 41, 50,  8, 54, 56, 16,  3, 22, 69, 62, 34, 44, 45, 15, 52,  4, 72, 53, 46, 29,  5, 37, 24, 63, 28, 13, 66, 42, 19,  9, 14, 67, 21, 55, 40, 48, 30, 58,  6, 11, 70, 35,  2, 38, 39, 32, 25], 1770.27766246, 1804.94653462, 0.,   0.82957264,  0.        ,  4.        , 40, 15, 47.5)
 (29, [10, 17, 12, 12, 15,  6, 18, 20, 31, 10, 33, 65, 71, 60, 27, 36, 43, 49, 61, 37,  7, 68, 12,  1, 64, 47, 23, 26, 59, 51, 17, 41, 50, 69,  8, 54, 56, 16,  3, 22, 62, 34, 44, 45, 15, 52,  4, 29, 72, 53, 39,  5, 57, 24, 63, 28, 13, 66, 42, 19,  9, 14, 67, 21, 40, 55, 48, 30, 58,  6, 11, 70, 35,  2, 38, 46, 32, 25], 1844.58149752, 1910.07816886, 0.,   0.        ,  0.        ,  4.        , 41, 17, 49.5)
 (29, [10, 18, 12, 13, 14,  5, 18, 20, 31, 10, 33, 65, 71, 60, 27, 36, 43, 49, 61, 37,  7, 68, 12, 54,  1, 64, 47, 23, 26, 59, 51, 17, 41, 50, 69,  8, 56, 16,  3, 22, 62, 34, 44, 45, 15, 52,  4, 29, 72, 53, 46,  5, 57, 24, 63, 28, 13, 66, 42, 19,  9, 14, 67, 21, 40, 55, 48, 30, 58,  6, 11, 70, 35,  2, 38, 39, 32, 25], 1982.00704885, 1982.00704885, 0.,   0.        ,  0.        ,  6.33333333, 42,  9, 46.5)
 (29, [11, 17, 12, 12, 15,  5, 18, 20, 31, 10, 33, 65, 71, 60, 27, 36, 43, 49, 61, 37,  7, 68, 12,  1, 64, 47, 23, 26, 59, 51, 17, 41, 50, 69,  8, 54, 56, 16,  3, 22, 62, 34, 44, 45, 15, 52,  4, 29, 55, 28, 72, 53, 46,  5, 57, 24, 63, 13, 66, 42, 19,  9, 14, 67, 21, 40, 48, 30, 58,  6, 11, 70, 35,  2, 38, 39, 32, 25], 1991.07591363, 2033.8826463 , 0.,   0.        ,  0.        ,  5.        , 43, 12, 49. )
 (29, [ 9, 17, 12, 13, 15,  6, 18, 20, 31, 10, 33, 65, 71, 60, 27, 36, 43, 49, 61, 37,  7, 68, 12,  1, 64, 47, 23, 26, 59, 51, 17, 41, 50, 69,  8, 54, 56, 16,  3, 22, 62, 34, 44, 45, 15, 52,  4, 55, 72, 53, 46,  5, 57, 24, 63, 28, 29, 13, 66, 42, 19,  9, 14, 67, 21, 40, 48, 30, 58,  6, 11, 70, 35,  2, 38, 39, 32, 25], 1996.01273509, 1995.52505644, 0.,   0.24383932,  0.        ,  6.        , 44, 10, 49. )
 (29, [10, 18, 11, 11, 14,  8, 18, 20,  1, 31, 10, 33, 65, 71, 60, 27, 36, 43, 49, 61, 37,  7, 68, 12, 64, 47, 23, 26, 59, 51, 17, 41, 50,  8, 54, 56, 16,  3, 22, 69, 62, 34, 44, 45, 15, 52,  4, 29, 72, 53, 46,  5, 57, 24, 63, 28, 13, 66, 42, 19,  9, 14, 67, 21, 40, 55, 48, 30, 58,  6, 11, 70, 35,  2, 38, 39, 32, 25], 2235.62775989, 2326.65313894, 0.,   1.07341196,  0.        , 10.        , 45,  6, 48. )
 (37, [13, 10, 14, 11, 10, 14, 16, 70, 33, 46,  1, 20, 41, 25, 32, 57, 13, 11, 66, 40, 47, 26, 43, 61, 34, 64,  9, 27, 67, 53, 29,  8, 68, 17,  3, 14, 31, 10, 49, 23,  7,  2, 48, 50, 42, 54, 45, 22, 19, 51, 37, 44, 38,  5, 55, 62, 69,  6, 60, 21, 72, 58, 15, 12, 36,  4, 28, 30, 65, 18, 39, 59, 71, 35, 52, 63, 24, 56], 2280.11277773, 2279.62509909, 0.,   0.24383932,  0.        ,  9.        , 46,  7, 49.5)
 (38, [15, 11, 11, 13, 11, 11, 18,  3, 56, 47, 53, 17,  9, 44, 57, 39, 13, 69, 10, 35,  8, 54, 40, 58, 45, 12, 43,  4, 46, 71, 29, 38,  7, 19, 24, 27,  5, 60, 34, 20, 51, 70, 63, 48, 61, 22, 49, 14, 59, 52, 42, 11, 68, 33, 36, 37, 65, 67, 31,  2,  1, 62, 21, 50, 41, 15, 64, 55, 16,  6, 26, 30, 72, 23, 32, 66, 25, 28], 2551.55169661, 2588.11347166, 0.,  48.73846108,  1.12783117, 27.33333333, 47,  4, 49. )
 (38, [15, 11, 11, 13, 11, 11, 18,  3, 56, 47, 53, 17,  9, 44, 57, 39, 13, 69, 10, 35,  8, 54, 40, 58, 45, 12, 43,  4, 46, 71, 29, 38,  7, 19, 24, 27,  5, 60, 34, 20, 51, 70, 63, 48, 61, 22, 49, 14, 59, 52, 42, 11, 68, 33, 36, 37, 65, 67, 31,  2,  1, 62, 21, 50, 41, 15, 64, 55, 16,  6, 26, 30, 72, 23, 32, 66, 25, 28], 2551.55169661, 2588.11347166, 0.,  48.73846108,  1.12783117, 27.33333333, 47,  4, 49. )
 (29, [10, 17, 12, 12, 15,  6, 18, 20, 31, 10, 33, 65, 71, 60, 27, 36, 43, 49, 61, 37,  7, 68, 12,  1,  9, 19, 42, 66, 13, 28, 63, 24, 57,  5, 46, 53, 72, 29,  4, 52, 15, 45, 44, 34, 62, 22,  3, 16, 56, 54,  8, 69, 50, 41, 17, 51, 59, 26, 23, 47, 64, 14, 67, 21, 55, 40, 48, 30, 58,  6, 11, 70, 35,  2, 38, 39, 32, 25], 2928.19013776, 2979.4911678 , 0.,  93.4928933 ,  0.        , 36.66666667, 48,  2, 49. )
 (36, [12, 12, 11, 13, 12, 12, 47, 44, 45, 63, 35, 69, 27, 55, 53, 14, 26, 64, 31, 22,  2, 41, 52, 67, 36, 42,  7, 24, 37, 65, 13, 70, 58, 60,  6, 11, 32, 34, 39, 16, 54, 18, 23,  1, 20, 68, 50, 28, 21, 51,  4, 48, 61, 38, 66, 12, 19,  9, 57, 15, 59, 49, 56, 62, 17, 30,  5,  8, 40, 29, 43, 33, 46, 10,  3, 71, 72, 25], 2936.34442005, 3130.23606971, 0.,  52.17751293, 13.72124662, 30.33333333, 49,  3, 50.5)
 (36, [12, 12, 11, 13, 12, 12, 47, 44, 45, 63, 35, 69, 27, 55, 53, 14, 26, 64, 31, 22,  2, 41, 52, 67, 36, 42,  7, 24, 37, 65, 13, 70, 58, 60,  6, 11, 32, 34, 39, 16, 54, 18, 23,  1, 20, 68, 50, 28, 21, 51,  4, 48, 61, 38, 66, 12, 19,  9, 57, 15, 59, 49, 56, 62, 17, 30,  5,  8, 40, 29, 43, 33, 46, 10,  3, 71, 72, 25], 2936.34442005, 3130.23606971, 0.,  52.17751293, 13.72124662, 30.33333333, 49,  3, 50.5)
 (29, [10, 17, 15, 12, 14,  4, 18, 20, 31, 10, 33, 65, 71, 60, 62, 22,  3, 16, 56, 54,  8, 69, 50, 41, 17, 51, 59, 26, 23, 47, 64,  1, 12, 68,  7, 37, 61, 49, 43, 36, 27, 34, 44, 45, 15, 52,  4, 29, 72, 53, 46,  5, 57, 24, 63, 28, 13, 66, 42, 19,  9, 14, 67, 21, 40, 55, 48, 30, 58,  6, 25, 35, 11, 70,  2, 38, 39, 32], 3138.90916311, 2942.66876557, 0., 118.78873738, 12.79056878, 37.        , 50,  1, 50.5)]