
Total Runtime in seconds: 321.0724503993988Parameters:
population_size: 50, max_generations: 150, executed generations: 149, threshold_no_improvement: 75
target feasible proportion: 12
fitness_scaling: power_rank, selection_method: n_tournaments
p_c: 1.0, p_m: 0.2, NOT YET p_education: 0.0
tournament_size: 2, n_elite: 8
survivor_selection_step: 10, p_selection_survival: 0.7
kill clone step: 5
diversify_step: 20, diversify_step: 20, p_diversify_survival: 0.3
n_closest_neighbors: 3, diversity_weight: 0.5, distance_method: broken_pairs_distance
capacity_penalty_factor: 2, duration_penalty_factor 2, time_window_penalty: 2
Best fitness all generations, best individual before/after local search: 1107.1766544951447, 1113.9537447891776 / 1113.9537447891776
Best individual found before local search: (23, [10,  9, 16, 13,  7, 41, 31, 44, 32,  9, 42, 46, 35, 37, 34, 10, 45,  6, 27,  3, 48, 11, 22, 13, 33, 20, 29,  8,  5, 16, 28,  4, 19, 14,  1, 36, 26, 18, 17, 47, 24, 12, 21, 38, 40,  2, 15, 25, 23, 30, 39, 43], 1113.95374479, 1154.22721499, 0., 0., 0., 3., 6, 28, 20.)
Best individual found after local search: (23, [10,  9, 16, 13,  7, 41, 31, 44, 32,  9, 42, 46, 35, 37, 34, 10, 45,  6, 27,  3, 48, 11, 22, 13, 33, 20, 29,  8,  5, 16, 28,  4, 19, 14,  1, 36, 26, 18, 17, 47, 24, 12, 21, 38, 40,  2, 15, 25, 23, 30, 39, 43], 1113.95374479, 1154.22721499, 0., 0., 0., 3., 6, 28, 20.)
Best feasible individual found: (23, [10,  9, 16, 13,  7, 41, 31, 44, 32,  9, 42, 46, 35, 37, 34, 10, 45,  6, 27,  3, 48, 11, 22, 13, 33, 20, 29,  8,  5, 16, 28,  4, 19, 14,  1, 36, 26, 18, 17, 47, 24, 12, 21, 38, 40,  2, 15, 25, 23, 30, 39, 43], 1113.95374479, 1154.22721499, 0., 0., 0., 3., 6, 28, 20.)

Fitness stats min: [1195.09124023 1149.89388157 1129.94849918 1129.94849918 1129.94849918
 1113.95374479 1113.95374479 1113.95374479 1113.95374479 1113.95374479
 1113.95374479 1113.95374479 1113.95374479 1113.95374479 1113.95374479
 1113.95374479 1113.95374479 1113.95374479 1113.95374479 1113.95374479
 1113.95374479 1113.95374479 1113.95374479 1113.95374479 1113.95374479
 1113.95374479 1113.95374479 1113.95374479 1113.95374479 1113.95374479
 1113.95374479 1113.95374479 1113.95374479 1113.95374479 1113.95374479
 1113.95374479 1113.95374479 1113.95374479 1113.95374479 1113.95374479
 1113.95374479 1113.95374479 1113.95374479 1113.95374479 1113.95374479
 1113.95374479 1113.95374479 1113.95374479 1113.95374479 1113.95374479
 1113.95374479 1113.95374479 1113.95374479 1113.95374479 1113.95374479
 1113.95374479 1113.95374479 1113.95374479 1113.95374479 1113.95374479
 1113.95374479 1113.95374479 1113.95374479 1113.95374479 1113.95374479
 1113.95374479 1113.95374479 1113.95374479 1113.95374479 1113.95374479
 1113.95374479 1113.95374479 1113.95374479 1113.95374479 1113.95374479
 1113.95374479 1113.95374479 1113.95374479 1113.95374479 1113.95374479
 1113.95374479 1113.95374479 1113.95374479 1113.95374479 1113.95374479
 1113.95374479 1113.95374479 1113.95374479 1113.95374479 1113.95374479
 1113.95374479 1113.95374479 1113.95374479 1113.95374479 1113.95374479
 1113.95374479 1113.95374479 1113.95374479 1113.95374479 1113.95374479
 1113.95374479 1113.95374479 1113.95374479 1113.95374479 1113.95374479
 1113.95374479 1113.95374479 1113.95374479 1113.95374479 1113.95374479
 1113.95374479 1113.95374479 1113.95374479 1113.95374479 1113.95374479
 1113.95374479 1113.95374479 1113.95374479 1113.95374479 1113.95374479
 1113.95374479 1113.95374479 1113.95374479 1113.95374479 1113.95374479
 1113.95374479 1113.95374479 1113.95374479 1113.95374479 1113.95374479
 1113.95374479 1113.95374479 1113.95374479 1113.95374479 1113.95374479
 1113.95374479 1113.95374479 1113.95374479 1113.95374479 1113.95374479
 1113.95374479 1113.95374479 1107.1766545  1107.1766545  1107.1766545
 1113.95374479 1113.95374479 1113.95374479 1113.95374479 1113.95374479] 

Fitness stats feasible min: [1195.09124023 1149.89388157 1129.94849918 1129.94849918 1129.94849918
 1113.95374479 1113.95374479 1113.95374479 1113.95374479 1113.95374479
 1113.95374479 1113.95374479 1113.95374479 1113.95374479 1113.95374479
 1113.95374479 1113.95374479 1113.95374479 1113.95374479 1113.95374479
 1113.95374479 1113.95374479 1113.95374479 1113.95374479 1113.95374479
 1113.95374479 1113.95374479 1113.95374479 1113.95374479 1113.95374479
 1113.95374479 1113.95374479 1113.95374479 1113.95374479 1113.95374479
 1113.95374479 1113.95374479 1113.95374479 1113.95374479 1113.95374479
 1113.95374479 1113.95374479 1113.95374479 1113.95374479 1113.95374479
 1113.95374479 1113.95374479 1113.95374479 1113.95374479 1113.95374479
 1113.95374479 1113.95374479 1113.95374479 1113.95374479 1113.95374479
 1113.95374479 1113.95374479 1113.95374479 1113.95374479 1113.95374479
 1113.95374479 1113.95374479 1113.95374479 1113.95374479 1113.95374479
 1113.95374479 1113.95374479 1113.95374479 1113.95374479 1113.95374479
 1113.95374479 1113.95374479 1113.95374479 1113.95374479 1113.95374479
 1113.95374479 1113.95374479 1113.95374479 1113.95374479 1113.95374479
 1113.95374479 1113.95374479 1113.95374479 1113.95374479 1113.95374479
 1113.95374479 1113.95374479 1113.95374479 1113.95374479 1113.95374479
 1113.95374479 1113.95374479 1113.95374479 1113.95374479 1113.95374479
 1113.95374479 1113.95374479 1113.95374479 1113.95374479 1113.95374479
 1113.95374479 1113.95374479 1113.95374479 1113.95374479 1113.95374479
 1113.95374479 1113.95374479 1113.95374479 1113.95374479 1113.95374479
 1113.95374479 1113.95374479 1113.95374479 1113.95374479 1113.95374479
 1113.95374479 1113.95374479 1113.95374479 1113.95374479 1113.95374479
 1113.95374479 1113.95374479 1113.95374479 1113.95374479 1113.95374479
 1113.95374479 1113.95374479 1113.95374479 1113.95374479 1113.95374479
 1113.95374479 1113.95374479 1113.95374479 1113.95374479 1113.95374479
 1113.95374479 1113.95374479 1113.95374479 1113.95374479 1113.95374479
 1113.95374479 1113.95374479 1113.95374479 1113.95374479 1113.95374479
 1113.95374479 1113.95374479 1113.95374479 1113.95374479 1113.95374479] 

Fitness stats avg: [1544.81512956 1525.28603369 1509.25183742 1375.86422306 1303.24470632
 1300.33908658 1231.49371903 1287.90095197 1186.15365961 1161.76805069
 2339.19031996 1736.12310015 1402.35818046 1307.58617022 1198.60287188
 2976.39317137 2357.48769839 1806.81077205 1611.67055011 1374.04242083
 2839.90782762 1915.43607002 1424.73000584 1309.25734606 1293.63680201
 1950.19260831 2233.07574923 1569.09982203 1295.64110953 1173.57584377
 2187.87893121 1539.19207079 1307.7854794  1268.06059646 1198.93357056
 2751.64431024 1899.87237481 1529.598721   1384.17027123 1296.6600525
 2526.21664752 1747.67304778 1370.31197816 1197.95008644 1217.55934156
 3439.42482972 2926.04787527 2238.84346287 1635.48920484 1405.88327648
 2541.5075016  1632.94250293 1342.75985777 1301.31175368 1196.61852288
 2943.45649593 2115.4346755  1581.8490162  1445.9921007  1327.6567456
 2904.70224102 1962.96546014 1449.6944734  1266.61946125 1170.1281942
 2907.14379284 2508.17717076 1885.26950343 1505.52969199 1435.70001963
 2756.36626895 2129.18264708 1639.93435954 1383.41504701 1283.05602699
 2083.06809746 1765.29641452 1394.39055374 1322.43221636 1281.0969216
 2386.16464785 1604.52007169 1325.51473493 1234.27206207 1193.10071497
 2816.2314157  2344.45753591 1457.26796488 1304.01607255 1246.82423525
 2291.76513999 1623.47277609 1355.38958313 1271.08060965 1258.06420098
 3287.21467135 2627.2092696  2012.62013207 1679.15346019 1433.85130973
 2541.49144148 1774.87170934 1473.48771317 1365.74167384 1209.40235258
 3132.81357805 2747.46978973 2165.11867334 1608.90432115 1327.22119131
 2844.57974789 2005.25052096 1587.63735227 1352.2007585  1226.39242014
 2901.28239966 2338.92763808 1837.22634939 1691.19936063 1460.68618751
 2812.54773637 2114.02342088 1677.14269034 1500.16479211 1366.69010613
 1665.80895153 2366.08869558 1617.27692226 1388.76578634 1270.83467043
 2205.00584035 1545.21248925 1313.20973372 1257.51515879 1306.41480457
 2363.17553691 1782.21953675 1312.69971085 1222.44160655 1221.40397348
 1896.05866063 1391.78900279 1194.00676487 1209.24053072 1241.07122463
 2969.95465531 2365.7428224  1831.1199521  1517.15350518 1344.535221  ] 

Feasible stats: [( 0., 50.) ( 0., 50.) (37., 13.) (37., 13.) (47.,  3.) (47.,  3.)
 (46.,  4.) (46.,  4.) (46.,  4.) (46.,  4.) (50.,  0.) (50.,  0.)
 (34., 16.) (34., 16.) (42.,  8.) (42.,  8.) (20., 30.) (20., 30.)
 (32., 18.) (32., 18.) (42.,  8.) (42.,  8.) (28., 22.) (28., 22.)
 (39., 11.) (39., 11.) (29., 21.) (29., 21.) (40., 10.) (40., 10.)
 (47.,  3.) (47.,  3.) (41.,  9.) (41.,  9.) (45.,  5.) (45.,  5.)
 (18., 32.) (18., 32.) (39., 11.) (39., 11.) (44.,  6.) (44.,  6.)
 (38., 12.) (38., 12.) (49.,  1.) (49.,  1.) ( 8., 42.) ( 8., 42.)
 (27., 23.) (27., 23.) (45.,  5.) (45.,  5.) (39., 11.) (39., 11.)
 (47.,  3.) (47.,  3.) (14., 36.) (14., 36.) (36., 14.) (36., 14.)
 (38., 12.) (38., 12.) (35., 15.) (35., 15.) (45.,  5.) (45.,  5.)
 (22., 28.) (22., 28.) (36., 14.) (36., 14.) (42.,  8.) (42.,  8.)
 (30., 20.) (30., 20.) (46.,  4.) (46.,  4.) (28., 22.) (28., 22.)
 (44.,  6.) (44.,  6.) (45.,  5.) (45.,  5.) (40., 10.) (40., 10.)
 (47.,  3.) (47.,  3.) (17., 33.) (17., 33.) (37., 13.) (37., 13.)
 (47.,  3.) (47.,  3.) (34., 16.) (34., 16.) (46.,  4.) (46.,  4.)
 (14., 36.) (14., 36.) (32., 18.) (32., 18.) (39., 11.) (39., 11.)
 (43.,  7.) (43.,  7.) (41.,  9.) (41.,  9.) (15., 35.) (15., 35.)
 (26., 24.) (26., 24.) (45.,  5.) (45.,  5.) (34., 16.) (34., 16.)
 (42.,  8.) (42.,  8.) (16., 34.) (16., 34.) (32., 18.) (32., 18.)
 (46.,  4.) (46.,  4.) (29., 21.) (29., 21.) (36., 14.) (36., 14.)
 (36., 14.) (36., 14.) (37., 13.) (37., 13.) (47.,  3.) (47.,  3.)
 (42.,  8.) (42.,  8.) (48.,  2.) (48.,  2.) (24., 26.) (24., 26.)
 (41.,  9.) (41.,  9.) (47.,  3.) (47.,  3.) (42.,  8.) (42.,  8.)
 (46.,  4.) (46.,  4.) (12., 38.) (12., 38.) (33., 17.) (33., 17.)] 
Solution Description: 
p: [  0.          17.53554117  47.19996294  62.30053615  65.88026605
  65.92539359 100.47267296 150.80322505 212.26822432 213.37332578
 215.62221757   0.          18.67738622  22.23054736  33.40380365
  72.71470479  99.27498465 114.28869404 123.44296878 125.30870097
 149.7330236    0.         129.13692659 144.70329008 144.97023529
 160.79726676 178.6100311  184.24699532 184.42340811 213.98183953
 246.7060168  330.58263524 331.04308817 340.60973722 380.88320742
 406.23780655 436.41090846 488.5822693    0.          45.72329507
  52.53455008  63.51155902  77.20165447  89.86625057 124.51415848
 135.02517232 172.9519645  186.90219551 196.06758318 205.5602204
 231.71405951 260.01623432] 
pred: [ 0  0  0  0  0  0  5  5  5  5  5  0  0  0  0  0  0  0  0  0  8  0  0  0
  0  0  0  0  0  7  7  7  7  7  7 12 12 12  0  0  0  0  0  0  0  6  6  6
  6  6 11 11] 
distance [  0.          17.53554117  47.19996294  62.30053615  65.88026605
  65.92539359  34.54727937  84.87783147 146.34283074 147.44793219
 149.69682399   0.          18.67738622  22.23054736  33.40380365
  72.71470479  99.27498465 114.28869404 123.44296878 125.30870097
  24.42432263   0.         129.13692659 144.70329008 144.97023529
 160.79726676 178.6100311  184.24699532 184.42340811  29.55843142
  62.28260869 146.15922713 146.61968006 156.18632911 196.45979931
  65.62806933  95.80117124 147.97253208   0.          45.72329507
  52.53455008  63.51155902  77.20165447  89.86625057 124.51415848
  10.51101384  48.43780602  62.38803703  71.55342471  81.04606192
  26.15383911  54.45601392]
load: [  0  13  21  31  34  50  13  35  54  68  79   0  22  40  65  70  86 102
 112 119  21   0   9  28  44  64  84  96 121   9  14  17  26  38  48  16
  33  38   0  21  40  46  71  86 101   8  12  26  40  53  13  37] 
time: [  0.         170.         203.         228.39224704 244.56663558
 456.          80.         115.34683757 171.22731303 252.33358633
 322.           0.         182.         195.18455016 202.9955528
 231.80134413 398.         440.23624841 473.3964008  510.10459224
 371.           0.         108.         140.15799758 192.
 220.52726534 237.7678084  317.         446.         257.
 279.90630276 345.84518954 414.06688705 441.06764997 477.83410975
 357.24520703 434.         475.95303324   0.         115.
 308.         325.46934669 414.         443.         485.92676098
 121.         226.         329.         378.         422.56770213
 207.         459.        ] 
time warps: [0 0 0 0 0 0 0 0 0 0 0 0 0 0 0 0 0 0 0 0 0 0 0 0 0 0 0 0 0 0 0 0 0 0 0 0 0
 0 0 0 0 0 0 0 0 0 0 0 0 0 0 0] 
duration: [  0.          23.53554117  73.83796245  95.93853566 103.51826556
 311.61049336  41.54727937 116.87783147 195.34283074 200.44793219
 269.41539141   0.          24.67738622  29.23054736  49.40380365
 105.71470479 284.97668402 320.99039341 347.14466815 353.01040033
  47.42432263   0.         131.13692659 167.70329008 193.01987139
 216.84690286 239.6596672  311.29741782 426.10281899  35.55843142
  92.28260869 189.15922713 205.61968006 217.18632911 270.45979931
  80.62806933 184.45345617 239.62481701   0.          55.72329507
 251.32425496 272.3012639  360.05582284 403.26861412 455.91652202
  17.51101384 155.03431469 244.72426381 305.6796988  325.17233601
  48.15383911 315.00222923]

All individuals: [(23, [10,  9, 16, 13,  7, 41, 31, 44, 32,  9, 42, 46, 35, 37, 34, 10, 45,  6, 27,  3, 48, 11, 22, 13, 33, 20, 29,  8,  5, 16, 28,  4, 19, 14,  1, 36, 26, 18, 17, 47, 24, 12, 21, 38, 40,  2, 15, 25, 23, 30, 39, 43], 1113.95374479, 1154.22721499, 0., 0.        ,  0.        ,  3.        ,  6, 28, 20. )
 (47, [11, 13, 12, 12,  1,  8, 18, 10, 15, 36,  2,  4, 38, 43, 20, 46, 47, 13,  3, 33, 41,  6, 24, 44, 19, 25, 17, 16, 21, 22, 34, 27,  9, 23,  5, 30, 37, 39, 28,  7, 12, 26, 32, 42, 48, 40, 31, 29, 45, 35, 14, 11], 1113.95374479, 1154.22721499, 0., 0.        ,  0.        ,  0.        ,  2, 49, 26.5)
 (42, [12, 10, 15, 11, 41,  3,  4, 27, 47, 36, 43, 17, 25, 28,  2, 12, 39, 32, 48, 44, 20, 22,  8,  7, 30, 42,  1, 31, 34,  9,  5, 35, 26, 23, 33, 13, 15, 45, 21, 46, 18, 10, 24,  6, 16, 29, 14, 38, 37, 40, 19, 11], 1113.95374479, 1154.22721499, 0., 0.        ,  0.        ,  0.        ,  3, 48, 27. )
 (23, [10,  9, 16, 13,  7, 41, 31, 44, 32,  9, 42, 46, 35, 37, 22, 34, 10, 45,  6, 27,  3, 48, 11, 13, 33, 20, 29,  8,  5, 16, 28,  4, 19, 14,  1, 36, 26, 18, 17, 47, 24, 12, 21, 38, 40,  2, 15, 25, 23, 30, 39, 43], 1113.95374479, 1154.22721499, 0., 0.        ,  0.        ,  0.        ,  1, 50, 26. )
 (23, [10,  9, 16, 13,  7, 41, 31, 44, 32,  9, 42, 46, 35, 37, 22, 34, 10, 45,  6, 27,  3, 48, 11, 13, 33, 20, 29,  8,  5, 16, 28,  4, 19, 14,  1, 36, 26, 18, 17, 47, 24, 12, 21, 38, 40,  2, 15, 25, 23, 30, 39, 43], 1113.95374479, 1154.22721499, 0., 0.        ,  0.        ,  0.        ,  9, 44, 31. )
 (48, [ 9, 12, 11, 16,  2, 36, 37, 12, 15, 24,  9, 33, 14, 46,  5, 47, 39, 27, 43, 35,  1, 13, 31, 45, 23, 22, 40, 34,  3, 11,  8, 18, 16,  6,  4,  7, 28, 20, 30, 42, 21, 26, 10, 32, 41, 44, 38, 48, 19, 17, 29, 25], 1113.95374479, 1154.22721499, 0., 0.        ,  0.        ,  0.        ,  7, 45, 29.5)
 (49, [11, 10, 11, 16, 42, 16, 39,  8,  1,  2, 30, 20, 23, 28, 25,  6, 24, 36, 35, 32,  5, 14, 15, 44, 45, 38, 26, 40, 22,  9, 33, 34, 13, 31,  4, 27,  3, 17, 47, 19, 11, 29, 41, 18, 48, 12,  7, 43, 10, 21, 46, 37], 1113.95374479, 1154.22721499, 0., 0.        ,  0.        ,  0.        ,  1, 50, 26. )
 (23, [10,  9, 16, 13,  7, 41, 31, 44, 32,  9, 42, 46, 35, 37, 22, 34, 10, 45,  6, 27,  3, 48, 11, 13, 33, 20, 29,  8,  5, 16, 28,  4, 19, 14,  1, 36, 26, 18, 17, 47, 24, 21, 12, 38, 40,  2, 15, 25, 23, 30, 39, 43], 1120.43263722, 1147.77372779, 0., 6.46618982,  0.        ,  1.        , 17, 35, 34.5)
 (40, [11, 11, 11, 15, 42, 29, 45,  9, 22, 48, 35, 11, 19, 40, 38,  8, 16, 26, 44,  5,  7, 10, 46, 15, 25, 18, 37, 13, 43,  2, 28,  4, 32, 30, 47, 34, 31, 12,  1, 20, 41,  6, 36, 21,  3, 17, 14, 33, 39, 24, 23, 27], 1131.91528867, 1172.18875887, 0., 0.        ,  0.        ,  2.        , 19, 31, 34.5)
 (41, [11, 14, 12, 11, 15, 13,  4, 41, 46, 33, 11,  9, 39, 31, 40, 32, 20,  8, 35, 21,  5, 12, 34, 24, 47, 10, 38, 37, 14,  1, 42, 36, 43, 26, 18, 27, 29,  3, 25, 44, 16, 22, 28, 45,  7, 17, 19, 23,  2, 30, 48,  6], 1131.91528867, 1172.18875887, 0., 0.        ,  0.        ,  2.        , 18, 32, 34. )
 (40, [11, 11, 11, 15, 42, 29, 45,  9, 22, 48, 35, 11, 19, 40, 38,  8, 16, 26, 44,  5,  7, 10, 46, 15, 25, 18, 37, 13, 43,  2, 28,  4, 32, 30, 47, 34, 31, 12,  1, 20, 41,  6, 36, 21,  3, 17, 14, 33, 39, 24, 23, 27], 1131.91528867, 1172.18875887, 0., 0.        ,  0.        ,  2.        , 19, 31, 34.5)
 (23, [10,  9, 16, 13,  7, 41, 44, 32, 31,  9, 42, 46, 35, 37, 34, 10, 22, 45,  6, 27,  3, 48, 11, 13, 33, 20, 29,  8,  5, 16, 28,  4, 19, 14,  1, 36, 26, 18, 17, 47, 24, 12, 21, 38, 40,  2, 15, 25, 23, 30, 39, 43], 1162.17295204, 1222.52454721, 0., 0.        ,  0.        ,  6.        , 20, 17, 28.5)
 (23, [10,  9, 16, 13,  7, 41, 31, 44, 32,  9, 42, 46, 35, 37, 22, 34, 10, 45,  6, 27, 11,  3, 48, 13, 33, 20, 29,  8,  5, 16, 28,  4, 19, 14,  1, 36, 26, 18, 17, 47, 24, 12, 21, 38, 40,  2, 15, 25, 23, 30, 39, 43], 1164.633166  , 1195.719035  , 0., 4.5938006 ,  0.        ,  3.        , 21, 30, 36. )
 (23, [ 9, 10, 15, 14,  7, 41, 44, 32,  9, 42, 46, 35, 37, 22, 34, 31, 10, 45,  6, 27,  3, 48, 11, 13, 33, 20, 29,  8,  5, 16, 28,  4, 19, 14,  1, 36, 26, 18, 17, 47, 24, 12, 21, 38, 40,  2, 15, 25, 23, 30, 39, 43], 1262.49108211, 1302.76455232, 0., 0.        ,  0.        ,  3.66666667, 22, 24, 34. )
 (38, [11, 10, 12, 15, 35, 18, 33, 30, 29,  1, 23, 13, 44, 26,  2, 47, 38, 31, 48, 25, 15, 28, 39, 37, 10, 11, 16, 42, 19, 12, 14, 32,  4, 40, 20, 22,  9, 36, 17,  5, 46,  3,  6,  8, 43, 41, 34, 45, 27, 24,  7, 21], 1265.17712291, 1305.45059311, 0., 0.        ,  0.        ,  3.33333333, 23, 26, 36. )
 (38, [11, 10, 12, 15, 35, 18, 33, 30, 29,  1, 23, 13, 44, 26,  2, 47, 38, 31, 48, 25, 15, 28, 39, 37, 10, 11, 16, 42, 19, 12, 14, 32,  4, 40, 20, 22,  9, 36, 17,  5, 46,  3,  6,  8, 43, 41, 34, 45, 27, 24,  7, 21], 1265.17712291, 1305.45059311, 0., 0.        ,  0.        ,  3.33333333, 23, 26, 36. )
 (23, [ 8, 11, 15, 14,  7, 41, 44, 32,  9, 42, 46, 35, 37, 22, 34, 31, 10, 45,  6, 27,  3, 48, 11, 13, 33, 20, 29,  8,  5, 16, 28,  4, 19, 14,  1, 36, 26, 18, 17, 47, 24, 12, 21, 38, 40,  2, 15, 25, 23, 30, 39, 43], 1289.40721638, 1329.68068658, 0., 0.        ,  0.        ,  4.33333333, 24, 21, 34.5)
 (23, [10,  8, 15, 15,  7, 41, 31, 44, 32,  9, 42, 46, 35, 37, 22, 34, 10, 45,  6, 27,  3, 48, 11, 13, 33, 20, 29,  8,  5, 16, 28,  4, 19, 14,  1, 36, 26, 18, 17, 47, 24, 12, 21, 38, 40,  2, 15, 25, 23, 30, 39, 43], 1318.6090028 , 1358.88247301, 0., 0.        ,  0.        ,  4.        , 25, 23, 36.5)
 (39, [11, 13, 12, 12, 26, 13, 16,  9, 23, 22, 17, 25, 19, 41, 31, 47, 11, 44, 33, 40,  1, 30, 42, 18,  7, 35, 36, 14,  2, 34, 15,  4,  8, 32, 46,  3,  6, 28, 20, 12, 27,  5, 21, 29, 43, 10, 37, 38, 48, 39, 45, 24], 1346.2390488 , 1386.512519  , 0., 0.        ,  0.        ,  3.        , 26, 29, 40.5)
 (39, [11, 13, 12, 12, 26, 13, 16,  9, 23, 22, 17, 25, 19, 41, 31, 47, 11, 44, 33, 40,  1, 30, 42, 18,  7, 35, 36, 14,  2, 34, 15,  4,  8, 32, 46,  3,  6, 28, 20, 12, 27,  5, 21, 29, 43, 10, 37, 38, 48, 39, 45, 24], 1346.2390488 , 1386.512519  , 0., 0.        ,  0.        ,  3.        , 26, 29, 40.5)
 (23, [11,  9, 15, 13,  7, 41, 31, 44, 32,  9, 42, 46, 35, 37, 22, 34, 10, 45,  6, 27,  3, 48, 11, 13, 33, 20, 29,  8,  5, 16, 28,  4, 19, 14,  1, 36, 26, 18, 17, 47, 24, 12, 21, 38, 40,  2, 15, 25, 23, 30, 39, 43], 1348.7710959 , 1389.0445661 , 0., 0.        ,  0.        ,  2.        , 27, 33, 43.5)
 (23, [ 9,  9, 16, 14,  7, 41, 31, 44, 32,  9, 42, 46, 35, 37, 22, 34, 10, 45,  6, 27,  3, 48, 11, 13, 33, 20, 29,  8,  5, 16, 28,  4, 19, 14,  1, 36, 26, 18, 17, 47, 24, 12, 21, 38, 40,  2, 15, 25, 23, 30, 39, 43], 1370.09615108, 1410.36962128, 0., 0.        ,  0.        ,  2.        , 28, 34, 45. )
 (23, [10, 11, 13, 14,  7, 41, 31, 44, 32,  9, 42, 46, 35, 37, 34, 10, 45,  6, 27,  3, 48, 11, 22, 13, 33, 20, 29,  8,  5, 16, 28,  4, 19, 14,  1, 36, 26, 18, 17, 47, 24, 12, 21, 38, 40,  2, 15, 25, 23, 30, 39, 43], 1382.69919932, 1422.97266952, 0., 0.        ,  0.        ,  7.        , 29, 15, 36.5)
 (23, [ 9,  9, 16, 14,  7, 41, 31, 44, 32,  9, 42, 46, 35, 37, 22, 34, 10, 45,  6, 27,  3, 48, 26, 11, 13, 33, 20, 29,  8,  5, 16, 28,  4, 19, 14,  1, 36, 18, 17, 47, 24, 12, 21, 38, 40,  2, 15, 25, 23, 30, 39, 43], 1391.13408825, 1391.13408825, 0., 0.        ,  0.        ,  4.33333333, 30, 22, 41. )
 (23, [11,  7, 14, 16,  7, 41, 44, 31, 32,  9, 42, 46, 35, 37, 34, 10, 45,  6, 27,  3, 48, 11, 22, 13, 33, 20, 29,  8,  5, 16, 28,  4, 19, 14,  1, 36, 26, 18, 17, 47, 24, 15,  2, 40, 38, 21, 12, 25, 23, 30, 39, 43], 1405.19826772, 1405.19826772, 0., 0.        ,  0.        , 17.66666667, 31,  4, 33. )
 (36, [12, 12, 13, 11, 34, 28, 30, 26, 45,  1, 16, 47, 29, 15, 42, 32,  2,  7, 23, 17, 20, 25, 41, 31, 19, 38, 39,  3, 36,  9, 48, 44, 24, 13, 12, 46,  8, 43, 14, 22, 21, 37, 35,  6, 33,  5, 10, 40,  4, 18, 11, 27], 1418.00162911, 1458.27509931, 0., 0.        ,  0.        ,  3.33333333, 32, 25, 44.5)
 (36, [12, 12, 13, 11, 34, 28, 30, 26, 45,  1, 16, 47, 29, 15, 42, 32,  2,  7, 23, 17, 20, 25, 41, 31, 19, 38, 39,  3, 36,  9, 48, 44, 24, 13, 12, 46,  8, 43, 14, 22, 21, 37, 35,  6, 33,  5, 10, 40,  4, 18, 11, 27], 1418.00162911, 1458.27509931, 0., 0.        ,  0.        ,  3.33333333, 32, 25, 44.5)
 (23, [10, 10, 15, 13,  7, 41, 31, 44, 32,  9, 42, 46, 35, 37, 22, 34, 45,  6, 27,  3, 48, 11, 13, 33, 20, 29,  8,  5, 16, 28,  4, 19, 14,  1, 10, 36, 26, 18, 17, 47, 24, 12, 21, 38, 40,  2, 15, 25, 23, 30, 39, 43], 1421.3201824 , 1473.42840593, 0., 0.        ,  0.        ,  5.        , 33, 18, 42. )
 (23, [ 9, 10, 16, 13,  7, 41, 31, 44, 32,  9, 42, 46, 35, 37, 22, 34, 38, 45,  6, 27,  3, 48, 11, 13, 33, 20, 29,  8,  5, 16, 28,  4, 19, 14,  1, 36, 26, 18, 17, 47, 24, 12, 21, 10, 40,  2, 15, 25, 23, 30, 39, 43], 1444.91776337, 1485.19123358, 0., 0.        ,  0.        ,  4.66666667, 34, 20, 44. )
 (23, [10, 10, 15, 13,  7, 41, 44, 32, 35,  9, 42, 46, 37, 22, 34, 31, 38, 45,  6, 27,  3, 48, 10, 11, 13, 33, 20, 29,  8,  5, 28, 16,  4, 19, 14,  1, 36, 26, 18, 17, 47, 24, 12, 21, 40,  2, 15, 25, 23, 30, 39, 43], 1448.55147952, 1509.71927344, 0., 0.        ,  0.        , 13.        , 35, 10, 40. )
 (23, [ 9,  9, 16, 14,  7, 41, 44, 32,  9, 42, 46, 35, 37, 22, 34, 31, 10, 45,  6, 27,  3, 48, 11, 13, 33, 20, 28, 29,  8,  5, 16,  4, 19, 14,  1, 36, 26, 18, 17, 47, 24, 12, 21, 38, 40,  2, 15, 25, 23, 30, 39, 43], 1470.79208939, 1511.0655596 , 0., 0.        ,  0.        ,  3.        , 36, 27, 49.5)
 (23, [10, 11, 13, 14,  7, 41, 44, 32,  9, 42, 46, 35, 37, 22, 34, 31, 10, 45,  6, 27,  3, 48, 11, 13, 33, 20, 29,  8,  5, 16, 28,  4, 19, 14,  1, 36, 26, 18, 17, 47, 24, 12, 21, 38, 40,  2, 15, 25, 23, 30, 39, 43], 1473.78591629, 1514.05938649, 0., 0.        ,  0.        ,  4.66666667, 37, 19, 46.5)
 (23, [10,  9, 16, 13,  7, 41, 31, 44, 32,  9, 42, 46, 35, 37, 22, 34, 10, 45,  6, 27,  3, 48, 11, 13,  5, 33, 20, 29,  8, 16, 28,  4, 19, 14,  1, 36, 26, 39, 30, 23, 25, 15,  2, 40, 38, 21, 12, 24, 47, 17, 18, 43], 1480.74026293, 1603.87617881, 0., 0.        ,  0.        , 17.        , 38,  5, 40.5)
 (46, [11, 13, 12, 12, 12, 31, 44, 37, 28, 23, 14, 26, 29, 33,  9, 43, 17, 16,  1, 18,  2, 32, 39, 48, 46, 36, 24, 40, 41, 15, 42, 35, 38, 21, 27, 20,  8,  6,  5, 47, 25, 45, 11, 22, 13,  3, 19, 10, 30, 34,  7,  4], 1512.47659491, 1539.81768548, 0., 6.46618982,  0.        , 16.        , 39,  6, 42. )
 (46, [11, 13, 12, 12, 12, 31, 44, 37, 28, 23, 14, 26, 29, 33,  9, 43, 17, 16,  1, 18,  2, 32, 39, 48, 46, 36, 24, 40, 41, 15, 42, 35, 38, 21, 27, 20,  8,  6,  5, 47, 25, 45, 11, 22, 13,  3, 19, 10, 30, 34,  7,  4], 1512.47659491, 1539.81768548, 0., 6.46618982,  0.        , 16.        , 39,  6, 42. )
 (43, [14, 11, 12, 11, 29, 36, 43, 10, 15,  3, 41, 20, 48, 23, 31, 35, 45,  4, 37, 26, 44, 32, 13, 39, 38, 18,  6,  5, 17, 25, 47, 27,  9, 40,  7,  8,  1,  2, 21, 12, 34, 19, 22, 30, 24, 28, 14, 16, 11, 33, 46, 42], 1529.32635831, 1529.32635831, 0., 0.        ,  0.        , 14.        , 47,  7, 50.5)
 (43, [14, 11, 12, 11, 29, 36, 43, 10, 15,  3, 41, 20, 48, 23, 31, 35, 45,  4, 37, 26, 44, 32, 13, 39, 38, 18,  6,  5, 17, 25, 47, 27,  9, 40,  7,  8,  1,  2, 21, 12, 34, 19, 22, 30, 24, 28, 14, 16, 11, 33, 46, 42], 1529.32635831, 1529.32635831, 0., 0.        ,  0.        , 14.        , 47,  7, 50.5)
 (23, [10,  9, 16, 13,  7, 41, 31, 44, 32,  9, 42, 46, 35, 37, 45, 34, 47, 25, 22, 10,  6, 27,  3, 48, 11, 13, 33, 20, 29,  8,  5, 16, 28,  4, 19, 14,  1, 36, 26, 18, 17, 24, 12, 21, 38, 40,  2, 15, 23, 30, 39, 43], 1542.67753566, 1582.95100587, 0., 0.        ,  0.        ,  9.        , 40, 14, 47. )
 (37, [11, 14, 12, 11, 17, 30, 37, 38, 13, 35, 44,  7,  1, 26, 16,  3, 45, 43, 11, 23, 31, 40, 39, 48, 34, 25, 21, 42,  4, 19, 28, 29, 47,  9, 12, 46,  8, 15,  6, 20, 14, 18, 33,  5, 36, 24, 41,  2, 27, 22, 32, 10], 1558.11905038, 1598.39252058, 0., 0.        ,  0.        ,  6.        , 41, 16, 49. )
 (37, [11, 14, 12, 11, 17, 30, 37, 38, 13, 35, 44,  7,  1, 26, 16,  3, 45, 43, 11, 23, 31, 40, 39, 48, 34, 25, 21, 42,  4, 19, 28, 29, 47,  9, 12, 46,  8, 15,  6, 20, 14, 18, 33,  5, 36, 24, 41,  2, 27, 22, 32, 10], 1558.11905038, 1598.39252058, 0., 0.        ,  0.        ,  6.        , 41, 16, 49. )
 (23, [ 9, 10, 16, 13,  7, 41, 31, 44, 32, 42, 22, 30, 45,  9, 46, 35, 37, 34, 10,  6, 27, 48, 11, 13, 33, 20, 29,  8,  5, 16, 28,  4, 19, 14,  1, 36, 26, 18, 17, 47, 24,  3, 12, 21, 38, 40,  2, 15, 25, 23, 39, 43], 1565.99296307, 1606.26643327, 0., 0.        ,  0.        , 14.        , 42,  9, 46.5)
 (44, [13, 12, 12, 11, 25, 35, 38,  7,  1, 23, 33, 11, 31, 22, 39, 26, 12, 21,  5, 41,  2,  3, 10, 44, 16, 34, 29, 28, 46, 13, 19, 17, 24, 45,  9, 27, 32, 20, 48, 37, 30, 47, 36, 43, 42,  4,  6, 18,  8, 14, 15, 40], 1571.06869614, 1598.40978671, 0., 6.46618982,  0.        , 11.        , 43, 12, 49. )
 (44, [13, 12, 12, 11, 25, 35, 38,  7,  1, 23, 33, 11, 31, 22, 39, 26, 12, 21,  5, 41,  2,  3, 10, 44, 16, 34, 29, 28, 46, 13, 19, 17, 24, 45,  9, 27, 32, 20, 48, 37, 30, 47, 36, 43, 42,  4,  6, 18,  8, 14, 15, 40], 1571.06869614, 1598.40978671, 0., 6.46618982,  0.        , 11.        , 43, 12, 49. )
 (23, [13, 10, 11, 14, 31, 44, 32,  9, 42, 46, 35, 37, 22, 34, 11, 10, 45,  6, 27,  3, 48, 13, 33, 20, 29,  8,  5, 16, 28,  4, 19, 14,  1, 36, 43, 41, 26, 18, 17, 47, 24, 12, 21, 38, 40,  2, 15, 25, 23, 30, 39,  7], 1641.38615322, 1641.38615322, 0., 0.        ,  0.        , 14.        , 44,  8, 48. )
 (23, [10, 11, 15, 12,  7, 41, 44, 32,  9, 42, 46, 35, 37, 34, 10, 45,  6, 27,  3, 48, 11, 13, 47, 22, 33, 20, 29,  8,  5, 16, 28,  4, 19, 14,  1, 36, 26, 18, 17, 31, 24, 12, 21, 38, 40,  2, 15, 25, 23, 30, 39, 43], 1661.71382436, 1691.97485205, 0., 5.00622125,  0.        , 11.        , 45, 13, 51.5)
 (45, [10, 15, 11, 12,  6, 35, 41, 12, 22, 21, 20,  3, 30, 43, 44, 16, 45, 48,  7, 34, 33,  9, 13,  8, 29,  5, 36, 47, 23, 32,  1,  4, 25, 14, 17, 28, 31, 39, 10, 42,  2, 19, 27, 11, 15, 24, 26, 18, 37, 40, 38, 46], 1703.20413944, 1730.54523001, 0., 6.46618982,  0.        , 11.        , 46, 11, 51.5)
 (45, [10, 15, 11, 12,  6, 35, 41, 12, 22, 21, 20,  3, 30, 43, 44, 16, 45, 48,  7, 34, 33,  9, 13,  8, 29,  5, 36, 47, 23, 32,  1,  4, 25, 14, 17, 28, 31, 39, 10, 42,  2, 19, 27, 11, 15, 24, 26, 18, 37, 40, 38, 46], 1703.20413944, 1730.54523001, 0., 6.46618982,  0.        , 11.        , 46, 11, 51.5)
 (35, [14, 12, 12, 10, 33, 35, 47, 44, 37, 29,  3, 27,  6, 23, 31, 40,  4, 39, 28, 21, 16, 38, 34, 15, 24, 45, 17, 26, 14,  9, 13, 10,  2,  8, 41, 42, 46, 30, 32, 48, 11, 18,  7,  5, 19, 36,  1, 12, 25, 20, 22, 43], 1995.94055228, 2039.3747305 , 0., 0.        ,  3.1659646 , 20.66666667, 49,  1, 49.5)
 (35, [14, 12, 12, 10, 33, 35, 47, 44, 37, 29,  3, 27,  6, 23, 31, 40,  4, 39, 28, 21, 16, 38, 34, 15, 24, 45, 17, 26, 14,  9, 13, 10,  2,  8, 41, 42, 46, 30, 32, 48, 11, 18,  7,  5, 19, 36,  1, 12, 25, 20, 22, 43], 1995.94055228, 2039.3747305 , 0., 0.        ,  3.1659646 , 20.66666667, 49,  1, 49.5)
 (23, [10,  9, 16, 13,  9, 46, 35, 37, 22, 34, 10, 45,  6, 27,  3, 48, 11, 13, 18, 21,  2, 15, 39, 43, 33, 20, 29,  8,  5, 16, 28,  4, 19, 14,  1, 36, 26, 41, 23, 30, 25,  7, 44, 38, 47, 12, 40, 17, 32, 24, 31, 42], 2284.69275412, 2348.2366891 , 0., 0.        , 59.63613701, 19.        , 50,  2, 51. )]