
Total Runtime in seconds: 199.58521723747253Parameters:
population_size: 100, max_generations: 1000, executed generations: 1000, threshold_no_improvement: 500
target feasible proportion: 25
fitness_scaling: power_rank, selection_method: n_tournaments
p_c: 0.8, p_m: 0.1
tournament_size: 2, n_elite: 10
survivor_selection_step: 200, p_selection_survival: 0.7
kill clone step: 100
diversify_step: 300, diversify_step: 300, p_diversify_survival: 0.3
n_closest_neighbors: 3, diversity_weight: 0.5, distance_method: broken_pairs_distance
capacity_penalty_factor: 2, duration_penalty_factor 2, time_window_penalty: 2
Best fitness all generations, best individual before/after local search: 1645.2231631457546, 1645.2231631457546 / 1645.2231631457546
Best individual found before local search: (31, [ 9, 12, 13, 14,  9, 35,  7, 41,  4, 19, 37, 34, 11, 46, 21, 43, 32,  6, 27, 22, 47, 12, 24, 48,  3, 18, 17, 16, 13, 33, 20, 29,  1, 31, 44, 36, 14, 28, 30,  2, 15,  8,  5, 26, 23, 25, 40, 38, 42, 45, 10, 39], 1645.22316315, 1645.22316315, 0., 0., 0., 0., 0, 0, 0.)
Best individual found after local search: (31, [ 9, 12, 13, 14,  9, 35,  7, 41,  4, 19, 37, 34, 11, 46, 21, 43, 32,  6, 27, 22, 47, 12, 24, 48,  3, 18, 17, 16, 13, 33, 20, 29,  1, 31, 44, 36, 14, 28, 30,  2, 15,  8,  5, 26, 23, 25, 40, 38, 42, 45, 10, 39], 1645.22316315, 1645.22316315, 0., 0., 0., 0., 0, 0, 0.)
Best feasible individual found: (31, [ 9, 12, 13, 14,  9, 35,  7, 41,  4, 19, 37, 34, 11, 46, 21, 43, 32,  6, 27, 22, 47, 12, 24, 48,  3, 18, 17, 16, 13, 33, 20, 29,  1, 31, 44, 36, 14, 28, 30,  2, 15,  8,  5, 26, 23, 25, 40, 38, 42, 45, 10, 39], 1645.22316315, 1645.22316315, 0., 0., 0., 0., 0, 0, 0.)

Fitness stats min: [3476.63513303 3476.63513303 3384.16643507 3384.16643507 3240.89909724
 3240.89909724 3193.64564289 3193.06927303 3101.35815614 3101.35815614
 3101.35815614 2993.58955886 2926.17533536 2926.17533536 2908.75900809
 2900.59559211 2884.90897824 2831.88477626 2831.88477626 2829.22701084
 2670.93212361 2670.93212361 2634.14231775 2525.3095951  2525.3095951
 2524.11873441 2524.11873441 2522.98741675 2456.01031668 2456.01031668
 2456.01031668 2456.01031668 2456.01031668 2456.01031668 2456.01031668
 2399.10754959 2399.10754959 2399.10754959 2385.47561337 2385.47561337
 2385.47561337 2385.47561337 2351.77294271 2351.77294271 2305.67539896
 2305.67539896 2305.67539896 2300.83765977 2265.06794595 2265.06794595
 2259.46062893 2259.46062893 2249.71215365 2219.99878276 2219.99878276
 2219.99878276 2209.82759353 2209.82759353 2188.83183254 2182.56650102
 2171.12750726 2171.12750726 2171.12750726 2171.12750726 2165.76450379
 2161.4838413  2160.98383251 2160.98383251 2160.98383251 2160.98383251
 2160.98383251 2160.98383251 2160.98383251 2160.98383251 2158.00500054
 2158.00500054 2158.00500054 2158.00500054 2134.19930968 2134.19930968
 2134.19930968 2134.19930968 2134.19930968 2134.19930968 2134.19930968
 2134.19930968 2134.19930968 2134.19930968 2134.19930968 2134.19930968
 2095.06072221 2095.06072221 2095.06072221 2095.06072221 2095.06072221
 2095.06072221 2095.06072221 2095.06072221 2095.06072221 2095.06072221
 2095.06072221 2095.06072221 2095.06072221 2090.56635129 2090.56635129
 2090.56635129 2088.06559333 2086.78282374 2082.14732326 2082.14732326
 2052.81670645 2052.81670645 2030.10847845 2030.10847845 2030.10847845
 2010.65272665 2010.65272665 2010.65272665 2007.3698352  1990.65003822
 1990.65003822 1989.73469409 1989.73469409 1989.73469409 1988.83268022
 1988.83268022 1988.83268022 1988.83268022 1988.83268022 1988.83268022
 1965.23809763 1965.23809763 1965.23809763 1965.23809763 1965.23809763
 1965.23809763 1965.23809763 1965.23809763 1965.23809763 1965.23809763
 1956.71957044 1956.71957044 1956.71957044 1956.71957044 1956.71957044
 1956.71957044 1956.71957044 1956.71957044 1956.71957044 1956.71957044
 1956.71957044 1948.94097635 1948.94097635 1948.94097635 1948.94097635
 1948.94097635 1948.94097635 1946.79000205 1946.79000205 1946.79000205
 1940.42244917 1940.42244917 1940.42244917 1930.70299244 1930.70299244
 1930.70299244 1920.40999041 1893.76687523 1893.76687523 1893.76687523
 1893.76687523 1893.76687523 1893.76687523 1893.76687523 1893.76687523
 1893.76687523 1893.76687523 1893.76687523 1893.76687523 1893.76687523
 1893.76687523 1893.76687523 1893.76687523 1893.76687523 1893.76687523
 1893.76687523 1893.76687523 1893.76687523 1893.76687523 1893.76687523
 1893.76687523 1893.76687523 1893.76687523 1893.76687523 1893.76687523
 1893.76687523 1893.76687523 1885.39311334 1885.39311334 1885.39311334
 1885.39311334 1885.39311334 1885.39311334 1885.39311334 1885.39311334
 1885.39311334 1885.39311334 1885.39311334 1885.39311334 1885.39311334
 1885.39311334 1885.39311334 1885.39311334 1885.39311334 1885.39311334
 1885.39311334 1885.39311334 1885.39311334 1873.77932211 1873.77932211
 1873.77932211 1873.77932211 1873.77932211 1873.77932211 1848.78618002
 1848.78618002 1848.65673498 1848.65673498 1848.65673498 1848.65673498
 1823.6635929  1823.6635929  1823.6635929  1819.13963399 1819.13963399
 1819.13963399 1819.13963399 1819.13963399 1819.13963399 1819.13963399
 1819.13963399 1819.13963399 1819.13963399 1819.13963399 1819.13963399
 1819.13963399 1819.13963399 1819.13963399 1819.13963399 1819.13963399
 1819.13963399 1819.13963399 1819.13963399 1819.13963399 1819.13963399
 1819.13963399 1819.13963399 1819.13963399 1787.05348917 1787.05348917
 1787.05348917 1787.05348917 1787.05348917 1787.05348917 1787.05348917
 1787.05348917 1787.05348917 1787.05348917 1787.05348917 1787.05348917
 1787.05348917 1787.05348917 1787.05348917 1787.05348917 1787.05348917
 1787.05348917 1787.05348917 1787.05348917 1787.05348917 1787.05348917
 1787.05348917 1787.05348917 1787.05348917 1787.05348917 1743.35955836
 1743.35955836 1743.35955836 1743.35955836 1743.35955836 1743.35955836
 1742.35031679 1742.35031679 1742.35031679 1742.35031679 1742.35031679
 1742.35031679 1742.35031679 1742.35031679 1737.90202458 1737.90202458
 1736.89278301 1736.89278301 1736.89278301 1736.89278301 1736.89278301
 1736.89278301 1736.89278301 1736.89278301 1736.89278301 1736.89278301
 1736.89278301 1736.89278301 1736.89278301 1736.89278301 1736.89278301
 1736.89278301 1736.89278301 1736.89278301 1736.89278301 1736.89278301
 1736.89278301 1736.89278301 1736.89278301 1736.89278301 1736.89278301
 1736.89278301 1736.89278301 1736.89278301 1736.89278301 1736.89278301
 1736.89278301 1736.89278301 1736.89278301 1736.89278301 1736.89278301
 1736.89278301 1724.33204611 1724.33204611 1724.33204611 1724.33204611
 1720.20500426 1720.20500426 1720.20500426 1720.20500426 1720.20500426
 1720.20500426 1720.20500426 1720.20500426 1720.20500426 1720.20500426
 1720.20500426 1720.20500426 1720.20500426 1720.20500426 1720.20500426
 1720.20500426 1720.20500426 1720.20500426 1720.20500426 1720.20500426
 1718.63498514 1718.63498514 1718.63498514 1718.63498514 1718.63498514
 1718.63498514 1718.63498514 1718.63498514 1718.63498514 1718.63498514
 1704.06878746 1704.06878746 1704.06878746 1704.06878746 1704.06878746
 1704.06878746 1704.06878746 1704.06878746 1704.06878746 1704.06878746
 1704.06878746 1704.06878746 1704.06878746 1704.06878746 1704.06878746
 1704.06878746 1704.06878746 1704.06878746 1704.06878746 1704.06878746
 1704.06878746 1692.57459386 1692.57459386 1692.57459386 1692.57459386
 1692.57459386 1692.57459386 1692.57459386 1692.57459386 1686.75970771
 1686.75970771 1686.75970771 1686.75970771 1686.75970771 1686.75970771
 1686.75970771 1686.75970771 1686.75970771 1686.75970771 1686.75970771
 1686.75970771 1686.75970771 1686.75970771 1686.75970771 1686.75970771
 1686.75970771 1686.75970771 1686.75970771 1686.75970771 1686.75970771
 1686.75970771 1686.75970771 1686.75970771 1686.75970771 1686.75970771
 1686.75970771 1686.75970771 1686.75970771 1686.75970771 1686.75970771
 1686.75970771 1686.75970771 1686.75970771 1686.75970771 1686.75970771
 1686.75970771 1686.75970771 1686.75970771 1686.75970771 1686.75970771
 1686.75970771 1686.75970771 1686.64138966 1658.95699045 1658.95699045
 1658.95699045 1658.8386724  1658.8386724  1658.8386724  1658.8386724
 1658.8386724  1658.8386724  1658.8386724  1658.8386724  1658.8386724
 1658.8386724  1658.8386724  1658.8386724  1658.8386724  1658.8386724
 1658.8386724  1658.8386724  1658.8386724  1658.8386724  1658.8386724
 1658.8386724  1658.8386724  1658.8386724  1658.8386724  1658.8386724
 1658.8386724  1658.8386724  1658.8386724  1658.8386724  1658.8386724
 1658.8386724  1658.8386724  1658.8386724  1658.8386724  1658.8386724
 1658.8386724  1658.8386724  1658.8386724  1658.8386724  1658.8386724
 1658.8386724  1658.8386724  1658.8386724  1658.8386724  1658.8386724
 1658.8386724  1658.8386724  1658.8386724  1658.8386724  1658.8386724
 1658.8386724  1658.8386724  1658.8386724  1658.8386724  1658.8386724
 1658.8386724  1658.8386724  1658.8386724  1658.8386724  1658.8386724
 1658.8386724  1658.8386724  1658.8386724  1658.8386724  1658.8386724
 1658.8386724  1658.8386724  1658.8386724  1658.8386724  1658.8386724
 1658.8386724  1658.8386724  1658.8386724  1658.8386724  1658.8386724
 1658.8386724  1658.8386724  1658.8386724  1658.8386724  1658.8386724
 1658.8386724  1658.8386724  1658.8386724  1658.8386724  1658.8386724
 1658.8386724  1658.8386724  1658.8386724  1658.8386724  1658.8386724
 1658.8386724  1658.8386724  1658.8386724  1658.8386724  1658.8386724
 1645.41644911 1645.41644911 1645.41644911 1645.41644911 1645.41644911
 1645.41644911 1645.41644911 1645.41644911 1645.41644911 1645.41644911
 1645.41644911 1645.41644911 1645.41644911 1645.41644911 1645.41644911
 1645.41644911 1645.41644911 1645.41644911 1645.41644911 1645.41644911
 1645.41644911 1645.41644911 1645.41644911 1645.41644911 1645.41644911
 1645.41644911 1645.41644911 1645.41644911 1645.41644911 1645.41644911
 1645.41644911 1645.41644911 1645.41644911 1645.41644911 1645.41644911
 1645.41644911 1645.41644911 1645.41644911 1645.41644911 1645.41644911
 1645.41644911 1645.41644911 1645.41644911 1645.41644911 1645.41644911
 1645.41644911 1645.41644911 1645.41644911 1645.41644911 1645.41644911
 1645.41644911 1645.41644911 1645.41644911 1645.41644911 1645.41644911
 1645.41644911 1645.41644911 1645.41644911 1645.41644911 1645.41644911
 1645.41644911 1645.41644911 1645.41644911 1645.41644911 1645.41644911
 1645.41644911 1645.41644911 1645.41644911 1645.41644911 1645.41644911
 1645.41644911 1645.41644911 1645.41644911 1645.41644911 1645.41644911
 1645.41644911 1645.41644911 1645.41644911 1645.41644911 1645.41644911
 1645.41644911 1645.41644911 1645.41644911 1645.41644911 1645.41644911
 1645.41644911 1645.41644911 1645.41644911 1645.41644911 1645.41644911
 1645.41644911 1645.41644911 1645.41644911 1645.41644911 1645.41644911
 1645.41644911 1645.41644911 1645.41644911 1645.41644911 1645.41644911
 1645.41644911 1645.41644911 1645.41644911 1645.41644911 1645.41644911
 1645.41644911 1645.41644911 1645.41644911 1645.41644911 1645.41644911
 1645.41644911 1645.41644911 1645.41644911 1645.41644911 1645.41644911
 1645.41644911 1645.41644911 1645.41644911 1645.41644911 1645.41644911
 1645.41644911 1645.41644911 1645.41644911 1645.41644911 1645.41644911
 1645.41644911 1645.41644911 1645.41644911 1645.41644911 1645.41644911
 1645.41644911 1645.41644911 1645.41644911 1645.41644911 1645.41644911
 1645.41644911 1645.41644911 1645.41644911 1645.41644911 1645.41644911
 1645.41644911 1645.41644911 1645.22316315 1645.22316315 1645.22316315
 1645.22316315 1645.22316315 1645.22316315 1645.22316315 1645.22316315
 1645.22316315 1645.22316315 1645.22316315 1645.22316315 1645.22316315
 1645.22316315 1645.22316315 1645.22316315 1645.22316315 1645.22316315
 1645.22316315 1645.22316315 1645.22316315 1645.22316315 1645.22316315
 1645.22316315 1645.22316315 1645.22316315 1645.22316315 1645.22316315
 1645.22316315 1645.22316315 1645.22316315 1645.22316315 1645.22316315
 1645.22316315 1645.22316315 1645.22316315 1645.22316315 1645.22316315
 1645.22316315 1645.22316315 1645.22316315 1645.22316315 1645.22316315
 1645.22316315 1645.22316315 1645.22316315 1645.22316315 1645.22316315
 1645.22316315 1645.22316315 1645.22316315 1645.22316315 1645.22316315
 1645.22316315 1645.22316315 1645.22316315 1645.22316315 1645.22316315
 1645.22316315 1645.22316315 1645.22316315 1645.22316315 1645.22316315
 1645.22316315 1645.22316315 1645.22316315 1645.22316315 1645.22316315
 1645.22316315 1645.22316315 1645.22316315 1645.22316315 1645.22316315
 1645.22316315 1645.22316315 1645.22316315 1645.22316315 1645.22316315
 1645.22316315 1645.22316315 1645.22316315 1645.22316315 1645.22316315
 1645.22316315 1645.22316315 1645.22316315 1645.22316315 1645.22316315
 1645.22316315 1645.22316315 1645.22316315 1645.22316315 1645.22316315
 1645.22316315 1645.22316315 1645.22316315 1645.22316315 1645.22316315
 1645.22316315 1645.22316315 1645.22316315 1645.22316315 1645.22316315
 1645.22316315 1645.22316315 1645.22316315 1645.22316315 1645.22316315
 1645.22316315 1645.22316315 1645.22316315 1645.22316315 1645.22316315
 1645.22316315 1645.22316315 1645.22316315 1645.22316315 1645.22316315
 1645.22316315 1645.22316315 1645.22316315 1645.22316315 1645.22316315
 1645.22316315 1645.22316315 1645.22316315 1645.22316315 1645.22316315
 1645.22316315 1645.22316315 1645.22316315 1645.22316315 1645.22316315
 1645.22316315 1645.22316315 1645.22316315 1645.22316315 1645.22316315
 1645.22316315 1645.22316315 1645.22316315 1645.22316315 1645.22316315
 1645.22316315 1645.22316315 1645.22316315 1645.22316315 1645.22316315
 1645.22316315 1645.22316315 1645.22316315 1645.22316315 1645.22316315
 1645.22316315 1645.22316315 1645.22316315 1645.22316315 1645.22316315
 1645.22316315 1645.22316315 1645.22316315 1645.22316315 1645.22316315
 1645.22316315 1645.22316315 1645.22316315 1645.22316315 1645.22316315
 1645.22316315 1645.22316315 1645.22316315 1645.22316315 1645.22316315
 1645.22316315 1645.22316315 1645.22316315 1645.22316315 1645.22316315
 1645.22316315 1645.22316315 1645.22316315 1645.22316315 1645.22316315
 1645.22316315 1645.22316315 1645.22316315 1645.22316315 1645.22316315
 1645.22316315 1645.22316315 1645.22316315 1645.22316315 1645.22316315
 1645.22316315 1645.22316315 1645.22316315 1645.22316315 1645.22316315
 1645.22316315 1645.22316315 1645.22316315 1645.22316315 1645.22316315
 1645.22316315 1645.22316315 1645.22316315 1645.22316315 1645.22316315
 1645.22316315 1645.22316315 1645.22316315 1645.22316315 1645.22316315
 1645.22316315 1645.22316315 1645.22316315 1645.22316315 1645.22316315
 1645.22316315 1645.22316315 1645.22316315 1645.22316315 1645.22316315
 1645.22316315 1645.22316315 1645.22316315 1645.22316315 1645.22316315
 1645.22316315 1645.22316315 1645.22316315 1645.22316315 1645.22316315
 1645.22316315 1645.22316315 1645.22316315 1645.22316315 1645.22316315
 1645.22316315 1645.22316315 1645.22316315 1645.22316315 1645.22316315
 1645.22316315 1645.22316315 1645.22316315 1645.22316315 1645.22316315
 1645.22316315 1645.22316315 1645.22316315 1645.22316315 1645.22316315
 1645.22316315 1645.22316315 1645.22316315 1645.22316315 1645.22316315
 1645.22316315 1645.22316315 1645.22316315 1645.22316315 1645.22316315
 1645.22316315 1645.22316315 1645.22316315 1645.22316315 1645.22316315
 1645.22316315 1645.22316315 1645.22316315 1645.22316315 1645.22316315
 1645.22316315 1645.22316315 1645.22316315 1645.22316315 1645.22316315
 1645.22316315 1645.22316315 1645.22316315 1645.22316315 1645.22316315
 1645.22316315 1645.22316315 1645.22316315 1645.22316315 1645.22316315
 1645.22316315 1645.22316315 1645.22316315 1645.22316315 1645.22316315
 1645.22316315 1645.22316315 1645.22316315 1645.22316315 1645.22316315
 1645.22316315 1645.22316315 1645.22316315 1645.22316315 1645.22316315
 1645.22316315 1645.22316315 1645.22316315 1645.22316315 1645.22316315
 1645.22316315 1645.22316315 1645.22316315 1645.22316315 1645.22316315
 1645.22316315 1645.22316315 1645.22316315 1645.22316315 1645.22316315
 1645.22316315] 

Fitness stats feasible min: [3476.63513303 3476.63513303 3384.16643507 3384.16643507 3240.89909724
 3240.89909724 3240.89909724 3240.89909724 3101.35815614 3101.35815614
 3101.35815614 2993.58955886 2926.17533536 2926.17533536 2908.75900809
 2908.75900809 2884.90897824 2884.90897824 2861.12852003 2829.22701084
 2670.93212361 2670.93212361 2634.14231775 2634.14231775 2634.14231775
 2634.14231775 2529.84174409 2529.84174409 2456.01031668 2456.01031668
 2456.01031668 2456.01031668 2456.01031668 2456.01031668 2456.01031668
 2399.10754959 2399.10754959 2399.10754959 2399.10754959 2399.10754959
 2399.10754959 2399.10754959 2351.77294271 2351.77294271 2305.67539896
 2305.67539896 2305.67539896 2300.83765977 2265.06794595 2265.06794595
 2259.46062893 2259.46062893 2249.71215365 2219.99878276 2219.99878276
 2219.99878276 2209.82759353 2209.82759353 2188.83183254 2182.56650102
 2171.12750726 2171.12750726 2171.12750726 2171.12750726 2165.76450379
 2161.4838413  2160.98383251 2160.98383251 2160.98383251 2160.98383251
 2160.98383251 2160.98383251 2160.98383251 2160.98383251 2158.00500054
 2158.00500054 2158.00500054 2158.00500054 2134.19930968 2134.19930968
 2134.19930968 2134.19930968 2134.19930968 2134.19930968 2134.19930968
 2134.19930968 2134.19930968 2134.19930968 2134.19930968 2134.19930968
 2095.06072221 2095.06072221 2095.06072221 2095.06072221 2095.06072221
 2095.06072221 2095.06072221 2095.06072221 2095.06072221 2095.06072221
 2095.06072221 2095.06072221 2095.06072221 2090.56635129 2090.56635129
 2090.56635129 2088.06559333 2086.78282374 2082.14732326 2082.14732326
 2067.45437347 2067.45437347 2030.10847845 2030.10847845 2030.10847845
 2010.65272665 2010.65272665 2010.65272665 2007.3698352  1990.65003822
 1990.65003822 1989.73469409 1989.73469409 1989.73469409 1988.83268022
 1988.83268022 1988.83268022 1988.83268022 1988.83268022 1988.83268022
 1965.23809763 1965.23809763 1965.23809763 1965.23809763 1965.23809763
 1965.23809763 1965.23809763 1965.23809763 1965.23809763 1965.23809763
 1965.23809763 1965.23809763 1965.23809763 1965.23809763 1965.23809763
 1965.23809763 1965.23809763 1965.23809763 1965.23809763 1965.23809763
 1965.23809763 1948.94097635 1948.94097635 1948.94097635 1948.94097635
 1948.94097635 1948.94097635 1946.79000205 1946.79000205 1946.79000205
 1946.79000205 1946.79000205 1946.79000205 1930.70299244 1930.70299244
 1930.70299244 1920.40999041 1893.76687523 1893.76687523 1893.76687523
 1893.76687523 1893.76687523 1893.76687523 1893.76687523 1893.76687523
 1893.76687523 1893.76687523 1893.76687523 1893.76687523 1893.76687523
 1893.76687523 1893.76687523 1893.76687523 1893.76687523 1893.76687523
 1893.76687523 1893.76687523 1893.76687523 1893.76687523 1893.76687523
 1893.76687523 1893.76687523 1893.76687523 1893.76687523 1893.76687523
 1893.76687523 1893.76687523 1885.39311334 1885.39311334 1885.39311334
 1885.39311334 1885.39311334 1885.39311334 1885.39311334 1885.39311334
 1885.39311334 1885.39311334 1885.39311334 1885.39311334 1885.39311334
 1885.39311334 1885.39311334 1885.39311334 1885.39311334 1885.39311334
 1885.39311334 1885.39311334 1885.39311334 1873.77932211 1873.77932211
 1873.77932211 1873.77932211 1873.77932211 1873.77932211 1848.78618002
 1848.78618002 1848.65673498 1848.65673498 1848.65673498 1848.65673498
 1823.6635929  1823.6635929  1823.6635929  1819.13963399 1819.13963399
 1819.13963399 1819.13963399 1819.13963399 1819.13963399 1819.13963399
 1819.13963399 1819.13963399 1819.13963399 1819.13963399 1819.13963399
 1819.13963399 1819.13963399 1819.13963399 1819.13963399 1819.13963399
 1819.13963399 1819.13963399 1819.13963399 1819.13963399 1819.13963399
 1819.13963399 1819.13963399 1819.13963399 1787.05348917 1787.05348917
 1787.05348917 1787.05348917 1787.05348917 1787.05348917 1787.05348917
 1787.05348917 1787.05348917 1787.05348917 1787.05348917 1787.05348917
 1787.05348917 1787.05348917 1787.05348917 1787.05348917 1787.05348917
 1787.05348917 1787.05348917 1787.05348917 1787.05348917 1787.05348917
 1787.05348917 1787.05348917 1787.05348917 1787.05348917 1743.35955836
 1743.35955836 1743.35955836 1743.35955836 1743.35955836 1743.35955836
 1742.35031679 1742.35031679 1742.35031679 1742.35031679 1742.35031679
 1742.35031679 1742.35031679 1742.35031679 1737.90202458 1737.90202458
 1736.89278301 1736.89278301 1736.89278301 1736.89278301 1736.89278301
 1736.89278301 1736.89278301 1736.89278301 1736.89278301 1736.89278301
 1736.89278301 1736.89278301 1736.89278301 1736.89278301 1736.89278301
 1736.89278301 1736.89278301 1736.89278301 1736.89278301 1736.89278301
 1736.89278301 1736.89278301 1736.89278301 1736.89278301 1736.89278301
 1736.89278301 1736.89278301 1736.89278301 1736.89278301 1736.89278301
 1736.89278301 1736.89278301 1736.89278301 1736.89278301 1736.89278301
 1736.89278301 1724.33204611 1724.33204611 1724.33204611 1724.33204611
 1720.20500426 1720.20500426 1720.20500426 1720.20500426 1720.20500426
 1720.20500426 1720.20500426 1720.20500426 1720.20500426 1720.20500426
 1720.20500426 1720.20500426 1720.20500426 1720.20500426 1720.20500426
 1720.20500426 1720.20500426 1720.20500426 1720.20500426 1720.20500426
 1718.63498514 1718.63498514 1718.63498514 1718.63498514 1718.63498514
 1718.63498514 1718.63498514 1718.63498514 1718.63498514 1718.63498514
 1704.06878746 1704.06878746 1704.06878746 1704.06878746 1704.06878746
 1704.06878746 1704.06878746 1704.06878746 1704.06878746 1704.06878746
 1704.06878746 1704.06878746 1704.06878746 1704.06878746 1704.06878746
 1704.06878746 1704.06878746 1704.06878746 1704.06878746 1704.06878746
 1704.06878746 1692.57459386 1692.57459386 1692.57459386 1692.57459386
 1692.57459386 1692.57459386 1692.57459386 1692.57459386 1686.75970771
 1686.75970771 1686.75970771 1686.75970771 1686.75970771 1686.75970771
 1686.75970771 1686.75970771 1686.75970771 1686.75970771 1686.75970771
 1686.75970771 1686.75970771 1686.75970771 1686.75970771 1686.75970771
 1686.75970771 1686.75970771 1686.75970771 1686.75970771 1686.75970771
 1686.75970771 1686.75970771 1686.75970771 1686.75970771 1686.75970771
 1686.75970771 1686.75970771 1686.75970771 1686.75970771 1686.75970771
 1686.75970771 1686.75970771 1686.75970771 1686.75970771 1686.75970771
 1686.75970771 1686.75970771 1686.75970771 1686.75970771 1686.75970771
 1686.75970771 1686.75970771 1686.64138966 1658.95699045 1658.95699045
 1658.95699045 1658.8386724  1658.8386724  1658.8386724  1658.8386724
 1658.8386724  1658.8386724  1658.8386724  1658.8386724  1658.8386724
 1658.8386724  1658.8386724  1658.8386724  1658.8386724  1658.8386724
 1658.8386724  1658.8386724  1658.8386724  1658.8386724  1658.8386724
 1658.8386724  1658.8386724  1658.8386724  1658.8386724  1658.8386724
 1658.8386724  1658.8386724  1658.8386724  1658.8386724  1658.8386724
 1658.8386724  1658.8386724  1658.8386724  1658.8386724  1658.8386724
 1658.8386724  1658.8386724  1658.8386724  1658.8386724  1658.8386724
 1658.8386724  1658.8386724  1658.8386724  1658.8386724  1658.8386724
 1658.8386724  1658.8386724  1658.8386724  1658.8386724  1658.8386724
 1658.8386724  1658.8386724  1658.8386724  1658.8386724  1658.8386724
 1658.8386724  1658.8386724  1658.8386724  1658.8386724  1658.8386724
 1658.8386724  1658.8386724  1658.8386724  1658.8386724  1658.8386724
 1658.8386724  1658.8386724  1658.8386724  1658.8386724  1658.8386724
 1658.8386724  1658.8386724  1658.8386724  1658.8386724  1658.8386724
 1658.8386724  1658.8386724  1658.8386724  1658.8386724  1658.8386724
 1658.8386724  1658.8386724  1658.8386724  1658.8386724  1658.8386724
 1658.8386724  1658.8386724  1658.8386724  1658.8386724  1658.8386724
 1658.8386724  1658.8386724  1658.8386724  1658.8386724  1658.8386724
 1645.41644911 1645.41644911 1645.41644911 1645.41644911 1645.41644911
 1645.41644911 1645.41644911 1645.41644911 1645.41644911 1645.41644911
 1645.41644911 1645.41644911 1645.41644911 1645.41644911 1645.41644911
 1645.41644911 1645.41644911 1645.41644911 1645.41644911 1645.41644911
 1645.41644911 1645.41644911 1645.41644911 1645.41644911 1645.41644911
 1645.41644911 1645.41644911 1645.41644911 1645.41644911 1645.41644911
 1645.41644911 1645.41644911 1645.41644911 1645.41644911 1645.41644911
 1645.41644911 1645.41644911 1645.41644911 1645.41644911 1645.41644911
 1645.41644911 1645.41644911 1645.41644911 1645.41644911 1645.41644911
 1645.41644911 1645.41644911 1645.41644911 1645.41644911 1645.41644911
 1645.41644911 1645.41644911 1645.41644911 1645.41644911 1645.41644911
 1645.41644911 1645.41644911 1645.41644911 1645.41644911 1645.41644911
 1645.41644911 1645.41644911 1645.41644911 1645.41644911 1645.41644911
 1645.41644911 1645.41644911 1645.41644911 1645.41644911 1645.41644911
 1645.41644911 1645.41644911 1645.41644911 1645.41644911 1645.41644911
 1645.41644911 1645.41644911 1645.41644911 1645.41644911 1645.41644911
 1645.41644911 1645.41644911 1645.41644911 1645.41644911 1645.41644911
 1645.41644911 1645.41644911 1645.41644911 1645.41644911 1645.41644911
 1645.41644911 1645.41644911 1645.41644911 1645.41644911 1645.41644911
 1645.41644911 1645.41644911 1645.41644911 1645.41644911 1645.41644911
 1645.41644911 1645.41644911 1645.41644911 1645.41644911 1645.41644911
 1645.41644911 1645.41644911 1645.41644911 1645.41644911 1645.41644911
 1645.41644911 1645.41644911 1645.41644911 1645.41644911 1645.41644911
 1645.41644911 1645.41644911 1645.41644911 1645.41644911 1645.41644911
 1645.41644911 1645.41644911 1645.41644911 1645.41644911 1645.41644911
 1645.41644911 1645.41644911 1645.41644911 1645.41644911 1645.41644911
 1645.41644911 1645.41644911 1645.41644911 1645.41644911 1645.41644911
 1645.41644911 1645.41644911 1645.41644911 1645.41644911 1645.41644911
 1645.41644911 1645.41644911 1645.22316315 1645.22316315 1645.22316315
 1645.22316315 1645.22316315 1645.22316315 1645.22316315 1645.22316315
 1645.22316315 1645.22316315 1645.22316315 1645.22316315 1645.22316315
 1645.22316315 1645.22316315 1645.22316315 1645.22316315 1645.22316315
 1645.22316315 1645.22316315 1645.22316315 1645.22316315 1645.22316315
 1645.22316315 1645.22316315 1645.22316315 1645.22316315 1645.22316315
 1645.22316315 1645.22316315 1645.22316315 1645.22316315 1645.22316315
 1645.22316315 1645.22316315 1645.22316315 1645.22316315 1645.22316315
 1645.22316315 1645.22316315 1645.22316315 1645.22316315 1645.22316315
 1645.22316315 1645.22316315 1645.22316315 1645.22316315 1645.22316315
 1645.22316315 1645.22316315 1645.22316315 1645.22316315 1645.22316315
 1645.22316315 1645.22316315 1645.22316315 1645.22316315 1645.22316315
 1645.22316315 1645.22316315 1645.22316315 1645.22316315 1645.22316315
 1645.22316315 1645.22316315 1645.22316315 1645.22316315 1645.22316315
 1645.22316315 1645.22316315 1645.22316315 1645.22316315 1645.22316315
 1645.22316315 1645.22316315 1645.22316315 1645.22316315 1645.22316315
 1645.22316315 1645.22316315 1645.22316315 1645.22316315 1645.22316315
 1645.22316315 1645.22316315 1645.22316315 1645.22316315 1645.22316315
 1645.22316315 1645.22316315 1645.22316315 1645.22316315 1645.22316315
 1645.22316315 1645.22316315 1645.22316315 1645.22316315 1645.22316315
 1645.22316315 1645.22316315 1645.22316315 1645.22316315 1645.22316315
 1645.22316315 1645.22316315 1645.22316315 1645.22316315 1645.22316315
 1645.22316315 1645.22316315 1645.22316315 1645.22316315 1645.22316315
 1645.22316315 1645.22316315 1645.22316315 1645.22316315 1645.22316315
 1645.22316315 1645.22316315 1645.22316315 1645.22316315 1645.22316315
 1645.22316315 1645.22316315 1645.22316315 1645.22316315 1645.22316315
 1645.22316315 1645.22316315 1645.22316315 1645.22316315 1645.22316315
 1645.22316315 1645.22316315 1645.22316315 1645.22316315 1645.22316315
 1645.22316315 1645.22316315 1645.22316315 1645.22316315 1645.22316315
 1645.22316315 1645.22316315 1645.22316315 1645.22316315 1645.22316315
 1645.22316315 1645.22316315 1645.22316315 1645.22316315 1645.22316315
 1645.22316315 1645.22316315 1645.22316315 1645.22316315 1645.22316315
 1645.22316315 1645.22316315 1645.22316315 1645.22316315 1645.22316315
 1645.22316315 1645.22316315 1645.22316315 1645.22316315 1645.22316315
 1645.22316315 1645.22316315 1645.22316315 1645.22316315 1645.22316315
 1645.22316315 1645.22316315 1645.22316315 1645.22316315 1645.22316315
 1645.22316315 1645.22316315 1645.22316315 1645.22316315 1645.22316315
 1645.22316315 1645.22316315 1645.22316315 1645.22316315 1645.22316315
 1645.22316315 1645.22316315 1645.22316315 1645.22316315 1645.22316315
 1645.22316315 1645.22316315 1645.22316315 1645.22316315 1645.22316315
 1645.22316315 1645.22316315 1645.22316315 1645.22316315 1645.22316315
 1645.22316315 1645.22316315 1645.22316315 1645.22316315 1645.22316315
 1645.22316315 1645.22316315 1645.22316315 1645.22316315 1645.22316315
 1645.22316315 1645.22316315 1645.22316315 1645.22316315 1645.22316315
 1645.22316315 1645.22316315 1645.22316315 1645.22316315 1645.22316315
 1645.22316315 1645.22316315 1645.22316315 1645.22316315 1645.22316315
 1645.22316315 1645.22316315 1645.22316315 1645.22316315 1645.22316315
 1645.22316315 1645.22316315 1645.22316315 1645.22316315 1645.22316315
 1645.22316315 1645.22316315 1645.22316315 1645.22316315 1645.22316315
 1645.22316315 1645.22316315 1645.22316315 1645.22316315 1645.22316315
 1645.22316315 1645.22316315 1645.22316315 1645.22316315 1645.22316315
 1645.22316315 1645.22316315 1645.22316315 1645.22316315 1645.22316315
 1645.22316315 1645.22316315 1645.22316315 1645.22316315 1645.22316315
 1645.22316315 1645.22316315 1645.22316315 1645.22316315 1645.22316315
 1645.22316315 1645.22316315 1645.22316315 1645.22316315 1645.22316315
 1645.22316315 1645.22316315 1645.22316315 1645.22316315 1645.22316315
 1645.22316315 1645.22316315 1645.22316315 1645.22316315 1645.22316315
 1645.22316315 1645.22316315 1645.22316315 1645.22316315 1645.22316315
 1645.22316315 1645.22316315 1645.22316315 1645.22316315 1645.22316315
 1645.22316315 1645.22316315 1645.22316315 1645.22316315 1645.22316315
 1645.22316315 1645.22316315 1645.22316315 1645.22316315 1645.22316315
 1645.22316315 1645.22316315 1645.22316315 1645.22316315 1645.22316315
 1645.22316315 1645.22316315 1645.22316315 1645.22316315 1645.22316315
 1645.22316315 1645.22316315 1645.22316315 1645.22316315 1645.22316315
 1645.22316315] 

Fitness stats avg: [4051.66981355 3900.56267993 3793.32752325 3715.74636714 3625.38403827
 3562.25084    3525.1864867  3479.94924053 3492.056209   3469.45648192
 3396.61466011 3328.49571624 3322.86951814 3271.64604407 3222.27242669
 3153.32888816 3089.8476179  3078.26261512 3045.15321654 2988.38386155
 2974.56091909 2975.57294742 2936.49068524 2912.70490179 2865.61566198
 2855.13412242 2820.04030936 2776.23606991 2739.18566172 2697.14515281
 2676.34483423 2636.90764579 2624.26205786 2609.29051153 2611.65780984
 2558.81923115 2520.94624643 2494.55451969 2499.39804864 2508.63947805
 2539.65697213 2525.05063501 2475.91459705 2433.19281802 2427.15196934
 2436.0988553  2433.82982526 2421.94745372 2377.13696729 2374.76577203
 2382.49081775 2375.17191757 2348.08411404 2347.07990587 2350.7145966
 2327.35619478 2321.62606    2279.70060802 2271.38859367 2258.70595427
 2252.47646252 2247.1587569  2257.91462975 2269.1850858  2235.02741132
 2220.11874923 2191.23340194 2177.95609661 2192.77954653 2183.09575887
 2183.74860327 2184.312417   2191.15556802 2190.67717054 2178.57423664
 2179.29290399 2178.94505058 2194.73551655 2187.96959067 2189.86933618
 2198.61316699 2191.86121829 2177.97966176 2188.26163729 2186.58763445
 2193.73406964 2182.93835843 2173.92318141 2146.12714126 2142.06827391
 2160.46487464 2167.79836485 2143.81660539 2158.18826721 2147.45385853
 2148.71200796 2149.58469262 2154.55375806 2141.1315018  2122.25511614
 2108.32424629 2115.58346055 2122.27221513 2109.77817218 2119.24698321
 2127.63628224 2125.2185398  2127.23483214 2166.34934865 2160.50642494
 2166.30007403 2161.55950988 2132.31625536 2142.10821815 2124.99987583
 2146.08351715 2141.26378339 2125.25050962 2105.59272013 2098.72723794
 2053.32675167 2076.28901054 2047.14790286 2058.39934107 2040.92832405
 2018.30477731 2013.24804037 2028.93429263 2021.14181955 2040.06470711
 2036.38029621 2044.06448756 2042.38123388 2026.02943023 2001.49436214
 2023.96767408 2041.18621206 2044.01023004 2045.49629838 2057.03867453
 2057.44198627 2074.2131805  2079.27704595 2058.62428162 2051.73231359
 2028.27930588 2015.0972876  2013.31736019 2034.45911401 2012.57912934
 2034.81057247 2025.85621942 2005.1928267  1994.57195444 2013.6393505
 2026.58292225 2012.72127675 2021.39417617 1984.08079915 1995.28344335
 1966.6472532  1967.36735759 1981.04767328 1980.55003249 1985.26470424
 1976.27416588 1972.84977596 1954.74934907 1975.02749962 1969.17742645
 1967.54799698 1959.01786153 1916.23450417 1914.94872849 1915.56396581
 1928.32543222 1917.74659276 1909.89052207 1912.76368759 1913.67683369
 1915.33915426 1926.69265648 1910.64510435 1921.69429487 1920.88893821
 1931.36964306 1911.15810134 1916.69926656 1921.55553641 1929.39344435
 1930.98493443 1919.09685781 1924.39220451 1917.8806192  1911.91044145
 1905.15748835 1903.75932325 1917.12075325 1908.36981292 1912.72253908
 1918.43444358 1915.07740818 1928.20944093 1912.81881919 1904.45681842
 1929.68127485 1909.90072997 1903.9268836  1903.49717472 1928.83305783
 1904.08086661 1916.62087678 1916.73692656 1905.55377242 1916.10663329
 1903.10971831 1911.26160873 1913.6773946  1899.77313427 1912.43672813
 1911.70159468 1921.81097317 1893.57422469 1899.83923504 1895.49554943
 1908.88132102 1897.8389575  1892.31021914 1900.29742559 1909.33576647
 1906.98757174 1896.65868809 1868.44098381 1890.55647625 1856.83801322
 1845.22696311 1856.10755453 1860.59230035 1849.92822497 1856.03327271
 1848.63784929 1850.44106405 1853.74419552 1854.08615323 1834.94658449
 1837.34045573 1838.01983478 1851.29744225 1846.84506544 1842.24754035
 1843.08063963 1839.48488512 1838.61848187 1833.56067451 1848.47871287
 1836.02091015 1842.39362652 1833.18080079 1851.65030116 1851.45169838
 1846.50039837 1847.72364365 1852.53201949 1862.64000469 1859.26874001
 1837.64797367 1840.83388747 1823.71241496 1808.94242635 1811.81363622
 1809.02725922 1813.17351201 1797.39004325 1825.82604311 1827.87461975
 1801.18008363 1816.79285468 1812.79266297 1798.51782157 1804.74116138
 1801.16695758 1805.52995975 1805.58622366 1807.54535689 1808.69806219
 1809.85535147 1797.9999638  1795.92653023 1801.74352297 1796.33763077
 1761.19271743 1759.22439569 1771.84606968 1772.82003289 1756.78935926
 1759.13620363 1774.12524295 1758.90912719 1781.1491699  1764.72440695
 1764.09583452 1773.11460758 1776.29112137 1784.08836731 1773.27320718
 1779.58065755 1759.3702281  1767.80327647 1752.60842419 1753.45865082
 1758.76289884 1761.04608855 1763.7404496  1755.71663556 1749.80065984
 1772.54840573 1777.43444916 1775.84008294 1754.29138698 1760.70287611
 1760.75008191 1770.40915774 1762.20252144 1767.17245474 1764.7066932
 1757.92508472 1766.23613599 1755.26146698 1759.67901971 1752.94940566
 1764.69065432 1766.16590935 1746.0086063  1760.35028402 1758.49811352
 1764.02078308 1759.2991499  1752.28237669 1749.73803342 1753.66763002
 1744.37589829 1758.2703548  1757.090331   1758.14057632 1753.49733136
 1749.23063644 1738.15471225 1741.93148597 1750.03915076 1737.96984841
 1750.69427885 1742.49136362 1736.7680962  1751.97786201 1741.67144229
 1743.90705109 1744.11434194 1747.98607556 1727.8158195  1764.80334135
 1739.05394658 1729.68650439 1759.9027079  1775.4610925  1760.04706035
 1761.33343821 1754.48325647 1735.39796109 1738.7618608  1741.32879461
 1757.35229818 1735.82290652 1748.25743583 1754.06027298 1763.85462978
 1760.61032311 1740.62813358 1725.15791611 1729.88670816 1724.6736249
 1720.16786425 1726.6356505  1740.75517032 1735.83542026 1720.28132789
 1721.97391465 1724.02125681 1741.39154247 1736.58573754 1735.88165399
 1726.3973604  1728.35980449 1730.52321133 1742.27040986 1728.01316566
 1730.21232252 1726.83803571 1721.69339409 1723.36931304 1734.02002804
 1718.95298609 1718.49701114 1735.82037212 1716.50392118 1721.43947975
 1718.40697869 1712.58683402 1709.85854832 1704.20766908 1690.36982094
 1715.06205941 1704.22194557 1692.08741174 1697.27019905 1706.26940926
 1705.74538539 1727.4807606  1725.03703123 1714.4139899  1698.36186145
 1705.35017315 1724.88331838 1703.61673683 1721.27407987 1716.07304612
 1715.4502409  1728.16081342 1711.64647395 1697.24772391 1713.55719752
 1716.66250937 1714.50125726 1723.81777885 1722.92899347 1721.55947178
 1718.71990004 1722.68779319 1720.0540406  1717.41678472 1725.25288288
 1706.69517887 1715.5504456  1717.32367202 1710.98858514 1719.30750413
 1724.18752576 1723.34242033 1718.06053471 1735.66876943 1728.22230957
 1703.5655829  1692.87659432 1685.07664856 1687.71542124 1704.61999251
 1684.07991768 1702.84259599 1696.47619062 1688.62981817 1681.0220131
 1683.59297853 1694.3913949  1678.14519472 1691.49549389 1689.18795977
 1681.24377897 1680.63243378 1684.72259263 1681.79411272 1683.61707165
 1675.49919855 1675.16063308 1673.92072137 1676.50125737 1674.72780066
 1678.09487354 1685.98399776 1684.41958649 1680.32042737 1670.04805319
 1692.72632315 1682.45782452 1675.71943524 1683.54921107 1679.11485269
 1684.72774933 1679.43403254 1676.45139233 1709.22148169 1686.28466867
 1680.51518043 1678.92646974 1697.25817527 1695.83805905 1685.72424819
 1693.05793532 1687.59862242 1681.0355821  1704.19232306 1682.7967082
 1708.997173   1677.23603274 1715.27395807 1680.46366958 1673.65038707
 1677.13488806 1685.36103218 1683.01849095 1685.21817667 1678.83317597
 1687.96996111 1675.07132119 1674.38632009 1678.72122779 1698.49770706
 1693.00233411 1685.98343248 1694.407528   1692.82055477 1688.63697448
 1689.74032566 1699.79819922 1688.66112141 1675.36055288 1695.44174337
 1688.76874956 1690.78615578 1689.72596852 1694.42340522 1682.11174946
 1708.94741673 1681.24166991 1671.22307303 1678.63163399 1686.92438254
 1686.43079967 1689.80519482 1705.84211383 1704.20962595 1694.2129497
 1682.79455739 1676.0069087  1709.76390405 1689.61771121 1710.79443556
 1736.66056459 1703.35183381 1691.0621258  1694.39947826 1668.9264618
 1665.60004532 1674.38845619 1663.49285784 1658.16310591 1672.21263861
 1679.16820396 1687.52703238 1676.5529572  1678.02159939 1680.31834794
 1668.90735697 1674.15246247 1670.3928923  1655.98435925 1684.19858496
 1674.95166227 1659.0435323  1680.41743738 1666.46300231 1673.76350213
 1665.82409505 1674.95263126 1686.88306099 1663.53421155 1681.88165157
 1672.16560538 1671.3147039  1667.8426295  1666.55482294 1667.04435034
 1673.84701884 1669.46816272 1670.50482612 1674.29071928 1666.28769562
 1670.76127793 1669.78661767 1678.0593977  1664.61534535 1665.34650177
 1683.95272462 1670.29565037 1676.88484451 1664.70763398 1667.30408546
 1689.82465479 1685.84647208 1668.05964859 1679.17631418 1679.22183942
 1680.51446772 1669.40241938 1689.69002966 1694.30644889 1673.86837055
 1667.75884975 1664.397943   1674.0643705  1685.6914524  1674.65803232
 1681.91798017 1683.2964956  1686.17766917 1674.29192196 1672.93488917
 1681.54592504 1676.19583748 1670.197623   1678.97842424 1668.23466728
 1661.82603515 1674.35999607 1682.47735378 1661.91218066 1664.77137019
 1660.7020512  1684.69496249 1680.53902845 1673.84481652 1687.24445787
 1681.85275367 1666.85628842 1666.3000591  1673.62874282 1677.96009212
 1684.41671463 1671.93671074 1672.50601854 1679.55523696 1672.12594875
 1670.53581414 1683.29477669 1668.79325336 1669.14979849 1685.74469028
 1677.65913183 1690.40720876 1676.54545795 1679.59527394 1675.96379066
 1671.68103755 1684.70691116 1662.34914414 1672.39626816 1682.36347844
 1680.35907687 1668.21745851 1654.75644179 1670.09535531 1670.54582599
 1672.81148756 1697.8559585  1686.46062517 1674.18323102 1675.75683017
 1676.12078374 1682.43466856 1672.28195993 1678.36361979 1672.41179596
 1684.00195219 1677.0150815  1678.33184171 1674.17583917 1666.84399814
 1676.91019157 1668.38769355 1681.95001517 1675.6339411  1673.4045741
 1668.5713069  1669.18605069 1673.76797256 1670.64175242 1661.48483042
 1668.00399497 1663.73459161 1678.80355763 1678.50158829 1658.07036036
 1668.10431226 1688.50374433 1659.30447891 1680.65609935 1673.62942862
 1670.91990006 1663.05595362 1663.37971896 1670.36370692 1669.47576174
 1663.80515809 1665.61698803 1675.10766491 1683.61051812 1673.63219567
 1687.31265331 1669.29445523 1674.53326239 1670.5775353  1676.37213009
 1675.96986242 1662.0742419  1676.25701137 1660.87035876 1674.04054904
 1687.76158643 1678.96557479 1670.90613214 1667.97775938 1681.93755441
 1681.2098654  1675.14418682 1673.31863879 1669.33397109 1673.1978932
 1661.5015631  1667.89311966 1663.14786923 1677.21129647 1672.95619698
 1675.32822271 1675.89829439 1681.93887214 1693.88136226 1668.75285134
 1677.21997765 1667.8110426  1651.12379559 1657.55938779 1657.53487849
 1675.62405079 1667.27916312 1677.24924525 1688.89339356 1672.70018943
 1685.87168021 1676.6907914  1679.31752876 1671.50089069 1684.25055873
 1669.78998872 1663.68584312 1663.7798605  1661.90482565 1670.77206183
 1694.64294178 1684.23919906 1680.20860561 1660.52861554 1684.24892972
 1679.57742918 1661.43616058 1663.92254954 1690.58847085 1667.81058262
 1672.62458601 1669.18050026 1682.7279909  1662.54136022 1679.73662076
 1683.46584274 1650.59058629 1680.78103084 1676.31757038 1674.04696018
 1673.06149862 1661.51327272 1674.40916779 1667.64208459 1670.84351462
 1672.53506186 1673.60814767 1678.36029771 1664.27407166 1669.79411835
 1664.0993645  1680.95101715 1672.60339936 1671.30786794 1675.75651729
 1676.57965264 1663.13632118 1689.56114028 1666.99769629 1684.86189249
 1677.36769047 1692.50616132 1671.99256181 1677.6575596  1660.35018985
 1671.47623831 1667.72072305 1671.7682353  1663.8638184  1654.86506773
 1669.09301667 1672.05720184 1684.05040296 1656.08099103 1664.80201687
 1678.87193802 1658.97418627 1688.40537872 1674.40177472 1693.87888543
 1685.61001542 1678.68341879 1677.37387626 1669.31232727 1672.3068878
 1688.4707212  1684.65042221 1683.94120708 1681.49522199 1664.34848858
 1661.78773292 1680.85199705 1674.6470881  1659.84400546 1673.19165502
 1665.79767897 1668.97177869 1683.01073464 1668.80737274 1677.19908709
 1673.38509831 1676.18067567 1681.7406167  1676.77342967 1690.18813417
 1674.99826538 1678.66663506 1682.23997819 1657.48763883 1678.13260395
 1678.09896738 1669.71256635 1669.3187608  1666.14623816 1689.15791359
 1672.72165608 1701.76084009 1678.69884266 1680.89772503 1658.43870117
 1676.54104186 1658.67198721 1667.6779205  1676.34066274 1667.12000339
 1682.57647738 1665.62890018 1677.34303287 1671.29699929 1662.62013773
 1672.70193976 1674.72420918 1666.20168335 1661.09017819 1679.9735583
 1675.17206906 1672.59089278 1666.47981558 1690.52366659 1675.13644704
 1686.46954488 1657.55488809 1665.30393168 1674.34739956 1682.97094571
 1667.92772752 1669.67927815 1691.00747779 1663.53243544 1668.29330127
 1668.14099361 1677.54474977 1669.5509866  1670.65371867 1660.61665239
 1670.81117137 1666.86031925 1668.25657029 1671.35837963 1654.66725508
 1676.65324707 1684.40786167 1669.40580648 1668.13864855 1658.70747525
 1693.57522646 1664.68489316 1681.91306155 1675.67778926 1680.89601595
 1659.90201648 1667.54187529 1685.36977894 1663.09908694 1679.3370122
 1664.45861752 1686.17407654 1670.17158614 1665.15974453 1672.57681943
 1663.37279699 1688.4488809  1672.63694348 1679.96194963 1683.34033268
 1676.92034055 1657.98502619 1688.26254701 1684.66832102 1671.68041138
 1676.69004761 1670.62893641 1666.90346098 1661.40771771 1674.6914839
 1687.08228988 1668.04752046 1669.64049331 1679.16822348 1677.52187709
 1669.73248145 1685.8477766  1672.88303198 1677.36367787 1671.03361256
 1669.08644811 1679.50266483 1681.27335303 1677.61626484 1674.92186236
 1669.38543031 1665.03426474 1658.58312288 1666.55637404 1691.00572807
 1680.54307693 1671.68214701 1672.63970473 1667.36827218 1682.12919505
 1667.26816629 1679.23232143 1676.69823665 1669.30488195 1677.63044754
 1668.72400307 1672.37990482 1664.77371575 1695.13511097 1685.85141803
 1682.59950422 1666.15264658 1680.92810626 1694.92818374 1671.34996668
 1664.78723543 1690.40696583 1680.13338636 1681.19103336 1664.55012265
 1669.03774904 1668.33260795 1667.56726102 1679.5112158  1666.35106779
 1671.04481456 1676.07487507 1668.0382766  1676.40334599 1660.70134018
 1678.70634979 1669.74966253 1667.25354384 1658.55571713 1664.27131682
 1662.49297013 1671.47843919 1662.12071878 1680.73369398 1678.82652373
 1666.88263299 1671.84946793 1660.1632968  1673.34410454 1669.47809445
 1687.94466637] 

Feasible stats: [(  0.,   0.) (  0., 100.) (  0., 100.) ( 50.,  50.) ( 50.,  50.)
 ( 53.,  47.) ( 53.,  47.) ( 61.,  39.) ( 61.,  39.) ( 33.,  67.)
 ( 33.,  67.) ( 44.,  56.) ( 44.,  56.) ( 49.,  51.) ( 49.,  51.)
 ( 69.,  31.) ( 69.,  31.) ( 77.,  23.) ( 77.,  23.) ( 80.,  20.)
 ( 80.,  20.) ( 80.,  20.) ( 80.,  20.) ( 70.,  30.) ( 70.,  30.)
 ( 62.,  38.) ( 62.,  38.) ( 70.,  30.) ( 70.,  30.) ( 63.,  37.)
 ( 63.,  37.) ( 58.,  42.) ( 58.,  42.) ( 64.,  36.) ( 64.,  36.)
 ( 75.,  25.) ( 75.,  25.) ( 90.,  10.) ( 90.,  10.) ( 91.,   9.)
 ( 91.,   9.) ( 87.,  13.) ( 87.,  13.) ( 89.,  11.) ( 89.,  11.)
 ( 93.,   7.) ( 93.,   7.) ( 91.,   9.) ( 91.,   9.) ( 97.,   3.)
 ( 97.,   3.) ( 89.,  11.) ( 89.,  11.) ( 95.,   5.) ( 95.,   5.)
 ( 92.,   8.) ( 92.,   8.) ( 93.,   7.) ( 93.,   7.) ( 95.,   5.)
 ( 95.,   5.) ( 96.,   4.) ( 96.,   4.) ( 95.,   5.) ( 95.,   5.)
 ( 94.,   6.) ( 94.,   6.) ( 98.,   2.) ( 98.,   2.) ( 96.,   4.)
 ( 96.,   4.) ( 98.,   2.) ( 98.,   2.) ( 97.,   3.) ( 97.,   3.)
 ( 98.,   2.) ( 98.,   2.) ( 98.,   2.) ( 98.,   2.) ( 97.,   3.)
 ( 97.,   3.) ( 93.,   7.) ( 93.,   7.) ( 94.,   6.) ( 94.,   6.)
 ( 89.,  11.) ( 89.,  11.) ( 86.,  14.) ( 86.,  14.) ( 99.,   1.)
 ( 99.,   1.) ( 95.,   5.) ( 95.,   5.) ( 99.,   1.) ( 99.,   1.)
 ( 96.,   4.) ( 96.,   4.) ( 94.,   6.) ( 94.,   6.) ( 97.,   3.)
 ( 97.,   3.) ( 97.,   3.) ( 97.,   3.) ( 94.,   6.) ( 94.,   6.)
 ( 95.,   5.) ( 95.,   5.) ( 97.,   3.) ( 97.,   3.) ( 93.,   7.)
 ( 93.,   7.) ( 90.,  10.) ( 90.,  10.) ( 93.,   7.) ( 93.,   7.)
 ( 87.,  13.) ( 87.,  13.) ( 82.,  18.) ( 82.,  18.) ( 87.,  13.)
 ( 87.,  13.) ( 95.,   5.) ( 95.,   5.) ( 95.,   5.) ( 95.,   5.)
 ( 96.,   4.) ( 96.,   4.) ( 98.,   2.) ( 98.,   2.) ( 97.,   3.)
 ( 97.,   3.) ( 93.,   7.) ( 93.,   7.) ( 95.,   5.) ( 95.,   5.)
 ( 99.,   1.) ( 99.,   1.) ( 93.,   7.) ( 93.,   7.) ( 92.,   8.)
 ( 92.,   8.) ( 93.,   7.) ( 93.,   7.) ( 92.,   8.) ( 92.,   8.)
 ( 91.,   9.) ( 91.,   9.) ( 89.,  11.) ( 89.,  11.) ( 89.,  11.)
 ( 89.,  11.) ( 94.,   6.) ( 94.,   6.) ( 90.,  10.) ( 90.,  10.)
 ( 89.,  11.) ( 89.,  11.) ( 89.,  11.) ( 89.,  11.) ( 96.,   4.)
 ( 96.,   4.) ( 97.,   3.) ( 97.,   3.) ( 94.,   6.) ( 94.,   6.)
 ( 96.,   4.) ( 96.,   4.) ( 96.,   4.) ( 96.,   4.) ( 93.,   7.)
 ( 93.,   7.) ( 92.,   8.) ( 92.,   8.) ( 97.,   3.) ( 97.,   3.)
 ( 99.,   1.) ( 99.,   1.) ( 97.,   3.) ( 97.,   3.) ( 97.,   3.)
 ( 97.,   3.) ( 95.,   5.) ( 95.,   5.) ( 97.,   3.) ( 97.,   3.)
 ( 98.,   2.) ( 98.,   2.) ( 96.,   4.) ( 96.,   4.) ( 96.,   4.)
 ( 96.,   4.) ( 96.,   4.) ( 96.,   4.) ( 92.,   8.) ( 92.,   8.)
 ( 97.,   3.) ( 97.,   3.) ( 98.,   2.) ( 98.,   2.) ( 98.,   2.)
 ( 98.,   2.) ( 96.,   4.) ( 96.,   4.) (100.,   0.) (100.,   0.)
 ( 99.,   1.) ( 99.,   1.) ( 98.,   2.) ( 98.,   2.) ( 98.,   2.)
 ( 98.,   2.) ( 98.,   2.) ( 98.,   2.) ( 97.,   3.) ( 97.,   3.)
 ( 95.,   5.) ( 95.,   5.) ( 96.,   4.) ( 96.,   4.) ( 96.,   4.)
 ( 96.,   4.) ( 97.,   3.) ( 97.,   3.) ( 98.,   2.) ( 98.,   2.)
 ( 98.,   2.) ( 98.,   2.) ( 98.,   2.) ( 98.,   2.) ( 96.,   4.)
 ( 96.,   4.) ( 98.,   2.) ( 98.,   2.) ( 98.,   2.) ( 98.,   2.)
 ( 99.,   1.) ( 99.,   1.) ( 98.,   2.) ( 98.,   2.) ( 95.,   5.)
 ( 95.,   5.) ( 97.,   3.) ( 97.,   3.) ( 97.,   3.) ( 97.,   3.)
 ( 99.,   1.) ( 99.,   1.) ( 99.,   1.) ( 99.,   1.) ( 97.,   3.)
 ( 97.,   3.) ( 96.,   4.) ( 96.,   4.) ( 99.,   1.) ( 99.,   1.)
 ( 97.,   3.) ( 97.,   3.) ( 95.,   5.) ( 95.,   5.) ( 97.,   3.)
 ( 97.,   3.) ( 98.,   2.) ( 98.,   2.) ( 97.,   3.) ( 97.,   3.)
 ( 97.,   3.) ( 97.,   3.) ( 94.,   6.) ( 94.,   6.) ( 97.,   3.)
 ( 97.,   3.) ( 98.,   2.) ( 98.,   2.) ( 98.,   2.) ( 98.,   2.)
 ( 99.,   1.) ( 99.,   1.) ( 95.,   5.) ( 95.,   5.) ( 96.,   4.)
 ( 96.,   4.) ( 96.,   4.) ( 96.,   4.) ( 98.,   2.) ( 98.,   2.)
 ( 98.,   2.) ( 98.,   2.) ( 99.,   1.) ( 99.,   1.) ( 96.,   4.)
 ( 96.,   4.) ( 98.,   2.) ( 98.,   2.) ( 95.,   5.) ( 95.,   5.)
 ( 99.,   1.) ( 99.,   1.) ( 99.,   1.) ( 99.,   1.) ( 94.,   6.)
 ( 94.,   6.) ( 96.,   4.) ( 96.,   4.) ( 92.,   8.) ( 92.,   8.)
 ( 96.,   4.) ( 96.,   4.) ( 99.,   1.) ( 99.,   1.) ( 98.,   2.)
 ( 98.,   2.) ( 98.,   2.) ( 98.,   2.) ( 96.,   4.) ( 96.,   4.)
 ( 99.,   1.) ( 99.,   1.) ( 94.,   6.) ( 94.,   6.) ( 99.,   1.)
 ( 99.,   1.) ( 97.,   3.) ( 97.,   3.) ( 94.,   6.) ( 94.,   6.)
 ( 98.,   2.) ( 98.,   2.) ( 97.,   3.) ( 97.,   3.) ( 98.,   2.)
 ( 98.,   2.) ( 98.,   2.) ( 98.,   2.) ( 97.,   3.) ( 97.,   3.)
 ( 98.,   2.) ( 98.,   2.) ( 98.,   2.) ( 98.,   2.) ( 97.,   3.)
 ( 97.,   3.) ( 99.,   1.) ( 99.,   1.) ( 99.,   1.) ( 99.,   1.)
 ( 95.,   5.) ( 95.,   5.) ( 97.,   3.) ( 97.,   3.) ( 98.,   2.)
 ( 98.,   2.) ( 95.,   5.) ( 95.,   5.) ( 99.,   1.) ( 99.,   1.)
 ( 97.,   3.) ( 97.,   3.) ( 96.,   4.) ( 96.,   4.) ( 98.,   2.)
 ( 98.,   2.) ( 98.,   2.) ( 98.,   2.) ( 92.,   8.) ( 92.,   8.)
 ( 95.,   5.) ( 95.,   5.) ( 98.,   2.) ( 98.,   2.) ( 99.,   1.)
 ( 99.,   1.) ( 96.,   4.) ( 96.,   4.) ( 98.,   2.) ( 98.,   2.)
 ( 92.,   8.) ( 92.,   8.) ( 94.,   6.) ( 94.,   6.) ( 96.,   4.)
 ( 96.,   4.) ( 98.,   2.) ( 98.,   2.) ( 95.,   5.) ( 95.,   5.)
 ( 97.,   3.) ( 97.,   3.) ( 98.,   2.) ( 98.,   2.) ( 94.,   6.)
 ( 94.,   6.) ( 96.,   4.) ( 96.,   4.) ( 99.,   1.) ( 99.,   1.)
 ( 96.,   4.) ( 96.,   4.) ( 97.,   3.) ( 97.,   3.) ( 97.,   3.)
 ( 97.,   3.) ( 96.,   4.) ( 96.,   4.) ( 96.,   4.) ( 96.,   4.)
 ( 97.,   3.) ( 97.,   3.) ( 98.,   2.) ( 98.,   2.) ( 98.,   2.)
 ( 98.,   2.) ( 99.,   1.) ( 99.,   1.) ( 99.,   1.) ( 99.,   1.)
 ( 99.,   1.) ( 99.,   1.) ( 96.,   4.) ( 96.,   4.) ( 98.,   2.)
 ( 98.,   2.) ( 99.,   1.) ( 99.,   1.) ( 97.,   3.) ( 97.,   3.)
 ( 99.,   1.) ( 99.,   1.) ( 97.,   3.) ( 97.,   3.) ( 98.,   2.)
 ( 98.,   2.) ( 96.,   4.) ( 96.,   4.) ( 98.,   2.) ( 98.,   2.)
 ( 99.,   1.) ( 99.,   1.) ( 97.,   3.) ( 97.,   3.) ( 95.,   5.)
 ( 95.,   5.) ( 96.,   4.) ( 96.,   4.) ( 95.,   5.) ( 95.,   5.)
 ( 98.,   2.) ( 98.,   2.) ( 96.,   4.) ( 96.,   4.) ( 92.,   8.)
 ( 92.,   8.) ( 96.,   4.) ( 96.,   4.) ( 96.,   4.) ( 96.,   4.)
 ( 97.,   3.) ( 97.,   3.) ( 97.,   3.) ( 97.,   3.) ( 99.,   1.)
 ( 99.,   1.) ( 98.,   2.) ( 98.,   2.) ( 98.,   2.) ( 98.,   2.)
 ( 96.,   4.) ( 96.,   4.) ( 98.,   2.) ( 98.,   2.) ( 97.,   3.)
 ( 97.,   3.) ( 98.,   2.) ( 98.,   2.) ( 97.,   3.) ( 97.,   3.)
 ( 98.,   2.) ( 98.,   2.) ( 96.,   4.) ( 96.,   4.) ( 99.,   1.)
 ( 99.,   1.) ( 98.,   2.) ( 98.,   2.) ( 98.,   2.) ( 98.,   2.)
 ( 98.,   2.) ( 98.,   2.) ( 97.,   3.) ( 97.,   3.) ( 97.,   3.)
 ( 97.,   3.) (100.,   0.) (100.,   0.) ( 96.,   4.) ( 96.,   4.)
 ( 98.,   2.) ( 98.,   2.) ( 96.,   4.) ( 96.,   4.) ( 99.,   1.)
 ( 99.,   1.) ( 95.,   5.) ( 95.,   5.) ( 96.,   4.) ( 96.,   4.)
 ( 99.,   1.) ( 99.,   1.) ( 98.,   2.) ( 98.,   2.) ( 97.,   3.)
 ( 97.,   3.) ( 97.,   3.) ( 97.,   3.) ( 98.,   2.) ( 98.,   2.)
 ( 98.,   2.) ( 98.,   2.) ( 97.,   3.) ( 97.,   3.) ( 96.,   4.)
 ( 96.,   4.) ( 96.,   4.) ( 96.,   4.) ( 96.,   4.) ( 96.,   4.)
 ( 96.,   4.) ( 96.,   4.) ( 98.,   2.) ( 98.,   2.) ( 97.,   3.)
 ( 97.,   3.) ( 98.,   2.) ( 98.,   2.) ( 99.,   1.) ( 99.,   1.)
 ( 98.,   2.) ( 98.,   2.) ( 98.,   2.) ( 98.,   2.) ( 96.,   4.)
 ( 96.,   4.) (100.,   0.) (100.,   0.) ( 95.,   5.) ( 95.,   5.)
 ( 96.,   4.) ( 96.,   4.) ( 93.,   7.) ( 93.,   7.) ( 95.,   5.)
 ( 95.,   5.) ( 96.,   4.) ( 96.,   4.) ( 99.,   1.) ( 99.,   1.)
 ( 95.,   5.) ( 95.,   5.) ( 99.,   1.) ( 99.,   1.) ( 97.,   3.)
 ( 97.,   3.) ( 97.,   3.) ( 97.,   3.) ( 98.,   2.) ( 98.,   2.)
 ( 96.,   4.) ( 96.,   4.) ( 99.,   1.) ( 99.,   1.) ( 98.,   2.)
 ( 98.,   2.) ( 99.,   1.) ( 99.,   1.) ( 97.,   3.) ( 97.,   3.)
 ( 98.,   2.) ( 98.,   2.) ( 99.,   1.) ( 99.,   1.) ( 99.,   1.)
 ( 99.,   1.) ( 98.,   2.) ( 98.,   2.) ( 97.,   3.) ( 97.,   3.)
 ( 99.,   1.) ( 99.,   1.) ( 96.,   4.) ( 96.,   4.) ( 98.,   2.)
 ( 98.,   2.) ( 97.,   3.) ( 97.,   3.) ( 97.,   3.) ( 97.,   3.)
 ( 96.,   4.) ( 96.,   4.) ( 98.,   2.) ( 98.,   2.) ( 98.,   2.)
 ( 98.,   2.) ( 95.,   5.) ( 95.,   5.) ( 96.,   4.) ( 96.,   4.)
 ( 99.,   1.) ( 99.,   1.) ( 98.,   2.) ( 98.,   2.) ( 95.,   5.)
 ( 95.,   5.) ( 96.,   4.) ( 96.,   4.) ( 97.,   3.) ( 97.,   3.)
 ( 97.,   3.) ( 97.,   3.) ( 99.,   1.) ( 99.,   1.) ( 98.,   2.)
 ( 98.,   2.) ( 98.,   2.) ( 98.,   2.) ( 97.,   3.) ( 97.,   3.)
 ( 97.,   3.) ( 97.,   3.) ( 98.,   2.) ( 98.,   2.) ( 99.,   1.)
 ( 99.,   1.) ( 99.,   1.) ( 99.,   1.) ( 99.,   1.) ( 99.,   1.)
 ( 94.,   6.) ( 94.,   6.) ( 99.,   1.) ( 99.,   1.) ( 98.,   2.)
 ( 98.,   2.) ( 98.,   2.) ( 98.,   2.) ( 99.,   1.) ( 99.,   1.)
 ( 98.,   2.) ( 98.,   2.) ( 97.,   3.) ( 97.,   3.) ( 95.,   5.)
 ( 95.,   5.) ( 97.,   3.) ( 97.,   3.) ( 97.,   3.) ( 97.,   3.)
 ( 96.,   4.) ( 96.,   4.) ( 99.,   1.) ( 99.,   1.) ( 98.,   2.)
 ( 98.,   2.) ( 97.,   3.) ( 97.,   3.) ( 94.,   6.) ( 94.,   6.)
 ( 98.,   2.) ( 98.,   2.) ( 98.,   2.) ( 98.,   2.) ( 99.,   1.)
 ( 99.,   1.) ( 96.,   4.) ( 96.,   4.) ( 97.,   3.) ( 97.,   3.)
 ( 98.,   2.) ( 98.,   2.) ( 99.,   1.) ( 99.,   1.) ( 98.,   2.)
 ( 98.,   2.) ( 97.,   3.) ( 97.,   3.) ( 96.,   4.) ( 96.,   4.)
 ( 96.,   4.) ( 96.,   4.) ( 99.,   1.) ( 99.,   1.) ( 97.,   3.)
 ( 97.,   3.) ( 97.,   3.) ( 97.,   3.) ( 99.,   1.) ( 99.,   1.)
 ( 97.,   3.) ( 97.,   3.) (100.,   0.) (100.,   0.) ( 99.,   1.)
 ( 99.,   1.) ( 99.,   1.) ( 99.,   1.) ( 96.,   4.) ( 96.,   4.)
 ( 96.,   4.) ( 96.,   4.) ( 98.,   2.) ( 98.,   2.) ( 99.,   1.)
 ( 99.,   1.) ( 99.,   1.) ( 99.,   1.) ( 97.,   3.) ( 97.,   3.)
 ( 99.,   1.) ( 99.,   1.) ( 95.,   5.) ( 95.,   5.) ( 97.,   3.)
 ( 97.,   3.) ( 97.,   3.) ( 97.,   3.) (100.,   0.) (100.,   0.)
 ( 98.,   2.) ( 98.,   2.) ( 95.,   5.) ( 95.,   5.) ( 98.,   2.)
 ( 98.,   2.) ( 95.,   5.) ( 95.,   5.) ( 96.,   4.) ( 96.,   4.)
 ( 96.,   4.) ( 96.,   4.) ( 97.,   3.) ( 97.,   3.) ( 96.,   4.)
 ( 96.,   4.) ( 97.,   3.) ( 97.,   3.) ( 97.,   3.) ( 97.,   3.)
 ( 95.,   5.) ( 95.,   5.) ( 97.,   3.) ( 97.,   3.) ( 99.,   1.)
 ( 99.,   1.) ( 98.,   2.) ( 98.,   2.) ( 98.,   2.) ( 98.,   2.)
 ( 98.,   2.) ( 98.,   2.) ( 95.,   5.) ( 95.,   5.) ( 99.,   1.)
 ( 99.,   1.) ( 95.,   5.) ( 95.,   5.) ( 99.,   1.) ( 99.,   1.)
 (100.,   0.) (100.,   0.) ( 98.,   2.) ( 98.,   2.) ( 99.,   1.)
 ( 99.,   1.) ( 97.,   3.) ( 97.,   3.) ( 95.,   5.) ( 95.,   5.)
 ( 97.,   3.) ( 97.,   3.) ( 98.,   2.) ( 98.,   2.) ( 96.,   4.)
 ( 96.,   4.) ( 96.,   4.) ( 96.,   4.) ( 93.,   7.) ( 93.,   7.)
 ( 96.,   4.) ( 96.,   4.) ( 96.,   4.) ( 96.,   4.) ( 96.,   4.)
 ( 96.,   4.) ( 96.,   4.) ( 96.,   4.) ( 92.,   8.) ( 92.,   8.)
 ( 97.,   3.) ( 97.,   3.) ( 98.,   2.) ( 98.,   2.) ( 99.,   1.)
 ( 99.,   1.) ( 96.,   4.) ( 96.,   4.) ( 97.,   3.) ( 97.,   3.)
 ( 97.,   3.) ( 97.,   3.) ( 98.,   2.) ( 98.,   2.) (100.,   0.)
 (100.,   0.) (100.,   0.) (100.,   0.) ( 97.,   3.) ( 97.,   3.)
 ( 95.,   5.) ( 95.,   5.) ( 96.,   4.) ( 96.,   4.) ( 99.,   1.)
 ( 99.,   1.) ( 98.,   2.) ( 98.,   2.) ( 97.,   3.) ( 97.,   3.)
 ( 98.,   2.) ( 98.,   2.) ( 98.,   2.) ( 98.,   2.) ( 97.,   3.)
 ( 97.,   3.) ( 98.,   2.) ( 98.,   2.) ( 96.,   4.) ( 96.,   4.)
 ( 96.,   4.) ( 96.,   4.) ( 98.,   2.) ( 98.,   2.) ( 96.,   4.)
 ( 96.,   4.) ( 97.,   3.) ( 97.,   3.) ( 95.,   5.) ( 95.,   5.)
 ( 95.,   5.) ( 95.,   5.) ( 98.,   2.) ( 98.,   2.) ( 97.,   3.)
 ( 97.,   3.) ( 98.,   2.) ( 98.,   2.) ( 97.,   3.) ( 97.,   3.)
 ( 99.,   1.) ( 99.,   1.) ( 97.,   3.) ( 97.,   3.) (100.,   0.)
 (100.,   0.) ( 96.,   4.) ( 96.,   4.) ( 99.,   1.) ( 99.,   1.)
 ( 99.,   1.) ( 99.,   1.) ( 96.,   4.) ( 96.,   4.) ( 99.,   1.)
 ( 99.,   1.) ( 98.,   2.) ( 98.,   2.) ( 99.,   1.) ( 99.,   1.)
 ( 96.,   4.) ( 96.,   4.) ( 98.,   2.) ( 98.,   2.) ( 98.,   2.)
 ( 98.,   2.) ( 97.,   3.) ( 97.,   3.) ( 95.,   5.) ( 95.,   5.)
 ( 99.,   1.) ( 99.,   1.) ( 94.,   6.) ( 94.,   6.) ( 98.,   2.)
 ( 98.,   2.) ( 99.,   1.) ( 99.,   1.) ( 98.,   2.) ( 98.,   2.)
 ( 99.,   1.) ( 99.,   1.) ( 97.,   3.) ( 97.,   3.) ( 98.,   2.)
 ( 98.,   2.) ( 96.,   4.) ( 96.,   4.) ( 97.,   3.) ( 97.,   3.)
 ( 97.,   3.) ( 97.,   3.) ( 98.,   2.) ( 98.,   2.) ( 99.,   1.)
 ( 99.,   1.) ( 99.,   1.) ( 99.,   1.) ( 96.,   4.) ( 96.,   4.)
 ( 97.,   3.) ( 97.,   3.) ( 97.,   3.) ( 97.,   3.) ( 99.,   1.)
 ( 99.,   1.) ( 96.,   4.) ( 96.,   4.) ( 96.,   4.) ( 96.,   4.)
 ( 97.,   3.) ( 97.,   3.) ( 97.,   3.) ( 97.,   3.) ( 99.,   1.)
 ( 99.,   1.) ( 96.,   4.) ( 96.,   4.) ( 96.,   4.) ( 96.,   4.)
 ( 97.,   3.) ( 97.,   3.) ( 96.,   4.) ( 96.,   4.) ( 98.,   2.)
 ( 98.,   2.) (100.,   0.) (100.,   0.) ( 98.,   2.) ( 98.,   2.)
 ( 99.,   1.) ( 99.,   1.) ( 97.,   3.) ( 97.,   3.) ( 99.,   1.)
 ( 99.,   1.) ( 98.,   2.) ( 98.,   2.) ( 98.,   2.) ( 98.,   2.)
 ( 98.,   2.) ( 98.,   2.) ( 98.,   2.) ( 98.,   2.) ( 97.,   3.)
 ( 97.,   3.) ( 97.,   3.) ( 97.,   3.) ( 97.,   3.) ( 97.,   3.)
 ( 94.,   6.) ( 94.,   6.) ( 98.,   2.) ( 98.,   2.) ( 94.,   6.)
 ( 94.,   6.) ( 97.,   3.) ( 97.,   3.) ( 97.,   3.) ( 97.,   3.)
 ( 99.,   1.) ( 99.,   1.) ( 98.,   2.) ( 98.,   2.) ( 98.,   2.)
 ( 98.,   2.) ( 95.,   5.) ( 95.,   5.) ( 98.,   2.) ( 98.,   2.)
 ( 98.,   2.) ( 98.,   2.) ( 98.,   2.) ( 98.,   2.) ( 99.,   1.)
 ( 99.,   1.) ( 98.,   2.) ( 98.,   2.) ( 99.,   1.) ( 99.,   1.)
 ( 98.,   2.) ( 98.,   2.) ( 98.,   2.) ( 98.,   2.) ( 97.,   3.)
 ( 97.,   3.)] 
Solution Description: 
p: [  0.          34.54727937  34.57573607  51.92786196  81.59228374
 155.57063519 223.5015181  223.50153601 249.07945437 268.55303819
   0.         146.96801308 206.05381337 206.84442422 218.96809858
 278.11743369 304.67771355 314.29782189 455.9727445  469.20932366
 469.8439078  509.90201327 525.0680433    0.          69.21396463
 121.38532547 122.74446726 251.88139384 267.44775734 267.71470255
 283.54173402 296.55348676 367.20164374 385.54878702 385.82660533
 410.68991671 410.93605154   0.          16.69825392  27.20926776
  65.13605994 199.29470812 201.55341283 201.55853604 201.5841053
 218.838623   272.30970712 279.51532117 379.29793104 432.24259321
 432.37365643 440.66603012] 
pred: [ 0  0  0  0  0  0  0  0  7  7  0  0  0  0  0  4  4  4  7  7  7  7  7  0
  0  0  0  3  3  3  3  3  8  8  8  8  8  0  0  1  1  1  1  1  1  1  1  1
 10 10 10 10] 
distance [  0.          34.54727937  34.57573607  51.92786196  81.59228374
 155.57063519 223.5015181  223.50153601  25.57791837  45.05150218
   0.         146.96801308 206.05381337 206.84442422 218.96809858
  59.14933511  85.70961497  95.32972331 141.67492261 154.91150177
 155.54608591 195.60419138 210.77022141   0.          69.21396463
 121.38532547 122.74446726 129.13692659 144.70329008 144.97023529
 160.79726676 173.8090195   70.64815698  88.99530026  89.27311857
 114.13642995 114.38256477   0.          16.69825392  10.51101384
  48.43780602 182.5964542  184.85515891 184.86028212 184.88585138
 202.14036908 255.6114532  262.81706725  99.78260987 152.72727204
 152.85833526 161.15070895]
load: [  0  13  27  40  48  53  56  67  22  29   0  19  44  68  84   5  21  42
  21  27  46  56  72   0  17  22  47   9  28  44  64  76  10  13  23  32
  41   0  13   8  12  32  44  50  64  78  93 108  22  47  65  78] 
time: [  0.          80.         159.         178.42506149 203.
 250.64014251 319.         415.25866313 182.         397.
   0.         169.         414.         459.         518.10459408
 160.         398.         455.04593794 115.         271.
 308.         414.         443.16015238   0.         434.
 475.95303324 534.60312924 108.         140.15799758 192.
 220.52726534 399.         200.         216.17438854 321.
 362.93620794 382.17670435   0.         375.         121.
 226.         320.84611512 335.07752032 375.42804328 391.80266126
 425.01261394 465.82434144 504.75110241  75.         140.7399279
 156.55093054 208.18248447] 
time warps: [0 0 0 0 0 0 0 0 0 0 0 0 0 0 0 0 0 0 0 0 0 0 0 0 0 0 0 0 0 0 0 0 0 0 0 0 0
 0 0 0 0 0 0 0 0 0 0 0 0 0 0 0] 
duration: [  0.          41.54727937 107.11434586 130.46647176 172.34383155
 270.322183   353.67403663 362.67405454  31.57791837 254.31409503
   0.         163.96801308 400.2083872  443.86619734 456.98987169
  76.14933511 327.21265847 359.83276681 151.67492261 314.22121291
 344.38645036 416.24703554 452.41306557   0.          84.21396463
 139.38532547 158.74446726 131.13692659 167.70329008 193.01987139
 216.84690286 373.90792672  77.64815698  99.99530026 191.17055234
 232.03386373 238.27999855   0.          26.69825392  17.51101384
 155.03431469 294.19296287 297.45166758 299.4567908  319.48236005
 340.73687775 412.20796187 441.41357592 124.78260987 186.72727204
 187.85833526 218.15070895]

All individuals: [(31, [ 9, 12, 13, 14,  9, 35,  7, 41,  4, 19, 37, 34, 11, 46, 21, 43, 32,  6, 27, 22, 47, 12, 24, 48,  3, 18, 17, 16, 13, 33, 20, 29,  1, 31, 44, 36, 14, 28, 30,  2, 15,  8,  5, 26, 23, 25, 40, 38, 42, 45, 10, 39], 1645.22316315, 1645.22316315, 0.,  0.        , 0., 0., 0, 0, 0.)
 (31, [ 9, 12, 13, 14,  9, 35,  7, 41,  4, 19, 37, 34, 11, 46, 21, 43, 32,  6, 27, 22, 47, 12, 24, 48,  3, 18, 17, 16, 13, 33, 20, 29,  1, 31, 44, 36, 14, 28, 30,  2, 15,  8,  5, 26, 23, 25, 40, 38, 42, 45, 10, 39], 1645.22316315, 1645.22316315, 0.,  0.        , 0., 0., 0, 0, 0.)
 (31, [ 9, 12, 13, 14,  9, 35,  7, 41,  4, 19, 37, 34, 11, 46, 21, 43, 32,  6, 27, 22, 47, 12, 24, 48,  3, 18, 17, 16, 13, 33, 20, 29,  1, 31, 44, 36, 14, 28, 30,  2, 15,  8,  5, 26, 23, 25, 40, 38, 42, 45, 10, 39], 1645.22316315, 1645.22316315, 0.,  0.        , 0., 0., 0, 0, 0.)
 (31, [ 9, 12, 13, 14,  9, 35,  7, 41,  4, 19, 37, 34, 11, 46, 21, 43, 32,  6, 27, 22, 47, 12, 24, 48,  3, 18, 17, 16, 13, 33, 20, 29,  1, 31, 44, 36, 14, 28, 30,  2, 15,  8,  5, 26, 23, 25, 40, 38, 42, 45, 10, 39], 1645.22316315, 1645.22316315, 0.,  0.        , 0., 0., 0, 0, 0.)
 (31, [ 9, 12, 13, 14,  9, 35,  7, 41,  4, 19, 37, 34, 11, 46, 21, 43, 32,  6, 27, 22, 47, 12, 24, 48,  3, 18, 17, 16, 13, 33, 20, 29,  1, 31, 44, 36, 14, 28, 30,  2, 15,  8,  5, 26, 23, 25, 40, 38, 42, 45, 10, 39], 1645.22316315, 1645.22316315, 0.,  0.        , 0., 0., 0, 0, 0.)
 (31, [ 9, 12, 13, 14,  9, 35,  7, 41,  4, 19, 37, 34, 11, 46, 21, 43, 32,  6, 27, 22, 47, 12, 24, 48,  3, 18, 17, 16, 13, 33, 20, 29,  1, 31, 44, 36, 14, 28, 30,  2, 15,  8,  5, 26, 23, 25, 40, 38, 42, 45, 10, 39], 1645.22316315, 1645.22316315, 0.,  0.        , 0., 0., 0, 0, 0.)
 (31, [ 9, 12, 13, 14,  9, 35,  7, 41,  4, 19, 37, 34, 11, 46, 21, 43, 32,  6, 27, 22, 47, 12, 24, 48,  3, 16, 17, 18, 13, 33, 20, 29,  1, 31, 44, 36, 14, 28, 30,  2, 15,  8,  5, 26, 23, 25, 40, 38, 42, 45, 10, 39], 1645.22316315, 1645.22316315, 0.,  0.        , 0., 0., 0, 0, 0.)
 (31, [ 9, 12, 13, 14,  9, 35,  7, 41,  4, 19, 37, 34, 11, 46, 21, 43, 32,  6, 27, 22, 47, 12, 24, 48,  3, 16, 17, 18, 13, 33, 20, 29,  1, 31, 44, 36, 14, 28, 30,  2, 15,  8,  5, 26, 23, 25, 40, 38, 42, 45, 10, 39], 1645.22316315, 1645.22316315, 0.,  0.        , 0., 0., 0, 0, 0.)
 (31, [ 9, 12, 13, 14,  9, 35,  7, 41,  4, 19, 37, 34, 11, 46, 21, 43, 32,  6, 27, 22, 47, 12, 24, 48,  3, 16, 17, 18, 13, 33, 20, 29,  1, 31, 44, 36, 14, 28, 30,  2, 15,  8,  5, 26, 23, 25, 40, 38, 42, 45, 10, 39], 1645.22316315, 1645.22316315, 0.,  0.        , 0., 0., 0, 0, 0.)
 (31, [ 9, 12, 13, 14,  9, 35,  7, 41,  4, 19, 37, 34, 11, 46, 21, 43, 32,  6, 27, 22, 47, 12, 24, 48,  3, 16, 17, 18, 13, 33, 20, 29,  1, 31, 44, 36, 14, 28, 30,  2, 15,  8,  5, 26, 23, 25, 40, 38, 42, 45, 10, 39], 1645.22316315, 1645.22316315, 0.,  0.        , 0., 0., 0, 0, 0.)
 (31, [ 9, 12, 13, 14,  9, 35,  7, 41,  4, 19, 37, 34, 11, 46, 21, 43, 32,  6, 27, 22, 47, 12, 24, 48,  3, 18, 17, 16, 13, 33, 20, 29,  1, 31, 44, 36, 14, 28, 30,  2, 15,  8,  5, 26, 23, 25, 40, 38, 42, 45, 10, 39], 1645.22316315, 1645.22316315, 0.,  0.        , 0., 0., 0, 0, 0.)
 (31, [ 9, 12, 13, 14,  9, 35,  7, 41,  4, 19, 37, 34, 11, 46, 21, 43, 32,  6, 27, 22, 47, 12, 24, 48,  3, 18, 17, 16, 13, 33, 20, 29,  1, 31, 44, 36, 14, 28, 30,  2, 15,  8,  5, 26, 23, 25, 40, 38, 42, 45, 10, 39], 1645.22316315, 1645.22316315, 0.,  0.        , 0., 0., 0, 0, 0.)
 (31, [ 9, 12, 13, 14,  9, 35,  7, 41,  4, 19, 37, 34, 11, 46, 21, 43, 32,  6, 27, 22, 47, 12, 24, 48,  3, 18, 17, 16, 13, 33, 20, 29,  1, 31, 44, 36, 14, 28, 30,  2, 15,  8,  5, 26, 23, 25, 40, 38, 42, 45, 10, 39], 1645.22316315, 1645.22316315, 0.,  0.        , 0., 0., 0, 0, 0.)
 (31, [ 9, 12, 13, 14,  9, 35,  7, 41,  4, 19, 37, 34, 11, 46, 21, 43, 32,  6, 27, 22, 47, 12, 24, 48,  3, 18, 17, 16, 13, 33, 20, 29,  1, 31, 44, 36, 14, 28, 30,  2, 15,  8,  5, 26, 23, 25, 40, 38, 42, 45, 10, 39], 1645.22316315, 1645.22316315, 0.,  0.        , 0., 0., 0, 0, 0.)
 (31, [ 9, 12, 13, 14,  9, 35,  7, 41,  4, 19, 37, 34, 11, 46, 21, 43, 32,  6, 27, 22, 47, 12, 24, 48,  3, 16, 17, 18, 13, 33, 20, 29,  1, 31, 44, 36, 14, 28, 30,  2, 15,  8,  5, 26, 23, 25, 40, 38, 42, 45, 10, 39], 1645.22316315, 1645.22316315, 0.,  0.        , 0., 0., 0, 0, 0.)
 (31, [ 9, 12, 13, 14,  9, 35,  7, 41,  4, 19, 37, 34, 11, 46, 21, 43, 32,  6, 27, 22, 47, 12, 24, 48,  3, 16, 17, 18, 13, 33, 20, 29,  1, 31, 44, 36, 14, 28, 30,  2, 15,  8,  5, 26, 23, 25, 40, 38, 42, 45, 10, 39], 1645.22316315, 1645.22316315, 0.,  0.        , 0., 0., 0, 0, 0.)
 (31, [ 9, 12, 13, 14,  9, 35,  7, 41,  4, 19, 37, 34, 11, 46, 21, 43, 32,  6, 27, 22, 47, 12, 24, 48,  3, 18, 17, 16, 13, 33, 20, 29,  1, 31, 44, 36, 14, 28, 30,  2, 15,  8,  5, 26, 23, 25, 40, 38, 42, 45, 10, 39], 1645.22316315, 1645.22316315, 0.,  0.        , 0., 0., 0, 0, 0.)
 (31, [ 9, 12, 13, 14,  9, 35,  7, 41,  4, 19, 37, 34, 11, 46, 21, 43, 32,  6, 27, 22, 47, 12, 24, 48,  3, 18, 17, 16, 13, 33, 20, 29,  1, 31, 44, 36, 14, 28, 30,  2, 15,  8,  5, 26, 23, 25, 40, 38, 42, 45, 10, 39], 1645.22316315, 1645.22316315, 0.,  0.        , 0., 0., 0, 0, 0.)
 (31, [ 9, 12, 13, 14,  9, 35,  7, 41,  4, 19, 37, 34, 11, 46, 21, 43, 32,  6, 27, 22, 47, 12, 24, 48,  3, 18, 17, 16, 13, 33, 20, 29,  1, 31, 44, 36, 14, 28, 30,  2, 15,  8,  5, 26, 23, 25, 40, 38, 42, 45, 10, 39], 1645.22316315, 1645.22316315, 0.,  0.        , 0., 0., 0, 0, 0.)
 (31, [ 9, 12, 13, 14,  9, 35,  7, 41,  4, 19, 37, 34, 11, 46, 21, 43, 32,  6, 27, 22, 47, 12, 24, 48,  3, 18, 17, 16, 13, 33, 20, 29,  1, 31, 44, 36, 14, 28, 30,  2, 15,  8,  5, 26, 23, 25, 40, 38, 42, 45, 10, 39], 1645.22316315, 1645.22316315, 0.,  0.        , 0., 0., 0, 0, 0.)
 (31, [ 9, 12, 13, 14,  9, 35,  7, 41,  4, 19, 37, 34, 11, 46, 21, 43, 32,  6, 27, 22, 47, 12, 24, 48,  3, 18, 17, 16, 13, 33, 20, 29,  1, 31, 44, 36, 14, 28, 30,  2, 15,  8,  5, 26, 23, 25, 40, 38, 42, 45, 10, 39], 1645.22316315, 1645.22316315, 0.,  0.        , 0., 0., 0, 0, 0.)
 (31, [ 9, 12, 13, 14,  9, 35,  7, 41,  4, 19, 37, 34, 11, 46, 21, 43, 32,  6, 27, 22, 47, 12, 24, 48,  3, 18, 17, 16, 13, 33, 20, 29,  1, 31, 44, 36, 14, 28, 30,  2, 15,  8,  5, 26, 23, 25, 40, 38, 42, 45, 10, 39], 1645.22316315, 1645.22316315, 0.,  0.        , 0., 0., 0, 0, 0.)
 (31, [ 9, 12, 13, 14,  9, 35,  7, 41,  4, 19, 37, 34, 11, 46, 21, 43, 32,  6, 27, 22, 47, 12, 24, 48,  3, 18, 17, 16, 13, 33, 20, 29,  1, 31, 44, 36, 14, 28, 30,  2, 15,  8,  5, 26, 23, 25, 40, 38, 42, 45, 10, 39], 1645.22316315, 1645.22316315, 0.,  0.        , 0., 0., 0, 0, 0.)
 (31, [ 9, 12, 13, 14,  9, 35,  7, 41,  4, 19, 37, 34, 11, 46, 21, 43, 32,  6, 27, 22, 47, 12, 24, 48,  3, 18, 17, 16, 13, 33, 20, 29,  1, 31, 44, 36, 14, 28, 30,  2, 15,  8,  5, 26, 23, 25, 40, 38, 42, 45, 10, 39], 1645.22316315, 1645.22316315, 0.,  0.        , 0., 0., 0, 0, 0.)
 (31, [ 9, 12, 13, 14,  9, 35,  7, 41,  4, 19, 37, 34, 11, 46, 21, 43, 32,  6, 27, 22, 47, 12, 24, 48,  3, 18, 17, 16, 13, 33, 20, 29,  1, 31, 44, 36, 14, 28, 30,  2, 15,  8,  5, 26, 23, 25, 40, 38, 42, 45, 10, 39], 1645.22316315, 1645.22316315, 0.,  0.        , 0., 0., 0, 0, 0.)
 (31, [ 9, 12, 13, 14,  9, 35,  7, 41,  4, 19, 37, 34, 11, 46, 21, 43, 32,  6, 27, 22, 47, 12, 24, 48,  3, 18, 17, 16, 13, 33, 20, 29,  1, 31, 44, 36, 14, 28, 30,  2, 15,  8,  5, 26, 23, 25, 40, 38, 42, 45, 10, 39], 1645.22316315, 1645.22316315, 0.,  0.        , 0., 0., 0, 0, 0.)
 (31, [ 9, 12, 13, 14,  9, 35,  7, 41,  4, 19, 37, 34, 11, 46, 21, 43, 32,  6, 27, 22, 47, 12, 24, 48,  3, 18, 17, 16, 13, 33, 20, 29,  1, 31, 44, 36, 14, 28, 30,  2, 15,  8,  5, 26, 23, 25, 40, 38, 42, 45, 10, 39], 1645.22316315, 1645.22316315, 0.,  0.        , 0., 0., 0, 0, 0.)
 (31, [ 9, 12, 13, 14,  9, 35,  7, 41,  4, 19, 37, 34, 11, 46, 21, 43, 32,  6, 27, 22, 47, 12, 24, 48,  3, 18, 17, 16, 13, 33, 20, 29,  1, 31, 44, 36, 14, 28, 30,  2, 15,  8,  5, 26, 23, 25, 40, 38, 42, 45, 10, 39], 1645.22316315, 1645.22316315, 0.,  0.        , 0., 0., 0, 0, 0.)
 (31, [ 9, 12, 13, 14,  9, 35,  7, 41,  4, 19, 37, 34, 11, 46, 21, 43, 32,  6, 27, 22, 47, 12, 24, 48,  3, 18, 17, 16, 13, 33, 20, 29,  1, 31, 44, 36, 14, 28, 30,  2, 15,  8,  5, 26, 23, 25, 40, 38, 42, 45, 10, 39], 1645.22316315, 1645.22316315, 0.,  0.        , 0., 0., 0, 0, 0.)
 (31, [ 9, 12, 13, 14,  9, 35,  7, 41,  4, 19, 37, 34, 11, 46, 21, 43, 32,  6, 27, 22, 47, 12, 24, 48,  3, 18, 17, 16, 13, 33, 20, 29,  1, 31, 44, 36, 14, 28, 30,  2, 15,  8,  5, 26, 23, 25, 40, 38, 42, 45, 10, 39], 1645.22316315, 1645.22316315, 0.,  0.        , 0., 0., 0, 0, 0.)
 (31, [ 9, 12, 13, 14,  9, 35,  7, 41,  4, 19, 37, 34, 11, 46, 21, 43, 32,  6, 27, 22, 47, 12, 24, 48,  3, 18, 17, 16, 13, 33, 20, 29,  1, 31, 44, 36, 14, 28, 30,  2, 15,  8,  5, 26, 23, 25, 40, 38, 42, 45, 10, 39], 1645.22316315, 1645.22316315, 0.,  0.        , 0., 0., 0, 0, 0.)
 (31, [ 9, 12, 13, 14,  9, 35,  7, 41,  4, 19, 37, 34, 11, 46, 21, 43, 32,  6, 27, 22, 47, 12, 24, 48,  3, 18, 17, 16, 13, 33, 20, 29,  1, 31, 44, 36, 14, 28, 30,  2, 15,  8,  5, 26, 23, 25, 40, 38, 42, 45, 10, 39], 1645.22316315, 1645.22316315, 0.,  0.        , 0., 0., 0, 0, 0.)
 (31, [ 9, 12, 13, 14,  9, 35,  7, 41,  4, 19, 37, 34, 11, 46, 21, 43, 32,  6, 27, 22, 47, 12, 24, 48,  3, 18, 17, 16, 13, 33, 20, 29,  1, 31, 44, 36, 14, 28, 30,  2, 15,  8,  5, 26, 23, 25, 40, 38, 42, 45, 10, 39], 1645.22316315, 1645.22316315, 0.,  0.        , 0., 0., 0, 0, 0.)
 (31, [ 9, 12, 13, 14,  9, 35,  7, 41,  4, 19, 37, 34, 11, 46, 21, 43, 32,  6, 27, 22, 47, 12, 24, 48,  3, 18, 17, 16, 13, 33, 20, 29,  1, 31, 44, 36, 14, 28, 30,  2, 15,  8,  5, 26, 23, 25, 40, 38, 42, 45, 10, 39], 1645.22316315, 1645.22316315, 0.,  0.        , 0., 0., 0, 0, 0.)
 (31, [ 9, 12, 13, 14,  9, 35,  7, 41,  4, 19, 37, 34, 11, 46, 21, 43, 32,  6, 27, 22, 47, 12, 24, 48,  3, 18, 17, 16, 13, 33, 20, 29,  1, 31, 44, 36, 14, 28, 30,  2, 15,  8,  5, 26, 23, 25, 40, 38, 42, 45, 10, 39], 1645.22316315, 1645.22316315, 0.,  0.        , 0., 0., 0, 0, 0.)
 (31, [ 9, 12, 13, 14,  9, 35,  7, 41,  4, 19, 37, 34, 11, 46, 21, 43, 32,  6, 27, 22, 47, 12, 24, 48,  3, 18, 17, 16, 13, 33, 20, 29,  1, 31, 44, 36, 14, 28, 30,  2, 15,  8,  5, 26, 23, 25, 40, 38, 42, 45, 10, 39], 1645.22316315, 1645.22316315, 0.,  0.        , 0., 0., 0, 0, 0.)
 (31, [ 9, 12, 13, 14,  9, 35,  7, 41,  4, 19, 37, 34, 11, 46, 21, 43, 32,  6, 27, 22, 47, 12, 24, 48,  3, 18, 17, 16, 13, 33, 20, 29,  1, 31, 44, 36, 14, 28, 30,  2, 15,  8,  5, 26, 23, 25, 40, 38, 42, 45, 10, 39], 1645.22316315, 1645.22316315, 0.,  0.        , 0., 0., 0, 0, 0.)
 (31, [ 9, 12, 13, 14,  9, 35,  7, 41,  4, 19, 37, 34, 11, 46, 21, 43, 32,  6, 27, 22, 47, 12, 24, 48,  3, 18, 17, 16, 13, 33, 20, 29,  1, 31, 44, 36, 14, 28, 30,  2, 15,  8,  5, 26, 23, 25, 40, 38, 42, 45, 10, 39], 1645.22316315, 1645.22316315, 0.,  0.        , 0., 0., 0, 0, 0.)
 (31, [ 9, 12, 13, 14,  9, 35,  7, 41,  4, 19, 37, 34, 11, 46, 21, 43, 32,  6, 27, 22, 47, 12, 24, 48,  3, 16, 17, 18, 13, 33, 20, 29,  1, 31, 44, 36, 14, 28, 30,  2, 15,  8,  5, 26, 23, 25, 40, 38, 42, 45, 10, 39], 1645.22316315, 1645.22316315, 0.,  0.        , 0., 0., 0, 0, 0.)
 (31, [ 9, 12, 13, 14,  9, 35,  7, 41,  4, 19, 37, 34, 11, 46, 21, 43, 32,  6, 27, 22, 47, 12, 24, 48,  3, 18, 17, 16, 13, 33, 20, 29,  1, 31, 44, 36, 14, 28, 30,  2, 15,  8,  5, 26, 23, 25, 40, 38, 42, 45, 10, 39], 1645.22316315, 1645.22316315, 0.,  0.        , 0., 0., 0, 0, 0.)
 (31, [ 9, 12, 13, 14,  9, 35,  7, 41,  4, 19, 37, 34, 11, 46, 21, 43, 32,  6, 27, 22, 47, 12, 24, 48,  3, 18, 17, 16, 13, 33, 20, 29,  1, 31, 44, 36, 14, 28, 30,  2, 15,  8,  5, 26, 23, 25, 40, 38, 42, 45, 10, 39], 1645.22316315, 1645.22316315, 0.,  0.        , 0., 0., 0, 0, 0.)
 (31, [ 9, 12, 13, 14,  9, 35,  7, 41,  4, 19, 37, 34, 11, 46, 21, 43, 32,  6, 27, 22, 47, 12, 24, 48,  3, 18, 17, 16, 13, 33, 20, 29,  1, 31, 44, 36, 14, 28, 30,  2, 15,  8,  5, 26, 23, 25, 40, 38, 42, 45, 10, 39], 1645.22316315, 1645.22316315, 0.,  0.        , 0., 0., 0, 0, 0.)
 (31, [ 9, 12, 13, 14,  9, 35,  7, 41,  4, 19, 37, 34, 11, 46, 21, 43, 32,  6, 27, 22, 47, 12, 24, 48,  3, 16, 17, 18, 13, 33, 20, 29,  1, 31, 44, 36, 14, 28, 30,  2, 15,  8,  5, 26, 23, 25, 40, 38, 42, 45, 10, 39], 1645.22316315, 1645.22316315, 0.,  0.        , 0., 0., 0, 0, 0.)
 (31, [ 9, 12, 13, 14,  9, 35,  7, 41,  4, 19, 37, 34, 11, 46, 21, 43, 32,  6, 27, 22, 47, 12, 24, 48,  3, 18, 17, 16, 13, 33, 20, 29,  1, 31, 44, 36, 14, 28, 30,  2, 15,  8,  5, 26, 23, 25, 40, 38, 42, 45, 10, 39], 1645.22316315, 1645.22316315, 0.,  0.        , 0., 0., 0, 0, 0.)
 (31, [ 9, 12, 13, 14,  9, 35,  7, 41,  4, 19, 37, 34, 11, 46, 21, 43, 32,  6, 27, 22, 47, 12, 24, 48,  3, 18, 17, 16, 13, 33, 20, 29,  1, 31, 44, 36, 14, 28, 30,  2, 15,  8,  5, 26, 23, 25, 40, 38, 42, 45, 10, 39], 1645.22316315, 1645.22316315, 0.,  0.        , 0., 0., 0, 0, 0.)
 (31, [ 9, 12, 13, 14,  9, 35,  7, 41,  4, 19, 37, 34, 11, 46, 21, 43, 32,  6, 27, 22, 47, 12, 24, 48,  3, 18, 17, 16, 13, 33, 20, 29,  1, 31, 44, 36, 14, 28, 30,  2, 15,  8,  5, 26, 23, 25, 40, 38, 42, 45, 10, 39], 1645.22316315, 1645.22316315, 0.,  0.        , 0., 0., 0, 0, 0.)
 (31, [ 9, 12, 13, 14,  9, 35,  7, 41,  4, 19, 37, 34, 11, 46, 21, 43, 32,  6, 27, 22, 47, 12, 24, 48,  3, 18, 17, 16, 13, 33, 20, 29,  1, 31, 44, 36, 14, 28, 30,  2, 15,  8,  5, 26, 23, 25, 40, 38, 42, 45, 10, 39], 1645.22316315, 1645.22316315, 0.,  0.        , 0., 0., 0, 0, 0.)
 (31, [ 9, 12, 13, 14,  9, 35,  7, 41,  4, 19, 37, 34, 11, 46, 21, 43, 32,  6, 27, 22, 47, 12, 24, 48,  3, 18, 17, 16, 13, 33, 20, 29,  1, 31, 44, 36, 14, 28, 30,  2, 15,  8,  5, 26, 23, 25, 40, 38, 42, 45, 10, 39], 1645.22316315, 1645.22316315, 0.,  0.        , 0., 0., 0, 0, 0.)
 (31, [ 9, 12, 13, 14,  9, 35,  7, 41,  4, 19, 37, 34, 11, 46, 21, 43, 32,  6, 27, 22, 47, 12, 24, 48,  3, 18, 17, 16, 13, 33, 20, 29,  1, 31, 44, 36, 14, 28, 30,  2, 15,  8,  5, 26, 23, 25, 40, 38, 42, 45, 10, 39], 1645.22316315, 1645.22316315, 0.,  0.        , 0., 0., 0, 0, 0.)
 (31, [ 9, 12, 13, 14,  9, 35,  7, 41,  4, 19, 37, 34, 11, 46, 21, 43, 32,  6, 27, 22, 47, 12, 24, 48,  3, 16, 17, 18, 13, 33, 20, 29,  1, 31, 44, 36, 14, 28, 30,  2, 15,  8,  5, 26, 23, 25, 40, 38, 42, 45, 10, 39], 1645.22316315, 1645.22316315, 0.,  0.        , 0., 0., 0, 0, 0.)
 (31, [ 9, 12, 13, 14,  9, 35,  7, 41,  4, 19, 37, 34, 11, 46, 21, 43, 32,  6, 27, 22, 47, 12, 24, 48,  3, 18, 17, 16, 13, 33, 20, 29,  1, 31, 44, 36, 14, 28, 30,  2, 15,  8,  5, 26, 23, 25, 40, 38, 42, 45, 10, 39], 1645.22316315, 1645.22316315, 0.,  0.        , 0., 0., 0, 0, 0.)
 (31, [ 9, 12, 13, 14,  9, 35,  7, 41,  4, 19, 37, 34, 11, 46, 21, 43, 32,  6, 27, 22, 47, 12, 24, 48,  3, 18, 17, 16, 13, 33, 20, 29,  1, 31, 44, 36, 14, 28, 30,  2, 15,  8,  5, 26, 23, 25, 40, 38, 42, 45, 10, 39], 1645.22316315, 1645.22316315, 0.,  0.        , 0., 0., 0, 0, 0.)
 (31, [ 9, 12, 13, 14,  9, 35,  7, 41,  4, 19, 37, 34, 11, 46, 21, 43, 32,  6, 27, 22, 47, 12, 24, 48,  3, 18, 17, 16, 13, 33, 20, 29,  1, 31, 44, 36, 14, 28, 30,  2, 15,  8,  5, 26, 23, 25, 40, 38, 42, 45, 10, 39], 1645.22316315, 1645.22316315, 0.,  0.        , 0., 0., 0, 0, 0.)
 (31, [ 9, 12, 13, 14,  9, 35,  7, 41,  4, 19, 37, 34, 11, 46, 21, 43, 32,  6, 27, 22, 47, 12, 24, 48,  3, 18, 17, 16, 13, 33, 20, 29,  1, 31, 44, 36, 14, 28, 30,  2, 15,  8,  5, 26, 23, 25, 40, 38, 42, 45, 10, 39], 1645.22316315, 1645.22316315, 0.,  0.        , 0., 0., 0, 0, 0.)
 (31, [ 9, 12, 13, 14,  9, 35,  7, 41,  4, 19, 37, 34, 11, 46, 21, 43, 32,  6, 27, 22, 47, 12, 24, 48,  3, 16, 17, 18, 13, 33, 20, 29,  1, 31, 44, 36, 14, 28, 30,  2, 15,  8,  5, 26, 23, 25, 40, 38, 42, 45, 10, 39], 1645.22316315, 1645.22316315, 0.,  0.        , 0., 0., 0, 0, 0.)
 (31, [ 9, 12, 13, 14,  9, 35,  7, 41,  4, 19, 37, 34, 11, 46, 21, 43, 32,  6, 27, 22, 47, 12, 24, 48,  3, 18, 17, 16, 13, 33, 20, 29,  1, 31, 44, 36, 14, 28, 30,  2, 15,  8,  5, 26, 23, 25, 40, 38, 42, 45, 10, 39], 1645.22316315, 1645.22316315, 0.,  0.        , 0., 0., 0, 0, 0.)
 (31, [ 9, 12, 13, 14,  9, 35,  7, 41,  4, 19, 37, 34, 11, 46, 21, 43, 32,  6, 27, 22, 47, 12, 24, 48,  3, 18, 17, 16, 13, 33, 20, 29,  1, 31, 44, 36, 14, 28, 30,  2, 15,  8,  5, 26, 23, 25, 40, 38, 42, 45, 10, 39], 1645.22316315, 1645.22316315, 0.,  0.        , 0., 0., 0, 0, 0.)
 (31, [ 9, 12, 13, 14,  9, 35,  7, 41,  4, 19, 37, 34, 11, 46, 21, 43, 32,  6, 27, 22, 47, 12, 24, 48,  3, 18, 17, 16, 13, 33, 20, 29,  1, 31, 44, 36, 14, 28, 30,  2, 15,  8,  5, 26, 23, 25, 40, 38, 42, 45, 10, 39], 1645.22316315, 1645.22316315, 0.,  0.        , 0., 0., 0, 0, 0.)
 (31, [ 9, 12, 13, 14,  9, 35,  7, 41,  4, 19, 37, 34, 11, 46, 21, 43, 32,  6, 27, 22, 47, 12, 24, 48,  3, 18, 17, 16, 13, 33, 20, 29,  1, 31, 44, 36, 14, 28, 30,  2, 15,  8,  5, 26, 23, 25, 40, 38, 42, 45, 10, 39], 1645.22316315, 1645.22316315, 0.,  0.        , 0., 0., 0, 0, 0.)
 (31, [ 9, 12, 13, 14,  9, 35,  7, 41,  4, 19, 37, 34, 11, 46, 21, 43, 32,  6, 27, 22, 47, 12, 24, 48,  3, 18, 17, 16, 13, 33, 20, 29,  1, 31, 44, 36, 14, 28, 30,  2, 15,  8,  5, 26, 23, 25, 40, 38, 42, 45, 10, 39], 1645.22316315, 1645.22316315, 0.,  0.        , 0., 0., 0, 0, 0.)
 (31, [ 9, 12, 13, 14,  9, 35,  7, 41,  4, 19, 37, 34, 11, 46, 21, 43, 32,  6, 27, 22, 47, 12, 24, 48,  3, 18, 17, 16, 13, 33, 20, 29,  1, 31, 44, 36, 14, 28, 30,  2, 15,  8,  5, 26, 23, 25, 40, 38, 42, 45, 10, 39], 1645.22316315, 1645.22316315, 0.,  0.        , 0., 0., 0, 0, 0.)
 (31, [ 9, 12, 13, 14,  9, 35,  7, 41,  4, 19, 37, 34, 11, 46, 21, 43, 32,  6, 27, 22, 47, 12, 24, 48,  3, 18, 17, 16, 13, 33, 20, 29,  1, 31, 44, 36, 14, 28, 30,  2, 15,  8,  5, 26, 23, 25, 40, 38, 42, 45, 10, 39], 1645.22316315, 1645.22316315, 0.,  0.        , 0., 0., 0, 0, 0.)
 (31, [ 9, 12, 13, 14,  9, 35,  7, 41,  4, 19, 37, 34, 11, 46, 21, 43, 32,  6, 27, 22, 47, 12, 24, 48,  3, 16, 17, 18, 13, 33, 20, 29,  1, 31, 44, 36, 14, 28, 30,  2, 15,  8,  5, 26, 23, 25, 40, 38, 42, 45, 10, 39], 1645.22316315, 1645.22316315, 0.,  0.        , 0., 0., 0, 0, 0.)
 (31, [ 9, 12, 13, 14,  9, 35,  7, 41,  4, 19, 37, 34, 11, 46, 21, 43, 32,  6, 27, 22, 47, 12, 24, 48,  3, 18, 17, 16, 13, 33, 20, 29,  1, 31, 44, 36, 14, 28, 30,  2, 15,  8,  5, 26, 23, 25, 40, 38, 42, 45, 10, 39], 1645.22316315, 1645.22316315, 0.,  0.        , 0., 0., 0, 0, 0.)
 (31, [ 9, 12, 13, 14,  9, 35,  7, 41,  4, 19, 37, 34, 11, 46, 21, 43, 32,  6, 27, 22, 47, 12, 24, 48,  3, 18, 17, 16, 13, 33, 20, 29,  1, 31, 44, 36, 14, 28, 30,  2, 15,  8,  5, 26, 23, 25, 40, 38, 42, 45, 10, 39], 1645.22316315, 1645.22316315, 0.,  0.        , 0., 0., 0, 0, 0.)
 (31, [ 9, 12, 13, 14,  9, 35,  7, 41,  4, 19, 37, 34, 11, 46, 21, 43, 32,  6, 27, 22, 47, 12, 24, 48,  3, 18, 17, 16, 13, 33, 20, 29,  1, 31, 44, 36, 14, 28, 30,  2, 15,  8,  5, 26, 23, 25, 40, 38, 42, 45, 10, 39], 1645.22316315, 1645.22316315, 0.,  0.        , 0., 0., 0, 0, 0.)
 (31, [ 9, 12, 13, 14,  9, 35,  7, 41,  4, 19, 37, 34, 11, 46, 21, 43, 32,  6, 27, 22, 47, 12, 24, 48,  3, 18, 17, 16, 13, 33, 20, 29,  1, 31, 44, 36, 14, 28, 30,  2, 15,  8,  5, 26, 23, 25, 40, 38, 42, 45, 10, 39], 1645.22316315, 1645.22316315, 0.,  0.        , 0., 0., 0, 0, 0.)
 (31, [ 9, 12, 13, 14,  9, 35,  7, 41,  4, 19, 37, 34, 11, 46, 21, 43, 32,  6, 27, 22, 47, 12, 24, 48,  3, 16, 17, 18, 13, 33, 20, 29,  1, 31, 44, 36, 14, 28, 30,  2, 15,  8,  5, 26, 23, 25, 40, 38, 42, 45, 10, 39], 1645.22316315, 1645.22316315, 0.,  0.        , 0., 0., 0, 0, 0.)
 (31, [ 9, 12, 13, 14,  9, 35,  7, 41,  4, 19, 37, 34, 11, 46, 21, 43, 32,  6, 27, 22, 47, 12, 24, 48,  3, 16, 17, 18, 13, 33, 20, 29,  1, 31, 44, 36, 14, 28, 30,  2, 15,  8,  5, 26, 23, 25, 40, 38, 42, 45, 10, 39], 1645.22316315, 1645.22316315, 0.,  0.        , 0., 0., 0, 0, 0.)
 (31, [ 9, 12, 13, 14,  9, 35,  7, 41,  4, 19, 37, 34, 11, 46, 21, 43, 32,  6, 27, 22, 47, 12, 24, 48,  3, 18, 17, 16, 13, 33, 20, 29,  1, 31, 44, 36, 14, 28, 30,  2, 15,  8,  5, 26, 23, 25, 40, 38, 42, 45, 10, 39], 1645.22316315, 1645.22316315, 0.,  0.        , 0., 0., 0, 0, 0.)
 (31, [ 9, 12, 13, 14,  9, 35,  7, 41,  4, 19, 37, 34, 11, 46, 21, 43, 32,  6, 27, 22, 47, 12, 24, 48,  3, 16, 17, 18, 13, 33, 20, 29,  1, 31, 44, 36, 14, 28, 30,  2, 15,  8,  5, 26, 23, 25, 40, 38, 42, 45, 10, 39], 1645.22316315, 1645.22316315, 0.,  0.        , 0., 0., 0, 0, 0.)
 (31, [ 9, 12, 13, 14,  9, 35,  7, 41,  4, 19, 37, 34, 11, 46, 21, 43, 32,  6, 27, 22, 47, 12, 24, 48,  3, 18, 17, 16, 13, 33, 20, 29,  1, 31, 44, 36, 14, 28, 30,  2, 15,  8,  5, 26, 23, 25, 40, 38, 42, 45, 10, 39], 1645.22316315, 1645.22316315, 0.,  0.        , 0., 0., 0, 0, 0.)
 (31, [ 9, 12, 13, 14,  9, 35,  7, 41,  4, 19, 37, 34, 11, 46, 21, 43, 32,  6, 27, 22, 47, 12, 24, 48,  3, 18, 17, 16, 13, 33, 20, 29,  1, 31, 44, 36, 14, 28, 30,  2, 15,  8,  5, 26, 23, 25, 40, 38, 42, 45, 10, 39], 1645.22316315, 1645.22316315, 0.,  0.        , 0., 0., 0, 0, 0.)
 (31, [ 9, 12, 13, 14,  9, 35,  7, 41,  4, 19, 37, 34, 11, 46, 21, 43, 32,  6, 27, 22, 47, 12, 24, 48,  3, 16, 17, 18, 13, 33, 20, 29,  1, 31, 44, 36, 14, 28, 30,  2, 15,  8,  5, 26, 23, 25, 40, 38, 42, 45, 10, 39], 1645.22316315, 1645.22316315, 0.,  0.        , 0., 0., 0, 0, 0.)
 (31, [ 9, 12, 13, 14,  9, 35,  7, 41,  4, 19, 37, 34, 11, 46, 21, 43, 32,  6, 27, 22, 47, 12, 24, 48,  3, 18, 17, 16, 13, 33, 20, 29,  1, 31, 44, 36, 14, 28, 30,  2, 15,  8,  5, 26, 23, 25, 40, 38, 42, 45, 10, 39], 1645.22316315, 1645.22316315, 0.,  0.        , 0., 0., 0, 0, 0.)
 (31, [ 9, 12, 13, 14,  9, 35,  7, 41,  4, 19, 37, 34, 11, 46, 21, 43, 32,  6, 27, 22, 47, 12, 24, 48,  3, 18, 17, 16, 13, 33, 20, 29,  1, 31, 44, 36, 14, 28, 30,  2, 15,  8,  5, 26, 23, 25, 40, 38, 42, 45, 10, 39], 1645.22316315, 1645.22316315, 0.,  0.        , 0., 0., 0, 0, 0.)
 (31, [ 9, 12, 13, 14,  9, 35,  7, 41,  4, 19, 37, 34, 11, 46, 21, 43, 32,  6, 27, 22, 47, 12, 24, 48,  3, 18, 17, 16, 13, 33, 20, 29,  1, 31, 44, 36, 14, 28, 30,  2, 15,  8,  5, 26, 23, 25, 40, 38, 42, 45, 10, 39], 1645.22316315, 1645.22316315, 0.,  0.        , 0., 0., 0, 0, 0.)
 (31, [ 9, 12, 13, 14,  9, 35,  7, 41,  4, 19, 37, 34, 11, 46, 21, 43, 32,  6, 27, 22, 47, 12, 24, 48,  3, 18, 17, 16, 13, 33, 20, 29,  1, 31, 44, 36, 14, 28, 30,  2, 15,  8,  5, 26, 23, 25, 40, 38, 42, 45, 10, 39], 1645.22316315, 1645.22316315, 0.,  0.        , 0., 0., 0, 0, 0.)
 (31, [ 9, 12, 13, 14,  9, 35,  7, 41,  4, 19, 37, 34, 11, 46, 21, 43, 32,  6, 27, 22, 47, 12, 24, 48,  3, 18, 17, 16, 13, 33, 20, 29,  1, 31, 44, 36, 14, 28, 30,  2, 15,  8,  5, 26, 23, 25, 40, 38, 42, 45, 10, 39], 1645.22316315, 1645.22316315, 0.,  0.        , 0., 0., 0, 0, 0.)
 (31, [ 9, 12, 13, 14,  9, 35,  7, 41,  4, 19, 37, 34, 11, 46, 21, 43, 32,  6, 27, 22, 47, 12, 24, 48,  3, 18, 17, 16, 13, 33, 20, 29,  1, 31, 44, 36, 14, 28, 30,  2, 15,  8,  5, 26, 23, 25, 40, 38, 42, 45, 10, 39], 1645.22316315, 1645.22316315, 0.,  0.        , 0., 0., 0, 0, 0.)
 (31, [ 9, 12, 13, 14,  9, 35,  7, 41,  4, 19, 37, 34, 11, 46, 21, 43, 32,  6, 27, 22, 47, 12, 24, 48,  3, 18, 17, 16, 13, 33, 20, 29,  1, 31, 44, 36, 14, 28, 30,  2, 15,  8,  5, 26, 23, 25, 40, 38, 42, 45, 10, 39], 1645.22316315, 1645.22316315, 0.,  0.        , 0., 0., 0, 0, 0.)
 (31, [ 9, 12, 13, 14,  9, 35,  7, 41,  4, 19, 37, 34, 11, 46, 21, 43, 32,  6, 27, 22, 47, 12, 24, 48,  3, 18, 17, 16, 13, 33, 20, 29,  1, 31, 44, 36, 14, 28, 30,  2, 15,  8,  5, 26, 23, 25, 40, 38, 42, 45, 10, 39], 1645.22316315, 1645.22316315, 0.,  0.        , 0., 0., 0, 0, 0.)
 (31, [ 9, 12, 13, 14,  9, 35,  7, 41,  4, 19, 37, 34, 11, 46, 21, 43, 32,  6, 27, 22, 47, 12, 24, 48,  3, 16, 17, 18, 13, 33, 20, 29,  1, 31, 44, 36, 14, 28, 30,  2, 15,  8,  5, 26, 23, 25, 40, 38, 42, 45, 10, 39], 1645.22316315, 1645.22316315, 0.,  0.        , 0., 0., 0, 0, 0.)
 (31, [ 9, 12, 13, 14,  9, 35,  7, 41,  4, 19, 37, 34, 11, 46, 21, 43, 32,  6, 27, 22, 47, 12, 24, 48,  3, 18, 17, 16, 13, 33, 20, 29,  1, 31, 44, 36, 14, 28, 30,  2, 15,  8,  5, 26, 23, 25, 40, 38, 42, 45, 10, 39], 1645.22316315, 1645.22316315, 0.,  0.        , 0., 0., 0, 0, 0.)
 (31, [ 9, 12, 13, 14,  9, 35,  7, 41,  4, 19, 37, 34, 11, 46, 21, 43, 32,  6, 27, 22, 47, 12, 24, 48,  3, 18, 17, 16, 13, 33, 20, 29,  1, 31, 44, 36, 14, 28, 30,  2, 15,  8,  5, 26, 23, 25, 40, 38, 42, 45, 10, 39], 1645.22316315, 1645.22316315, 0.,  0.        , 0., 0., 0, 0, 0.)
 (31, [ 9, 12, 13, 14,  9, 35,  7, 41,  4, 19, 37, 34, 11, 46, 21, 43, 32,  6, 27, 22, 47, 12, 24, 48,  3, 18, 17, 16, 13, 33, 20, 29,  1, 31, 44, 36, 14, 28, 30,  2, 15,  8,  5, 26, 23, 25, 40, 38, 42, 45, 10, 39], 1645.22316315, 1645.22316315, 0.,  0.        , 0., 0., 0, 0, 0.)
 (31, [ 9, 12, 13, 14,  9, 35,  7, 41,  4, 19, 37, 34, 11, 46, 21, 43, 32,  6, 27, 22, 47, 12, 24, 48,  3, 18, 17, 16, 13, 33, 20, 29,  1, 31, 44, 36, 26, 28, 30,  2, 15,  8,  5, 14, 23, 25, 40, 38, 42, 45, 10, 39], 1746.26709049, 1746.26709049, 0.,  0.        , 0., 0., 0, 0, 0.)
 (31, [ 9, 12, 13, 14,  9, 35,  7, 41,  4, 19, 37, 36, 11, 46, 21, 43, 32,  6, 27, 22, 47, 12, 24, 48,  3, 18, 17, 16, 13, 33, 20, 29,  1, 31, 44, 34, 14, 28, 30,  2, 15,  8,  5, 26, 23, 25, 40, 38, 42, 45, 10, 39], 1750.10809633, 1750.10809633, 0.,  0.        , 0., 0., 0, 0, 0.)
 (31, [ 9, 12, 13, 14,  9, 35,  7, 41,  4, 19, 37, 34, 11, 46, 21, 43,  2,  6, 27, 22, 47, 12, 24, 48,  3, 18, 17, 16, 13, 33, 20, 29,  1, 31, 44, 36, 14, 28, 30, 32, 15,  8,  5, 26, 23, 25, 40, 38, 42, 45, 10, 39], 1776.95263181, 1776.95263181, 0.,  0.        , 0., 0., 0, 0, 0.)
 (31, [ 9, 12, 13, 14, 24, 35,  7, 41,  4, 19, 37, 34, 11, 46, 21, 43, 32,  6, 27, 22, 47, 12,  9, 48,  3, 16, 17, 18, 13, 33, 20, 29,  1, 31, 44, 36, 14, 28, 30,  2, 15,  8,  5, 26, 23, 25, 40, 38, 42, 45, 10, 39], 1801.9785734 , 1801.9785734 , 0.,  0.        , 0., 0., 0, 0, 0.)
 (31, [ 9, 12, 13, 14,  9, 35,  7, 41,  4, 19, 37, 34, 11, 46, 21, 43, 32, 31, 27, 22, 47, 12, 24, 48,  3, 18, 17, 16, 13, 33, 20, 29,  1,  6, 44, 36, 14, 28, 30,  2, 15,  8,  5, 26, 23, 25, 40, 38, 42, 45, 10, 39], 1820.47667888, 1820.47667888, 0.,  0.        , 0., 0., 0, 0, 0.)
 (31, [10, 11, 13, 14,  9, 35,  7, 41,  4, 19, 37, 34, 11, 46, 21, 43, 32,  6, 27, 22, 47, 12, 24, 48,  3, 28, 17, 16, 13, 33, 20, 29,  1, 31, 44, 36, 14, 18, 30,  2, 15,  8,  5, 26, 23, 25, 40, 38, 42, 45, 10, 39], 1831.04064178, 1831.04064178, 0.,  0.        , 0., 0., 0, 0, 0.)
 (31, [ 9, 13, 13, 13, 36, 35,  7, 41,  4, 19, 37, 34, 11, 46, 21, 43, 32,  6, 27, 22, 47, 12, 24, 48,  3, 18, 17, 16, 13, 33, 20, 29,  1, 31, 44,  9, 14, 28, 30,  2, 15,  8,  5, 26, 23, 25, 40, 38, 42, 45, 10, 39], 1979.5510915 , 1974.37933592, 0.,  2.58587779, 0., 0., 0, 0, 0.)
 (31, [ 9, 12, 13, 14, 33, 35,  7, 41,  4, 19, 37, 34, 11, 46, 21, 43, 32,  6, 27, 22, 47, 12, 24, 48,  3, 18, 17, 16, 13,  9, 20, 29,  1, 31, 44, 36, 14, 28, 30,  2, 15,  8,  5, 26, 23, 25, 40, 38, 42, 45, 10, 39], 1989.54287666, 2178.4686587 , 0.,  0.        , 0., 0., 0, 0, 0.)
 (31, [10,  9, 14, 15,  9, 28,  7, 41,  4, 19, 37, 34, 11, 46, 21, 43, 32,  6, 27, 22, 47, 12, 24, 48,  3, 18, 17, 16, 13, 33, 20, 29,  1, 31, 44, 36, 14, 35, 30,  2, 15,  8,  5, 26, 23, 25, 40, 38, 42, 45, 10, 39], 2042.45643595, 2042.45643595, 0.,  0.        , 0., 0., 0, 0, 0.)
 (31, [ 9, 13, 12, 14,  9, 35,  7, 41,  4, 19, 37, 34, 11, 46, 21, 43, 32,  6, 27, 22, 47, 12, 24, 48,  3, 18, 17, 16, 13, 33, 20, 29, 40, 31, 44, 36, 14, 28, 30,  2, 15,  8,  5, 26, 23, 25,  1, 38, 42, 45, 10, 39], 2050.18414073, 2050.18414073, 0.,  0.        , 0., 0., 0, 0, 0.)
 (31, [10, 12, 14, 12,  9, 31,  7, 41,  4, 19, 37, 34, 11, 46, 21, 43, 32,  6, 27, 22, 47, 12, 24, 48,  3, 16, 17, 18, 13, 33, 20, 29,  1, 35, 44, 36, 14, 28, 30,  2, 15,  8,  5, 26, 23, 25, 40, 38, 42, 45, 10, 39], 2089.73424937, 2089.73424937, 0.,  0.        , 0., 0., 0, 0, 0.)
 (31, [11, 10, 12, 15,  9, 35,  7, 41,  4, 19, 37, 34, 11, 46, 21, 43, 32,  6, 27, 22, 47, 12, 24, 48, 31, 16, 17, 18, 13, 33, 20, 29,  1,  3, 44, 36, 14, 28, 30,  2, 15,  8,  5, 26, 23, 25, 40, 38, 42, 45, 10, 39], 2106.46409877, 2106.46409877, 0.,  0.        , 0., 0., 0, 0, 0.)
 (31, [12, 10, 13, 13,  9, 35,  7, 23,  4, 19, 37, 34, 11, 46, 21, 43, 32,  6, 27, 22, 47, 12, 24, 48,  3, 18, 17, 16, 13, 33, 20, 29,  1, 31, 44, 36, 14, 28, 30,  2, 15,  8,  5, 26, 41, 25, 40, 38, 42, 45, 10, 39], 2138.77483195, 2138.77483195, 0.,  0.        , 0., 0., 0, 0, 0.)
 (31, [ 9, 14, 14, 11,  9, 35,  7, 41,  4, 19, 37, 34, 11, 46, 21, 43, 32,  6, 27, 22, 47, 12, 31, 48,  3, 16, 17, 18, 13, 33, 20, 29,  1, 24, 44, 36, 14, 28, 30,  2, 15,  8,  5, 26, 23, 25, 40, 38, 42, 45, 10, 39], 2181.743169  , 2147.90941697, 0., 33.57648116, 0., 0., 0, 0, 0.)]