
Total Runtime in seconds: 306.42237162590027Parameters:
population_size: 50, max_generations: 500, executed generations: 144, threshold_no_improvement: 250
target feasible proportion: 12
fitness_scaling: power_rank, selection_method: n_tournaments
p_c: 0.9, p_m: 0.4, NOT YET p_education: 0.0
tournament_size: 2, n_elite: 8
survivor_selection_step: 10, p_selection_survival: 0.7
kill clone step: 5
diversify_step: 20, diversify_step: 20, p_diversify_survival: 0.3
n_closest_neighbors: 3, diversity_weight: 0.5, distance_method: broken_pairs_distance
capacity_penalty_factor: 2, duration_penalty_factor 2, time_window_penalty: 2
Best fitness all generations, best individual before/after local search: 1122.1776844716253, 1122.1776844716253 / 1122.1776844716253
Best individual found before local search: (37, [10,  9, 16, 13,  7, 41, 31, 44, 32,  9, 42, 46, 35, 37, 34, 10, 45,  6, 27,  3, 48, 11, 22, 36, 26, 29,  8,  5, 17, 18, 16, 13, 33, 20,  4, 19, 14, 28,  1, 47, 24, 12, 21, 38, 40,  2, 15, 25, 23, 30, 39, 43], 1122.17768447, 1122.17768447, 0., 0., 0., 8.33333333, 1, 50, 26.)
Best individual found after local search: (37, [10,  9, 16, 13,  7, 41, 31, 44, 32,  9, 42, 46, 35, 37, 34, 10, 45,  6, 27,  3, 48, 11, 22, 36, 26, 29,  8,  5, 17, 18, 16, 13, 33, 20,  4, 19, 14, 28,  1, 47, 24, 12, 21, 38, 40,  2, 15, 25, 23, 30, 39, 43], 1122.17768447, 1122.17768447, 0., 0., 0., 8.33333333, 1, 50, 26.)
Best feasible individual found: (37, [10,  9, 16, 13,  7, 41, 31, 44, 32,  9, 42, 46, 35, 37, 34, 10, 45,  6, 27,  3, 48, 11, 22, 36, 26, 29,  8,  5, 17, 18, 16, 13, 33, 20,  4, 19, 14, 28,  1, 47, 24, 12, 21, 38, 40,  2, 15, 25, 23, 30, 39, 43], 1122.17768447, 1122.17768447, 0., 0., 0., 8.33333333, 1, 50, 26.)

Fitness stats min: [1138.45449719 1129.94849918 1129.94849918 1129.94849918 1129.94849918
 1129.94849918 1129.94849918 1129.94849918 1129.94849918 1129.94849918
 1129.94849918 1129.94849918 1129.94849918 1129.94849918 1129.94849918
 1129.94849918 1129.94849918 1129.94849918 1129.94849918 1129.94849918
 1129.94849918 1129.94849918 1129.94849918 1129.94849918 1129.94849918
 1129.94849918 1129.94849918 1129.94849918 1129.94849918 1129.94849918
 1129.94849918 1129.94849918 1129.94849918 1129.94849918 1129.94849918
 1129.94849918 1129.94849918 1129.94849918 1129.94849918 1129.94849918
 1129.94849918 1129.94849918 1129.94849918 1129.94849918 1129.94849918
 1129.94849918 1129.94849918 1129.94849918 1129.94849918 1129.94849918
 1129.94849918 1129.94849918 1129.94849918 1129.94849918 1129.94849918
 1129.94849918 1129.94849918 1129.94849918 1129.94849918 1129.94849918
 1129.94849918 1129.94849918 1129.94849918 1129.94849918 1129.94849918
 1129.94849918 1129.94849918 1129.94849918 1129.94849918 1129.94849918
 1129.94849918 1129.94849918 1129.94849918 1129.94849918 1129.94849918
 1129.94849918 1129.94849918 1129.94849918 1129.94849918 1129.94849918
 1129.94849918 1129.94849918 1129.94849918 1129.94849918 1129.94849918
 1129.94849918 1129.94849918 1129.94849918 1129.94849918 1129.94849918
 1129.94849918 1129.94849918 1129.94849918 1129.94849918 1129.94849918
 1129.94849918 1129.94849918 1129.94849918 1129.94849918 1129.94849918
 1129.94849918 1129.94849918 1129.94849918 1129.94849918 1129.94849918
 1129.94849918 1129.94849918 1129.94849918 1129.94849918 1129.94849918
 1129.94849918 1129.94849918 1129.94849918 1129.94849918 1122.17768447
 1122.17768447 1122.17768447 1122.17768447 1122.17768447 1122.17768447
 1122.17768447 1122.17768447 1122.17768447 1122.17768447 1122.17768447
 1122.17768447 1122.17768447 1122.17768447 1122.17768447 1122.17768447
 1122.17768447 1122.17768447 1122.17768447 1122.17768447 1122.17768447
 1122.17768447 1122.17768447 1122.17768447 1122.17768447 1122.17768447
 1122.17768447 1122.17768447 1122.17768447 1122.17768447 1122.17768447] 

Fitness stats feasible min: [1138.45449719 1129.94849918 1129.94849918 1129.94849918 1129.94849918
 1129.94849918 1129.94849918 1129.94849918 1129.94849918 1129.94849918
 1129.94849918 1129.94849918 1129.94849918 1129.94849918 1129.94849918
 1129.94849918 1129.94849918 1129.94849918 1129.94849918 1129.94849918
 1129.94849918 1129.94849918 1129.94849918 1129.94849918 1129.94849918
 1129.94849918 1129.94849918 1129.94849918 1129.94849918 1129.94849918
 1129.94849918 1129.94849918 1129.94849918 1129.94849918 1129.94849918
 1129.94849918 1129.94849918 1129.94849918 1129.94849918 1129.94849918
 1129.94849918 1129.94849918 1129.94849918 1129.94849918 1129.94849918
 1129.94849918 1129.94849918 1129.94849918 1129.94849918 1129.94849918
 1129.94849918 1129.94849918 1129.94849918 1129.94849918 1129.94849918
 1129.94849918 1129.94849918 1129.94849918 1129.94849918 1129.94849918
 1129.94849918 1129.94849918 1129.94849918 1129.94849918 1129.94849918
 1129.94849918 1129.94849918 1129.94849918 1129.94849918 1129.94849918
 1129.94849918 1129.94849918 1129.94849918 1129.94849918 1129.94849918
 1129.94849918 1129.94849918 1129.94849918 1129.94849918 1129.94849918
 1129.94849918 1129.94849918 1129.94849918 1129.94849918 1129.94849918
 1129.94849918 1129.94849918 1129.94849918 1129.94849918 1129.94849918
 1129.94849918 1129.94849918 1129.94849918 1129.94849918 1129.94849918
 1129.94849918 1129.94849918 1129.94849918 1129.94849918 1129.94849918
 1129.94849918 1129.94849918 1129.94849918 1129.94849918 1129.94849918
 1129.94849918 1129.94849918 1129.94849918 1129.94849918 1129.94849918
 1129.94849918 1129.94849918 1129.94849918 1129.94849918 1122.17768447
 1122.17768447 1122.17768447 1122.17768447 1122.17768447 1122.17768447
 1122.17768447 1122.17768447 1122.17768447 1122.17768447 1122.17768447
 1122.17768447 1122.17768447 1122.17768447 1122.17768447 1122.17768447
 1122.17768447 1122.17768447 1122.17768447 1122.17768447 1122.17768447
 1122.17768447 1122.17768447 1122.17768447 1122.17768447 1122.17768447
 1122.17768447 1122.17768447 1122.17768447 1122.17768447 1122.17768447] 

Fitness stats avg: [1554.13626458 1599.69966392 1506.11569143 1361.48389012 1320.73053884
 1425.88486739 1420.33476455 1387.31332867 1356.76769623 1343.41055303
 2936.44769561 2435.29291823 1827.87462147 1517.08037922 1458.95738385
 1845.52010382 1618.59817772 1495.62126248 1384.68302436 1391.17882014
 2551.93348736 2033.45477197 2129.83383119 1489.84151827 1329.75115295
 2246.56756675 1622.52532717 1348.94477085 1291.13628984 1262.54275963
 2265.48906433 1573.76970913 1409.24802447 1305.46887544 1351.05388166
 2513.0866952  1981.46442667 1533.22054483 1401.03678655 1405.7536756
 3111.34910188 2390.07560252 1824.32522604 1482.82854335 1335.34489432
 2096.99093229 1477.64770491 1391.86671858 1368.67508174 1268.21171917
 2468.06400844 1561.53411268 1470.91826861 1355.45618724 1258.44677303
 2665.34832201 1999.28615456 1582.26148049 1443.97590796 1294.3460322
 2580.24510283 1651.07842662 2063.58430923 1627.41164765 1311.92167715
 2467.80121084 1829.00676725 1544.19051508 1455.08755487 1286.16499454
 2828.74640075 2048.94165392 1691.7479688  1516.44623467 1347.44130467
 2044.07445579 1427.43669999 1431.29620927 1305.77356147 1227.78009447
 2315.59638069 1733.41350661 1841.9427631  1448.25898677 1352.82685003
 2267.37736835 1677.3206212  1379.2877712  1371.40408304 1296.64464837
 2378.91956462 1592.39835792 1281.06121015 1282.05185625 1302.20727247
 2404.24486394 1644.52257166 1431.28639748 1404.79989735 1323.53639268
 2132.94562311 1543.75874599 2171.16942942 1468.20210534 1320.06084416
 2706.96831041 1694.1496854  1501.71272752 1303.65652514 1402.07606947
 2692.5044284  1773.15510121 1446.0597633  1308.42589719 1278.19660283
 2865.54582207 2161.97928988 1682.00508702 1407.59412657 1311.65406262
 2472.60655107 1728.37856465 1388.20640305 1309.65858318 1277.01335715
 2586.10773539 1726.95576626 1321.12005492 1257.41597305 1274.9316198
 2229.0541776  1503.62775222 1292.83941776 1248.31731944 1247.18294989
 2220.00409074 1582.36231056 1262.47452552 1308.98186639 1230.46271845
 2201.41292149 1664.36083123 1353.43039118 1438.47802277 1312.41206735] 

Feasible stats: [( 0., 50.) ( 0., 50.) (36., 14.) (36., 14.) (41.,  9.) (41.,  9.)
 (42.,  8.) (42.,  8.) (41.,  9.) (41.,  9.) (43.,  7.) (43.,  7.)
 (21., 29.) (21., 29.) (37., 13.) (37., 13.) (33., 17.) (33., 17.)
 (37., 13.) (37., 13.) (39., 11.) (39., 11.) (31., 19.) (31., 19.)
 (43.,  7.) (43.,  7.) (27., 23.) (27., 23.) (39., 11.) (39., 11.)
 (46.,  4.) (46.,  4.) (39., 11.) (39., 11.) (44.,  6.) (44.,  6.)
 (26., 24.) (26., 24.) (42.,  8.) (42.,  8.) (36., 14.) (36., 14.)
 (27., 23.) (27., 23.) (34., 16.) (34., 16.) (29., 21.) (29., 21.)
 (37., 13.) (37., 13.) (35., 15.) (35., 15.) (37., 13.) (37., 13.)
 (38., 12.) (38., 12.) (20., 30.) (20., 30.) (37., 13.) (37., 13.)
 (38., 12.) (38., 12.) (36., 14.) (36., 14.) (39., 11.) (39., 11.)
 (28., 22.) (28., 22.) (39., 11.) (39., 11.) (45.,  5.) (45.,  5.)
 (26., 24.) (26., 24.) (38., 12.) (38., 12.) (27., 23.) (27., 23.)
 (34., 16.) (34., 16.) (45.,  5.) (45.,  5.) (30., 20.) (30., 20.)
 (40., 10.) (40., 10.) (21., 29.) (21., 29.) (36., 14.) (36., 14.)
 (39., 11.) (39., 11.) (35., 15.) (35., 15.) (45.,  5.) (45.,  5.)
 (28., 22.) (28., 22.) (40., 10.) (40., 10.) (38., 12.) (38., 12.)
 (28., 22.) (28., 22.) (33., 17.) (33., 17.) (18., 32.) (18., 32.)
 (36., 14.) (36., 14.) (36., 14.) (36., 14.) (32., 18.) (32., 18.)
 (43.,  7.) (43.,  7.) (20., 30.) (20., 30.) (32., 18.) (32., 18.)
 (42.,  8.) (42.,  8.) (33., 17.) (33., 17.) (43.,  7.) (43.,  7.)
 (22., 28.) (22., 28.) (42.,  8.) (42.,  8.) (45.,  5.) (45.,  5.)
 (35., 15.) (35., 15.) (44.,  6.) (44.,  6.) (29., 21.) (29., 21.)
 (39., 11.) (39., 11.) (45.,  5.) (45.,  5.) (32., 18.) (32., 18.)
 (37., 13.) ( 0.,  0.) ( 0.,  0.) ( 0.,  0.) ( 0.,  0.) ( 0.,  0.)
 ( 0.,  0.) ( 0.,  0.) ( 0.,  0.) ( 0.,  0.) ( 0.,  0.) ( 0.,  0.)
 ( 0.,  0.) ( 0.,  0.) ( 0.,  0.) ( 0.,  0.) ( 0.,  0.) ( 0.,  0.)
 ( 0.,  0.) ( 0.,  0.) ( 0.,  0.) ( 0.,  0.) ( 0.,  0.) ( 0.,  0.)
 ( 0.,  0.) ( 0.,  0.) ( 0.,  0.) ( 0.,  0.) ( 0.,  0.) ( 0.,  0.)
 ( 0.,  0.) ( 0.,  0.) ( 0.,  0.) ( 0.,  0.) ( 0.,  0.) ( 0.,  0.)
 ( 0.,  0.) ( 0.,  0.) ( 0.,  0.) ( 0.,  0.) ( 0.,  0.) ( 0.,  0.)
 ( 0.,  0.) ( 0.,  0.) ( 0.,  0.) ( 0.,  0.) ( 0.,  0.) ( 0.,  0.)
 ( 0.,  0.) ( 0.,  0.) ( 0.,  0.) ( 0.,  0.) ( 0.,  0.) ( 0.,  0.)
 ( 0.,  0.) ( 0.,  0.) ( 0.,  0.) ( 0.,  0.) ( 0.,  0.) ( 0.,  0.)
 ( 0.,  0.) ( 0.,  0.) ( 0.,  0.) ( 0.,  0.) ( 0.,  0.) ( 0.,  0.)
 ( 0.,  0.) ( 0.,  0.) ( 0.,  0.) ( 0.,  0.) ( 0.,  0.) ( 0.,  0.)
 ( 0.,  0.) ( 0.,  0.) ( 0.,  0.) ( 0.,  0.) ( 0.,  0.) ( 0.,  0.)
 ( 0.,  0.) ( 0.,  0.) ( 0.,  0.) ( 0.,  0.) ( 0.,  0.) ( 0.,  0.)
 ( 0.,  0.) ( 0.,  0.) ( 0.,  0.) ( 0.,  0.) ( 0.,  0.) ( 0.,  0.)
 ( 0.,  0.) ( 0.,  0.) ( 0.,  0.) ( 0.,  0.) ( 0.,  0.) ( 0.,  0.)
 ( 0.,  0.) ( 0.,  0.) ( 0.,  0.) ( 0.,  0.) ( 0.,  0.) ( 0.,  0.)
 ( 0.,  0.) ( 0.,  0.) ( 0.,  0.) ( 0.,  0.) ( 0.,  0.) ( 0.,  0.)
 ( 0.,  0.) ( 0.,  0.) ( 0.,  0.) ( 0.,  0.) ( 0.,  0.) ( 0.,  0.)
 ( 0.,  0.) ( 0.,  0.) ( 0.,  0.) ( 0.,  0.) ( 0.,  0.) ( 0.,  0.)
 ( 0.,  0.) ( 0.,  0.) ( 0.,  0.) ( 0.,  0.) ( 0.,  0.) ( 0.,  0.)
 ( 0.,  0.) ( 0.,  0.) ( 0.,  0.) ( 0.,  0.) ( 0.,  0.) ( 0.,  0.)
 ( 0.,  0.) ( 0.,  0.) ( 0.,  0.) ( 0.,  0.) ( 0.,  0.) ( 0.,  0.)
 ( 0.,  0.) ( 0.,  0.) ( 0.,  0.) ( 0.,  0.) ( 0.,  0.) ( 0.,  0.)
 ( 0.,  0.) ( 0.,  0.) ( 0.,  0.) ( 0.,  0.) ( 0.,  0.) ( 0.,  0.)
 ( 0.,  0.) ( 0.,  0.) ( 0.,  0.) ( 0.,  0.) ( 0.,  0.) ( 0.,  0.)
 ( 0.,  0.) ( 0.,  0.) ( 0.,  0.) ( 0.,  0.) ( 0.,  0.) ( 0.,  0.)
 ( 0.,  0.) ( 0.,  0.) ( 0.,  0.) ( 0.,  0.) ( 0.,  0.) ( 0.,  0.)
 ( 0.,  0.) ( 0.,  0.) ( 0.,  0.) ( 0.,  0.) ( 0.,  0.) ( 0.,  0.)
 ( 0.,  0.) ( 0.,  0.) ( 0.,  0.) ( 0.,  0.) ( 0.,  0.) ( 0.,  0.)
 ( 0.,  0.) ( 0.,  0.) ( 0.,  0.) ( 0.,  0.) ( 0.,  0.) ( 0.,  0.)
 ( 0.,  0.) ( 0.,  0.) ( 0.,  0.) ( 0.,  0.) ( 0.,  0.) ( 0.,  0.)
 ( 0.,  0.) ( 0.,  0.) ( 0.,  0.) ( 0.,  0.) ( 0.,  0.) ( 0.,  0.)
 ( 0.,  0.) ( 0.,  0.) ( 0.,  0.) ( 0.,  0.) ( 0.,  0.) ( 0.,  0.)
 ( 0.,  0.) ( 0.,  0.) ( 0.,  0.) ( 0.,  0.) ( 0.,  0.) ( 0.,  0.)
 ( 0.,  0.) ( 0.,  0.) ( 0.,  0.) ( 0.,  0.) ( 0.,  0.) ( 0.,  0.)
 ( 0.,  0.) ( 0.,  0.) ( 0.,  0.) ( 0.,  0.) ( 0.,  0.) ( 0.,  0.)
 ( 0.,  0.) ( 0.,  0.) ( 0.,  0.) ( 0.,  0.) ( 0.,  0.) ( 0.,  0.)
 ( 0.,  0.) ( 0.,  0.) ( 0.,  0.) ( 0.,  0.) ( 0.,  0.) ( 0.,  0.)
 ( 0.,  0.) ( 0.,  0.) ( 0.,  0.) ( 0.,  0.) ( 0.,  0.) ( 0.,  0.)
 ( 0.,  0.) ( 0.,  0.) ( 0.,  0.) ( 0.,  0.) ( 0.,  0.) ( 0.,  0.)
 ( 0.,  0.) ( 0.,  0.) ( 0.,  0.) ( 0.,  0.) ( 0.,  0.) ( 0.,  0.)
 ( 0.,  0.) ( 0.,  0.) ( 0.,  0.) ( 0.,  0.) ( 0.,  0.) ( 0.,  0.)
 ( 0.,  0.) ( 0.,  0.) ( 0.,  0.) ( 0.,  0.) ( 0.,  0.) ( 0.,  0.)
 ( 0.,  0.) ( 0.,  0.) ( 0.,  0.) ( 0.,  0.) ( 0.,  0.) ( 0.,  0.)
 ( 0.,  0.) ( 0.,  0.) ( 0.,  0.) ( 0.,  0.) ( 0.,  0.) ( 0.,  0.)
 ( 0.,  0.) ( 0.,  0.) ( 0.,  0.) ( 0.,  0.) ( 0.,  0.) ( 0.,  0.)
 ( 0.,  0.) ( 0.,  0.) ( 0.,  0.) ( 0.,  0.) ( 0.,  0.) ( 0.,  0.)
 ( 0.,  0.) ( 0.,  0.) ( 0.,  0.) ( 0.,  0.) ( 0.,  0.) ( 0.,  0.)
 ( 0.,  0.) ( 0.,  0.) ( 0.,  0.) ( 0.,  0.) ( 0.,  0.) ( 0.,  0.)
 ( 0.,  0.) ( 0.,  0.) ( 0.,  0.) ( 0.,  0.) ( 0.,  0.) ( 0.,  0.)
 ( 0.,  0.) ( 0.,  0.) ( 0.,  0.) ( 0.,  0.) ( 0.,  0.) ( 0.,  0.)
 ( 0.,  0.) ( 0.,  0.) ( 0.,  0.) ( 0.,  0.) ( 0.,  0.) ( 0.,  0.)
 ( 0.,  0.) ( 0.,  0.) ( 0.,  0.) ( 0.,  0.) ( 0.,  0.) ( 0.,  0.)
 ( 0.,  0.) ( 0.,  0.) ( 0.,  0.) ( 0.,  0.) ( 0.,  0.) ( 0.,  0.)
 ( 0.,  0.) ( 0.,  0.) ( 0.,  0.) ( 0.,  0.) ( 0.,  0.) ( 0.,  0.)
 ( 0.,  0.) ( 0.,  0.) ( 0.,  0.) ( 0.,  0.) ( 0.,  0.) ( 0.,  0.)
 ( 0.,  0.) ( 0.,  0.) ( 0.,  0.) ( 0.,  0.) ( 0.,  0.) ( 0.,  0.)
 ( 0.,  0.) ( 0.,  0.) ( 0.,  0.) ( 0.,  0.) ( 0.,  0.) ( 0.,  0.)
 ( 0.,  0.) ( 0.,  0.)] 
Solution Description: 
p: [  0.          17.53554117  47.19996294  62.30053615  65.88026605
  65.92539359 100.47267296 150.80322505 212.26822432 213.37332578
 215.62221757   0.          18.67738622  22.23054736  33.40380365
  72.71470479  99.27498465 114.28869404 123.44296878 125.30870097
 149.7330236    0.          43.69294771  65.62806933 129.13041779
 146.94318212 152.58014635 223.22711818 224.96182383 227.33020718
 356.46713377 372.03349726 372.30044247 399.48945834 483.36607678
 483.8265297  484.07266453 496.80620898   0.          45.72329507
  52.53455008  63.51155902  77.20165447  89.86625057 124.51415848
 135.02517232 172.9519645  186.90219551 196.06758318 205.5602204
 231.71405951 260.01623432] 
pred: [ 0  0  0  0  0  0  5  5  5  5  5  0  0  0  0  0  0  0  0  0  8  0  0  0
  2  2  2  2  2  2  8  8  8  8  8  8  8  8  0  0  0  0  0  0  0  6  6  6
  6  6 11 11] 
distance [  0.          17.53554117  47.19996294  62.30053615  65.88026605
  65.92539359  34.54727937  84.87783147 146.34283074 147.44793219
 149.69682399   0.          18.67738622  22.23054736  33.40380365
  72.71470479  99.27498465 114.28869404 123.44296878 125.30870097
  24.42432263   0.          43.69294771  65.62806933  63.50234846
  81.31511279  86.95207702 157.59904885 159.3337545  161.70213785
 129.13692659 144.70329008 144.97023529 172.15925116 256.0358696
 256.49632252 256.74245735 269.4760018    0.          45.72329507
  52.53455008  63.51155902  77.20165447  89.86625057 124.51415848
  10.51101384  48.43780602  62.38803703  71.55342471  81.04606192
  26.15383911  54.45601392]
load: [  0  13  21  31  34  50  13  35  54  68  79   0  22  40  65  70  86 102
 112 119  21   0  10  16  20  40  52  57  74  99   9  28  44  49  52  61
  70  82   0  21  40  46  71  86 101   8  12  26  40  53  13  37] 
time: [  0.         170.         203.         228.39224704 244.56663558
 456.          80.         115.34683757 171.22731303 252.33358633
 322.           0.         182.         195.18455016 202.9955528
 231.80134413 398.         440.23624841 473.3964008  510.10459224
 371.           0.         321.         357.24520703 198.
 215.24054306 317.         444.         473.95303324 520.39404321
 108.         140.15799758 192.         233.04333374 319.
 387.22169751 406.46219392 423.63549066   0.         115.
 308.         325.46934669 414.         443.         485.92676098
 121.         226.         329.         378.         422.56770213
 207.         459.        ] 
time warps: [0 0 0 0 0 0 0 0 0 0 0 0 0 0 0 0 0 0 0 0 0 0 0 0 0 0 0 0 0 0 0 0 0 0 0 0 0
 0 0 0 0 0 0 0 0 0 0 0 0 0 0 0] 
duration: [  0.          23.53554117  73.83796245  95.93853566 103.51826556
 311.61049336  41.54727937 116.87783147 195.34283074 200.44793219
 269.41539141   0.          24.67738622  29.23054736  49.40380365
 105.71470479 284.97668402 320.99039341 347.14466815 353.01040033
  47.42432263   0.          56.69294771  80.62806933  71.50234846
  94.31511279 188.48012876 340.57648414 357.31118979 377.67957314
 131.13692659 167.70329008 193.01987139 244.20888726 361.10328518
 377.5637381  383.80987293 398.54341738   0.          55.72329507
 251.32425496 272.3012639  360.05582284 403.26861412 455.91652202
  17.51101384 155.03431469 244.72426381 305.6796988  325.17233601
  48.15383911 315.00222923]

All individuals: [(37, [10,  9, 16, 13,  7, 41, 31, 44, 32,  9, 42, 46, 35, 37, 34, 10, 45,  6, 27,  3, 48, 11, 22, 36, 26, 29,  8,  5, 17, 18, 16, 13, 33, 20,  4, 19, 14, 28,  1, 47, 24, 12, 21, 38, 40,  2, 15, 25, 23, 30, 39, 43], 1122.17768447, 1122.17768447, 0.,   0.        ,  0.        ,  8.33333333,  1, 50, 26. )
 (37, [10,  9, 16, 13,  7, 41, 31, 44, 32,  9, 42, 46, 35, 37, 34, 10, 45,  6, 27,  3, 48, 11, 22, 36, 26, 29,  8,  5, 17, 18, 16, 13, 33, 20,  4, 19, 14, 28,  1, 47, 24, 12, 21, 38, 40,  2, 15, 25, 23, 30, 39, 43], 1122.17768447, 1122.17768447, 0.,   0.        ,  0.        ,  0.        ,  1, 50, 26. )
 (37, [10,  9, 16, 13,  7, 41, 42,  9, 32, 46, 35, 37, 34, 10, 45, 44, 31, 22,  6, 27,  3, 48, 11, 36, 26, 29,  8,  5, 17, 18, 16, 13, 33, 20,  4, 19, 14, 28,  1, 47, 24, 12, 21, 38, 40,  2, 15, 25, 23, 30, 39, 43], 1311.16968206, 1311.16968206, 0.,   0.        ,  0.        , 12.33333333,  2, 48, 26. )
 (37, [11,  9, 16, 12,  7, 41, 31, 44, 32,  9, 42, 46, 27, 35, 37, 34, 10, 45,  6, 22,  3, 48, 11,  8, 36, 26, 29,  5, 17, 18, 16, 13, 33, 20,  4, 19, 14, 28,  1, 47, 24, 12, 21, 38, 40,  2, 15, 25, 23, 30, 39, 43], 1561.78360286, 1561.78360286, 0.,   0.        ,  0.        , 13.        ,  3, 47, 26.5)
 (37, [10, 10, 16, 12, 18, 31, 44, 32,  9, 41, 42, 46, 35, 37, 34, 10, 45,  6, 27,  3, 48, 11, 22, 36, 26, 29,  8,  5, 17,  7, 16, 13, 33, 20,  4, 19, 14, 28,  1, 47, 24, 12, 21, 38, 40,  2, 15, 25, 23, 30, 39, 43], 1620.81872689, 1620.81872689, 0.,   0.        ,  0.        , 11.33333333,  4, 49, 28.5)
 (37, [ 9,  9, 18, 12,  7, 41, 31, 44, 32,  9, 42, 46, 35, 34, 37, 22, 10, 45,  6, 48,  3, 27, 36, 29,  5, 17, 18, 16, 33, 13,  8, 26, 25, 23, 15,  2, 11, 21, 38, 40, 30, 47, 12, 24, 43, 39, 14, 28, 20,  4, 19,  1], 1623.32999274, 1623.32999274, 0.,   0.        ,  0.        , 33.        ,  5, 13, 11.5)
 (37, [ 9,  8, 16, 15,  7, 41, 31, 44, 32,  9, 42, 28, 46, 35, 37, 22, 34, 10, 45,  6, 27,  3, 48, 11, 36, 26, 29,  8,  5, 17, 18, 16, 13, 33, 20,  4, 19, 14,  1, 47, 24, 12, 21, 38, 40,  2, 15, 25, 23, 30, 39, 43], 1636.21803784, 1639.90321085, 0.,  19.72208214,  0.        , 14.        ,  6, 46, 29. )
 (37, [10,  9, 16, 13,  7, 41, 31, 44, 32,  9, 42, 46, 35, 37, 34, 10, 23, 25, 15,  2, 40, 38, 21, 12, 24, 47,  1, 28, 14, 19,  4, 20, 33, 13, 16, 18, 17,  5,  8, 29, 45,  6, 27,  3, 48, 11, 22, 36, 26, 30, 39, 43], 2233.27203231, 2254.27204715, 0.,  52.70163978,  3.20579957, 26.        ,  7, 45, 29.5)
 (37, [ 6,  9, 17, 16,  7, 41, 31, 44, 32,  9, 42, 46, 35, 37, 22, 34, 10, 45,  6, 27,  3, 48, 11, 36, 26, 29,  8,  5, 30,  2, 40, 38, 21, 12, 24, 47,  1, 28, 14, 19,  4, 20, 33, 13, 16, 18, 17, 15, 25, 23, 39, 43], 2395.32848378, 2712.83601969, 0.,  77.8940468 , 14.57374728, 27.        ,  8, 44, 30. )
 (31, [13, 13, 13,  9,  3, 45, 24,  8, 13, 39, 23, 43,  7, 26,  5, 28,  6, 34,  9, 22, 21,  2, 30, 36, 32, 42, 46,  1, 27, 31, 20, 44, 47, 14, 25, 35, 37, 11, 15, 33, 29, 38, 17, 40, 12, 48, 19, 41,  4, 16, 18, 10], 3449.98219402, 3537.90325072, 0.,  19.8425306 ,  0.        , 32.33333333,  9, 18, 18. )
 (31, [13, 13, 13,  9,  3, 45, 24,  8, 13, 39, 23, 43,  7, 26,  5, 28,  6, 34,  9, 22, 21,  2, 30, 36, 32, 42, 46,  1, 27, 31, 20, 44, 47, 14, 25, 35, 37, 11, 15, 33, 29, 38, 17, 40, 12, 48, 19, 41,  4, 16, 18, 10], 3449.98219402, 3537.90325072, 0.,  19.8425306 ,  0.        , 32.33333333, 10, 21, 20.5)
 (33, [11, 13, 12, 12,  8,  5, 14, 35, 48,  9,  2, 26, 27, 37, 20, 31, 42, 22, 11, 34, 18, 15, 25, 28, 19, 41, 39, 30, 16, 43, 23, 29,  1, 24, 12,  4, 32, 33, 44,  6, 17, 13, 46,  3, 36, 21, 10, 40, 45, 38, 47,  7], 3585.659676  , 3585.659676  , 0.,   0.        ,  0.        , 31.66666667, 12, 28, 26. )
 (33, [11, 13, 12, 12,  8,  5, 14, 35, 48,  9,  2, 26, 27, 37, 20, 31, 42, 22, 11, 34, 18, 15, 25, 28, 19, 41, 39, 30, 16, 43, 23, 29,  1, 24, 12,  4, 32, 33, 44,  6, 17, 13, 46,  3, 36, 21, 10, 40, 45, 38, 47,  7], 3585.659676  , 3585.659676  , 0.,   0.        ,  0.        , 31.66666667, 11, 29, 25.5)
 (44, [14, 13, 11, 10,  2, 15, 11,  9, 36,  4, 45, 37, 10, 21, 17, 28,  7, 47, 46, 41, 39,  1, 20, 44, 31, 48, 35,  5, 24, 16,  6, 42, 12, 13, 33, 29, 22, 30, 18, 23, 26, 19, 34, 32, 14, 40,  8, 27, 25,  3, 43, 38], 3670.92338585, 4156.35628084, 0.,   0.        ,  0.        , 32.33333333, 13, 19, 22.5)
 (44, [14, 13, 11, 10,  2, 15, 11,  9, 36,  4, 45, 37, 10, 21, 17, 28,  7, 47, 46, 41, 39,  1, 20, 44, 31, 48, 35,  5, 24, 16,  6, 42, 12, 13, 33, 29, 22, 30, 18, 23, 26, 19, 34, 32, 14, 40,  8, 27, 25,  3, 43, 38], 3670.92338585, 4156.35628084, 0.,   0.        ,  0.        , 32.33333333, 14, 20, 24. )
 (27, [12, 11, 14, 11, 12,  2, 37, 34,  5, 23, 18, 30, 43, 44, 24, 14, 38, 28, 11, 10,  6, 13,  1, 16,  7, 46, 42, 41, 22, 40, 25, 35, 45, 48, 15, 39,  4, 29, 17,  3, 27, 21,  9, 31, 19, 26, 20, 32,  8, 36, 33, 47], 3732.49533331, 3520.77452952, 0.,  50.63535189, 55.22505   , 47.66666667, 15,  7, 18.5)
 (45, [11, 11, 11, 15, 14,  8, 29, 45, 36, 42, 48, 27,  5, 13,  7, 44, 28, 40, 22,  9,  3, 15, 23, 17, 37, 32, 41, 10, 19, 11, 30, 20, 24, 31,  2, 26, 38, 16,  1, 34,  6, 12, 39, 43, 33, 21, 47, 25, 18, 35, 46,  4], 3743.85268574, 4094.51131583, 0., 112.50782507,  2.94908782, 32.66666667, 16, 14, 23. )
 (45, [11, 11, 11, 15, 14,  8, 29, 45, 36, 42, 48, 27,  5, 13,  7, 44, 28, 40, 22,  9,  3, 15, 23, 17, 37, 32, 41, 10, 19, 11, 30, 20, 24, 31,  2, 26, 38, 16,  1, 34,  6, 12, 39, 43, 33, 21, 47, 25, 18, 35, 46,  4], 3743.85268574, 4094.51131583, 0., 112.50782507,  2.94908782, 32.66666667, 17, 16, 25. )
 (26, [12, 11, 13, 12, 12, 11, 19, 33, 10, 37, 17, 24, 21, 23, 36, 26,  3, 30, 34, 43, 39, 42,  2, 31, 32,  8, 25, 41, 14, 40, 45,  9, 47,  4, 22, 28,  5, 29, 35, 18, 38, 48,  1, 15, 20, 13, 16, 46, 27, 44,  6,  7], 3812.02847812, 3776.80789728, 0.,  31.4199929 ,  0.        , 31.33333333, 18, 30, 33. )
 (26, [12, 11, 13, 12, 12, 11, 19, 33, 10, 37, 17, 24, 21, 23, 36, 26,  3, 30, 34, 43, 39, 42,  2, 31, 32,  8, 25, 41, 14, 40, 45,  9, 47,  4, 22, 28,  5, 29, 35, 18, 38, 48,  1, 15, 20, 13, 16, 46, 27, 44,  6,  7], 3812.02847812, 3776.80789728, 0.,  31.4199929 ,  0.        , 31.33333333, 19, 32, 35. )
 (49, [13, 11, 12, 12, 17, 15, 18, 45, 40, 22, 16,  6, 42,  4, 28, 23, 35, 34, 26, 12, 13, 25, 41, 44, 27, 36, 31, 46,  1,  2,  7, 33, 38, 32, 14, 11,  3, 20, 37, 19, 21, 39,  5,  9, 48, 47, 10, 43, 30,  8, 24, 29], 3865.74239156, 3843.72177715, 0.,  11.0103072 ,  0.        , 30.66666667, 20, 37, 38.5)
 (49, [13, 11, 12, 12, 17, 15, 18, 45, 40, 22, 16,  6, 42,  4, 28, 23, 35, 34, 26, 12, 13, 25, 41, 44, 27, 36, 31, 46,  1,  2,  7, 33, 38, 32, 14, 11,  3, 20, 37, 19, 21, 39,  5,  9, 48, 47, 10, 43, 30,  8, 24, 29], 3865.74239156, 3843.72177715, 0.,  11.0103072 ,  0.        , 30.66666667, 21, 36, 39. )
 (42, [12, 14, 13,  9, 28, 48, 23, 20, 33, 34, 32, 26,  6, 13, 41,  4,  1, 10, 21, 31, 12, 40, 36, 27, 11, 46, 19, 35,  3, 22, 47, 25, 17,  8, 42, 24, 43, 45,  5, 39,  2, 16, 15,  7, 29, 30, 14, 37, 18, 44,  9, 38], 3880.11833192, 3965.80944063, 0.,  79.48615173,  0.        , 48.66666667, 22,  4, 24. )
 (48, [11, 11, 15, 11, 13, 34, 33, 17, 32,  1, 22, 48, 43, 16, 40, 20,  4,  3, 23, 14, 11, 37,  6, 38, 29, 10, 26, 46, 19, 36, 28, 18, 25,  9, 24, 39, 41,  7,  8, 31, 42,  2, 21, 35, 47, 27, 12, 44, 30, 45,  5, 15], 3973.09689178, 4094.64990045, 0.,  60.10566746,  0.        , 32.66666667, 24, 17, 32.5)
 (48, [11, 11, 15, 11, 13, 34, 33, 17, 32,  1, 22, 48, 43, 16, 40, 20,  4,  3, 23, 14, 11, 37,  6, 38, 29, 10, 26, 46, 19, 36, 28, 18, 25,  9, 24, 39, 41,  7,  8, 31, 42,  2, 21, 35, 47, 27, 12, 44, 30, 45,  5, 15], 3973.09689178, 4094.64990045, 0.,  60.10566746,  0.        , 32.66666667, 23, 15, 30.5)
 (39, [12, 13, 10, 13, 33, 42, 17, 14, 22, 23, 28, 15,  1, 24,  4, 38, 20, 26, 16, 32, 43, 18, 39, 30, 36, 35, 27, 46, 37, 34,  3, 13,  7,  6, 11,  2, 45, 19, 10, 25, 47, 29, 12, 21,  8, 44, 48, 31, 41,  5, 40,  9], 3983.58530302, 4106.51105724, 0.,  22.41000125,  8.38189322, 31.33333333, 26, 33, 42.5)
 (39, [12, 13, 10, 13, 33, 42, 17, 14, 22, 23, 28, 15,  1, 24,  4, 38, 20, 26, 16, 32, 43, 18, 39, 30, 36, 35, 27, 46, 37, 34,  3, 13,  7,  6, 11,  2, 45, 19, 10, 25, 47, 29, 12, 21,  8, 44, 48, 31, 41,  5, 40,  9], 3983.58530302, 4106.51105724, 0.,  22.41000125,  8.38189322, 31.33333333, 25, 35, 42.5)
 (32, [14, 11, 11, 12, 31, 19, 35, 28,  8, 23, 40, 33, 48, 10, 36, 37, 47,  6, 22, 20, 44, 39,  5, 13, 30, 42, 32, 29, 43, 46, 45, 41, 14, 25,  4,  2, 27, 11, 24, 15, 21, 38, 17,  9,  1, 12, 16,  3, 18,  7, 26, 34], 4000.1524668 , 3938.76138645, 0.,  30.69554017,  0.        , 32.        , 27, 27, 40.5)
 (32, [14, 11, 11, 12, 31, 19, 35, 28,  8, 23, 40, 33, 48, 10, 36, 37, 47,  6, 22, 20, 44, 39,  5, 13, 30, 42, 32, 29, 43, 46, 45, 41, 14, 25,  4,  2, 27, 11, 24, 15, 21, 38, 17,  9,  1, 12, 16,  3, 18,  7, 26, 34], 4000.1524668 , 3938.76138645, 0.,  30.69554017,  0.        , 32.        , 28, 24, 40. )
 (29, [16, 12, 11,  9, 12, 44, 19, 36, 29, 11, 43, 45, 48, 30, 17, 22, 27, 28,  7, 23, 24, 35, 37,  1, 31, 21, 38, 16, 26, 42, 34, 13,  5, 46, 15, 14,  2, 18,  9, 41,  8, 25,  6, 20, 32, 10,  4,  3, 47, 39, 40, 33], 4023.34361435, 4181.83561263, 0.,   0.        ,  0.        , 50.33333333, 29,  3, 30.5)
 (36, [10, 10, 15, 13, 45, 39, 20,  7, 28, 31, 25, 26,  8, 19, 37, 34, 23, 33, 16, 36, 13, 30, 43, 12,  1, 29,  5, 38, 10, 47, 22, 11, 15, 35,  4,  2, 17, 48, 24,  6, 27, 32, 46, 41, 14, 18,  3,  9, 40, 21, 44, 42], 4044.16819845, 4266.06606111, 0.,  46.96678962,  0.        , 46.66666667, 30, 10, 35. )
 (46, [14, 11, 12, 11, 45, 11,  2, 41, 39, 34, 15,  6, 27, 26, 13,  9, 12, 47, 20, 44, 25, 31, 21, 16, 24, 35,  5,  8, 14, 22, 28, 18, 30, 38, 37, 29,  7,  4, 32,  3, 36, 10, 19, 43, 23, 48, 46,  1, 17, 40, 42, 33], 4051.29620144, 4230.84111714, 0.,  40.80990942,  0.        , 48.        , 31,  6, 34. )
 (24, [12, 12, 13, 11, 47,  3, 11,  7, 36,  4, 35, 34, 17, 23, 29, 43, 15, 24,  2, 32, 41, 28, 13, 14, 26, 25, 37, 40, 27, 48,  6,  1, 19, 46, 16, 45, 39, 44, 30, 22,  5, 33, 42, 21, 38, 12, 31, 20,  9, 18,  8, 10], 4065.9808836 , 4337.39891004, 0., 124.40781429,  0.        , 32.        , 32, 26, 45. )
 (24, [12, 12, 13, 11, 47,  3, 11,  7, 36,  4, 35, 34, 17, 23, 29, 43, 15, 24,  2, 32, 41, 28, 13, 14, 26, 25, 37, 40, 27, 48,  6,  1, 19, 46, 16, 45, 39, 44, 30, 22,  5, 33, 42, 21, 38, 12, 31, 20,  9, 18,  8, 10], 4065.9808836 , 4337.39891004, 0., 124.40781429,  0.        , 32.        , 33, 23, 44.5)
 (38, [13, 12, 11, 12,  6, 39,  4, 27, 25, 45, 12, 30, 38, 18,  2,  7, 10, 21, 37,  3, 40, 24, 33, 32, 17, 15, 35, 16, 48, 34, 42,  5, 36, 31, 26, 28, 14, 13, 41,  1, 22,  9, 43,  8, 23, 44, 19, 20, 11, 47, 29, 46], 4070.64793439, 4093.25795651, 0., 103.12068654,  2.26494345, 30.        , 34, 39, 53.5)
 (38, [13, 12, 11, 12,  6, 39,  4, 27, 25, 45, 12, 30, 38, 18,  2,  7, 10, 21, 37,  3, 40, 24, 33, 32, 17, 15, 35, 16, 48, 34, 42,  5, 36, 31, 26, 28, 14, 13, 41,  1, 22,  9, 43,  8, 23, 44, 19, 20, 11, 47, 29, 46], 4070.64793439, 4093.25795651, 0., 103.12068654,  2.26494345, 30.        , 35, 38, 54. )
 (28, [11, 13, 11, 13, 28, 41, 42, 40, 38,  3, 33, 17, 23, 48, 37, 29,  5, 44, 20, 35, 31, 21,  9, 13, 10, 22,  4, 12, 27, 36, 11, 26, 34, 14, 45, 16, 46, 25,  8, 15, 32,  6, 39,  2, 47,  7, 30,  1, 43, 18, 19, 24], 4086.82074015, 4187.60184765, 0.,  29.43274397,  0.        , 32.        , 36, 22, 47. )
 (28, [11, 13, 11, 13, 28, 41, 42, 40, 38,  3, 33, 17, 23, 48, 37, 29,  5, 44, 20, 35, 31, 21,  9, 13, 10, 22,  4, 12, 27, 36, 11, 26, 34, 14, 45, 16, 46, 25,  8, 15, 32,  6, 39,  2, 47,  7, 30,  1, 43, 18, 19, 24], 4086.82074015, 4187.60184765, 0.,  29.43274397,  0.        , 32.        , 37, 25, 49.5)
 (40, [12, 12, 14, 10, 13, 30, 27,  1,  5,  6,  2, 15, 31, 33, 48, 28,  9, 36, 16, 46,  7, 44, 39, 37, 32, 29, 24, 34, 38, 14, 35, 18, 42, 41, 20, 26, 47, 17, 23, 25, 45, 40, 21,  3,  8, 43, 11, 10, 19, 12,  4, 22], 4112.76351212, 4306.51029669, 0.,  10.60204819,  0.        , 47.66666667, 38,  8, 42. )
 (30, [12, 12, 11, 13, 36, 37, 24, 32, 46, 44, 28, 27, 25, 19,  3, 23, 20,  5,  8, 15, 29, 38,  1,  6, 18, 35, 33, 43,  2, 13, 41, 14, 16, 42, 30, 21, 10,  7, 22, 45, 12, 47, 34, 26, 11, 40, 31, 39,  4,  9, 17, 48], 4157.0701788 , 4210.08012526, 0.,  27.07752032, 14.29599735, 29.33333333, 39, 42, 60. )
 (30, [12, 12, 11, 13, 36, 37, 24, 32, 46, 44, 28, 27, 25, 19,  3, 23, 20,  5,  8, 15, 29, 38,  1,  6, 18, 35, 33, 43,  2, 13, 41, 14, 16, 42, 30, 21, 10,  7, 22, 45, 12, 47, 34, 26, 11, 40, 31, 39,  4,  9, 17, 48], 4157.0701788 , 4210.08012526, 0.,  27.07752032, 14.29599735, 29.33333333, 40, 41, 60.5)
 (43, [12, 12, 11, 13,  1, 25,  4,  5, 41, 16, 39, 44, 32, 38, 29, 22,  9, 28, 11, 26, 47,  8,  2, 34, 42, 30, 43, 35, 27, 20,  6, 17, 19, 31, 46, 36, 45,  7, 15, 14, 10, 40, 13, 12, 48,  3, 23, 18, 37, 21, 33, 24], 4160.94385525, 4123.7048288 , 0.,  36.23435471,  7.48246393, 45.66666667, 41, 12, 47. )
 (47, [12, 12, 10, 14, 24, 28, 25,  2, 35, 37, 11, 26, 10, 43, 44, 23,  4, 42, 29, 15, 20, 13, 22, 45, 31, 36, 46, 38, 12, 47, 39, 19, 30,  1,  5,  6, 18, 48,  3, 17, 14,  9, 27,  8, 40, 16, 33, 32, 41, 21,  7, 34], 4179.88533642, 4163.06464225, 0.,  55.69028886,  6.63572453, 46.33333333, 42, 11, 47.5)
 (41, [11, 13, 14, 10, 10,  2, 48, 46,  3,  5,  1, 38, 37, 17, 36, 32,  9, 25, 18, 40,  8, 34, 20, 30, 27, 14,  4, 12, 31, 16, 43, 45, 13, 47, 28, 41, 44, 24, 35, 33, 19, 42, 23, 11, 26, 15, 21,  6, 39, 22, 29,  7], 4223.35747939, 4326.02128384, 0.,  12.56773598,  0.        , 48.66666667, 44,  5, 46.5)
 (25, [12,  9, 12, 15, 17, 47, 32, 34, 23,  3,  4, 37, 11, 44,  9,  7, 29, 12, 13, 24,  8, 27, 14,  2, 41, 38, 15, 48,  6, 21, 25, 42, 10, 35,  5, 43, 45, 40,  1, 36, 33, 26, 31, 30, 16, 19, 28, 22, 39, 46, 20, 18], 4327.09562658, 4358.75157952, 0.,  28.49210232,  0.        , 51.        , 45,  2, 46. )
 (37, [11, 13, 12, 12, 36, 12, 46, 44, 20, 39,  1,  5, 32, 34,  8, 23,  4, 33, 10, 14, 47, 11, 28, 31, 29, 17, 24, 43, 41, 45, 22, 15,  9, 18,  7, 21, 42, 16,  2, 48, 26, 40, 30, 25,  3, 27, 38, 37,  6, 19, 35, 13], 4353.1333967 , 4389.38955596, 0.,  78.09800722,  0.        , 47.33333333, 46,  9, 50.5)
 (23, [13, 11, 13, 11, 19, 14,  3,  6, 38,  1, 28, 24, 18, 36, 46, 40, 30,  7, 17, 13, 11,  9, 25, 32, 37, 21, 12, 44, 47,  4, 22, 35, 31, 45, 29, 43, 27, 39, 20,  2, 42, 41, 15, 48, 26, 23,  5, 34, 10, 16,  8, 33], 4381.13339233, 4145.89762992, 0., 161.59016219,  0.        , 31.33333333, 48, 34, 65. )
 (23, [13, 11, 13, 11, 19, 14,  3,  6, 38,  1, 28, 24, 18, 36, 46, 40, 30,  7, 17, 13, 11,  9, 25, 32, 37, 21, 12, 44, 47,  4, 22, 35, 31, 45, 29, 43, 27, 39, 20,  2, 42, 41, 15, 48, 26, 23,  5, 34, 10, 16,  8, 33], 4381.13339233, 4145.89762992, 0., 161.59016219,  0.        , 31.33333333, 47, 31, 62.5)
 (35, [12, 13, 10, 13, 48, 23,  7, 21, 43, 10, 32, 22, 29, 47, 19, 33,  9, 16, 15, 28, 39,  4, 46, 17, 38,  1, 41, 14, 44, 12, 30, 45, 25, 34,  8, 36, 37, 31, 42,  2, 26,  3,  5,  6, 27, 20, 18, 11, 40, 24, 13, 35], 4558.5920588 , 4506.32426305, 0.,   4.73754915, 21.39634873, 29.33333333, 49, 40, 69. )
 (35, [12, 13, 10, 13, 48, 23,  7, 21, 43, 10, 32, 22, 29, 47, 19, 33,  9, 16, 15, 28, 39,  4, 46, 17, 38,  1, 41, 14, 44, 12, 30, 45, 25, 34,  8, 36, 37, 31, 42,  2, 26,  3,  5,  6, 27, 20, 18, 11, 40, 24, 13, 35], 4558.5920588 , 4506.32426305, 0.,   4.73754915, 21.39634873, 29.33333333, 50, 43, 71.5)]