
Total Runtime in seconds: 1814.1808750629425Parameters:
population_size: 40/40, max_generations: 500, executed generations: 258, threshold_no_improvement: 250
fitness_scaling: power_rank, selection_method: n_tournaments
p_c: 1.0, p_m: 0.2, NOT YET p_education: 0.0
tournament_size: 2, n_elite: 8/8
survivor_selection_step: 5, p_selection_survival: 0.75 
diversify_step: 20, diversify_step: 20, p_diversify_survival: 0.3
n_closest_neighbors: 3, diversity_weight: 0.5, distance_method: broken_pairs_distance
capacity_penalty_factor: 0.3121700075229882, duration_penalty_factor 0.39779414821354797, time_window_penalty: 0.33149512351128946
Best fitness before/after local search: 1114.5579705691484 / 1114.5579705691484
Best individual found: (10, [10,  9, 16, 13,  7, 41, 31, 44, 32,  9, 42, 46, 35, 37, 34, 10, 45,  6, 27,  3, 48, 11, 22, 28,  4, 19, 14,  1, 16, 18, 17, 20, 33, 13, 29,  8,  5, 26, 36,  2, 15, 25, 23, 30, 39, 47, 24, 12, 38, 40, 21, 43], 1114.55797057, 1096.34048418, 0., 54.95551849, 0., 0., 21, 40, 41.)
Best feasible individual found: (10, [10,  9, 16, 13,  7, 41, 31, 44, 32,  9, 42, 46, 35, 37, 34, 10, 45,  6, 27,  3, 48, 11, 22, 28,  4, 19, 14,  1, 16, 18, 17, 13, 33, 20, 29,  8,  5, 26, 36, 39, 15, 25, 23, 30,  2, 47, 24, 12, 38, 40, 21, 43], 1133.10541747, 1133.10541747, 0., 0., 0., 0., 21, 40, 41.)

Fitness stats min: [1767.35539065 1485.54134011 1283.78458385 1283.78458385 1286.32545513
 1286.32545513 1283.65754029 1283.65754029 1281.12302119 1281.12302119
 1227.16881584 1227.16881584 1227.16881584 1189.38712335 1189.38712335
 1189.38712335 1189.38712335 1189.38712335 1189.38712335 1189.38712335
 1189.38712335 1173.5827356  1173.5827356  1173.5827356  1173.5827356
 1159.53517232 1159.53517232 1154.92652661 1150.415031   1150.415031
 1145.66424364 1142.54359726 1142.54359726 1133.28131429 1133.28131429
 1133.28131429 1133.28131429 1133.28131429 1133.28131429 1133.28131429
 1133.28131429 1133.28131429 1133.28131429 1133.28131429 1133.28131429
 1133.28131429 1133.28131429 1133.28131429 1133.28131429 1133.28131429
 1133.28131429 1133.28131429 1133.28131429 1133.28131429 1133.28131429
 1133.28131429 1133.28131429 1133.28131429 1133.28131429 1133.28131429
 1133.28131429 1133.28131429 1133.28131429 1133.28131429 1133.28131429
 1133.28131429 1133.28131429 1133.28131429 1133.28131429 1133.28131429
 1133.28131429 1133.28131429 1133.28131429 1133.28131429 1133.28131429
 1133.28131429 1133.28131429 1133.28131429 1133.28131429 1133.28131429
 1133.28131429 1133.28131429 1133.28131429 1133.28131429 1133.28131429
 1133.28131429 1133.28131429 1133.28131429 1133.28131429 1133.28131429
 1133.28131429 1133.28131429 1133.28131429 1133.28131429 1133.28131429
 1133.28131429 1133.28131429 1133.28131429 1133.28131429 1133.28131429
 1133.28131429 1133.28131429 1133.28131429 1133.28131429 1133.28131429
 1133.28131429 1133.28131429 1133.28131429 1133.28131429 1133.28131429
 1133.28131429 1133.28131429 1133.28131429 1133.28131429 1133.28131429
 1133.28131429 1133.28131429 1133.28131429 1133.28131429 1133.28131429
 1133.28131429 1133.28131429 1133.28131429 1133.28131429 1133.28131429
 1133.28131429 1133.28131429 1133.28131429 1133.28131429 1133.28131429
 1133.28131429 1133.28131429 1133.28131429 1133.28131429 1133.28131429
 1133.28131429 1133.28131429 1133.28131429 1133.28131429 1133.28131429
 1133.28131429 1133.28131429 1133.28131429 1133.28131429 1133.28131429
 1133.28131429 1133.28131429 1133.28131429 1133.28131429 1133.28131429
 1133.28131429 1133.28131429 1133.28131429 1133.28131429 1133.28131429
 1133.28131429 1133.28131429 1133.28131429 1133.28131429 1133.28131429
 1133.28131429 1133.28131429 1133.10541747 1133.10541747 1133.10541747
 1133.10541747 1133.10541747 1133.10541747 1133.10541747 1133.10541747
 1133.10541747 1133.10541747 1133.10541747 1133.10541747 1133.10541747
 1133.10541747 1133.10541747 1133.10541747 1133.10541747 1133.10541747
 1133.10541747 1133.10541747 1133.10541747 1133.10541747 1125.2903839
 1125.2903839  1125.94734987 1125.94734987 1125.2575356  1125.2575356
 1125.91285916 1125.91285916 1125.22476942 1125.22476942 1124.57108417
 1124.57108417 1125.19208516 1125.19208516 1124.54003412 1124.54003412
 1125.15948261 1125.15948261 1124.5090617  1124.5090617  1123.89116184
 1123.89116184 1123.30415697 1123.30415697 1122.74650234 1122.74650234
 1123.27627423 1123.27627423 1122.72001374 1122.72001374 1122.19156628
 1122.19156628 1121.68954119 1121.68954119 1121.21261735 1121.21261735
 1121.66569499 1121.66569499 1121.18996347 1121.18996347 1120.73801851
 1120.73801851 1121.16736622 1121.16736622 1120.71655113 1120.71655113
 1121.14482546 1121.14482546 1120.69513741 1120.69513741 1120.26793376
 1120.26793376 1119.8620903  1119.8620903  1119.476539   1119.476539
 1119.84281273 1119.84281273 1119.45822532 1119.45822532 1119.09286727
 1119.09286727 1118.74577713 1118.74577713 1118.4160415  1118.4160415
 1118.72929035 1118.72929035 1118.40037905 1118.40037905 1118.08791332
 1118.08791332 1117.79107088 1117.79107088 1114.55797057] 

Fitness stats feasible min: [   0.            0.         1305.86241406 1293.4523123  1293.4523123
 1293.4523123  1293.4523123  1293.4523123  1293.4523123  1289.95273217
 1227.16881584 1227.16881584 1227.16881584 1189.38712335 1189.38712335
 1189.38712335 1189.38712335 1189.38712335 1189.38712335 1189.38712335
 1189.38712335 1173.5827356  1173.5827356  1173.5827356  1173.5827356
 1159.53517232 1159.53517232 1154.92652661 1150.415031   1150.415031
 1145.66424364 1142.54359726 1142.54359726 1133.28131429 1133.28131429
 1133.28131429 1133.28131429 1133.28131429 1133.28131429 1133.28131429
 1133.28131429 1133.28131429 1133.28131429 1133.28131429 1133.28131429
 1133.28131429 1133.28131429 1133.28131429 1133.28131429 1133.28131429
 1133.28131429 1133.28131429 1133.28131429 1133.28131429 1133.28131429
 1133.28131429 1133.28131429 1133.28131429 1133.28131429 1133.28131429
 1133.28131429 1133.28131429 1133.28131429 1133.28131429 1133.28131429
 1133.28131429 1133.28131429 1133.28131429 1133.28131429 1133.28131429
 1133.28131429 1133.28131429 1133.28131429 1133.28131429 1133.28131429
 1133.28131429 1133.28131429 1133.28131429 1133.28131429 1133.28131429
 1133.28131429 1133.28131429 1133.28131429 1133.28131429 1133.28131429
 1133.28131429 1133.28131429 1133.28131429 1133.28131429 1133.28131429
 1133.28131429 1133.28131429 1133.28131429 1133.28131429 1133.28131429
 1133.28131429 1133.28131429 1133.28131429 1133.28131429 1133.28131429
 1133.28131429 1133.28131429 1133.28131429 1133.28131429 1133.28131429
 1133.28131429 1133.28131429 1133.28131429 1133.28131429 1133.28131429
 1133.28131429 1133.28131429 1133.28131429 1133.28131429 1133.28131429
 1133.28131429 1133.28131429 1133.28131429 1133.28131429 1133.28131429
 1133.28131429 1133.28131429 1133.28131429 1133.28131429 1133.28131429
 1133.28131429 1133.28131429 1133.28131429 1133.28131429 1133.28131429
 1133.28131429 1133.28131429 1133.28131429 1133.28131429 1133.28131429
 1133.28131429 1133.28131429 1133.28131429 1133.28131429 1133.28131429
 1133.28131429 1133.28131429 1133.28131429 1133.28131429 1133.28131429
 1133.28131429 1133.28131429 1133.28131429 1133.28131429 1133.28131429
 1133.28131429 1133.28131429 1133.28131429 1133.28131429 1133.28131429
 1133.28131429 1133.28131429 1133.28131429 1133.28131429 1133.28131429
 1133.28131429 1133.28131429 1133.10541747 1133.10541747 1133.10541747
 1133.10541747 1133.10541747 1133.10541747 1133.10541747 1133.10541747
 1133.10541747 1133.10541747 1133.10541747 1133.10541747 1133.10541747
 1133.10541747 1133.10541747 1133.10541747 1133.10541747 1133.10541747
 1133.10541747 1133.10541747 1133.10541747 1133.10541747 1133.10541747
 1133.10541747 1133.10541747 1133.10541747 1133.10541747 1133.10541747
 1133.10541747 1133.10541747 1133.10541747 1133.10541747 1133.10541747
 1133.10541747 1133.10541747 1133.10541747 1133.10541747 1133.10541747
 1133.10541747 1133.10541747 1133.10541747 1133.10541747 1133.10541747
 1133.10541747 1133.10541747 1133.10541747 1133.10541747 1133.10541747
 1133.10541747 1133.10541747 1133.10541747 1133.10541747 1133.10541747
 1133.10541747 1133.10541747 1133.10541747 1133.10541747 1133.10541747
 1133.10541747 1133.10541747 1133.10541747 1133.10541747 1133.10541747
 1133.10541747 1133.10541747 1133.10541747 1133.10541747 1133.10541747
 1133.10541747 1133.10541747 1133.10541747 1133.10541747 1133.10541747
 1133.10541747 1133.10541747 1133.10541747 1133.10541747 1133.10541747
 1133.10541747 1133.10541747 1133.10541747 1133.10541747 1133.10541747
 1133.10541747 1133.10541747 1133.10541747 1133.10541747 1133.10541747
 1133.10541747 1133.10541747 1133.10541747 1133.10541747 1133.10541747
 1133.10541747 1133.10541747 1133.10541747 1133.10541747] 

Fitness stats avg: [ 7273.95539192  6548.80871944  5958.48189887  5165.47694094
 13740.60030811  8381.52244734  4608.36023442  4108.85759166
  3004.81288609 12017.68917066  4703.09884427  2358.62989967
  2034.61099695  1956.62212818 11734.30554793  6296.86924417
  2535.41729354  2081.1387299   1729.11595024 10280.22253918
  3851.288062    2064.39054325  1920.10680775  1677.24673314
 10443.21836108  6296.73918315  2446.99261545  1825.96882449
  1354.57218893 10270.50369792  6409.16790485  3900.40501718
  2095.98763431  1678.64167444 10202.12656146  6834.293026
  3338.84914204  1795.77816401  1405.15016275  9993.68161872
  7123.24339587  4353.15630413  2792.06401064  1981.27899162
  9536.13197867  6467.24088464  2654.32440762  1370.2586438
  1273.25872764 10482.25878738  6986.92068445  3452.72887612
  2499.49665354  7142.03873825  9565.46166875  5299.13078226
  3517.85197196  1870.25313448  1383.56466254  9178.35509164
  7040.32557428  4402.27505637  3558.0719803   2227.16548326
  8769.56066248  5122.85938744  2792.93828418  1794.64120257
  1486.78829303  9050.18478435  6987.13935904  4307.70503173
  2039.13746988  5950.44165694  7770.20814904  4117.72877944
  2026.48258641  1378.24384742  1325.84566522  8324.54167733
  6918.57455899  4835.48339155  3186.91512648  1774.68545576
  8586.16320829  5848.09745636  3679.73066935  2355.5719521
  1569.97544325  7396.48871241  4622.05411999  2171.45846167
  1304.70608609  5149.79234936  7301.32322541  4729.00785532
  3077.1755921   2403.50936272  2235.71265795  5996.65801343
  3361.46998142  1954.23229868  1400.42737143  1201.59655594
  6415.57983197  3659.37410118  1700.76500869  1362.17355215
  1268.32934832  6242.9271544   4237.47613939  2549.67549282
  1683.47567298  4265.22728184  5539.94179008  3876.6335069
  2247.82564119  1605.06010648  1462.67619684  5332.80210377
  4215.50785009  2522.46972176  1978.84536189  1541.81586845
  5618.09642321  4408.0042087   3125.56128411  2149.43685974
  1565.9259379   6016.82188872  3944.41307876  2527.82035674
  1567.54631571  4109.98719619  5592.55810668  4817.93347181
  3757.97305577  2299.42595665  1755.40985355  5746.37829438
  4567.93807082  3097.82048627  2238.16540091  1674.01724649
  5355.52689585  4041.37497885  2928.26662458  2321.51786338
  1988.36097108  4831.10472139  2785.67318889  1875.19168938
  1243.42338949  4053.18806177  5378.50167035  4358.01719154
  2741.20732253  1714.78816639  1518.64731597  5060.30396897
  3151.52526409  2359.53894056  1583.96491534  1318.54504223
  5474.76591355  4079.25427325  2872.87381435  2054.90721208
  1575.3677269   4371.56678591  3150.0735928   1837.65053321
  1544.47833418  1452.459594    5063.62887721  3739.73923654
  2671.05421594  2021.87925392  1582.66392049  5084.1400605
  3778.12264342  2824.85243087  3681.54433159  2203.62645199
  4881.57732717  3787.37068458  2433.09272913  1852.4431869
  1406.34847502  4588.45362231  2492.80005818  1518.98685356
  1271.79419629  1196.28551031  4886.9764148   3925.48468474
  2499.91779272  2016.54437737  1465.42570635  4882.83300678
  3885.98482759  2092.76557509  1645.7374502   1292.92656662
  4738.20439278  3278.67875179  1962.331545    1586.78244687
  1376.38279315  4563.36273239  3296.16286805  2192.6359704
  1369.45088994  1228.45923826  4604.79583204  3354.52265397
  2020.6331071   1588.65109577  1261.36422329  4301.89662153
  3192.69295355  1968.09378128  1442.47732571  1329.79320152
  4446.07839705  3421.23817818  2324.55401267  1600.84691708
  1310.02783235  4358.08519447  3177.03278372  1804.92031807
  1369.12108853  1315.71087371  4136.2356797   3386.07409005
  2240.59856296  1666.77147206  1277.53199358  4091.08254257
  2836.85038424  1470.75586045  1217.33926985  1154.54230555
  3940.75675191  2038.83174387  1445.35031133  1304.72903085
  1162.85373249  3906.91573812  3265.60367632  2153.12813814
  1523.151825    1287.12013072  3933.18615474  2482.22446425
  1598.62550697  1280.10199573  1216.75691033] 

Feasible stats: [ 7273.95539192  6548.80871944  5958.48189887  5165.47694094
 13740.60030811  8381.52244734  4608.36023442  4108.85759166
  3004.81288609 12017.68917066  4703.09884427  2358.62989967
  2034.61099695  1956.62212818 11734.30554793  6296.86924417
  2535.41729354  2081.1387299   1729.11595024 10280.22253918
  3851.288062    2064.39054325  1920.10680775  1677.24673314
 10443.21836108  6296.73918315  2446.99261545  1825.96882449
  1354.57218893 10270.50369792  6409.16790485  3900.40501718
  2095.98763431  1678.64167444 10202.12656146  6834.293026
  3338.84914204  1795.77816401  1405.15016275  9993.68161872
  7123.24339587  4353.15630413  2792.06401064  1981.27899162
  9536.13197867  6467.24088464  2654.32440762  1370.2586438
  1273.25872764 10482.25878738  6986.92068445  3452.72887612
  2499.49665354  7142.03873825  9565.46166875  5299.13078226
  3517.85197196  1870.25313448  1383.56466254  9178.35509164
  7040.32557428  4402.27505637  3558.0719803   2227.16548326
  8769.56066248  5122.85938744  2792.93828418  1794.64120257
  1486.78829303  9050.18478435  6987.13935904  4307.70503173
  2039.13746988  5950.44165694  7770.20814904  4117.72877944
  2026.48258641  1378.24384742  1325.84566522  8324.54167733
  6918.57455899  4835.48339155  3186.91512648  1774.68545576
  8586.16320829  5848.09745636  3679.73066935  2355.5719521
  1569.97544325  7396.48871241  4622.05411999  2171.45846167
  1304.70608609  5149.79234936  7301.32322541  4729.00785532
  3077.1755921   2403.50936272  2235.71265795  5996.65801343
  3361.46998142  1954.23229868  1400.42737143  1201.59655594
  6415.57983197  3659.37410118  1700.76500869  1362.17355215
  1268.32934832  6242.9271544   4237.47613939  2549.67549282
  1683.47567298  4265.22728184  5539.94179008  3876.6335069
  2247.82564119  1605.06010648  1462.67619684  5332.80210377
  4215.50785009  2522.46972176  1978.84536189  1541.81586845
  5618.09642321  4408.0042087   3125.56128411  2149.43685974
  1565.9259379   6016.82188872  3944.41307876  2527.82035674
  1567.54631571  4109.98719619  5592.55810668  4817.93347181
  3757.97305577  2299.42595665  1755.40985355  5746.37829438
  4567.93807082  3097.82048627  2238.16540091  1674.01724649
  5355.52689585  4041.37497885  2928.26662458  2321.51786338
  1988.36097108  4831.10472139  2785.67318889  1875.19168938
  1243.42338949  4053.18806177  5378.50167035  4358.01719154
  2741.20732253  1714.78816639  1518.64731597  5060.30396897
  3151.52526409  2359.53894056  1583.96491534  1318.54504223
  5474.76591355  4079.25427325  2872.87381435  2054.90721208
  1575.3677269   4371.56678591  3150.0735928   1837.65053321
  1544.47833418  1452.459594    5063.62887721  3739.73923654
  2671.05421594  2021.87925392  1582.66392049  5084.1400605
  3778.12264342  2824.85243087  3681.54433159  2203.62645199
  4881.57732717  3787.37068458  2433.09272913  1852.4431869
  1406.34847502  4588.45362231  2492.80005818  1518.98685356
  1271.79419629  1196.28551031  4886.9764148   3925.48468474
  2499.91779272  2016.54437737  1465.42570635  4882.83300678
  3885.98482759  2092.76557509  1645.7374502   1292.92656662
  4738.20439278  3278.67875179  1962.331545    1586.78244687
  1376.38279315  4563.36273239  3296.16286805  2192.6359704
  1369.45088994  1228.45923826  4604.79583204  3354.52265397
  2020.6331071   1588.65109577  1261.36422329  4301.89662153
  3192.69295355  1968.09378128  1442.47732571  1329.79320152
  4446.07839705  3421.23817818  2324.55401267  1600.84691708
  1310.02783235  4358.08519447  3177.03278372  1804.92031807
  1369.12108853  1315.71087371  4136.2356797   3386.07409005
  2240.59856296  1666.77147206  1277.53199358  4091.08254257
  2836.85038424  1470.75586045  1217.33926985  1154.54230555
  3940.75675191  2038.83174387  1445.35031133  1304.72903085
  1162.85373249  3906.91573812  3265.60367632  2153.12813814
  1523.151825    1287.12013072  3933.18615474  2482.22446425
  1598.62550697  1280.10199573  1216.75691033] 
Solution Description: 
p: [  0.          17.53554117  47.19996294  62.30053615  65.88026605
  65.92539359 100.47267296 150.80322505 212.26822432 213.37332578
 215.62221757   0.          18.67738622  22.23054736  33.40380365
  72.71470479  99.27498465 114.28869404 123.44296878 125.30870097
 149.7330236    0.          29.55843142  62.28260869 146.15922713
 146.61968006 156.18632911 163.06846707 223.58210366 275.7534645
 344.6562807  388.83354839 433.58318005 433.59963127 451.41239561
 457.04935984 480.2073167  504.76260915   0.          10.51101384
  48.43780602  62.38803703  71.55342471  81.04606192 107.19990103
 141.5057873  148.31704232 159.29405125 169.41805247 204.06596037
 230.57618517 244.44012025] 
pred: [0 0 0 0 0 0 5 5 5 5 5 0 0 0 0 0 0 0 0 0 8 0 0 0 0 0 0 0 0 0 8 8 8 8 8 8 8
 8 0 0 0 0 0 0 5 5 5 5 5 5 5 5] 
distance [  0.          17.53554117  47.19996294  62.30053615  65.88026605
  65.92539359  34.54727937  84.87783147 146.34283074 147.44793219
 149.69682399   0.          18.67738622  22.23054736  33.40380365
  72.71470479  99.27498465 114.28869404 123.44296878 125.30870097
  24.42432263   0.          29.55843142  62.28260869 146.15922713
 146.61968006 156.18632911 163.06846707 223.58210366 275.7534645
  68.9028162  100.22060363 144.97023529 144.98668651 162.79945084
 168.43641507 191.59437193 216.14966439   0.          10.51101384
  48.43780602  62.38803703  71.55342471  81.04606192  26.15383911
  55.10171926  61.91297427  72.88998321  83.01398442 117.66189232
 144.17211712 158.0360522 ]
load: [  0  13  21  31  34  50  13  35  54  68  79   0  22  40  65  70  86 102
 112 119  21   0   9  14  17  26  38  63  80  85  16  35  44  64  84  96
 102 112   0   8  12  26  40  53  13  34  53  59  74  89 114 138] 
time: [  0.         170.         203.         228.39224704 244.56663558
 456.          80.         115.34683757 171.22731303 252.33358633
 322.           0.         182.         195.18455016 202.9955528
 231.80134413 398.         440.23624841 473.3964008  510.10459224
 371.           0.         257.         279.90630276 345.84518954
 414.06688705 441.06764997 460.75489566 510.19590563 552.14893888
 192.         179.         230.15799758 264.99173786 282.23228092
 317.         357.35052296 382.59572999   0.         121.
 226.         329.         378.         422.56770213 207.
 232.         308.         325.46934669 443.         485.92676098
 540.37092398 565.50372469] 
time warps: [ 0.          0.          0.          0.          0.          0.
  0.          0.          0.          0.          0.          0.
  0.          0.          0.          0.          0.          0.
  0.          0.          0.          0.          0.          0.
  0.          0.          0.          0.          0.          0.
  0.         38.79236632 38.79236632 38.79236632 38.79236632 38.79236632
 38.79236632 38.79236632  0.          0.          0.          0.
  0.          0.          0.         16.16315217 16.16315217 16.16315217
 16.16315217 16.16315217 16.16315217 16.16315217] 
duration: [  0.          23.53554117  73.83796245  95.93853566 103.51826556
 311.61049336  41.54727937 116.87783147 195.34283074 200.44793219
 269.41539141   0.          24.67738622  29.23054736  49.40380365
 105.71470479 284.97668402 320.99039341 347.14466815 353.01040033
  47.42432263   0.          35.55843142  92.28260869 189.15922713
 205.61968006 217.18632911 242.06846707 317.58210366 372.7534645
  78.9028162  131.22060363 177.97023529 185.98668651 208.79945084
 235.97272895 261.13068581 298.68597827   0.          17.51101384
 155.03431469 244.72426381 305.6796988  325.17233601  48.15383911
  87.10171926 165.70267915 186.67968809 317.64703831 370.29494621
 400.80517101 437.66910609]

All individuals: [(10, [10,  9, 16, 13,  7, 41, 31, 44, 32,  9, 42, 46, 35, 37, 22, 34, 10, 45,  6, 27,  3, 48, 11, 28,  4, 19, 14,  1, 16, 18, 17, 13, 33, 20, 29,  8,  5, 26, 36,  2, 15, 25, 23, 30, 39, 47, 24, 12, 38, 40, 21, 43], 1117.50907056, 1112.15106443, 0.,  16.16315217,  0.        ,  1.        ,  1, 22, 12. )
 (10, [10,  9, 16, 13,  7, 41, 31, 44, 32,  9, 42, 46, 35, 37, 22, 34, 10, 45,  6, 27,  3, 48, 11, 28,  4, 19, 14,  1, 16, 18, 17, 13, 33, 20, 29,  8,  5, 26, 36,  2, 15, 25, 23, 30, 39, 47, 24, 12, 38, 40, 21, 43], 1117.50907056, 1112.15106443, 0.,  16.16315217,  0.        ,  1.        ,  2, 21, 12.5)
 (10, [10,  9, 16, 13,  7, 41, 31, 44, 32,  9, 42, 46, 35, 37, 22, 34, 10, 45,  6, 27,  3, 48, 11, 28,  4, 19, 14,  1, 16, 18, 17, 13, 33, 20, 29,  8,  5, 26, 36,  2, 15, 25, 23, 30, 39, 47, 24, 12, 38, 40, 21, 43], 1117.50907056, 1112.15106443, 0.,  16.16315217,  0.        ,  1.        ,  3, 20, 13. )
 (10, [10,  9, 16, 13,  7, 41, 31, 44, 32,  9, 42, 46, 35, 37, 22, 34, 10, 45,  6, 27,  3, 48, 11, 28,  4, 19, 14,  1, 16, 18, 17, 13, 33, 20, 29,  8,  5, 26, 36,  2, 15, 25, 23, 30, 39, 47, 24, 12, 40, 38, 21, 43], 1118.35670733, 1112.9987012 , 0.,  16.16315217,  0.        ,  3.        ,  4, 12, 10. )
 (10, [10,  9, 16, 13,  7, 41, 31, 44, 32,  9, 42, 46, 35, 37, 34, 10, 45,  6, 27,  3, 48, 11, 22, 28,  4, 19, 14,  1, 16, 18, 17, 13, 33, 20, 29,  8,  5, 26, 36, 15, 25, 23, 30,  2, 39, 47, 24, 12, 40, 38, 21, 43], 1126.74265623, 1117.4642554 , 0.,  16.16315217,  9.85533528,  3.        ,  5, 17, 13.5)
 (10, [10,  9, 16, 13,  7, 41, 31, 44, 32,  9, 42, 46, 35, 37, 34, 10, 45,  6, 27,  3, 48, 11, 22, 28,  4, 19, 14,  1, 16, 18, 17, 13, 33, 20, 29,  8,  5, 26, 36, 15, 25, 23, 30,  2, 39, 47, 24, 12, 40, 38, 21, 43], 1126.74265623, 1117.4642554 , 0.,  16.16315217,  9.85533528,  3.        ,  6, 18, 15. )
 (10, [10,  9, 16, 13,  7, 41, 31, 44, 32,  9, 42, 46, 35, 37, 22, 34, 10, 45,  6, 27,  3, 48, 11, 28,  4, 19, 14,  1, 16, 18, 17, 13, 33, 20, 29,  8,  5, 26, 36, 15, 25, 23, 30,  2, 39, 47, 24, 12, 40, 38, 21, 43], 1126.74265623, 1117.4642554 , 0.,  16.16315217,  9.85533528,  3.        ,  7, 13, 13.5)
 (10, [10,  9, 16, 13,  7, 41, 31, 44, 32,  9, 42, 46, 35, 37, 22, 34, 10, 45,  6, 27,  3, 48, 11, 28,  4, 19, 14,  1, 16, 18, 17, 13, 33, 20, 29,  8,  5, 26, 36, 15, 25, 23, 30,  2, 39, 47, 24, 12, 38, 40, 21, 43], 1128.27874447, 1116.61661863, 0.,  16.16315217, 15.84769346,  3.        ,  8, 14, 15. )
 (10, [10,  9, 16, 13,  7, 41, 31, 44, 32,  9, 42, 46, 35, 37, 34, 10, 45,  6, 27,  3, 48, 11, 22, 28,  4, 19, 14,  1, 16, 18, 17, 13, 33, 20, 29,  8,  5, 26, 36, 30, 15, 25, 23,  2, 39, 47, 24, 12, 38, 40, 21, 43], 1130.57098436, 1110.63961007, 0.,  41.10846164, 15.84769346,  5.        ,  9,  7, 12.5)
 (10, [10,  9, 16, 13,  7, 41, 31, 44, 32,  9, 42, 46, 35, 37, 22, 34, 10, 45,  6, 27,  3, 48, 11, 28,  4, 19, 14,  1, 16, 18, 17, 13, 33, 20, 29,  8,  5, 26, 36, 39, 15, 25, 23, 30,  2, 47, 24, 12, 38, 40, 21, 43], 1133.10541747, 1133.10541747, 0.,   0.        ,  0.        ,  0.        , 10, 32, 26. )
 (10, [10,  9, 16, 13,  7, 41, 31, 44, 32,  9, 42, 46, 35, 37, 34, 10, 45,  6, 27,  3, 48, 11, 22, 28,  4, 19, 14,  1, 16, 18, 17, 13, 33, 20, 29,  8,  5, 26, 36, 39, 15, 25, 23, 30,  2, 47, 24, 12, 38, 40, 21, 43], 1133.10541747, 1133.10541747, 0.,   0.        ,  0.        ,  0.        , 11, 34, 28. )
 (10, [10,  9, 16, 13,  7, 41, 31, 44, 32,  9, 42, 46, 35, 37, 34, 10, 45,  6, 27,  3, 48, 11, 22, 28,  4, 19, 14,  1, 16, 18, 17, 13, 33, 20, 29,  8,  5, 26, 36, 39, 15, 25, 23, 30,  2, 47, 24, 12, 38, 40, 21, 43], 1133.10541747, 1133.10541747, 0.,   0.        ,  0.        ,  0.        , 12, 36, 30. )
 (10, [10,  9, 16, 13,  7, 41, 31, 44, 32,  9, 42, 46, 35, 37, 22, 34, 10, 45,  6, 27,  3, 48, 11, 28,  4, 19, 14,  1, 16, 18, 17, 13, 33, 20, 29,  8,  5, 26, 36, 39, 15, 25, 23, 30,  2, 47, 24, 12, 38, 40, 21, 43], 1133.10541747, 1133.10541747, 0.,   0.        ,  0.        ,  0.        , 13, 37, 31.5)
 (10, [10,  9, 16, 13,  7, 41, 31, 44, 32,  9, 42, 46, 35, 37, 34, 10, 45,  6, 27,  3, 48, 11, 22, 28,  4, 19, 14,  1, 16, 18, 17, 13, 33, 20, 29,  8,  5, 26, 36, 39, 15, 25, 23, 30,  2, 47, 24, 12, 38, 40, 21, 43], 1133.10541747, 1133.10541747, 0.,   0.        ,  0.        ,  0.        , 14, 30, 29. )
 (10, [10,  9, 16, 13,  7, 41, 31, 44, 32,  9, 42, 46, 35, 37, 34, 10, 45,  6, 27,  3, 48, 11, 22, 28,  4, 19, 14,  1, 16, 18, 17, 13, 33, 20, 29,  8,  5, 26, 36, 39, 15, 25, 23, 30,  2, 47, 24, 12, 38, 40, 21, 43], 1133.10541747, 1133.10541747, 0.,   0.        ,  0.        ,  0.        , 15, 38, 34. )
 (10, [10,  9, 16, 13,  7, 41, 31, 44, 32,  9, 42, 46, 35, 37, 34, 10, 45,  6, 27,  3, 48, 11, 22, 28,  4, 19, 14,  1, 16, 18, 17, 13, 33, 20, 29,  8,  5, 26, 36, 39, 15, 25, 23, 30,  2, 47, 24, 12, 38, 40, 21, 43], 1133.10541747, 1133.10541747, 0.,   0.        ,  0.        ,  0.        , 16, 28, 30. )
 (10, [10,  9, 16, 13,  7, 41, 31, 44, 32,  9, 42, 46, 35, 37, 34, 10, 45,  6, 27,  3, 48, 11, 22, 28,  4, 19, 14,  1, 16, 18, 17, 13, 33, 20, 29,  8,  5, 26, 36, 39, 15, 25, 23, 30,  2, 47, 24, 12, 38, 40, 21, 43], 1133.10541747, 1133.10541747, 0.,   0.        ,  0.        ,  0.        , 17, 39, 36.5)
 (10, [10,  9, 16, 13,  7, 41, 31, 44, 32,  9, 42, 46, 35, 37, 34, 10, 45,  6, 27,  3, 48, 11, 22, 28,  4, 19, 14,  1, 16, 18, 17, 13, 33, 20, 29,  8,  5, 26, 36, 39, 15, 25, 23, 30,  2, 47, 24, 12, 38, 40, 21, 43], 1133.10541747, 1133.10541747, 0.,   0.        ,  0.        ,  0.        , 18, 33, 34.5)
 (10, [10,  9, 16, 13,  7, 41, 31, 44, 32,  9, 42, 46, 35, 37, 22, 34, 10, 45,  6, 27,  3, 48, 11, 28,  4, 19, 14,  1, 16, 18, 17, 13, 33, 20, 29,  8,  5, 26, 36, 39, 15, 25, 23, 30,  2, 47, 24, 12, 38, 40, 21, 43], 1133.10541747, 1133.10541747, 0.,   0.        ,  0.        ,  0.        , 19, 23, 30.5)
 (10, [10,  9, 16, 13,  7, 41, 31, 44, 32,  9, 42, 46, 35, 37, 34, 10, 45,  6, 27,  3, 48, 11, 22, 28,  4, 19, 14,  1, 16, 18, 17, 13, 33, 20, 29,  8,  5, 26, 36, 39, 15, 25, 23, 30,  2, 47, 24, 12, 38, 40, 21, 43], 1133.10541747, 1133.10541747, 0.,   0.        ,  0.        ,  0.        , 20, 24, 32. )
 (10, [10,  9, 16, 13,  7, 41, 31, 44, 32,  9, 42, 46, 35, 37, 34, 10, 45,  6, 27,  3, 48, 11, 22, 28,  4, 19, 14,  1, 16, 18, 17, 13, 33, 20, 29,  8,  5, 26, 36, 39, 15, 25, 23, 30,  2, 47, 24, 12, 38, 40, 21, 43], 1133.10541747, 1133.10541747, 0.,   0.        ,  0.        ,  0.        , 21, 40, 41. )
 (10, [10,  9, 16, 13,  7, 41, 31, 44, 32,  9, 42, 46, 35, 37, 34, 10, 45,  6, 27,  3, 48, 11, 22, 28,  4, 19, 14,  1, 16, 18, 17, 13, 33, 20, 29,  8,  5, 26, 36, 39, 15, 25, 23, 30,  2, 47, 24, 12, 38, 40, 21, 43], 1133.10541747, 1133.10541747, 0.,   0.        ,  0.        ,  0.        , 22, 31, 37.5)
 (10, [10,  9, 16, 13,  7, 41, 31, 44, 32,  9, 42, 46, 35, 37, 34, 10, 45,  6, 27,  3, 48, 11, 22, 28,  4, 19, 14,  1, 16, 18, 17, 13, 33, 20, 29,  8,  5, 26, 36, 39, 15, 25, 23, 30,  2, 47, 24, 12, 38, 40, 21, 43], 1133.10541747, 1133.10541747, 0.,   0.        ,  0.        ,  0.        , 23, 25, 35.5)
 (10, [10,  9, 16, 13,  7, 41, 31, 44, 32,  9, 42, 46, 35, 37, 34, 10, 45,  6, 27,  3, 48, 11, 22, 28,  4, 19, 14,  1, 16, 18, 17, 13, 33, 20, 29,  8,  5, 26, 36, 39, 15, 25, 23, 30,  2, 47, 24, 12, 38, 40, 21, 43], 1133.10541747, 1133.10541747, 0.,   0.        ,  0.        ,  0.        , 24, 35, 41.5)
 (10, [10,  9, 16, 13,  7, 41, 31, 44, 32,  9, 42, 46, 35, 37, 34, 10, 45,  6, 27,  3, 48, 11, 22, 28,  4, 19, 14,  1, 16, 18, 17, 13, 33, 20, 29,  8,  5, 26, 36, 39, 15, 25, 23, 30,  2, 47, 24, 12, 38, 40, 21, 43], 1133.10541747, 1133.10541747, 0.,   0.        ,  0.        ,  0.        , 25, 26, 38. )
 (10, [10,  9, 16, 13,  7, 41, 31, 44, 32,  9, 42, 46, 35, 37, 22, 34, 10, 45,  6, 27,  3, 48, 11, 28,  4, 19, 14,  1, 16, 18, 17, 13, 33, 20, 29,  8,  5, 26, 36, 39, 15, 25, 23, 30,  2, 47, 24, 12, 38, 40, 21, 43], 1133.10541747, 1133.10541747, 0.,   0.        ,  0.        ,  0.        , 26, 29, 40.5)
 (10, [10,  9, 16, 13,  7, 41, 31, 44, 32,  9, 42, 46, 35, 37, 34, 10, 45,  6, 27,  3, 48, 11, 22, 28,  4, 19, 14,  1, 16, 18, 17, 13, 33, 20, 29,  8,  5, 26, 36, 39, 15, 25, 23, 30,  2, 47, 24, 12, 38, 40, 21, 43], 1133.10541747, 1133.10541747, 0.,   0.        ,  0.        ,  0.        , 27, 27, 40.5)
 (10, [10,  9, 16, 13,  7, 41, 31, 44, 32,  9, 42, 46, 35, 37, 34, 27, 10, 45,  6,  3, 48, 11, 22, 28,  4, 19, 14,  1, 16, 18, 17, 13, 33, 20, 29,  8,  5, 26, 36, 39, 15, 25, 23, 30,  2, 47, 24, 12, 38, 40, 21, 43], 1182.98527403, 1175.11930425, 0.,  23.72876467,  0.        ,  3.        , 28, 16, 36. )
 (10, [10,  9, 16, 13,  7, 41, 31, 44, 32,  9, 42, 46, 35, 37, 34, 10, 45,  6, 27,  3, 48, 11, 22, 28,  4, 19, 14,  1, 16, 18, 17, 13, 33, 20, 29,  8,  5, 26, 36, 39, 15, 25, 30,  2, 23, 47, 24, 12, 38, 40, 21, 43], 1197.55846336, 1157.27739373, 0.,   0.        , 23.2906819 ,  3.        , 29, 15, 36.5)
 (10, [10,  9, 16, 13,  7, 41, 31, 44, 32,  9, 39, 46, 35, 37, 34, 10, 45,  6, 27,  3, 48, 11, 22, 28,  4, 19, 14,  1, 16, 18, 17, 13, 33, 20, 29,  8,  5, 26, 36, 42, 15, 25, 23, 30,  2, 47, 24, 12, 38, 40, 21, 43], 1247.26322817, 1226.72164025, 0.,  61.96648596,  0.        ,  4.        , 30, 10, 35. )
 (10, [10,  9, 16, 13,  7, 46, 31, 44, 32,  9, 42, 41, 35, 37, 34, 10, 45,  6, 27,  3, 48, 11, 22, 28,  4, 19, 14,  1, 16, 18, 17, 13, 33, 20, 29,  8,  5, 26, 36,  2, 15, 25, 23, 30, 39, 47, 24, 12, 38, 40, 21, 43], 1248.6301119 , 1370.91800489, 0.,  16.16315217,  0.        ,  7.        , 31,  6, 34. )
 (10, [10,  9, 16, 13,  7, 41, 34, 37, 35, 46, 42,  9, 32, 44, 31, 10, 45,  6, 27,  3, 48, 11, 22, 28,  4, 19, 14,  1, 16, 18, 17, 13, 33, 20, 29,  8,  5, 26, 36, 39, 15, 25, 23, 30,  2, 47, 24, 12, 38, 40, 21, 43], 1305.22253927, 1217.44243637, 0., 233.37301292,  0.        ,  8.        , 32,  5, 34.5)
 (10, [10,  9, 16, 13,  7, 41, 31, 44, 32,  9, 42, 46, 35, 37, 22, 34, 10, 45,  6, 27,  3, 48, 11, 28,  4, 19, 14,  1, 16, 18, 17, 13, 33, 20, 29,  8, 30,  5, 26, 36, 15, 25, 23,  2, 39, 47, 24, 12, 38, 40, 21, 43], 1331.80848253, 1278.3972498 , 0., 142.10499542, 15.84769346,  4.33333333, 33,  9, 37.5)
 (10, [10,  9, 16, 13,  7, 41, 45, 10, 34, 37, 35, 46, 42,  9, 32, 44, 31,  6, 27,  3, 48, 11, 22, 28,  4, 19, 14,  1, 16, 18, 17, 13, 33, 20, 29,  8,  5, 26, 36, 39, 15, 25, 23, 30,  2, 47, 24, 12, 38, 40, 21, 43], 1354.1927004 , 1246.41794944, 0., 348.46026079,  0.        ,  9.33333333, 34,  4, 36. )
 (10, [10,  9, 16, 13,  7, 41, 31, 44, 32,  9, 42, 46, 35, 37, 34, 10, 39,  6, 27,  3, 48, 11, 22, 28,  4, 19, 14,  1, 16, 18, 17, 13, 33, 20, 29,  8,  5, 26, 36, 15, 25, 23, 30,  2, 45, 47, 24, 12, 38, 40, 21, 43], 1372.41653093, 1321.95088428, 0.,  41.30603558, 40.99057687,  5.        , 35,  8, 39. )
 (10, [10,  9, 16, 13,  7, 41, 31, 44, 32,  9, 42, 46, 35, 37, 22, 34, 10, 45,  6, 27,  3, 48, 11, 28,  4, 19, 14,  1, 16, 18, 17, 13, 33, 20, 29,  8, 47,  5, 26, 36,  2, 15, 25, 23, 30, 39, 24, 12, 38, 40, 21, 43], 1377.80351928, 1331.05573327, 0., 113.25419857,  0.        ,  3.        , 36, 19, 45.5)
 (10, [10,  9, 16, 13,  7, 41, 31, 44, 32,  9, 42, 46, 35, 37, 22, 34, 10, 45,  6, 27,  3, 48, 11, 23, 25, 15, 39, 36, 26,  5,  8, 29, 20, 33, 13, 17, 18, 16,  1, 14, 19,  4, 28, 30,  2, 47, 24, 12, 38, 40, 21, 43], 1416.26275298, 1221.0491259 , 0., 539.98991765, 40.74872068, 21.        , 37,  1, 37.5)
 (10, [10,  9, 16, 13,  7, 41, 31, 44, 32,  9, 42, 46, 35, 37, 34, 10, 45,  6, 27,  3, 48, 11, 22, 24,  4, 19, 14,  1, 16, 18, 17, 13, 33, 20, 29,  8,  5, 26, 36, 39, 15, 25, 23, 30,  2, 47, 28, 12, 38, 40, 21, 43], 1469.64409189, 1431.01151433, 0.,   0.        ,  0.        ,  4.        , 38, 11, 43.5)
 (10, [10,  9, 16, 13, 41, 31, 44,  9, 46, 35, 27, 32,  2, 37, 34, 10, 45,  6,  7, 42,  3, 48, 11, 28,  4, 19, 14,  1, 16, 18, 17, 13, 33, 20, 29,  8,  5, 22, 26, 36, 39, 15, 25, 23, 30, 47, 24, 12, 38, 40, 21, 43], 1675.05812117, 1712.56434842, 0., 181.14462475, 23.2906819 , 13.        , 39,  3, 40.5)
 (10, [11,  9, 15, 13, 31, 24, 44, 15, 32,  9, 42, 46, 35, 37, 34, 10, 45,  6, 27,  3, 48, 11, 22, 28,  4, 19, 14,  1, 16, 18, 17, 13, 33, 20, 29,  8, 47,  2,  7,  5, 26, 36, 43, 21, 25, 23, 40, 12, 39, 30, 41, 38], 1985.57146628, 1813.11056103, 0., 520.25171116,  0.        , 17.        , 40,  2, 41. )]
Total Runtime in seconds: 1813.9146282672882Parameters:
population_size: 40/40, max_generations: 500, executed generations: 242, threshold_no_improvement: 250
fitness_scaling: power_rank, selection_method: n_tournaments
p_c: 1.0, p_m: 0.2, NOT YET p_education: 0.0
tournament_size: 2, n_elite: 8/8
survivor_selection_step: 5, p_selection_survival: 0.75 
diversify_step: 20, diversify_step: 20, p_diversify_survival: 0.3
n_closest_neighbors: 3, diversity_weight: 0.5, distance_method: broken_pairs_distance
capacity_penalty_factor: 0.19116619171384014, duration_penalty_factor 0.24360057201983076, time_window_penalty: 0.2030004766831923
Best fitness before/after local search: 1103.673073195095 / 1108.6518338944898
Best individual found: (1, [10,  9, 16, 13,  9, 42, 46, 35, 37,  7, 41, 31, 44, 32, 34, 10, 45,  6, 27,  3, 48, 11, 22, 20, 33, 13, 29,  8,  5, 26, 36,  4, 19, 14, 28,  1, 16, 17, 18,  2, 23, 25, 15, 30, 39, 47, 24, 12, 38, 40, 21, 43], 1108.65183389, 1088.06235767, 0., 101.42575307, 0., 0., 21, 22, 32.)
Best feasible individual found: (1, [10,  9, 16, 13,  9, 42, 46, 35, 37,  7, 41, 31, 44, 32, 34, 10, 45,  6, 27,  3, 48, 11, 22, 13, 33, 20, 29,  8,  5, 26, 36,  4, 19, 14, 28,  1, 16, 17, 18, 39, 15, 25, 23, 30,  2, 47, 24, 12, 38, 40, 21, 43], 1134.42077788, 1134.42077788, 0., 0., 0., 0., 21, 22, 32.)

Fitness stats min: [1485.2975437  1485.2975437  1496.09890647 1496.09890647 1507.44033737
 1507.44033737 1519.34883982 1519.34883982 1339.20302936 1339.20302936
 1339.20302936 1339.20302936 1233.23405827 1233.23405827 1233.23405827
 1233.23405827 1233.23405827 1233.23405827 1233.23405827 1233.23405827
 1233.23405827 1233.23405827 1233.23405827 1233.23405827 1233.23405827
 1229.39484056 1226.00959669 1226.00959669 1201.19772113 1201.19772113
 1201.19772113 1151.08521198 1151.08521198 1151.08521198 1151.08521198
 1151.08521198 1151.08521198 1151.08521198 1151.08521198 1151.08521198
 1151.08521198 1151.08521198 1151.08521198 1151.08521198 1151.08521198
 1151.08521198 1151.08521198 1151.08521198 1151.08521198 1151.08521198
 1151.08521198 1151.08521198 1151.08521198 1151.08521198 1151.08521198
 1151.08521198 1151.08521198 1151.08521198 1151.08521198 1151.08521198
 1151.08521198 1151.08521198 1151.08521198 1151.08521198 1151.08521198
 1151.08521198 1151.08521198 1151.08521198 1151.08521198 1151.08521198
 1151.08521198 1151.08521198 1151.08521198 1151.08521198 1151.08521198
 1151.08521198 1151.08521198 1151.08521198 1151.08521198 1151.08521198
 1151.08521198 1151.08521198 1151.08521198 1151.08521198 1151.08521198
 1151.08521198 1151.08521198 1151.08521198 1151.08521198 1151.08521198
 1151.08521198 1151.08521198 1151.08521198 1151.08521198 1151.08521198
 1151.08521198 1151.08521198 1151.08521198 1151.08521198 1151.08521198
 1151.08521198 1151.08521198 1151.08521198 1151.08521198 1151.08521198
 1151.08521198 1151.08521198 1151.08521198 1144.09948925 1144.09948925
 1144.09948925 1144.09948925 1144.09948925 1144.09948925 1144.09948925
 1144.09948925 1144.09948925 1144.09948925 1137.55612673 1137.55612673
 1137.72033436 1137.72033436 1137.89275236 1137.89275236 1137.71171346
 1137.71171346 1137.88370042 1137.88370042 1137.70311411 1137.70311411
 1137.8746711  1137.8746711  1137.69453626 1137.69453626 1137.52340816
 1137.52340816 1137.68597985 1137.68597985 1137.51527957 1137.51527957
 1137.67744484 1137.67744484 1137.50717131 1137.50717131 1137.34541146
 1137.34541146 1137.1917396  1137.1917396  1137.04575133 1137.04575133
 1137.18444019 1137.18444019 1137.03881689 1137.03881689 1136.90047476
 1136.90047476 1136.76904973 1136.76904973 1136.64419596 1136.64419596
 1136.76280704 1136.76280704 1136.63826541 1136.63826541 1136.51995085
 1136.51995085 1136.40755202 1134.42077788 1134.42077788 1134.42077788
 1134.42077788 1134.42077788 1134.42077788 1130.82305114 1121.1427857
 1121.1427857  1119.71010225 1119.71010225 1118.34905298 1118.34905298
 1119.64204979 1119.64204979 1118.28440314 1118.28440314 1116.99463883
 1116.99463883 1115.76936273 1115.76936273 1114.60535044 1114.60535044
 1115.71116212 1115.71116212 1114.55005985 1114.55005985 1113.4470127
 1113.4470127  1114.49490749 1114.49490749 1113.39461796 1113.39461796
 1112.34934291 1112.34934291 1111.3563316  1111.3563316  1110.41297087
 1110.41297087 1109.51677817 1109.51677817 1108.6653951  1108.6653951
 1109.47420901 1109.47420901 1108.62495441 1108.62495441 1107.81816253
 1107.81816253 1107.05171024 1107.05171024 1106.32358057 1106.32358057
 1107.01530376 1107.01530376 1107.74161311 1107.74161311 1106.97898829
 1106.97898829 1106.25449472 1106.25449472 1105.56622583 1105.56622583
 1106.22008128 1106.22008128 1105.53353306 1105.53353306 1104.88131225
 1104.88131225 1104.26170248 1104.26170248 1103.6730732  1103.6730732
 1104.23227101 1104.23227101 1108.65183389] 

Fitness stats feasible min: [   0.         1714.46527753 1727.84989219 1727.84989219 1741.90373758
 1741.90373758 1756.66027525 1718.13439274 1339.20302936 1339.20302936
 1339.20302936 1339.20302936 1233.23405827 1233.23405827 1233.23405827
 1233.23405827 1233.23405827 1233.23405827 1233.23405827 1233.23405827
 1233.23405827 1233.23405827 1233.23405827 1233.23405827 1233.23405827
 1233.23405827 1233.23405827 1233.23405827 1201.19772113 1201.19772113
 1201.19772113 1151.08521198 1151.08521198 1151.08521198 1151.08521198
 1151.08521198 1151.08521198 1151.08521198 1151.08521198 1151.08521198
 1151.08521198 1151.08521198 1151.08521198 1151.08521198 1151.08521198
 1151.08521198 1151.08521198 1151.08521198 1151.08521198 1151.08521198
 1151.08521198 1151.08521198 1151.08521198 1151.08521198 1151.08521198
 1151.08521198 1151.08521198 1151.08521198 1151.08521198 1151.08521198
 1151.08521198 1151.08521198 1151.08521198 1151.08521198 1151.08521198
 1151.08521198 1151.08521198 1151.08521198 1151.08521198 1151.08521198
 1151.08521198 1151.08521198 1151.08521198 1151.08521198 1151.08521198
 1151.08521198 1151.08521198 1151.08521198 1151.08521198 1151.08521198
 1151.08521198 1151.08521198 1151.08521198 1151.08521198 1151.08521198
 1151.08521198 1151.08521198 1151.08521198 1151.08521198 1151.08521198
 1151.08521198 1151.08521198 1151.08521198 1151.08521198 1151.08521198
 1151.08521198 1151.08521198 1151.08521198 1151.08521198 1151.08521198
 1151.08521198 1151.08521198 1151.08521198 1151.08521198 1151.08521198
 1151.08521198 1151.08521198 1151.08521198 1144.09948925 1144.09948925
 1144.09948925 1144.09948925 1144.09948925 1144.09948925 1144.09948925
 1144.09948925 1144.09948925 1144.09948925 1137.55612673 1137.55612673
 1137.72033436 1137.72033436 1137.89275236 1137.89275236 1137.71171346
 1137.71171346 1137.88370042 1137.88370042 1137.70311411 1137.70311411
 1137.8746711  1137.8746711  1137.69453626 1137.69453626 1137.52340816
 1137.52340816 1137.68597985 1137.68597985 1137.51527957 1137.51527957
 1137.67744484 1137.67744484 1137.50717131 1137.50717131 1137.34541146
 1137.34541146 1137.1917396  1137.1917396  1137.04575133 1137.04575133
 1137.18444019 1137.18444019 1137.03881689 1137.03881689 1136.90047476
 1136.90047476 1136.76904973 1136.76904973 1136.64419596 1136.64419596
 1136.76280704 1136.76280704 1136.63826541 1136.63826541 1136.51995085
 1136.51995085 1136.40755202 1134.42077788 1134.42077788 1134.42077788
 1134.42077788 1134.42077788 1134.42077788 1134.42077788 1134.42077788
 1134.42077788 1134.42077788 1134.42077788 1134.42077788 1134.42077788
 1134.42077788 1134.42077788 1134.42077788 1134.42077788 1134.42077788
 1134.42077788 1134.42077788 1134.42077788 1134.42077788 1134.42077788
 1134.42077788 1134.42077788 1134.42077788 1134.42077788 1134.42077788
 1134.42077788 1134.42077788 1134.42077788 1134.42077788 1134.42077788
 1134.42077788 1134.42077788 1134.42077788 1134.42077788 1134.42077788
 1134.42077788 1134.42077788 1134.42077788 1134.42077788 1134.42077788
 1134.42077788 1134.42077788 1134.42077788 1134.42077788 1134.42077788
 1134.42077788 1134.42077788 1134.42077788 1134.42077788 1134.42077788
 1134.42077788 1134.42077788 1134.42077788 1134.42077788 1134.42077788
 1134.42077788 1134.42077788 1134.42077788 1134.42077788 1134.42077788
 1134.42077788 1134.42077788 1134.42077788 1134.42077788 1134.42077788
 1134.42077788 1134.42077788 1134.42077788 1134.42077788 1134.42077788
 1134.42077788 1134.42077788 1134.42077788] 

Fitness stats avg: [ 7028.40054808  5888.29940752  5247.55266023  5029.74358593
 14494.40646724 11225.04808692  9024.86270475  6585.27083925
  4281.65997972 14733.48757279  7077.6476854   3517.0720625
  2542.7762204   2328.292401   15720.22753858  6782.88126753
  3597.90135448  2221.67804661  2373.61427057 13355.49938499
  8813.33924843  3300.38363446  1955.06507131  1675.60459259
 12379.94375998  6307.19095114  3269.25807753  1764.45821943
  1966.14203218 11920.13165992  5389.65515009  2200.08651124
  2038.094008    1548.40143065  9481.64008374  4406.19085776
  2039.95185475  1328.29893704  1443.72217148 11564.97221683
  6248.36054841  3865.66503185  2310.20192583  1560.70647256
  9765.72013241  4695.20718702  2394.4154577   1363.14377171
  1484.45736603 10616.22838525  5941.04993867  7497.28729949
  5150.78701207  2502.97415592 10233.82391633  7991.65326753
  5232.14378187  3179.63777117  2103.63248432  8469.19483604
  6618.05625812  4958.27950342  3462.57422351  2220.48460166
  7217.56425434  3826.46740696  2181.66271026  1710.21301343
  1528.12776426  8758.37506274  6455.79356721  5917.92864863
  4613.17277206  2555.30439898  7365.0562248   3816.00378267
  2029.90083165  1758.79585288  1268.52808142  7890.99135363
  5510.00466279  2429.52234308  1809.87746156  1631.841364
  7461.35890353  4599.55889535  3616.49689883  1907.46688605
  1359.05989634  7001.33403688  4886.34802767  4785.45887713
  3194.78371335  1917.85573607  6708.86817284  4597.64299175
  2518.3774274   1708.27733326  1471.46966213  6124.00452729
  4019.11278854  2740.591806    1992.37190253  1618.5135597
  4861.26412881  2652.33612318  1485.08255685  1265.28349774
  1271.97403347  6071.43727702  4294.5874729   2685.86570849
  2225.31808112  1823.46643771  5364.55018208  3175.34381006
  1781.36454067  1401.29953774  1167.87633615  5546.21849971
  4808.39114951  3782.72213297  2794.83390561  2094.09738672
  4230.42655321  2544.74123737  1835.18124678  1417.99966463
  1258.30004284  5119.52249492  3840.3452617   2399.35540874
  1369.26207672  1312.42482721  5507.42777408  4208.36986963
  2699.22145975  1948.77821668  1674.43029502  4860.04384988
  2647.30668169  2038.38323028  1513.10365532  1293.3974067
  5429.64506851  3782.82056777  2451.01636195  1689.8783257
  1439.5501627   4644.59138277  2422.85133491  1603.6059048
  1378.64076665  1309.08415067  5083.71201791  3233.38497736
  1875.27254671  1459.43757746  1284.04329741  4741.87415136
  3335.25442539  2413.10099021  1806.53683598  1608.30838392
  4094.89758269  2583.12625947  1524.8984851   1326.24088912
  1195.34093819  4287.00988282  3331.67463245  1798.3575023
  1359.17739242  1250.73553568  4275.63381313  2884.6791163
  2008.0923751   1508.07375015  1310.54581421  3803.59617149
  2606.9710903   2002.65011038  1556.53155432  1400.31509266
  3846.03100732  2631.85021979  1437.24375521  1373.77785097
  1228.70291312  3679.0263178   2835.14407856  1746.54863851
  1450.95026505  1333.05348563  3691.7838316   3122.1996158
  2126.04762739  1379.18520097  1261.03787347  3586.16236953
  2600.76753891  2024.33363688  1538.01763591  1297.9808805
  3500.35290792  2576.74019304  1510.70173628  1296.41523247
  1174.6623271   3295.17322861  2295.83702262  1444.52700489
  1353.4327097   1271.19673595  3333.33760496  2291.30864834
  1505.75848503  1278.11870774  1252.9139127   3573.49734189
  2852.31940036  2308.29773001  1730.86604428  1442.73182258
  3315.11203661  2402.75235426  1569.71456635  1235.33538104
  1171.80111474  3401.15440967  2512.620906    1850.08860032
  1416.89345667  1263.20384137  3578.57530208  2544.56411145
  1631.09714578  1255.46962757  1173.42509991  3501.36430419
  2883.24237768  2091.17864127  1417.51363404] 

Feasible stats: [ 7028.40054808  5888.29940752  5247.55266023  5029.74358593
 14494.40646724 11225.04808692  9024.86270475  6585.27083925
  4281.65997972 14733.48757279  7077.6476854   3517.0720625
  2542.7762204   2328.292401   15720.22753858  6782.88126753
  3597.90135448  2221.67804661  2373.61427057 13355.49938499
  8813.33924843  3300.38363446  1955.06507131  1675.60459259
 12379.94375998  6307.19095114  3269.25807753  1764.45821943
  1966.14203218 11920.13165992  5389.65515009  2200.08651124
  2038.094008    1548.40143065  9481.64008374  4406.19085776
  2039.95185475  1328.29893704  1443.72217148 11564.97221683
  6248.36054841  3865.66503185  2310.20192583  1560.70647256
  9765.72013241  4695.20718702  2394.4154577   1363.14377171
  1484.45736603 10616.22838525  5941.04993867  7497.28729949
  5150.78701207  2502.97415592 10233.82391633  7991.65326753
  5232.14378187  3179.63777117  2103.63248432  8469.19483604
  6618.05625812  4958.27950342  3462.57422351  2220.48460166
  7217.56425434  3826.46740696  2181.66271026  1710.21301343
  1528.12776426  8758.37506274  6455.79356721  5917.92864863
  4613.17277206  2555.30439898  7365.0562248   3816.00378267
  2029.90083165  1758.79585288  1268.52808142  7890.99135363
  5510.00466279  2429.52234308  1809.87746156  1631.841364
  7461.35890353  4599.55889535  3616.49689883  1907.46688605
  1359.05989634  7001.33403688  4886.34802767  4785.45887713
  3194.78371335  1917.85573607  6708.86817284  4597.64299175
  2518.3774274   1708.27733326  1471.46966213  6124.00452729
  4019.11278854  2740.591806    1992.37190253  1618.5135597
  4861.26412881  2652.33612318  1485.08255685  1265.28349774
  1271.97403347  6071.43727702  4294.5874729   2685.86570849
  2225.31808112  1823.46643771  5364.55018208  3175.34381006
  1781.36454067  1401.29953774  1167.87633615  5546.21849971
  4808.39114951  3782.72213297  2794.83390561  2094.09738672
  4230.42655321  2544.74123737  1835.18124678  1417.99966463
  1258.30004284  5119.52249492  3840.3452617   2399.35540874
  1369.26207672  1312.42482721  5507.42777408  4208.36986963
  2699.22145975  1948.77821668  1674.43029502  4860.04384988
  2647.30668169  2038.38323028  1513.10365532  1293.3974067
  5429.64506851  3782.82056777  2451.01636195  1689.8783257
  1439.5501627   4644.59138277  2422.85133491  1603.6059048
  1378.64076665  1309.08415067  5083.71201791  3233.38497736
  1875.27254671  1459.43757746  1284.04329741  4741.87415136
  3335.25442539  2413.10099021  1806.53683598  1608.30838392
  4094.89758269  2583.12625947  1524.8984851   1326.24088912
  1195.34093819  4287.00988282  3331.67463245  1798.3575023
  1359.17739242  1250.73553568  4275.63381313  2884.6791163
  2008.0923751   1508.07375015  1310.54581421  3803.59617149
  2606.9710903   2002.65011038  1556.53155432  1400.31509266
  3846.03100732  2631.85021979  1437.24375521  1373.77785097
  1228.70291312  3679.0263178   2835.14407856  1746.54863851
  1450.95026505  1333.05348563  3691.7838316   3122.1996158
  2126.04762739  1379.18520097  1261.03787347  3586.16236953
  2600.76753891  2024.33363688  1538.01763591  1297.9808805
  3500.35290792  2576.74019304  1510.70173628  1296.41523247
  1174.6623271   3295.17322861  2295.83702262  1444.52700489
  1353.4327097   1271.19673595  3333.33760496  2291.30864834
  1505.75848503  1278.11870774  1252.9139127   3573.49734189
  2852.31940036  2308.29773001  1730.86604428  1442.73182258
  3315.11203661  2402.75235426  1569.71456635  1235.33538104
  1171.80111474  3401.15440967  2512.620906    1850.08860032
  1416.89345667  1263.20384137  3578.57530208  2544.56411145
  1631.09714578  1255.46962757  1173.42509991  3501.36430419
  2883.24237768  2091.17864127  1417.51363404] 
Solution Description: 
p: [  0.          34.54727937  84.87783147 146.34283074 147.44793219
 149.69682399 167.23236515 196.89678693 211.99736014 215.57709004
 215.62221757   0.          18.67738622  22.23054736  33.40380365
  72.71470479  99.27498465 114.28869404 123.44296878 125.30870097
 149.7330236    0.          68.9028162  108.09547249 152.84510415
 152.86155537 170.6743197  176.31128393 199.46924079 224.02453324
 285.21871369 369.09533213 369.55578505 369.80191987 382.53546433
 389.41760229 499.3586525  501.09335815   0.          10.51101384
  48.11209587  65.36661357  77.37042612  80.88605478 107.03989389
 139.26890163 146.08015664 157.05716558 167.18116679 201.82907469
 228.33929949 242.20323457] 
pred: [0 0 0 0 0 0 5 5 5 5 5 0 0 0 0 0 0 0 0 0 8 0 0 0 0 0 0 0 0 0 8 8 8 8 8 8 8
 8 0 0 0 0 0 0 5 5 5 5 5 5 5 5] 
distance [  0.          34.54727937  84.87783147 146.34283074 147.44793219
 149.69682399  17.53554117  47.19996294  62.30053615  65.88026605
  65.92539359   0.          18.67738622  22.23054736  33.40380365
  72.71470479  99.27498465 114.28869404 123.44296878 125.30870097
  24.42432263   0.          68.9028162  100.22060363 144.97023529
 144.98668651 162.79945084 168.43641507 191.59437193 216.14966439
  61.19418044 145.07079888 145.53125181 145.77738663 158.51093108
 165.39306904 275.33411926 277.06882491   0.          10.51101384
  48.11209587  65.36661357  67.93694635  71.45257501  26.15383911
  55.10171926  61.91297427  72.88998321  83.01398442 117.66189232
 144.17211712 158.0360522 ]
load: [  0  13  35  54  68  79  13  21  31  34  50   0  22  40  65  70  86 102
 112 119  21   0  16  35  44  64  84  96 102 112   5   8  17  26  38  63
  68  85   0   8  22  36  40  53  13  34  53  59  74  89 114 138] 
time: [  0.          80.         115.34683757 171.22731303 252.33358633
 322.         170.         203.         228.39224704 244.56663558
 456.           0.         182.         195.18455016 202.9955528
 231.80134413 398.         440.23624841 473.3964008  510.10459224
 371.           0.         192.         179.         230.15799758
 264.99173786 282.23228092 317.         357.35052296 382.59572999
 204.         319.         387.22169751 406.46219392 423.63549066
 446.         519.650096   549.60312924   0.         121.
 378.         411.20995269 377.         416.94530947 207.
 232.         308.         325.46934669 443.         485.92676098
 540.37092398 565.50372469] 
time warps: [ 0.          0.          0.          0.          0.          0.
  0.          0.          0.          0.          0.          0.
  0.          0.          0.          0.          0.          0.
  0.          0.          0.          0.          0.         38.79236632
 38.79236632 38.79236632 38.79236632 38.79236632 38.79236632 38.79236632
  0.          0.          0.          0.          0.          0.
  0.          0.          0.          0.          0.          0.
 46.47023458 46.47023458  0.         16.16315217 16.16315217 16.16315217
 16.16315217 16.16315217 16.16315217 16.16315217] 
duration: [  0.          41.54727937 116.87783147 195.34283074 200.44793219
 269.41539141  23.53554117  73.83796245  95.93853566 103.51826556
 311.61049336   0.          24.67738622  29.23054736  49.40380365
 105.71470479 284.97668402 320.99039341 347.14466815 353.01040033
  47.42432263   0.          78.9028162  131.22060363 177.97023529
 185.98668651 208.79945084 235.97272895 261.13068581 298.68597827
  85.19418044 231.13191211 247.59236503 253.83849985 268.57204431
 296.13144592 409.07249613 425.80720178   0.          17.51101384
 305.6796988  326.9342165  352.50454928 366.02017793  48.15383911
  87.10171926 165.70267915 186.67968809 317.64703831 370.29494621
 400.80517101 437.66910609]

All individuals: [( 1, [10,  9, 16, 13,  9, 42, 46, 35, 37,  7, 41, 31, 44, 32, 34, 10, 45,  6, 27,  3, 48, 11, 22, 20, 33, 13,  8, 29,  5, 26, 36,  4, 19, 14, 28,  1, 16, 17, 18,  2, 15, 25, 23, 30, 39, 47, 24, 12, 38, 40, 21, 43], 1103.6451133 , 1092.48911685, 0.,   54.95551849,   0.        , 10.        ,  1, 12,  7. )
 ( 1, [10,  9, 16, 13,  9, 42, 46, 35, 37,  7, 41, 31, 44, 32, 34, 10, 45,  6, 27,  3, 48, 11, 22, 13, 33, 20, 29,  8,  5, 26, 36,  4, 19, 14, 28,  1, 16, 17, 18, 39, 15, 25, 23, 30,  2, 47, 24, 12, 38, 40, 21, 43], 1134.42077788, 1134.42077788, 0.,    0.        ,   0.        ,  0.        ,  2, 40, 22. )
 ( 1, [10,  9, 16, 13,  9, 42, 46, 35, 37,  7, 41, 31, 44, 32, 34, 10, 45,  6, 27,  3, 48, 11, 22, 13, 33, 20, 29,  8,  5, 26, 36,  4, 19, 14, 28,  1, 16, 17, 18, 39, 15, 25, 23, 30,  2, 47, 24, 12, 38, 40, 21, 43], 1134.42077788, 1134.42077788, 0.,    0.        ,   0.        ,  0.        ,  3, 27, 16.5)
 ( 1, [10,  9, 16, 13,  9, 42, 46, 35, 37,  7, 41, 31, 44, 32, 34, 10, 45,  6, 27,  3, 48, 11, 22, 13, 33, 20, 29,  8,  5, 26, 36,  4, 19, 14, 28,  1, 16, 17, 18, 39, 15, 25, 23, 30,  2, 47, 24, 12, 38, 40, 21, 43], 1134.42077788, 1134.42077788, 0.,    0.        ,   0.        ,  0.        ,  4, 28, 18. )
 ( 1, [10,  9, 16, 13,  9, 42, 46, 35, 37,  7, 41, 31, 44, 32, 34, 10, 45,  6, 27,  3, 48, 11, 22, 13, 33, 20, 29,  8,  5, 26, 36,  4, 19, 14, 28,  1, 16, 17, 18, 39, 15, 25, 23, 30,  2, 47, 24, 12, 38, 40, 21, 43], 1134.42077788, 1134.42077788, 0.,    0.        ,   0.        ,  0.        ,  5, 29, 19.5)
 ( 1, [10,  9, 16, 13,  9, 42, 46, 35, 37,  7, 41, 31, 44, 32, 34, 10, 45,  6, 27,  3, 48, 11, 22, 13, 33, 20, 29,  8,  5, 26, 36,  4, 19, 14, 28,  1, 16, 17, 18, 39, 15, 25, 23, 30,  2, 47, 24, 12, 38, 40, 21, 43], 1134.42077788, 1134.42077788, 0.,    0.        ,   0.        ,  0.        ,  6, 30, 21. )
 ( 1, [10,  9, 16, 13,  9, 42, 46, 35, 37,  7, 41, 31, 44, 32, 34, 10, 45,  6, 27,  3, 48, 11, 22, 13, 33, 20, 29,  8,  5, 26, 36,  4, 19, 14, 28,  1, 16, 17, 18, 39, 15, 25, 23, 30,  2, 47, 24, 12, 38, 40, 21, 43], 1134.42077788, 1134.42077788, 0.,    0.        ,   0.        ,  0.        ,  7, 31, 22.5)
 ( 1, [10,  9, 16, 13,  9, 42, 46, 35, 37,  7, 41, 31, 44, 32, 34, 10, 45,  6, 27,  3, 48, 11, 22, 13, 33, 20, 29,  8,  5, 26, 36,  4, 19, 14, 28,  1, 16, 17, 18, 39, 15, 25, 23, 30,  2, 47, 24, 12, 38, 40, 21, 43], 1134.42077788, 1134.42077788, 0.,    0.        ,   0.        ,  0.        ,  8, 32, 24. )
 ( 1, [10,  9, 16, 13,  9, 42, 46, 35, 37,  7, 41, 31, 44, 32, 34, 10, 45,  6, 27,  3, 48, 11, 22, 13, 33, 20, 29,  8,  5, 26, 36,  4, 19, 14, 28,  1, 16, 17, 18, 39, 15, 25, 23, 30,  2, 47, 24, 12, 38, 40, 21, 43], 1134.42077788, 1134.42077788, 0.,    0.        ,   0.        ,  0.        ,  9, 33, 25.5)
 ( 1, [10,  9, 16, 13,  9, 42, 46, 35, 37,  7, 41, 31, 44, 32, 34, 10, 45,  6, 27,  3, 48, 11, 22, 13, 33, 20, 29,  8,  5, 26, 36,  4, 19, 14, 28,  1, 16, 17, 18, 39, 15, 25, 23, 30,  2, 47, 24, 12, 38, 40, 21, 43], 1134.42077788, 1134.42077788, 0.,    0.        ,   0.        ,  0.        , 10, 34, 27. )
 ( 1, [10,  9, 16, 13,  9, 42, 46, 35, 37,  7, 41, 31, 44, 32, 34, 10, 45,  6, 27,  3, 48, 11, 22, 13, 33, 20, 29,  8,  5, 26, 36,  4, 19, 14, 28,  1, 16, 17, 18, 39, 15, 25, 23, 30,  2, 47, 24, 12, 38, 40, 21, 43], 1134.42077788, 1134.42077788, 0.,    0.        ,   0.        ,  0.        , 11, 35, 28.5)
 ( 1, [10,  9, 16, 13,  9, 42, 46, 35, 37,  7, 41, 31, 44, 32, 34, 10, 45,  6, 27,  3, 48, 11, 22, 13, 33, 20, 29,  8,  5, 26, 36,  4, 19, 14, 28,  1, 16, 17, 18, 39, 15, 25, 23, 30,  2, 47, 24, 12, 38, 40, 21, 43], 1134.42077788, 1134.42077788, 0.,    0.        ,   0.        ,  0.        , 12, 36, 30. )
 ( 1, [10,  9, 16, 13,  9, 42, 46, 35, 37,  7, 41, 31, 44, 32, 34, 10, 45,  6, 27,  3, 48, 11, 22, 13, 33, 20, 29,  8,  5, 26, 36,  4, 19, 14, 28,  1, 16, 17, 18, 39, 15, 25, 23, 30,  2, 47, 24, 12, 38, 40, 21, 43], 1134.42077788, 1134.42077788, 0.,    0.        ,   0.        ,  0.        , 13, 37, 31.5)
 ( 1, [10,  9, 16, 13,  9, 42, 46, 35, 37,  7, 41, 31, 44, 32, 34, 10, 45,  6, 27,  3, 48, 11, 22, 13, 33, 20, 29,  8,  5, 26, 36,  4, 19, 14, 28,  1, 16, 17, 18, 39, 15, 25, 23, 30,  2, 47, 24, 12, 38, 40, 21, 43], 1134.42077788, 1134.42077788, 0.,    0.        ,   0.        ,  0.        , 14, 38, 33. )
 ( 1, [10,  9, 16, 13,  9, 42, 46, 35, 37,  7, 41, 31, 44, 32, 34, 10, 45,  6, 27,  3, 48, 11, 22, 13, 33, 20, 29,  8,  5, 26, 36,  4, 19, 14, 28,  1, 16, 17, 18, 39, 15, 25, 23, 30,  2, 47, 24, 12, 38, 40, 21, 43], 1134.42077788, 1134.42077788, 0.,    0.        ,   0.        ,  0.        , 15, 39, 34.5)
 ( 1, [10,  9, 16, 13,  9, 42, 46, 35, 37,  7, 41, 31, 44, 32, 34, 10, 45,  6, 27,  3, 48, 11, 22, 13, 33, 20, 29,  8,  5, 26, 36,  4, 19, 14, 28,  1, 16, 17, 18, 39, 15, 25, 23, 30,  2, 47, 24, 12, 38, 40, 21, 43], 1134.42077788, 1134.42077788, 0.,    0.        ,   0.        ,  0.        , 16, 26, 29. )
 ( 1, [10,  9, 16, 13,  9, 42, 46, 35, 37,  7, 41, 31, 44, 32, 34, 10, 45,  6, 27,  3, 48, 11, 22, 13, 33, 20, 29,  8,  5, 26, 36,  4, 19, 14, 28,  1, 16, 17, 18, 39, 15, 25, 23, 30,  2, 47, 24, 12, 38, 40, 21, 43], 1134.42077788, 1134.42077788, 0.,    0.        ,   0.        ,  0.        , 17, 25, 29.5)
 ( 1, [10,  9, 16, 13,  9, 42, 46, 35, 37,  7, 41, 31, 44, 32, 34, 10, 45,  6, 27,  3, 48, 11, 22, 13, 33, 20, 29,  8,  5, 26, 36,  4, 19, 14, 28,  1, 16, 17, 18, 39, 15, 25, 23, 30,  2, 47, 24, 12, 38, 40, 21, 43], 1134.42077788, 1134.42077788, 0.,    0.        ,   0.        ,  0.        , 18, 24, 30. )
 ( 1, [10,  9, 16, 13,  9, 42, 46, 35, 37,  7, 41, 31, 44, 32, 34, 10, 45,  6, 27,  3, 48, 11, 22, 13, 33, 20, 29,  8,  5, 26, 36,  4, 19, 14, 28,  1, 16, 17, 18, 39, 15, 25, 23, 30,  2, 47, 24, 12, 38, 40, 21, 43], 1134.42077788, 1134.42077788, 0.,    0.        ,   0.        ,  0.        , 19, 23, 30.5)
 ( 1, [10,  9, 16, 13,  9, 42, 46, 35, 37,  7, 41, 31, 44, 32, 34, 10, 45,  6, 27,  3, 48, 11, 22, 13, 33, 20, 29,  8,  5, 26, 36,  4, 19, 14, 28,  1, 16, 17, 18, 39, 15, 25, 23, 30,  2, 47, 24, 12, 38, 40, 21, 43], 1134.42077788, 1134.42077788, 0.,    0.        ,   0.        ,  0.        , 20, 14, 27. )
 ( 1, [10,  9, 16, 13,  9, 42, 46, 35, 37,  7, 41, 31, 44, 32, 34, 10, 45,  6, 27,  3, 48, 11, 22, 13, 33, 20, 29,  8,  5, 26, 36,  4, 19, 14, 28,  1, 16, 17, 18, 39, 15, 25, 23, 30,  2, 47, 24, 12, 38, 40, 21, 43], 1134.42077788, 1134.42077788, 0.,    0.        ,   0.        ,  0.        , 21, 22, 32. )
 ( 1, [10,  9, 16, 13,  9, 42, 46, 35, 37,  7, 41, 31, 44, 32, 34, 10, 45,  6, 27,  3, 48, 11, 22, 13, 33, 20, 29,  8,  5, 26, 36,  4, 19, 14, 28,  1, 16, 17, 18, 39, 15, 25, 23, 30,  2, 47, 24, 12, 38, 40, 21, 43], 1134.42077788, 1134.42077788, 0.,    0.        ,   0.        ,  0.        , 22, 15, 29.5)
 ( 1, [10,  9, 16, 13,  9, 42, 46, 35, 37,  7, 41, 31, 44, 32, 34, 10, 45,  6, 27,  3, 48, 11, 22, 13, 33, 20, 29,  8,  5, 26, 36,  4, 19, 14, 28,  1, 16, 17, 18, 39, 15, 25, 23, 30,  2, 47, 24, 12, 38, 40, 21, 43], 1134.42077788, 1134.42077788, 0.,    0.        ,   0.        ,  0.        , 23, 16, 31. )
 ( 1, [10,  9, 16, 13,  9, 42, 46, 35, 37,  7, 41, 31, 44, 32, 34, 10, 45,  6, 27,  3, 48, 11, 22, 13, 33, 20, 29,  8,  5, 26, 36,  4, 19, 14, 28,  1, 16, 17, 18, 39, 15, 25, 23, 30,  2, 47, 24, 12, 38, 40, 21, 43], 1134.42077788, 1134.42077788, 0.,    0.        ,   0.        ,  0.        , 24, 21, 34.5)
 ( 1, [10,  9, 16, 13,  9, 42, 46, 35, 37,  7, 41, 31, 44, 32, 34, 10, 45,  6, 27,  3, 48, 11, 22, 13, 33, 20, 29,  8,  5, 26, 36,  4, 19, 14, 28,  1, 16, 17, 18, 39, 15, 25, 23, 30,  2, 47, 24, 12, 38, 40, 21, 43], 1134.42077788, 1134.42077788, 0.,    0.        ,   0.        ,  0.        , 25, 18, 34. )
 ( 1, [10,  9, 16, 13,  9, 42, 46, 35, 37,  7, 41, 31, 44, 32, 34, 10, 45,  6, 27,  3, 48, 11, 22, 13, 33, 20, 29,  8,  5, 26, 36,  4, 19, 14, 28,  1, 16, 17, 18, 39, 15, 25, 23, 30,  2, 47, 24, 12, 38, 40, 21, 43], 1134.42077788, 1134.42077788, 0.,    0.        ,   0.        ,  0.        , 26, 19, 35.5)
 ( 1, [10,  9, 16, 13,  9, 42, 46, 35, 37,  7, 41, 31, 44, 32, 34, 10, 45,  6, 27,  3, 48, 11, 22, 13, 33, 20, 29,  8,  5, 26, 36,  4, 19, 14, 28,  1, 16, 17, 18, 39, 15, 25, 23, 30,  2, 47, 24, 12, 38, 40, 21, 43], 1134.42077788, 1134.42077788, 0.,    0.        ,   0.        ,  0.        , 27, 20, 37. )
 ( 1, [10,  9, 16, 13,  9, 42, 46, 35, 37,  7, 41, 31, 44, 32, 34, 10, 45,  6, 27,  3, 48, 11, 22, 13, 33, 20, 29,  8,  5, 26, 36,  4, 19, 14, 28,  1, 16, 17, 18, 39, 15, 25, 23, 30,  2, 47, 24, 12, 38, 40, 21, 43], 1134.42077788, 1134.42077788, 0.,    0.        ,   0.        ,  0.        , 28, 17, 36.5)
 ( 1, [11, 11, 13, 13, 35,  7, 42, 46,  9, 32, 44, 31, 41, 34, 37, 10, 45,  6, 27,  3, 48, 11, 13, 33, 20, 22, 29,  8,  5,  4, 28, 26,  2, 39, 43, 24, 12, 30, 23, 36, 14, 19,  1, 16, 18, 17, 25, 15, 47, 21, 38, 40], 1538.97064087, 1441.94712952, 0.,  553.56253088,   0.        , 28.66666667, 29,  3, 30.5)
 ( 1, [10,  9, 16, 13,  9, 42, 46, 35,  7, 41, 31, 44, 18, 10, 45,  6, 27,  3, 37, 48, 32, 11, 22, 20, 33, 13,  8, 29,  5, 26, 36,  4, 19, 34, 14, 28,  1, 16, 17, 39, 15, 25, 23, 30,  2, 47, 24, 12, 38, 40, 21, 43], 1557.72999252, 1553.78055359, 0.,  266.86582186,  46.5005708 , 14.66666667, 30, 10, 35. )
 (18, [10, 11, 16, 11,  9, 42, 46, 35, 21, 43, 41, 31, 44, 32, 10, 26, 36,  4, 19, 14, 28,  1, 34, 45,  6, 27,  3, 48, 11, 22, 13, 33, 20, 29,  8,  5, 16, 17, 18, 39, 15, 25, 23, 30,  2, 47, 24, 12, 38, 40,  7, 37], 1844.26230458, 1934.95840391, 0.,  602.97889922, 212.79469175,  9.        , 31, 13, 37.5)
 ( 1, [13,  6, 16, 13,  9, 42, 46, 35,  7, 41, 31, 44,  5,  8, 10, 45,  6, 27,  3, 37, 48, 11, 22, 13, 20, 19, 29, 32, 34, 33, 26, 36,  4, 14, 28,  1, 16, 17, 18, 39, 15, 25, 23, 30,  2, 47, 24, 12, 38, 40, 21, 43], 1862.12556764, 1751.96305786, 0.,  424.20949444, 149.13583275, 13.        , 32, 11, 37.5)
 ( 1, [10,  9, 16, 13, 19, 42, 46, 35, 37,  7, 41, 31, 44, 32, 34, 10, 45,  6, 27,  3, 48, 11, 13, 33, 20, 22, 29,  8,  5, 26, 23,  4, 28,  2, 39, 43, 24, 12, 30, 36,  9, 14,  1, 16, 47, 21, 38, 40, 17, 18, 25, 15], 1940.88556461, 1933.0689192 , 0.,  688.51875648,  91.0562315 , 22.        , 33,  8, 37. )
 ( 1, [11, 14, 11, 12, 35, 19, 46, 37, 42,  9,  7, 41, 32, 44, 31, 10, 45,  6, 27,  3, 48, 11, 13, 33, 20, 39, 29,  8,  5, 26, 23,  4, 34, 28, 14,  1, 16, 17, 18, 22, 15, 36,  2, 25, 30, 47, 24, 12, 38, 40, 21, 43], 2039.62169061, 1866.66601586, 0.,  451.41226182, 165.84213472, 24.33333333, 34,  6, 37. )
 ( 1, [10, 11, 16, 11, 35, 38, 21, 37, 40, 41, 12, 31, 44, 32, 34, 10, 45,  6, 27,  3, 48, 11, 22, 13, 33, 20, 29,  8,  5, 26, 36,  4, 19, 14, 28,  1, 16, 17, 18, 39,  2, 47, 15, 25, 30, 23, 24,  7, 43,  9, 46, 42], 2110.19494845, 1981.57260148, 0., 1058.14813387, 107.22125525, 16.        , 35,  9, 39.5)
 ( 1, [11,  9, 16, 12, 34, 42, 46, 35, 37,  7, 41, 31, 44,  9, 45, 10, 32,  6,  3, 48, 11, 20, 33, 13,  8,  5, 36, 22,  4, 14,  1, 16, 17,  2, 47, 30, 24, 21, 12, 38, 40, 18, 39, 15, 25, 23, 43, 26, 29, 28, 19, 27], 2165.54938352, 2346.95124981, 0., 1087.25095604,  34.93046348, 28.        , 36,  4, 38. )
 ( 1, [11, 10, 14, 13, 35, 19, 46, 45, 37, 42,  9, 44, 31,  7, 41, 10, 27,  3, 26, 32, 48, 11, 22, 13, 33, 20, 29,  8,  5, 34,  6, 28,  4, 14,  1, 16, 17, 18, 39, 15, 36,  2, 23, 25, 30, 47, 24, 12, 38, 40, 21, 43], 2211.59357589, 2183.74630941, 0., 1009.96659924, 311.91204243, 24.33333333, 37,  7, 40.5)
 ( 1, [10, 10, 15, 13, 35, 46, 31, 34, 44,  7, 37, 40, 38, 12, 24, 47, 39, 30, 23, 25, 15,  2, 18, 17, 16,  1, 28, 14, 19,  4, 36, 26,  5, 29,  8, 13, 33, 20, 22, 11, 48, 27, 41, 43, 21,  3,  6, 32, 10, 45,  9, 42], 2244.67410221, 2552.14656347, 0., 2412.49486673, 150.9520517 , 40.        , 38,  1, 38.5)
 (32, [11,  9, 14, 14, 35, 37, 41, 32, 45,  3, 48, 11, 22, 13, 33, 20, 29,  8,  5, 26, 36,  4, 19, 14,  1, 12, 38, 40, 16, 17, 18,  2, 39, 47, 15, 25, 30, 23, 24,  6,  7, 10, 43, 31, 34,  9, 44, 46, 28, 27, 42, 21], 2571.04715084, 2641.61444514, 0., 1496.24222232, 506.64491063, 26.66666667, 39,  5, 41.5)
 ( 1, [11,  9, 16, 12, 44, 36, 15, 11, 46, 22, 35,  1, 18, 19, 34, 10, 45,  6, 27,  3, 37,  7, 41, 31, 32, 48, 13, 33, 20, 29,  8,  5, 26,  4, 47, 43, 28, 23, 39, 24, 30,  2, 38, 12, 40, 16, 21, 17,  9, 14, 25, 42], 2880.88432355, 2680.02110231, 0., 1643.47690747, 386.57470515, 32.        , 40,  2, 41. )]