
Total Runtime in seconds: 3892.734030485153Parameters:
population_size: 40/40, max_generations: 500, executed generations: 23, threshold_no_improvement: 250
fitness_scaling: power_rank, selection_method: n_tournaments
p_c: 1.0, p_m: 0.2, NOT YET p_education: 0.1
tournament_size: 2, n_elite: 8/8
survivor_selection_step: 10, p_selection_survival: 0.7 
diversify_step: 20, diversify_step: 20, p_diversify_survival: 0.3
n_closest_neighbors: 3, diversity_weight: 0.5, distance_method: broken_pairs_distance
capacity_penalty_factor: 4.826881730267258, duration_penalty_factor 5.0, time_window_penalty: 5.0
Best fitness before/after local search: 2546.010254237892 / 2546.010254237892
Best individual found: (26, [25, 15, 25, 31, 62, 37, 86,  8, 68, 27, 43, 19, 92, 38, 64, 16, 17,  9, 74, 44, 41, 73, 81, 93, 55, 70, 59, 84, 13, 42, 78, 33, 69, 20, 39, 87, 32, 47, 60, 25, 65, 88, 72,  1, 96, 67, 12, 80,  7,  5, 94, 10,  6, 24, 18, 14,  2, 48, 51, 50, 76,  3, 66, 85, 56, 36, 53, 71, 22, 11, 57, 95, 29, 45, 89, 31, 77, 90, 61, 52, 58, 21, 54, 15, 46, 23, 30, 83, 49, 35, 63, 79, 75, 40, 34,  4, 82, 26, 91, 28], 2546.01025424, 2631.39972859, 0., 0.67380882, 0., 0., 1, 24, 13.)
Best feasible individual found: None

Fitness stats min: [6706.75655703 6706.75655703 6507.06442445 4177.26271678 3927.1112679
 3927.1112679  3927.1112679  3878.27587402 3847.00417583 3819.6478571
 3772.68628796 3772.68628796 3521.31075843 3325.47309101 3258.62358989
 3258.62358989 3230.04135942 3230.04135942 3128.47784839 3128.47784839
 3117.72075021 3071.04500675 3071.04500675 2546.01025424] 

Fitness stats feasible min: [0. 0. 0. 0. 0. 0. 0. 0. 0. 0. 0. 0. 0. 0. 0. 0. 0. 0. 0. 0. 0. 0. 0. 0.] 

Fitness stats avg: [18854.9718492  16963.6649425  15247.58673478 11761.21232209
  9774.49421374  8278.92143805  8689.08433034  8485.10615602
  8145.13835695  8053.92679932 20836.94220706  8249.49254488
  5471.59778707  4534.68468472  4394.0974838   4224.6212524
  4732.2724399   4869.68514838  5070.71977362  5184.95031377
 11498.60858953  5962.17229812  5081.32801919  4496.49379132] 

Feasible stats: [18854.9718492  16963.6649425  15247.58673478 11761.21232209
  9774.49421374  8278.92143805  8689.08433034  8485.10615602
  8145.13835695  8053.92679932 20836.94220706  8249.49254488
  5471.59778707  4534.68468472  4394.0974838   4224.6212524
  4732.2724399   4869.68514838  5070.71977362  5184.95031377
 11498.60858953  5962.17229812  5081.32801919  4496.49379132] 
Solution Description: 
p: [  0.          26.46059425  34.9063254   62.19361663 233.84131562
 258.82595809 308.96197365 376.67037268 402.48119888 445.70033373
 461.38200487 492.55622152 495.09509637 497.0011581  509.56611737
 549.19952877 558.47758511 671.80551754 696.3613173  698.29051464
 763.90114223 772.68220326 802.86053922 802.89892647 808.40621243
 930.39515137   0.          24.16879376  25.38289309  34.51928794
  94.66543674 161.31500993 261.87162235 278.25928029 278.41427598
 283.01775874 338.57541834 349.15311366 349.83797042 350.92199018
 394.07603593 397.83999836   0.           8.89500736  25.67316489
  64.65465401  85.28292751 215.79898569 228.01054023 238.69557173
 280.20088368 333.64082163 335.47115067 336.52880267 340.77727317
 373.82129986 402.12804836 428.11759031 456.36456267 466.49967324
 477.49541898 482.81780534 497.03847769 501.29519779 521.30052292
 564.83166207 569.19569727 581.86828221   0.           9.67751456
  32.74979419  45.66988724  45.6723223   60.45073668  62.32369911
  97.8386177  119.34444818 119.3695872  120.79453367 121.08296469
 134.04358936 157.1409008  166.4056512  217.77665496 217.82081699
 240.50359116 244.88693935 270.53460699 327.16276889 327.16584199
 414.16933843 422.48489389 541.35395446 559.91399483 599.07807558
 602.85260283 616.72563138 621.32217996 633.9036404  635.9068223 ] 
pred: [ 0  0  0  0  2  2  2  6  6  6  6  6  6  6  6  6  6 16 16 16 16 16 16 16
 16 16  0  0  0  0  2  2  3  3  3  3  9  9  9  9  9  9  0  0  0  0  0  0
  0  0  7  7  7  7  7 12 12 12 12 12 12 12 12 12 12 12 12 12  0  0  0  0
  0  0  0  0  0  0  0  0  0 12 12 12 12 12 12 12 12 12 21 21 21 21 21 21
 21 21 21 21] 
distance [  0.          26.46059425  34.9063254   62.19361663 198.93499022
 223.91963269 274.05564825  67.70839904  93.51922523 136.73836009
 152.42003122 183.59424787 186.13312272 188.03918446 200.60414373
 240.23755512 249.51561146  38.8670428   63.42284256  65.3520399
 130.96266749 139.74372852 169.92206447 169.96045172 175.46773769
 297.45667662   0.          24.16879376  25.38289309  34.51928794
  69.28254365 135.93211684 227.35233441 243.73999235 243.89498804
 248.4984708   55.5576596   66.13535492  66.82021168  67.90423144
 111.05827719 114.82223962   0.           8.89500736  25.67316489
  64.65465401  85.28292751 215.79898569 228.01054023 238.69557173
  41.50531195  94.9452499   96.77557894  97.83323094 102.08170144
  33.04402669  61.35077519  87.34031715 115.5872895  125.72240007
 136.71814581 142.04053217 156.26120452 160.51792462 180.52324976
 220.68534482 225.04938002 237.72196496   0.           9.67751456
  32.74979419  45.66988724  45.6723223   60.45073668  62.32369911
  97.8386177  119.34444818 119.3695872  120.79453367 121.08296469
 134.04358936  23.09731145  32.36206185  83.73306561  83.77722764
 106.46000181 110.84334999 136.49101763 193.11917954 193.12225264
  87.00349644  95.3190519  214.18811246 232.74815284 271.91223359
 275.68676083 289.55978938 294.15633796 306.73779841 308.74098031]
load: [  0   9  20  28  12  18  27   4  20  43  55  78  99 118 143 148 171  23
  26  39  58  61  71  72  74  83   0  13  25  39  34  52  45  70  92 101
  10  29  43  61  85  89   0  10  11  14  34  55  68  70  21  41  57  59
  64  12  22  35  56  61  64  69  92  96 101 109 128 152   0   7  20  41
  56  73  77 101 105 110 126 151 169  24  44  64  77  85  89  92 114 134
  13  24  37  38  49  64  65  77  98 101] 
time: [  0.          95.         113.91211736 161.87865266 195.38993375
 276.9286817  387.         136.         213.         236.62744081
 270.73821077 315.16086276 376.         400.23564751 428.63036911
 480.77259776 512.28246552 140.         180.50180079 210.72912906
 247.53677405 265.22149862 315.20400747 343.48236287 362.63536539
 440.80991116   0.         178.         306.         315.70613323
 261.33855664 314.726327   311.07759194 422.63962902 453.68913314
 470.94112571 137.         150.37097123 184.32352765 324.
 368.46316908 411.11757952   0.         124.         153.76960324
 205.         251.67587645 330.01692183 422.         493.75351166
 345.         381.38672649 417.7498712  445.         456.96601719
 125.         162.         203.71935248 227.52853152 248.48383942
 283.64013715 316.69049373 337.35930661 370.04818031 390.19408904
 425.         457.         500.41773307   0.         143.
 169.         186.61974315 210.87311616 245.70597024 275.30964777
 316.98323846 355.88234944 383.69625846 422.         436.
 469.35243314 161.         210.         243.42014562 322.
 348.47465319 369.51415216 432.         506.43577679 559.1968934
 107.         170.56604434 240.72497013 283.98523735 320.98915787
 382.         417.48896508 438.28722369 449.06356526 475.77688014] 
time warps: [0.         0.         0.         0.         0.         0.
 0.         0.         0.         0.         0.         0.
 0.         0.         0.         0.         0.         0.
 0.         0.         0.         0.         0.         0.
 0.         0.         0.         0.         0.         0.
 0.         0.         0.         0.         0.         0.
 0.         0.         0.         0.         0.         0.
 0.         0.         0.         0.         0.         0.
 0.         0.         0.         0.         0.         0.
 0.         0.         0.         0.         0.         0.
 0.         0.         0.         0.         0.         0.67380882
 0.67380882 0.67380882 0.         0.         0.         0.
 0.         0.         0.         0.         0.         0.
 0.         0.         0.         0.         0.         0.
 0.         0.         0.         0.         0.         0.
 0.         0.         0.         0.         0.         0.
 0.         0.         0.         0.        ] 
duration: [  0.          40.46059425  69.9063254  100.19361663 217.93499022
 263.91963269 399.22585953  81.70839904 133.40845095 199.6275858
 220.30925693 274.48347359 320.12661073 336.03267246 366.59763174
 420.23104313 453.50909947  47.8670428   91.42284256  97.3520399
 163.96266749 180.74372852 234.92206447 246.96045172 269.46773769
 402.45667662   0.          44.16879376 148.20300458 173.33939943
 105.28254365 196.93211684 281.35233441 322.73999235 334.89498804
 352.4984708   63.5576596   91.13535492  95.82021168 243.98896946
 312.14301522 327.90697765   0.          29.89500736  47.67316489
 134.23959876 158.86787225 304.38393043 394.04504684 415.73007834
  50.50531195 115.9452499  121.77557894 143.25313337 159.50160387
  34.04402669 102.6250112  137.61455316 170.86152551 202.99663608
 214.99238182 229.31476819 265.53544054 279.79216063 314.79748577
 362.95958083 393.74297207 422.41555701   0.          14.67751456
  55.24654898  87.16664202 100.16907708 137.94749146 162.82045389
 222.33537248 268.84120296 284.86634198 299.18172876 327.25458848
 361.21521314  29.09731145  74.49748023 138.86848399 208.46464234
 249.14741651 258.53076469 350.76104329 428.3892052  438.3922783
 106.00349644 124.3190519  254.18811246 277.74815284 324.91223359
 362.24356796 382.11659651 390.71314509 416.29460554 430.29778743]

All individuals: [(26, [25, 15, 25, 31, 62, 37, 73,  8, 68, 27, 43, 86, 93, 55, 64, 74, 17,  9, 94, 44, 25, 41, 81, 20, 38, 88, 59, 84, 13, 42, 33,  7, 69, 92, 39, 16, 47,  1, 60, 19, 65, 72, 70,  5, 96, 67, 12, 80, 78, 87, 32, 10,  6, 24, 18, 14,  2, 48, 51, 50, 76,  3, 66, 85, 56, 36, 53, 71, 22, 11, 21, 95, 29, 54, 89, 31, 77, 90, 61, 52, 58, 79, 45, 15, 46, 23, 30, 83, 49, 35, 63, 57, 75, 40, 34,  4, 82, 26, 91, 28],  3068.42532605, 3089.89902587, 0., 4.53545343e+00,  20.35104752,  0.        ,  1, 24, 13. )
 (26, [25, 15, 25, 31, 62, 37, 73,  8, 68, 27, 43, 86, 93, 55, 64, 74, 17,  9, 94, 44, 25, 41, 81, 20, 38, 88, 59, 84, 13, 33, 42,  7, 69, 92, 39, 16, 47,  1, 60, 19, 65, 72, 70,  5, 96, 67, 12, 80, 78, 87, 32, 10,  6, 24, 18, 14,  2, 48, 51, 50, 76,  3, 66, 85, 56, 36, 53, 71, 22, 11, 21, 95, 29, 54, 89, 31, 77, 90, 61, 52, 58, 79, 45, 15, 46, 23, 30, 83, 49, 35, 63, 57, 75, 40, 34,  4, 82, 26, 91, 28],  3071.04500675, 3089.89902587, 0., 4.53545343e+00,  20.35104752,  0.        ,  3, 31, 18.5)
 (26, [25, 15, 25, 31, 62, 37, 73,  8, 68, 27, 43, 86, 93, 55, 64, 74, 17,  9, 94, 44, 25, 41, 81, 20, 38, 88, 59, 84, 13, 33, 42,  7, 69, 92, 39, 16, 47,  1, 60, 19, 65, 72, 70,  5, 96, 67, 12, 80, 78, 87, 32, 10,  6, 24, 18, 14,  2, 48, 51, 50, 76,  3, 66, 85, 56, 36, 53, 71, 22, 11, 21, 95, 29, 54, 89, 31, 77, 90, 61, 52, 58, 79, 45, 15, 46, 23, 30, 83, 49, 35, 63, 57, 75, 40, 34,  4, 82, 26, 91, 28],  3071.04500675, 3089.89902587, 0., 4.53545343e+00,  20.35104752,  0.        ,  6, 34, 23. )
 (26, [25, 15, 25, 31, 62, 37, 73,  8, 68, 27, 43, 86, 93, 55, 64, 74, 17,  9, 94, 44, 25, 41, 81, 20, 38, 88, 59, 84, 13, 33, 42,  7, 69, 92, 39, 16, 47,  1, 60, 19, 65, 72, 70,  5, 96, 67, 12, 80, 78, 87, 32, 10,  6, 24, 18, 14,  2, 48, 51, 50, 76,  3, 66, 85, 56, 36, 53, 71, 22, 11, 21, 95, 29, 54, 89, 31, 77, 90, 61, 52, 58, 79, 45, 15, 46, 23, 30, 83, 49, 35, 63, 57, 75, 40, 34,  4, 82, 26, 91, 28],  3071.04500675, 3089.89902587, 0., 4.53545343e+00,  20.35104752,  0.        ,  1, 24, 13. )
 (26, [25, 15, 25, 31, 62, 37, 73,  8, 68, 27, 43, 86, 93, 55, 64, 74, 17,  9, 94, 44, 25, 41, 81, 20, 38, 88, 59, 84, 13, 33, 42,  7, 69, 92, 39, 16, 47,  1, 60, 19, 65, 72, 70,  5, 96, 67, 12, 80, 78, 87, 32, 10,  6, 24, 18, 14,  2, 48, 51, 50, 76,  3, 66, 85, 56, 36, 53, 71, 22, 11, 21, 95, 29, 54, 89, 31, 77, 90, 61, 52, 58, 79, 45, 15, 46, 23, 30, 83, 49, 35, 63, 57, 75, 40, 34,  4, 82, 26, 91, 28],  3071.04500675, 3089.89902587, 0., 4.53545343e+00,  20.35104752,  0.        ,  2, 23, 13.5)
 (26, [25, 15, 25, 31, 62, 37, 73,  8, 68, 27, 43, 86, 93, 55, 64, 74, 17,  9, 94, 44, 25, 41, 81, 20, 38, 88, 59, 84, 13, 33, 42,  7, 69, 92, 39, 16, 47,  1, 60, 19, 65, 72, 70,  5, 96, 67, 12, 80, 78, 87, 32, 10,  6, 24, 18, 14,  2, 48, 51, 50, 76,  3, 66, 85, 56, 36, 53, 71, 22, 11, 21, 95, 29, 54, 89, 31, 77, 90, 61, 52, 58, 79, 45, 15, 46, 23, 30, 83, 49, 35, 63, 57, 75, 40, 34,  4, 82, 26, 91, 28],  3071.04500675, 3089.89902587, 0., 4.53545343e+00,  20.35104752,  0.        ,  5, 35, 22.5)
 (26, [25, 15, 25, 31, 62, 37, 73,  8, 68, 27, 43, 86, 93, 55, 64, 74, 17,  9, 94, 44, 25, 41, 81, 20, 38, 88, 59, 84, 13, 33, 42,  7, 69, 92, 39, 16, 47,  1, 60, 19, 65, 72, 70,  5, 96, 67, 12, 80, 78, 87, 32, 10,  6, 24, 18, 14,  2, 48, 51, 50, 76,  3, 66, 85, 56, 36, 53, 71, 22, 11, 21, 95, 29, 54, 89, 31, 77, 90, 61, 52, 58, 79, 45, 15, 46, 23, 30, 83, 49, 35, 63, 57, 75, 40, 34,  4, 82, 26, 91, 28],  3071.04500675, 3089.89902587, 0., 4.53545343e+00,  20.35104752,  0.        ,  4, 30, 19. )
 (26, [25, 15, 25, 31, 62, 37, 73,  8, 68, 27, 43, 86, 93, 55, 64, 74, 17,  9, 94, 44, 25, 81, 41, 38, 20, 88, 59, 84, 13, 33, 42,  7, 69, 92, 39, 16, 47,  1, 60, 19, 65, 72, 70,  5, 96, 67, 12, 80, 78, 87, 32, 10,  6, 24, 18, 14,  2, 48, 51, 50, 76,  3, 66, 85, 56, 36, 53, 71, 22, 11, 21, 95, 29, 54, 89, 31, 77, 90, 61, 52, 58, 79, 45, 15, 46, 23, 30, 83, 49, 35, 63, 57, 75, 40, 34,  4, 82, 26, 91, 28],  3086.1735061 , 3082.04151003, 0., 4.53545343e+00,  24.94825056,  3.        ,  7, 17, 15.5)
 (26, [25, 15, 25, 31, 62, 37, 73,  8, 68, 27, 43, 86, 93, 55, 64, 74, 17,  9, 94, 44, 25, 81, 41, 20, 38, 88, 59, 84, 13, 33, 42,  7, 69, 92, 39, 16, 47,  1, 60, 19, 65, 72, 70,  5, 96, 67, 12, 80, 78, 87, 32, 10,  6, 24, 18, 14,  2, 48, 51, 50, 76,  3, 66, 85, 56, 36, 53, 71, 22, 11, 21, 95, 29, 54, 89, 31, 77, 90, 61, 52, 58, 79, 45, 15, 46, 23, 30, 83, 49, 35, 63, 57, 75, 40, 34,  4, 82, 26, 91, 28],  3117.72075021, 3097.67831644, 0., 4.53545343e+00,  28.1303381 ,  0.        ,  9, 21, 19.5)
 (26, [25, 15, 25, 31, 62, 37, 73,  8, 68, 27, 43, 86, 93, 55, 64, 74, 17,  9, 94, 44, 25, 81, 41, 20, 38, 88, 59, 84, 13, 33, 42,  7, 69, 92, 39, 16, 47,  1, 60, 19, 65, 72, 70,  5, 96, 67, 12, 80, 78, 87, 32, 10,  6, 24, 18, 14,  2, 48, 51, 50, 76,  3, 66, 85, 56, 36, 53, 71, 22, 11, 21, 95, 29, 54, 89, 31, 77, 90, 61, 52, 58, 79, 45, 15, 46, 23, 30, 83, 49, 35, 63, 57, 75, 40, 34,  4, 82, 26, 91, 28],  3117.72075021, 3097.67831644, 0., 4.53545343e+00,  28.1303381 ,  0.        ,  8, 32, 24. )
 (26, [25, 15, 25, 31, 62, 37, 73,  8, 68, 27, 43, 86, 93, 55, 64, 74, 17,  9, 94, 44, 25, 81, 41, 20, 38, 88, 59, 84, 13, 33, 42,  7, 69, 92, 39, 16, 47,  1, 60, 19, 65, 72, 70,  5, 96, 67, 12, 80, 78, 87, 32, 10,  6, 24, 18, 14,  2, 48, 51, 50, 76,  3, 66, 85, 56, 36, 53, 71, 22, 11, 21, 95, 29, 54, 89, 31, 77, 90, 61, 52, 58, 79, 45, 15, 46, 23, 30, 83, 49, 35, 63, 57, 75, 40, 34,  4, 82, 26, 91, 28],  3117.72075021, 3097.67831644, 0., 4.53545343e+00,  28.1303381 ,  0.        , 12, 28, 26. )
 (26, [25, 15, 25, 31, 62, 37, 73,  8, 68, 27, 43, 86, 93, 55, 64, 74, 17,  9, 94, 44, 25, 81, 41, 20, 38, 88, 59, 84, 13, 33, 42,  7, 69, 92, 39, 16, 47,  1, 60, 19, 65, 72, 70,  5, 96, 67, 12, 80, 78, 87, 32, 10,  6, 24, 18, 14,  2, 48, 51, 50, 76,  3, 66, 85, 56, 36, 53, 71, 22, 11, 21, 95, 29, 54, 89, 31, 77, 90, 61, 52, 58, 79, 45, 15, 46, 23, 30, 83, 49, 35, 63, 57, 75, 40, 34,  4, 82, 26, 91, 28],  3117.72075021, 3097.67831644, 0., 4.53545343e+00,  28.1303381 ,  0.        , 11, 22, 22. )
 (26, [25, 15, 25, 31, 62, 37, 73,  8, 68, 27, 43, 86, 93, 55, 64, 74, 17,  9, 94, 44, 25, 81, 41, 20, 38, 88, 59, 84, 13, 33, 42,  7, 69, 92, 39, 16, 47,  1, 60, 19, 65, 72, 70,  5, 96, 67, 12, 80, 78, 87, 32, 10,  6, 24, 18, 14,  2, 48, 51, 50, 76,  3, 66, 85, 56, 36, 53, 71, 22, 11, 21, 95, 29, 54, 89, 31, 77, 90, 61, 52, 58, 79, 45, 15, 46, 23, 30, 83, 49, 35, 63, 57, 75, 40, 34,  4, 82, 26, 91, 28],  3117.72075021, 3097.67831644, 0., 4.53545343e+00,  28.1303381 ,  0.        , 10, 25, 22.5)
 (26, [25, 15, 25, 31, 62, 37, 73,  8, 68, 27, 43, 86, 93, 55, 64, 17, 74,  9, 94, 44, 25, 81, 41, 20, 38, 88, 59, 84, 13, 33, 42,  7, 69, 92, 39, 16, 47,  1, 60, 19, 65, 72, 70,  5, 96, 67, 12, 80, 78, 87, 32, 10,  6, 24, 18, 14,  2, 48, 51, 50, 76,  3, 66, 85, 56, 36, 53, 71, 22, 11, 21, 95, 29, 54, 89, 31, 77, 90, 61, 52, 58, 79, 45, 15, 46, 23, 30, 83, 49, 35, 63, 57, 75, 40, 34,  4, 82, 26, 91, 28],  3128.47784839, 3108.43541462, 0., 4.53545343e+00,  28.1303381 ,  0.        , 16, 36, 34. )
 (26, [25, 15, 25, 31, 62, 37, 73,  8, 68, 27, 43, 86, 93, 55, 64, 17, 74,  9, 94, 44, 25, 81, 41, 20, 38, 88, 59, 84, 13, 33, 42,  7, 69, 92, 39, 16, 47,  1, 60, 19, 65, 72, 70,  5, 96, 67, 12, 80, 78, 87, 32, 10,  6, 24, 18, 14,  2, 48, 51, 50, 76,  3, 66, 85, 56, 36, 53, 71, 22, 11, 21, 95, 29, 54, 89, 31, 77, 90, 61, 52, 58, 79, 45, 15, 46, 23, 30, 83, 49, 35, 63, 57, 75, 40, 34,  4, 82, 26, 91, 28],  3128.47784839, 3108.43541462, 0., 4.53545343e+00,  28.1303381 ,  0.        , 13, 33, 29.5)
 (26, [25, 15, 25, 31, 62, 37, 73,  8, 68, 27, 43, 86, 93, 55, 64, 17, 74,  9, 94, 44, 25, 81, 41, 20, 38, 88, 59, 84, 13, 33, 42,  7, 69, 92, 39, 16, 47,  1, 60, 19, 65, 72, 70,  5, 96, 67, 12, 80, 78, 87, 32, 10,  6, 24, 18, 14,  2, 48, 51, 50, 76,  3, 66, 85, 56, 36, 53, 71, 22, 11, 21, 95, 29, 54, 89, 31, 77, 90, 61, 52, 58, 79, 45, 15, 46, 23, 30, 83, 49, 35, 63, 57, 75, 40, 34,  4, 82, 26, 91, 28],  3128.47784839, 3108.43541462, 0., 4.53545343e+00,  28.1303381 ,  0.        , 17, 37, 35.5)
 (26, [25, 15, 25, 31, 62, 37, 73,  8, 68, 27, 43, 86, 93, 55, 64, 17, 74,  9, 94, 44, 25, 81, 41, 20, 38, 88, 59, 84, 13, 33, 42,  7, 69, 92, 39, 16, 47,  1, 60, 19, 65, 72, 70,  5, 96, 67, 12, 80, 78, 87, 32, 10,  6, 24, 18, 14,  2, 48, 51, 50, 76,  3, 66, 85, 56, 36, 53, 71, 22, 11, 21, 95, 29, 54, 89, 31, 77, 90, 61, 52, 58, 79, 45, 15, 46, 23, 30, 83, 49, 35, 63, 57, 75, 40, 34,  4, 82, 26, 91, 28],  3128.47784839, 3108.43541462, 0., 4.53545343e+00,  28.1303381 ,  0.        , 15, 38, 34. )
 (26, [25, 15, 25, 31, 62, 37, 73,  8, 68, 27, 43, 86, 93, 55, 64, 17, 74,  9, 94, 44, 25, 81, 41, 20, 38, 88, 59, 84, 13, 33, 42,  7, 69, 92, 39, 16, 47,  1, 60, 19, 65, 72, 70,  5, 96, 67, 12, 80, 78, 87, 32, 10,  6, 24, 18, 14,  2, 48, 51, 50, 76,  3, 66, 85, 56, 36, 53, 71, 22, 11, 21, 95, 29, 54, 89, 31, 77, 90, 61, 52, 58, 79, 45, 15, 46, 23, 30, 83, 49, 35, 63, 57, 75, 40, 34,  4, 82, 26, 91, 28],  3128.47784839, 3108.43541462, 0., 4.53545343e+00,  28.1303381 ,  0.        , 14, 40, 34. )
 (26, [25, 15, 25, 31, 62, 37, 73,  8, 68, 27, 43, 86, 93, 55, 64, 17, 74,  9, 94, 44, 25, 81, 41, 20, 38, 88, 59, 84, 13, 33, 42,  7, 69, 92, 39, 16, 47,  1, 60, 19, 65, 72, 70,  5, 96, 67, 12, 80, 78, 87, 32, 10,  6, 24, 18, 14,  2, 48, 51, 50, 76,  3, 66, 85, 56, 36, 53, 71, 22, 11, 21, 95, 29, 54, 89, 31, 77, 90, 61, 52, 58, 79, 45, 15, 46, 23, 30, 83, 49, 35, 63, 57, 75, 40, 34,  4, 82, 26, 91, 28],  3128.47784839, 3108.43541462, 0., 4.53545343e+00,  28.1303381 ,  0.        , 18, 39, 37.5)
 (26, [25, 15, 25, 31, 62, 37, 73,  8, 68, 27, 43, 86, 93, 55, 64, 17, 74,  9, 94, 44, 25, 81, 41, 20, 38, 88, 59, 84, 13, 33, 42,  7, 69, 92, 39, 16, 47,  1, 60, 19, 65, 72, 70,  5, 96, 67, 12, 80, 78, 87, 32, 10,  6, 24, 18, 14,  2, 48, 51, 50, 76,  3, 66, 85, 56, 36, 53, 71, 22, 11, 21, 95, 29, 54, 89, 31, 77, 90, 61, 52, 58, 79, 45, 15, 46, 23, 30, 83, 49, 35, 63, 57, 75, 40, 34,  4, 82, 26, 91, 28],  3128.47784839, 3108.43541462, 0., 4.53545343e+00,  28.1303381 ,  0.        , 19, 29, 33.5)
 (26, [25, 15, 25, 31, 62, 37, 73,  8, 68, 27, 43, 86, 93, 55, 64, 17, 74,  9, 94, 44, 25, 81, 41, 20, 38, 88, 59, 84, 13, 33, 42,  7, 69, 92, 39, 16, 47,  1, 60, 19, 65, 72, 70,  5, 96, 67, 12, 80, 78, 87, 32, 10,  6, 24, 18, 14,  2, 48, 51, 50, 76,  3, 66, 85, 56, 36, 53, 71, 22, 11, 21, 95, 29, 54, 89, 31, 77, 90, 61, 52, 58, 79, 45, 15, 46, 23, 30, 83, 49, 35, 63, 57, 75, 40, 34,  4, 82, 26, 91, 28],  3128.47784839, 3108.43541462, 0., 4.53545343e+00,  28.1303381 ,  0.        , 20, 27, 33.5)
 (26, [25, 15, 25, 31, 62, 37, 73,  8, 68, 27, 43, 86, 93, 55, 64, 17, 74,  9, 94, 44, 25, 81, 41, 20, 38, 88, 59, 84, 13, 33, 42,  7, 69, 92, 39, 16, 47,  1, 60, 19, 65, 72, 70,  5, 96, 67, 12, 80, 78, 87, 32, 10,  6, 24, 18, 14,  2, 48, 51, 50, 76,  3, 66, 85, 56, 36, 53, 71, 22, 11, 21, 95, 29, 54, 89, 31, 77, 90, 61, 52, 58, 79, 45, 15, 46, 23, 30, 83, 49, 35, 63, 57, 75, 40, 34,  4, 82, 26, 91, 28],  3128.47784839, 3108.43541462, 0., 4.53545343e+00,  28.1303381 ,  0.        , 21, 19, 30.5)
 (26, [25, 15, 25, 31, 62, 37, 73,  8, 68, 27, 43, 86, 93, 55, 64, 17, 74,  9, 94, 44, 25, 81, 41, 20, 38, 88, 59, 84, 13, 33, 42,  7, 69, 92, 39, 16, 47,  1, 60, 19, 65, 72, 70,  5, 96, 67, 12, 80, 78, 87, 32, 10,  6, 24, 18, 14,  2, 48, 51, 50, 76,  3, 66, 85, 56, 36, 53, 71, 22, 11, 21, 95, 29, 54, 89, 31, 77, 90, 61, 52, 58, 79, 45, 15, 46, 23, 30, 83, 49, 35, 63, 57, 75, 40, 34,  4, 82, 26, 91, 28],  3128.47784839, 3108.43541462, 0., 4.53545343e+00,  28.1303381 ,  0.        , 22, 20, 32. )
 (26, [25, 15, 25, 31, 62, 37, 73,  8, 68, 27, 43, 86, 93, 55, 64, 17, 74,  9, 94, 44, 25, 81, 41, 20, 38, 88, 59, 84, 13, 33, 42,  7, 69, 92, 39, 16, 47,  1, 60, 19, 65, 72, 70,  5, 96, 67, 12, 80, 78, 87, 32, 10,  6, 24, 18, 14,  2, 48, 51, 50, 76,  3, 66, 85, 56, 36, 53, 71, 22, 11, 21, 95, 29, 54, 89, 31, 77, 90, 61, 52, 58, 79, 45, 15, 46, 23, 30, 83, 49, 35, 63, 57, 75, 40, 34,  4, 82, 26, 91, 28],  3128.47784839, 3108.43541462, 0., 4.53545343e+00,  28.1303381 ,  0.        , 23, 26, 36. )
 (26, [25, 15, 25, 31, 37, 62, 73,  8, 68, 27, 43, 86, 93, 55, 64, 74, 17,  9, 94, 44, 25, 81, 41, 20, 38, 88, 59, 84, 13, 33, 42,  7, 69, 92, 39, 16, 47,  1, 60, 19, 65, 72, 70,  5, 96, 67, 12, 80, 78, 87, 32, 10,  6, 24, 18, 14,  2, 48, 51, 50, 76,  3, 66, 85, 56, 36, 53, 71, 22, 11, 21, 95, 29, 54, 89, 31, 77, 90, 61, 52, 58, 79, 45, 15, 46, 23, 30, 83, 49, 35, 63, 57, 75, 40, 34,  4, 82, 26, 91, 28],  3132.82405268, 3098.97354501, 0., 4.53545343e+00,  28.1303381 ,  2.        , 24, 18, 33. )
 (26, [25, 15, 25, 31, 37, 62, 73,  8, 68, 27, 43, 86, 93, 55, 64, 74, 17,  9, 94, 44, 25, 81, 41, 20, 38, 88, 59, 84, 13, 33, 42,  7, 69, 92, 39, 16, 47,  1, 60, 19, 65, 72, 70,  5, 96, 67, 12, 80, 78, 87, 32, 10,  6, 24, 18, 14,  2, 48, 51, 50, 76,  3, 66, 85, 56, 36, 53, 71, 22, 11, 21, 95, 29, 54, 89, 31, 77, 90, 61, 30, 52, 58, 79, 45, 15, 46, 23, 83, 49, 35, 63, 57, 75, 40, 34,  4, 82, 26, 91, 28],  3207.9324748 , 3173.14895679, 0., 4.53545343e+00,  28.1303381 ,  4.33333333, 25, 13, 31.5)
 (26, [25, 15, 25, 31, 37, 62, 73,  8, 68, 27, 43, 86, 93, 55, 64, 17, 74,  9, 94, 44, 81, 25, 41, 20, 38, 88, 59, 84, 13, 33, 42,  7, 69, 92, 39, 16, 47,  1, 60, 19, 65, 72, 70,  5, 96, 67, 12, 80, 78, 87, 32, 10,  6, 24, 18, 14,  2, 48, 51, 50, 76,  3, 66, 85, 56, 36, 53, 71, 22, 11, 21, 95, 29, 54, 89, 31, 77, 90, 61, 52, 58, 79, 45, 15, 46, 23, 30, 83, 49, 35, 63, 57, 75, 40, 34, 82,  4, 26, 91, 28],  3312.64482786, 3125.68947825, 0., 3.99201269e+01,  23.36663302,  5.66666667, 26, 12, 32. )
 (26, [25, 15, 25, 31, 37, 62, 73,  8, 68, 27, 43, 86, 93, 55, 64, 17, 74,  9, 94, 44, 25, 81, 41, 20, 38, 88, 59, 84, 13, 33, 42,  7, 69, 92, 39, 16, 47,  1, 60, 19, 65, 72, 70,  5, 96, 67, 12, 80, 78, 87, 32, 10,  6, 24, 18, 14,  2, 48, 51, 50, 76,  3, 66, 85, 56, 36, 53, 71, 22, 11, 21, 95, 29, 54, 89, 31, 77, 90, 61, 52, 58, 79, 45, 15, 46, 23, 30, 83, 49, 35, 63, 57, 75, 40, 34, 82,  4, 26, 91, 28],  3341.22705833, 3130.45318333, 0., 3.99201269e+01,  28.1303381 ,  3.66666667, 27, 16, 35. )
 (26, [25, 15, 25, 31, 62, 37, 73,  8, 68, 27, 43, 86, 93, 55, 64, 74, 17,  9, 94, 44, 25, 81, 41, 20, 38, 88, 59, 84, 13, 54, 42,  7, 69, 92, 39, 16, 47,  1, 60, 19, 65, 72, 70,  5, 96, 67, 12, 80, 78, 87, 32, 10,  6, 24, 18, 14,  2, 48, 51, 50, 76,  3, 66, 85, 56, 36, 53, 71, 22, 11, 21, 95, 29, 33, 89, 31, 77, 90, 61, 52, 58, 79, 45, 15, 46, 23, 30, 83, 49, 35, 63, 57, 75, 40, 34,  4, 82, 26, 91, 28],  3373.81713235, 3076.462958  , 0., 4.53545343e+00,  28.1303381 ,  4.        , 28, 15, 35.5)
 (26, [25, 15, 25, 31, 62, 37, 73,  8, 68, 27, 43, 86, 93, 55, 64, 17, 74,  9, 94, 44, 25, 81, 41, 20, 38, 88, 59, 84, 13, 33, 96, 42,  7, 69, 92, 16, 47,  1, 60, 19, 65, 72, 70,  5, 67, 39, 12, 80, 78, 87, 32, 10,  6, 24, 18, 14,  2, 48, 51, 50, 76,  3, 66, 85, 56, 36, 53, 71, 22, 11, 21, 95, 29, 54, 89, 31, 77, 90, 61, 52, 58, 79, 45, 15, 46, 23, 30, 83, 49, 35, 63, 57, 75, 40, 34,  4, 82, 26, 91, 28],  3809.9361576 , 3311.76259156, 0., 4.53545343e+00,  28.1303381 ,  6.        , 29, 10, 34. )
 (26, [25, 15, 25, 31, 37, 62, 73,  8, 68, 27, 43, 86, 93, 55, 64, 17, 74,  9, 94, 44, 25, 81, 41, 20, 38, 88, 59, 84, 13, 33, 42,  7, 69, 92, 39, 16, 47,  1, 60, 19, 65, 72, 70,  5, 96, 67, 12, 80, 78, 87, 32, 10,  6, 24, 18, 14,  2, 48, 50, 85, 51, 76,  3, 66, 56, 36, 53, 71, 22, 11, 21, 95, 29, 54, 89, 31, 77, 90, 61, 52, 58, 79, 45, 15, 46, 23, 30, 83, 49, 35, 63, 57, 75, 40, 34,  4, 82, 26, 91, 28],  3865.54978721, 3265.19143256, 0., 1.10301198e+02,  42.34888879,  7.        , 30,  9, 34.5)
 (26, [25, 13, 28, 30, 37, 62, 73,  8, 68, 27, 43, 86, 93, 55, 64, 17, 74,  9, 94, 44, 25, 81, 41, 20, 38, 88, 59, 84, 13, 33, 42,  7, 69, 92, 39, 16, 47,  1, 60, 19, 65, 72, 96, 67, 12, 80, 78, 87, 32, 10,  6, 24, 18, 14,  2, 48, 51, 50, 76,  3, 66, 85, 56, 36, 53, 71, 22, 11, 70,  5, 21, 95, 29, 54, 89, 31, 77, 90, 61, 52, 58, 79, 45, 15, 46, 23, 30, 83, 49, 35, 63, 57, 75, 40, 34, 82,  4, 26, 91, 28],  3991.8234793 , 3220.4157183 , 0., 3.99201269e+01,  28.1303381 ,  5.66666667, 31, 11, 36.5)
 (26, [25, 15, 25, 31, 62, 37, 73,  8, 68, 27, 43, 23, 93, 55, 64, 74, 17,  9, 94, 44, 25, 41, 81, 20, 38, 88, 59, 84, 13, 33, 42,  7, 69, 92, 39, 16, 47,  1, 60, 19, 65, 72, 70,  5, 96, 67, 12, 80, 78, 87, 32, 10,  6, 24, 18, 14,  2, 48, 51, 50, 76,  3, 66, 85, 56, 36, 53, 71, 22, 11, 21, 95, 29, 54, 89, 31, 77, 90, 61, 52, 58, 79, 45, 15, 46, 86, 30, 83, 49, 35, 63, 57, 75, 40, 34,  4, 82, 26, 91, 28],  5251.32640504, 3257.38963451, 0., 6.73808816e-01,  56.71301468,  4.        , 32, 14, 39. )
 (26, [25, 15, 25, 31, 62, 37, 73,  8, 68, 27, 43, 86, 93, 55, 64, 17, 74,  9, 94, 44, 25, 81, 41, 20, 16, 39, 92, 69,  7, 42, 33, 13, 84, 59, 88, 38, 47,  1, 60, 19, 65, 72, 70,  5, 96, 67, 12, 80, 78, 87, 32, 10,  6, 24, 18, 14,  2, 48, 51, 50, 76,  3, 66, 85, 56, 36, 53, 71, 22, 11, 21, 95, 29, 54, 89, 31, 77, 90, 61, 52, 58, 79, 45, 15, 46, 23, 30, 83, 49, 35, 63, 57, 75, 40, 34,  4, 82, 26, 91, 28],  5858.06308661, 3241.65524484, 0., 2.92587650e+02, 184.15207886, 13.        , 34,  8, 38. )
 (26, [25, 15, 25, 31, 62, 37, 73,  8, 68, 27, 43, 86, 93, 55, 64, 17, 74,  9, 94, 44, 25, 81, 41, 20, 38, 88, 59, 84, 13, 33, 96, 42,  7, 69, 92, 39, 16, 47,  1, 60, 19, 65, 72, 70,  5, 67, 50, 80,  2, 78, 32, 87, 22, 85, 11, 53, 24,  6, 10, 18, 14, 48, 51, 76,  3, 12, 66, 56, 36, 71, 21, 95, 29, 54, 89, 31, 77, 90, 61, 52, 58, 79, 45, 15, 46, 23, 30, 83, 49, 35, 63, 57, 75, 40, 34,  4, 82, 26, 91, 28],  6934.59253268, 3257.2018693 , 0., 3.45489925e+02,  28.1303381 , 16.66666667, 35,  7, 38.5)
 (26, [25, 15, 25, 31, 62, 37, 73,  8, 68, 27, 43, 86, 93, 55, 64, 74, 17,  9, 94, 44, 25, 41, 81, 20, 38, 88, 59, 84, 13, 33, 42,  7, 69, 92, 39, 16, 47,  1, 60, 19, 96, 65, 72, 70,  5, 67, 50, 80,  2, 78, 32, 87, 22, 85, 11, 53, 24,  6, 10, 18, 14, 48, 51, 76,  3, 12, 66, 56, 36, 71, 21, 95, 29, 57, 54, 89, 31, 77, 90, 61, 52, 58, 79, 45, 15, 46, 23, 30, 83, 49, 35, 63, 75, 40, 34,  4, 82, 26, 91, 28],  7039.9604065 , 3259.16795013, 0., 3.69530007e+02,  20.35104752, 17.        , 36,  6, 39. )
 (26, [25, 16, 25, 30, 37, 62, 73,  8, 68, 27, 43, 86, 93, 55, 64, 17, 74,  9, 94, 44, 25, 81, 41, 20, 38, 88, 59, 84, 13, 33, 42,  7, 69, 92, 39, 16, 47,  1, 60, 19, 65, 72, 70,  5, 96, 67, 12, 80, 78, 87, 32, 10,  6, 23, 46, 45, 79, 58, 52, 61, 90, 77, 31, 89, 57, 54, 29, 95, 21, 71, 36, 56, 66,  3, 76, 51, 48, 14, 53, 11, 85, 22,  2, 50, 18, 24, 30, 83, 49, 82, 35, 63, 15, 75, 40, 34,  4, 26, 91, 28], 11921.89854677, 4414.94784669, 0., 7.13335422e+02, 163.69377422, 39.66666667, 37,  2, 38. )
 (26, [25, 15, 25, 31, 62, 37, 73,  8, 68, 34, 27, 43, 86, 93, 55, 64, 17, 74,  9, 94, 44, 25, 81, 41, 20, 38, 88, 59, 84, 13, 33, 42,  7, 69, 92, 39, 16, 47,  1, 60, 19, 65, 72, 70,  5, 96, 67, 80, 78, 87, 32, 24, 18, 53, 22, 11, 14,  2, 48, 51, 50, 76,  3, 66, 85, 56, 36,  6, 10, 12, 71, 21, 95, 29, 57, 54, 89, 31, 77, 90, 61, 52, 58, 79, 45, 46, 23, 30, 83, 49, 82, 35, 63, 15, 75, 40,  4, 26, 91, 28], 12109.1373151 , 3834.0191819 , 0., 1.16781766e+03, 186.26046928, 21.        , 38,  4, 40. )
 (26, [25, 16, 25, 30, 37, 62, 73,  8, 68, 27, 43, 70, 72, 65, 19, 60,  1, 47, 16, 39, 92, 69,  7, 42, 96, 33, 13, 84, 59, 88, 38, 20, 41, 25, 81, 44, 94,  9, 74, 17, 64, 55, 93, 86,  5, 67, 12, 80, 78, 87, 32, 10,  6, 24, 18, 14,  2, 48, 51, 50, 76,  3, 66, 85, 56, 36, 53, 71, 22, 11, 21, 95, 29, 54, 89, 31, 77, 90, 61, 52, 58, 79, 45, 15, 46, 23, 30, 83, 49, 35, 63, 57, 28, 82, 75, 40, 34,  4, 26, 91], 12763.29836797, 3671.12063535, 0., 1.17524665e+03, 486.26670497, 35.        , 39,  3, 40.5)
 (26, [26, 17, 23, 30, 25, 29, 37, 89, 54, 73, 77, 52,  8, 53, 62, 21, 66, 27, 36, 71, 61, 95, 85, 11, 90, 31, 56, 22, 58, 68,  2, 76, 50, 80,  3, 14, 18, 48, 51,  6, 10, 78, 87, 32, 42, 69, 65, 24,  7,  5, 39, 13, 96, 20, 12, 67, 88, 33, 72, 47,  1, 60, 70, 92, 38, 19, 84, 59, 41, 16, 63, 43, 86, 81, 55, 64, 17, 83, 94, 44, 45, 57, 30, 15,  9, 93, 74, 23, 46, 26, 28, 79, 75, 40, 34,  4, 91, 82, 49, 35], 15362.99106606, 4656.11509828, 0., 1.33892803e+03, 774.86617726, 60.33333333, 40,  1, 40.5)]