
Total Runtime in seconds: 166.7710258960724Parameters:
population_size: 100, max_generations: 1000, executed generations: 1000, threshold_no_improvement: 500
target feasible proportion: 25
fitness_scaling: power_rank, selection_method: n_tournaments
p_c: 0.8, p_m: 0.05
tournament_size: 2, n_elite: 10
survivor_selection_step: 200, p_selection_survival: 0.7
kill clone step: 100
diversify_step: 300, diversify_step: 300, p_diversify_survival: 0.3
n_closest_neighbors: 3, diversity_weight: 0.5, distance_method: broken_pairs_distance
capacity_penalty_factor: 6.949368452396298, duration_penalty_factor 6.949368452396298, time_window_penalty: 2
Best fitness all generations, best individual before/after local search: 1511.6448330938863, 1511.6448330938863 / 1511.6448330938863
Best individual found before local search: (23, [12, 14, 15,  7,  6, 27,  3, 48, 11, 37,  7, 41, 26, 31, 44, 32, 34, 43, 21, 38, 45, 10, 42, 46, 35,  9, 39,  2, 36, 22, 28, 14, 20, 13,  8,  5, 16, 33, 29,  4, 19,  1, 23, 18, 17, 15, 25, 47, 24, 12, 40, 30], 1511.64483309, 1585.84163123, 0., 0., 0., 0., 0, 0, 0.)
Best individual found after local search: (23, [12, 14, 15,  7,  6, 27,  3, 48, 11, 37,  7, 41, 26, 31, 44, 32, 34, 43, 21, 38, 45, 10, 42, 46, 35,  9, 39,  2, 36, 22, 28, 14, 20, 13,  8,  5, 16, 33, 29,  4, 19,  1, 23, 18, 17, 15, 25, 47, 24, 12, 40, 30], 1511.64483309, 1585.84163123, 0., 0., 0., 0., 0, 0, 0.)
Best feasible individual found: (23, [12, 14, 15,  7,  6, 27,  3, 48, 11, 37,  7, 41, 26, 31, 44, 32, 34, 43, 21, 38, 45, 10, 42, 46, 35,  9, 39,  2, 36, 22, 28, 14, 20, 13,  8,  5, 16, 33, 29,  4, 19,  1, 23, 18, 17, 15, 25, 47, 24, 12, 40, 30], 1511.64483309, 1585.84163123, 0., 0., 0., 0., 0, 0, 0.)

Fitness stats min: [3369.55682263 3369.55682263 3082.28899407 3079.41296754 3079.41296754
 3063.5307325  3033.543991   3019.89325529 2947.40074775 2848.39193836
 2848.39193836 2831.62472133 2780.18278947 2780.18278947 2780.18278947
 2771.03904515 2623.02820702 2622.44056747 2622.44056747 2621.88230989
 2592.3425376  2540.82966436 2507.83396048 2428.78873955 2428.78873955
 2417.72288943 2417.72288943 2367.38587507 2300.7315503  2300.7315503
 2300.7315503  2300.7315503  2281.30898005 2247.49710112 2242.04624202
 2170.84620838 2170.84620838 2167.75051887 2114.6372211  2111.59108495
 2111.59108495 2111.59108495 2075.27595213 2075.27595213 2075.27595213
 2051.05098608 2006.63548061 2006.63548061 2006.63548061 2006.63548061
 1979.92322992 1979.92322992 1950.05475213 1950.05475213 1950.05475213
 1950.05475213 1950.05475213 1950.05475213 1948.53499662 1948.53499662
 1948.53499662 1948.53499662 1948.53499662 1941.05235852 1941.05235852
 1941.05235852 1931.08494746 1931.08494746 1931.08494746 1931.08494746
 1931.08494746 1931.08494746 1903.34763981 1903.34763981 1903.34763981
 1903.34763981 1898.00835449 1898.00835449 1891.02966545 1891.02966545
 1891.02966545 1891.02966545 1885.69038013 1885.69038013 1885.69038013
 1885.69038013 1885.69038013 1885.69038013 1885.69038013 1885.69038013
 1885.69038013 1885.69038013 1885.69038013 1885.69038013 1885.69038013
 1885.69038013 1885.69038013 1885.69038013 1885.69038013 1885.22389471
 1885.22389471 1885.22389471 1885.22389471 1885.22389471 1865.74499773
 1865.74499773 1859.54497893 1859.54497893 1856.37808353 1856.37808353
 1856.37808353 1856.37808353 1856.37808353 1856.37808353 1856.37808353
 1856.37808353 1856.37808353 1856.37808353 1856.37808353 1856.37808353
 1856.37808353 1839.47936477 1839.47936477 1839.47936477 1839.47936477
 1839.47936477 1839.47936477 1839.47936477 1839.47936477 1839.47936477
 1839.47936477 1839.47936477 1839.47936477 1839.47936477 1839.47936477
 1839.47936477 1822.67578411 1822.67578411 1822.67578411 1822.67578411
 1822.67578411 1811.34001611 1811.34001611 1811.34001611 1811.34001611
 1811.34001611 1811.34001611 1811.34001611 1811.34001611 1799.44295158
 1799.44295158 1799.44295158 1799.44295158 1799.44295158 1799.44295158
 1799.44295158 1799.44295158 1799.44295158 1799.44295158 1799.44295158
 1799.44295158 1799.44295158 1799.44295158 1799.44295158 1799.44295158
 1799.44295158 1799.44295158 1799.44295158 1799.44295158 1799.44295158
 1799.44295158 1799.44295158 1799.44295158 1799.44295158 1799.44295158
 1799.44295158 1799.44295158 1799.44295158 1799.44295158 1799.44295158
 1799.44295158 1799.44295158 1799.44295158 1799.44295158 1799.44295158
 1799.44295158 1799.44295158 1799.44295158 1799.44295158 1799.44295158
 1799.44295158 1799.44295158 1799.44295158 1799.44295158 1799.44295158
 1799.44295158 1792.66834832 1792.66834832 1792.66834832 1792.66834832
 1792.66834832 1792.66834832 1792.66834832 1792.66834832 1792.66834832
 1792.66834832 1792.66834832 1792.66834832 1792.66834832 1792.66834832
 1792.66834832 1792.66834832 1792.66834832 1792.66834832 1792.66834832
 1792.66834832 1792.66834832 1792.66834832 1792.66834832 1792.66834832
 1792.66834832 1792.66834832 1792.66834832 1792.66834832 1792.66834832
 1792.66834832 1792.66834832 1792.66834832 1792.66834832 1792.66834832
 1792.66834832 1792.66834832 1792.66834832 1792.66834832 1792.04085806
 1792.04085806 1792.04085806 1778.09293702 1778.09293702 1778.09293702
 1776.10184518 1776.10184518 1776.10184518 1775.47435492 1743.90995874
 1741.9188669  1741.9188669  1741.9188669  1741.9188669  1741.9188669
 1741.9188669  1741.9188669  1741.9188669  1741.9188669  1741.9188669
 1741.9188669  1741.9188669  1741.9188669  1741.9188669  1741.9188669
 1741.9188669  1741.9188669  1741.9188669  1741.9188669  1741.9188669
 1741.9188669  1741.9188669  1741.9188669  1741.9188669  1741.9188669
 1741.9188669  1741.9188669  1741.9188669  1741.9188669  1741.9188669
 1741.9188669  1741.2568636  1741.2568636  1741.2568636  1741.2568636
 1741.2568636  1741.2568636  1741.2568636  1741.2568636  1741.2568636
 1741.2568636  1741.2568636  1741.2568636  1741.2568636  1741.2568636
 1741.2568636  1741.2568636  1741.2568636  1741.2568636  1741.2568636
 1741.2568636  1741.2568636  1741.2568636  1741.2568636  1741.2568636
 1741.2568636  1741.2568636  1741.2568636  1695.1901404  1695.1901404
 1695.1901404  1694.3152827  1694.3152827  1694.3152827  1694.3152827
 1694.3152827  1694.3152827  1694.3152827  1694.3152827  1694.3152827
 1694.3152827  1694.3152827  1694.3152827  1694.3152827  1694.3152827
 1686.12642732 1686.12642732 1686.12642732 1682.47550161 1682.47550161
 1682.47550161 1682.47550161 1682.47550161 1682.47550161 1682.47550161
 1682.47550161 1682.47550161 1682.47550161 1682.47550161 1682.47550161
 1682.47550161 1682.47550161 1682.47550161 1682.47550161 1682.47550161
 1682.47550161 1682.47550161 1682.47550161 1682.47550161 1682.47550161
 1682.47550161 1682.47550161 1680.35194896 1680.35194896 1680.35194896
 1680.35194896 1680.35194896 1680.35194896 1657.03965909 1657.03965909
 1646.75865005 1645.8455538  1645.8455538  1645.8455538  1645.8455538
 1645.8455538  1645.8455538  1645.8455538  1645.8455538  1645.35445508
 1645.35445508 1645.35445508 1645.35445508 1640.70518108 1640.70518108
 1640.70518108 1640.70518108 1640.70518108 1640.70518108 1640.70518108
 1640.70518108 1640.70518108 1640.70518108 1640.70518108 1640.70518108
 1640.70518108 1640.70518108 1640.70518108 1640.70518108 1640.70518108
 1640.70518108 1616.68641069 1616.68641069 1616.68641069 1616.68641069
 1616.68641069 1616.68641069 1616.68641069 1616.68641069 1616.68641069
 1616.68641069 1616.68641069 1616.68641069 1616.68641069 1616.68641069
 1616.68641069 1616.68641069 1616.68641069 1616.68641069 1616.68641069
 1616.68641069 1616.68641069 1616.68641069 1616.68641069 1616.68641069
 1616.68641069 1616.68641069 1616.68641069 1616.68641069 1616.68641069
 1616.68641069 1616.68641069 1616.68641069 1616.68641069 1616.68641069
 1616.68641069 1616.68641069 1616.68641069 1616.68641069 1616.68641069
 1616.68641069 1616.68641069 1616.68641069 1616.68641069 1616.68641069
 1616.68641069 1616.68641069 1616.68641069 1616.68641069 1616.68641069
 1616.68641069 1616.68641069 1616.68641069 1616.68641069 1616.68641069
 1616.68641069 1616.68641069 1616.68641069 1616.68641069 1616.68641069
 1616.68641069 1616.68641069 1616.68641069 1583.18243157 1583.18243157
 1583.18243157 1583.18243157 1583.18243157 1583.18243157 1583.18243157
 1583.18243157 1583.18243157 1583.18243157 1583.18243157 1583.18243157
 1583.18243157 1583.18243157 1583.18243157 1583.18243157 1583.18243157
 1583.18243157 1583.18243157 1583.18243157 1583.18243157 1583.18243157
 1583.18243157 1583.18243157 1583.18243157 1583.18243157 1583.18243157
 1583.18243157 1583.18243157 1583.18243157 1583.18243157 1583.18243157
 1583.18243157 1583.18243157 1583.18243157 1583.18243157 1583.18243157
 1583.18243157 1583.18243157 1583.18243157 1583.18243157 1583.18243157
 1583.18243157 1583.18243157 1583.18243157 1583.18243157 1583.18243157
 1583.18243157 1583.18243157 1583.18243157 1583.18243157 1583.18243157
 1583.18243157 1583.18243157 1583.18243157 1583.18243157 1583.18243157
 1583.18243157 1583.18243157 1583.18243157 1583.18243157 1583.18243157
 1583.18243157 1583.18243157 1583.18243157 1583.18243157 1583.18243157
 1583.18243157 1583.18243157 1583.18243157 1583.18243157 1583.18243157
 1583.18243157 1583.18243157 1583.18243157 1583.18243157 1583.18243157
 1583.18243157 1583.18243157 1583.18243157 1583.18243157 1583.18243157
 1583.18243157 1583.18243157 1583.18243157 1583.18243157 1583.18243157
 1583.18243157 1583.18243157 1583.18243157 1583.18243157 1581.5752305
 1581.5752305  1581.5752305  1581.5752305  1581.5752305  1581.5752305
 1581.5752305  1581.5752305  1581.5752305  1581.5752305  1581.5752305
 1581.5752305  1581.5752305  1581.5752305  1581.5752305  1581.5752305
 1581.5752305  1581.5752305  1581.5752305  1581.5752305  1581.5752305
 1581.5752305  1581.5752305  1581.5752305  1581.5752305  1581.5752305
 1581.5752305  1581.5752305  1581.5752305  1581.5752305  1579.91074851
 1579.91074851 1579.91074851 1579.91074851 1579.91074851 1579.91074851
 1579.91074851 1579.91074851 1579.91074851 1579.91074851 1579.91074851
 1579.91074851 1579.91074851 1579.91074851 1579.91074851 1579.91074851
 1579.91074851 1579.91074851 1579.91074851 1579.91074851 1579.91074851
 1579.91074851 1579.91074851 1579.91074851 1579.91074851 1579.91074851
 1579.91074851 1579.91074851 1579.91074851 1579.91074851 1579.91074851
 1579.91074851 1579.91074851 1579.91074851 1579.91074851 1579.91074851
 1579.91074851 1579.91074851 1579.91074851 1579.91074851 1579.91074851
 1579.91074851 1579.91074851 1579.91074851 1579.91074851 1579.91074851
 1579.91074851 1579.91074851 1579.91074851 1579.91074851 1579.91074851
 1579.91074851 1579.91074851 1579.91074851 1579.91074851 1579.91074851
 1579.91074851 1579.91074851 1579.91074851 1579.91074851 1579.91074851
 1579.91074851 1579.91074851 1579.91074851 1579.91074851 1579.91074851
 1579.91074851 1579.91074851 1579.91074851 1579.91074851 1579.91074851
 1579.91074851 1579.91074851 1579.91074851 1579.91074851 1579.91074851
 1579.91074851 1579.91074851 1579.91074851 1579.91074851 1579.91074851
 1579.91074851 1579.91074851 1579.91074851 1579.91074851 1579.91074851
 1579.91074851 1579.91074851 1579.91074851 1579.91074851 1579.91074851
 1579.91074851 1579.91074851 1579.91074851 1579.91074851 1579.91074851
 1579.91074851 1579.91074851 1579.91074851 1579.91074851 1579.91074851
 1579.91074851 1579.91074851 1579.91074851 1579.91074851 1579.91074851
 1579.91074851 1579.91074851 1579.91074851 1579.91074851 1579.91074851
 1579.91074851 1579.91074851 1579.91074851 1579.91074851 1579.91074851
 1579.91074851 1579.91074851 1579.91074851 1579.91074851 1579.91074851
 1579.91074851 1579.91074851 1579.91074851 1579.91074851 1579.91074851
 1579.91074851 1579.91074851 1579.91074851 1579.91074851 1579.91074851
 1579.91074851 1579.91074851 1579.91074851 1579.91074851 1579.91074851
 1579.91074851 1579.91074851 1579.91074851 1579.91074851 1579.91074851
 1579.91074851 1579.91074851 1579.91074851 1579.91074851 1579.91074851
 1579.91074851 1579.91074851 1579.91074851 1579.91074851 1579.91074851
 1579.91074851 1579.91074851 1579.91074851 1579.91074851 1579.91074851
 1579.91074851 1579.91074851 1579.91074851 1579.91074851 1579.91074851
 1579.91074851 1579.91074851 1579.91074851 1579.91074851 1579.91074851
 1579.91074851 1579.91074851 1579.91074851 1579.91074851 1579.91074851
 1579.91074851 1579.91074851 1579.91074851 1579.91074851 1579.91074851
 1579.91074851 1579.91074851 1579.91074851 1579.91074851 1579.91074851
 1579.91074851 1579.91074851 1579.91074851 1579.91074851 1579.91074851
 1579.91074851 1579.91074851 1579.91074851 1567.2982241  1567.2982241
 1567.2982241  1567.2982241  1567.2982241  1567.2982241  1567.2982241
 1567.2982241  1567.2982241  1567.2982241  1567.2982241  1567.2982241
 1567.2982241  1567.2982241  1567.2982241  1567.2982241  1567.2982241
 1567.2982241  1567.2982241  1567.2982241  1567.2982241  1567.2982241
 1567.2982241  1567.2982241  1567.2982241  1567.2982241  1567.2982241
 1567.2982241  1567.2982241  1567.2982241  1567.2982241  1567.2982241
 1567.2982241  1567.2982241  1567.2982241  1567.2982241  1567.2982241
 1567.2982241  1567.2982241  1567.2982241  1567.2982241  1567.2982241
 1567.2982241  1567.2982241  1567.2982241  1567.2982241  1567.2982241
 1567.2982241  1567.2982241  1567.2982241  1567.2982241  1567.2982241
 1567.2982241  1567.2982241  1567.2982241  1567.2982241  1567.2982241
 1567.2982241  1567.2982241  1567.2982241  1567.2982241  1567.2982241
 1567.2982241  1567.2982241  1567.2982241  1567.2982241  1567.2982241
 1567.2982241  1567.2982241  1567.2982241  1567.2982241  1567.2982241
 1567.2982241  1567.2982241  1567.2982241  1567.2982241  1567.2982241
 1567.2982241  1567.2982241  1567.2982241  1567.2982241  1567.2982241
 1567.2982241  1567.2982241  1567.2982241  1567.2982241  1567.2982241
 1567.2982241  1567.2982241  1567.2982241  1567.2982241  1567.2982241
 1567.2982241  1567.2982241  1567.2982241  1567.2982241  1567.2982241
 1567.2982241  1567.2982241  1567.2982241  1567.2982241  1567.2982241
 1567.2982241  1567.2982241  1567.2982241  1567.2982241  1567.2982241
 1567.2982241  1567.2982241  1567.2982241  1567.2982241  1567.2982241
 1567.2982241  1567.2982241  1567.08827875 1567.08827875 1567.08827875
 1567.08827875 1567.08827875 1559.81962184 1559.81962184 1559.81962184
 1559.81962184 1559.81962184 1559.81962184 1559.81962184 1559.81962184
 1559.81962184 1559.81962184 1559.81962184 1559.81962184 1530.17532307
 1530.17532307 1530.17532307 1530.17532307 1530.17532307 1530.17532307
 1530.17532307 1530.17532307 1530.17532307 1530.17532307 1530.17532307
 1530.17532307 1530.17532307 1530.17532307 1530.17532307 1530.17532307
 1530.17532307 1530.17532307 1530.17532307 1530.17532307 1530.17532307
 1530.17532307 1530.17532307 1530.17532307 1530.17532307 1530.17532307
 1530.17532307 1530.17532307 1530.17532307 1530.17532307 1530.17532307
 1530.17532307 1530.17532307 1530.17532307 1530.17532307 1530.17532307
 1530.17532307 1530.17532307 1530.17532307 1530.17532307 1530.17532307
 1530.17532307 1530.17532307 1530.17532307 1530.17532307 1530.17532307
 1530.17532307 1530.17532307 1530.17532307 1530.17532307 1530.17532307
 1530.17532307 1530.17532307 1530.17532307 1530.17532307 1530.17532307
 1530.17532307 1530.17532307 1530.17532307 1530.17532307 1530.17532307
 1530.17532307 1530.17532307 1530.17532307 1530.17532307 1530.17532307
 1530.17532307 1530.17532307 1530.17532307 1530.17532307 1530.17532307
 1530.17532307 1530.17532307 1530.17532307 1530.17532307 1530.17532307
 1530.17532307 1530.17532307 1530.17532307 1530.17532307 1511.64483309
 1511.64483309 1511.64483309 1511.64483309 1511.64483309 1511.64483309
 1511.64483309 1511.64483309 1511.64483309 1511.64483309 1511.64483309
 1511.64483309 1511.64483309 1511.64483309 1511.64483309 1511.64483309
 1511.64483309 1511.64483309 1511.64483309 1511.64483309 1511.64483309
 1511.64483309 1511.64483309 1511.64483309 1511.64483309 1511.64483309
 1511.64483309 1511.64483309 1511.64483309 1511.64483309 1511.64483309
 1511.64483309] 

Fitness stats feasible min: [3429.78378968 3429.78378968 3082.28899407 3082.28899407 3082.28899407
 3082.28899407 3082.28899407 3020.33408936 2996.3266346  2848.39193836
 2848.39193836 2831.62472133 2780.18278947 2780.18278947 2780.18278947
 2771.03904515 2771.03904515 2699.57099002 2623.64160458 2623.64160458
 2592.3425376  2540.82966436 2507.83396048 2428.78873955 2428.78873955
 2417.72288943 2417.72288943 2367.38587507 2300.7315503  2300.7315503
 2300.7315503  2300.7315503  2300.7315503  2247.49710112 2242.04624202
 2170.84620838 2170.84620838 2167.75051887 2114.6372211  2111.59108495
 2111.59108495 2111.59108495 2075.27595213 2075.27595213 2075.27595213
 2051.05098608 2006.63548061 2006.63548061 2006.63548061 2006.63548061
 1979.92322992 1979.92322992 1950.05475213 1950.05475213 1950.05475213
 1950.05475213 1950.05475213 1950.05475213 1948.53499662 1948.53499662
 1948.53499662 1948.53499662 1948.53499662 1941.05235852 1941.05235852
 1941.05235852 1931.08494746 1931.08494746 1931.08494746 1931.08494746
 1931.08494746 1931.08494746 1903.34763981 1903.34763981 1903.34763981
 1903.34763981 1898.00835449 1898.00835449 1891.02966545 1891.02966545
 1891.02966545 1891.02966545 1885.69038013 1885.69038013 1885.69038013
 1885.69038013 1885.69038013 1885.69038013 1885.69038013 1885.69038013
 1885.69038013 1885.69038013 1885.69038013 1885.69038013 1885.69038013
 1885.69038013 1885.69038013 1885.69038013 1885.69038013 1885.22389471
 1885.22389471 1885.22389471 1885.22389471 1885.22389471 1865.74499773
 1865.74499773 1859.54497893 1859.54497893 1856.37808353 1856.37808353
 1856.37808353 1856.37808353 1856.37808353 1856.37808353 1856.37808353
 1856.37808353 1856.37808353 1856.37808353 1856.37808353 1856.37808353
 1856.37808353 1839.47936477 1839.47936477 1839.47936477 1839.47936477
 1839.47936477 1839.47936477 1839.47936477 1839.47936477 1839.47936477
 1839.47936477 1839.47936477 1839.47936477 1839.47936477 1839.47936477
 1839.47936477 1822.67578411 1822.67578411 1822.67578411 1822.67578411
 1822.67578411 1811.34001611 1811.34001611 1811.34001611 1811.34001611
 1811.34001611 1811.34001611 1811.34001611 1811.34001611 1799.44295158
 1799.44295158 1799.44295158 1799.44295158 1799.44295158 1799.44295158
 1799.44295158 1799.44295158 1799.44295158 1799.44295158 1799.44295158
 1799.44295158 1799.44295158 1799.44295158 1799.44295158 1799.44295158
 1799.44295158 1799.44295158 1799.44295158 1799.44295158 1799.44295158
 1799.44295158 1799.44295158 1799.44295158 1799.44295158 1799.44295158
 1799.44295158 1799.44295158 1799.44295158 1799.44295158 1799.44295158
 1799.44295158 1799.44295158 1799.44295158 1799.44295158 1799.44295158
 1799.44295158 1799.44295158 1799.44295158 1799.44295158 1799.44295158
 1799.44295158 1799.44295158 1799.44295158 1799.44295158 1799.44295158
 1799.44295158 1792.66834832 1792.66834832 1792.66834832 1792.66834832
 1792.66834832 1792.66834832 1792.66834832 1792.66834832 1792.66834832
 1792.66834832 1792.66834832 1792.66834832 1792.66834832 1792.66834832
 1792.66834832 1792.66834832 1792.66834832 1792.66834832 1792.66834832
 1792.66834832 1792.66834832 1792.66834832 1792.66834832 1792.66834832
 1792.66834832 1792.66834832 1792.66834832 1792.66834832 1792.66834832
 1792.66834832 1792.66834832 1792.66834832 1792.66834832 1792.66834832
 1792.66834832 1792.66834832 1792.66834832 1792.66834832 1792.04085806
 1792.04085806 1792.04085806 1778.09293702 1778.09293702 1778.09293702
 1776.10184518 1776.10184518 1776.10184518 1775.47435492 1743.90995874
 1741.9188669  1741.9188669  1741.9188669  1741.9188669  1741.9188669
 1741.9188669  1741.9188669  1741.9188669  1741.9188669  1741.9188669
 1741.9188669  1741.9188669  1741.9188669  1741.9188669  1741.9188669
 1741.9188669  1741.9188669  1741.9188669  1741.9188669  1741.9188669
 1741.9188669  1741.9188669  1741.9188669  1741.9188669  1741.9188669
 1741.9188669  1741.9188669  1741.9188669  1741.9188669  1741.9188669
 1741.9188669  1741.2568636  1741.2568636  1741.2568636  1741.2568636
 1741.2568636  1741.2568636  1741.2568636  1741.2568636  1741.2568636
 1741.2568636  1741.2568636  1741.2568636  1741.2568636  1741.2568636
 1741.2568636  1741.2568636  1741.2568636  1741.2568636  1741.2568636
 1741.2568636  1741.2568636  1741.2568636  1741.2568636  1741.2568636
 1741.2568636  1741.2568636  1741.2568636  1695.1901404  1695.1901404
 1695.1901404  1694.3152827  1694.3152827  1694.3152827  1694.3152827
 1694.3152827  1694.3152827  1694.3152827  1694.3152827  1694.3152827
 1694.3152827  1694.3152827  1694.3152827  1694.3152827  1694.3152827
 1686.12642732 1686.12642732 1686.12642732 1682.47550161 1682.47550161
 1682.47550161 1682.47550161 1682.47550161 1682.47550161 1682.47550161
 1682.47550161 1682.47550161 1682.47550161 1682.47550161 1682.47550161
 1682.47550161 1682.47550161 1682.47550161 1682.47550161 1682.47550161
 1682.47550161 1682.47550161 1682.47550161 1682.47550161 1682.47550161
 1682.47550161 1682.47550161 1682.47550161 1682.47550161 1682.47550161
 1682.47550161 1682.47550161 1682.47550161 1682.47550161 1672.19449257
 1672.19449257 1672.19449257 1672.19449257 1671.28139632 1671.28139632
 1671.28139632 1671.28139632 1671.28139632 1671.28139632 1671.28139632
 1671.28139632 1671.28139632 1671.28139632 1671.28139632 1670.92673645
 1670.92673645 1670.92673645 1670.92673645 1670.43563773 1670.43563773
 1670.43563773 1670.43563773 1658.50171765 1658.50171765 1658.50171765
 1658.50171765 1658.50171765 1658.50171765 1658.50171765 1658.50171765
 1658.50171765 1658.50171765 1658.50171765 1658.50171765 1658.50171765
 1658.50171765 1658.50171765 1658.14344731 1658.14344731 1658.14344731
 1658.14344731 1658.14344731 1658.14344731 1658.14344731 1658.14344731
 1658.14344731 1616.68641069 1616.68641069 1689.53367754 1689.53367754
 1689.53367754 1689.53367754 1689.53367754 1689.53367754 1689.53367754
 1689.53367754 1689.53367754 1689.53367754 1616.68641069 1616.68641069
    0.            0.            0.            0.            0.
    0.         1847.2703591  1847.2703591  1847.2703591  1766.20843321
 1616.68641069 1616.68641069    0.            0.            0.
    0.            0.            0.            0.            0.
 1616.68641069 1616.68641069    0.            0.         1725.95157042
 1725.95157042 1725.95157042 1725.95157042 1725.95157042 1693.37909653
 1693.37909653 1693.37909653 1616.68641069 1583.18243157    0.
    0.         1655.90111633 1655.90111633 1655.90111633 1654.45580112
 1654.45580112 1654.45580112 1654.45580112 1637.49310801 1583.18243157
 1583.18243157    0.            0.         1692.68456829 1692.68456829
 1589.67284112 1589.67284112 1589.67284112 1589.67284112 1589.67284112
 1589.67284112 1583.18243157 1583.18243157 1848.17921271 1848.17921271
 1848.17921271 1848.17921271 1765.90850312 1765.90850312 1765.90850312
 1765.90850312 1583.18243157 1583.18243157    0.         1599.42354294
 1599.42354294 1599.42354294 1599.42354294 1599.42354294 1599.42354294
 1599.42354294 1599.42354294 1599.42354294 1583.18243157 1583.18243157
 1709.87073222 1589.67284112 1589.67284112 1589.67284112 1589.67284112
 1589.67284112 1589.67284112 1589.67284112 1589.67284112 1589.67284112
 1583.18243157 1583.18243157    0.            0.         1710.77495767
 1636.92661209 1636.92661209 1636.92661209 1636.92661209 1636.92661209
 1583.18243157 1583.18243157    0.            0.            0.
    0.            0.            0.            0.            0.
 1669.52171052 1669.52171052 1583.18243157 1583.18243157    0.
    0.         1660.15607647 1660.15607647 1660.15607647 1660.15607647
 1660.15607647 1660.15607647 1599.32457475 1599.32457475 1581.5752305
 1581.5752305  1703.76374265 1703.76374265 1703.76374265 1593.64213513
 1593.64213513 1593.64213513 1593.64213513 1593.64213513 1581.5752305
 1581.5752305     0.            0.            0.            0.
 1808.28869774 1678.85210504 1637.34054796 1637.34054796 1637.34054796
 1637.34054796 1581.5752305  1581.5752305  1637.34054796 1637.34054796
 1637.34054796 1637.34054796 1637.34054796 1626.00420382 1626.00420382
 1626.00420382 1626.00420382 1626.00420382 1579.91074851 1579.91074851
    0.         1871.81594091 1871.81594091 1806.87251176 1806.87251176
 1587.36636401 1587.36636401 1587.36636401 1587.36636401 1587.36636401
 1579.91074851 1579.91074851    0.         1785.75462007 1785.75462007
 1785.75462007 1785.75462007 1785.75462007 1785.75462007 1785.75462007
 1579.91074851 1579.91074851    0.            0.            0.
 1802.3132092  1802.3132092  1802.3132092  1802.3132092  1802.3132092
 1802.3132092  1802.3132092  1579.91074851 1579.91074851 1894.38978497
 1746.35495442 1746.35495442 1614.27498073 1614.27498073 1614.27498073
 1614.27498073 1614.27498073 1614.27498073 1614.27498073 1579.91074851
 1579.91074851    0.            0.         1896.88744446 1795.88508875
 1795.88508875 1795.88508875 1795.88508875 1795.88508875 1795.88508875
 1692.0033202  1579.91074851 1579.91074851    0.            0.
 1851.33554751 1851.33554751 1801.55140636 1801.55140636 1791.70101341
 1717.57149803 1717.57149803 1717.57149803 1579.91074851 1579.91074851
    0.            0.            0.            0.            0.
 1704.60261368 1704.60261368 1704.60261368 1704.60261368 1704.60261368
 1579.91074851 1579.91074851 1802.98670071 1802.98670071 1644.49570768
 1644.49570768 1644.49570768 1644.49570768 1644.49570768 1628.41173555
 1628.41173555 1628.41173555 1579.91074851 1579.91074851    0.
    0.         1650.09398247 1650.09398247 1650.09398247 1650.09398247
 1634.83386597 1634.83386597 1579.91074851 1579.91074851 1652.79131913
 1652.79131913 1652.79131913 1652.79131913 1652.79131913 1652.79131913
 1652.79131913 1652.79131913 1652.79131913 1652.79131913 1652.79131913
 1652.79131913 1579.91074851 1579.91074851 1958.38706025 1859.70907481
 1859.70907481 1859.70907481 1859.70907481 1859.70907481 1746.1084398
 1746.1084398  1579.91074851 1579.91074851 1634.83386597 1634.83386597
 1634.83386597 1634.83386597 1634.83386597 1634.83386597 1634.83386597
 1634.83386597 1634.83386597 1634.83386597 1579.91074851 1579.91074851
    0.            0.            0.            0.            0.
    0.         1746.1084398  1746.1084398  1746.1084398  1746.1084398
 1579.91074851 1579.91074851 1955.12697249 1955.12697249 1955.12697249
 1717.58478492 1686.00222758 1686.00222758 1686.00222758 1614.41127832
 1614.41127832 1614.41127832 1579.91074851 1579.91074851    0.
    0.            0.         1801.55140636 1712.63127884 1712.63127884
 1712.63127884 1712.63127884 1712.63127884 1635.2621301  1579.91074851
 1579.91074851    0.            0.            0.            0.
    0.            0.            0.         1873.40876392 1873.40876392
 1873.40876392 1567.2982241  1567.2982241     0.            0.
    0.            0.            0.            0.         1964.53932894
 1854.80158489 1824.75106724 1824.75106724 1567.2982241  1567.2982241
 1725.44911278 1725.44911278 1725.44911278 1725.44911278 1725.44911278
 1725.44911278 1725.44911278 1725.44911278 1567.2982241  1567.2982241
    0.            0.            0.            0.         1782.0691289
 1662.77065937 1662.77065937 1662.77065937 1662.77065937 1662.77065937
 1567.2982241  1567.2982241     0.            0.         1964.53932894
 1601.85546454 1601.85546454 1601.85546454 1601.85546454 1601.85546454
 1601.85546454 1601.85546454 1567.2982241  1567.2982241     0.
    0.         1637.48145806 1637.48145806 1637.48145806 1637.48145806
 1637.48145806 1637.48145806 1637.48145806 1637.48145806 1567.2982241
 1567.2982241     0.         1853.98704417 1853.98704417 1745.16938003
 1745.16938003 1745.16938003 1676.36789652 1676.36789652 1664.41741172
 1664.41741172 1567.2982241  1567.2982241  1648.06117586 1648.06117586
 1594.02267561 1594.02267561 1594.02267561 1594.02267561 1594.02267561
 1574.7538396  1574.7538396  1574.7538396  1567.2982241  1567.2982241
    0.         1593.71198343 1593.71198343 1593.71198343 1593.71198343
 1593.71198343 1593.71198343 1593.71198343 1593.71198343 1593.71198343
 1567.2982241  1567.2982241     0.         1746.29922435 1746.29922435
 1657.86634259 1657.86634259 1574.7538396  1574.7538396  1574.7538396
 1574.7538396  1574.7538396  1567.2982241  1567.2982241     0.
 1861.51893882 1861.51893882 1861.51893882 1861.51893882 1861.51893882
 1861.51893882 1578.71690749 1578.71690749 1578.71690749 1559.81962184
 1559.81962184    0.            0.         1828.0168425  1828.0168425
 1828.0168425  1802.73312079 1802.73312079 1802.73312079 1530.17532307
 1530.17532307    0.            0.         2073.51395174 1603.05589369
 1603.05589369 1603.05589369 1603.05589369 1603.05589369 1603.05589369
 1603.05589369 1530.17532307 1530.17532307 1642.26789477 1642.26789477
 1642.26789477 1642.26789477 1642.26789477 1642.26789477 1642.26789477
 1642.26789477 1636.00371377 1569.46918969 1530.17532307 1530.17532307
 1627.2945107  1627.2945107  1627.2945107  1627.2945107  1601.09194488
 1601.09194488 1580.32353248 1580.32353248 1580.32353248 1580.32353248
 1530.17532307 1530.17532307    0.         1952.30135751 1952.30135751
 1952.30135751 1952.30135751 1883.2895264  1883.2895264  1590.71121641
 1590.71121641 1590.71121641 1530.17532307 1530.17532307    0.
    0.         1604.99082991 1604.99082991 1604.99082991 1604.99082991
 1604.99082991 1604.99082991 1587.07999941 1587.07999941 1530.17532307
 1530.17532307 1725.4928197  1725.4928197  1725.4928197  1725.4928197
 1725.4928197  1725.4928197  1603.05589369 1603.05589369 1603.05589369
 1603.05589369 1530.17532307 1530.17532307    0.            0.
    0.         1766.02205579 1722.27580573 1722.27580573 1511.64483309
 1511.64483309 1511.64483309 1511.64483309 1511.64483309 1511.64483309
 1511.64483309 1511.64483309 1511.64483309 1511.64483309 1511.64483309
 1511.64483309 1511.64483309 1511.64483309 1511.64483309 1511.64483309
 1511.64483309 1511.64483309 1511.64483309 1511.64483309 1511.64483309
 1511.64483309 1511.64483309 1511.64483309 1511.64483309 1511.64483309
 1511.64483309 1511.64483309 1511.64483309 1511.64483309 1511.64483309
 1511.64483309] 

Fitness stats avg: [4037.55307326 3936.45640082 3814.32487032 3719.40512995 3582.6100849
 3462.81311725 3387.54476894 3307.05134306 3264.01047912 3218.81327803
 3147.37891918 3110.66639944 3067.68176207 3053.32610543 3008.3319285
 2992.83893844 2947.94778707 2973.60809466 2912.81496522 2871.19924537
 2853.46020149 2800.48410542 2779.50934669 2769.81013936 2721.12824393
 2723.06104729 2684.59572063 2647.27912889 2599.92222208 2570.68826996
 2574.56780997 2547.05036063 2527.97193551 2519.27197674 2455.56708225
 2387.40786268 2315.92779723 2329.13988544 2321.32784676 2339.29980757
 2301.24475699 2297.03023997 2231.1527435  2189.72209417 2175.79804157
 2130.4966694  2130.93713355 2123.41830595 2154.37479286 2149.03745345
 2138.16676472 2153.84179471 2112.49661908 2078.98983241 2048.16291721
 2023.51359643 1988.17389987 1976.3994923  1956.80501204 1965.46491945
 1964.18042384 1957.78141447 1969.1507615  1966.25414943 1958.1303163
 1960.49160372 1961.44420663 1968.1028237  1984.66325093 1963.54433852
 1964.85102239 1945.35163738 1935.47738444 1951.4640583  1951.89133654
 1938.2168315  1929.53292825 1934.52989952 1912.97078585 1917.24344327
 1923.92371541 1906.75674514 1909.73787496 1908.27637836 1906.77317804
 1899.69178635 1898.57461862 1897.64168924 1897.16374256 1900.15130377
 1904.66529104 1900.83243024 1890.87872831 1907.25273402 1888.3722244
 1905.03539187 1894.61879111 1898.22422731 1906.61409002 1895.14062705
 1896.03249847 1896.64312525 1900.38476851 1906.94141062 1908.18562097
 1903.02182285 1892.30744142 1891.7512995  1890.84670161 1887.21595834
 1879.20180676 1868.41559585 1865.37788009 1875.20835389 1879.91702601
 1864.90860043 1869.27171941 1872.61637901 1871.21951238 1863.96953999
 1865.91139459 1867.48422328 1866.51468889 1872.03407743 1883.82639408
 1887.52852864 1873.51187441 1861.36906126 1858.44682472 1845.41173787
 1850.47470319 1853.61280656 1846.64238404 1844.04394908 1843.18893073
 1859.07832791 1846.47744795 1851.10156693 1839.30503112 1843.26790303
 1843.37484611 1837.43230313 1858.75675854 1866.7090756  1845.30071376
 1836.42465149 1833.38765395 1826.43042043 1823.34301836 1814.87970064
 1819.04625406 1844.70633641 1809.44205744 1809.48541306 1807.84842631
 1812.336643   1811.80481253 1825.53273668 1811.22134432 1811.931486
 1809.16994602 1814.29341903 1832.41773216 1813.26970266 1811.49268002
 1810.27587377 1803.01364308 1806.91415554 1814.53606517 1805.57825817
 1807.04639048 1805.31145396 1813.92377746 1809.12562789 1806.58334795
 1805.13561243 1814.27553651 1800.98151213 1804.85077133 1808.33768745
 1812.05834647 1812.12904077 1815.66612045 1814.15844291 1805.52390189
 1816.78820438 1815.73106358 1827.42245471 1819.60246952 1806.1941174
 1821.19296313 1813.4881587  1804.39235838 1808.06562044 1813.60525541
 1816.61533014 1806.62855698 1828.16188594 1819.07198451 1818.29284601
 1818.51683625 1815.75735727 1812.16338691 1808.9168037  1800.47463641
 1801.49594016 1798.39546091 1797.980693   1802.50586131 1803.21652616
 1804.52967459 1799.69135534 1809.50711754 1805.18080568 1799.82786324
 1809.40639304 1795.39539451 1802.58509187 1798.03514486 1802.9341956
 1806.55023989 1793.02801386 1813.13719094 1808.86206598 1803.87970323
 1806.71578292 1810.88256439 1798.17127601 1805.94992376 1800.54561169
 1802.80295191 1797.76330597 1796.41324104 1813.62798436 1809.69272967
 1809.70365373 1800.93433494 1812.52258642 1819.01804152 1823.94453545
 1832.6194947  1824.49224476 1823.69391698 1805.8592703  1791.55124812
 1792.77271219 1789.87695498 1808.16268558 1816.72334344 1792.26537546
 1780.41865113 1767.92105063 1757.75961501 1746.82407606 1761.15014971
 1744.17584159 1758.86183718 1752.65879323 1749.87659311 1751.7807886
 1754.98969354 1762.33114612 1755.36475899 1759.21210736 1755.19032621
 1760.92013967 1759.51355007 1754.1061064  1755.61370416 1754.06097856
 1766.85042252 1764.85237678 1772.92942502 1755.47554497 1759.23776911
 1748.38107325 1759.65404985 1763.60848759 1746.00246383 1753.47561218
 1756.48939123 1753.61705442 1767.29078125 1759.11768317 1766.21546542
 1750.23480234 1763.26890881 1753.74872151 1754.6969209  1763.73433591
 1749.8910928  1749.06855282 1752.07294068 1747.36291128 1755.67330541
 1754.9903688  1759.11107642 1755.12552663 1758.27862374 1757.00396835
 1747.75515412 1751.66649662 1755.54466863 1748.3559556  1758.67391714
 1748.27779619 1750.58076959 1753.22986564 1758.637229   1749.38954148
 1714.92756009 1702.70321984 1707.05347057 1707.23944425 1705.95279476
 1706.53096323 1707.90330484 1705.74863698 1708.74159317 1709.84175458
 1706.42962805 1706.08569041 1704.03114365 1703.220381   1698.95057891
 1703.64423103 1715.38332638 1688.03772964 1700.59915424 1700.22164528
 1700.35969735 1706.93706735 1694.00009845 1700.2712658  1688.50988202
 1696.14336814 1691.38274133 1697.55889237 1701.97009791 1699.78018799
 1708.22679496 1711.97663466 1694.01058256 1687.66179924 1692.98526212
 1695.28080748 1703.72950275 1697.9673684  1689.69111308 1693.40288641
 1686.10513152 1687.06547176 1693.54033174 1690.8219219  1692.03699295
 1692.46238808 1693.06593145 1696.39335416 1683.81217301 1678.37074554
 1676.92394697 1663.8157071  1665.62024749 1671.49846007 1668.12745921
 1679.55396817 1663.00973741 1670.76155555 1670.64524921 1674.0854811
 1659.90764006 1674.25937101 1673.9176085  1654.52518733 1658.58267714
 1666.8825257  1663.29002133 1664.3289346  1653.29744138 1674.45056868
 1667.63553751 1655.49456139 1665.96594935 1679.88589162 1658.02486016
 1658.21822381 1647.85272886 1660.73335196 1654.85593616 1651.37704511
 1650.70254234 1645.69950513 1643.56066541 1646.5706075  1629.67129943
 1627.7009234  1639.76703564 1636.63063792 1628.56131568 1634.28242553
 1633.51543707 1626.73802362 1634.99265775 1624.292159   1633.05117311
 1633.65691538 1631.31614513 1624.6524359  1626.87414727 1631.98062838
 1632.35057977 1624.43234477 1633.46751015 1635.69905637 1625.47907979
 1623.49706797 1627.8535744  1627.77696877 1624.03274445 1618.10644168
 1633.80003739 1643.0338652  1631.96177779 1630.39412631 1635.35015566
 1630.55836144 1632.35104624 1632.48889589 1625.23710499 1624.35128852
 1619.3867479  1635.99292232 1618.58083118 1627.25064081 1629.49527425
 1624.77490857 1624.97490782 1630.26190011 1626.40476548 1635.83708927
 1640.35958933 1636.26296915 1640.44059404 1642.68705798 1659.04967638
 1663.92409017 1647.04501664 1658.52716918 1636.88389851 1618.00993722
 1616.37538869 1619.62872318 1629.51429913 1626.32630632 1619.30708427
 1604.56494825 1610.3063803  1626.75742787 1608.54475398 1597.00827608
 1587.35984802 1599.14972918 1590.99775694 1603.14538941 1594.85732529
 1595.19259041 1605.35726853 1602.63671677 1616.06221137 1598.86115694
 1599.37105991 1619.20836066 1615.54473681 1598.82672855 1602.37999806
 1601.65495271 1609.64662551 1598.40922608 1601.96607741 1604.89981907
 1612.06109067 1612.4992653  1596.53938546 1597.77567893 1593.74404136
 1598.37995112 1606.41028974 1587.14541389 1598.99615546 1591.87963416
 1589.93957688 1588.09836205 1596.31106492 1598.89636022 1612.85919725
 1600.23572967 1602.34196439 1593.67815334 1603.29660044 1606.14468226
 1595.1293061  1599.58161969 1613.12888748 1611.21944172 1610.21254252
 1620.28669952 1590.23480574 1589.07775812 1587.25233596 1596.98206362
 1602.39669241 1590.38569915 1595.16457053 1593.11762611 1607.71459225
 1597.24784389 1600.5134306  1588.73825806 1600.61696982 1598.24412584
 1591.62384945 1585.58818446 1593.92670695 1587.670304   1584.78371556
 1599.41603737 1590.33319952 1595.09792614 1589.64602445 1598.96965695
 1591.32375773 1591.04435826 1595.75252173 1593.39204291 1598.54351024
 1597.66849209 1604.05172256 1607.27035027 1600.61874195 1617.62322017
 1607.1671738  1602.52082787 1591.39773948 1608.94523095 1606.5341052
 1614.00177696 1605.47571727 1607.52646482 1618.74966924 1601.58946353
 1588.66364271 1595.73981527 1596.57312502 1594.17109143 1595.88784606
 1603.42868814 1604.58018933 1611.10878398 1611.00018146 1619.32832504
 1613.05125815 1615.28691932 1610.20063215 1593.70977241 1599.73553833
 1592.22005438 1589.141191   1596.53143458 1597.03821438 1597.93917974
 1607.1117921  1599.77549194 1606.61776313 1623.56792917 1592.67218708
 1606.57542307 1593.90826883 1599.49342014 1595.33928439 1596.27873254
 1600.42025199 1597.96764764 1608.12042678 1601.55581594 1616.35373574
 1600.85065186 1597.67209681 1601.31308028 1597.30311019 1596.92477931
 1605.9394885  1602.36098461 1596.56629472 1601.76184834 1598.39354497
 1600.72939411 1602.98258418 1583.07199131 1593.18750371 1608.04604144
 1592.4854777  1594.64063769 1595.03654577 1596.4147942  1597.20588945
 1609.4192629  1600.0599458  1605.05678954 1600.77198579 1602.75748963
 1589.62057649 1595.99595906 1597.53218173 1606.84985555 1594.64124728
 1607.04429505 1607.04951236 1600.50600725 1609.93797371 1606.70496994
 1600.01169485 1582.70186037 1579.91074851 1593.95273209 1596.92774416
 1607.93358694 1591.15897863 1604.99438623 1605.65104144 1606.5072372
 1597.55298988 1605.73287689 1594.32890022 1588.11779142 1597.70914651
 1590.42717955 1584.29481834 1592.01957982 1593.81469733 1603.22950145
 1607.57023801 1615.55008428 1608.10997632 1618.48672303 1597.52524148
 1600.48925541 1582.95924875 1597.56172483 1598.73791786 1592.84446425
 1586.75780132 1596.80928231 1589.32128646 1627.77936103 1618.40426725
 1608.43729451 1593.30087188 1609.62623044 1589.89883619 1589.41238356
 1603.18975001 1600.85695706 1603.63925613 1610.21944249 1606.05825775
 1609.67401241 1613.83862947 1613.73308618 1589.25728345 1587.04759717
 1586.21871807 1596.79685403 1591.36826229 1598.58402363 1622.78193485
 1609.06258925 1595.11168922 1610.09193443 1598.27701002 1594.14759744
 1602.02391042 1597.52778975 1589.81040462 1596.08353946 1595.57628499
 1601.86991255 1598.03517119 1598.82980742 1603.85322808 1605.16132178
 1613.45505504 1615.51490009 1587.86899894 1587.47299494 1594.73053979
 1604.86363236 1601.7795264  1600.01577825 1601.60762855 1613.62575777
 1628.28853834 1627.53927472 1596.45752886 1580.45997968 1604.17403953
 1589.78377482 1597.11611562 1597.37931053 1593.23547616 1595.10503231
 1599.56225504 1607.54991566 1617.5079142  1599.6004009  1584.35738243
 1596.40262394 1584.07653905 1591.89570951 1587.02482596 1585.41599229
 1593.59632345 1595.56768809 1588.47343577 1613.75930645 1607.08407012
 1610.37101366 1603.75567646 1612.18041349 1600.47272964 1598.15584612
 1597.21951185 1590.74193507 1592.87688364 1596.16550249 1600.47484113
 1608.28384494 1610.45745931 1612.69234365 1592.96280736 1597.64110188
 1584.6138104  1585.7461476  1589.1548494  1595.78603092 1611.14182332
 1597.05057552 1601.27118188 1612.00272952 1619.43496902 1620.01483716
 1594.725489   1584.11690102 1598.00871073 1600.06815578 1585.88199551
 1591.1376157  1581.58382027 1593.10798902 1595.4445471  1594.71211576
 1602.32446297 1595.20601155 1589.53631387 1578.87979768 1575.72354112
 1574.67836657 1569.31057076 1567.2982241  1571.77873298 1589.59482486
 1590.42430246 1587.53012778 1592.21138667 1585.83069362 1580.72020962
 1582.76946665 1578.92687434 1574.11975206 1587.67107815 1600.59574567
 1589.30607427 1584.76703518 1589.44861643 1594.5639082  1581.49995086
 1583.20899188 1574.95145666 1575.54884071 1590.42662285 1577.39631615
 1574.27306392 1582.40323231 1583.24505321 1579.83562284 1595.23604722
 1586.28098678 1575.41016636 1570.40265332 1582.01308298 1579.86129023
 1582.18203932 1579.49817666 1583.37330318 1584.94425255 1587.59734447
 1599.21265452 1597.9899361  1589.37597217 1583.94769481 1578.87086614
 1574.26714644 1572.90690873 1582.46237111 1583.00886441 1602.2365251
 1594.49986146 1599.37316139 1599.7860741  1596.46173188 1595.99313156
 1568.57859124 1578.16460375 1572.69015202 1595.02381853 1581.88857953
 1600.69147846 1588.51663748 1602.1643845  1606.28336987 1617.74652586
 1594.73416234 1614.38202527 1591.4185945  1589.77301654 1583.00931746
 1581.03896675 1576.16787357 1575.80155496 1575.05166756 1591.11574264
 1601.0657385  1589.52317554 1592.2812646  1590.70411633 1584.05167763
 1586.25342654 1574.27725821 1587.90350448 1582.02379715 1576.03454366
 1588.86057416 1577.13047971 1589.15333503 1591.99015399 1585.27092092
 1593.72050617 1587.42835192 1571.4619886  1585.93037803 1585.33706088
 1585.44747964 1593.57936373 1618.16458734 1597.69881113 1590.05775188
 1604.07838933 1590.60318921 1590.02048289 1578.16218993 1587.64107065
 1576.93837082 1578.10184763 1580.43412885 1583.15583251 1588.96551107
 1584.41515803 1588.51984791 1599.29034863 1590.471364   1596.3626122
 1589.24634688 1571.33843724 1566.62513076 1567.28678275 1566.88843813
 1567.98022971 1570.56036925 1589.61987931 1575.80032804 1598.85348802
 1576.66287859 1570.84878768 1563.31530081 1573.31254938 1567.7550232
 1552.21466542 1555.32138273 1560.05897471 1567.97221411 1568.03993659
 1573.35852222 1568.97792567 1551.10351787 1549.63842562 1535.46248339
 1534.35307456 1549.72170314 1541.5912695  1556.59813389 1550.93357017
 1558.12081547 1563.853825   1573.60705198 1551.13039903 1541.41871203
 1545.4537724  1543.08988152 1534.12977645 1537.02793498 1542.65023091
 1541.59115926 1553.5256432  1537.82850797 1543.96539759 1569.36021511
 1563.54146605 1544.01204129 1531.99757362 1542.34379301 1543.34788321
 1543.45801654 1539.65008224 1558.56271574 1548.41885083 1547.12957081
 1546.36259634 1566.94767149 1565.50641641 1550.63040327 1547.81905561
 1530.17532307 1548.68042046 1557.73234078 1563.85048098 1560.68706471
 1567.84326696 1569.07938606 1573.27647509 1550.66922622 1555.16052174
 1558.54753298 1552.22743582 1540.01092639 1538.96173392 1564.25647545
 1546.23734226 1556.76315119 1557.30224723 1572.09055965 1566.38656713
 1577.68371941 1573.68201374 1546.93401486 1546.38038129 1533.85210629
 1542.59096621 1534.72811331 1538.31680674 1561.75233484 1546.78959551
 1546.1664092  1535.1722717  1533.39267775 1525.1947484  1530.03312829
 1523.899179   1529.14281851 1521.35865216 1518.42779723 1523.08470564
 1514.85411613 1521.42795378 1536.75531361 1529.94455986 1523.2907316
 1532.07967351 1518.67262792 1532.99679186 1522.37335098 1532.32614215
 1517.69188991 1525.89105629 1522.89609941 1533.63506828 1521.70208552
 1522.52219669 1526.27941525 1524.30198061 1522.53667574 1520.96966912
 1526.84187582] 

Feasible stats: [(  0.,   0.) (  0., 100.) (  0., 100.) ( 52.,  48.) ( 52.,  48.)
 ( 42.,  58.) ( 42.,  58.) ( 38.,  62.) ( 38.,  62.) ( 46.,  54.)
 ( 46.,  54.) ( 66.,  34.) ( 66.,  34.) ( 69.,  31.) ( 69.,  31.)
 ( 61.,  39.) ( 61.,  39.) ( 61.,  39.) ( 61.,  39.) ( 73.,  27.)
 ( 73.,  27.) ( 72.,  28.) ( 72.,  28.) ( 75.,  25.) ( 75.,  25.)
 ( 80.,  20.) ( 80.,  20.) ( 76.,  24.) ( 76.,  24.) ( 65.,  35.)
 ( 65.,  35.) ( 74.,  26.) ( 74.,  26.) ( 74.,  26.) ( 74.,  26.)
 ( 74.,  26.) ( 74.,  26.) ( 93.,   7.) ( 93.,   7.) ( 91.,   9.)
 ( 91.,   9.) ( 90.,  10.) ( 90.,  10.) ( 91.,   9.) ( 91.,   9.)
 ( 95.,   5.) ( 95.,   5.) ( 97.,   3.) ( 97.,   3.) ( 94.,   6.)
 ( 94.,   6.) ( 98.,   2.) ( 98.,   2.) ( 94.,   6.) ( 94.,   6.)
 ( 94.,   6.) ( 94.,   6.) ( 99.,   1.) ( 99.,   1.) ( 99.,   1.)
 ( 99.,   1.) ( 98.,   2.) ( 98.,   2.) ( 99.,   1.) ( 99.,   1.)
 ( 98.,   2.) ( 98.,   2.) ( 98.,   2.) ( 98.,   2.) ( 98.,   2.)
 ( 98.,   2.) ( 96.,   4.) ( 96.,   4.) (100.,   0.) (100.,   0.)
 ( 99.,   1.) ( 99.,   1.) ( 97.,   3.) ( 97.,   3.) ( 99.,   1.)
 ( 99.,   1.) ( 97.,   3.) ( 97.,   3.) ( 97.,   3.) ( 97.,   3.)
 ( 97.,   3.) ( 97.,   3.) ( 99.,   1.) ( 99.,   1.) ( 99.,   1.)
 ( 99.,   1.) ( 99.,   1.) ( 99.,   1.) ( 99.,   1.) ( 99.,   1.)
 ( 99.,   1.) ( 99.,   1.) ( 99.,   1.) ( 99.,   1.) ( 99.,   1.)
 ( 99.,   1.) ( 99.,   1.) ( 99.,   1.) ( 97.,   3.) ( 97.,   3.)
 ( 98.,   2.) ( 98.,   2.) ( 99.,   1.) ( 99.,   1.) ( 99.,   1.)
 ( 99.,   1.) ( 99.,   1.) ( 99.,   1.) ( 99.,   1.) ( 99.,   1.)
 ( 98.,   2.) ( 98.,   2.) ( 99.,   1.) ( 99.,   1.) ( 99.,   1.)
 ( 99.,   1.) ( 98.,   2.) ( 98.,   2.) ( 99.,   1.) ( 99.,   1.)
 ( 98.,   2.) ( 98.,   2.) (100.,   0.) (100.,   0.) ( 98.,   2.)
 ( 98.,   2.) ( 99.,   1.) ( 99.,   1.) ( 99.,   1.) ( 99.,   1.)
 ( 99.,   1.) ( 99.,   1.) ( 99.,   1.) ( 99.,   1.) ( 99.,   1.)
 ( 99.,   1.) ( 99.,   1.) ( 99.,   1.) ( 95.,   5.) ( 95.,   5.)
 ( 98.,   2.) ( 98.,   2.) ( 97.,   3.) ( 97.,   3.) (100.,   0.)
 (100.,   0.) (100.,   0.) (100.,   0.) ( 99.,   1.) ( 99.,   1.)
 ( 99.,   1.) ( 99.,   1.) ( 98.,   2.) ( 98.,   2.) ( 98.,   2.)
 ( 98.,   2.) ( 99.,   1.) ( 99.,   1.) ( 99.,   1.) ( 99.,   1.)
 ( 99.,   1.) ( 99.,   1.) ( 99.,   1.) ( 99.,   1.) ( 99.,   1.)
 ( 99.,   1.) ( 98.,   2.) ( 98.,   2.) ( 98.,   2.) ( 98.,   2.)
 ( 99.,   1.) ( 99.,   1.) ( 97.,   3.) ( 97.,   3.) ( 99.,   1.)
 ( 99.,   1.) ( 98.,   2.) ( 98.,   2.) ( 97.,   3.) ( 97.,   3.)
 ( 98.,   2.) ( 98.,   2.) ( 99.,   1.) ( 99.,   1.) ( 98.,   2.)
 ( 98.,   2.) ( 99.,   1.) ( 99.,   1.) ( 99.,   1.) ( 99.,   1.)
 ( 99.,   1.) ( 99.,   1.) ( 98.,   2.) ( 98.,   2.) ( 99.,   1.)
 ( 99.,   1.) ( 97.,   3.) ( 97.,   3.) ( 99.,   1.) ( 99.,   1.)
 ( 98.,   2.) ( 98.,   2.) ( 99.,   1.) ( 99.,   1.) ( 98.,   2.)
 ( 98.,   2.) ( 98.,   2.) ( 98.,   2.) ( 98.,   2.) ( 98.,   2.)
 ( 99.,   1.) ( 99.,   1.) ( 99.,   1.) ( 99.,   1.) ( 99.,   1.)
 ( 99.,   1.) ( 98.,   2.) ( 98.,   2.) ( 99.,   1.) ( 99.,   1.)
 ( 99.,   1.) ( 99.,   1.) ( 99.,   1.) ( 99.,   1.) ( 95.,   5.)
 ( 95.,   5.) ( 99.,   1.) ( 99.,   1.) ( 99.,   1.) ( 99.,   1.)
 ( 98.,   2.) ( 98.,   2.) ( 99.,   1.) ( 99.,   1.) ( 99.,   1.)
 ( 99.,   1.) ( 97.,   3.) ( 97.,   3.) ( 97.,   3.) ( 97.,   3.)
 ( 98.,   2.) ( 98.,   2.) ( 98.,   2.) ( 98.,   2.) (100.,   0.)
 (100.,   0.) (100.,   0.) (100.,   0.) ( 99.,   1.) ( 99.,   1.)
 (100.,   0.) (100.,   0.) ( 99.,   1.) ( 99.,   1.) ( 99.,   1.)
 ( 99.,   1.) ( 98.,   2.) ( 98.,   2.) ( 97.,   3.) ( 97.,   3.)
 ( 99.,   1.) ( 99.,   1.) ( 98.,   2.) ( 98.,   2.) ( 99.,   1.)
 ( 99.,   1.) ( 98.,   2.) ( 98.,   2.) ( 96.,   4.) ( 96.,   4.)
 (100.,   0.) (100.,   0.) ( 99.,   1.) ( 99.,   1.) ( 99.,   1.)
 ( 99.,   1.) ( 98.,   2.) ( 98.,   2.) ( 98.,   2.) ( 98.,   2.)
 ( 99.,   1.) ( 99.,   1.) ( 98.,   2.) ( 98.,   2.) ( 98.,   2.)
 ( 98.,   2.) ( 99.,   1.) ( 99.,   1.) ( 98.,   2.) ( 98.,   2.)
 (100.,   0.) (100.,   0.) (100.,   0.) (100.,   0.) ( 99.,   1.)
 ( 99.,   1.) ( 99.,   1.) ( 99.,   1.) ( 99.,   1.) ( 99.,   1.)
 ( 98.,   2.) ( 98.,   2.) ( 98.,   2.) ( 98.,   2.) ( 98.,   2.)
 ( 98.,   2.) ( 99.,   1.) ( 99.,   1.) ( 99.,   1.) ( 99.,   1.)
 ( 99.,   1.) ( 99.,   1.) ( 99.,   1.) ( 99.,   1.) ( 98.,   2.)
 ( 98.,   2.) ( 98.,   2.) ( 98.,   2.) ( 98.,   2.) ( 98.,   2.)
 ( 99.,   1.) ( 99.,   1.) ( 98.,   2.) ( 98.,   2.) ( 99.,   1.)
 ( 99.,   1.) ( 98.,   2.) ( 98.,   2.) ( 99.,   1.) ( 99.,   1.)
 ( 99.,   1.) ( 99.,   1.) ( 99.,   1.) ( 99.,   1.) ( 97.,   3.)
 ( 97.,   3.) ( 99.,   1.) ( 99.,   1.) ( 98.,   2.) ( 98.,   2.)
 ( 98.,   2.) ( 98.,   2.) ( 99.,   1.) ( 99.,   1.) ( 96.,   4.)
 ( 96.,   4.) ( 94.,   6.) ( 94.,   6.) ( 91.,   9.) ( 91.,   9.)
 ( 87.,  13.) ( 87.,  13.) ( 57.,  43.) ( 57.,  43.) ( 51.,  49.)
 ( 51.,  49.) ( 50.,  50.) ( 50.,  50.) ( 28.,  72.) ( 28.,  72.)
 ( 14.,  86.) ( 14.,  86.) ( 15.,  85.) ( 15.,  85.) ( 14.,  86.)
 ( 14.,  86.) ( 11.,  89.) ( 11.,  89.) ( 13.,  87.) ( 13.,  87.)
 ( 13.,  87.) ( 13.,  87.) ( 12.,  88.) ( 12.,  88.) ( 10.,  90.)
 ( 10.,  90.) ( 12.,  88.) ( 12.,  88.) ( 10.,  90.) ( 10.,  90.)
 ( 10.,  90.) ( 10.,  90.) (  9.,  91.) (  9.,  91.) ( 10.,  90.)
 ( 10.,  90.) ( 10.,  90.) ( 10.,  90.) ( 12.,  88.) ( 12.,  88.)
 (  9.,  91.) (  9.,  91.) ( 13.,  87.) ( 13.,  87.) (  9.,  91.)
 (  9.,  91.) ( 10.,  90.) ( 10.,  90.) (100.,   0.) (100.,   0.)
 (  1.,  99.) (  1.,  99.) (  1.,  99.) (  1.,  99.) (  3.,  97.)
 (  3.,  97.) (  3.,  97.) (  3.,  97.) (  4.,  96.) (  4.,  96.)
 (100.,   0.) (100.,   0.) (  0., 100.) (  0., 100.) (  0., 100.)
 (  0., 100.) (  0., 100.) (  0., 100.) (  1.,  99.) (  1.,  99.)
 (  3.,  97.) (  3.,  97.) ( 98.,   2.) ( 98.,   2.) (  0., 100.)
 (  0., 100.) (  0., 100.) (  0., 100.) (  0., 100.) (  0., 100.)
 (  0., 100.) (  0., 100.) ( 99.,   1.) ( 99.,   1.) (  0., 100.)
 (  0., 100.) (  4.,  96.) (  4.,  96.) (  5.,  95.) (  5.,  95.)
 ( 10.,  90.) ( 10.,  90.) (  9.,  91.) (  9.,  91.) (100.,   0.)
 (100.,   0.) (  0., 100.) (  0., 100.) (  4.,  96.) (  4.,  96.)
 (  5.,  95.) (  5.,  95.) (  9.,  91.) (  9.,  91.) ( 11.,  89.)
 ( 11.,  89.) ( 99.,   1.) ( 99.,   1.) (  0., 100.) (  0., 100.)
 (  3.,  97.) (  3.,  97.) (  6.,  94.) (  6.,  94.) (  9.,  91.)
 (  9.,  91.) (  9.,  91.) (  9.,  91.) (100.,   0.) (100.,   0.)
 (  2.,  98.) (  2.,  98.) (  2.,  98.) (  2.,  98.) (  4.,  96.)
 (  4.,  96.) (  5.,  95.) (  5.,  95.) ( 99.,   1.) ( 99.,   1.)
 (  1.,  99.) (  1.,  99.) (  1.,  99.) (  1.,  99.) (  1.,  99.)
 (  1.,  99.) (  2.,  98.) (  2.,  98.) (  2.,  98.) (  2.,  98.)
 (100.,   0.) (100.,   0.) (  3.,  97.) (  3.,  97.) (  3.,  97.)
 (  3.,  97.) (  3.,  97.) (  3.,  97.) (  4.,  96.) (  4.,  96.)
 (  7.,  93.) (  7.,  93.) (100.,   0.) (100.,   0.) (  0., 100.)
 (  0., 100.) (  2.,  98.) (  2.,  98.) (  3.,  97.) (  3.,  97.)
 (  4.,  96.) (  4.,  96.) ( 99.,   1.) ( 99.,   1.) (  0., 100.)
 (  0., 100.) (  0., 100.) (  0., 100.) (  0., 100.) (  0., 100.)
 (  0., 100.) (  0., 100.) (  1.,  99.) (  1.,  99.) (100.,   0.)
 (100.,   0.) (  0., 100.) (  0., 100.) (  4.,  96.) (  4.,  96.)
 (  6.,  94.) (  6.,  94.) (  7.,  93.) (  7.,  93.) ( 12.,  88.)
 ( 12.,  88.) (100.,   0.) (100.,   0.) (  2.,  98.) (  2.,  98.)
 (  4.,  96.) (  4.,  96.) (  6.,  94.) (  6.,  94.) ( 11.,  89.)
 ( 11.,  89.) ( 99.,   1.) ( 99.,   1.) (  0., 100.) (  0., 100.)
 (  0., 100.) (  0., 100.) (  3.,  97.) (  3.,  97.) (  6.,  94.)
 (  6.,  94.) (  9.,  91.) (  9.,  91.) ( 97.,   3.) ( 97.,   3.)
 (  2.,  98.) (  2.,  98.) (  3.,  97.) (  3.,  97.) (  6.,  94.)
 (  6.,  94.) (  7.,  93.) (  7.,  93.) ( 10.,  90.) ( 10.,  90.)
 ( 99.,   1.) ( 99.,   1.) (  1.,  99.) (  1.,  99.) (  2.,  98.)
 (  2.,  98.) (  3.,  97.) (  3.,  97.) (  7.,  93.) (  7.,  93.)
 ( 12.,  88.) ( 12.,  88.) (100.,   0.) (100.,   0.) (  2.,  98.)
 (  2.,  98.) (  3.,  97.) (  3.,  97.) (  3.,  97.) (  3.,  97.)
 (  3.,  97.) (  3.,  97.) ( 98.,   2.) ( 98.,   2.) (  0., 100.)
 (  0., 100.) (  2.,  98.) (  2.,  98.) (  2.,  98.) (  2.,  98.)
 (  2.,  98.) (  2.,  98.) (  2.,  98.) (  2.,  98.) ( 99.,   1.)
 ( 99.,   1.) (  2.,  98.) (  2.,  98.) (  4.,  96.) (  4.,  96.)
 (  4.,  96.) (  4.,  96.) (  5.,  95.) (  5.,  95.) (  8.,  92.)
 (  8.,  92.) ( 98.,   2.) ( 98.,   2.) (  0., 100.) (  0., 100.)
 (  2.,  98.) (  2.,  98.) (  3.,  97.) (  3.,  97.) (  4.,  96.)
 (  4.,  96.) (  5.,  95.) (  5.,  95.) ( 99.,   1.) ( 99.,   1.)
 (  0., 100.) (  0., 100.) (  1.,  99.) (  1.,  99.) (  2.,  98.)
 (  2.,  98.) (  5.,  95.) (  5.,  95.) ( 11.,  89.) ( 11.,  89.)
 ( 98.,   2.) ( 98.,   2.) (  0., 100.) (  0., 100.) (  0., 100.)
 (  0., 100.) (  1.,  99.) (  1.,  99.) (  2.,  98.) (  2.,  98.)
 (  6.,  94.) (  6.,  94.) ( 99.,   1.) ( 99.,   1.) (  1.,  99.)
 (  1.,  99.) (  5.,  95.) (  5.,  95.) (  6.,  94.) (  6.,  94.)
 (  9.,  91.) (  9.,  91.) ( 11.,  89.) ( 11.,  89.) (100.,   0.)
 (100.,   0.) (  0., 100.) (  0., 100.) (  5.,  95.) (  5.,  95.)
 (  7.,  93.) (  7.,  93.) (  9.,  91.) (  9.,  91.) ( 99.,   1.)
 ( 99.,   1.) (  3.,  97.) (  3.,  97.) (  3.,  97.) (  3.,  97.)
 (  4.,  96.) (  4.,  96.) (  4.,  96.) (  4.,  96.) (  6.,  94.)
 (  6.,  94.) (  8.,  92.) (  8.,  92.) (100.,   0.) (100.,   0.)
 (  3.,  97.) (  3.,  97.) (  3.,  97.) (  3.,  97.) (  3.,  97.)
 (  3.,  97.) (  8.,  92.) (  8.,  92.) (100.,   0.) (100.,   0.)
 (  1.,  99.) (  1.,  99.) (  2.,  98.) (  2.,  98.) (  3.,  97.)
 (  3.,  97.) (  5.,  95.) (  5.,  95.) (  6.,  94.) (  6.,  94.)
 (100.,   0.) (100.,   0.) (  0., 100.) (  0., 100.) (  0., 100.)
 (  0., 100.) (  0., 100.) (  0., 100.) (  2.,  98.) (  2.,  98.)
 (  3.,  97.) (  3.,  97.) ( 99.,   1.) ( 99.,   1.) (  1.,  99.)
 (  1.,  99.) (  3.,  97.) (  3.,  97.) (  4.,  96.) (  4.,  96.)
 (  8.,  92.) (  8.,  92.) ( 10.,  90.) ( 10.,  90.) (100.,   0.)
 (100.,   0.) (  0., 100.) (  0., 100.) (  1.,  99.) (  1.,  99.)
 (  4.,  96.) (  4.,  96.) (  6.,  94.) (  6.,  94.) (  9.,  91.)
 (  9.,  91.) (100.,   0.) (100.,   0.) (  0., 100.) (  0., 100.)
 (  0., 100.) (  0., 100.) (  0., 100.) (  0., 100.) (  2.,  98.)
 (  2.,  98.) (  2.,  98.) (  2.,  98.) (100.,   0.) (100.,   0.)
 (  0., 100.) (  0., 100.) (  0., 100.) (  0., 100.) (  0., 100.)
 (  0., 100.) (  2.,  98.) (  2.,  98.) (  4.,  96.) (  4.,  96.)
 (100.,   0.) (100.,   0.) (  1.,  99.) (  1.,  99.) (  3.,  97.)
 (  3.,  97.) (  3.,  97.) (  3.,  97.) (  4.,  96.) (  4.,  96.)
 ( 98.,   2.) ( 98.,   2.) (  0., 100.) (  0., 100.) (  0., 100.)
 (  0., 100.) (  2.,  98.) (  2.,  98.) (  3.,  97.) (  3.,  97.)
 (  5.,  95.) (  5.,  95.) ( 98.,   2.) ( 98.,   2.) (  0., 100.)
 (  0., 100.) (  2.,  98.) (  2.,  98.) (  4.,  96.) (  4.,  96.)
 (  6.,  94.) (  6.,  94.) (  8.,  92.) (  8.,  92.) ( 98.,   2.)
 ( 98.,   2.) (  0., 100.) (  0., 100.) (  2.,  98.) (  2.,  98.)
 (  4.,  96.) (  4.,  96.) ( 10.,  90.) ( 10.,  90.) ( 11.,  89.)
 ( 11.,  89.) ( 99.,   1.) ( 99.,   1.) (  1.,  99.) (  1.,  99.)
 (  3.,  97.) (  3.,  97.) (  5.,  95.) (  5.,  95.) (  8.,  92.)
 (  8.,  92.) ( 10.,  90.) ( 10.,  90.) ( 99.,   1.) ( 99.,   1.)
 (  1.,  99.) (  1.,  99.) (  2.,  98.) (  2.,  98.) (  4.,  96.)
 (  4.,  96.) ( 10.,  90.) ( 10.,  90.) ( 11.,  89.) ( 11.,  89.)
 ( 99.,   1.) ( 99.,   1.) (  1.,  99.) (  1.,  99.) (  4.,  96.)
 (  4.,  96.) (  8.,  92.) (  8.,  92.) (  9.,  91.) (  9.,  91.)
 ( 13.,  87.) ( 13.,  87.) ( 98.,   2.) ( 98.,   2.) (  3.,  97.)
 (  3.,  97.) (  5.,  95.) (  5.,  95.) (  8.,  92.) (  8.,  92.)
 (  9.,  91.) (  9.,  91.) ( 10.,  90.) ( 10.,  90.) ( 99.,   1.)
 ( 99.,   1.) (  1.,  99.) (  1.,  99.) (  2.,  98.) (  2.,  98.)
 (  2.,  98.) (  2.,  98.) (  3.,  97.) (  3.,  97.) (  5.,  95.)
 (  5.,  95.) (100.,   0.) (100.,   0.) (  0., 100.) (  0., 100.)
 (  1.,  99.) (  1.,  99.) (  3.,  97.) (  3.,  97.) (  4.,  96.)
 (  4.,  96.) (100.,   0.) (100.,   0.) (  0., 100.) (  0., 100.)
 (  2.,  98.) (  2.,  98.) (  4.,  96.) (  4.,  96.) (  7.,  93.)
 (  7.,  93.) ( 12.,  88.) ( 12.,  88.) (100.,   0.) (100.,   0.)
 (  2.,  98.) (  2.,  98.) (  2.,  98.) (  2.,  98.) (  4.,  96.)
 (  4.,  96.) (  5.,  95.) (  5.,  95.) ( 12.,  88.) ( 12.,  88.)
 (100.,   0.) (100.,   0.) (  1.,  99.) (  1.,  99.) (  1.,  99.)
 (  1.,  99.) (  2.,  98.) (  2.,  98.) (  5.,  95.) (  5.,  95.)
 (  7.,  93.) (  7.,  93.) (100.,   0.) (100.,   0.) (  1.,  99.)
 (  1.,  99.) (  1.,  99.) (  1.,  99.) (  2.,  98.) (  2.,  98.)
 (  3.,  97.) (  3.,  97.) (  6.,  94.) (  6.,  94.) ( 99.,   1.)
 ( 99.,   1.) (  0., 100.) (  0., 100.) (  3.,  97.) (  3.,  97.)
 (  8.,  92.) (  8.,  92.) (  9.,  91.) (  9.,  91.) ( 11.,  89.)
 ( 11.,  89.) ( 98.,   2.) ( 98.,   2.) (  1.,  99.) (  1.,  99.)
 (  1.,  99.) (  1.,  99.) (  3.,  97.) (  3.,  97.) (  5.,  95.)
 (  5.,  95.) (  8.,  92.) (  8.,  92.) ( 98.,   2.) ( 98.,   2.)
 (  0., 100.) (  0., 100.) (  1.,  99.) (  1.,  99.) (  2.,  98.)
 (  2.,  98.) (  6.,  94.) (  6.,  94.) ( 32.,  68.) ( 32.,  68.)
 ( 96.,   4.) ( 96.,   4.) ( 98.,   2.) ( 98.,   2.) ( 98.,   2.)
 ( 98.,   2.) ( 99.,   1.) ( 99.,   1.) ( 98.,   2.) ( 98.,   2.)
 ( 99.,   1.) ( 99.,   1.) ( 99.,   1.) ( 99.,   1.) ( 99.,   1.)
 ( 99.,   1.) ( 99.,   1.) ( 99.,   1.) ( 98.,   2.) ( 98.,   2.)
 ( 99.,   1.) ( 99.,   1.) ( 96.,   4.) ( 96.,   4.) ( 99.,   1.)
 ( 99.,   1.)] 
Solution Description: 
p: [  0.          90.66635012 119.05128288 132.22968075 138.3253925
 138.45985966 140.7433631  158.27890427 187.94332604 264.41759119
 264.52100304 268.10073294 268.14586047   0.          18.67738622
 114.97279409 156.44778466 177.69807878 197.83719425 200.28594325
 284.87928845 346.14349732 359.10201678 410.59764225 451.10880587
 469.8439186  490.32648559 503.33212483   0.          29.55843142
  35.79328942 104.69610562 174.01614953 174.76924865 180.40621288
 180.58262567 280.53628409 288.92603602 331.40704588 415.28366432
 417.37171112 476.16124079 505.59268437 557.76404521   0.
  43.55761555  57.50784656 103.23114163 110.04239664 121.01940558
 165.70454866 182.40280259] 
pred: [ 0  0  0  0  0  0  5  6  6  6  6  6  6  0  0  0  0  0  4  4  5  5  5  8
  8  8  8  8  0  0  0  2  2  2  2  2  7  7  7  7  7  7 12 12  0  0  0  2
  2  2  2  6] 
distance [  0.          90.66635012 119.05128288 132.22968075 138.3253925
 138.45985966   2.28350345  17.53554117  47.19996294 123.67422808
 123.77763994 127.35736983 127.40249737   0.          18.67738622
 114.97279409 156.44778466 177.69807878  20.13911547  22.58786447
  87.04209419 148.30630307 161.26482253  64.45414493 104.96530855
 123.70042128 144.18298827 157.18862751   0.          29.55843142
  35.79328942  68.9028162  138.2228601  138.97595923 144.61292346
 144.78933624  99.95365842 108.34341035 150.82442021 234.70103865
 236.78908545 295.57861512  88.22097325 140.39233409   0.
  43.55761555  57.50784656  45.72329507  52.53455008  63.51155902
 108.19670211  16.69825392]
load: [ 0  5 21 37 47 54 11 13 21 27 37 40 56  0 22 46 71 86 25 43 40 59 73 27
 40 48 58 79  0  9 18 16 25 45 57 82 19 39 44 47 59 73 31 36  0  4 18 21
 40 46 61 13] 
time: [  0.         160.         398.         440.23624841 473.3964008
 510.10459224 322.         170.         203.         269.
 306.36898456 322.5433731  456.           0.         182.
 459.         503.13280071 523.58460554 130.         145.81100264
 129.23451697 185.11499244 266.22126573 173.4613902  207.
 246.16715731 321.         384.17298234   0.         257.
 340.         192.         241.20298871 268.20115563 317.
 446.          72.         198.         249.63509387 319.
 399.         446.66283488 434.         475.95303324   0.
 226.         329.         115.         308.         325.46934669
 457.         375.        ] 
time warps: [0 0 0 0 0 0 0 0 0 0 0 0 0 0 0 0 0 0 0 0 0 0 0 0 0 0 0 0 0 0 0 0 0 0 0 0 0
 0 0 0 0 0 0 0 0 0 0 0 0 0 0 0] 
duration: [  0.         107.66635012 360.55432638 394.73272424 417.828436
 421.96290315  11.28350345  23.53554117  73.83796245 166.81186133
 173.91527319 181.49500308 311.61049336   0.          24.67738622
 366.72088391 412.19587448 455.4461686   29.13911547  32.58786447
 113.04209419 191.30630307 208.26482253  75.45414493 144.10536474
 169.84047747 246.71575713 282.72139636   0.          35.55843142
 131.55279301  78.9028162  150.2228601  155.97595923 197.18036263
 311.9857638  120.95365842 215.72800344 282.2090133  382.5116511
 395.31629264 474.1058223  135.07314053 190.24450137   0.
  66.55761555 156.24756466  55.72329507 251.32425496 272.3012639
 426.98976105  26.69825392]

All individuals: [(23, [12, 14, 15,  7,  6, 27,  3, 48, 11, 37,  7, 41, 26, 31, 44, 32, 34, 43, 21, 38, 45, 10, 42, 46, 35,  9, 39,  2, 36, 22, 28, 14, 20, 13,  8,  5, 16, 33, 29,  4, 19,  1, 23, 18, 17, 15, 25, 47, 24, 12, 40, 30], 1511.64483309, 1585.84163123, 0., 0.       , 0., 0., 0, 0, 0.)
 (23, [12, 14, 15,  7,  6, 27,  3, 48, 11, 37,  7, 41, 26, 31, 44, 32, 34, 43, 21, 38, 45, 10, 42, 46, 35,  9, 39,  2, 36, 22, 28, 14, 20, 13,  8,  5, 16, 33, 29,  4, 19,  1, 23, 18, 17, 15, 25, 47, 24, 12, 40, 30], 1511.64483309, 1585.84163123, 0., 0.       , 0., 0., 0, 0, 0.)
 (23, [12, 14, 15,  7,  6, 27,  3, 48, 11, 37,  7, 41, 26, 31, 44, 32, 34, 43, 21, 38, 45, 10, 42, 46, 35,  9, 39,  2, 36, 22, 28, 14, 20, 13,  8,  5, 16, 33, 29,  4, 19,  1, 23, 18, 17, 15, 25, 47, 24, 12, 40, 30], 1511.64483309, 1585.84163123, 0., 0.       , 0., 0., 0, 0, 0.)
 (23, [12, 14, 15,  7,  6, 27,  3, 48, 11, 37,  7, 41, 26, 31, 44, 32, 34, 43, 21, 38, 45, 10, 42, 46, 35,  9, 39,  2, 36, 22, 28, 14, 20, 13,  8,  5, 16, 33, 29,  4, 19,  1, 23, 18, 17, 15, 25, 47, 24, 12, 40, 30], 1511.64483309, 1585.84163123, 0., 0.       , 0., 0., 0, 0, 0.)
 (23, [12, 14, 15,  7,  6, 27,  3, 48, 11, 37,  7, 41, 26, 31, 44, 32, 34, 43, 21, 38, 45, 10, 42, 46, 35,  9, 39,  2, 36, 22, 28, 14, 20, 13,  8,  5, 16, 33, 29,  4, 19,  1, 23, 18, 17, 15, 25, 47, 24, 12, 40, 30], 1511.64483309, 1585.84163123, 0., 0.       , 0., 0., 0, 0, 0.)
 (23, [12, 14, 15,  7,  6, 27,  3, 48, 11, 37,  7, 41, 26, 31, 44, 32, 34, 43, 21, 38, 45, 10, 42, 46, 35,  9, 39,  2, 36, 22, 28, 14, 20, 13,  8,  5, 16, 33, 29,  4, 19,  1, 23, 18, 17, 15, 25, 47, 24, 12, 40, 30], 1511.64483309, 1585.84163123, 0., 0.       , 0., 0., 0, 0, 0.)
 (23, [12, 14, 15,  7,  6, 27,  3, 48, 11, 37,  7, 41, 26, 31, 44, 32, 34, 43, 21, 38, 45, 10, 42, 46, 35,  9, 39,  2, 36, 22, 28, 14, 20, 13,  8,  5, 16, 33, 29,  4, 19,  1, 23, 18, 17, 15, 25, 47, 24, 12, 40, 30], 1511.64483309, 1585.84163123, 0., 0.       , 0., 0., 0, 0, 0.)
 (23, [12, 14, 15,  7,  6, 27,  3, 48, 11, 37,  7, 41, 26, 31, 44, 32, 34, 43, 21, 38, 45, 10, 42, 46, 35,  9, 39,  2, 36, 22, 28, 14, 20, 13,  8,  5, 16, 33, 29,  4, 19,  1, 23, 18, 17, 15, 25, 47, 24, 12, 40, 30], 1511.64483309, 1585.84163123, 0., 0.       , 0., 0., 0, 0, 0.)
 (23, [12, 14, 15,  7,  6, 27,  3, 48, 11, 37,  7, 41, 26, 31, 44, 32, 34, 43, 21, 38, 45, 10, 42, 46, 35,  9, 39,  2, 36, 22, 28, 14, 20, 13,  8,  5, 16, 33, 29,  4, 19,  1, 23, 18, 17, 15, 25, 47, 24, 12, 40, 30], 1511.64483309, 1585.84163123, 0., 0.       , 0., 0., 0, 0, 0.)
 (23, [12, 14, 15,  7,  6, 27,  3, 48, 11, 37,  7, 41, 26, 31, 44, 32, 34, 43, 21, 38, 45, 10, 42, 46, 35,  9, 39,  2, 36, 22, 28, 14, 20, 13,  8,  5, 16, 33, 29,  4, 19,  1, 23, 18, 17, 15, 25, 47, 24, 12, 40, 30], 1511.64483309, 1585.84163123, 0., 0.       , 0., 0., 0, 0, 0.)
 (23, [12, 14, 15,  7,  6, 27,  3, 48, 11, 37,  7, 41, 26, 31, 44, 32, 34, 43, 21, 38, 45, 10, 42, 46, 35,  9, 39,  2, 36, 22, 28, 14, 20, 13,  8,  5, 16, 33, 29,  4, 19,  1, 23, 18, 17, 15, 25, 47, 24, 12, 40, 30], 1511.64483309, 1585.84163123, 0., 0.       , 0., 0., 0, 0, 0.)
 (23, [12, 14, 15,  7,  6, 27,  3, 48, 11, 37,  7, 41, 26, 31, 44, 32, 34, 43, 21, 38, 45, 10, 42, 46, 35,  9, 39,  2, 36, 22, 28, 14, 20, 13,  8,  5, 16, 33, 29,  4, 19,  1, 23, 18, 17, 15, 25, 47, 24, 12, 40, 30], 1511.64483309, 1585.84163123, 0., 0.       , 0., 0., 0, 0, 0.)
 (23, [12, 14, 15,  7,  6, 27,  3, 48, 11, 37,  7, 41, 26, 31, 44, 32, 34, 43, 21, 38, 45, 10, 42, 46, 35,  9, 39,  2, 36, 22, 28, 14, 20, 13,  8,  5, 16, 33, 29,  4, 19,  1, 23, 18, 17, 15, 25, 47, 24, 12, 40, 30], 1511.64483309, 1585.84163123, 0., 0.       , 0., 0., 0, 0, 0.)
 (23, [12, 14, 15,  7,  6, 27,  3, 48, 11, 37,  7, 41, 26, 31, 44, 32, 34, 43, 21, 38, 45, 10, 42, 46, 35,  9, 39,  2, 36, 22, 28, 14, 20, 13,  8,  5, 16, 33, 29,  4, 19,  1, 23, 18, 17, 15, 25, 47, 24, 12, 40, 30], 1511.64483309, 1585.84163123, 0., 0.       , 0., 0., 0, 0, 0.)
 (23, [12, 14, 15,  7,  6, 27,  3, 48, 11, 37,  7, 41, 26, 31, 44, 32, 34, 43, 21, 38, 45, 10, 42, 46, 35,  9, 39,  2, 36, 22, 28, 14, 20, 13,  8,  5, 16, 33, 29,  4, 19,  1, 23, 18, 17, 15, 25, 47, 24, 12, 40, 30], 1511.64483309, 1585.84163123, 0., 0.       , 0., 0., 0, 0, 0.)
 (23, [12, 14, 15,  7,  6, 27,  3, 48, 11, 37,  7, 41, 26, 31, 44, 32, 34, 43, 21, 38, 45, 10, 42, 46, 35,  9, 39,  2, 36, 22, 28, 14, 20, 13,  8,  5, 16, 33, 29,  4, 19,  1, 23, 18, 17, 15, 25, 47, 24, 12, 40, 30], 1511.64483309, 1585.84163123, 0., 0.       , 0., 0., 0, 0, 0.)
 (23, [12, 14, 15,  7,  6, 27,  3, 48, 11, 37,  7, 41, 26, 31, 44, 32, 34, 43, 21, 38, 45, 10, 42, 46, 35,  9, 39,  2, 36, 22, 28, 14, 20, 13,  8,  5, 16, 33, 29,  4, 19,  1, 23, 18, 17, 15, 25, 47, 24, 12, 40, 30], 1511.64483309, 1585.84163123, 0., 0.       , 0., 0., 0, 0, 0.)
 (23, [12, 14, 15,  7,  6, 27,  3, 48, 11, 37,  7, 41, 26, 31, 44, 32, 34, 43, 21, 38, 45, 10, 42, 46, 35,  9, 39,  2, 36, 22, 28, 14, 20, 13,  8,  5, 16, 33, 29,  4, 19,  1, 23, 18, 17, 15, 25, 47, 24, 12, 40, 30], 1511.64483309, 1585.84163123, 0., 0.       , 0., 0., 0, 0, 0.)
 (23, [12, 14, 15,  7,  6, 27,  3, 48, 11, 37,  7, 41, 26, 31, 44, 32, 34, 43, 21, 38, 45, 10, 42, 46, 35,  9, 39,  2, 36, 22, 28, 14, 20, 13,  8,  5, 16, 33, 29,  4, 19,  1, 23, 18, 17, 15, 25, 47, 24, 12, 40, 30], 1511.64483309, 1585.84163123, 0., 0.       , 0., 0., 0, 0, 0.)
 (23, [12, 14, 15,  7,  6, 27,  3, 48, 11, 37,  7, 41, 26, 31, 44, 32, 34, 43, 21, 38, 45, 10, 42, 46, 35,  9, 39,  2, 36, 22, 28, 14, 20, 13,  8,  5, 16, 33, 29,  4, 19,  1, 23, 18, 17, 15, 25, 47, 24, 12, 40, 30], 1511.64483309, 1585.84163123, 0., 0.       , 0., 0., 0, 0, 0.)
 (23, [12, 14, 15,  7,  6, 27,  3, 48, 11, 37,  7, 41, 26, 31, 44, 32, 34, 43, 21, 38, 45, 10, 42, 46, 35,  9, 39,  2, 36, 22, 28, 14, 20, 13,  8,  5, 16, 33, 29,  4, 19,  1, 23, 18, 17, 15, 25, 47, 24, 12, 40, 30], 1511.64483309, 1585.84163123, 0., 0.       , 0., 0., 0, 0, 0.)
 (23, [12, 14, 15,  7,  6, 27,  3, 48, 11, 37,  7, 41, 26, 31, 44, 32, 34, 43, 21, 38, 45, 10, 42, 46, 35,  9, 39,  2, 36, 22, 28, 14, 20, 13,  8,  5, 16, 33, 29,  4, 19,  1, 23, 18, 17, 15, 25, 47, 24, 12, 40, 30], 1511.64483309, 1585.84163123, 0., 0.       , 0., 0., 0, 0, 0.)
 (23, [12, 14, 15,  7,  6, 27,  3, 48, 11, 37,  7, 41, 26, 31, 44, 32, 34, 43, 21, 38, 45, 10, 42, 46, 35,  9, 39,  2, 36, 22, 28, 14, 20, 13,  8,  5, 16, 33, 29,  4, 19,  1, 23, 18, 17, 15, 25, 47, 24, 12, 40, 30], 1511.64483309, 1585.84163123, 0., 0.       , 0., 0., 0, 0, 0.)
 (23, [12, 14, 15,  7,  6, 27,  3, 48, 11, 37,  7, 41, 26, 31, 44, 32, 34, 43, 21, 38, 45, 10, 42, 46, 35,  9, 39,  2, 36, 22, 28, 14, 20, 13,  8,  5, 16, 33, 29,  4, 19,  1, 23, 18, 17, 15, 25, 47, 24, 12, 40, 30], 1511.64483309, 1585.84163123, 0., 0.       , 0., 0., 0, 0, 0.)
 (23, [12, 14, 15,  7,  6, 27,  3, 48, 11, 37,  7, 41, 26, 31, 44, 32, 34, 43, 21, 38, 45, 10, 42, 46, 35,  9, 39,  2, 36, 22, 28, 14, 20, 13,  8,  5, 16, 33, 29,  4, 19,  1, 23, 18, 17, 15, 25, 47, 24, 12, 40, 30], 1511.64483309, 1585.84163123, 0., 0.       , 0., 0., 0, 0, 0.)
 (23, [12, 14, 15,  7,  6, 27,  3, 48, 11, 37,  7, 41, 26, 31, 44, 32, 34, 43, 21, 38, 45, 10, 42, 46, 35,  9, 39,  2, 36, 22, 28, 14, 20, 13,  8,  5, 16, 33, 29,  4, 19,  1, 23, 18, 17, 15, 25, 47, 24, 12, 40, 30], 1511.64483309, 1585.84163123, 0., 0.       , 0., 0., 0, 0, 0.)
 (23, [12, 14, 15,  7,  6, 27,  3, 48, 11, 37,  7, 41, 26, 31, 44, 32, 34, 43, 21, 38, 45, 10, 42, 46, 35,  9, 39,  2, 36, 22, 28, 14, 20, 13,  8,  5, 16, 33, 29,  4, 19,  1, 23, 18, 17, 15, 25, 47, 24, 12, 40, 30], 1511.64483309, 1585.84163123, 0., 0.       , 0., 0., 0, 0, 0.)
 (23, [12, 14, 15,  7,  6, 27,  3, 48, 11, 37,  7, 41, 26, 31, 44, 32, 34, 43, 21, 38, 45, 10, 42, 46, 35,  9, 39,  2, 36, 22, 28, 14, 20, 13,  8,  5, 16, 33, 29,  4, 19,  1, 23, 18, 17, 15, 25, 47, 24, 12, 40, 30], 1511.64483309, 1585.84163123, 0., 0.       , 0., 0., 0, 0, 0.)
 (23, [12, 14, 15,  7,  6, 27,  3, 48, 11, 37,  7, 41, 26, 31, 44, 32, 34, 43, 21, 38, 45, 10, 42, 46, 35,  9, 39,  2, 36, 22, 28, 14, 20, 13,  8,  5, 16, 33, 29,  4, 19,  1, 23, 18, 17, 15, 25, 47, 24, 12, 40, 30], 1511.64483309, 1585.84163123, 0., 0.       , 0., 0., 0, 0, 0.)
 (23, [12, 14, 15,  7,  6, 27,  3, 48, 11, 37,  7, 41, 26, 31, 44, 32, 34, 43, 21, 38, 45, 10, 42, 46, 35,  9, 39,  2, 36, 22, 28, 14, 20, 13,  8,  5, 16, 33, 29,  4, 19,  1, 23, 18, 17, 15, 25, 47, 24, 12, 40, 30], 1511.64483309, 1585.84163123, 0., 0.       , 0., 0., 0, 0, 0.)
 (23, [12, 14, 15,  7,  6, 27,  3, 48, 11, 37,  7, 41, 26, 31, 44, 32, 34, 43, 21, 38, 45, 10, 42, 46, 35,  9, 39,  2, 36, 22, 28, 14, 20, 13,  8,  5, 16, 33, 29,  4, 19,  1, 23, 18, 17, 15, 25, 47, 24, 12, 40, 30], 1511.64483309, 1585.84163123, 0., 0.       , 0., 0., 0, 0, 0.)
 (23, [12, 14, 15,  7,  6, 27,  3, 48, 11, 37,  7, 41, 26, 31, 44, 32, 34, 43, 21, 38, 45, 10, 42, 46, 35,  9, 39,  2, 36, 22, 28, 14, 20, 13,  8,  5, 16, 33, 29,  4, 19,  1, 23, 18, 17, 15, 25, 47, 24, 12, 40, 30], 1511.64483309, 1585.84163123, 0., 0.       , 0., 0., 0, 0, 0.)
 (23, [12, 14, 15,  7,  6, 27,  3, 48, 11, 37,  7, 41, 26, 31, 44, 32, 34, 43, 21, 38, 45, 10, 42, 46, 35,  9, 39,  2, 36, 22, 28, 14, 20, 13,  8,  5, 16, 33, 29,  4, 19,  1, 23, 18, 17, 15, 25, 47, 24, 12, 40, 30], 1511.64483309, 1585.84163123, 0., 0.       , 0., 0., 0, 0, 0.)
 (23, [12, 14, 15,  7,  6, 27,  3, 48, 11, 37,  7, 41, 26, 31, 44, 32, 34, 43, 21, 38, 45, 10, 42, 46, 35,  9, 39,  2, 36, 22, 28, 14, 20, 13,  8,  5, 16, 33, 29,  4, 19,  1, 23, 18, 17, 15, 25, 47, 24, 12, 40, 30], 1511.64483309, 1585.84163123, 0., 0.       , 0., 0., 0, 0, 0.)
 (23, [12, 14, 15,  7,  6, 27,  3, 48, 11, 37,  7, 41, 26, 31, 44, 32, 34, 43, 21, 38, 45, 10, 42, 46, 35,  9, 39,  2, 36, 22, 28, 14, 20, 13,  8,  5, 16, 33, 29,  4, 19,  1, 23, 18, 17, 15, 25, 47, 24, 12, 40, 30], 1511.64483309, 1585.84163123, 0., 0.       , 0., 0., 0, 0, 0.)
 (23, [12, 14, 15,  7,  6, 27,  3, 48, 11, 37,  7, 41, 26, 31, 44, 32, 34, 43, 21, 38, 45, 10, 42, 46, 35,  9, 39,  2, 36, 22, 28, 14, 20, 13,  8,  5, 16, 33, 29,  4, 19,  1, 23, 18, 17, 15, 25, 47, 24, 12, 40, 30], 1511.64483309, 1585.84163123, 0., 0.       , 0., 0., 0, 0, 0.)
 (23, [12, 14, 15,  7,  6, 27,  3, 48, 11, 37,  7, 41, 26, 31, 44, 32, 34, 43, 21, 38, 45, 10, 42, 46, 35,  9, 39,  2, 36, 22, 28, 14, 20, 13,  8,  5, 16, 33, 29,  4, 19,  1, 23, 18, 17, 15, 25, 47, 24, 12, 40, 30], 1511.64483309, 1585.84163123, 0., 0.       , 0., 0., 0, 0, 0.)
 (23, [12, 14, 15,  7,  6, 27,  3, 48, 11, 37,  7, 41, 26, 31, 44, 32, 34, 43, 21, 38, 45, 10, 42, 46, 35,  9, 39,  2, 36, 22, 28, 14, 20, 13,  8,  5, 16, 33, 29,  4, 19,  1, 23, 18, 17, 15, 25, 47, 24, 12, 40, 30], 1511.64483309, 1585.84163123, 0., 0.       , 0., 0., 0, 0, 0.)
 (23, [12, 14, 15,  7,  6, 27,  3, 48, 11, 37,  7, 41, 26, 31, 44, 32, 34, 43, 21, 38, 45, 10, 42, 46, 35,  9, 39,  2, 36, 22, 28, 14, 20, 13,  8,  5, 16, 33, 29,  4, 19,  1, 23, 18, 17, 15, 25, 47, 24, 12, 40, 30], 1511.64483309, 1585.84163123, 0., 0.       , 0., 0., 0, 0, 0.)
 (23, [12, 14, 15,  7,  6, 27,  3, 48, 11, 37,  7, 41, 26, 31, 44, 32, 34, 43, 21, 38, 45, 10, 42, 46, 35,  9, 39,  2, 36, 22, 28, 14, 20, 13,  8,  5, 16, 33, 29,  4, 19,  1, 23, 18, 17, 15, 25, 47, 24, 12, 40, 30], 1511.64483309, 1585.84163123, 0., 0.       , 0., 0., 0, 0, 0.)
 (23, [12, 14, 15,  7,  6, 27,  3, 48, 11, 37,  7, 41, 26, 31, 44, 32, 34, 43, 21, 38, 45, 10, 42, 46, 35,  9, 39,  2, 36, 22, 28, 14, 20, 13,  8,  5, 16, 33, 29,  4, 19,  1, 23, 18, 17, 15, 25, 47, 24, 12, 40, 30], 1511.64483309, 1585.84163123, 0., 0.       , 0., 0., 0, 0, 0.)
 (23, [12, 14, 15,  7,  6, 27,  3, 48, 11, 37,  7, 41, 26, 31, 44, 32, 34, 43, 21, 38, 45, 10, 42, 46, 35,  9, 39,  2, 36, 22, 28, 14, 20, 13,  8,  5, 16, 33, 29,  4, 19,  1, 23, 18, 17, 15, 25, 47, 24, 12, 40, 30], 1511.64483309, 1585.84163123, 0., 0.       , 0., 0., 0, 0, 0.)
 (23, [12, 14, 15,  7,  6, 27,  3, 48, 11, 37,  7, 41, 26, 31, 44, 32, 34, 43, 21, 38, 45, 10, 42, 46, 35,  9, 39,  2, 36, 22, 28, 14, 20, 13,  8,  5, 16, 33, 29,  4, 19,  1, 23, 18, 17, 15, 25, 47, 24, 12, 40, 30], 1511.64483309, 1585.84163123, 0., 0.       , 0., 0., 0, 0, 0.)
 (23, [12, 14, 15,  7,  6, 27,  3, 48, 11, 37,  7, 41, 26, 31, 44, 32, 34, 43, 21, 38, 45, 10, 42, 46, 35,  9, 39,  2, 36, 22, 28, 14, 20, 13,  8,  5, 16, 33, 29,  4, 19,  1, 23, 18, 17, 15, 25, 47, 24, 12, 40, 30], 1511.64483309, 1585.84163123, 0., 0.       , 0., 0., 0, 0, 0.)
 (23, [12, 14, 15,  7,  6, 27,  3, 48, 11, 37,  7, 41, 26, 31, 44, 32, 34, 43, 21, 38, 45, 10, 42, 46, 35,  9, 39,  2, 36, 22, 28, 14, 20, 13,  8,  5, 16, 33, 29,  4, 19,  1, 23, 18, 17, 15, 25, 47, 24, 12, 40, 30], 1511.64483309, 1585.84163123, 0., 0.       , 0., 0., 0, 0, 0.)
 (23, [12, 14, 15,  7,  6, 27,  3, 48, 11, 37,  7, 41, 26, 31, 44, 32, 34, 43, 21, 38, 45, 10, 42, 46, 35,  9, 39,  2, 36, 22, 28, 14, 20, 13,  8,  5, 16, 33, 29,  4, 19,  1, 23, 18, 17, 15, 25, 47, 24, 12, 40, 30], 1511.64483309, 1585.84163123, 0., 0.       , 0., 0., 0, 0, 0.)
 (23, [12, 14, 15,  7,  6, 27,  3, 48, 11, 37,  7, 41, 26, 31, 44, 32, 34, 43, 21, 38, 45, 10, 42, 46, 35,  9, 39,  2, 36, 22, 28, 14, 20, 13,  8,  5, 16, 33, 29,  4, 19,  1, 23, 18, 17, 15, 25, 47, 24, 12, 40, 30], 1511.64483309, 1585.84163123, 0., 0.       , 0., 0., 0, 0, 0.)
 (23, [12, 14, 15,  7,  6, 27,  3, 48, 11, 37,  7, 41, 26, 31, 44, 32, 34, 43, 21, 38, 45, 10, 42, 46, 35,  9, 39,  2, 36, 22, 28, 14, 20, 13,  8,  5, 16, 33, 29,  4, 19,  1, 23, 18, 17, 15, 25, 47, 24, 12, 40, 30], 1511.64483309, 1585.84163123, 0., 0.       , 0., 0., 0, 0, 0.)
 (23, [12, 14, 15,  7,  6, 27,  3, 48, 11, 37,  7, 41, 26, 31, 44, 32, 34, 43, 21, 38, 45, 10, 42, 46, 35,  9, 39,  2, 36, 22, 28, 14, 20, 13,  8,  5, 16, 33, 29,  4, 19,  1, 23, 18, 17, 15, 25, 47, 24, 12, 40, 30], 1511.64483309, 1585.84163123, 0., 0.       , 0., 0., 0, 0, 0.)
 (23, [12, 14, 15,  7,  6, 27,  3, 48, 11, 37,  7, 41, 26, 31, 44, 32, 34, 43, 21, 38, 45, 10, 42, 46, 35,  9, 39,  2, 36, 22, 28, 14, 20, 13,  8,  5, 16, 33, 29,  4, 19,  1, 23, 18, 17, 15, 25, 47, 24, 12, 40, 30], 1511.64483309, 1585.84163123, 0., 0.       , 0., 0., 0, 0, 0.)
 (23, [12, 14, 15,  7,  6, 27,  3, 48, 11, 37,  7, 41, 26, 31, 44, 32, 34, 43, 21, 38, 45, 10, 42, 46, 35,  9, 39,  2, 36, 22, 28, 14, 20, 13,  8,  5, 16, 33, 29,  4, 19,  1, 23, 18, 17, 15, 25, 47, 24, 12, 40, 30], 1511.64483309, 1585.84163123, 0., 0.       , 0., 0., 0, 0, 0.)
 (23, [12, 14, 15,  7,  6, 27,  3, 48, 11, 37,  7, 41, 26, 31, 44, 32, 34, 43, 21, 38, 45, 10, 42, 46, 35,  9, 39,  2, 36, 22, 28, 14, 20, 13,  8,  5, 16, 33, 29,  4, 19,  1, 23, 18, 17, 15, 25, 47, 24, 12, 40, 30], 1511.64483309, 1585.84163123, 0., 0.       , 0., 0., 0, 0, 0.)
 (23, [12, 14, 15,  7,  6, 27,  3, 48, 11, 37,  7, 41, 26, 31, 44, 32, 34, 43, 21, 38, 45, 10, 42, 46, 35,  9, 39,  2, 36, 22, 28, 14, 20, 13,  8,  5, 16, 33, 29,  4, 19,  1, 23, 18, 17, 15, 25, 47, 24, 12, 40, 30], 1511.64483309, 1585.84163123, 0., 0.       , 0., 0., 0, 0, 0.)
 (23, [12, 14, 15,  7,  6, 27,  3, 48, 11, 37,  7, 41, 26, 31, 44, 32, 34, 43, 21, 38, 45, 10, 42, 46, 35,  9, 39,  2, 36, 22, 28, 14, 20, 13,  8,  5, 16, 33, 29,  4, 19,  1, 23, 18, 17, 15, 25, 47, 24, 12, 40, 30], 1511.64483309, 1585.84163123, 0., 0.       , 0., 0., 0, 0, 0.)
 (23, [12, 14, 15,  7,  6, 27,  3, 48, 11, 37,  7, 41, 26, 31, 44, 32, 34, 43, 21, 38, 45, 10, 42, 46, 35,  9, 39,  2, 36, 22, 28, 14, 20, 13,  8,  5, 16, 33, 29,  4, 19,  1, 23, 18, 17, 15, 25, 47, 24, 12, 40, 30], 1511.64483309, 1585.84163123, 0., 0.       , 0., 0., 0, 0, 0.)
 (23, [12, 14, 15,  7,  6, 27,  3, 48, 11, 37,  7, 41, 26, 31, 44, 32, 34, 43, 21, 38, 45, 10, 42, 46, 35,  9, 39,  2, 36, 22, 28, 14, 20, 13,  8,  5, 16, 33, 29,  4, 19,  1, 23, 18, 17, 15, 25, 47, 24, 12, 40, 30], 1511.64483309, 1585.84163123, 0., 0.       , 0., 0., 0, 0, 0.)
 (23, [12, 14, 15,  7,  6, 27,  3, 48, 11, 37,  7, 41, 26, 31, 44, 32, 34, 43, 21, 38, 45, 10, 42, 46, 35,  9, 39,  2, 36, 22, 28, 14, 20, 13,  8,  5, 16, 33, 29,  4, 19,  1, 23, 18, 17, 15, 25, 47, 24, 12, 40, 30], 1511.64483309, 1585.84163123, 0., 0.       , 0., 0., 0, 0, 0.)
 (23, [12, 14, 15,  7,  6, 27,  3, 48, 11, 37,  7, 41, 26, 31, 44, 32, 34, 43, 21, 38, 45, 10, 42, 46, 35,  9, 39,  2, 36, 22, 28, 14, 20, 13,  8,  5, 16, 33, 29,  4, 19,  1, 23, 18, 17, 15, 25, 47, 24, 12, 40, 30], 1511.64483309, 1585.84163123, 0., 0.       , 0., 0., 0, 0, 0.)
 (23, [12, 14, 15,  7,  6, 27,  3, 48, 11, 37,  7, 41, 26, 31, 44, 32, 34, 43, 21, 38, 45, 10, 42, 46, 35,  9, 39,  2, 36, 22, 28, 14, 20, 13,  8,  5, 16, 33, 29,  4, 19,  1, 23, 18, 17, 15, 25, 47, 24, 12, 40, 30], 1511.64483309, 1585.84163123, 0., 0.       , 0., 0., 0, 0, 0.)
 (23, [12, 14, 15,  7,  6, 27,  3, 48, 11, 37,  7, 41, 26, 31, 44, 32, 34, 43, 21, 38, 45, 10, 42, 46, 35,  9, 39,  2, 36, 22, 28, 14, 20, 13,  8,  5, 16, 33, 29,  4, 19,  1, 23, 18, 17, 15, 25, 47, 24, 12, 40, 30], 1511.64483309, 1585.84163123, 0., 0.       , 0., 0., 0, 0, 0.)
 (23, [12, 14, 15,  7,  6, 27,  3, 48, 11, 37,  7, 41, 26, 31, 44, 32, 34, 43, 21, 38, 45, 10, 42, 46, 35,  9, 39,  2, 36, 22, 28, 14, 20, 13,  8,  5, 16, 33, 29,  4, 19,  1, 23, 18, 17, 15, 25, 47, 24, 12, 40, 30], 1511.64483309, 1585.84163123, 0., 0.       , 0., 0., 0, 0, 0.)
 (23, [12, 14, 15,  7,  6, 27,  3, 48, 11, 37,  7, 41, 26, 31, 44, 32, 34, 43, 21, 38, 45, 10, 42, 46, 35,  9, 39,  2, 36, 22, 28, 14, 20, 13,  8,  5, 16, 33, 29,  4, 19,  1, 23, 18, 17, 15, 25, 47, 24, 12, 40, 30], 1511.64483309, 1585.84163123, 0., 0.       , 0., 0., 0, 0, 0.)
 (23, [12, 14, 15,  7,  6, 27,  3, 48, 11, 37,  7, 41, 26, 31, 44, 32, 34, 43, 21, 38, 45, 10, 42, 46, 35,  9, 39,  2, 36, 22, 28, 14, 20, 13,  8,  5, 16, 33, 29,  4, 19,  1, 23, 18, 17, 15, 25, 47, 24, 12, 40, 30], 1511.64483309, 1585.84163123, 0., 0.       , 0., 0., 0, 0, 0.)
 (23, [12, 14, 15,  7,  6, 27,  3, 48, 11, 37,  7, 41, 26, 31, 44, 32, 34, 43, 21, 38, 45, 10, 42, 46, 35,  9, 39,  2, 36, 22, 28, 14, 20, 13,  8,  5, 16, 33, 29,  4, 19,  1, 23, 18, 17, 15, 25, 47, 24, 12, 40, 30], 1511.64483309, 1585.84163123, 0., 0.       , 0., 0., 0, 0, 0.)
 (23, [12, 14, 15,  7,  6, 27,  3, 48, 11, 37,  7, 41, 26, 31, 44, 32, 34, 43, 21, 38, 45, 10, 42, 46, 35,  9, 39,  2, 36, 22, 28, 14, 20, 13,  8,  5, 16, 33, 29,  4, 19,  1, 23, 18, 17, 15, 25, 47, 24, 12, 40, 30], 1511.64483309, 1585.84163123, 0., 0.       , 0., 0., 0, 0, 0.)
 (23, [12, 14, 15,  7,  6, 27,  3, 48, 11, 37,  7, 41, 26, 31, 44, 32, 34, 43, 21, 38, 45, 10, 42, 46, 35,  9, 39,  2, 36, 22, 28, 14, 20, 13,  8,  5, 16, 33, 29,  4, 19,  1, 23, 18, 17, 15, 25, 47, 24, 12, 40, 30], 1511.64483309, 1585.84163123, 0., 0.       , 0., 0., 0, 0, 0.)
 (23, [12, 14, 15,  7,  6, 27,  3, 48, 11, 37,  7, 41, 26, 31, 44, 32, 34, 43, 21, 38, 45, 10, 42, 46, 35,  9, 39,  2, 36, 22, 28, 14, 20, 13,  8,  5, 16, 33, 29,  4, 19,  1, 23, 18, 17, 15, 25, 47, 24, 12, 40, 30], 1511.64483309, 1585.84163123, 0., 0.       , 0., 0., 0, 0, 0.)
 (23, [12, 14, 15,  7,  6, 27,  3, 48, 11, 37,  7, 41, 26, 31, 44, 32, 34, 43, 21, 38, 45, 10, 42, 46, 35,  9, 39,  2, 36, 22, 28, 14, 20, 13,  8,  5, 16, 33, 29,  4, 19,  1, 23, 18, 17, 15, 25, 47, 24, 12, 40, 30], 1511.64483309, 1585.84163123, 0., 0.       , 0., 0., 0, 0, 0.)
 (23, [12, 14, 15,  7,  6, 27,  3, 48, 11, 37,  7, 41, 26, 31, 44, 32, 34, 43, 21, 38, 45, 10, 42, 46, 35,  9, 39,  2, 36, 22, 28, 14, 20, 13,  8,  5, 16, 33, 29,  4, 19,  1, 23, 18, 17, 15, 25, 47, 24, 12, 40, 30], 1511.64483309, 1585.84163123, 0., 0.       , 0., 0., 0, 0, 0.)
 (23, [12, 14, 15,  7,  6, 27,  3, 48, 11, 37,  7, 41, 26, 31, 44, 32, 34, 43, 21, 38, 45, 10, 42, 46, 35,  9, 39,  2, 36, 22, 28, 14, 20, 13,  8,  5, 16, 33, 29,  4, 19,  1, 23, 18, 17, 15, 25, 47, 24, 12, 40, 30], 1511.64483309, 1585.84163123, 0., 0.       , 0., 0., 0, 0, 0.)
 (23, [12, 14, 15,  7,  6, 27,  3, 48, 11, 37,  7, 41, 26, 31, 44, 32, 34, 43, 21, 38, 45, 10, 42, 46, 35,  9, 39,  2, 36, 22, 28, 14, 20, 13,  8,  5, 16, 33, 29,  4, 19,  1, 23, 18, 17, 15, 25, 47, 24, 12, 40, 30], 1511.64483309, 1585.84163123, 0., 0.       , 0., 0., 0, 0, 0.)
 (23, [12, 14, 15,  7,  6, 27,  3, 48, 11, 37,  7, 41, 26, 31, 44, 32, 34, 43, 21, 38, 45, 10, 42, 46, 35,  9, 39,  2, 36, 22, 28, 14, 20, 13,  8,  5, 16, 33, 29,  4, 19,  1, 23, 18, 17, 15, 25, 47, 24, 12, 40, 30], 1511.64483309, 1585.84163123, 0., 0.       , 0., 0., 0, 0, 0.)
 (23, [12, 14, 15,  7,  6, 27,  3, 48, 11, 37,  7, 41, 26, 31, 44, 32, 34, 43, 21, 38, 45, 10, 42, 46, 35,  9, 39,  2, 36, 22, 28, 14, 20, 13,  8,  5, 16, 33, 29,  4, 19,  1, 23, 18, 17, 15, 25, 47, 24, 12, 40, 30], 1511.64483309, 1585.84163123, 0., 0.       , 0., 0., 0, 0, 0.)
 (23, [12, 14, 15,  7,  6, 27,  3, 48, 11, 37,  7, 41, 26, 31, 44, 32, 34, 43, 21, 38, 45, 10, 42, 46, 35,  9, 39,  2, 36, 22, 28, 14, 20, 13,  8,  5, 16, 33, 29,  4, 19,  1, 23, 18, 17, 15, 25, 47, 24, 12, 40, 30], 1511.64483309, 1585.84163123, 0., 0.       , 0., 0., 0, 0, 0.)
 (23, [12, 14, 15,  7,  6, 27,  3, 48, 11, 37,  7, 41, 26, 31, 44, 32, 34, 43, 21, 38, 45, 10, 42, 46, 35,  9, 39,  2, 36, 22, 28, 14, 20, 13,  8,  5, 16, 33, 29,  4, 19,  1, 23, 18, 17, 15, 25, 47, 24, 12, 40, 30], 1511.64483309, 1585.84163123, 0., 0.       , 0., 0., 0, 0, 0.)
 (23, [12, 14, 15,  7,  6, 27,  3, 48, 11, 37,  7, 41, 26, 31, 44, 32, 34, 43, 21, 38, 45, 10, 42, 46, 35,  9, 39,  2, 36, 22, 28, 14, 20, 13,  8,  5, 16, 33, 29,  4, 19,  1, 23, 18, 17, 15, 25, 47, 24, 12, 40, 30], 1511.64483309, 1585.84163123, 0., 0.       , 0., 0., 0, 0, 0.)
 (23, [12, 14, 15,  7,  6, 27,  3, 48, 11, 37,  7, 41, 26, 31, 44, 32, 34, 43, 21, 38, 45, 10, 42, 46, 35,  9, 39,  2, 36, 22, 28, 14, 20, 13,  8,  5, 16, 33, 29,  4, 19,  1, 23, 18, 17, 15, 25, 47, 24, 12, 40, 30], 1511.64483309, 1585.84163123, 0., 0.       , 0., 0., 0, 0, 0.)
 (23, [12, 14, 15,  7,  6, 27,  3, 48, 11, 37,  7, 41, 26, 31, 44, 32, 34, 43, 21, 38, 45, 10, 42, 46, 35,  9, 39,  2, 36, 22, 28, 14, 20, 13,  8,  5, 16, 33, 29,  4, 19,  1, 23, 18, 17, 15, 25, 47, 24, 12, 40, 30], 1511.64483309, 1585.84163123, 0., 0.       , 0., 0., 0, 0, 0.)
 (23, [12, 14, 15,  7,  6, 27,  3, 48, 11, 37,  7, 41, 26, 31, 44, 32, 34, 43, 21, 38, 45, 10, 42, 46, 35,  9, 39,  2, 36, 22, 28, 14, 20, 13,  8,  5, 16, 33, 29,  4, 19,  1, 23, 18, 17, 15, 25, 47, 24, 12, 40, 30], 1511.64483309, 1585.84163123, 0., 0.       , 0., 0., 0, 0, 0.)
 (23, [12, 14, 15,  7,  6, 27,  3, 48, 11, 37,  7, 41, 26, 31, 44, 32, 34, 43, 21, 38, 45, 10, 42, 46, 35,  9, 39,  2, 36, 22, 28, 14, 20, 13,  8,  5, 16, 33, 29,  4, 19,  1, 23, 18, 17, 15, 25, 47, 24, 12, 40, 30], 1511.64483309, 1585.84163123, 0., 0.       , 0., 0., 0, 0, 0.)
 (23, [12, 14, 15,  7,  6, 27,  3, 48, 11, 37,  7, 41, 26, 31, 44, 32, 34, 43, 21, 38, 45, 10, 42, 46, 35,  9, 39,  2, 36, 22, 28, 14, 20, 13,  8,  5, 16, 33, 29,  4, 19,  1, 23, 18, 17, 15, 25, 47, 24, 12, 40, 30], 1511.64483309, 1585.84163123, 0., 0.       , 0., 0., 0, 0, 0.)
 (23, [12, 14, 15,  7,  6, 27,  3, 48, 11, 37,  7, 41, 26, 31, 44, 32, 34, 43, 21, 38, 45, 10, 42, 46, 35,  9, 39,  2, 36, 22, 28, 14, 20, 13,  8,  5, 16, 33, 29,  4, 19,  1, 23, 18, 17, 15, 25, 47, 24, 12, 40, 30], 1511.64483309, 1585.84163123, 0., 0.       , 0., 0., 0, 0, 0.)
 (23, [12, 14, 15,  7,  6, 27,  3, 48, 11, 37,  7, 41, 26, 31, 44, 32, 34, 43, 21, 38, 45, 10, 42, 46, 35,  9, 39,  2, 36, 22, 28, 14, 20, 13,  8,  5, 16, 33, 29,  4, 19,  1, 23, 18, 17, 15, 25, 47, 24, 12, 40, 30], 1511.64483309, 1585.84163123, 0., 0.       , 0., 0., 0, 0, 0.)
 (23, [12, 14, 15,  7,  6, 27,  3, 48, 11, 37,  7, 41, 26, 31, 44, 32, 34, 43, 21, 38, 45, 10, 42, 46, 35,  9, 39,  2, 36, 22, 28, 14, 20, 13,  8,  5, 16, 33, 29,  4, 19,  1, 23, 18, 17, 15, 25, 47, 24, 12, 40, 30], 1511.64483309, 1585.84163123, 0., 0.       , 0., 0., 0, 0, 0.)
 (23, [12, 14, 15,  7,  6, 27,  3, 48, 11, 37,  7, 41, 26, 31, 44, 32, 34, 43, 21, 38, 45, 10, 42, 46, 35,  9, 39,  2, 36, 22, 28, 14, 20, 13,  8,  5, 16, 33, 29,  4, 19,  1, 23, 18, 17, 15, 25, 47, 24, 12, 40, 30], 1511.64483309, 1585.84163123, 0., 0.       , 0., 0., 0, 0, 0.)
 (23, [12, 14, 15,  7,  6, 27,  3, 48, 11, 37,  7, 41, 26, 31, 44, 32, 34, 43, 21, 38, 45, 10, 42, 46, 35,  9, 39,  2, 36, 22, 28, 14, 20, 13,  8,  5, 16, 33, 29,  4, 19,  1, 23, 18, 17, 15, 25, 47, 24, 12, 40, 30], 1511.64483309, 1585.84163123, 0., 0.       , 0., 0., 0, 0, 0.)
 (23, [12, 14, 15,  7,  6, 27,  3, 48, 11, 37,  7, 41, 26, 31, 44, 32, 34, 43, 21, 38, 45, 10, 42, 46, 35,  9, 39,  2, 36, 22, 28, 14, 20, 13,  8,  5, 16, 33, 29,  4, 19,  1, 23, 18, 17, 15, 25, 47, 24, 12, 40, 30], 1511.64483309, 1585.84163123, 0., 0.       , 0., 0., 0, 0, 0.)
 (23, [12, 14, 15,  7,  6, 27,  3, 48, 11, 37,  7, 41, 26, 31, 44, 32, 34, 43, 21, 38, 45, 10, 42, 46, 35,  9, 39,  2, 36, 22, 28, 14, 20, 13,  8,  5, 16, 33, 29,  4, 19,  1, 23, 18, 17, 15, 25, 47, 24, 12, 40, 30], 1511.64483309, 1585.84163123, 0., 0.       , 0., 0., 0, 0, 0.)
 (23, [12, 14, 15,  7,  6, 27,  3, 48, 11, 37,  7, 41, 26, 31, 44, 32, 34, 43, 21, 38, 45, 10, 42, 46, 35,  9, 39,  2, 36, 22, 28, 14, 20, 13,  8,  5, 16, 33, 29,  4, 19,  1, 23, 18, 17, 15, 25, 47, 24, 12, 40, 30], 1511.64483309, 1585.84163123, 0., 0.       , 0., 0., 0, 0, 0.)
 (23, [12, 14, 15,  7,  6, 27,  3, 48, 11, 37,  7, 41, 26, 31, 44, 32, 34, 43, 21, 38, 45, 10, 42, 46, 35,  9, 39,  2, 36, 22, 28, 14, 20, 13,  8,  5, 16, 33, 29,  4, 19,  1, 23, 18, 17, 15, 25, 47, 24, 12, 40, 30], 1511.64483309, 1585.84163123, 0., 0.       , 0., 0., 0, 0, 0.)
 (23, [12, 14, 15,  7,  6, 27,  3, 48, 11, 37,  7, 41, 26, 31, 44, 32, 34, 43, 21, 38, 45, 10, 42, 46, 35,  9, 39,  2, 36, 22, 28, 14, 20, 13,  8,  5, 16, 33, 29,  4, 19,  1, 23, 18, 17, 15, 25, 47, 24, 12, 40, 30], 1511.64483309, 1585.84163123, 0., 0.       , 0., 0., 0, 0, 0.)
 (23, [12, 14, 15,  7,  6, 27,  3, 48, 11, 37,  7, 41, 26, 31, 44, 32, 34, 43, 21, 38, 45, 10, 42, 46, 35,  9, 39,  2, 36, 22, 28, 14, 20, 13,  8,  5, 16, 33, 29,  4, 19,  1, 23, 18, 17, 15, 25, 47, 24, 12, 40, 30], 1511.64483309, 1585.84163123, 0., 0.       , 0., 0., 0, 0, 0.)
 (23, [12, 14, 15,  7,  6, 27,  3, 48, 11, 37,  7, 41, 26, 31, 44, 32, 34, 43, 21, 38, 45, 10, 42, 46, 35,  9, 39,  2, 36, 22, 28, 14, 20, 13,  8,  5, 16, 33, 29,  4, 19,  1, 23, 18, 17, 15, 25, 47, 24, 12, 40, 30], 1511.64483309, 1585.84163123, 0., 0.       , 0., 0., 0, 0, 0.)
 (23, [12, 14, 15,  7,  6, 27,  3, 48, 11, 37,  7, 41, 26, 31, 44, 32, 34, 43, 21, 38, 45, 10, 42, 46, 35,  9, 39,  2, 36, 22, 28, 14, 20, 13,  8,  5, 16, 33, 29,  4, 19,  1, 23, 18, 17, 15, 25, 47, 24, 12, 40, 30], 1511.64483309, 1585.84163123, 0., 0.       , 0., 0., 0, 0, 0.)
 (23, [12, 14, 15,  7,  6, 27,  3, 48, 11, 37,  7, 41, 26, 31, 44, 32, 34, 43, 21, 38, 45, 10, 42, 46, 35,  9, 39,  2, 30, 22, 28, 14, 20, 13,  8,  5, 16, 33, 29,  4, 19,  1, 23, 18, 17, 15, 25, 47, 24, 12, 40, 36], 1562.22961242, 1636.42641055, 0., 0.       , 0., 0., 0, 0, 0.)
 (23, [12, 14, 15,  7,  6, 27,  3, 48, 11, 37,  7, 41, 26, 31, 44, 32, 34, 43, 21, 38, 45, 10, 42, 46, 35,  9, 39,  2,  1, 22, 28, 14, 20, 13,  8,  5, 16, 33, 29,  4, 19, 36, 23, 18, 17, 15, 25, 47, 24, 12, 40, 30], 1574.82075446, 1641.05027789, 0., 2.9581255, 0., 0., 0, 0, 0.)
 (23, [12, 14, 15,  7,  6, 27,  3, 48, 11, 37,  7, 41, 26, 34, 44, 32, 31, 43, 21, 38, 45, 10, 42, 46, 35,  9, 39,  2, 36, 22, 28, 14, 20, 13,  8,  5, 16, 33, 29,  4, 19,  1, 23, 18, 17, 15, 25, 47, 24, 12, 40, 30], 1589.16172209, 1663.35852022, 0., 0.       , 0., 0., 0, 0, 0.)
 (23, [12, 14, 15,  7,  6, 27,  3, 48, 11, 37,  7, 41, 26, 31, 44, 32, 34, 43, 21, 38, 45, 16, 42, 46, 35,  9, 39,  2, 36, 22, 28, 14, 20, 13,  8,  5, 10, 33, 29,  4, 19,  1, 23, 18, 17, 15, 25, 47, 24, 12, 40, 30], 1793.1129877 , 1864.86103683, 0., 0.       , 0., 0., 0, 0, 0.)
 (23, [10, 15, 16,  7,  6, 27,  3, 48, 11, 37,  7, 41, 26, 31, 44, 32, 34, 43, 21, 38, 45, 10, 42, 46, 35,  9, 39,  2, 36, 22, 28, 14, 20, 13,  8,  5, 16, 33, 12,  4, 19,  1, 23, 18, 17, 15, 25, 47, 24, 29, 40, 30], 2008.1710539 , 2023.57832236, 0., 0.       , 0., 0., 0, 0, 0.)
 (23, [11, 13, 15,  9,  6, 27,  3, 48, 11, 37,  7, 41, 26, 31, 44, 32, 34, 43, 21, 38, 45, 10, 42, 46, 35,  9, 39,  2, 36, 22, 28, 14, 20, 13,  8,  5, 16, 33, 29, 12, 19,  1, 23, 18, 17, 15, 25, 47, 24,  4, 40, 30], 2062.07714051, 2222.21211584, 0., 0.       , 0., 0., 0, 0, 0.)]