
Total Runtime in seconds: 164.73509645462036Parameters:
population_size: 100, max_generations: 1000, executed generations: 1000, threshold_no_improvement: 500
target feasible proportion: 25
fitness_scaling: power_rank, selection_method: n_tournaments
p_c: 0.8, p_m: 0.35
tournament_size: 2, n_elite: 10
survivor_selection_step: 200, p_selection_survival: 0.7
kill clone step: 100
diversify_step: 300, diversify_step: 300, p_diversify_survival: 0.3
n_closest_neighbors: 3, diversity_weight: 0.5, distance_method: broken_pairs_distance
capacity_penalty_factor: 2, duration_penalty_factor 2, time_window_penalty: 2
Best fitness all generations, best individual before/after local search: 1362.6328903928347, 1362.6328903928347 / 1362.6328903928347
Best individual found before local search: (49, [11, 13, 13, 11,  6, 27,  3, 48, 11, 44, 30, 40, 17, 18, 37,  9, 42, 46, 35,  7, 22, 45, 10, 34, 41, 36, 23, 32,  1, 33, 20, 13,  8, 29,  5, 26, 16, 28,  4, 19, 14,  2, 31, 25, 15, 47, 12, 24, 39, 43, 21, 38], 1362.63289039, 1362.63289039, 0., 0., 0., 0., 0, 0, 0.)
Best individual found after local search: (49, [11, 13, 13, 11,  6, 27,  3, 48, 11, 44, 30, 40, 17, 18, 37,  9, 42, 46, 35,  7, 22, 45, 10, 34, 41, 36, 23, 32,  1, 33, 20, 13,  8, 29,  5, 26, 16, 28,  4, 19, 14,  2, 31, 25, 15, 47, 12, 24, 39, 43, 21, 38], 1362.63289039, 1362.63289039, 0., 0., 0., 0., 0, 0, 0.)
Best feasible individual found: (49, [11, 13, 13, 11,  6, 27,  3, 48, 11, 44, 30, 40, 17, 18, 37,  9, 42, 46, 35,  7, 22, 45, 10, 34, 41, 36, 23, 32,  1, 33, 20, 13,  8, 29,  5, 26, 16, 28,  4, 19, 14,  2, 31, 25, 15, 47, 12, 24, 39, 43, 21, 38], 1362.63289039, 1362.63289039, 0., 0., 0., 0., 0, 0, 0.)

Fitness stats min: [3476.09655866 3357.35162931 3357.35162931 3357.35162931 3172.01802977
 3170.36771043 3112.71622384 3088.62914237 3059.06773319 3059.06773319
 2993.89621391 2993.89621391 2954.06567227 2954.06567227 2954.06567227
 2943.74146725 2928.64272991 2839.76958479 2839.76958479 2772.47326758
 2772.47326758 2772.47326758 2752.98877743 2716.14558831 2714.91388132
 2609.53769778 2480.77798148 2480.77798148 2442.30298868 2442.30298868
 2391.536718   2391.536718   2391.536718   2334.69126027 2286.8871183
 2286.8871183  2229.05753396 2229.05753396 2229.05753396 2194.25493363
 2163.20071481 2163.20071481 2091.31560609 2091.31560609 2028.699337
 2028.699337   2017.8654289  2017.8654289  2017.8654289  2001.22324793
 2001.22324793 1951.45737881 1951.45737881 1888.87818357 1888.87818357
 1885.62231193 1885.62231193 1841.82734665 1841.82734665 1841.82734665
 1841.82734665 1841.82734665 1841.82734665 1841.82734665 1832.3809032
 1832.3809032  1831.54933664 1831.54933664 1801.35886522 1801.35886522
 1801.35886522 1801.35886522 1801.35886522 1791.08085521 1791.08085521
 1769.73693727 1769.73693727 1769.73693727 1769.73693727 1769.73693727
 1759.45892726 1759.45892726 1759.45892726 1759.45892726 1752.47478877
 1752.47478877 1752.47478877 1730.64681031 1730.64681031 1730.64681031
 1713.67036281 1713.67036281 1713.67036281 1713.67036281 1693.73410649
 1693.73410649 1693.73410649 1693.73410649 1676.757659   1676.757659
 1676.757659   1676.757659   1676.757659   1659.63205561 1659.63205561
 1659.63205561 1659.63205561 1659.63205561 1659.63205561 1659.63205561
 1659.63205561 1659.63205561 1659.63205561 1659.63205561 1659.63205561
 1659.63205561 1659.63205561 1659.63205561 1659.63205561 1659.63205561
 1655.97421029 1655.97421029 1655.97421029 1655.97421029 1637.00041917
 1637.00041917 1626.57241991 1626.57241991 1626.57241991 1626.57241991
 1626.57241991 1626.57241991 1626.57241991 1626.57241991 1621.96889315
 1621.96889315 1621.96889315 1617.96056994 1617.96056994 1617.96056994
 1613.9099817  1613.9099817  1613.9099817  1596.54208279 1589.09527968
 1589.09527968 1589.09527968 1589.09527968 1581.03636823 1581.03636823
 1581.03636823 1581.03636823 1581.03636823 1581.03636823 1581.03636823
 1578.16406055 1578.16406055 1578.16406055 1575.37224353 1575.37224353
 1575.37224353 1575.37224353 1570.76871677 1570.76871677 1570.76871677
 1570.76871677 1570.76871677 1563.61841362 1552.65404393 1552.65404393
 1552.65404393 1552.65404393 1540.90021402 1540.90021402 1525.86147026
 1525.86147026 1525.86147026 1525.86147026 1525.86147026 1514.10764035
 1514.10764035 1514.10764035 1514.10764035 1507.77317107 1507.77317107
 1507.77317107 1496.01934116 1496.01934116 1496.01934116 1496.01934116
 1496.01934116 1496.01934116 1496.01934116 1496.01934116 1496.01934116
 1496.01934116 1496.01934116 1496.01934116 1496.01934116 1496.01934116
 1496.01934116 1496.01934116 1496.01934116 1496.01934116 1496.01934116
 1496.01934116 1496.01934116 1496.01934116 1496.01934116 1496.01934116
 1496.01934116 1496.01934116 1496.01934116 1496.01934116 1496.01934116
 1496.01934116 1496.01934116 1496.01934116 1485.50210181 1485.50210181
 1485.50210181 1485.50210181 1485.50210181 1485.50210181 1485.50210181
 1485.50210181 1485.50210181 1485.50210181 1485.50210181 1485.50210181
 1485.50210181 1485.50210181 1485.50210181 1485.50210181 1485.50210181
 1485.50210181 1485.50210181 1485.50210181 1485.50210181 1485.50210181
 1485.50210181 1485.50210181 1485.50210181 1485.50210181 1485.50210181
 1485.50210181 1485.50210181 1485.50210181 1485.50210181 1485.50210181
 1485.50210181 1477.37684049 1477.37684049 1477.37684049 1477.37684049
 1477.37684049 1477.37684049 1475.71235849 1475.71235849 1475.71235849
 1475.71235849 1475.71235849 1475.71235849 1475.71235849 1475.71235849
 1475.71235849 1475.71235849 1475.71235849 1475.71235849 1475.71235849
 1475.71235849 1475.71235849 1475.71235849 1475.71235849 1475.71235849
 1475.71235849 1475.71235849 1475.71235849 1475.71235849 1475.71235849
 1475.71235849 1475.71235849 1475.71235849 1475.71235849 1475.71235849
 1475.71235849 1475.71235849 1475.71235849 1475.71235849 1475.71235849
 1475.71235849 1475.06023103 1475.06023103 1475.06023103 1475.06023103
 1475.06023103 1475.06023103 1475.06023103 1475.06023103 1475.06023103
 1475.06023103 1475.06023103 1475.06023103 1475.4462523  1475.4462523
 1475.06023103 1475.06023103 1475.06023103 1475.06023103 1475.06023103
 1475.06023103 1475.06023103 1475.06023103 1475.06023103 1475.06023103
 1475.06023103 1475.06023103 1475.06023103 1475.06023103 1475.06023103
 1475.06023103 1475.06023103 1475.06023103 1475.06023103 1475.06023103
 1475.06023103 1475.06023103 1475.06023103 1475.06023103 1475.06023103
 1475.06023103 1475.06023103 1475.06023103 1475.06023103 1475.06023103
 1473.20885976 1473.20885976 1473.20885976 1473.20885976 1473.20885976
 1471.00393599 1471.00393599 1471.00393599 1471.00393599 1468.35760393
 1468.35760393 1466.50623266 1466.50623266 1466.50623266 1466.50623266
 1466.50623266 1466.50623266 1466.50623266 1466.50623266 1466.50623266
 1466.50623266 1466.50623266 1466.50623266 1466.50623266 1466.50623266
 1466.50623266 1466.50623266 1466.50623266 1466.50623266 1466.50623266
 1466.50623266 1466.50623266 1466.50623266 1466.50623266 1466.50623266
 1466.50623266 1466.50623266 1466.50623266 1466.50623266 1464.92853922
 1464.92853922 1464.92853922 1464.92853922 1464.92853922 1464.92853922
 1464.92853922 1464.92853922 1464.92853922 1464.92853922 1464.92853922
 1464.92853922 1464.92853922 1464.92853922 1463.14627229 1463.14627229
 1463.14627229 1463.14627229 1463.14627229 1463.14627229 1463.14627229
 1463.14627229 1463.14627229 1463.14627229 1463.14627229 1463.14627229
 1463.14627229 1463.14627229 1463.14627229 1463.14627229 1463.14627229
 1463.14627229 1463.14627229 1455.45459722 1455.45459722 1455.45459722
 1455.45459722 1455.45459722 1455.45459722 1421.82880971 1421.82880971
 1421.82880971 1421.82880971 1421.82880971 1421.82880971 1421.82880971
 1421.82880971 1421.82880971 1421.82880971 1417.91116693 1417.91116693
 1417.91116693 1417.91116693 1417.91116693 1417.91116693 1417.91116693
 1417.91116693 1417.91116693 1417.91116693 1417.91116693 1417.91116693
 1417.91116693 1417.91116693 1417.91116693 1417.91116693 1417.91116693
 1417.91116693 1417.91116693 1417.91116693 1417.91116693 1417.91116693
 1417.91116693 1399.51783956 1399.51783956 1399.51783956 1399.51783956
 1399.51783956 1399.51783956 1399.51783956 1399.51783956 1399.51783956
 1399.51783956 1399.51783956 1399.51783956 1399.51783956 1399.51783956
 1399.51783956 1399.51783956 1399.51783956 1399.51783956 1399.51783956
 1399.51783956 1399.51783956 1399.51783956 1399.51783956 1399.51783956
 1399.51783956 1399.51783956 1399.51783956 1399.51783956 1399.51783956
 1399.51783956 1399.51783956 1399.51783956 1399.51783956 1399.51783956
 1399.51783956 1399.51783956 1399.51783956 1399.51783956 1399.51783956
 1399.51783956 1399.51783956 1399.51783956 1399.51783956 1399.51783956
 1399.51783956 1399.51783956 1399.51783956 1399.51783956 1399.51783956
 1399.51783956 1399.51783956 1399.51783956 1399.51783956 1399.51783956
 1399.51783956 1399.51783956 1399.51783956 1399.51783956 1399.51783956
 1399.51783956 1399.51783956 1399.51783956 1399.51783956 1399.51783956
 1399.51783956 1399.51783956 1399.51783956 1399.51783956 1399.51783956
 1399.51783956 1399.51783956 1399.51783956 1399.51783956 1399.51783956
 1399.51783956 1399.51783956 1399.51783956 1399.51783956 1399.51783956
 1399.51783956 1399.51783956 1399.51783956 1399.51783956 1399.51783956
 1399.51783956 1399.51783956 1399.51783956 1399.06292192 1399.06292192
 1399.06292192 1399.06292192 1399.06292192 1399.06292192 1399.06292192
 1399.06292192 1399.06292192 1399.06292192 1399.06292192 1399.06292192
 1399.06292192 1399.06292192 1399.06292192 1399.06292192 1399.06292192
 1399.06292192 1399.06292192 1399.06292192 1399.06292192 1399.06292192
 1396.75653993 1396.75653993 1396.75653993 1396.75653993 1396.75653993
 1396.75653993 1396.75653993 1396.75653993 1396.75653993 1389.82326188
 1389.82326188 1389.82326188 1389.82326188 1389.82326188 1389.82326188
 1389.82326188 1389.82326188 1389.82326188 1384.84600605 1384.84600605
 1384.84600605 1384.84600605 1384.84600605 1384.84600605 1384.84600605
 1384.84600605 1384.84600605 1384.84600605 1384.84600605 1384.84600605
 1384.84600605 1384.84600605 1384.84600605 1384.84600605 1384.84600605
 1384.84600605 1384.84600605 1384.84600605 1384.84600605 1384.84600605
 1384.84600605 1384.84600605 1384.84600605 1384.84600605 1384.84600605
 1384.84600605 1384.84600605 1384.84600605 1384.84600605 1384.84600605
 1384.84600605 1384.84600605 1384.84600605 1384.84600605 1384.84600605
 1384.84600605 1384.84600605 1384.84600605 1384.84600605 1384.84600605
 1384.84600605 1384.84600605 1384.84600605 1384.84600605 1384.84600605
 1384.84600605 1384.84600605 1384.84600605 1384.84600605 1384.84600605
 1384.84600605 1384.84600605 1384.84600605 1384.84600605 1384.84600605
 1384.84600605 1384.84600605 1384.84600605 1384.84600605 1384.84600605
 1384.84600605 1384.84600605 1384.84600605 1384.84600605 1384.84600605
 1384.84600605 1384.84600605 1384.84600605 1384.84600605 1384.84600605
 1384.84600605 1384.84600605 1384.84600605 1384.84600605 1384.84600605
 1384.84600605 1384.84600605 1384.84600605 1384.84600605 1384.84600605
 1384.84600605 1384.84600605 1384.84600605 1384.84600605 1384.84600605
 1384.84600605 1384.84600605 1384.84600605 1384.84600605 1384.84600605
 1384.84600605 1384.84600605 1384.84600605 1384.84600605 1384.84600605
 1384.84600605 1384.84600605 1384.84600605 1384.84600605 1384.84600605
 1384.84600605 1384.84600605 1384.84600605 1384.84600605 1384.84600605
 1384.84600605 1384.84600605 1384.84600605 1384.84600605 1384.84600605
 1384.84600605 1384.84600605 1384.84600605 1384.84600605 1384.84600605
 1384.84600605 1384.84600605 1384.84600605 1384.84600605 1384.84600605
 1384.84600605 1384.84600605 1384.84600605 1384.84600605 1384.84600605
 1384.84600605 1384.84600605 1384.84600605 1384.84600605 1384.84600605
 1384.84600605 1384.84600605 1384.84600605 1384.84600605 1384.84600605
 1384.84600605 1384.84600605 1384.84600605 1384.84600605 1384.84600605
 1384.84600605 1384.84600605 1384.84600605 1384.84600605 1384.84600605
 1384.84600605 1384.84600605 1384.84600605 1384.84600605 1384.84600605
 1384.84600605 1384.84600605 1384.84600605 1384.84600605 1384.84600605
 1384.84600605 1384.84600605 1384.84600605 1384.84600605 1384.84600605
 1384.84600605 1384.84600605 1384.84600605 1384.84600605 1384.84600605
 1384.84600605 1384.84600605 1384.84600605 1384.84600605 1384.84600605
 1384.84600605 1384.84600605 1384.84600605 1384.84600605 1383.39184697
 1383.39184697 1383.39184697 1383.39184697 1383.39184697 1383.39184697
 1376.45258808 1376.45258808 1376.45258808 1376.45258808 1376.45258808
 1376.45258808 1376.45258808 1376.45258808 1376.45258808 1376.45258808
 1376.45258808 1376.45258808 1376.45258808 1376.45258808 1376.45258808
 1376.45258808 1376.45258808 1376.45258808 1376.45258808 1376.45258808
 1376.45258808 1376.45258808 1376.45258808 1376.45258808 1376.45258808
 1376.45258808 1376.45258808 1376.45258808 1376.45258808 1376.45258808
 1376.45258808 1376.45258808 1376.45258808 1376.45258808 1376.45258808
 1376.45258808 1376.45258808 1376.45258808 1376.45258808 1376.45258808
 1376.45258808 1376.45258808 1376.45258808 1376.45258808 1376.45258808
 1376.45258808 1376.45258808 1376.45258808 1376.45258808 1376.45258808
 1376.45258808 1376.45258808 1376.45258808 1376.45258808 1376.45258808
 1376.45258808 1376.45258808 1376.45258808 1376.45258808 1376.45258808
 1376.45258808 1376.45258808 1376.45258808 1376.45258808 1376.45258808
 1376.45258808 1376.45258808 1376.45258808 1376.45258808 1376.45258808
 1376.45258808 1376.45258808 1376.45258808 1376.45258808 1376.45258808
 1376.45258808 1376.45258808 1376.45258808 1376.45258808 1376.45258808
 1376.45258808 1376.45258808 1376.45258808 1376.45258808 1376.45258808
 1376.45258808 1376.45258808 1376.45258808 1376.45258808 1376.45258808
 1376.45258808 1376.45258808 1376.45258808 1376.45258808 1376.45258808
 1376.45258808 1376.45258808 1376.45258808 1376.45258808 1376.45258808
 1376.45258808 1376.45258808 1376.45258808 1376.45258808 1376.45258808
 1376.45258808 1376.45258808 1376.45258808 1376.45258808 1376.45258808
 1376.45258808 1376.45258808 1376.45258808 1376.45258808 1376.45258808
 1376.45258808 1376.45258808 1376.45258808 1376.45258808 1376.45258808
 1376.45258808 1376.45258808 1376.45258808 1376.45258808 1376.45258808
 1376.45258808 1376.45258808 1376.45258808 1376.45258808 1376.45258808
 1376.45258808 1376.45258808 1376.45258808 1376.45258808 1376.45258808
 1376.45258808 1376.45258808 1376.45258808 1376.45258808 1376.45258808
 1376.45258808 1376.45258808 1376.45258808 1376.45258808 1376.45258808
 1376.45258808 1376.45258808 1376.45258808 1376.45258808 1376.45258808
 1376.45258808 1376.45258808 1376.45258808 1376.45258808 1376.45258808
 1376.20395986 1376.20395986 1376.20395986 1376.20395986 1376.20395986
 1376.20395986 1376.20395986 1376.20395986 1376.20395986 1376.20395986
 1376.20395986 1376.20395986 1376.20395986 1376.20395986 1376.20395986
 1376.20395986 1376.20395986 1376.20395986 1376.20395986 1376.20395986
 1376.20395986 1376.20395986 1376.20395986 1376.20395986 1376.20395986
 1376.20395986 1376.20395986 1376.20395986 1376.20395986 1376.20395986
 1376.20395986 1376.20395986 1376.20395986 1376.20395986 1376.20395986
 1376.20395986 1376.20395986 1376.20395986 1376.20395986 1376.20395986
 1376.20395986 1376.20395986 1376.20395986 1376.20395986 1376.20395986
 1376.20395986 1376.20395986 1376.20395986 1376.20395986 1376.20395986
 1376.20395986 1376.20395986 1376.20395986 1376.20395986 1376.20395986
 1376.20395986 1376.20395986 1376.20395986 1376.20395986 1376.20395986
 1376.20395986 1376.20395986 1376.20395986 1376.20395986 1376.20395986
 1376.20395986 1376.20395986 1376.20395986 1376.20395986 1376.20395986
 1376.20395986 1376.20395986 1376.20395986 1376.20395986 1376.20395986
 1362.63289039 1362.63289039 1362.63289039 1362.63289039 1362.63289039
 1362.63289039 1362.63289039 1362.63289039 1362.63289039 1362.63289039
 1362.63289039 1362.63289039 1362.63289039 1362.63289039 1362.63289039
 1362.63289039] 

Fitness stats feasible min: [3547.19888234 3357.35162931 3357.35162931 3357.35162931 3268.54589107
 3268.54589107 3232.70987965 3230.85234295 3151.71284321 3134.97069432
 2993.89621391 2993.89621391 2954.06567227 2954.06567227 2954.06567227
 2949.44832674 2928.64272991 2839.76958479 2839.76958479 2772.47326758
 2772.47326758 2772.47326758 2760.30935231 2716.14558831 2716.14558831
 2671.42687295 2480.77798148 2480.77798148 2442.30298868 2442.30298868
 2391.536718   2391.536718   2391.536718   2334.69126027 2286.8871183
 2286.8871183  2229.05753396 2229.05753396 2229.05753396 2194.25493363
 2163.20071481 2163.20071481 2091.31560609 2091.31560609 2028.699337
 2028.699337   2017.8654289  2017.8654289  2017.8654289  2001.22324793
 2001.22324793 1951.45737881 1951.45737881 1888.87818357 1888.87818357
 1885.62231193 1885.62231193 1841.82734665 1841.82734665 1841.82734665
 1841.82734665 1841.82734665 1841.82734665 1841.82734665 1832.3809032
 1832.3809032  1831.54933664 1831.54933664 1801.35886522 1801.35886522
 1801.35886522 1801.35886522 1801.35886522 1791.08085521 1791.08085521
 1769.73693727 1769.73693727 1769.73693727 1769.73693727 1769.73693727
 1759.45892726 1759.45892726 1759.45892726 1759.45892726 1757.88641963
 1757.88641963 1757.88641963 1730.64681031 1730.64681031 1730.64681031
 1713.67036281 1713.67036281 1713.67036281 1713.67036281 1693.73410649
 1693.73410649 1693.73410649 1693.73410649 1676.757659   1676.757659
 1676.757659   1676.757659   1676.757659   1659.63205561 1659.63205561
 1659.63205561 1659.63205561 1659.63205561 1659.63205561 1659.63205561
 1659.63205561 1659.63205561 1659.63205561 1659.63205561 1659.63205561
 1659.63205561 1659.63205561 1659.63205561 1659.63205561 1659.63205561
 1655.97421029 1655.97421029 1655.97421029 1655.97421029 1637.00041917
 1637.00041917 1626.57241991 1626.57241991 1626.57241991 1626.57241991
 1626.57241991 1626.57241991 1626.57241991 1626.57241991 1622.5640967
 1622.5640967  1622.5640967  1618.51350846 1618.51350846 1618.51350846
 1618.51350846 1618.51350846 1618.51350846 1596.54208279 1596.54208279
 1596.54208279 1596.54208279 1596.54208279 1596.54208279 1585.63989499
 1585.63989499 1585.63989499 1585.63989499 1585.63989499 1585.63989499
 1585.63989499 1585.63989499 1585.63989499 1575.37224353 1575.37224353
 1575.37224353 1575.37224353 1575.37224353 1575.37224353 1575.37224353
 1575.37224353 1575.37224353 1563.61841362 1552.65404393 1552.65404393
 1552.65404393 1552.65404393 1540.90021402 1540.90021402 1525.86147026
 1525.86147026 1525.86147026 1525.86147026 1525.86147026 1514.10764035
 1514.10764035 1514.10764035 1514.10764035 1507.77317107 1507.77317107
 1507.77317107 1496.01934116 1496.01934116 1496.01934116 1496.01934116
 1496.01934116 1496.01934116 1496.01934116 1496.01934116 1496.01934116
 1496.01934116 1496.01934116 1496.01934116 1496.01934116 1496.01934116
 1496.01934116 1496.01934116 1496.01934116 1496.01934116 1496.01934116
 1496.01934116 1496.01934116 1496.01934116 1496.01934116 1496.01934116
 1496.01934116 1496.01934116 1496.01934116 1496.01934116 1496.01934116
 1496.01934116 1496.01934116 1496.01934116 1496.01934116 1496.01934116
 1496.01934116 1496.01934116 1496.01934116 1496.01934116 1496.01934116
 1496.01934116 1496.01934116 1496.01934116 1496.01934116 1496.01934116
 1496.01934116 1496.01934116 1496.01934116 1496.01934116 1496.01934116
 1496.01934116 1496.01934116 1496.01934116 1496.01934116 1496.01934116
 1496.01934116 1496.01934116 1496.01934116 1487.89407984 1487.89407984
 1487.89407984 1487.89407984 1487.89407984 1487.89407984 1487.89407984
 1487.89407984 1487.89407984 1487.89407984 1487.89407984 1487.89407984
 1487.89407984 1487.89407984 1487.89407984 1486.22959784 1486.22959784
 1486.22959784 1486.22959784 1486.22959784 1486.22959784 1486.22959784
 1486.22959784 1486.22959784 1486.22959784 1486.22959784 1486.22959784
 1486.22959784 1486.22959784 1486.22959784 1486.22959784 1486.22959784
 1486.22959784 1486.22959784 1486.22959784 1486.22959784 1486.22959784
 1486.22959784 1486.22959784 1486.22959784 1486.22959784 1486.22959784
 1486.22959784 1486.22959784 1486.22959784 1486.22959784 1486.22959784
 1486.22959784 1486.22959784 1486.22959784 1486.22959784 1486.22959784
 1486.22959784 1486.22959784 1486.22959784 1486.22959784 1486.22959784
 1486.22959784 1486.22959784 1486.22959784 1486.22959784 1485.57747038
 1485.57747038 1485.57747038 1485.57747038 1485.57747038 1485.57747038
 1485.57747038 1485.57747038 1485.57747038 1485.57747038 1485.57747038
 1485.57747038 1485.57747038 1485.57747038 1485.57747038 1485.57747038
 1485.57747038 1485.57747038 1485.57747038 1485.57747038 1485.57747038
 1485.57747038 1485.57747038 1485.57747038 1485.57747038 1485.57747038
 1485.57747038 1485.57747038 1485.57747038 1485.57747038 1483.37254661
 1483.37254661 1483.37254661 1483.37254661 1483.37254661 1483.37254661
 1483.37254661 1481.52117534 1481.52117534 1481.52117534 1481.52117534
 1481.52117534 1481.52117534 1481.52117534 1481.52117534 1481.52117534
 1477.02347201 1477.02347201 1477.02347201 1477.02347201 1477.02347201
 1477.02347201 1477.02347201 1477.02347201 1477.02347201 1477.02347201
 1477.02347201 1477.02347201 1477.02347201 1477.02347201 1477.02347201
 1477.02347201 1477.02347201 1477.02347201 1477.02347201 1477.02347201
 1477.02347201 1477.02347201 1470.4252921  1470.4252921  1464.92853922
 1464.92853922 1464.92853922 1464.92853922 1464.92853922 1464.92853922
 1464.92853922 1464.92853922 1464.92853922 1464.92853922 1464.92853922
 1464.92853922 1464.92853922 1464.92853922 1463.14627229 1463.14627229
 1463.14627229 1463.14627229 1463.14627229 1463.14627229 1463.14627229
 1463.14627229 1463.14627229 1463.14627229 1463.14627229 1463.14627229
 1463.14627229 1463.14627229 1463.14627229 1463.14627229 1463.14627229
 1463.14627229 1463.14627229 1455.45459722 1455.45459722 1455.45459722
 1455.45459722 1455.45459722 1455.45459722 1421.82880971 1421.82880971
 1421.82880971 1421.82880971 1421.82880971 1421.82880971 1421.82880971
 1421.82880971 1421.82880971 1421.82880971 1417.91116693 1417.91116693
 1417.91116693 1417.91116693 1417.91116693 1417.91116693 1417.91116693
 1417.91116693 1417.91116693 1417.91116693 1417.91116693 1417.91116693
 1417.91116693 1417.91116693 1417.91116693 1417.91116693 1417.91116693
 1417.91116693 1417.91116693 1417.91116693 1417.91116693 1417.91116693
 1417.91116693 1399.51783956 1399.51783956 1399.51783956 1399.51783956
 1399.51783956 1399.51783956 1399.51783956 1399.51783956 1399.51783956
 1399.51783956 1399.51783956 1399.51783956 1399.51783956 1399.51783956
 1399.51783956 1399.51783956 1399.51783956 1399.51783956 1399.51783956
 1399.51783956 1399.51783956 1399.51783956 1399.51783956 1399.51783956
 1399.51783956 1399.51783956 1399.51783956 1399.51783956 1399.51783956
 1399.51783956 1399.51783956 1399.51783956 1399.51783956 1399.51783956
 1399.51783956 1399.51783956 1399.51783956 1399.51783956 1399.51783956
 1399.51783956 1399.51783956 1399.51783956 1399.51783956 1399.51783956
 1399.51783956 1399.51783956 1399.51783956 1399.51783956 1399.51783956
 1399.51783956 1399.51783956 1399.51783956 1399.51783956 1399.51783956
 1399.51783956 1399.51783956 1399.51783956 1399.51783956 1399.51783956
 1399.51783956 1399.51783956 1399.51783956 1399.51783956 1399.51783956
 1399.51783956 1399.51783956 1399.51783956 1399.51783956 1399.51783956
 1399.51783956 1399.51783956 1399.51783956 1399.51783956 1399.51783956
 1399.51783956 1399.51783956 1399.51783956 1399.51783956 1399.51783956
 1399.51783956 1399.51783956 1399.51783956 1399.51783956 1399.51783956
 1399.51783956 1399.51783956 1399.51783956 1399.06292192 1399.06292192
 1399.06292192 1399.06292192 1399.06292192 1399.06292192 1399.06292192
 1399.06292192 1399.06292192 1399.06292192 1399.06292192 1399.06292192
 1399.06292192 1399.06292192 1399.06292192 1399.06292192 1399.06292192
 1399.06292192 1399.06292192 1399.06292192 1399.06292192 1399.06292192
 1396.75653993 1396.75653993 1396.75653993 1396.75653993 1396.75653993
 1396.75653993 1396.75653993 1396.75653993 1396.75653993 1389.82326188
 1389.82326188 1389.82326188 1389.82326188 1389.82326188 1389.82326188
 1389.82326188 1389.82326188 1389.82326188 1384.84600605 1384.84600605
 1384.84600605 1384.84600605 1384.84600605 1384.84600605 1384.84600605
 1384.84600605 1384.84600605 1384.84600605 1384.84600605 1384.84600605
 1384.84600605 1384.84600605 1384.84600605 1384.84600605 1384.84600605
 1384.84600605 1384.84600605 1384.84600605 1384.84600605 1384.84600605
 1384.84600605 1384.84600605 1384.84600605 1384.84600605 1384.84600605
 1384.84600605 1384.84600605 1384.84600605 1384.84600605 1384.84600605
 1384.84600605 1384.84600605 1384.84600605 1384.84600605 1384.84600605
 1384.84600605 1384.84600605 1384.84600605 1384.84600605 1384.84600605
 1384.84600605 1384.84600605 1384.84600605 1384.84600605 1384.84600605
 1384.84600605 1384.84600605 1384.84600605 1384.84600605 1384.84600605
 1384.84600605 1384.84600605 1384.84600605 1384.84600605 1384.84600605
 1384.84600605 1384.84600605 1384.84600605 1384.84600605 1384.84600605
 1384.84600605 1384.84600605 1384.84600605 1384.84600605 1384.84600605
 1384.84600605 1384.84600605 1384.84600605 1384.84600605 1384.84600605
 1384.84600605 1384.84600605 1384.84600605 1384.84600605 1384.84600605
 1384.84600605 1384.84600605 1384.84600605 1384.84600605 1384.84600605
 1384.84600605 1384.84600605 1384.84600605 1384.84600605 1384.84600605
 1384.84600605 1384.84600605 1384.84600605 1384.84600605 1384.84600605
 1384.84600605 1384.84600605 1384.84600605 1384.84600605 1384.84600605
 1384.84600605 1384.84600605 1384.84600605 1384.84600605 1384.84600605
 1384.84600605 1384.84600605 1384.84600605 1384.84600605 1384.84600605
 1384.84600605 1384.84600605 1384.84600605 1384.84600605 1384.84600605
 1384.84600605 1384.84600605 1384.84600605 1384.84600605 1384.84600605
 1384.84600605 1384.84600605 1384.84600605 1384.84600605 1384.84600605
 1384.84600605 1384.84600605 1384.84600605 1384.84600605 1384.84600605
 1384.84600605 1384.84600605 1384.84600605 1384.84600605 1384.84600605
 1384.84600605 1384.84600605 1384.84600605 1384.84600605 1384.84600605
 1384.84600605 1384.84600605 1384.84600605 1384.84600605 1384.84600605
 1384.84600605 1384.84600605 1384.84600605 1384.84600605 1384.84600605
 1384.84600605 1384.84600605 1384.84600605 1384.84600605 1384.84600605
 1384.84600605 1384.84600605 1384.84600605 1384.84600605 1384.84600605
 1384.84600605 1384.84600605 1384.84600605 1384.84600605 1384.84600605
 1384.84600605 1384.84600605 1384.84600605 1384.84600605 1384.84600605
 1384.84600605 1384.84600605 1384.84600605 1384.84600605 1384.84600605
 1384.84600605 1384.84600605 1384.84600605 1384.84600605 1383.39184697
 1383.39184697 1383.39184697 1383.39184697 1383.39184697 1383.39184697
 1376.45258808 1376.45258808 1376.45258808 1376.45258808 1376.45258808
 1376.45258808 1376.45258808 1376.45258808 1376.45258808 1376.45258808
 1376.45258808 1376.45258808 1376.45258808 1376.45258808 1376.45258808
 1376.45258808 1376.45258808 1376.45258808 1376.45258808 1376.45258808
 1376.45258808 1376.45258808 1376.45258808 1376.45258808 1376.45258808
 1376.45258808 1376.45258808 1376.45258808 1376.45258808 1376.45258808
 1376.45258808 1376.45258808 1376.45258808 1376.45258808 1376.45258808
 1376.45258808 1376.45258808 1376.45258808 1376.45258808 1376.45258808
 1376.45258808 1376.45258808 1376.45258808 1376.45258808 1376.45258808
 1376.45258808 1376.45258808 1376.45258808 1376.45258808 1376.45258808
 1376.45258808 1376.45258808 1376.45258808 1376.45258808 1376.45258808
 1376.45258808 1376.45258808 1376.45258808 1376.45258808 1376.45258808
 1376.45258808 1376.45258808 1376.45258808 1376.45258808 1376.45258808
 1376.45258808 1376.45258808 1376.45258808 1376.45258808 1376.45258808
 1376.45258808 1376.45258808 1376.45258808 1376.45258808 1376.45258808
 1376.45258808 1376.45258808 1376.45258808 1376.45258808 1376.45258808
 1376.45258808 1376.45258808 1376.45258808 1376.45258808 1376.45258808
 1376.45258808 1376.45258808 1376.45258808 1376.45258808 1376.45258808
 1376.45258808 1376.45258808 1376.45258808 1376.45258808 1376.45258808
 1376.45258808 1376.45258808 1376.45258808 1376.45258808 1376.45258808
 1376.45258808 1376.45258808 1376.45258808 1376.45258808 1376.45258808
 1376.45258808 1376.45258808 1376.45258808 1376.45258808 1376.45258808
 1376.45258808 1376.45258808 1376.45258808 1376.45258808 1376.45258808
 1376.45258808 1376.45258808 1376.45258808 1376.45258808 1376.45258808
 1376.45258808 1376.45258808 1376.45258808 1376.45258808 1376.45258808
 1376.45258808 1376.45258808 1376.45258808 1376.45258808 1376.45258808
 1376.45258808 1376.45258808 1376.45258808 1376.45258808 1376.45258808
 1376.45258808 1376.45258808 1376.45258808 1376.45258808 1376.45258808
 1376.45258808 1376.45258808 1376.45258808 1376.45258808 1376.45258808
 1376.45258808 1376.45258808 1376.45258808 1376.45258808 1376.45258808
 1376.45258808 1376.45258808 1376.45258808 1376.45258808 1376.45258808
 1376.20395986 1376.20395986 1376.20395986 1376.20395986 1376.20395986
 1376.20395986 1376.20395986 1376.20395986 1376.20395986 1376.20395986
 1376.20395986 1376.20395986 1376.20395986 1376.20395986 1376.20395986
 1376.20395986 1376.20395986 1376.20395986 1376.20395986 1376.20395986
 1376.20395986 1376.20395986 1376.20395986 1376.20395986 1376.20395986
 1376.20395986 1376.20395986 1376.20395986 1376.20395986 1376.20395986
 1376.20395986 1376.20395986 1376.20395986 1376.20395986 1376.20395986
 1376.20395986 1376.20395986 1376.20395986 1376.20395986 1376.20395986
 1376.20395986 1376.20395986 1376.20395986 1376.20395986 1376.20395986
 1376.20395986 1376.20395986 1376.20395986 1376.20395986 1376.20395986
 1376.20395986 1376.20395986 1376.20395986 1376.20395986 1376.20395986
 1376.20395986 1376.20395986 1376.20395986 1376.20395986 1376.20395986
 1376.20395986 1376.20395986 1376.20395986 1376.20395986 1376.20395986
 1376.20395986 1376.20395986 1376.20395986 1376.20395986 1376.20395986
 1376.20395986 1376.20395986 1376.20395986 1376.20395986 1376.20395986
 1362.63289039 1362.63289039 1362.63289039 1362.63289039 1362.63289039
 1362.63289039 1362.63289039 1362.63289039 1362.63289039 1362.63289039
 1362.63289039 1362.63289039 1362.63289039 1362.63289039 1362.63289039
 1362.63289039] 

Fitness stats avg: [4055.77153031 3916.78548435 3848.35183445 3748.66988772 3685.35025698
 3599.78709555 3565.4359413  3504.90136278 3440.73411648 3401.32947653
 3334.61951809 3344.43568377 3322.316181   3355.1616979  3292.83789297
 3258.87225042 3211.46654195 3168.1484745  3150.81679328 3112.81383792
 3075.2154955  3000.75800396 2986.71469855 2980.76568999 2965.70746279
 2936.16989587 2936.33043261 2900.33298691 2874.13911532 2847.0156431
 2769.12152089 2700.00697562 2680.56086392 2639.65081678 2544.91073822
 2550.95456549 2544.26524124 2550.90078136 2517.81707511 2501.26935714
 2490.98042282 2445.2295668  2408.59446515 2365.713756   2322.91955478
 2365.2908469  2306.80972327 2271.14579421 2262.0999427  2210.26088681
 2198.80819871 2194.45809148 2155.59368695 2174.31582756 2183.12789056
 2148.90191297 2180.60353514 2154.89384742 2125.23488854 2148.27583134
 2151.21845918 2051.22974322 2065.1706983  2078.82953984 2063.64915717
 2054.98307638 2032.90572918 2020.19137958 1993.86818554 1992.20787707
 1977.63888398 1972.10385124 1941.55402425 1916.83511782 1935.9884894
 1916.90504373 1905.07517063 1870.79045149 1856.93140774 1886.19355355
 1878.53775824 1899.76982842 1925.88045998 1905.00871834 1901.33887542
 1927.47860943 1939.89245059 1894.64658989 1862.79148527 1857.03958591
 1880.76336044 1862.44562443 1841.69104901 1826.86476581 1825.79736124
 1842.17955501 1821.13920164 1823.14265612 1833.58096567 1807.98763085
 1808.41512067 1798.34699127 1789.31795529 1801.69608496 1787.12532127
 1767.56336911 1760.31226232 1751.91294433 1749.40289698 1768.72959098
 1805.38685953 1800.49444995 1803.39337727 1806.18428119 1813.21230671
 1761.37344318 1743.97774386 1747.23436635 1755.80539929 1740.51268698
 1745.54975846 1767.3743456  1749.19766629 1778.7742433  1781.15275897
 1770.37588146 1770.06752373 1758.23912337 1753.93665184 1750.81702449
 1742.67404853 1766.62745615 1769.66579737 1752.09821761 1732.12090565
 1718.77320526 1750.3760527  1722.07180226 1718.50502784 1723.25734203
 1716.81740065 1696.3444418  1700.7752354  1729.84567731 1716.27692107
 1745.24266085 1744.20062102 1718.22010075 1726.8312593  1739.27728022
 1705.58146148 1696.07138747 1707.72224052 1730.79002584 1703.81006621
 1690.48766053 1705.95030953 1677.81121588 1693.44613044 1695.23576864
 1674.5405464  1705.39026419 1696.29047548 1694.32510744 1685.2450595
 1704.83204578 1711.54114497 1701.00031222 1690.64251666 1675.91575645
 1662.4148424  1686.28057436 1683.39971409 1670.37518749 1667.34067472
 1675.15060129 1665.71847593 1666.08326514 1627.54385972 1636.37657518
 1646.51662282 1656.49863503 1636.54949615 1635.39136135 1637.88355472
 1634.1333966  1644.83126429 1593.28989047 1607.81785039 1630.25183469
 1607.72644065 1619.79465269 1583.22670007 1638.19220906 1628.12205836
 1638.39431871 1613.51869995 1620.77721985 1601.69444627 1570.96358832
 1581.83806914 1570.26944625 1579.50913418 1606.68382741 1652.66285924
 1644.20429749 1616.26759967 1587.65471273 1600.84949284 1615.52120318
 1593.04676082 1624.09396366 1599.08799384 1617.7031851  1599.41576893
 1599.30854917 1630.02926975 1649.14944678 1611.12408132 1591.5033365
 1607.8704084  1615.68051351 1577.64754152 1592.39271221 1650.70558005
 1600.67847416 1602.75631186 1583.02203499 1602.5541136  1598.65094023
 1594.55378085 1590.49180069 1582.34713078 1618.19256963 1583.73671191
 1611.47365473 1633.22374869 1575.69558412 1578.77681131 1595.55524851
 1584.83721178 1590.65600631 1620.83452574 1600.17983241 1627.69935391
 1626.73528495 1617.99398525 1599.79881401 1610.28853916 1589.67941323
 1625.38422046 1610.68442192 1642.50345269 1608.99796444 1595.87527612
 1590.92535412 1608.80339156 1586.40666403 1565.52728496 1587.94983454
 1561.58539963 1591.18262139 1612.6714563  1604.82185021 1572.51554912
 1584.98156422 1610.54225961 1578.69937691 1573.76673387 1625.17945712
 1598.26568303 1587.55481605 1584.1486525  1585.80418386 1570.55132573
 1585.35961669 1569.82469447 1570.24948259 1559.57227918 1613.23359049
 1585.76373216 1599.37615665 1562.18046144 1568.5424407  1627.35258239
 1606.68106611 1612.19036648 1593.56131914 1592.24084058 1581.71195929
 1589.14219484 1585.47238053 1560.44640916 1570.48856436 1590.25376705
 1601.88731505 1576.55601441 1560.10566795 1594.6740631  1577.60982573
 1595.78497654 1579.81171192 1569.30139832 1582.96155162 1557.50716813
 1577.74473278 1630.57961088 1605.4047612  1567.12359601 1574.60961973
 1593.57920349 1573.68672045 1559.6217973  1606.86475631 1593.34345089
 1566.27968464 1559.91902356 1545.02033548 1544.52532841 1581.60083734
 1560.17860294 1574.94088332 1567.70509879 1569.10276826 1600.04843602
 1589.34633023 1586.56028391 1583.5423946  1587.57289375 1566.43228248
 1562.77080939 1578.62068311 1570.55533789 1583.4819955  1620.44572578
 1606.44834749 1667.4864741  1591.63341436 1562.56999339 1565.00058663
 1590.03763087 1602.00890593 1579.05814799 1590.18096091 1606.23017276
 1578.29377172 1577.75999665 1574.36270463 1604.68117518 1622.54032295
 1577.28885747 1576.17672859 1577.78049143 1569.6313462  1585.55690068
 1570.12107501 1581.98738312 1598.97590336 1623.76811479 1576.19654238
 1582.96948972 1604.10613254 1608.89996891 1624.0842962  1617.44364728
 1620.55346576 1573.9065259  1595.55594742 1591.57644685 1593.9550564
 1586.42295519 1581.37927239 1576.53316754 1584.98922166 1578.00775026
 1577.3496403  1576.84148787 1595.81647838 1568.21656888 1591.51918732
 1574.09815717 1602.42409368 1593.22931551 1599.38192174 1603.46741135
 1638.26875454 1576.15342295 1561.23401353 1574.43353966 1549.90451423
 1556.73119245 1567.32978114 1538.89986211 1583.52659858 1558.60897676
 1559.12834797 1531.25717736 1557.59388382 1563.68880172 1542.37641692
 1571.07086027 1589.49801623 1590.96058469 1591.82404819 1570.69619199
 1572.56656158 1578.06377108 1595.77313022 1579.8761541  1565.39449885
 1548.62305305 1613.50177368 1629.39884729 1627.88199478 1618.64508951
 1539.39622804 1594.60850869 1560.83081563 1553.3095057  1547.54582621
 1520.32315145 1524.02611389 1543.01653243 1534.92471217 1563.02198094
 1532.24440238 1518.30512994 1509.65188115 1539.62475076 1562.41073171
 1554.55026202 1568.79563581 1588.63505522 1544.80210512 1560.40696237
 1519.85212824 1527.08936739 1539.97322955 1539.02937123 1524.0477682
 1523.5807506  1534.57183166 1519.47202004 1542.01498269 1522.56839458
 1529.25566927 1519.49880357 1540.9584578  1550.45454986 1535.05383709
 1536.81034837 1511.98659493 1508.06524043 1507.21726278 1524.29518625
 1526.03508105 1511.37512166 1515.13822133 1520.03824875 1504.38205146
 1522.77836552 1510.73756681 1497.75943865 1499.68519091 1521.18022642
 1499.24411976 1493.84538856 1518.09136923 1540.12284847 1513.13110695
 1538.6557564  1539.74464017 1555.47662155 1533.75609676 1539.25721768
 1547.94222426 1574.8105556  1536.08734436 1504.57574601 1512.62103844
 1497.19683044 1519.16279998 1504.21412677 1479.03426477 1533.6672983
 1535.02143913 1532.62021493 1525.82451485 1518.52230701 1529.14756837
 1537.82595087 1526.58007533 1499.72634223 1533.5684693  1505.07582273
 1507.42794437 1519.46187809 1519.85822711 1520.37234995 1520.10861318
 1518.3053723  1518.97917171 1494.58975126 1509.23040872 1489.47133622
 1512.36731181 1507.8682061  1508.73559724 1512.22973894 1476.28165967
 1501.45817159 1507.90785284 1519.29749171 1547.05480697 1514.30126056
 1516.06101757 1519.70785098 1509.16036496 1508.43716953 1484.57420186
 1520.95712923 1528.63546411 1542.55759742 1542.16123898 1525.7193099
 1533.83733955 1525.13264884 1535.64014897 1555.44311675 1499.49753055
 1528.92977441 1497.51167271 1536.21002739 1526.35239218 1531.93911964
 1551.62242258 1540.30474015 1512.24607929 1489.29648623 1544.27257431
 1515.03645208 1523.57556618 1528.7953591  1545.38078732 1543.40191311
 1494.0678516  1495.34253696 1494.33291783 1495.74398631 1482.14015364
 1508.76506798 1521.99312303 1507.86485819 1501.07661863 1513.00669168
 1522.20940959 1504.3177366  1523.00130185 1512.30756474 1540.31109706
 1514.84849645 1535.69539252 1508.37331289 1513.26839078 1517.28459584
 1524.80697167 1518.06866366 1514.03674976 1483.04583696 1509.24803369
 1520.54435844 1523.74146249 1513.39749275 1517.23061251 1504.1004659
 1524.01069637 1540.77066177 1487.80944084 1474.26965092 1496.53317134
 1499.55517437 1502.99328822 1504.95449003 1516.23911377 1494.13431019
 1505.40619615 1488.46917004 1498.19021891 1462.41816485 1469.36757792
 1509.17686023 1523.96984649 1539.17996206 1556.65677169 1555.3835325
 1532.16513319 1476.23751355 1488.91922099 1481.76488761 1495.30461026
 1517.22637039 1513.01073234 1521.10086008 1496.47649218 1503.03922983
 1500.08738474 1489.18587866 1492.28187823 1495.35143724 1529.95859303
 1495.04473914 1473.50275961 1473.15415258 1504.24967528 1464.98067265
 1492.63795752 1477.05423391 1497.62287902 1489.50820097 1481.45340908
 1479.81869706 1497.67282824 1514.70689038 1482.11836295 1491.79575756
 1493.34498012 1497.8991148  1503.76341959 1490.33944062 1492.22906618
 1490.81201533 1483.1307389  1497.95381748 1519.47009625 1512.93312359
 1526.44674207 1494.29688301 1518.11448787 1525.6613908  1532.08942806
 1496.28858315 1492.50352373 1471.04677758 1488.32489055 1513.42645075
 1507.15379451 1503.77064391 1498.98064385 1535.38609002 1519.43493756
 1518.74365086 1513.40688119 1503.94762159 1492.38400682 1459.32193388
 1467.92816574 1509.08925545 1523.34161217 1491.55121453 1492.28795656
 1488.42733967 1503.2416872  1503.07521961 1539.10395996 1536.76438139
 1480.31237656 1499.66909598 1513.76390157 1512.48440613 1489.06029949
 1526.57266128 1493.80639093 1481.06799514 1481.75100223 1495.66395156
 1523.35538062 1479.29742076 1481.2701456  1479.05866546 1501.14887169
 1493.50095974 1509.41702723 1504.63302203 1501.32875672 1494.52680866
 1513.37362967 1518.07000854 1531.93865044 1541.30776416 1531.97712478
 1525.54082411 1486.08304363 1497.66993845 1473.4556114  1504.87185846
 1469.61200458 1477.03509209 1497.01336369 1501.19193629 1499.72679448
 1491.05685564 1491.58866555 1480.62628278 1497.58572978 1513.70146906
 1492.50149179 1475.10557198 1489.59018198 1486.2461924  1498.33105726
 1493.19233257 1495.9057029  1507.32547708 1506.86080667 1509.38301994
 1532.22469894 1515.23542881 1517.41374971 1515.88764253 1491.18298399
 1500.3317077  1502.09774878 1497.30664487 1488.67554607 1463.85770489
 1479.36951748 1485.28371122 1514.52495015 1515.48893075 1541.83917006
 1480.01966599 1508.28662386 1503.58259681 1493.54366716 1492.34326165
 1499.70735732 1485.85273738 1503.92831149 1515.99615208 1477.84051764
 1534.65313183 1486.59218125 1521.74619064 1537.75976749 1518.27174273
 1526.23858216 1508.99980428 1507.81521137 1479.34459938 1491.46729899
 1489.88862646 1513.14160164 1520.86551946 1514.77697823 1528.07117725
 1514.5011371  1547.37748271 1519.45519047 1540.73896024 1523.8816667
 1528.72957006 1512.40030776 1519.59394469 1480.68871446 1462.50108389
 1494.4403777  1481.26735602 1466.37158684 1481.63168634 1525.4711585
 1496.21307857 1469.33377458 1495.27269092 1477.51411507 1486.15542014
 1504.18031412 1479.38561802 1480.47960409 1479.48047664 1507.97050781
 1484.37773884 1480.04396608 1477.61504613 1457.46872628 1482.71477299
 1495.4130183  1500.79304399 1500.66534497 1457.71918842 1466.19341241
 1485.14012805 1494.8707873  1486.94031075 1490.31643279 1502.5775988
 1502.71805845 1455.05238116 1459.37791894 1497.49254715 1487.33534294
 1483.6450646  1465.51765845 1473.07391685 1466.4659419  1498.68996056
 1496.62163817 1494.32795302 1483.229817   1495.2924896  1517.09716382
 1495.09668973 1442.98529638 1471.16824368 1488.54782479 1469.37156896
 1500.0174903  1487.89834991 1471.48758506 1495.45404018 1463.19773466
 1465.78470776 1465.69144237 1453.07059802 1486.05648862 1486.68369824
 1480.73977018 1465.19060204 1454.35508713 1442.84565884 1468.64281231
 1489.28165857 1492.11583177 1508.028789   1511.57377094 1495.23117633
 1490.83070772 1498.77640812 1494.62439222 1473.38634836 1472.58831162
 1516.92557985 1527.66380287 1526.896971   1484.60231965 1472.05394093
 1487.50514671 1464.66377946 1500.38308294 1491.65611304 1521.3371227
 1530.66426801 1535.36521821 1531.11239555 1534.54159577 1525.61840171
 1492.47753166 1480.01176844 1467.89400158 1489.00922011 1511.93083145
 1495.47585274 1496.87500079 1480.94374616 1463.100162   1484.39355423
 1458.78788244 1463.46007203 1498.60339153 1445.96924863 1480.89552499
 1499.22592838 1470.57719032 1503.19888139 1560.05024168 1521.09641823
 1496.52116481 1474.89814488 1497.42775646 1495.07778813 1492.67909877
 1510.16662277 1528.90260648 1505.22779125 1504.76701546 1502.84588168
 1492.49944205 1485.16115721 1456.87296672 1481.8293664  1473.87245735
 1463.43892745 1465.52162172 1462.31659873 1458.68067422 1482.86050781
 1501.72793964 1508.84453216 1484.79811921 1489.50084    1487.4623457
 1463.02355496 1492.90221907 1486.77858664 1482.46523198 1499.02577426
 1475.88649231 1484.59155938 1483.7689324  1503.27773683 1507.93958563
 1482.85708153 1528.25671212 1508.8513608  1500.87802731 1464.18268804
 1464.55827797 1455.22900488 1482.49092384 1470.96500287 1484.98279435
 1507.47866256 1477.62657268 1480.27708165 1466.52194649 1475.81992949
 1489.9911483  1487.40583628 1461.12201832 1456.90149063 1452.68212672
 1465.60733358 1496.15614523 1489.3610159  1481.50271658 1477.25923698
 1493.93101361 1446.0630149  1475.45025061 1469.82808764 1482.18057102
 1481.69899505 1480.83637354 1482.81558596 1493.79183937 1495.35998997
 1511.32880357 1470.71597825 1466.82211713 1452.26937354 1468.85136864
 1485.98624207 1483.98469153 1506.01899687 1460.28478005 1482.65750675
 1487.40789616 1522.67677811 1497.07479369 1470.74625109 1465.24380849
 1472.0120869  1486.56517701 1488.96162735 1492.15715805 1502.67541543
 1469.87346843 1455.47336883 1485.15532865 1471.47271356 1471.36930406
 1499.5245601  1469.73233432 1466.93366601 1467.69897929 1469.00378475
 1471.68727252 1492.0156476  1462.71193138 1454.88566854 1465.45454667
 1495.69226316 1486.12887374 1465.98988095 1504.63570896 1517.34121558
 1509.84527673 1492.62733669 1468.83997073 1479.73663857 1462.67347219
 1462.36550386 1477.07550231 1452.41615227 1465.65459923 1459.28382512
 1460.59289758 1455.75696569 1453.23324134 1470.9211015  1470.89601189
 1496.29910159] 

Feasible stats: [( 0.,   0.) ( 0., 100.) ( 0., 100.) (47.,  53.) (47.,  53.) (46.,  54.)
 (46.,  54.) (44.,  56.) (44.,  56.) (36.,  64.) (36.,  64.) (45.,  55.)
 (45.,  55.) (43.,  57.) (43.,  57.) (55.,  45.) (55.,  45.) (61.,  39.)
 (61.,  39.) (56.,  44.) (56.,  44.) (63.,  37.) (63.,  37.) (65.,  35.)
 (65.,  35.) (64.,  36.) (64.,  36.) (64.,  36.) (64.,  36.) (55.,  45.)
 (55.,  45.) (67.,  33.) (67.,  33.) (73.,  27.) (73.,  27.) (74.,  26.)
 (74.,  26.) (69.,  31.) (69.,  31.) (72.,  28.) (72.,  28.) (67.,  33.)
 (67.,  33.) (68.,  32.) (68.,  32.) (81.,  19.) (81.,  19.) (73.,  27.)
 (73.,  27.) (81.,  19.) (81.,  19.) (75.,  25.) (75.,  25.) (86.,  14.)
 (86.,  14.) (90.,  10.) (90.,  10.) (84.,  16.) (84.,  16.) (85.,  15.)
 (85.,  15.) (64.,  36.) (64.,  36.) (77.,  23.) (77.,  23.) (82.,  18.)
 (82.,  18.) (84.,  16.) (84.,  16.) (82.,  18.) (82.,  18.) (87.,  13.)
 (87.,  13.) (85.,  15.) (85.,  15.) (81.,  19.) (81.,  19.) (87.,  13.)
 (87.,  13.) (86.,  14.) (86.,  14.) (90.,  10.) (90.,  10.) (91.,   9.)
 (91.,   9.) (89.,  11.) (89.,  11.) (88.,  12.) (88.,  12.) (82.,  18.)
 (82.,  18.) (79.,  21.) (79.,  21.) (84.,  16.) (84.,  16.) (86.,  14.)
 (86.,  14.) (95.,   5.) (95.,   5.) (89.,  11.) (89.,  11.) (89.,  11.)
 (89.,  11.) (96.,   4.) (96.,   4.) (92.,   8.) (92.,   8.) (96.,   4.)
 (96.,   4.) (94.,   6.) (94.,   6.) (88.,  12.) (88.,  12.) (92.,   8.)
 (92.,   8.) (93.,   7.) (93.,   7.) (91.,   9.) (91.,   9.) (91.,   9.)
 (91.,   9.) (94.,   6.) (94.,   6.) (96.,   4.) (96.,   4.) (89.,  11.)
 (89.,  11.) (94.,   6.) (94.,   6.) (91.,   9.) (91.,   9.) (93.,   7.)
 (93.,   7.) (87.,  13.) (87.,  13.) (92.,   8.) (92.,   8.) (86.,  14.)
 (86.,  14.) (74.,  26.) (74.,  26.) (40.,  60.) (40.,  60.) (38.,  62.)
 (38.,  62.) (34.,  66.) (34.,  66.) (54.,  46.) (54.,  46.) (69.,  31.)
 (69.,  31.) (73.,  27.) (73.,  27.) (79.,  21.) (79.,  21.) (73.,  27.)
 (73.,  27.) (64.,  36.) (64.,  36.) (56.,  44.) (56.,  44.) (60.,  40.)
 (60.,  40.) (63.,  37.) (63.,  37.) (68.,  32.) (68.,  32.) (75.,  25.)
 (75.,  25.) (75.,  25.) (75.,  25.) (80.,  20.) (80.,  20.) (86.,  14.)
 (86.,  14.) (92.,   8.) (92.,   8.) (88.,  12.) (88.,  12.) (97.,   3.)
 (97.,   3.) (92.,   8.) (92.,   8.) (94.,   6.) (94.,   6.) (89.,  11.)
 (89.,  11.) (88.,  12.) (88.,  12.) (97.,   3.) (97.,   3.) (94.,   6.)
 (94.,   6.) (97.,   3.) (97.,   3.) (94.,   6.) (94.,   6.) (93.,   7.)
 (93.,   7.) (90.,  10.) (90.,  10.) (96.,   4.) (96.,   4.) (97.,   3.)
 (97.,   3.) (92.,   8.) (92.,   8.) (93.,   7.) (93.,   7.) (97.,   3.)
 (97.,   3.) (94.,   6.) (94.,   6.) (93.,   7.) (93.,   7.) (92.,   8.)
 (92.,   8.) (89.,  11.) (89.,  11.) (93.,   7.) (93.,   7.) (89.,  11.)
 (89.,  11.) (86.,  14.) (86.,  14.) (84.,  16.) (84.,  16.) (75.,  25.)
 (75.,  25.) (63.,  37.) (63.,  37.) (62.,  38.) (62.,  38.) (66.,  34.)
 (66.,  34.) (56.,  44.) (56.,  44.) (63.,  37.) (63.,  37.) (53.,  47.)
 (53.,  47.) (38.,  62.) (38.,  62.) (36.,  64.) (36.,  64.) (50.,  50.)
 (50.,  50.) (53.,  47.) (53.,  47.) (70.,  30.) (70.,  30.) (66.,  34.)
 (66.,  34.) (61.,  39.) (61.,  39.) (46.,  54.) (46.,  54.) (49.,  51.)
 (49.,  51.) (45.,  55.) (45.,  55.) (45.,  55.) (45.,  55.) (36.,  64.)
 (36.,  64.) (35.,  65.) (35.,  65.) (33.,  67.) (33.,  67.) (31.,  69.)
 (31.,  69.) (40.,  60.) (40.,  60.) (61.,  39.) (61.,  39.) (45.,  55.)
 (45.,  55.) (30.,  70.) (30.,  70.) (32.,  68.) (32.,  68.) (36.,  64.)
 (36.,  64.) (37.,  63.) (37.,  63.) (31.,  69.) (31.,  69.) (41.,  59.)
 (41.,  59.) (46.,  54.) (46.,  54.) (44.,  56.) (44.,  56.) (35.,  65.)
 (35.,  65.) (39.,  61.) (39.,  61.) (40.,  60.) (40.,  60.) (27.,  73.)
 (27.,  73.) (26.,  74.) (26.,  74.) (22.,  78.) (22.,  78.) (31.,  69.)
 (31.,  69.) (33.,  67.) (33.,  67.) (44.,  56.) (44.,  56.) (32.,  68.)
 (32.,  68.) (25.,  75.) (25.,  75.) (34.,  66.) (34.,  66.) (44.,  56.)
 (44.,  56.) (51.,  49.) (51.,  49.) (37.,  63.) (37.,  63.) (34.,  66.)
 (34.,  66.) (33.,  67.) (33.,  67.) (35.,  65.) (35.,  65.) (31.,  69.)
 (31.,  69.) (32.,  68.) (32.,  68.) (33.,  67.) (33.,  67.) (40.,  60.)
 (40.,  60.) (34.,  66.) (34.,  66.) (32.,  68.) (32.,  68.) (37.,  63.)
 (37.,  63.) (34.,  66.) (34.,  66.) (35.,  65.) (35.,  65.) (45.,  55.)
 (45.,  55.) (40.,  60.) (40.,  60.) (41.,  59.) (41.,  59.) (33.,  67.)
 (33.,  67.) (33.,  67.) (33.,  67.) (46.,  54.) (46.,  54.) (45.,  55.)
 (45.,  55.) (41.,  59.) (41.,  59.) (33.,  67.) (33.,  67.) (41.,  59.)
 (41.,  59.) (52.,  48.) (52.,  48.) (41.,  59.) (41.,  59.) (50.,  50.)
 (50.,  50.) (51.,  49.) (51.,  49.) (40.,  60.) (40.,  60.) (49.,  51.)
 (49.,  51.) (61.,  39.) (61.,  39.) (75.,  25.) (75.,  25.) (79.,  21.)
 (79.,  21.) (92.,   8.) (92.,   8.) (89.,  11.) (89.,  11.) (90.,  10.)
 (90.,  10.) (96.,   4.) (96.,   4.) (95.,   5.) (95.,   5.) (89.,  11.)
 (89.,  11.) (93.,   7.) (93.,   7.) (94.,   6.) (94.,   6.) (93.,   7.)
 (93.,   7.) (88.,  12.) (88.,  12.) (88.,  12.) (88.,  12.) (89.,  11.)
 (89.,  11.) (86.,  14.) (86.,  14.) (94.,   6.) (94.,   6.) (93.,   7.)
 (93.,   7.) (90.,  10.) (90.,  10.) (95.,   5.) (95.,   5.) (95.,   5.)
 (95.,   5.) (94.,   6.) (94.,   6.) (93.,   7.) (93.,   7.) (90.,  10.)
 (90.,  10.) (97.,   3.) (97.,   3.) (92.,   8.) (92.,   8.) (87.,  13.)
 (87.,  13.) (90.,  10.) (90.,  10.) (87.,  13.) (87.,  13.) (94.,   6.)
 (94.,   6.) (93.,   7.) (93.,   7.) (93.,   7.) (93.,   7.) (91.,   9.)
 (91.,   9.) (91.,   9.) (91.,   9.) (94.,   6.) (94.,   6.) (97.,   3.)
 (97.,   3.) (89.,  11.) (89.,  11.) (93.,   7.) (93.,   7.) (93.,   7.)
 (93.,   7.) (93.,   7.) (93.,   7.) (94.,   6.) (94.,   6.) (94.,   6.)
 (94.,   6.) (94.,   6.) (94.,   6.) (91.,   9.) (91.,   9.) (93.,   7.)
 (93.,   7.) (91.,   9.) (91.,   9.) (92.,   8.) (92.,   8.) (92.,   8.)
 (92.,   8.) (92.,   8.) (92.,   8.) (86.,  14.) (86.,  14.) (87.,  13.)
 (87.,  13.) (93.,   7.) (93.,   7.) (89.,  11.) (89.,  11.) (98.,   2.)
 (98.,   2.) (91.,   9.) (91.,   9.) (94.,   6.) (94.,   6.) (90.,  10.)
 (90.,  10.) (93.,   7.) (93.,   7.) (91.,   9.) (91.,   9.) (86.,  14.)
 (86.,  14.) (92.,   8.) (92.,   8.) (91.,   9.) (91.,   9.) (89.,  11.)
 (89.,  11.) (96.,   4.) (96.,   4.) (95.,   5.) (95.,   5.) (94.,   6.)
 (94.,   6.) (96.,   4.) (96.,   4.) (94.,   6.) (94.,   6.) (94.,   6.)
 (94.,   6.) (95.,   5.) (95.,   5.) (91.,   9.) (91.,   9.) (97.,   3.)
 (97.,   3.) (85.,  15.) (85.,  15.) (93.,   7.) (93.,   7.) (97.,   3.)
 (97.,   3.) (92.,   8.) (92.,   8.) (94.,   6.) (94.,   6.) (89.,  11.)
 (89.,  11.) (95.,   5.) (95.,   5.) (88.,  12.) (88.,  12.) (88.,  12.)
 (88.,  12.) (90.,  10.) (90.,  10.) (91.,   9.) (91.,   9.) (92.,   8.)
 (92.,   8.) (94.,   6.) (94.,   6.) (98.,   2.) (98.,   2.) (97.,   3.)
 (97.,   3.) (91.,   9.) (91.,   9.) (95.,   5.) (95.,   5.) (90.,  10.)
 (90.,  10.) (93.,   7.) (93.,   7.) (90.,  10.) (90.,  10.) (91.,   9.)
 (91.,   9.) (91.,   9.) (91.,   9.) (93.,   7.) (93.,   7.) (95.,   5.)
 (95.,   5.) (95.,   5.) (95.,   5.) (95.,   5.) (95.,   5.) (92.,   8.)
 (92.,   8.) (84.,  16.) (84.,  16.) (89.,  11.) (89.,  11.) (87.,  13.)
 (87.,  13.) (91.,   9.) (91.,   9.) (89.,  11.) (89.,  11.) (90.,  10.)
 (90.,  10.) (94.,   6.) (94.,   6.) (95.,   5.) (95.,   5.) (87.,  13.)
 (87.,  13.) (87.,  13.) (87.,  13.) (94.,   6.) (94.,   6.) (90.,  10.)
 (90.,  10.) (96.,   4.) (96.,   4.) (94.,   6.) (94.,   6.) (93.,   7.)
 (93.,   7.) (88.,  12.) (88.,  12.) (90.,  10.) (90.,  10.) (88.,  12.)
 (88.,  12.) (95.,   5.) (95.,   5.) (88.,  12.) (88.,  12.) (92.,   8.)
 (92.,   8.) (95.,   5.) (95.,   5.) (96.,   4.) (96.,   4.) (95.,   5.)
 (95.,   5.) (93.,   7.) (93.,   7.) (95.,   5.) (95.,   5.) (94.,   6.)
 (94.,   6.) (93.,   7.) (93.,   7.) (90.,  10.) (90.,  10.) (86.,  14.)
 (86.,  14.) (90.,  10.) (90.,  10.) (92.,   8.) (92.,   8.) (95.,   5.)
 (95.,   5.) (94.,   6.) (94.,   6.) (94.,   6.) (94.,   6.) (92.,   8.)
 (92.,   8.) (88.,  12.) (88.,  12.) (88.,  12.) (88.,  12.) (94.,   6.)
 (94.,   6.) (92.,   8.) (92.,   8.) (93.,   7.) (93.,   7.) (92.,   8.)
 (92.,   8.) (89.,  11.) (89.,  11.) (95.,   5.) (95.,   5.) (91.,   9.)
 (91.,   9.) (90.,  10.) (90.,  10.) (86.,  14.) (86.,  14.) (92.,   8.)
 (92.,   8.) (90.,  10.) (90.,  10.) (92.,   8.) (92.,   8.) (92.,   8.)
 (92.,   8.) (95.,   5.) (95.,   5.) (97.,   3.) (97.,   3.) (90.,  10.)
 (90.,  10.) (91.,   9.) (91.,   9.) (89.,  11.) (89.,  11.) (90.,  10.)
 (90.,  10.) (91.,   9.) (91.,   9.) (89.,  11.) (89.,  11.) (93.,   7.)
 (93.,   7.) (94.,   6.) (94.,   6.) (90.,  10.) (90.,  10.) (92.,   8.)
 (92.,   8.) (95.,   5.) (95.,   5.) (95.,   5.) (95.,   5.) (98.,   2.)
 (98.,   2.) (97.,   3.) (97.,   3.) (85.,  15.) (85.,  15.) (96.,   4.)
 (96.,   4.) (90.,  10.) (90.,  10.) (92.,   8.) (92.,   8.) (91.,   9.)
 (91.,   9.) (92.,   8.) (92.,   8.) (92.,   8.) (92.,   8.) (93.,   7.)
 (93.,   7.) (92.,   8.) (92.,   8.) (91.,   9.) (91.,   9.) (88.,  12.)
 (88.,  12.) (93.,   7.) (93.,   7.) (93.,   7.) (93.,   7.) (89.,  11.)
 (89.,  11.) (87.,  13.) (87.,  13.) (90.,  10.) (90.,  10.) (90.,  10.)
 (90.,  10.) (92.,   8.) (92.,   8.) (88.,  12.) (88.,  12.) (93.,   7.)
 (93.,   7.) (90.,  10.) (90.,  10.) (90.,  10.) (90.,  10.) (93.,   7.)
 (93.,   7.) (87.,  13.) (87.,  13.) (93.,   7.) (93.,   7.) (97.,   3.)
 (97.,   3.) (93.,   7.) (93.,   7.) (89.,  11.) (89.,  11.) (86.,  14.)
 (86.,  14.) (93.,   7.) (93.,   7.) (87.,  13.) (87.,  13.) (87.,  13.)
 (87.,  13.) (88.,  12.) (88.,  12.) (87.,  13.) (87.,  13.) (92.,   8.)
 (92.,   8.) (93.,   7.) (93.,   7.) (92.,   8.) (92.,   8.) (93.,   7.)
 (93.,   7.) (91.,   9.) (91.,   9.) (93.,   7.) (93.,   7.) (95.,   5.)
 (95.,   5.) (91.,   9.) (91.,   9.) (92.,   8.) (92.,   8.) (95.,   5.)
 (95.,   5.) (94.,   6.) (94.,   6.) (93.,   7.) (93.,   7.) (94.,   6.)
 (94.,   6.) (96.,   4.) (96.,   4.) (95.,   5.) (95.,   5.) (95.,   5.)
 (95.,   5.) (92.,   8.) (92.,   8.) (98.,   2.) (98.,   2.) (91.,   9.)
 (91.,   9.) (95.,   5.) (95.,   5.) (97.,   3.) (97.,   3.) (96.,   4.)
 (96.,   4.) (96.,   4.) (96.,   4.) (93.,   7.) (93.,   7.) (92.,   8.)
 (92.,   8.) (97.,   3.) (97.,   3.) (91.,   9.) (91.,   9.) (92.,   8.)
 (92.,   8.) (92.,   8.) (92.,   8.) (90.,  10.) (90.,  10.) (95.,   5.)
 (95.,   5.) (93.,   7.) (93.,   7.) (90.,  10.) (90.,  10.) (90.,  10.)
 (90.,  10.) (94.,   6.) (94.,   6.) (93.,   7.) (93.,   7.) (89.,  11.)
 (89.,  11.) (93.,   7.) (93.,   7.) (85.,  15.) (85.,  15.) (94.,   6.)
 (94.,   6.) (95.,   5.) (95.,   5.) (91.,   9.) (91.,   9.) (92.,   8.)
 (92.,   8.) (90.,  10.) (90.,  10.) (90.,  10.) (90.,  10.) (94.,   6.)
 (94.,   6.) (91.,   9.) (91.,   9.) (89.,  11.) (89.,  11.) (88.,  12.)
 (88.,  12.) (89.,  11.) (89.,  11.) (89.,  11.) (89.,  11.) (89.,  11.)
 (89.,  11.) (93.,   7.) (93.,   7.) (95.,   5.) (95.,   5.) (91.,   9.)
 (91.,   9.) (92.,   8.) (92.,   8.) (97.,   3.) (97.,   3.) (97.,   3.)
 (97.,   3.) (90.,  10.) (90.,  10.) (96.,   4.) (96.,   4.) (91.,   9.)
 (91.,   9.) (93.,   7.) (93.,   7.) (94.,   6.) (94.,   6.) (94.,   6.)
 (94.,   6.) (94.,   6.) (94.,   6.) (96.,   4.) (96.,   4.) (89.,  11.)
 (89.,  11.) (92.,   8.) (92.,   8.) (93.,   7.) (93.,   7.) (96.,   4.)
 (96.,   4.) (98.,   2.) (98.,   2.) (91.,   9.) (91.,   9.) (95.,   5.)
 (95.,   5.) (95.,   5.) (95.,   5.) (92.,   8.) (92.,   8.) (94.,   6.)
 (94.,   6.) (92.,   8.) (92.,   8.) (97.,   3.) (97.,   3.) (96.,   4.)
 (96.,   4.) (97.,   3.) (97.,   3.) (99.,   1.) (99.,   1.) (91.,   9.)
 (91.,   9.) (95.,   5.) (95.,   5.) (88.,  12.) (88.,  12.) (94.,   6.)
 (94.,   6.) (95.,   5.) (95.,   5.) (89.,  11.) (89.,  11.) (93.,   7.)
 (93.,   7.) (95.,   5.) (95.,   5.) (93.,   7.) (93.,   7.) (94.,   6.)
 (94.,   6.) (95.,   5.) (95.,   5.) (93.,   7.) (93.,   7.) (92.,   8.)
 (92.,   8.) (94.,   6.) (94.,   6.) (93.,   7.) (93.,   7.) (97.,   3.)
 (97.,   3.) (95.,   5.) (95.,   5.) (94.,   6.) (94.,   6.) (98.,   2.)
 (98.,   2.) (91.,   9.) (91.,   9.) (94.,   6.) (94.,   6.) (91.,   9.)
 (91.,   9.) (89.,  11.) (89.,  11.) (92.,   8.) (92.,   8.) (92.,   8.)
 (92.,   8.) (95.,   5.) (95.,   5.) (90.,  10.) (90.,  10.) (89.,  11.)
 (89.,  11.) (95.,   5.) (95.,   5.) (89.,  11.) (89.,  11.)] 
Solution Description: 
p: [  0.          90.66635012 119.05128288 132.22968075 138.3253925
 138.45985966 170.82757845 231.52758083 303.09033136 369.05054473
 370.13336775 372.4168712    0.          63.31300404 103.10361272
 164.36782159 177.32634105 187.36220743 202.36792677 222.50704224
 224.95579124 235.77173042 292.40680744 327.66972037 361.73611632
 363.3209187    0.          32.67892685 132.63258527 132.89953048
 202.21957439 202.97267351 203.64099529 220.51902643 243.67698329
 247.8518301  277.41026152 310.13443879 394.01105723 394.47151016
   0.          10.51101384  49.12079657  90.82088179  93.39121457
 139.11450964 151.91342064 155.87510508 163.05515307 191.35732789
 219.75899424 232.42359034] 
pred: [ 0  0  0  0  0  0  5  5  5  5  5 10  0  0  0  0  0  0  0  6  6  6  6  6
  6  6  0  0  1  1  1  1  1  1  1  1  9  9  9  9  0  0  0  0  0  4  4  4
  4  4  4  4] 
distance [  0.          90.66635012 119.05128288 132.22968075 138.3253925
 138.45985966  32.3677188   93.06772117 164.6304717  230.59068508
 231.6735081    2.28350345   0.          63.31300404 103.10361272
 164.36782159 177.32634105 187.36220743 202.36792677  20.13911547
  22.58786447  33.40380365  90.03888066 125.3017936  159.36818955
 160.95299192   0.          32.67892685  99.95365842 100.22060363
 169.54064754 170.29374666 170.96206844 187.84009958 210.99805645
 215.17290325  29.55843142  62.28260869 146.15922713 146.61968006
   0.          10.51101384  49.12079657  90.82088179  93.39121457
  45.72329507  58.52220607  62.48389051  69.6639385   97.96611332
 126.36777967 139.03237577]
load: [  0   5  21  37  47  54   3  16  31  36  53  11   0  13  35  54  68  81
 102  25  43  65  73  83  97 113   0  12  19  35  44  64  84  96 102 127
   9  14  17  26   0   8  18  32  36  21  27  46  59  83 108 123] 
time: [  0.         160.         398.         440.23624841 473.3964008
 510.10459224 174.         375.         457.         525.6876737
 555.64070694 322.           0.          80.         115.34683757
 171.22731303 252.33358633 271.75864782 371.         130.
 145.81100264 182.         221.12845605 321.         378.
 456.           0.         399.          72.         192.
 241.20298871 268.20115563 282.44169868 317.         357.35052296
 446.         257.         279.90630276 345.84518954 414.06688705
   0.         121.         200.         329.         341.2602819
 115.         271.         308.         337.56573587 459.
 503.13280071 523.58460554] 
time warps: [0 0 0 0 0 0 0 0 0 0 0 0 0 0 0 0 0 0 0 0 0 0 0 0 0 0 0 0 0 0 0 0 0 0 0 0 0
 0 0 0 0 0 0 0 0 0 0 0 0 0 0 0] 
duration: [  0.         107.66635012 360.55432638 394.73272424 417.828436
 421.96290315  36.3677188  273.26499785 399.03585873 467.9960721
 484.07889512  11.28350345   0.          70.31300404 135.10361272
 213.36782159 230.32634105 246.36220743 357.86866333  29.13911547
  32.58786447  77.40825085 144.04332786 263.44906216 342.5735033
 370.4708288    0.          34.67892685 120.95365842 214.42823731
 285.74828122 291.50138034 300.16970212 332.70578374 357.8637406
 447.51118491  35.55843142  92.28260869 189.15922713 205.61968006
   0.          17.51101384 115.35034637 244.72426381 270.29459659
  55.72329507 217.83191721 251.32425496 280.50430295 416.78695721
 449.18862356 483.85321966]

All individuals: [(49, [11, 13, 13, 11,  6, 27,  3, 48, 11, 44, 30, 40, 17, 18, 37,  9, 42, 46, 35,  7, 22, 45, 10, 34, 41, 36, 23, 32,  1, 33, 20, 13,  8, 29,  5, 26, 16, 28,  4, 19, 14,  2, 31, 25, 15, 47, 12, 24, 39, 43, 21, 38], 1362.63289039, 1362.63289039, 0.,  0.        , 0.       , 0., 0, 0, 0.)
 (49, [11, 13, 13, 11,  6, 27,  3, 48, 11, 44, 30, 40, 17, 18, 37,  9, 42, 46, 35,  7, 22, 45, 10, 34, 41, 36, 23, 32,  1, 33, 20, 13,  8, 29,  5, 26, 16, 28,  4, 19, 14,  2, 31, 25, 15, 47, 12, 24, 39, 43, 21, 38], 1362.63289039, 1362.63289039, 0.,  0.        , 0.       , 0., 0, 0, 0.)
 (49, [11, 13, 13, 11,  6, 27,  3, 48, 11, 44, 30, 40, 17, 18, 37,  9, 42, 46, 35,  7, 22, 45, 10, 34, 41, 36, 23, 32,  1, 33, 20, 13,  8, 29,  5, 26, 16, 28,  4, 19, 14,  2, 31, 25, 15, 47, 12, 24, 39, 43, 21, 38], 1362.63289039, 1362.63289039, 0.,  0.        , 0.       , 0., 0, 0, 0.)
 (49, [11, 13, 13, 11,  6, 27,  3, 48, 11, 44, 30, 40, 17, 18, 37,  9, 42, 46, 35,  7, 22, 45, 10, 34, 41, 36, 23, 32,  1, 33, 20, 13,  8, 29,  5, 26, 16, 28,  4, 19, 14,  2, 31, 25, 15, 47, 12, 24, 39, 43, 21, 38], 1362.63289039, 1362.63289039, 0.,  0.        , 0.       , 0., 0, 0, 0.)
 (49, [11, 13, 13, 11,  6, 27,  3, 48, 11, 44, 30, 40, 17, 18, 37,  9, 42, 46, 35,  7, 22, 45, 10, 34, 41, 36, 23, 32,  1, 33, 20, 13,  8, 29,  5, 26, 16, 28,  4, 19, 14,  2, 31, 25, 15, 47, 12, 24, 39, 43, 21, 38], 1362.63289039, 1362.63289039, 0.,  0.        , 0.       , 0., 0, 0, 0.)
 (49, [11, 13, 13, 11,  6, 27,  3, 48, 11, 44, 30, 40, 17, 18, 37,  9, 42, 46, 35,  7, 22, 45, 10, 34, 41, 36, 23, 32,  1, 33, 20, 13,  8, 29,  5, 26, 16, 28,  4, 19, 14,  2, 31, 25, 15, 47, 12, 24, 39, 43, 21, 38], 1362.63289039, 1362.63289039, 0.,  0.        , 0.       , 0., 0, 0, 0.)
 (49, [11, 13, 13, 11,  6, 27,  3, 48, 11, 44, 30, 40, 17, 18, 37,  9, 42, 46, 35,  7, 22, 45, 10, 34, 41, 36, 23, 32,  1, 33, 20, 13,  8, 29,  5, 26, 16, 28,  4, 19, 14,  2, 31, 25, 15, 47, 12, 24, 39, 43, 21, 38], 1362.63289039, 1362.63289039, 0.,  0.        , 0.       , 0., 0, 0, 0.)
 (49, [11, 13, 13, 11,  6, 27,  3, 48, 11, 44, 30, 40, 17, 18, 37,  9, 42, 46, 35,  7, 22, 45, 10, 34, 41, 36, 23, 32,  1, 33, 20, 13,  8, 29,  5, 26, 16, 28,  4, 19, 14,  2, 31, 25, 15, 47, 12, 24, 39, 43, 21, 38], 1362.63289039, 1362.63289039, 0.,  0.        , 0.       , 0., 0, 0, 0.)
 (49, [11, 13, 13, 11,  6, 27,  3, 48, 11, 44, 30, 40, 17, 18, 37,  9, 42, 46, 35,  7, 22, 45, 10, 34, 41, 36, 23, 32,  1, 33, 20, 13,  8, 29,  5, 26, 16, 28,  4, 19, 14,  2, 31, 25, 15, 47, 12, 24, 39, 43, 21, 38], 1362.63289039, 1362.63289039, 0.,  0.        , 0.       , 0., 0, 0, 0.)
 (49, [11, 13, 13, 11,  6, 27,  3, 48, 11, 44, 30, 40, 17, 18, 37,  9, 42, 46, 35,  7, 22, 45, 10, 34, 41, 36, 23, 32,  1, 33, 20, 13,  8, 29,  5, 26, 16, 28,  4, 19, 14,  2, 31, 25, 15, 47, 12, 24, 39, 43, 21, 38], 1362.63289039, 1362.63289039, 0.,  0.        , 0.       , 0., 0, 0, 0.)
 (49, [11, 13, 13, 11,  6, 27,  3, 48, 11, 44, 30, 40, 17, 18, 37,  9, 42, 46, 35,  7, 22, 45, 10, 34, 41, 36, 23, 32,  1, 33, 20, 13,  8, 29,  5, 26, 16, 28,  4, 19, 14,  2, 31, 25, 15, 47, 12, 24, 39, 43, 21, 38], 1362.63289039, 1362.63289039, 0.,  0.        , 0.       , 0., 0, 0, 0.)
 (49, [11, 13, 13, 11,  6, 27,  3, 48, 11, 44, 30, 40, 17, 18, 37,  9, 42, 46, 35,  7, 22, 45, 10, 34, 41, 36, 23, 32,  1, 33, 20, 13,  8, 29,  5, 26, 16, 28,  4, 19, 14,  2, 31, 25, 15, 47, 12, 24, 39, 43, 21, 38], 1362.63289039, 1362.63289039, 0.,  0.        , 0.       , 0., 0, 0, 0.)
 (49, [11, 13, 13, 11,  6, 27,  3, 48, 11, 44, 30, 40, 17, 18, 37,  9, 42, 46, 35,  7, 22, 45, 10, 34, 41, 36, 23, 32,  1, 33, 20, 13,  8, 29,  5, 26, 16, 28,  4, 19, 14,  2, 31, 25, 15, 47, 12, 24, 39, 43, 21, 38], 1362.63289039, 1362.63289039, 0.,  0.        , 0.       , 0., 0, 0, 0.)
 (49, [11, 13, 13, 11,  6, 27,  3, 48, 11, 44, 30, 40, 17, 18, 37,  9, 42, 46, 35,  7, 22, 45, 10, 34, 41, 36, 23, 32,  1, 33, 20, 13,  8, 29,  5, 26, 16, 28,  4, 19, 14,  2, 31, 25, 15, 47, 12, 24, 39, 43, 21, 38], 1362.63289039, 1362.63289039, 0.,  0.        , 0.       , 0., 0, 0, 0.)
 (49, [11, 13, 13, 11,  6, 27,  3, 48, 11, 44, 30, 40, 17, 18, 37,  9, 42, 46, 35,  7, 22, 45, 10, 34, 41, 36, 23, 32,  1, 33, 20, 13,  8, 29,  5, 26, 16, 28,  4, 19, 14,  2, 31, 25, 15, 47, 12, 24, 39, 43, 21, 38], 1362.63289039, 1362.63289039, 0.,  0.        , 0.       , 0., 0, 0, 0.)
 (49, [11, 13, 13, 11,  6, 27,  3, 48, 11, 44, 30, 40, 17, 18, 37,  9, 42, 46, 35,  7, 22, 45, 10, 34, 41, 36, 23, 32,  1, 33, 20, 13,  8, 29,  5, 26, 16, 28,  4, 19, 14,  2, 31, 25, 15, 47, 12, 24, 39, 43, 21, 38], 1362.63289039, 1362.63289039, 0.,  0.        , 0.       , 0., 0, 0, 0.)
 (49, [11, 13, 13, 11,  6, 27,  3, 48, 11, 44, 30, 40, 17, 18, 37,  9, 42, 46, 35,  7, 22, 45, 10, 34, 41, 36, 23, 32,  1, 33, 20, 13,  8, 29,  5, 26, 16, 28,  4, 19, 14,  2, 31, 25, 15, 47, 12, 24, 39, 43, 21, 38], 1362.63289039, 1362.63289039, 0.,  0.        , 0.       , 0., 0, 0, 0.)
 (49, [11, 13, 13, 11,  6, 27,  3, 48, 11, 44, 30, 40, 17, 18, 37,  9, 42, 46, 35,  7, 22, 45, 10, 34, 41, 36, 23, 32,  1, 33, 20, 13,  8, 29,  5, 26, 16, 28,  4, 19, 14,  2, 31, 25, 15, 47, 12, 24, 39, 43, 21, 38], 1362.63289039, 1362.63289039, 0.,  0.        , 0.       , 0., 0, 0, 0.)
 (49, [11, 13, 13, 11,  6, 27,  3, 48, 11, 44, 30, 40, 17, 18, 37,  9, 42, 46, 35,  7, 22, 45, 10, 34, 41, 36, 23, 32,  1, 33, 20, 13,  8, 29,  5, 26, 16, 28,  4, 19, 14,  2, 31, 25, 15, 47, 12, 24, 39, 43, 21, 38], 1362.63289039, 1362.63289039, 0.,  0.        , 0.       , 0., 0, 0, 0.)
 (49, [11, 13, 13, 11,  6, 27,  3, 48, 11, 44, 30, 40, 17, 18, 37,  9, 42, 46, 35,  7, 22, 45, 10, 34, 41, 36, 23, 32,  1, 33, 20, 13,  8, 29,  5, 26, 16, 28,  4, 19, 14,  2, 31, 25, 15, 47, 12, 24, 39, 43, 21, 38], 1362.63289039, 1362.63289039, 0.,  0.        , 0.       , 0., 0, 0, 0.)
 (49, [11, 13, 13, 11,  6, 27,  3, 48, 11, 44, 30, 40, 17, 18, 37,  9, 42, 46, 35,  7, 22, 45, 10, 34, 41, 36, 23, 32,  1, 33, 20, 13,  8, 29,  5, 26, 16, 28,  4, 19, 14,  2, 31, 25, 15, 47, 12, 24, 39, 43, 21, 38], 1362.63289039, 1362.63289039, 0.,  0.        , 0.       , 0., 0, 0, 0.)
 (49, [11, 13, 13, 11,  6, 27,  3, 48, 11, 44, 30, 40, 17, 18, 37,  9, 42, 46, 35,  7, 22, 45, 10, 34, 41, 36, 23, 32,  1, 33, 20, 13,  8, 29,  5, 26, 16, 28,  4, 19, 14,  2, 31, 25, 15, 47, 12, 24, 39, 43, 21, 38], 1362.63289039, 1362.63289039, 0.,  0.        , 0.       , 0., 0, 0, 0.)
 (49, [11, 13, 13, 11,  6, 27,  3, 48, 11, 44, 30, 40, 17, 18, 37,  9, 42, 46, 35,  7, 22, 45, 10, 34, 41, 36, 23, 32,  1, 33, 20, 13,  8, 29,  5, 26, 16, 28,  4, 19, 14,  2, 31, 25, 15, 47, 12, 24, 39, 43, 21, 38], 1362.63289039, 1362.63289039, 0.,  0.        , 0.       , 0., 0, 0, 0.)
 (49, [11, 13, 13, 11,  6, 27,  3, 48, 11, 44, 30, 40, 17, 18, 37,  9, 42, 46, 35,  7, 22, 45, 10, 34, 41, 36, 23, 32,  1, 33, 20, 13,  8, 29,  5, 26, 16, 28,  4, 19, 14,  2, 31, 25, 15, 47, 12, 24, 39, 43, 21, 38], 1362.63289039, 1362.63289039, 0.,  0.        , 0.       , 0., 0, 0, 0.)
 (49, [11, 13, 13, 11,  6, 27,  3, 48, 11, 44, 30, 40, 17, 18, 37,  9, 42, 46, 35,  7, 22, 45, 10, 34, 41, 36, 23, 32,  1, 33, 20, 13,  8, 29,  5, 26, 16, 28,  4, 19, 14,  2, 31, 25, 15, 47, 12, 24, 39, 43, 21, 38], 1362.63289039, 1362.63289039, 0.,  0.        , 0.       , 0., 0, 0, 0.)
 (49, [11, 13, 13, 11,  6, 27,  3, 48, 11, 44, 30, 40, 17, 18, 37,  9, 42, 46, 35,  7, 22, 45, 10, 34, 41, 36, 23, 32,  1, 33, 20, 13,  8, 29,  5, 26, 16, 28,  4, 19, 14,  2, 31, 25, 15, 47, 12, 24, 39, 43, 21, 38], 1362.63289039, 1362.63289039, 0.,  0.        , 0.       , 0., 0, 0, 0.)
 (49, [11, 13, 13, 11,  6, 27,  3, 48, 11, 44, 30, 40, 17, 18, 37,  9, 42, 46, 35,  7, 22, 45, 10, 34, 41, 36, 23, 32,  1, 33, 20, 13,  8, 29,  5, 26, 16, 28,  4, 19, 14,  2, 31, 25, 15, 47, 12, 24, 39, 43, 21, 38], 1362.63289039, 1362.63289039, 0.,  0.        , 0.       , 0., 0, 0, 0.)
 (49, [11, 13, 13, 11,  6, 27,  3, 48, 11, 44, 30, 40, 17, 18, 37,  9, 42, 46, 35,  7, 22, 45, 10, 34, 41, 36, 23, 32,  1, 33, 20, 13,  8, 29,  5, 26, 16, 28,  4, 19, 14,  2, 31, 25, 15, 47, 12, 24, 39, 43, 21, 38], 1362.63289039, 1362.63289039, 0.,  0.        , 0.       , 0., 0, 0, 0.)
 (49, [11, 13, 13, 11,  6, 27,  3, 48, 11, 44, 30, 40, 17, 18, 37,  9, 42, 46, 35,  7, 22, 45, 10, 34, 41, 36, 23, 32,  1, 33, 20, 13,  8, 29,  5, 26, 16, 28,  4, 19, 14,  2, 31, 25, 15, 47, 12, 24, 39, 43, 21, 38], 1362.63289039, 1362.63289039, 0.,  0.        , 0.       , 0., 0, 0, 0.)
 (49, [11, 13, 13, 11,  6, 27,  3, 48, 11, 44, 30, 40, 17, 18, 37,  9, 42, 46, 35,  7, 22, 45, 10, 34, 41, 36, 23, 32,  1, 33, 20, 13,  8, 29,  5, 26, 16, 28,  4, 19, 14,  2, 31, 25, 15, 47, 12, 24, 39, 43, 21, 38], 1362.63289039, 1362.63289039, 0.,  0.        , 0.       , 0., 0, 0, 0.)
 (49, [11, 13, 13, 11,  6, 27,  3, 48, 11, 44, 30, 40, 17, 18, 37,  9, 42, 46, 35,  7, 22, 45, 10, 34, 41, 36, 23, 32,  1, 33, 20, 13,  8, 29,  5, 26, 16, 28,  4, 19, 14,  2, 31, 25, 15, 47, 12, 24, 39, 43, 21, 38], 1362.63289039, 1362.63289039, 0.,  0.        , 0.       , 0., 0, 0, 0.)
 (49, [11, 13, 13, 11,  6, 27,  3, 48, 11, 44, 30, 40, 17, 18, 37,  9, 42, 46, 35,  7, 22, 45, 10, 34, 41, 36, 23, 32,  1, 33, 20, 13,  8, 29,  5, 26, 16, 28,  4, 19, 14,  2, 31, 25, 15, 47, 12, 24, 39, 43, 21, 38], 1362.63289039, 1362.63289039, 0.,  0.        , 0.       , 0., 0, 0, 0.)
 (49, [11, 13, 13, 11,  6, 27,  3, 48, 11, 44, 30, 40, 17, 18, 37,  9, 42, 46, 35,  7, 22, 45, 10, 34, 41, 36, 23, 32,  1, 33, 20, 13,  8, 29,  5, 26, 16, 28,  4, 19, 14,  2, 31, 25, 15, 47, 12, 24, 39, 43, 21, 38], 1362.63289039, 1362.63289039, 0.,  0.        , 0.       , 0., 0, 0, 0.)
 (49, [11, 13, 13, 11,  6, 27,  3, 48, 11, 44, 30, 40, 17, 18, 37,  9, 42, 46, 35,  7, 22, 45, 10, 34, 41, 36, 23, 32,  1, 33, 20, 13,  8, 29,  5, 26, 16, 28,  4, 19, 14,  2, 31, 25, 15, 47, 12, 24, 39, 43, 21, 38], 1362.63289039, 1362.63289039, 0.,  0.        , 0.       , 0., 0, 0, 0.)
 (49, [11, 13, 13, 11,  6, 27,  3, 48, 11, 44, 30, 40, 17, 18, 37,  9, 42, 46, 35,  7, 22, 45, 10, 34, 41, 36, 23, 32,  1, 33, 20, 13,  8, 29,  5, 26, 16, 28,  4, 19, 14,  2, 31, 25, 15, 47, 12, 24, 39, 43, 21, 38], 1362.63289039, 1362.63289039, 0.,  0.        , 0.       , 0., 0, 0, 0.)
 (49, [11, 13, 13, 11,  6, 27,  3, 48, 11, 44, 30, 40, 17, 18, 37,  9, 42, 46, 35,  7, 22, 45, 10, 34, 41, 36, 23, 32,  1, 33, 20, 13,  8, 29,  5, 26, 16, 28,  4, 19, 14,  2, 31, 25, 15, 47, 12, 24, 39, 43, 21, 38], 1362.63289039, 1362.63289039, 0.,  0.        , 0.       , 0., 0, 0, 0.)
 (49, [11, 13, 13, 11,  6, 27,  3, 48, 11, 44, 30, 40, 17, 18, 37,  9, 42, 46, 35,  7, 22, 45, 10, 34, 41, 36, 23, 32,  1, 33, 20, 13,  8, 29,  5, 26, 16, 28,  4, 19, 14,  2, 31, 25, 15, 47, 12, 24, 39, 43, 21, 38], 1362.63289039, 1362.63289039, 0.,  0.        , 0.       , 0., 0, 0, 0.)
 (49, [11, 13, 13, 11,  6, 27,  3, 48, 11, 44, 30, 40, 17, 18, 37,  9, 42, 46, 35,  7, 22, 45, 10, 34, 41, 36, 23, 32,  1, 33, 20, 13,  8, 29,  5, 26, 16, 28,  4, 19, 14,  2, 31, 25, 15, 47, 12, 24, 39, 43, 21, 38], 1362.63289039, 1362.63289039, 0.,  0.        , 0.       , 0., 0, 0, 0.)
 (49, [11, 13, 13, 11,  6, 27,  3, 48, 11, 44, 30, 40, 17, 18, 37,  9, 42, 46, 35,  7, 22, 45, 10, 34, 41, 36, 23, 32,  1, 33, 20, 13,  8, 29,  5, 26, 16, 28,  4, 19, 14,  2, 31, 25, 15, 47, 12, 24, 39, 43, 21, 38], 1362.63289039, 1362.63289039, 0.,  0.        , 0.       , 0., 0, 0, 0.)
 (49, [11, 13, 13, 11,  6, 27,  3, 48, 11, 44, 30, 40, 17, 18, 37,  9, 42, 46, 35,  7, 22, 45, 10, 34, 41, 36, 23, 32,  1, 33, 20, 13,  8, 29,  5, 26, 16, 28,  4, 19, 14,  2, 31, 25, 15, 47, 12, 24, 39, 43, 21, 38], 1362.63289039, 1362.63289039, 0.,  0.        , 0.       , 0., 0, 0, 0.)
 (49, [11, 13, 13, 11,  6, 27,  3, 48, 11, 44, 30, 40, 17, 18, 37,  9, 42, 46, 35,  7, 22, 45, 10, 34, 41, 36, 23, 32,  1, 33, 20, 13,  8, 29,  5, 26, 16, 28,  4, 19, 14,  2, 31, 25, 15, 47, 12, 24, 39, 43, 21, 38], 1362.63289039, 1362.63289039, 0.,  0.        , 0.       , 0., 0, 0, 0.)
 (49, [11, 13, 13, 11,  6, 27,  3, 48, 11, 44, 30, 40, 17, 18, 37,  9, 42, 46, 35,  7, 22, 45, 10, 34, 41, 36, 23, 32,  1, 33, 20, 13,  8, 29,  5, 26, 16, 28,  4, 19, 14,  2, 31, 25, 15, 47, 12, 24, 39, 43, 21, 38], 1362.63289039, 1362.63289039, 0.,  0.        , 0.       , 0., 0, 0, 0.)
 (49, [11, 13, 13, 11,  6, 27,  3, 48, 11, 44, 30, 40, 17, 18, 37,  9, 42, 46, 35,  7, 22, 45, 10, 34, 41, 36, 23, 32,  1, 33, 20, 13,  8, 29,  5, 26, 16, 28,  4, 19, 14,  2, 31, 25, 15, 47, 12, 24, 39, 43, 21, 38], 1362.63289039, 1362.63289039, 0.,  0.        , 0.       , 0., 0, 0, 0.)
 (49, [11, 13, 13, 11,  6, 27,  3, 48, 11, 44, 30, 40, 17, 18, 37,  9, 42, 46, 35,  7, 22, 45, 10, 34, 41, 36, 23, 32,  1, 33, 20, 13,  8, 29,  5, 26, 16, 28,  4, 19, 14,  2, 31, 25, 15, 47, 12, 24, 39, 43, 21, 38], 1362.63289039, 1362.63289039, 0.,  0.        , 0.       , 0., 0, 0, 0.)
 (49, [11, 13, 13, 11,  6, 27,  3, 48, 11, 44, 30, 40, 17, 18, 37,  9, 42, 46, 35,  7, 22, 45, 10, 34, 41, 36, 23, 32,  1, 33, 20, 13,  8, 29,  5, 26, 16, 28,  4, 19, 14,  2, 31, 25, 15, 47, 12, 24, 39, 43, 21, 38], 1362.63289039, 1362.63289039, 0.,  0.        , 0.       , 0., 0, 0, 0.)
 (49, [11, 13, 13, 11,  6, 27,  3, 48, 11, 44, 30, 40, 17, 18, 37,  9, 42, 46, 35,  7, 22, 45, 10, 34, 41, 36, 23, 32,  1, 33, 20, 13,  8, 29,  5, 26, 16, 28,  4, 19, 14,  2, 31, 25, 15, 47, 12, 24, 39, 43, 21, 38], 1362.63289039, 1362.63289039, 0.,  0.        , 0.       , 0., 0, 0, 0.)
 (49, [11, 13, 13, 11,  6, 27,  3, 48, 11, 44, 30, 40, 17, 18, 37,  9, 42, 46, 35,  7, 22, 45, 10, 34, 41, 36, 23, 32,  1, 33, 20, 13,  8, 29,  5, 26, 16, 28,  4, 19, 14,  2, 31, 25, 15, 47, 12, 24, 39, 43, 21, 38], 1362.63289039, 1362.63289039, 0.,  0.        , 0.       , 0., 0, 0, 0.)
 (49, [11, 13, 13, 11,  6, 27,  3, 48, 11, 44, 30, 40, 17, 18, 37,  9, 42, 46, 35,  7, 22, 45, 10, 34, 41, 36, 23, 32,  1, 33, 20, 13,  8, 29,  5, 26, 16, 28,  4, 19, 14,  2, 31, 25, 15, 47, 12, 24, 39, 43, 21, 38], 1362.63289039, 1362.63289039, 0.,  0.        , 0.       , 0., 0, 0, 0.)
 (49, [11, 13, 13, 11,  6, 27,  3, 48, 11, 44, 30, 40, 17, 18, 37,  9, 42, 46, 35,  7, 22, 45, 10, 34, 41, 36, 23, 32,  1, 33, 20, 13,  8, 29,  5, 26, 16, 28,  4, 19, 14,  2, 31, 25, 15, 47, 12, 24, 39, 43, 21, 38], 1362.63289039, 1362.63289039, 0.,  0.        , 0.       , 0., 0, 0, 0.)
 (49, [11, 13, 13, 11,  6, 27,  3, 48, 11, 44, 30, 40, 17, 18, 37,  9, 42, 46, 35,  7, 22, 45, 10, 34, 41, 36, 23, 32,  1, 33, 20, 13,  8, 29,  5, 26, 16, 28,  4, 19, 14,  2, 31, 25, 15, 47, 12, 24, 39, 43, 21, 38], 1362.63289039, 1362.63289039, 0.,  0.        , 0.       , 0., 0, 0, 0.)
 (49, [11, 13, 13, 11,  6, 27,  3, 48, 11, 44, 30, 40, 17, 18, 37,  9, 42, 46, 35,  7, 22, 45, 10, 34, 41, 36, 23, 32,  1, 33, 20, 13,  8, 29,  5, 26, 16, 28,  4, 19, 14,  2, 31, 25, 15, 47, 12, 24, 39, 43, 21, 38], 1362.63289039, 1362.63289039, 0.,  0.        , 0.       , 0., 0, 0, 0.)
 (49, [11, 13, 13, 11,  6, 27,  3, 48, 11, 44, 30, 40, 17, 18, 37,  9, 42, 46, 35,  7, 22, 45, 10, 34, 41, 36, 23, 32,  1, 33, 20, 13,  8, 29,  5, 26, 16, 28,  4, 19, 14,  2, 31, 25, 15, 47, 12, 24, 39, 43, 21, 38], 1362.63289039, 1362.63289039, 0.,  0.        , 0.       , 0., 0, 0, 0.)
 (49, [11, 13, 13, 11,  6, 27,  3, 48, 11, 44, 30, 40, 17, 18, 37,  9, 42, 46, 35,  7, 22, 45, 10, 34, 41, 36, 23, 32,  1, 33, 20, 13,  8, 29,  5, 26, 16, 28,  4, 19, 14,  2, 31, 25, 15, 47, 12, 24, 39, 43, 21, 38], 1362.63289039, 1362.63289039, 0.,  0.        , 0.       , 0., 0, 0, 0.)
 (49, [11, 13, 13, 11,  6, 27,  3, 48, 11, 44, 30, 40, 17, 18, 37,  9, 42, 46, 35,  7, 22, 45, 10, 34, 41, 36, 23, 32,  1, 33, 20, 13,  8, 29,  5, 26, 16, 28,  4, 19, 14,  2, 31, 25, 15, 47, 12, 24, 39, 43, 21, 38], 1362.63289039, 1362.63289039, 0.,  0.        , 0.       , 0., 0, 0, 0.)
 (49, [11, 13, 13, 11,  6, 27,  3, 48, 11, 44, 30, 40, 17, 18, 37,  9, 42, 46, 35,  7, 22, 45, 10, 34, 41, 36, 23, 32,  1, 33, 20, 13,  8, 29,  5, 26, 16, 28,  4, 19, 14,  2, 31, 25, 15, 47, 12, 24, 39, 43, 21, 38], 1362.63289039, 1362.63289039, 0.,  0.        , 0.       , 0., 0, 0, 0.)
 (49, [11, 13, 13, 11,  6, 27,  3, 48, 11, 44, 30, 40, 17, 18, 37,  9, 35, 42, 46,  7, 22, 45, 10, 34, 41, 31, 23, 32,  1, 33, 20, 13,  8, 29,  5, 26, 16, 28,  4, 19, 14,  2, 36, 25, 15, 47, 12, 24, 39, 43, 21, 38], 1414.34227027, 1411.52131388, 0.,  1.41047819, 0.       , 0., 0, 0, 0.)
 (49, [11, 13, 13, 11,  6, 27,  3, 48, 11, 44, 30, 24, 17, 18, 37,  9, 42, 46, 35,  7, 22, 45, 10, 34, 41, 36, 23, 32,  1, 33, 20, 13,  8, 29,  5, 26, 16, 28,  4, 19, 14,  2, 31, 25, 15, 47, 12, 40, 39, 43, 21, 38], 1434.51429098, 1434.51429098, 0.,  0.        , 0.       , 0., 0, 0, 0.)
 (49, [11, 13, 13, 11,  3, 27,  6, 48, 11, 44, 30, 40, 17, 18, 37,  9, 42, 46, 35,  7, 22, 45, 10, 34, 41, 36, 23, 32,  1, 33, 20, 13,  8, 29,  5, 26, 16, 28,  4, 19, 14,  2, 31, 25, 15, 47, 12, 24, 39, 43, 21, 38], 1444.39047275, 1444.39047275, 0.,  0.        , 0.       , 0., 0, 0, 0.)
 (49, [10, 13, 14, 11,  6, 27,  3, 48, 11, 44, 30, 40, 17, 18, 37,  9, 42, 46, 35,  7, 22, 45, 10, 34, 41, 36, 23, 32,  1, 33, 20, 13,  8, 29,  5, 26, 16, 28,  4, 19, 14,  2, 31, 25, 15, 47, 12, 24, 39, 43, 21, 38], 1477.22306851, 1477.22306851, 0.,  0.        , 0.       , 0., 0, 0, 0.)
 (49, [10, 13, 14, 11,  6, 27,  3, 48, 11, 44, 30, 40, 17, 18, 37,  9, 42, 46, 35,  7, 22, 45, 10, 34, 41, 36, 23, 32,  1, 33, 20, 13,  8, 29,  5, 26, 16, 28,  4, 19, 14,  2, 31, 25, 15, 47, 12, 24, 39, 43, 21, 38], 1477.22306851, 1477.22306851, 0.,  0.        , 0.       , 0., 0, 0, 0.)
 (49, [11, 13, 13, 11,  6, 27,  3, 48, 11, 44, 30, 40, 17, 18, 37,  9, 42, 46, 35,  7, 31, 45, 10, 34, 41, 36, 23, 32,  1, 33, 20, 13,  8, 29,  5, 26, 16, 28,  4, 19, 14,  2, 22, 25, 15, 47, 12, 24, 39, 43, 21, 38], 1481.89841565, 1481.89841565, 0.,  0.        , 0.       , 0., 0, 0, 0.)
 (49, [10, 14, 13, 11,  6, 27,  3, 48, 11, 44, 30, 40, 17, 18, 37,  9, 42, 46, 35,  7, 22, 45, 10, 34, 41, 36, 23, 32,  1, 33, 20, 13,  8, 29,  5, 26, 16, 31,  4, 19, 14,  2, 28, 25, 15, 47, 12, 24, 39, 43, 21, 38], 1492.84218772, 1492.84218772, 0.,  0.        , 0.       , 0., 0, 0, 0.)
 (49, [11, 13, 13, 11,  6, 27,  3, 48, 11, 44, 30, 40, 17, 18, 37,  9, 42, 46, 35,  7, 22, 45, 10, 34, 41, 36,  5, 32,  1, 33, 20, 13,  8, 29, 23, 26, 16, 28,  4, 19, 14,  2, 31, 25, 15, 47, 12, 24, 39, 43, 21, 38], 1500.40680056, 1500.40680056, 0.,  0.        , 0.       , 0., 0, 0, 0.)
 (49, [11, 13, 14, 10,  6, 27,  3, 48, 11, 44, 30, 40, 17, 18, 37,  9, 42, 46, 35,  7, 22, 45, 10, 34, 32, 41, 36, 23,  1, 33, 20, 13,  8, 29,  5, 26, 16, 28,  4, 19, 14,  2, 31, 25, 15, 47, 12, 24, 39, 43, 21, 38], 1509.0657832 , 1509.0657832 , 0.,  0.        , 0.       , 0., 0, 0, 0.)
 (49, [11, 13, 13, 11,  6, 27,  3, 48, 11, 44, 30, 40, 17, 15, 37,  9, 42, 46, 35,  7, 22, 45, 10, 34, 41, 31, 23, 32,  1, 33, 20, 13,  8, 29,  5, 26, 16, 28,  4, 19, 14,  2, 36, 25, 18, 47, 12, 24, 39, 43, 21, 38], 1510.65686586, 1510.65686586, 0.,  0.        , 0.       , 0., 0, 0, 0.)
 (49, [11, 13, 13, 11,  6, 27,  3, 48, 11, 44, 30, 40, 38, 18, 37,  9, 42, 46, 35,  7, 22, 45, 10, 34, 41, 36, 23, 32,  1, 33, 20, 13,  8, 29,  5, 26, 16, 28,  4, 19, 14,  2, 31, 25, 15, 47, 12, 24, 39, 43, 21, 17], 1517.37846804, 1481.7491176 , 0., 16.18824352, 1.6264317, 0., 0, 0, 0.)
 (49, [11, 13, 13, 11,  6, 37,  3, 48, 11, 44, 31, 40, 17, 18, 27,  9, 42, 46, 35,  7, 22, 45, 10, 34, 41, 36, 23, 32,  1, 33, 20, 13,  8, 29,  5, 26, 16, 28,  4, 19, 14,  2, 30, 25, 15, 47, 12, 24, 39, 43, 21, 38], 1522.36287419, 1565.74866529, 0.,  0.        , 0.       , 0., 0, 0, 0.)
 (49, [11, 13, 13, 11,  6, 27,  3, 48, 11, 44, 30, 40, 17, 18, 37,  9, 42, 46, 35,  7, 22, 45, 10, 34, 41, 36, 23, 32,  1, 33, 20, 13,  8, 19,  5, 26, 16, 28,  4, 29, 14,  2, 31, 25, 15, 47, 12, 24, 39, 43, 21, 38], 1540.91022345, 1595.67964273, 0.,  4.61548422, 0.       , 0., 0, 0, 0.)
 (49, [10, 15, 12, 11,  6, 27,  3, 48, 46, 44, 30, 40, 17, 18, 37,  9, 42, 11, 35,  7, 22, 45, 10, 34, 41, 36, 23, 32,  1, 33, 20, 13,  8, 29,  5, 26, 16, 28,  4, 19, 14,  2, 31, 25, 15, 47, 12, 24, 39, 43, 21, 38], 1566.23921841, 1716.60901175, 0.,  0.        , 0.       , 0., 0, 0, 0.)
 (49, [11, 13, 13, 11,  6, 27,  3, 48, 24, 44, 30, 40, 17, 18, 37,  9, 42, 46, 35,  7, 22, 45, 10, 34, 41, 36, 23, 32,  1, 33, 20, 13,  8, 29,  5, 26, 16, 28,  4, 19, 14,  2, 31, 25, 15, 47, 12, 11, 39, 43, 21, 38], 1591.27527854, 1591.27527854, 0.,  0.        , 0.       , 0., 0, 0, 0.)
 (49, [11, 13, 13, 11,  6, 27,  3, 48, 11, 44, 30, 40, 17, 18, 37,  9, 42, 46, 35,  7, 22, 14, 10, 34, 41, 36, 23, 32,  1, 33, 20, 13,  8, 29,  5, 26, 16, 28,  4, 19, 45,  2, 31, 25, 15, 47, 12, 24, 39, 43, 21, 38], 1602.04702328, 1602.04702328, 0.,  0.        , 0.       , 0., 0, 0, 0.)
 (49, [11, 13, 13, 11,  6, 31,  3, 48, 11, 44, 30, 40, 17, 18, 37,  9, 42, 46, 35,  7, 22, 45, 10, 34, 41, 36, 23, 32,  1, 33, 20, 13,  8, 29,  5, 26, 16, 28,  4, 19, 14,  2, 27, 25, 15, 47, 12, 24, 39, 43, 21, 38], 1611.78772331, 1611.78772331, 0.,  0.        , 0.       , 0., 0, 0, 0.)
 (49, [12, 11, 13, 12,  6, 48,  3, 27, 11, 44, 30, 40, 17, 18, 37,  9, 42, 46, 35,  7, 22, 45, 10, 34, 41, 36, 23, 32,  1, 33, 20, 13,  8, 29,  5, 26, 16, 28,  4, 19, 14,  2, 31, 25, 15, 47, 12, 24, 39, 43, 21, 38], 1623.37981955, 1587.74498863, 0., 17.81741546, 0.       , 0., 0, 0, 0.)
 (49, [11, 13, 13, 11,  6, 27,  3, 48, 11, 44, 30, 40, 17, 29, 37,  9, 42, 46, 35,  7, 22, 45, 10, 34, 41, 36, 23, 32,  1, 33, 20, 13,  8, 18,  5, 26, 16, 28,  4, 19, 14,  2, 31, 25, 15, 47, 12, 24, 39, 43, 21, 38], 1627.48796292, 1627.48796292, 0.,  0.        , 0.       , 0., 0, 0, 0.)
 (49, [11, 12, 13, 12,  6, 27,  3, 48, 11, 44, 30, 40, 17, 18, 37,  9, 42, 46, 35,  7, 22, 45, 10, 34, 41, 36, 23, 32,  1, 33, 20, 13,  8, 29,  5, 26,  4, 28, 16, 19, 14,  2, 31, 25, 15, 47, 12, 24, 39, 43, 21, 38], 1628.80589074, 1628.80589074, 0.,  0.        , 0.       , 0., 0, 0, 0.)
 (49, [10, 13, 14, 11, 31, 27,  3, 48, 11, 44, 30, 40, 17, 18, 37,  9, 42, 46, 35,  7, 22, 45, 10, 34, 41, 36, 23, 32,  1, 33, 20, 13,  8, 29,  5, 26, 16, 28,  4, 19, 14,  2,  6, 25, 15, 47, 12, 24, 39, 43, 21, 38], 1633.93413542, 1633.93413542, 0.,  0.        , 0.       , 0., 0, 0, 0.)
 (49, [11, 13, 13, 11,  6, 27,  3, 48, 11, 44, 30, 40, 17, 18, 37,  9, 42, 46, 35,  7, 22, 45, 10, 34, 41, 36, 23, 32,  1, 33, 20, 13,  8, 29,  5, 26, 16, 28,  4, 19, 24,  2, 31, 25, 15, 47, 12, 14, 39, 43, 21, 38], 1641.91300006, 1641.91300006, 0.,  0.        , 0.       , 0., 0, 0, 0.)
 (49, [12, 13, 12, 11,  6, 27,  3, 48, 11, 44, 30, 40, 21, 18, 37,  9, 42, 46, 35,  7, 22, 45, 10, 34, 41, 36, 23, 32,  1, 33, 20, 13,  8, 29,  5, 26, 16, 28,  4, 19, 14,  2, 31, 25, 15, 47, 12, 24, 39, 43, 17, 38], 1653.52922601, 1653.52922601, 0.,  0.        , 0.       , 0., 0, 0, 0.)
 (49, [11, 13, 13, 11,  6, 27,  3, 48, 11, 44, 30, 40, 17, 18, 37,  9, 42, 46, 35,  7, 22, 45, 10, 34, 41, 36,  8, 32,  1, 33, 20, 13, 23, 29,  5, 26, 16, 28,  4, 19, 14,  2, 31, 25, 15, 47, 12, 24, 39, 43, 21, 38], 1663.00620146, 1663.00620146, 0.,  0.        , 0.       , 0., 0, 0, 0.)
 (49, [10, 11, 14, 13,  6, 27,  3, 48, 11, 44, 30, 40, 17, 18, 37,  9, 42, 46, 35,  7, 22, 45, 10, 34, 41, 36, 23, 32,  1, 33, 20, 13,  8, 29,  5, 26, 16, 28,  4, 19, 14,  2, 12, 25, 15, 47, 31, 24, 39, 43, 21, 38], 1673.33103976, 1673.33103976, 0.,  0.        , 0.       , 0., 0, 0, 0.)
 (49, [11, 13, 13, 11,  6, 27,  3,  1, 11, 44, 30, 40, 17, 18, 37,  9, 42, 46, 35,  7, 22, 45, 10, 34, 41, 36, 23, 32, 48, 33, 20, 13,  8, 29,  5, 26, 16, 28,  4, 19, 14,  2, 31, 25, 15, 47, 12, 24, 39, 43, 21, 38], 1676.32709372, 1676.32709372, 0.,  0.        , 0.       , 0., 0, 0, 0.)
 (49, [11, 13, 13, 11,  6, 27,  3, 48, 11, 44, 30, 40, 38, 18, 37,  9, 42, 46, 35,  7, 22, 45, 10, 34, 41, 36, 23, 32,  1, 33, 20, 13,  8, 29,  5, 26, 16, 28,  4, 17, 19, 14,  2, 31, 25, 15, 47, 12, 24, 39, 43, 21], 1680.47772056, 1644.84837011, 0., 16.18824352, 1.6264317, 0., 0, 0, 0.)
 (49, [10, 15, 12, 11,  6, 27,  3, 48, 11, 44, 30, 40, 17, 18, 37,  9, 42, 46, 35,  7, 22, 45, 10, 16, 41, 36, 23, 32,  1, 33, 20, 13,  8, 29,  5, 26, 34, 28,  4, 19, 14,  2, 31, 25, 15, 47, 12, 24, 39, 43, 21, 38], 1700.04075444, 1700.04075444, 0.,  0.        , 0.       , 0., 0, 0, 0.)
 (49, [10, 13, 13, 12, 23, 27,  3, 48, 11, 44, 30, 40, 17, 18, 37,  9, 42, 46, 35,  7, 22, 45, 10, 34, 41, 36,  6, 32,  1, 33, 20, 13,  8, 29,  5, 26, 16, 28,  4, 19, 14,  2, 31, 25, 15, 47, 12, 24, 39, 43, 21, 38], 1703.8449606 , 1703.8449606 , 0.,  0.        , 0.       , 0., 0, 0, 0.)
 (49, [11, 13, 13, 11,  6, 27,  3, 48, 11, 44, 30, 40, 17, 18, 37,  9, 42, 46, 35,  7, 22, 45, 10, 38, 34, 41, 36, 23, 32,  1, 33, 20, 13,  8, 29,  5, 26, 16, 28,  4, 19, 14,  2, 31, 25, 15, 47, 12, 24, 39, 43, 21], 1715.34966674, 1715.34966674, 0.,  0.        , 0.       , 0., 0, 0, 0.)
 (49, [13, 12, 13, 10,  6, 27,  3, 48, 11, 44, 30, 40, 17, 18, 37,  9, 42, 46, 35,  7, 22, 45, 10, 34, 41, 36, 23, 32, 47, 33, 20, 13,  8, 29,  5, 26, 16, 28,  4, 19, 14,  2, 31, 25, 15,  1, 12, 24, 39, 43, 21, 38], 1729.42075695, 1729.42075695, 0.,  0.        , 0.       , 0., 0, 0, 0.)
 (49, [10, 12, 13, 13,  6, 27,  3, 48, 11, 28, 30, 40, 17, 18, 37,  9, 42, 46, 35,  7, 22, 45, 10, 34, 41, 36, 23, 32,  1, 33, 20, 13,  8, 29,  5, 26, 16, 44,  4, 19, 14,  2, 31, 25, 15, 47, 12, 24, 39, 43, 21, 38], 1732.9366524 , 1732.9366524 , 0.,  0.        , 0.       , 0., 0, 0, 0.)
 (49, [10, 13, 14, 11,  6, 27,  3, 48, 11, 44, 30, 40, 17, 18, 37,  9, 42, 46, 35,  7, 22, 45, 10, 34, 41, 36, 23, 32,  1, 33, 20, 25,  8, 29,  5, 26, 16, 28,  4, 19, 14,  2, 31, 13, 15, 47, 12, 24, 39, 43, 21, 38], 1745.50856988, 1745.50856988, 0.,  0.        , 0.       , 0., 0, 0, 0.)
 (49, [11, 13, 13, 11,  6, 27,  3, 48, 11, 44, 30, 40, 17, 18, 37,  9, 42, 46, 35,  7, 22, 45, 10, 34, 41, 31, 23, 32,  1, 33, 20, 12, 13,  8, 29,  5, 26, 16, 28,  4, 19, 14,  2, 25, 15, 47, 36, 24, 39, 43, 21, 38], 1755.1289726 , 1806.05418363, 0.,  0.        , 0.       , 0., 0, 0, 0.)
 (49, [12, 14, 11, 11,  6, 27,  3, 48, 11, 44, 30, 40, 17, 15, 37,  9, 42, 46, 35,  7, 22, 45, 10, 34, 41, 31, 23, 32, 20, 33,  1, 13,  8, 29,  5, 26, 16, 28,  4, 19, 14,  2, 36, 25, 18, 47, 12, 24, 39, 43, 21, 38], 1777.74463454, 1700.1599019 , 0., 38.79236632, 0.       , 0., 0, 0, 0.)
 (49, [13, 13, 13,  9,  6, 27,  3, 48, 11, 44, 30, 40, 17, 18, 37,  9, 42, 46, 35,  7, 22, 45, 10, 34, 41, 36, 23, 32,  1, 33, 20, 13,  8, 29,  5, 26, 16,  2,  4, 19, 14, 28, 31, 25, 15, 47, 12, 24, 39, 43, 21, 38], 1782.50364922, 1782.50364922, 0.,  0.        , 0.       , 0., 0, 0, 0.)
 (49, [11, 13, 13, 11,  6, 27,  3, 48, 11, 44, 30, 40, 17, 18, 37,  9, 42, 20, 35,  7, 22, 45, 10, 34, 41, 36, 23, 32,  1, 33, 46, 13,  8, 29,  5, 26, 16, 28,  4, 19, 14,  2, 31, 25, 15, 47, 12, 24, 39, 43, 21, 38], 1790.93854251, 1990.95508413, 0.,  0.        , 0.       , 0., 0, 0, 0.)
 (49, [11, 13, 13, 11,  6, 27,  3, 48, 11, 44, 30, 40, 17, 18, 37,  9, 20, 46, 35,  7, 22, 45, 10, 34, 41, 36, 23, 32,  1, 33, 42, 13,  8, 29,  5, 26, 16, 28,  4, 19, 14,  2, 31, 25, 15, 47, 12, 24, 39, 43, 21, 38], 1795.95432784, 1795.95432784, 0.,  0.        , 0.       , 0., 0, 0, 0.)
 (49, [11, 13, 13, 11,  6, 27,  3, 48, 11, 44, 30, 40, 17, 18, 37,  9, 42, 46, 35,  7, 22, 45, 10, 34, 26, 36, 23, 32,  1, 33, 20, 39,  8, 29,  5, 41, 16, 28,  4, 19, 14,  2, 31, 25, 15, 47, 12, 24, 13, 43, 21, 38], 1821.19589206, 1821.19589206, 0.,  0.        , 0.       , 0., 0, 0, 0.)
 (49, [10, 15, 13, 10,  6, 27,  3, 48, 11, 44, 20, 40, 17, 18, 37,  9, 42, 46, 35,  7, 22, 45, 10, 34, 41, 36, 23, 32,  1, 33, 30, 13,  8, 29,  5, 26, 16, 28,  4, 19, 14,  2, 31, 25, 15, 47, 12, 24, 39, 43, 21, 38], 1821.88269876, 1821.88269876, 0.,  0.        , 0.       , 0., 0, 0, 0.)
 (49, [10, 13, 13, 12,  6, 27,  3, 48, 11, 44, 30, 40, 17, 18, 37,  9, 42, 46, 35,  7, 22, 45, 10, 34, 41, 36, 23, 32,  1, 33, 20, 13,  8, 29,  5, 26, 16, 47,  4, 19, 14,  2, 31, 25, 15, 28, 12, 24, 39, 43, 21, 38], 1828.11006472, 1817.69385561, 0.,  5.20810456, 0.       , 0., 0, 0, 0.)
 (49, [10, 14, 15,  9, 29, 27,  3, 48, 11, 44, 30, 40, 17, 18, 37,  9, 42, 46, 35,  7, 22, 45, 10, 34, 41, 36, 23, 32,  1, 33, 20, 13,  8,  6,  5, 26, 16, 28,  4, 19, 14,  2, 31, 25, 15, 47, 12, 24, 39, 43, 21, 38], 1848.9035073 , 1848.9035073 , 0.,  0.        , 0.       , 0., 0, 0, 0.)
 (49, [11, 14, 11, 12,  6, 27,  3, 26, 11, 44, 30, 40, 17, 18, 37,  9, 42, 46, 35,  7, 22, 45, 10, 34, 41, 36, 23, 32,  1, 33, 20, 13,  8, 29,  5, 48, 16, 28,  4, 19, 14,  2, 31, 25, 15, 47, 12, 24, 39, 43, 21, 38], 1864.03186745, 1864.03186745, 0.,  0.        , 0.       , 0., 0, 0, 0.)
 (49, [10, 15, 13, 10, 13, 27,  3, 48, 11, 44, 30, 40, 17, 18, 37,  9, 42, 46, 35,  7, 22, 45, 10, 34, 41, 36, 23, 32,  1, 33, 20,  6,  8, 29,  5, 26, 16, 28,  4, 19, 14,  2, 31, 25, 15, 47, 12, 24, 39, 43, 21, 38], 1966.83439759, 2136.39584512, 0.,  0.        , 0.       , 0., 0, 0, 0.)
 (49, [10, 13, 14, 11,  6, 27,  3, 48, 11, 30, 40, 17,  4, 37,  9, 44, 42, 46, 35,  7, 22, 29, 10, 34, 41, 36, 23, 32,  1, 33, 20, 13,  8, 45,  5, 26, 16, 28, 18, 19, 14,  2, 31, 25, 15, 47, 12, 24, 39, 43, 21, 38], 2108.01514877, 2108.01514877, 0.,  0.        , 0.       , 0., 0, 0, 0.)]