
Total Runtime in seconds: 319.23765802383423Parameters:
population_size: 50, max_generations: 150, executed generations: 149, threshold_no_improvement: 75
target feasible proportion: 12
fitness_scaling: power_rank, selection_method: n_tournaments
p_c: 0.9, p_m: 0.05, NOT YET p_education: 0.0
tournament_size: 2, n_elite: 8
survivor_selection_step: 10, p_selection_survival: 0.7
kill clone step: 5
diversify_step: 20, diversify_step: 20, p_diversify_survival: 0.3
n_closest_neighbors: 3, diversity_weight: 0.5, distance_method: broken_pairs_distance
capacity_penalty_factor: 2, duration_penalty_factor 2, time_window_penalty: 2
Best fitness all generations, best individual before/after local search: 1126.1660418404933, 1126.1660418404933 / 1126.1660418404933
Best individual found before local search: (15, [10,  9, 16, 13,  7, 41, 31, 44, 32,  9, 42, 46, 35, 37, 34, 10, 45,  6, 27,  3, 48, 11, 22, 13, 33, 20,  4, 19,  1, 28, 14, 36, 29,  8,  5, 26, 18, 17, 16,  2, 15, 25, 23, 30, 39, 43, 47, 24, 12, 21, 38, 40], 1126.16604184, 1126.16604184, 0., 0., 0., 0., 4, 47, 27.5)
Best individual found after local search: (15, [10,  9, 16, 13,  7, 41, 31, 44, 32,  9, 42, 46, 35, 37, 34, 10, 45,  6, 27,  3, 48, 11, 22, 13, 33, 20,  4, 19,  1, 28, 14, 36, 29,  8,  5, 26, 18, 17, 16,  2, 15, 25, 23, 30, 39, 43, 47, 24, 12, 21, 38, 40], 1126.16604184, 1126.16604184, 0., 0., 0., 0., 4, 47, 27.5)
Best feasible individual found: (15, [10,  9, 16, 13,  7, 41, 31, 44, 32,  9, 42, 46, 35, 37, 34, 10, 45,  6, 27,  3, 48, 11, 22, 13, 33, 20,  4, 19,  1, 28, 14, 36, 29,  8,  5, 26, 18, 17, 16,  2, 15, 25, 23, 30, 39, 43, 47, 24, 12, 21, 38, 40], 1126.16604184, 1126.16604184, 0., 0., 0., 0., 4, 47, 27.5)

Fitness stats min: [1163.58346579 1137.41086744 1129.94849918 1129.94849918 1129.94849918
 1129.94849918 1129.94849918 1129.94849918 1129.94849918 1129.94849918
 1129.94849918 1129.94849918 1129.94849918 1129.94849918 1129.94849918
 1129.94849918 1129.94849918 1129.94849918 1129.94849918 1129.94849918
 1129.94849918 1129.94849918 1129.94849918 1129.94849918 1129.94849918
 1129.94849918 1128.93458592 1128.93458592 1128.93458592 1128.93458592
 1128.93458592 1128.93458592 1128.93458592 1128.93458592 1128.93458592
 1128.93458592 1128.93458592 1128.93458592 1128.93458592 1128.93458592
 1128.93458592 1128.93458592 1128.93458592 1128.93458592 1128.93458592
 1126.16604184 1126.16604184 1126.16604184 1126.16604184 1126.16604184
 1126.16604184 1126.16604184 1126.16604184 1126.16604184 1126.16604184
 1126.16604184 1126.16604184 1126.16604184 1126.16604184 1126.16604184
 1126.16604184 1126.16604184 1126.16604184 1126.16604184 1126.16604184
 1126.16604184 1126.16604184 1126.16604184 1126.16604184 1126.16604184
 1126.16604184 1126.16604184 1126.16604184 1126.16604184 1126.16604184
 1126.16604184 1126.16604184 1126.16604184 1126.16604184 1126.16604184
 1126.16604184 1126.16604184 1126.16604184 1126.16604184 1126.16604184
 1126.16604184 1126.16604184 1126.16604184 1126.16604184 1126.16604184
 1126.16604184 1126.16604184 1126.16604184 1126.16604184 1126.16604184
 1126.16604184 1126.16604184 1126.16604184 1126.16604184 1126.16604184
 1126.16604184 1126.16604184 1126.16604184 1126.16604184 1126.16604184
 1126.16604184 1126.16604184 1126.16604184 1126.16604184 1126.16604184
 1126.16604184 1126.16604184 1126.16604184 1126.16604184 1126.16604184
 1126.16604184 1126.16604184 1126.16604184 1126.16604184 1126.16604184
 1126.16604184 1126.16604184 1126.16604184 1126.16604184 1126.16604184
 1126.16604184 1126.16604184 1126.16604184 1126.16604184 1126.16604184
 1126.16604184 1126.16604184 1126.16604184 1126.16604184 1126.16604184
 1126.16604184 1126.16604184 1126.16604184 1126.16604184 1126.16604184
 1126.16604184 1126.16604184 1126.16604184 1126.16604184 1126.16604184
 1126.16604184 1126.16604184 1126.16604184 1126.16604184 1126.16604184] 

Fitness stats feasible min: [1163.58346579 1137.41086744 1129.94849918 1129.94849918 1129.94849918
 1129.94849918 1129.94849918 1129.94849918 1129.94849918 1129.94849918
 1129.94849918 1129.94849918 1129.94849918 1129.94849918 1129.94849918
 1129.94849918 1129.94849918 1129.94849918 1129.94849918 1129.94849918
 1129.94849918 1129.94849918 1129.94849918 1129.94849918 1129.94849918
 1129.94849918 1128.93458592 1128.93458592 1128.93458592 1128.93458592
 1128.93458592 1128.93458592 1128.93458592 1128.93458592 1128.93458592
 1128.93458592 1128.93458592 1128.93458592 1128.93458592 1128.93458592
 1128.93458592 1128.93458592 1128.93458592 1128.93458592 1128.93458592
 1126.16604184 1126.16604184 1126.16604184 1126.16604184 1126.16604184
 1126.16604184 1126.16604184 1126.16604184 1126.16604184 1126.16604184
 1126.16604184 1126.16604184 1126.16604184 1126.16604184 1126.16604184
 1126.16604184 1126.16604184 1126.16604184 1126.16604184 1126.16604184
 1126.16604184 1126.16604184 1126.16604184 1126.16604184 1126.16604184
 1126.16604184 1126.16604184 1126.16604184 1126.16604184 1126.16604184
 1126.16604184 1126.16604184 1126.16604184 1126.16604184 1126.16604184
 1126.16604184 1126.16604184 1126.16604184 1126.16604184 1126.16604184
 1126.16604184 1126.16604184 1126.16604184 1126.16604184 1126.16604184
 1126.16604184 1126.16604184 1126.16604184 1126.16604184 1126.16604184
 1126.16604184 1126.16604184 1126.16604184 1126.16604184 1126.16604184
 1126.16604184 1126.16604184 1126.16604184 1126.16604184 1126.16604184
 1126.16604184 1126.16604184 1126.16604184 1126.16604184 1126.16604184
 1126.16604184 1126.16604184 1126.16604184 1126.16604184 1126.16604184
 1126.16604184 1126.16604184 1126.16604184 1126.16604184 1126.16604184
 1126.16604184 1126.16604184 1126.16604184 1126.16604184 1126.16604184
 1126.16604184 1126.16604184 1126.16604184 1126.16604184 1126.16604184
 1126.16604184 1126.16604184 1126.16604184 1126.16604184 1126.16604184
 1126.16604184 1126.16604184 1126.16604184 1126.16604184 1126.16604184
 1126.16604184 1126.16604184 1126.16604184 1126.16604184 1126.16604184
 1126.16604184 1126.16604184 1126.16604184 1126.16604184 1126.16604184] 

Fitness stats avg: [1494.08316104 1437.23554745 1332.9839587  1264.30125136 1236.61160433
 1265.70669499 1208.45853932 1157.05896004 1157.41752642 1145.59220803
 1924.42956837 1323.55421405 1190.34297046 1142.16403728 1139.12878157
 3535.44621304 3043.10345014 2549.64305374 1897.62102465 1667.45706567
 2703.88510831 1755.14531565 1494.32115081 2094.11395387 1407.25349948
 2458.45501271 1632.64481204 1387.44866709 1257.36955837 1141.57803821
 1775.7825991  1275.84729241 1154.35454813 1132.97940004 1137.79040382
 3580.00777168 3105.23367751 2247.92182195 1637.2051515  1257.72283883
 1741.05574073 1327.89262954 1163.78306057 1140.38570145 1145.17704684
 3685.92458524 3429.74038562 2891.77702956 2358.7769607  1888.57173729
 2487.10636325 1543.17652644 1367.05882455 1247.8809882  1142.3130213
 3482.57086362 2914.80708877 2045.41150204 1688.08332418 1456.87639912
 2347.09169024 1544.63183225 1276.5020115  1222.3210787  1133.98321699
 3378.02481246 2888.97599108 2311.43961162 1844.39082012 1402.30062705
 2313.97273921 1769.77272607 1280.01296578 1178.34310732 1136.93352758
 3543.11814493 2993.2718994  2525.26075863 1778.05478965 1446.69798722
 2021.05412058 1404.21936666 1174.15396782 1137.76717865 1132.52941877
 3361.98670535 2719.07893468 2076.59818387 1524.12319567 1256.3352737
 1989.71707777 1288.26403053 1131.80740936 1140.10598845 1166.17774632
 3600.62972561 3269.48852234 2438.8524301  2001.78749227 1573.5956323
 2938.9225295  1962.45644199 1282.42360339 1182.76094295 1169.01055948
 3557.13905062 2990.17469441 2369.39432438 1867.93022797 1484.15964613
 2762.918425   2007.08336634 1364.05784221 1215.84272689 1146.72678849
 3326.39801046 2850.38291233 2242.53327083 1740.09775599 1446.44986261
 1865.33216809 1294.63499414 1174.19529555 1153.77294312 1153.33959956
 3196.94282656 2739.19860678 1789.82686128 1399.25114795 1171.59831251
 1836.82982262 1279.1154884  1174.87731608 1145.37470899 1146.35292113
 3563.08257938 3010.49219981 2365.84409809 1768.07552083 1400.71823709
 2277.27218245 1492.59979778 1198.58809097 1179.60099752 1139.31238362
 3587.80847717 2939.56552595 2228.69499029 1846.45325851 1577.80051312] 

Feasible stats: [( 0., 50.) ( 0., 50.) (40., 10.) (40., 10.) (48.,  2.) (48.,  2.)
 (47.,  3.) (47.,  3.) (50.,  0.) (50.,  0.) (49.,  1.) (49.,  1.)
 (44.,  6.) (44.,  6.) (50.,  0.) (50.,  0.) (17., 33.) (17., 33.)
 (23., 27.) (23., 27.) (35., 15.) (35., 15.) (38., 12.) (38., 12.)
 (29., 21.) (29., 21.) (31., 19.) (31., 19.) (44.,  6.) (44.,  6.)
 (48.,  2.) (48.,  2.) (47.,  3.) (47.,  3.) (50.,  0.) (50.,  0.)
 (11., 39.) (11., 39.) (26., 24.) (26., 24.) (47.,  3.) (47.,  3.)
 (45.,  5.) (45.,  5.) (49.,  1.) (49.,  1.) (11., 39.) (11., 39.)
 (18., 32.) (18., 32.) (29., 21.) (29., 21.) (40., 10.) (40., 10.)
 (47.,  3.) (47.,  3.) (18., 32.) (18., 32.) (33., 17.) (33., 17.)
 (43.,  7.) (43.,  7.) (42.,  8.) (42.,  8.) (46.,  4.) (46.,  4.)
 (14., 36.) (14., 36.) (20., 30.) (20., 30.) (35., 15.) (35., 15.)
 (33., 17.) (33., 17.) (47.,  3.) (47.,  3.) (20., 30.) (20., 30.)
 (18., 32.) (18., 32.) (44.,  6.) (44.,  6.) (39., 11.) (39., 11.)
 (50.,  0.) (50.,  0.) (14., 36.) (14., 36.) (30., 20.) (30., 20.)
 (46.,  4.) (46.,  4.) (45.,  5.) (45.,  5.) (49.,  1.) (49.,  1.)
 (11., 39.) (11., 39.) (18., 32.) (18., 32.) (37., 13.) (37., 13.)
 (32., 18.) (32., 18.) (49.,  1.) (49.,  1.) (18., 32.) (18., 32.)
 (30., 20.) (30., 20.) (37., 13.) (37., 13.) (23., 27.) (23., 27.)
 (44.,  6.) (44.,  6.) (15., 35.) (15., 35.) (24., 26.) (24., 26.)
 (42.,  8.) (42.,  8.) (43.,  7.) (43.,  7.) (47.,  3.) (47.,  3.)
 (17., 33.) (17., 33.) (38., 12.) (38., 12.) (49.,  1.) (49.,  1.)
 (47.,  3.) (47.,  3.) (49.,  1.) (49.,  1.) ( 7., 43.) ( 7., 43.)
 (23., 27.) (23., 27.) (43.,  7.) (43.,  7.) (43.,  7.) (43.,  7.)
 (48.,  2.) (48.,  2.) (12., 38.) (12., 38.) (32., 18.) (32., 18.)] 
Solution Description: 
p: [  0.          17.53554117  47.19996294  62.30053615  65.88026605
  65.92539359 100.47267296 150.80322505 212.26822432 213.37332578
 215.62221757   0.          18.67738622  22.23054736  33.40380365
  72.71470479  99.27498465 114.28869404 123.44296878 125.30870097
 149.7330236    0.         129.13692659 144.70329008 144.97023529
 172.15925116 256.0358696  258.1239164  267.73696542 273.97182343
 306.98092793 370.48327639 388.29604072 393.93300495 417.09096181
 447.26406372 499.43542456 500.79456635   0.          10.51101384
  48.43780602  62.38803703  71.55342471  81.04606192 107.19990103
 135.50207584 181.22537091 188.03662593 199.01363487 212.70373032
 225.36832642 260.01623432] 
pred: [0 0 0 0 0 0 5 5 5 5 5 0 0 0 0 0 0 0 0 0 8 0 0 0 0 0 0 0 0 0 0 9 9 9 9 9 9
 9 0 0 0 0 0 0 5 5 7 7 7 7 7 7] 
distance [  0.          17.53554117  47.19996294  62.30053615  65.88026605
  65.92539359  34.54727937  84.87783147 146.34283074 147.44793219
 149.69682399   0.          18.67738622  22.23054736  33.40380365
  72.71470479  99.27498465 114.28869404 123.44296878 125.30870097
  24.42432263   0.         129.13692659 144.70329008 144.97023529
 172.15925116 256.0358696  258.1239164  267.73696542 273.97182343
 306.98092793  63.50234846  81.31511279  86.95207702 110.11003388
 140.2831358  192.45449664 193.81363842   0.          10.51101384
  48.43780602  62.38803703  71.55342471  81.04606192  26.15383911
  54.45601392  45.72329507  52.53455008  63.51155902  77.20165447
  89.86625057 124.51415848]
load: [  0  13  21  31  34  50  13  35  54  68  79   0  22  40  65  70  86 102
 112 119  21   0   9  28  44  49  52  64  73  82  92  20  40  52  58  75
  80 105   0   8  12  26  40  53  13  37  21  40  46  71  86 101] 
time: [  0.         170.         203.         228.39224704 244.56663558
 456.          80.         115.34683757 171.22731303 252.33358633
 322.           0.         182.         195.18455016 202.9955528
 231.80134413 398.         440.23624841 473.3964008  510.10459224
 371.           0.         108.         140.15799758 192.
 233.04333374 319.         399.         412.17329674 421.41379315
 466.35000109 198.         215.24054306 317.         357.35052296
 434.         475.95303324 534.60312924   0.         121.
 226.         329.         378.         422.56770213 207.
 459.         115.         308.         325.46934669 414.
 443.         485.92676098] 
time warps: [0 0 0 0 0 0 0 0 0 0 0 0 0 0 0 0 0 0 0 0 0 0 0 0 0 0 0 0 0 0 0 0 0 0 0 0 0
 0 0 0 0 0 0 0 0 0 0 0 0 0 0 0] 
duration: [  0.          23.53554117  73.83796245  95.93853566 103.51826556
 311.61049336  41.54727937 116.87783147 195.34283074 200.44793219
 269.41539141   0.          24.67738622  29.23054736  49.40380365
 105.71470479 284.97668402 320.99039341 347.14466815 353.01040033
  47.42432263   0.         131.13692659 167.70329008 193.01987139
 244.20888726 361.10328518 373.90792672 389.52097574 411.75583374
 457.76493824  71.50234846  94.31511279 188.48012876 213.63808562
 317.35815655 372.52951738 391.88865917   0.          17.51101384
 155.03431469 244.72426381 305.6796988  325.17233601  48.15383911
 315.00222923  55.72329507 251.32425496 272.3012639  360.05582284
 403.26861412 455.91652202]

All individuals: [(15, [10,  9, 16, 13,  7, 41, 31, 44, 32,  9, 42, 46, 35, 37, 34, 10, 45,  6, 27,  3, 48, 11, 22, 13, 33, 20,  4, 19,  1, 28, 14, 36, 29,  8,  5, 26, 18, 17, 16,  2, 15, 25, 23, 30, 39, 43, 47, 24, 12, 21, 38, 40], 1126.16604184, 1126.16604184, 0.,  0.        , 0.,  0.        ,  4, 47, 27.5)
 (45, [11, 11, 13, 13, 12, 21, 34, 35, 14, 38,  6, 29, 24, 10,  4,  1, 45, 36,  9, 42, 28, 44, 47, 13, 41,  2,  8, 23, 25, 43,  5, 18, 37, 31, 20,  7, 48, 15, 16, 26, 22,  3, 30, 27, 33, 17, 11, 32, 39, 19, 40, 46], 1126.16604184, 1126.16604184, 0.,  0.        , 0.,  0.        ,  2, 49, 26.5)
 (15, [10,  9, 16, 13,  7, 41, 31, 44, 32,  9, 42, 46, 35, 37, 34, 10, 45,  6, 27,  3, 48, 11, 22, 13, 33, 20,  4, 19,  1, 28, 14, 36, 29,  8,  5, 26, 18, 17, 16,  2, 15, 25, 23, 30, 39, 43, 47, 24, 12, 21, 38, 40], 1126.16604184, 1126.16604184, 0.,  0.        , 0.,  0.        ,  8, 42, 29. )
 (40, [12, 14, 11, 11, 10,  9,  1, 13, 20, 37, 36, 41,  2, 32, 18, 42,  7, 27, 26, 22, 30, 31, 29, 16, 40, 11,  6, 17,  4, 33, 46,  5, 44, 15, 19, 47, 45, 39, 21,  8, 23, 24, 43, 35, 38, 14, 28, 48,  3, 12, 34, 25], 1126.16604184, 1126.16604184, 0.,  0.        , 0.,  0.        ,  5, 44, 27. )
 (15, [10,  9, 16, 13,  7, 41, 31, 44, 32,  9, 42, 46, 35, 37, 34, 10, 45,  6, 27,  3, 48, 11, 22, 13, 33, 20,  4, 19,  1, 28, 14, 36, 29,  8,  5, 26, 18, 17, 16,  2, 15, 25, 23, 30, 39, 43, 47, 24, 12, 21, 40, 38], 1132.43725309, 1132.43725309, 0.,  0.        , 0.,  2.        , 11, 40, 31. )
 (15, [10,  9, 16, 13,  7, 41, 31, 44, 32,  9, 42, 46, 35, 37, 34, 10, 45,  6, 27,  3, 48, 11, 22, 13, 33, 20,  4, 19, 28, 14,  1, 29,  8,  5, 26, 36, 30, 24, 18, 39,  2, 23, 16, 17, 40, 15, 25, 47, 12, 38, 21, 43], 1295.61535006, 1295.61535006, 0.,  0.        , 0., 11.33333333, 12, 27, 25.5)
 (41, [12, 12, 13, 11, 45, 28, 11, 15, 37, 12,  2, 38, 19, 25, 23, 39,  1, 16,  5, 30, 33, 20,  8, 35, 14, 46, 18, 31, 41,  9,  6, 48, 24, 36, 43, 32, 42, 47, 26,  4,  3, 13, 27, 10, 29,  7, 44, 21, 34, 22, 17, 40], 1404.04409181, 1404.04409181, 0.,  0.        , 0.,  6.        , 13, 39, 32.5)
 (41, [12, 12, 13, 11, 45, 28, 11, 15, 37, 12,  2, 38, 19, 25, 23, 39,  1, 16,  5, 30, 33, 20,  8, 35, 14, 46, 18, 31, 41,  9,  6, 48, 24, 36, 43, 32, 42, 47, 26,  4,  3, 13, 27, 10, 29,  7, 44, 21, 34, 22, 17, 40], 1404.04409181, 1404.04409181, 0.,  0.        , 0.,  6.        , 13, 39, 32.5)
 (15, [11,  9, 14, 14,  7, 41, 31, 44, 32,  9, 42, 46, 35, 37, 34, 10, 45,  6, 27,  3, 48, 11, 13, 22, 33, 20,  4, 19,  1, 28, 14, 36, 29,  8,  5, 26, 18, 17, 16,  2, 15, 25, 23, 30, 39, 43, 47, 24, 12, 21, 38, 40], 1436.36229971, 1436.36229971, 0.,  0.        , 0.,  7.        , 14, 35, 31.5)
 (15, [10, 10, 14, 14,  7, 41, 31, 44, 32,  9, 42, 46, 35, 37, 34, 10, 45,  6, 27,  3, 48, 11, 13, 22, 33, 20,  4, 19,  1, 28, 14, 29,  8,  5, 26, 30, 24, 36, 39,  2, 23, 16, 18, 17, 40, 15, 25, 47, 12, 21, 38, 43], 1469.64741316, 1463.48397934, 0.,  3.08171691, 0.,  6.66666667, 15, 37, 33.5)
 (48, [12, 12, 13, 11, 10, 31, 16, 28, 15, 34, 45, 20, 13,  3, 32, 42,  8,  1, 33, 37, 17, 22,  2, 36,  9, 25, 43, 23, 19, 24, 29, 11,  7, 35, 14, 44, 40,  6, 18, 26,  4, 30, 47, 12, 41, 21, 48, 27, 46, 39,  5, 38], 1469.95488363, 1469.95488363, 0.,  0.        , 0., 12.66666667, 16, 21, 26.5)
 (48, [12, 12, 13, 11, 10, 31, 16, 28, 15, 34, 45, 20, 13,  3, 32, 42,  8,  1, 33, 37, 17, 22,  2, 36,  9, 25, 43, 23, 19, 24, 29, 11,  7, 35, 14, 44, 40,  6, 18, 26,  4, 30, 47, 12, 41, 21, 48, 27, 46, 39,  5, 38], 1469.95488363, 1469.95488363, 0.,  0.        , 0., 12.66666667, 16, 21, 26.5)
 (15, [10,  9, 16, 13, 47, 43, 31, 44, 32,  9, 42, 46, 35, 37, 34, 10, 45,  6, 27,  3, 48, 11, 22, 13, 33, 20,  4, 19,  1, 28, 14, 36, 29,  8,  5, 26, 18, 17, 16,  2, 15, 25, 23,  7, 12, 24, 39, 38, 41, 40, 30, 21], 1472.76300594, 1472.76300594, 0.,  0.        , 0.,  9.33333333, 17, 31, 32.5)
 (15, [10, 10, 14, 14,  7, 41, 31, 44, 32,  9, 42, 46, 35, 37, 34, 10, 45,  6, 27,  3, 48, 11, 22, 13, 33, 20,  4, 19,  1, 28, 14, 29,  8,  5, 26, 30, 24, 36, 39,  2, 23, 16, 18, 17, 40, 15, 25, 47, 12, 21, 38, 43], 1487.26425419, 1481.10082036, 0.,  3.08171691, 0.,  8.        , 18, 32, 34. )
 (49, [10, 14, 13, 11, 41, 42, 26, 18, 37, 27, 30, 46, 45, 12,  5,  9, 13, 47, 28,  8, 17,  4, 34,  6, 48, 35, 10, 43, 38, 33, 29, 31, 44,  7, 15, 24, 11, 16, 23, 39, 14, 21, 20,  1, 19, 22, 25, 40, 36,  2,  3, 32], 1500.58904028, 1500.58904028, 0.,  0.        , 0., 11.66666667, 34, 24, 46. )
 (49, [10, 14, 13, 11, 41, 42, 26, 18, 37, 27, 30, 46, 45, 12,  5,  9, 13, 47, 28,  8, 17,  4, 34,  6, 48, 35, 10, 43, 38, 33, 29, 31, 44,  7, 15, 24, 11, 16, 23, 39, 14, 21, 20,  1, 19, 22, 25, 40, 36,  2,  3, 32], 1500.58904028, 1500.58904028, 0.,  0.        , 0., 11.66666667, 34, 24, 46. )
 (35, [11, 10, 14, 13,  7, 41, 31, 44, 32,  9, 42, 46, 35, 37, 34, 10, 45,  6, 27, 48, 11, 13, 33, 20,  4, 19,  1, 28, 14, 36, 29,  8,  5, 26,  3, 22, 18, 17, 16,  2, 15, 25, 23, 30, 39, 43, 47, 24, 12, 21, 38, 40], 1508.93238703, 1751.51653252, 0.,  1.42484869, 0.,  7.33333333, 19, 34, 36. )
 (15, [12,  9, 16, 11,  7, 41, 31, 44, 32,  9, 42, 46, 35, 37, 34, 10, 45,  6, 27,  3, 48, 11, 22, 13, 33, 20,  4, 19,  1, 28, 14, 36, 29,  8,  5, 18, 17, 47, 12, 24, 26, 30, 15, 25, 23, 16,  2, 39, 43, 21, 38, 40], 1510.75653717, 1603.24211452, 0.,  0.93571493, 0., 11.33333333, 20, 26, 33. )
 (38, [10, 14, 12, 12, 29, 39, 15, 23, 48, 34, 30, 40, 28,  9,  8,  2, 26, 22, 45,  3, 21, 24,  5, 16,  4, 47, 20, 12, 46, 36, 31, 35, 38,  6, 25, 17, 37, 33, 14, 43, 13, 32, 11, 44, 41,  7, 19, 42,  1, 10, 27, 18], 1526.45382909, 1603.00231435, 0.,  0.        , 0., 12.66666667, 21, 22, 32. )
 (38, [10, 14, 12, 12, 29, 39, 15, 23, 48, 34, 30, 40, 28,  9,  8,  2, 26, 22, 45,  3, 21, 24,  5, 16,  4, 47, 20, 12, 46, 36, 31, 35, 38,  6, 25, 17, 37, 33, 14, 43, 13, 32, 11, 44, 41,  7, 19, 42,  1, 10, 27, 18], 1526.45382909, 1603.00231435, 0.,  0.        , 0., 12.66666667, 21, 22, 32. )
 (35, [10,  9, 16, 13,  7, 41, 31, 44, 32,  9, 42, 46, 35, 37, 34, 10, 45,  6, 27, 48, 11, 13, 33, 20,  4, 19,  1, 28, 14, 36, 29,  8,  5, 26,  3, 22, 18, 17, 16,  2, 15, 25, 23, 30, 39, 43, 47, 24, 12, 21, 40, 38], 1531.49130766, 1774.07545315, 0.,  1.42484869, 0.,  6.        , 22, 38, 41. )
 (37, [11, 11, 14, 12,  6, 47, 16, 20, 41, 26,  3, 13, 34, 27, 33, 43, 24, 11, 36, 22, 15, 19, 45, 31, 29, 40,  8, 37, 30, 18, 10, 44, 23,  4, 32, 17, 12, 38, 25, 28,  5, 21,  7, 42,  9, 46, 39, 35,  1,  2, 48, 14], 1543.37836373, 1543.37836373, 0.,  0.        , 0., 14.        , 23, 17, 31.5)
 (37, [11, 11, 14, 12,  6, 47, 16, 20, 41, 26,  3, 13, 34, 27, 33, 43, 24, 11, 36, 22, 15, 19, 45, 31, 29, 40,  8, 37, 30, 18, 10, 44, 23,  4, 32, 17, 12, 38, 25, 28,  5, 21,  7, 42,  9, 46, 39, 35,  1,  2, 48, 14], 1543.37836373, 1543.37836373, 0.,  0.        , 0., 14.        , 23, 17, 31.5)
 (15, [11,  8, 16, 13,  7, 41, 31, 44, 32,  9, 42, 46, 35, 37, 34, 10, 45,  6, 27,  3, 48, 11, 22, 13, 33, 20,  4, 19,  1, 28, 14, 36, 29,  5, 18, 17, 47, 12,  8, 26, 40,  2, 16, 15, 25, 23, 30, 43, 24, 21, 38, 39], 1561.32118556, 1561.32118556, 0.,  0.        , 0., 15.        , 24, 14, 31. )
 (36, [15, 10, 13, 10, 33, 24, 12, 48, 18, 23,  3, 46,  8, 39,  9, 34,  1, 40, 38,  7, 14, 37, 11, 10, 13,  5, 35, 31, 44,  2, 17, 27, 47,  6, 29, 32,  4, 36, 16, 30, 22, 25, 26, 15, 43, 21, 20, 45, 28, 42, 41, 19], 1583.02075309, 1581.14932323, 0.,  0.93571493, 0., 11.        , 25, 29, 39.5)
 (36, [15, 10, 13, 10, 33, 24, 12, 48, 18, 23,  3, 46,  8, 39,  9, 34,  1, 40, 38,  7, 14, 37, 11, 10, 13,  5, 35, 31, 44,  2, 17, 27, 47,  6, 29, 32,  4, 36, 16, 30, 22, 25, 26, 15, 43, 21, 20, 45, 28, 42, 41, 19], 1583.02075309, 1581.14932323, 0.,  0.93571493, 0., 11.        , 25, 29, 39.5)
 (15, [12, 12, 11, 13,  7, 41, 31, 44, 32,  9, 42, 35, 37, 34, 10, 45,  6, 27,  3, 48, 11, 22, 13, 33, 20,  4, 24, 19,  1, 28, 14, 36, 29,  8,  5, 26, 18, 17, 16,  2, 15, 25, 23, 30, 39, 43, 47, 38, 46, 40, 12, 21], 1629.86140818, 1629.86140818, 0.,  0.        , 0., 15.66666667, 26, 12, 32. )
 (15, [10, 10, 14, 14,  7, 41, 31, 44, 32,  9, 42, 46, 35, 37, 34, 10, 45,  6, 27,  3, 48, 11, 13, 22, 33,  4, 19,  1, 28, 14, 20, 29,  8,  5, 18, 17, 47, 26, 30, 24, 36, 39,  2, 23, 16, 40, 15, 25, 12, 21, 38, 43], 1644.42316716, 1644.42316716, 0.,  0.        , 0., 11.33333333, 27, 25, 39.5)
 (35, [10, 11, 11, 16, 34, 46, 22, 18, 30,  8, 35, 19, 39, 40, 47, 25, 12,  4, 32, 17,  2, 15, 42, 41,  3, 10, 31,  1, 29, 14, 48, 33, 16, 43,  7, 13, 45, 37, 27, 28,  9, 24, 44,  6,  5, 21, 38, 36, 23, 26, 20, 11], 1647.95411431, 1609.90453465, 0., 19.02478983, 0., 16.66666667, 28,  7, 31.5)
 (35, [10, 11, 11, 16, 34, 46, 22, 18, 30,  8, 35, 19, 39, 40, 47, 25, 12,  4, 32, 17,  2, 15, 42, 41,  3, 10, 31,  1, 29, 14, 48, 33, 16, 43,  7, 13, 45, 37, 27, 28,  9, 24, 44,  6,  5, 21, 38, 36, 23, 26, 20, 11], 1647.95411431, 1609.90453465, 0., 19.02478983, 0., 16.66666667, 28,  7, 31.5)
 (15, [10,  9, 16, 13,  7, 41, 31, 44, 32,  9, 42, 46, 35, 37, 34, 10, 45,  6, 48, 22, 13, 33, 20, 30, 27,  3,  4, 19,  1, 28, 14, 36, 29,  8,  5, 26, 18, 17, 16,  2, 15, 25, 23, 11, 39, 43, 47, 24, 12, 21, 38, 40], 1652.14165621, 1795.99622548, 0.,  0.        , 0.,  7.        , 29, 36, 47. )
 (15, [10,  9, 16, 13,  7, 41, 31, 44, 32,  9, 42, 46, 35, 37, 34, 10, 45,  6, 27,  3, 48, 11, 13, 22, 33, 20,  4, 19,  1, 28, 14, 29,  8,  5, 18, 17, 47, 12, 24, 26, 36, 30, 15, 25, 23, 16,  2, 39, 43, 21, 38, 40], 1657.16657577, 1751.52358298, 0.,  0.        , 0., 11.        , 30, 28, 44. )
 (15, [13,  9, 16, 10,  7, 41, 31, 32,  9, 46, 37, 34, 10, 45,  6,  3, 48, 22, 11, 42, 27, 44, 35,  2, 13, 33,  4, 19, 28, 14, 20, 29,  8,  5,  1, 36, 26, 18, 17, 16, 15, 25, 23, 30, 39, 43, 47, 24, 12, 21, 38, 40], 1660.86783979, 1987.00197136, 0.,  0.        , 0., 26.        , 31,  1, 31.5)
 (39, [11, 11, 12, 14, 23, 39, 34, 20,  3, 48, 19, 43, 42, 17, 35, 22, 11,  5,  7, 15,  9, 31, 33, 27,  4, 38, 29, 46, 44, 13, 28, 32, 41, 30, 14, 45, 24, 37, 12,  1, 10, 26, 21,  2, 40, 18, 25, 47, 16,  8, 36,  6], 1667.73664948, 1667.73664948, 0.,  0.        , 0.,  9.33333333, 32, 30, 47. )
 (39, [11, 11, 12, 14, 23, 39, 34, 20,  3, 48, 19, 43, 42, 17, 35, 22, 11,  5,  7, 15,  9, 31, 33, 27,  4, 38, 29, 46, 44, 13, 28, 32, 41, 30, 14, 45, 24, 37, 12,  1, 10, 26, 21,  2, 40, 18, 25, 47, 16,  8, 36,  6], 1667.73664948, 1667.73664948, 0.,  0.        , 0.,  9.33333333, 32, 30, 47. )
 (35, [10, 10, 15, 13,  7, 41, 31, 44, 32,  9, 42, 46, 35, 10, 45, 34, 37,  6, 27,  3, 48, 13, 33, 20,  4, 19,  1, 28, 14, 36, 24, 38, 29,  8,  5, 26, 18, 17, 16,  2, 15, 11, 22, 12, 25, 23, 30, 39, 43, 47, 21, 40], 1679.38081914, 1712.38992364, 0.,  0.        , 0., 14.66666667, 33, 15, 40.5)
 (46, [12, 12, 13, 11, 24, 37, 33, 35, 41, 21, 43, 13,  4, 40, 15, 47, 12, 29, 23, 34, 32,  8, 27, 16,  7,  9, 22, 10, 42,  5, 48,  3, 31, 20, 11, 30, 18, 36, 19,  2, 25, 17, 44, 39,  6, 26, 14, 28, 38, 46,  1, 45], 1701.19315161, 1792.25621453, 0., 18.50372469, 0., 14.        , 35, 18, 44. )
 (46, [12, 12, 13, 11, 24, 37, 33, 35, 41, 21, 43, 13,  4, 40, 15, 47, 12, 29, 23, 34, 32,  8, 27, 16,  7,  9, 22, 10, 42,  5, 48,  3, 31, 20, 11, 30, 18, 36, 19,  2, 25, 17, 44, 39,  6, 26, 14, 28, 38, 46,  1, 45], 1701.19315161, 1792.25621453, 0., 18.50372469, 0., 14.        , 35, 18, 44. )
 (36, [12,  9, 16, 11,  7, 41, 31, 44, 32,  9, 42, 46, 35, 10, 45, 34, 37,  6, 27,  3, 48, 11, 13, 33, 22,  4, 20,  5, 47, 19,  1, 28, 14, 36, 29,  8, 26, 18, 17, 16, 15, 25, 12, 24, 30, 23,  2, 39, 43, 21, 38, 40], 1704.98795755, 1799.34496475, 0.,  0.        , 0., 15.33333333, 36, 13, 42.5)
 (15, [10, 10, 14, 14,  7, 41, 31, 44, 32,  9, 42, 46, 35, 37, 34, 10, 45,  6, 27,  3, 48, 11, 13, 22, 33, 20,  4, 19,  1, 28, 14, 29, 30,  8,  5, 26, 18, 40,  2, 24, 36, 39, 23, 16, 17, 15, 25, 47, 12, 21, 38, 43], 1720.66606862, 1720.66606862, 0.,  0.        , 0., 12.        , 37, 23, 48.5)
 (15, [11,  9, 15, 13,  7, 41, 31, 44, 32,  9, 35, 10, 45, 34, 37,  6, 27,  3, 48, 11, 13, 33, 22,  4, 19,  1, 28, 14, 20, 29,  8,  5, 12, 26, 18, 17, 16,  2, 15, 25, 23, 30, 39, 43, 47, 24, 36, 21, 38, 40, 42, 46], 1785.86269658, 1922.80927672, 0.,  0.        , 0., 13.66666667, 38, 19, 47.5)
 (15, [12, 10, 12, 14, 31, 44, 41, 40, 32,  9, 35,  7, 24, 37, 34, 10, 45,  6, 27,  3, 48, 11, 22, 13, 33, 20,  4, 19,  1, 28, 14, 36, 29,  8,  5, 26, 18, 17, 16,  2, 15, 25, 23, 30, 39, 43, 47, 38, 46, 12, 21, 42], 1786.95917594, 1786.95917594, 0.,  0.        , 0., 15.66666667, 39, 10, 44. )
 (15, [11,  9, 15, 13, 32,  7, 40, 31, 24, 42, 44, 35, 41, 37, 34, 10, 45,  6, 27,  3, 48, 11, 22, 13, 33, 20,  4, 19,  1, 28, 14, 36, 29,  8,  5, 26, 18, 17, 16,  2, 15, 25, 23, 30, 39, 43, 47, 38, 46, 12, 21,  9], 1787.69786832, 1787.69786832, 0.,  0.        , 0., 14.66666667, 40, 16, 48. )
 (42, [12, 14, 12, 10, 30,  9, 39, 25, 18,  3, 31,  1, 22, 46, 19, 32, 16, 27, 45, 47, 44,  8, 43, 35, 24, 34,  2, 36, 15,  5,  6, 21, 33, 17, 28, 23, 11, 37, 20, 48, 41, 40, 14, 29,  4,  7, 10, 42, 12, 13, 26, 38], 1850.58651317, 1850.58651317, 0.,  0.        , 0., 16.        , 43,  9, 47.5)
 (42, [12, 14, 12, 10, 30,  9, 39, 25, 18,  3, 31,  1, 22, 46, 19, 32, 16, 27, 45, 47, 44,  8, 43, 35, 24, 34,  2, 36, 15,  5,  6, 21, 33, 17, 28, 23, 11, 37, 20, 48, 41, 40, 14, 29,  4,  7, 10, 42, 12, 13, 26, 38], 1850.58651317, 1850.58651317, 0.,  0.        , 0., 16.        , 43,  9, 47.5)
 (47, [11, 11, 14, 12,  3, 27, 32, 46, 21, 41, 25, 13, 43, 40, 42,  2, 19, 22, 20, 30, 11, 35, 17,  4,  7, 33, 44, 48, 24, 16, 18,  9,  8, 23, 37, 34, 45, 14, 15,  5, 36, 39, 38, 12, 10, 28, 31, 47, 29,  6, 26,  1], 1895.97182989, 1895.97182989, 0.,  0.        , 0., 16.        , 45,  8, 49. )
 (47, [11, 11, 14, 12,  3, 27, 32, 46, 21, 41, 25, 13, 43, 40, 42,  2, 19, 22, 20, 30, 11, 35, 17,  4,  7, 33, 44, 48, 24, 16, 18,  9,  8, 23, 37, 34, 45, 14, 15,  5, 36, 39, 38, 12, 10, 28, 31, 47, 29,  6, 26,  1], 1895.97182989, 1895.97182989, 0.,  0.        , 0., 16.        , 45,  8, 49. )
 (15, [10, 10, 16, 12, 31, 44, 41, 40, 32,  9, 35, 37, 34, 10, 45,  6, 27,  3,  7, 42, 48, 11, 13, 33, 22,  4, 19,  1, 28, 14, 20, 29,  8,  5, 12, 26, 18, 17, 16,  2, 15, 25, 23, 30, 39, 43, 47, 24, 36, 21, 38, 46], 1993.14582459, 2130.09240473, 0.,  0.        , 0., 17.33333333, 46,  6, 49. )
 (43, [12, 12, 11, 13, 42, 35,  1, 25, 17, 26,  7, 48, 23,  6, 18, 14, 46, 19, 34, 16, 15, 29, 24, 20, 39, 38, 37, 30,  5, 13, 27, 28, 33, 44, 43, 22,  8, 36, 45, 31, 21, 41, 32, 12,  4, 40, 47,  9,  3, 10,  2, 11], 2347.25069877, 2460.50686064, 0.,  3.86021267, 0., 25.33333333, 48,  2, 49. )
 (43, [12, 12, 11, 13, 42, 35,  1, 25, 17, 26,  7, 48, 23,  6, 18, 14, 46, 19, 34, 16, 15, 29, 24, 20, 39, 38, 37, 30,  5, 13, 27, 28, 33, 44, 43, 22,  8, 36, 45, 31, 21, 41, 32, 12,  4, 40, 47,  9,  3, 10,  2, 11], 2347.25069877, 2460.50686064, 0.,  3.86021267, 0., 25.33333333, 48,  2, 49. )]