
Total Runtime in seconds: 351.65343046188354Parameters:
population_size: 50, max_generations: 150, executed generations: 149, threshold_no_improvement: 75
target feasible proportion: 12
fitness_scaling: power_rank, selection_method: n_tournaments
p_c: 0.9, p_m: 0.0, NOT YET p_education: 0.0
tournament_size: 2, n_elite: 8
survivor_selection_step: 10, p_selection_survival: 0.7
kill clone step: 5
diversify_step: 20, diversify_step: 20, p_diversify_survival: 0.3
n_closest_neighbors: 3, diversity_weight: 0.5, distance_method: broken_pairs_distance
capacity_penalty_factor: 2, duration_penalty_factor 2, time_window_penalty: 2
Best fitness all generations, best individual before/after local search: 1117.5468490487615, 1117.5468490487615 / 1117.5468490487615
Best individual found before local search: (21, [10,  9, 16, 13,  9, 42, 46, 35, 37,  7, 41, 31, 44, 32, 34, 10, 45,  6, 27,  3, 48, 11, 22, 36, 26, 18, 17, 33, 20, 13,  8, 29,  5, 16, 28,  4, 19, 14,  1, 47, 24, 12, 21, 38, 40, 39, 43,  2, 15, 25, 23, 30], 1117.54684905, 1117.54684905, 0., 0., 0., 0., 19, 32, 35.)
Best individual found after local search: (21, [10,  9, 16, 13,  9, 42, 46, 35, 37,  7, 41, 31, 44, 32, 34, 10, 45,  6, 27,  3, 48, 11, 22, 36, 26, 18, 17, 33, 20, 13,  8, 29,  5, 16, 28,  4, 19, 14,  1, 47, 24, 12, 21, 38, 40, 39, 43,  2, 15, 25, 23, 30], 1117.54684905, 1117.54684905, 0., 0., 0., 0., 19, 32, 35.)
Best feasible individual found: (21, [10,  9, 16, 13,  9, 42, 46, 35, 37,  7, 41, 31, 44, 32, 34, 10, 45,  6, 27,  3, 48, 11, 22, 36, 26, 18, 17, 33, 20, 13,  8, 29,  5, 16, 28,  4, 19, 14,  1, 47, 24, 12, 21, 38, 40, 39, 43,  2, 15, 25, 23, 30], 1117.54684905, 1117.54684905, 0., 0., 0., 0., 19, 32, 35.)

Fitness stats min: [1150.46251171 1149.54365625 1149.54365625 1145.75288693 1145.75288693
 1145.75288693 1145.75288693 1145.75288693 1129.94849918 1129.94849918
 1129.94849918 1129.94849918 1129.94849918 1129.94849918 1129.94849918
 1129.94849918 1129.94849918 1129.94849918 1129.94849918 1129.94849918
 1129.94849918 1129.94849918 1129.94849918 1129.94849918 1129.94849918
 1129.94849918 1129.94849918 1129.94849918 1129.94849918 1129.94849918
 1129.94849918 1129.94849918 1129.94849918 1129.94849918 1129.94849918
 1129.94849918 1129.94849918 1129.94849918 1129.94849918 1129.94849918
 1119.87145102 1117.54684905 1117.54684905 1117.54684905 1117.54684905
 1117.54684905 1117.54684905 1117.54684905 1117.54684905 1117.54684905
 1117.54684905 1117.54684905 1117.54684905 1117.54684905 1117.54684905
 1117.54684905 1117.54684905 1117.54684905 1117.54684905 1117.54684905
 1117.54684905 1117.54684905 1117.54684905 1117.54684905 1117.54684905
 1117.54684905 1117.54684905 1117.54684905 1117.54684905 1117.54684905
 1117.54684905 1117.54684905 1117.54684905 1117.54684905 1117.54684905
 1117.54684905 1117.54684905 1117.54684905 1117.54684905 1117.54684905
 1117.54684905 1117.54684905 1117.54684905 1117.54684905 1117.54684905
 1117.54684905 1117.54684905 1117.54684905 1117.54684905 1117.54684905
 1117.54684905 1117.54684905 1117.54684905 1117.54684905 1117.54684905
 1117.54684905 1117.54684905 1117.54684905 1117.54684905 1117.54684905
 1117.54684905 1117.54684905 1117.54684905 1117.54684905 1117.54684905
 1117.54684905 1117.54684905 1117.54684905 1117.54684905 1117.54684905
 1117.54684905 1117.54684905 1117.54684905 1117.54684905 1117.54684905
 1117.54684905 1117.54684905 1117.54684905 1117.54684905 1117.54684905
 1117.54684905 1117.54684905 1117.54684905 1117.54684905 1117.54684905
 1117.54684905 1117.54684905 1117.54684905 1117.54684905 1117.54684905
 1117.54684905 1117.54684905 1117.54684905 1117.54684905 1117.54684905
 1117.54684905 1117.54684905 1117.54684905 1117.54684905 1117.54684905
 1117.54684905 1117.54684905 1117.54684905 1117.54684905 1117.54684905
 1117.54684905 1117.54684905 1117.54684905 1117.54684905 1117.54684905] 

Fitness stats feasible min: [1150.46251171 1149.54365625 1149.54365625 1145.75288693 1145.75288693
 1145.75288693 1145.75288693 1145.75288693 1129.94849918 1129.94849918
 1129.94849918 1129.94849918 1129.94849918 1129.94849918 1129.94849918
 1129.94849918 1129.94849918 1129.94849918 1129.94849918 1129.94849918
 1129.94849918 1129.94849918 1129.94849918 1129.94849918 1129.94849918
 1129.94849918 1129.94849918 1129.94849918 1129.94849918 1129.94849918
 1129.94849918 1129.94849918 1129.94849918 1129.94849918 1129.94849918
 1129.94849918 1129.94849918 1129.94849918 1129.94849918 1129.94849918
 1119.87145102 1117.54684905 1117.54684905 1117.54684905 1117.54684905
 1117.54684905 1117.54684905 1117.54684905 1117.54684905 1117.54684905
 1117.54684905 1117.54684905 1117.54684905 1117.54684905 1117.54684905
 1117.54684905 1117.54684905 1117.54684905 1117.54684905 1117.54684905
 1117.54684905 1117.54684905 1117.54684905 1117.54684905 1117.54684905
 1117.54684905 1117.54684905 1117.54684905 1117.54684905 1117.54684905
 1117.54684905 1117.54684905 1117.54684905 1117.54684905 1117.54684905
 1117.54684905 1117.54684905 1117.54684905 1117.54684905 1117.54684905
 1117.54684905 1117.54684905 1117.54684905 1117.54684905 1117.54684905
 1117.54684905 1117.54684905 1117.54684905 1117.54684905 1117.54684905
 1117.54684905 1117.54684905 1117.54684905 1117.54684905 1117.54684905
 1117.54684905 1117.54684905 1117.54684905 1117.54684905 1117.54684905
 1117.54684905 1117.54684905 1117.54684905 1117.54684905 1117.54684905
 1117.54684905 1117.54684905 1117.54684905 1117.54684905 1117.54684905
 1117.54684905 1117.54684905 1117.54684905 1117.54684905 1117.54684905
 1117.54684905 1117.54684905 1117.54684905 1117.54684905 1117.54684905
 1117.54684905 1117.54684905 1117.54684905 1117.54684905 1117.54684905
 1117.54684905 1117.54684905 1117.54684905 1117.54684905 1117.54684905
 1117.54684905 1117.54684905 1117.54684905 1117.54684905 1117.54684905
 1117.54684905 1117.54684905 1117.54684905 1117.54684905 1117.54684905
 1117.54684905 1117.54684905 1117.54684905 1117.54684905 1117.54684905
 1117.54684905 1117.54684905 1117.54684905 1117.54684905 1117.54684905] 

Fitness stats avg: [1479.89055418 1431.77202373 1346.82781277 1260.20049729 1206.63761412
 1631.67377008 1278.71918674 1165.64136866 1150.73928017 1147.76836405
 1761.52151436 1331.26455602 1177.87143329 1147.06868092 1130.02431456
 3601.64983293 3217.33917438 2661.25724811 2084.13442582 1670.28826759
 2965.87671974 2351.33692207 1701.37475028 1276.66763729 1174.93425142
 3417.5209739  2908.2676678  2460.91914184 1548.73963553 2298.82409854
 3174.58572526 2454.96287645 1876.20369663 1426.7556113  1253.26861912
 3114.78291895 2404.27862493 1720.15723274 1413.7276766  1211.16380749
 1941.52122411 1258.17051743 1153.22540747 1133.1424515  1125.37405679
 2924.30358851 1779.02470506 1295.46610836 1149.89573999 1131.55370822
 1644.32332971 1132.68086986 1129.35665529 1128.2255253  1128.62729017
 3509.11606833 3168.95878899 2534.04737832 1858.56579921 1461.30800597
 2515.83775618 1599.61167604 2831.33516532 2195.06988042 1738.4736169
 2233.14397787 1564.6795652  1228.87955276 1155.54000313 1119.52677024
 1996.38648802 1343.19678479 1146.09807283 1117.54684905 1117.54684905
 3461.23767986 2766.25333205 2091.16390015 1503.5896453  1284.80366486
 2243.75453686 1533.61248158 2308.29766178 1441.83400706 1188.23023663
 3608.31962739 3255.88736285 2681.01959048 1941.59403792 1490.30847247
 2424.4058367  1531.33268075 1220.16802986 1132.69931453 1117.54684905
 3350.03693801 2773.67600502 2219.24599622 1370.90987303 1172.30260215
 1985.00716899 1286.57974428 2649.88392296 1937.07395265 1449.12627494
 2742.32657845 2007.38963462 1747.87266413 1526.50342884 1290.9998373
 2600.8613385  1684.69771765 1325.34845995 1164.69020019 1138.1538271
 3475.30480361 2768.99213953 2131.09386514 1791.97149412 1427.80385031
 2729.65808961 1745.99648532 2269.95174926 1519.24771047 1143.53732468
 3670.04994908 3106.5817506  2198.1861479  1613.24193485 1291.81540292
 1923.55989187 1409.4896074  1145.42290117 1120.66711852 1117.54684905
 3541.08245239 2879.65369658 1908.22133803 1404.51244865 1152.99309239
 2180.42993132 1581.03592296 2379.08461138 1560.12214034 1218.5622261
 3283.50193011 2680.81540095 2117.12126301 1507.57204932 1232.42027155] 

Feasible stats: [( 0., 50.) ( 0., 50.) (37., 13.) (37., 13.) (47.,  3.) (47.,  3.)
 (41.,  9.) (41.,  9.) (47.,  3.) (47.,  3.) (50.,  0.) (50.,  0.)
 (46.,  4.) (46.,  4.) (50.,  0.) (50.,  0.) (13., 37.) (13., 37.)
 (24., 26.) (24., 26.) (40., 10.) (40., 10.) (28., 22.) (28., 22.)
 (48.,  2.) (48.,  2.) (11., 39.) (11., 39.) (26., 24.) (26., 24.)
 (30., 20.) (30., 20.) (22., 28.) (22., 28.) (37., 13.) (37., 13.)
 (18., 32.) (18., 32.) (39., 11.) (39., 11.) (48.,  2.) (48.,  2.)
 (48.,  2.) (48.,  2.) (50.,  0.) (50.,  0.) (18., 32.) (18., 32.)
 (49.,  1.) (49.,  1.) (49.,  1.) (49.,  1.) (49.,  1.) (49.,  1.)
 (49.,  1.) (49.,  1.) (15., 35.) (15., 35.) (20., 30.) (20., 30.)
 (36., 14.) (36., 14.) (37., 13.) (37., 13.) (30., 20.) (30., 20.)
 (30., 20.) (30., 20.) (50.,  0.) (50.,  0.) (50.,  0.) (50.,  0.)
 (42.,  8.) (42.,  8.) (50.,  0.) (50.,  0.) (15., 35.) (15., 35.)
 (30., 20.) (30., 20.) (46.,  4.) (46.,  4.) (42.,  8.) (42.,  8.)
 (41.,  9.) (41.,  9.) (12., 38.) (12., 38.) (25., 25.) (25., 25.)
 (37., 13.) (37., 13.) (39., 11.) (39., 11.) (50.,  0.) (50.,  0.)
 (13., 37.) (13., 37.) (27., 23.) (27., 23.) (49.,  1.) (49.,  1.)
 (44.,  6.) (44.,  6.) (35., 15.) (35., 15.) (21., 29.) (21., 29.)
 (35., 15.) (35., 15.) (44.,  6.) (44.,  6.) (36., 14.) (36., 14.)
 (50.,  0.) (50.,  0.) (15., 35.) (15., 35.) (27., 23.) (27., 23.)
 (41.,  9.) (41.,  9.) (28., 22.) (28., 22.) (42.,  8.) (42.,  8.)
 (11., 39.) (11., 39.) (29., 21.) (29., 21.) (49.,  1.) (49.,  1.)
 (44.,  6.) (44.,  6.) (50.,  0.) (50.,  0.) (11., 39.) (11., 39.)
 (34., 16.) (34., 16.) (48.,  2.) (48.,  2.) (35., 15.) (35., 15.)
 (41.,  9.) (41.,  9.) (14., 36.) (14., 36.) (28., 22.) (28., 22.)] 
Solution Description: 
p: [  0.          34.54727937  84.87783147 146.34283074 147.44793219
 149.69682399 167.23236515 196.89678693 211.99736014 215.57709004
 215.62221757   0.          18.67738622  22.23054736  33.40380365
  72.71470479  99.27498465 114.28869404 123.44296878 125.30870097
 149.7330236    0.          43.69294771  65.62806933  95.80117124
 147.97253208 247.9261905  248.19313571 317.51317962 318.26627874
 318.93460052 335.81263166 335.98904445 365.54747587 398.27165314
 482.14827158 482.6087245  492.17537356   0.          45.72329507
  52.53455008  63.51155902  77.20165447  89.86625057 124.51415848
 150.66799758 178.9701724  189.48118624 227.40797842 241.35820943
 250.5235971  260.01623432] 
pred: [ 0  0  0  0  0  0  5  5  5  5  5  0  0  0  0  0  0  0  0  0  8  0  0  0
  0  0  4  4  4  4  4  4  4 11 11 11 11 11  0  0  0  0  0  0  0  6  6  8
  8  8  8  8] 
distance [  0.          34.54727937  84.87783147 146.34283074 147.44793219
 149.69682399  17.53554117  47.19996294  62.30053615  65.88026605
  65.92539359   0.          18.67738622  22.23054736  33.40380365
  72.71470479  99.27498465 114.28869404 123.44296878 125.30870097
  24.42432263   0.          43.69294771  65.62806933  95.80117124
 147.97253208  99.95365842 100.22060363 169.54064754 170.29374666
 170.96206844 187.84009958 188.01651237  29.55843142  62.28260869
 146.15922713 146.61968006 156.18632911   0.          45.72329507
  52.53455008  63.51155902  77.20165447  89.86625057 124.51415848
  26.15383911  54.45601392  10.51101384  48.43780602  62.38803703
  71.55342471  81.04606192]
load: [  0  13  35  54  68  79  13  21  31  34  50   0  22  40  65  70  86 102
 112 119  21   0  10  16  33  38  19  35  44  64  84  96 121   9  14  17
  26  38   0  21  40  46  71  86 101  13  37   8  12  26  40  53] 
time: [  0.          80.         115.34683757 171.22731303 252.33358633
 322.         170.         203.         228.39224704 244.56663558
 456.           0.         182.         195.18455016 202.9955528
 231.80134413 398.         440.23624841 473.3964008  510.10459224
 371.           0.         321.         357.24520703 434.
 475.95303324  72.         192.         241.20298871 268.20115563
 282.44169868 317.         446.         257.         279.90630276
 345.84518954 414.06688705 441.06764997   0.         115.
 308.         325.46934669 414.         443.         485.92676098
 207.         459.         121.         226.         329.
 378.         422.56770213] 
time warps: [0 0 0 0 0 0 0 0 0 0 0 0 0 0 0 0 0 0 0 0 0 0 0 0 0 0 0 0 0 0 0 0 0 0 0 0 0
 0 0 0 0 0 0 0 0 0 0 0 0 0 0 0] 
duration: [  0.          41.54727937 116.87783147 195.34283074 200.44793219
 269.41539141  23.53554117  73.83796245  95.93853566 103.51826556
 311.61049336   0.          24.67738622  29.23054736  49.40380365
 105.71470479 284.97668402 320.99039341 347.14466815 353.01040033
  47.42432263   0.          56.69294771  80.62806933 184.45345617
 239.62481701 120.95365842 214.42823731 285.74828122 291.50138034
 300.16970212 332.70578374 447.51118491  35.55843142  92.28260869
 189.15922713 205.61968006 217.18632911   0.          55.72329507
 251.32425496 272.3012639  360.05582284 403.26861412 455.91652202
  48.15383911 315.00222923  17.51101384 155.03431469 244.72426381
 305.6796988  325.17233601]

All individuals: [(21, [10,  9, 16, 13,  9, 42, 46, 35, 37,  7, 41, 31, 44, 32, 34, 10, 45,  6, 27,  3, 48, 11, 22, 36, 26, 18, 17, 33, 20, 13,  8, 29,  5, 16, 28,  4, 19, 14,  1, 47, 24, 12, 21, 38, 40, 39, 43,  2, 15, 25, 23, 30], 1117.54684905, 1117.54684905, 0.,  0.        ,  0.        ,  0.        , 19, 32, 35. )
 (21, [10,  9, 16, 13,  9, 42, 46, 35, 37,  7, 41, 31, 44, 32, 34, 10, 45,  6, 27,  3, 48, 11, 22, 36, 26, 18, 17, 33, 20, 13,  8, 29,  5, 16, 28,  4, 19, 14,  1, 47, 24, 12, 21, 38, 40, 39, 43,  2, 15, 25, 23, 30], 1117.54684905, 1117.54684905, 0.,  0.        ,  0.        ,  0.        ,  1, 50, 26. )
 (21, [10,  9, 16, 13,  9, 42, 46, 35, 37,  7, 41, 31, 44, 32, 34, 10, 45,  6, 27,  3, 48, 11, 22, 36, 26, 18, 17, 33, 20, 13,  8, 29,  5, 16, 28,  4, 19, 14,  1, 47, 24, 12, 21, 38, 40, 39, 43,  2, 15, 25, 23, 30], 1117.54684905, 1117.54684905, 0.,  0.        ,  0.        ,  0.        ,  6, 43, 27.5)
 (21, [10,  9, 16, 13,  9, 42, 46, 35, 37,  7, 41, 31, 44, 32, 34, 10, 45,  6, 27,  3, 48, 11, 22, 36, 26, 18, 17, 33, 20, 13,  8, 29,  5, 16, 28,  4, 19, 14,  1, 47, 24, 12, 21, 38, 40, 39, 43,  2, 15, 25, 23, 30], 1117.54684905, 1117.54684905, 0.,  0.        ,  0.        ,  0.        , 10, 35, 27.5)
 (21, [10,  9, 16, 13,  9, 42, 46, 35, 37,  7, 41, 31, 44, 32, 34, 10, 45,  6, 27,  3, 48, 11, 22, 36, 26, 18, 17, 33, 20, 13,  8, 29,  5, 16, 28,  4, 19, 14,  1, 47, 24, 12, 21, 38, 40, 39, 43,  2, 15, 25, 23, 30], 1117.54684905, 1117.54684905, 0.,  0.        ,  0.        ,  0.        ,  7, 44, 29. )
 (21, [10,  9, 16, 13,  9, 42, 46, 35, 37,  7, 41, 31, 44, 32, 34, 10, 45,  6, 27,  3, 48, 11, 22, 36, 26, 18, 17, 33, 20, 13,  8, 29,  5, 16, 28,  4, 19, 14,  1, 47, 24, 12, 21, 38, 40, 39, 43,  2, 15, 25, 23, 30], 1117.54684905, 1117.54684905, 0.,  0.        ,  0.        ,  0.        , 12, 34, 29. )
 (21, [10,  9, 16, 13,  9, 42, 46, 35, 37,  7, 41, 31, 44, 32, 34, 10, 45,  6, 27,  3, 48, 11, 22, 36, 26, 18, 17, 33, 20, 13,  8, 29,  5, 16, 28,  4, 19, 14,  1, 47, 24, 12, 21, 38, 40, 39, 43,  2, 15, 25, 23, 30], 1117.54684905, 1117.54684905, 0.,  0.        ,  0.        ,  0.        ,  9, 45, 31.5)
 (21, [10,  9, 16, 13,  9, 42, 46, 35, 37,  7, 41, 31, 44, 32, 34, 10, 45,  6, 27,  3, 48, 11, 22, 36, 26, 18, 17, 33, 20, 13,  8, 29,  5, 16, 28,  4, 19, 14,  1, 47, 24, 12, 21, 38, 40, 39, 43,  2, 15, 25, 23, 30], 1117.54684905, 1117.54684905, 0.,  0.        ,  0.        ,  0.        , 13, 37, 31.5)
 (21, [10,  9, 16, 13,  9, 42, 46, 35, 37,  7, 41, 31, 44, 32, 34, 10, 45,  6, 27,  3, 48, 11, 22, 36, 26, 18, 17, 33, 20, 13,  8, 29,  5, 16, 28,  4, 19, 14,  1, 47, 24, 12, 21, 38, 40, 39, 43,  2, 15, 25, 23, 30], 1117.54684905, 1117.54684905, 0.,  0.        ,  0.        ,  0.        ,  8, 47, 31.5)
 (21, [10,  9, 16, 13,  9, 42, 46, 35, 37,  7, 41, 31, 44, 32, 34, 10, 45,  6, 27,  3, 48, 11, 22, 36, 26, 18, 17, 33, 20, 13,  8, 29,  5, 16, 28,  4, 19, 14,  1, 47, 24, 12, 21, 38, 40, 39, 43,  2, 15, 25, 23, 30], 1117.54684905, 1117.54684905, 0.,  0.        ,  0.        ,  0.        , 22, 23, 33.5)
 (21, [10,  9, 16, 13,  9, 42, 46, 35, 37,  7, 41, 31, 44, 32, 34, 10, 45,  6, 27,  3, 48, 11, 22, 36, 26, 18, 17, 33, 20, 13,  8, 29,  5, 16, 28,  4, 19, 14,  1, 47, 24, 12, 21, 38, 40, 39, 43,  2, 15, 25, 23, 30], 1117.54684905, 1117.54684905, 0.,  0.        ,  0.        ,  0.        ,  5, 42, 26. )
 (35, [11, 11, 12, 14, 24,  3, 36,  2, 40, 48,  8, 46, 44, 28,  4, 29, 35, 16,  6, 37, 31,  7, 30, 15, 27, 39, 32, 11, 20, 14, 18, 45,  5,  9, 25, 47, 43, 34,  1, 12, 23, 33, 41, 26, 13, 42, 17, 38, 19, 21, 10, 22], 1117.54684905, 1117.54684905, 0.,  0.        ,  0.        ,  0.        , 13, 37, 31.5)
 (37, [10, 11, 15, 12, 21, 34, 20, 39, 29, 11,  3, 19,  2, 10, 18, 41, 22, 26, 32, 40, 45, 37, 27, 15, 16,  6, 31, 42, 35, 43,  1,  9, 36, 48, 12, 14, 28,  7, 25, 24,  4, 13,  8, 38, 46,  5, 33, 30, 47, 23, 17, 44], 1117.54684905, 1117.54684905, 0.,  0.        ,  0.        ,  0.        , 15, 49, 39.5)
 (38, [11, 15, 12, 10, 41, 45, 46, 47, 31, 28,  5, 19, 18, 22, 17, 23, 44, 12, 25, 30, 24, 39, 21, 20, 10, 35,  7,  9,  2,  3, 27,  4, 26, 38, 29,  8, 32, 33,  6, 43, 15, 11, 16, 13, 36, 34,  1, 48, 14, 37, 40, 42], 1117.54684905, 1117.54684905, 0.,  0.        ,  0.        ,  0.        ,  8, 47, 31.5)
 (39, [13, 11, 12, 12,  7, 22,  8, 42,  5, 17,  3, 14, 26, 33, 24, 37, 41, 13, 23, 36, 29, 40, 27, 18, 30, 32, 44,  2, 11, 48,  1, 20, 43, 12, 45, 21, 39, 34, 16, 46, 31, 10, 25, 15,  6,  9, 28, 47,  4, 19, 35, 38], 1117.54684905, 1117.54684905, 0.,  0.        ,  0.        ,  0.        , 18, 38, 37. )
 (40, [14, 11, 11, 12, 22, 21, 17, 29, 30, 16, 28, 13, 23,  1, 11, 27, 10, 31, 35,  8,  2, 19, 39, 44, 45, 26, 41, 40, 47, 34,  5,  7, 48, 14, 33,  4, 25, 37, 18, 12, 15, 32, 38, 42, 43, 36,  9, 24, 20, 46,  3,  6], 1117.54684905, 1117.54684905, 0.,  0.        ,  0.        ,  0.        , 12, 34, 29. )
 (41, [11, 16, 11, 10, 33, 39, 35, 14,  8, 38,  9, 37, 10,  2, 30, 43, 20, 12, 25, 44, 16, 26, 23,  4, 22,  1, 17, 34, 48,  5, 45, 36, 28, 32, 18, 47, 41, 31, 19, 21, 13, 46, 29, 42, 11, 15, 24,  6,  7, 27, 40,  3], 1117.54684905, 1117.54684905, 0.,  0.        ,  0.        ,  0.        , 10, 35, 27.5)
 (42, [12, 10, 15, 11, 12, 25, 40, 29, 27, 28, 17, 45,  6, 15, 43, 19, 13, 44, 41, 10, 48, 16, 32, 26, 39, 20, 22,  7,  1, 46, 34, 31, 42, 30, 24,  8, 21, 11,  4,  9, 23, 37, 14,  3, 35, 33, 38,  5, 47,  2, 36, 18], 1117.54684905, 1117.54684905, 0.,  0.        ,  0.        ,  0.        , 17, 33, 33.5)
 (43, [11, 12, 10, 15, 21, 38, 18, 24, 17, 44,  8, 22, 10, 25,  3, 13, 15, 11, 30, 42,  1, 39, 26, 28, 29, 35, 19, 47, 14, 27, 16, 12, 36, 20,  2, 32,  7, 34,  6, 41, 40, 43, 46, 31,  5, 45, 48, 37, 33,  4,  9, 23], 1117.54684905, 1117.54684905, 0.,  0.        ,  0.        ,  0.        , 21, 27, 34.5)
 (45, [12, 14, 11, 11, 14, 25, 27,  5, 10, 31, 33, 30, 13, 17, 20, 39, 44, 19, 45, 43,  7, 46, 40, 28, 24,  3,  2, 18, 15, 42, 23, 37,  9, 26, 34, 16, 36, 22,  4,  1, 41,  6, 21, 32, 47, 11, 29, 38,  8, 35, 12, 48], 1117.54684905, 1117.54684905, 0.,  0.        ,  0.        ,  0.        , 30, 30, 45. )
 (46, [11, 12, 14, 11,  7, 28, 48, 33,  5, 12, 21, 17, 32,  3, 13, 41, 22, 40,  6, 23, 29, 31, 37, 10, 38, 20, 30,  1, 14, 45, 46, 18, 35, 43, 47, 24, 36,  4, 42, 11,  9,  2, 44, 15, 16, 19, 27, 39,  8, 34, 26, 25], 1117.54684905, 1117.54684905, 0.,  0.        ,  0.        ,  0.        , 20, 31, 35.5)
 (36, [11, 16, 11, 10, 18, 34, 47, 43, 20, 38, 25, 17, 40, 24, 35, 22, 14, 31,  5,  3, 30, 15, 12, 27, 26,  4,  7, 42, 21, 11, 45, 33, 16, 10, 39,  9, 19,  1, 41, 37, 36,  6, 32,  2, 29, 23, 48, 44,  8, 28, 13, 46], 1117.54684905, 1117.54684905, 0.,  0.        ,  0.        ,  0.        , 14, 21, 24.5)
 (21, [10,  9, 16, 13,  9, 42, 46, 35, 37,  7, 41, 31, 44, 32, 34, 10, 45,  6, 27,  3, 48, 11, 22, 36, 26, 18, 17, 33, 20, 13,  8, 29,  5, 16, 28,  4, 19, 14,  1, 47, 24, 12, 21, 38, 40, 39, 43,  2, 15, 25, 23, 30], 1117.54684905, 1117.54684905, 0.,  0.        ,  0.        ,  0.        ,  4, 41, 24.5)
 (21, [10,  9, 16, 13,  9, 42, 46, 35, 37,  7, 41, 31, 44, 32, 34, 10, 45,  6, 27,  3, 48, 11, 22, 36, 26, 18, 17, 33, 20, 13,  8, 29,  5, 16, 28,  4, 19, 14,  1, 47, 24, 12, 21, 38, 40, 39, 43,  2, 15, 25, 23, 30], 1117.54684905, 1117.54684905, 0.,  0.        ,  0.        ,  0.        , 14, 21, 24.5)
 (49, [14, 10, 12, 12,  7, 30,  1, 13, 26, 20, 40, 28, 27, 25, 18, 23, 47, 12,  2, 10,  8, 44, 14, 22, 17, 11, 48, 31,  6, 29, 35, 45, 43, 36, 39,  4, 46, 42, 21,  3, 16,  5, 33, 41, 34,  9, 15, 38, 19, 37, 32, 24], 1117.54684905, 1117.54684905, 0.,  0.        ,  0.        ,  0.        ,  1, 50, 26. )
 (21, [10,  9, 16, 13,  9, 42, 46, 35, 37,  7, 41, 31, 44, 32, 34, 10, 45,  6, 27,  3, 48, 11, 22, 36, 26, 18, 17, 33, 20, 13,  8, 29,  5, 16, 28,  4, 19, 14,  1, 47, 24, 12, 21, 38, 40, 39, 43,  2, 15, 25, 23, 30], 1117.54684905, 1117.54684905, 0.,  0.        ,  0.        ,  0.        ,  2, 39, 21.5)
 (37, [10,  9, 16, 13,  9, 42, 46, 35, 37,  7, 41, 31, 44, 32, 34, 10, 45,  6, 27,  3, 48, 11, 22, 36, 26, 18, 17, 33, 20, 13,  8, 29,  5, 16, 28,  4, 19, 14,  1, 47, 24, 12, 21, 38, 40, 39, 43,  2, 15, 25, 23, 30], 1117.54684905, 1117.54684905, 0.,  0.        ,  0.        ,  0.        ,  3, 40, 23. )
 (21, [10,  9, 16, 13,  9, 42, 46, 35, 37,  7, 41, 31, 44, 32, 34, 10, 45,  6, 27,  3, 48, 11, 22, 36, 26, 18, 17, 33, 20, 13,  8, 29,  5, 16, 28,  4, 19, 14,  1, 47, 24, 12, 21, 38, 40, 39, 43,  2, 15, 25, 23, 30], 1117.54684905, 1117.54684905, 0.,  0.        ,  0.        ,  0.        ,  1, 50, 26. )
 (21, [10,  9, 16, 13, 42, 46, 35, 37,  7,  9, 41, 31, 44, 32, 34, 10, 45, 22,  6, 27,  3, 48, 11, 36, 26, 18, 17, 33, 20, 13,  8, 29,  5, 16, 28,  4, 19, 14,  1, 47, 24, 12, 21, 38, 40, 39, 43,  2, 15, 25, 23, 30], 1170.32067703, 1170.32067703, 0.,  0.        ,  0.        ,  5.        , 31, 14, 38. )
 (21, [10,  9, 16, 13,  9, 42, 46, 35, 37,  7, 41, 44, 32, 34, 10, 45,  6, 27,  3, 48, 11, 31, 22, 36, 26, 18, 17, 33, 20, 13,  8, 29,  5, 16, 28,  4, 19, 14,  1, 47, 24, 12, 21, 38, 40, 39, 43,  2, 15, 25, 23, 30], 1196.15082946, 1196.15082946, 0.,  0.        ,  0.        ,  3.        , 32, 17, 40.5)
 (21, [10,  9, 16, 13, 42, 46, 37, 41, 31, 44, 32, 34, 10,  7, 35,  9, 45,  6, 27,  3, 48, 11, 22, 36, 26, 18, 17, 33, 20, 13,  8, 29,  5, 16, 28,  4, 19, 14,  1, 47, 24, 12, 21, 38, 40, 39, 43,  2, 15, 25, 23, 30], 1202.41679255, 1244.58768364, 0.,  0.        ,  0.        ,  6.        , 33, 12, 39. )
 (47, [15, 10, 11, 12, 36, 35, 20, 18, 31, 38, 23, 14, 30, 44, 45, 37, 29, 43,  8, 16,  4, 46, 32, 19,  9, 10, 26,  6, 11, 34, 47,  3, 39, 27, 15,  1,  2, 48, 28, 22, 33, 13,  5, 24, 21, 42, 17, 41, 40, 12, 25,  7], 1220.13828711, 1220.13828711, 0.,  0.        ,  0.        ,  7.        , 35,  8, 39. )
 (47, [15, 10, 11, 12, 36, 35, 20, 18, 31, 38, 23, 14, 30, 44, 45, 37, 29, 43,  8, 16,  4, 46, 32, 19,  9, 10, 26,  6, 11, 34, 47,  3, 39, 27, 15,  1,  2, 48, 28, 22, 33, 13,  5, 24, 21, 42, 17, 41, 40, 12, 25,  7], 1220.13828711, 1220.13828711, 0.,  0.        ,  0.        ,  7.        , 35,  8, 39. )
 (21, [10,  7, 18, 13,  9, 42, 46, 35, 37,  7, 41, 31, 44, 32, 34, 10, 45,  6, 27,  3, 48, 11, 22, 36, 26, 18, 17, 33, 20, 13,  8, 29,  5, 16, 28,  4, 19, 14,  1, 47, 24, 12, 21, 38, 40, 39, 43,  2, 15, 25, 23, 30], 1236.59641798, 1236.59641798, 0.,  0.        ,  0.        ,  4.        , 34, 16, 42. )
 (21, [ 9,  9, 17, 13,  9, 42, 46, 35,  7, 41, 31, 44, 37, 34, 10, 45,  6, 27,  3, 48, 11, 32, 36, 14, 26, 18, 17, 33, 20, 13,  8, 29,  5, 16, 28,  4, 19, 22,  1, 47, 24, 12, 21, 38, 40, 39, 43,  2, 15, 25, 23, 30], 1261.14441061, 1323.2615315 , 0.,  0.        ,  0.        ,  1.33333333, 37, 20, 47. )
 (21, [ 9,  9, 17, 13,  9, 42, 46, 35, 37,  7, 41, 31, 44, 32, 34, 10, 45,  6, 27,  3, 48, 11, 22, 36, 26, 18, 17, 33, 20, 13,  8, 29,  5, 16, 28,  4, 19, 14,  1, 47, 24, 12, 21, 38, 40, 39, 43,  2, 15, 25, 23, 30], 1270.48500609, 1270.48500609, 0.,  0.        ,  0.        ,  1.33333333, 36, 19, 45.5)
 (48, [11, 14, 10, 13, 35, 16, 29, 20, 36, 31, 15, 10,  9, 43, 47, 19, 12, 26, 39, 27, 17, 46, 23, 22,  8, 14, 30, 40,  2, 45,  4, 32, 21, 18, 44, 34, 11,  6,  5, 37, 33,  7, 38, 13,  3, 28, 42, 25,  1, 48, 41, 24], 1308.8550649 , 1308.8550649 , 0.,  0.        ,  0.        ,  5.        , 38, 15, 45.5)
 (48, [11, 14, 10, 13, 35, 16, 29, 20, 36, 31, 15, 10,  9, 43, 47, 19, 12, 26, 39, 27, 17, 46, 23, 22,  8, 14, 30, 40,  2, 45,  4, 32, 21, 18, 44, 34, 11,  6,  5, 37, 33,  7, 38, 13,  3, 28, 42, 25,  1, 48, 41, 24], 1308.8550649 , 1308.8550649 , 0.,  0.        ,  0.        ,  5.        , 38, 15, 45.5)
 (21, [ 9, 10, 16, 13, 42, 46, 35, 37,  7, 41, 31, 44, 32, 34, 10, 45,  6, 27,  3, 48, 11, 22, 36,  9, 26, 18, 17, 33, 20, 13,  8, 29,  5, 16, 28,  4, 19, 14,  1, 47, 24, 12, 21, 38, 40, 15, 39, 43,  2, 25, 23, 30], 1331.96704497, 1379.87714473, 0.,  0.        ,  0.        ,  7.        , 39,  9, 43.5)
 (21, [11,  9, 16, 12,  9, 42, 46, 35, 37,  7, 41, 31, 44, 32, 34, 10, 45,  6, 27,  3, 48, 11, 22, 36, 26, 18, 17, 33, 20, 13,  8, 29,  5, 16, 28,  4, 19, 14,  1, 47, 24, 12, 21, 38, 40, 39, 43,  2, 15, 25, 23, 30], 1334.95110616, 1334.95110616, 0.,  0.        ,  0.        ,  2.        , 40, 18, 49. )
 (21, [10,  9, 16, 13,  9, 42, 46, 35, 37,  7, 41, 44, 32, 34, 10, 45,  6, 27,  3, 48, 11, 22, 36, 26, 18, 28, 17, 33, 20, 13,  8, 29,  5, 31, 16,  4, 19, 14,  1, 47, 24, 12, 21, 38, 40, 39, 43,  2, 15, 25, 23, 30], 1367.64747541, 1367.64747541, 0.,  0.        ,  0.        ,  6.        , 41, 13, 47.5)
 (21, [10,  9, 16, 13, 44, 31,  2, 39, 43, 40, 32, 34, 10,  7, 35,  9, 45,  6, 27,  3, 48, 11, 22, 36, 26, 18, 17, 33, 20, 13,  8, 29,  5, 16, 28,  4, 19, 14,  1, 47, 24, 12, 21, 15, 25, 23, 30, 37, 41, 42, 46, 38], 1383.67192389, 1383.67192389, 0.,  0.        ,  0.        , 12.33333333, 42,  5, 44.5)
 (21, [10,  9, 16, 13, 31,  2, 15, 43,  7, 44, 32, 35,  9, 34, 25, 10, 45,  6, 27,  3, 48, 11, 22, 36, 26, 18, 17, 33, 20, 13,  8, 29,  5, 16, 28,  4, 19, 14,  1, 47, 24, 12, 21, 38, 40, 37, 41, 23, 30, 42, 46, 39], 1439.3160357 , 1439.3160357 , 0.,  0.        ,  0.        , 13.33333333, 43,  4, 45. )
 (21, [10,  9, 16, 13,  1, 48, 46, 35, 37,  7, 41, 31, 44, 32, 34, 10, 45,  6, 27, 11, 22, 42,  3, 36, 26, 18, 17, 33, 20, 13,  8, 29,  5, 16, 28,  4, 19,  9, 14, 47, 24, 12, 38, 40, 21, 39, 43,  2, 15, 25, 23, 30], 1563.25584174, 1563.25584174, 0.,  0.        ,  0.        , 12.        , 45,  6, 48. )
 (21, [10,  9, 16, 13,  9, 42, 46, 35, 37,  7, 41, 31, 44, 32, 34, 10, 45,  6, 27, 48, 11, 25, 22, 36, 26, 18, 17, 33, 20, 13,  8, 29,  3,  5, 16, 28,  4, 19, 14,  1, 47, 24, 12, 21, 38, 40, 39, 43,  2, 15, 23, 30], 1626.43267626, 1626.43267626, 0.,  0.        ,  0.        ,  6.        , 46, 10, 51. )
 (21, [10,  7, 16, 15,  9, 34, 44, 10, 41, 32,  7, 31, 35, 42, 46, 37, 45,  6, 27,  3, 48, 11, 22, 36, 26, 18, 17, 33, 20, 13,  8, 29,  5, 16, 28,  4, 19, 14,  1, 47, 24, 12, 21, 38, 40, 39, 43,  2, 15, 30, 25, 23], 1631.87654705, 1631.87654705, 0.,  0.        ,  0.        , 16.66666667, 47,  3, 48.5)
 (44, [12, 13, 13, 10, 44, 22,  8, 47, 24, 39, 48, 43,  1, 21, 13, 41, 40, 19, 14,  9,  3, 10,  7, 35, 38, 18, 28, 12, 45, 37, 17, 16, 27,  5, 20,  4, 42, 31,  2, 25, 33, 29, 30, 11, 32, 46,  6, 23, 15, 36, 26, 34], 1646.40551616, 1646.40551616, 0.,  0.        ,  0.        , 21.66666667, 48,  1, 48.5)
 (44, [12, 13, 13, 10, 44, 22,  8, 47, 24, 39, 48, 43,  1, 21, 13, 41, 40, 19, 14,  9,  3, 10,  7, 35, 38, 18, 28, 12, 45, 37, 17, 16, 27,  5, 20,  4, 42, 31,  2, 25, 33, 29, 30, 11, 32, 46,  6, 23, 15, 36, 26, 34], 1646.40551616, 1646.40551616, 0.,  0.        ,  0.        , 21.66666667, 48,  1, 48.5)
 (21, [10,  9, 16, 13,  9, 42, 46, 35, 37,  7, 41, 31, 44, 32, 34, 10, 45,  6,  2, 39, 43, 40, 27,  3, 48, 11, 22, 36, 26, 18, 17, 33, 20, 13,  8, 29,  5, 16, 28,  4, 19, 14,  1, 47, 24, 12, 15, 25, 23, 30, 21, 38], 1720.65122971, 1812.55834162, 0., 23.72876467, 21.14323008,  6.        , 49, 11, 54.5)
 (21, [11,  9, 15, 13, 42, 46, 35, 37,  7, 41, 31, 44, 34, 10, 45,  6, 27,  3, 48, 22, 17, 18,  9, 11, 43,  2, 26, 23, 36, 13,  8, 29,  5, 16, 28,  4, 19, 14,  1, 47, 24, 12, 21, 38, 40, 32, 33, 20, 39, 15, 25, 30], 1727.84838074, 1752.70760281, 0.,  0.        ,  0.        , 18.        , 50,  2, 51. )]