Population size: 100
Max generations: 2000
Executed generations: 1411
Fitness scaling: power_rank
Selection method: n_tournaments
Adaptive tournament size: 12
Elitism: 13.0
Best fitness found before local search: 1207.4127167449456
Best fitness found after local search: 1207.41
Best individual found: (17, [10,  9, 16, 13, 42, 46, 37, 35,  9,  7, 41, 31, 44, 32, 22, 34, 10, 45,  6, 27,  3, 48, 11, 28,  4, 19,  1,  5, 17, 18, 16, 13, 33, 20, 29,  8, 26, 36, 14, 39,  2, 15, 25, 23, 30, 24, 21, 43, 47, 12, 38, 40], 1207.41271674, 1207.41271674, 0., 0., 1., 1, 7, 4.22)
Total Runtime in seconds: 1439.148755311966
Fitness stats min: [10128.95082994  8229.88664419  7797.21531156  6449.40205495
  6449.2497343   5992.86863916  5592.27900597  5592.27900597
  4125.1857553   4125.1857553   4899.56821449  3878.88207197
  4497.69309206  3662.04930968  3431.36135744  3485.26448661
  3133.62820462  2976.85624236  2950.02068231  2950.02068231
  2534.18646451  2464.40183192  2415.32834242  1999.49412462
  1999.49412462  1999.49412462  1999.49412462  1999.49412462
  1899.82617273  1999.49412462  1999.49412462  1999.49412462
  1997.02750212  1997.02750212  1993.2798471   1993.2798471
  1993.2798471   1993.2798471   1950.58110605  1885.02272477
  1848.45516949  1677.99901573  1658.43790765  1556.33904439
  1535.6167684   1525.98576664  1518.36263145  1490.70029909
  1509.2927396   1507.85889476  1502.24243984  1502.24243984
  1493.17254799  1493.17254799  1485.5494128   1485.5494128
  1485.5494128   1485.5494128   1483.8986888   1453.21536391
  1453.21536391  1453.21536391  1453.21536391  1401.72921064
  1401.72921064  1401.72921064  1401.72921064  1401.72921064
  1401.72921064  1401.72921064  1401.72921064  1401.72921064
  1401.72921064  1401.72921064  1401.72921064  1401.72921064
  1400.3229998   1390.49705736  1390.49705736  1390.49705736
  1378.69110135  1390.49705736  1390.49705736  1368.86515891
  1390.49705736  1390.49705736  1390.49705736  1390.49705736
  1390.49705736  1390.49705736  1379.66680704  1379.66680704
  1390.49705736  1371.55354077  1371.55354077  1371.55354077
  1371.55354077  1359.38088477  1357.33870316  1359.38088477
  1359.38088477  1360.72329044  1356.02597534  1356.02597534
  1356.02597534  1356.02597534  1356.02597534  1356.02597534
  1356.02597534  1349.95624374  1356.02597534  1356.02597534
  1334.39407689  1334.39407689  1334.39407689  1334.39407689
  1334.39407689  1315.09015435  1315.09015435  1315.09015435
  1315.02937196  1315.02937196  1306.05715777  1305.99637537
  1304.95274563  1304.83529714  1315.02937196  1312.75184089
  1312.75184089  1312.75184089  1312.75184089  1315.02937196
  1315.02937196  1315.02937196  1315.02937196  1315.02937196
  1301.73504937  1301.73504937  1312.75184089  1312.75184089
  1312.75184089  1315.02937196  1315.02937196  1312.70476998
  1312.70476998  1312.70476998  1312.70476998  1312.70476998
  1312.70476998  1312.70476998  1312.70476998  1312.70476998
  1312.70476998  1312.70476998  1312.70476998  1312.70476998
  1312.70476998  1312.70476998  1312.70476998  1312.70476998
  1312.70476998  1312.70476998  1312.70476998  1307.56251264
  1307.56251264  1307.56251264  1307.56251264  1304.19877197
  1304.19877197  1304.19877197  1304.19877197  1304.19877197
  1304.19877197  1304.19877197  1304.19877197  1304.19877197
  1301.91036435  1301.91036435  1301.91036435  1301.91036435
  1301.91036435  1301.91036435  1301.91036435  1301.91036435
  1299.18136143  1292.93521804  1292.93521804  1299.63283329
  1299.63283329  1299.63283329  1301.91036435  1301.91036435
  1301.91036435  1301.91036435  1301.91036435  1301.91036435
  1301.91036435  1301.91036435  1301.91036435  1263.79901497
  1263.79901497  1263.79901497  1263.79901497  1263.79901497
  1263.79901497  1263.79901497  1263.79901497  1263.79901497
  1263.79901497  1254.82386867  1254.82386867  1254.82386867
  1254.82386867  1254.82386867  1254.82386867  1254.58851922
  1254.82386867  1254.58851922  1254.82386867  1254.82386867
  1252.09486575  1252.09486575  1252.09486575  1252.09486575
  1252.09486575  1252.09486575  1252.09486575  1252.09486575
  1252.09486575  1252.09486575  1252.09486575  1252.09486575
  1252.09486575  1252.09486575  1252.09486575  1220.94238878
  1220.94238878  1220.94238878  1220.94238878  1220.94238878
  1220.94238878  1220.94238878  1220.94238878  1220.94238878
  1220.94238878  1220.94238878  1220.94238878  1220.94238878
  1220.94238878  1220.94238878  1220.94238878  1220.94238878
  1220.94238878  1220.94238878  1220.94238878  1220.94238878
  1220.94238878  1220.94238878  1220.94238878  1220.94238878
  1220.94238878  1220.94238878  1220.94238878  1220.94238878
  1220.94238878  1220.94238878  1220.94238878  1220.94238878
  1220.94238878  1220.94238878  1220.94238878  1220.94238878
  1220.94238878  1220.94238878  1220.94238878  1220.94238878
  1220.94238878  1220.94238878  1220.94238878  1220.94238878
  1220.94238878  1220.94238878  1220.94238878  1220.94238878
  1220.94238878  1220.94238878  1220.94238878  1220.94238878
  1220.94238878  1220.94238878  1220.94238878  1220.94238878
  1220.94238878  1220.94238878  1220.94238878  1220.94238878
  1220.94238878  1220.94238878  1220.94238878  1220.94238878
  1220.94238878  1220.94238878  1220.94238878  1220.94238878
  1220.94238878  1220.94238878  1220.94238878  1220.94238878
  1220.94238878  1220.94238878  1220.94238878  1220.94238878
  1220.94238878  1220.94238878  1220.94238878  1220.94238878
  1220.94238878  1220.94238878  1220.94238878  1220.94238878
  1220.94238878  1220.94238878  1220.94238878  1220.94238878
  1220.94238878  1220.94238878  1220.94238878  1220.70703933
  1220.70703933  1220.94238878  1220.94238878  1220.94238878
  1220.94238878  1220.94238878  1220.94238878  1220.94238878
  1220.94238878  1220.94238878  1220.94238878  1220.94238878
  1220.94238878  1207.64806619  1207.64806619  1207.64806619
  1220.94238878  1220.94238878  1220.70703933  1220.94238878
  1220.94238878  1220.94238878  1220.94238878  1220.94238878
  1211.9093922   1211.9093922   1211.9093922   1211.9093922
  1211.9093922   1211.9093922   1211.9093922   1211.9093922
  1211.9093922   1211.9093922   1211.9093922   1211.9093922
  1211.9093922   1211.9093922   1211.9093922   1211.9093922
  1211.9093922   1211.9093922   1211.9093922   1211.9093922
  1211.9093922   1211.9093922   1211.9093922   1211.9093922
  1211.67404275  1211.67404275  1211.9093922   1211.9093922
  1211.9093922   1211.9093922   1211.9093922   1211.9093922
  1211.9093922   1211.9093922   1211.9093922   1211.9093922
  1211.9093922   1211.67404275  1211.67404275  1211.67404275
  1211.9093922   1211.9093922   1211.9093922   1211.9093922
  1211.9093922   1211.9093922   1211.9093922   1211.9093922
  1211.9093922   1211.67404275  1207.64806619  1207.64806619
  1207.64806619  1207.64806619  1207.64806619  1207.64806619
  1207.64806619  1207.64806619  1207.64806619  1207.41271674
  1207.64806619  1207.64806619  1207.64806619  1207.64806619
  1207.64806619  1207.64806619  1207.64806619  1207.64806619
  1207.64806619  1207.64806619  1207.64806619  1207.64806619
  1207.64806619  1207.64806619  1207.64806619  1207.64806619
  1207.41271674  1207.41271674  1207.41271674  1207.41271674
  1207.41271674  1207.41271674  1207.64806619  1207.64806619
  1207.64806619  1207.64806619  1207.64806619  1207.64806619
  1207.64806619  1207.41271674  1207.41271674  1207.41271674
  1207.41271674  1207.41271674  1207.41271674  1207.41271674
  1207.41271674  1207.41271674  1207.41271674  1207.41271674
  1207.41271674  1207.41271674  1207.41271674  1207.41271674
  1207.41271674  1207.41271674  1207.41271674  1207.41271674
  1207.41271674  1207.41271674  1207.41271674  1207.41271674
  1207.41271674  1207.41271674  1207.41271674  1207.41271674
  1207.41271674  1207.41271674  1207.41271674  1207.41271674
  1207.41271674  1207.41271674  1207.41271674  1207.41271674
  1207.41271674  1207.41271674  1207.41271674  1207.41271674
  1207.41271674  1207.41271674  1207.41271674  1207.41271674
  1207.41271674  1207.41271674  1207.41271674  1207.41271674
  1207.41271674  1207.41271674  1207.41271674  1207.41271674
  1207.41271674  1207.41271674  1207.41271674  1207.41271674
  1207.41271674  1207.41271674  1207.41271674  1207.41271674
  1207.41271674  1207.41271674  1207.41271674  1207.41271674
  1207.41271674  1207.41271674  1207.41271674  1207.41271674
  1207.41271674  1207.41271674  1207.41271674  1207.41271674
  1207.41271674  1207.41271674  1207.41271674  1207.41271674
  1207.41271674  1207.41271674  1207.41271674  1207.41271674
  1207.41271674  1207.41271674  1207.41271674  1207.41271674
  1207.41271674  1207.41271674  1207.41271674  1207.41271674
  1207.41271674  1207.41271674  1207.41271674  1207.41271674
  1207.41271674  1207.41271674  1207.41271674  1207.41271674
  1207.41271674  1207.41271674  1207.41271674  1207.41271674
  1207.41271674  1207.41271674  1207.41271674  1207.41271674
  1207.41271674  1207.41271674  1207.41271674  1207.41271674
  1207.41271674  1207.41271674  1207.41271674  1207.41271674
  1207.41271674  1207.41271674  1207.41271674  1207.41271674
  1207.41271674  1207.41271674  1207.41271674  1207.41271674
  1207.41271674  1207.41271674  1207.41271674  1207.41271674
  1207.41271674  1207.41271674  1207.41271674  1207.41271674
  1207.41271674  1207.41271674  1207.41271674  1207.41271674
  1207.41271674  1207.41271674  1207.41271674  1207.41271674
  1207.41271674  1207.41271674  1207.41271674  1207.41271674
  1207.41271674  1207.41271674  1207.41271674  1207.41271674
  1207.41271674  1207.41271674  1207.41271674  1207.41271674
  1207.41271674  1207.41271674  1207.41271674  1207.41271674
  1207.41271674  1207.41271674  1207.41271674  1207.41271674
  1207.41271674  1207.41271674  1207.41271674  1207.41271674
  1207.41271674  1207.41271674  1207.41271674  1207.41271674
  1207.41271674  1207.41271674  1207.41271674  1207.41271674
  1207.41271674  1207.41271674  1207.41271674  1207.41271674
  1207.41271674  1207.41271674  1207.41271674  1207.41271674
  1207.41271674  1207.41271674  1207.41271674  1207.41271674
  1207.41271674  1207.41271674  1207.41271674  1207.41271674
  1207.41271674  1207.41271674  1207.41271674  1207.41271674
  1207.41271674  1207.41271674  1207.41271674  1207.41271674
  1207.41271674  1207.41271674  1207.41271674  1207.41271674
  1207.41271674  1207.41271674  1207.41271674  1207.41271674
  1207.41271674  1207.41271674  1207.41271674  1207.41271674
  1207.41271674  1207.41271674  1207.41271674  1207.41271674
  1207.41271674  1207.41271674  1207.41271674  1207.41271674
  1207.41271674  1207.41271674  1207.41271674  1207.41271674
  1207.41271674  1207.41271674  1207.41271674  1207.41271674
  1207.41271674  1207.41271674  1207.41271674  1207.41271674
  1207.41271674  1207.41271674  1207.41271674  1207.41271674
  1207.41271674  1207.41271674  1207.41271674  1207.41271674
  1207.41271674  1207.41271674  1207.41271674  1207.41271674
  1207.41271674  1207.41271674  1207.41271674  1207.41271674
  1207.41271674  1207.41271674  1207.41271674  1207.41271674
  1207.41271674  1207.41271674  1207.41271674  1207.41271674
  1207.41271674  1207.41271674  1207.41271674  1207.41271674
  1207.41271674  1207.41271674  1207.41271674  1207.41271674
  1207.41271674  1207.41271674  1207.41271674  1207.41271674
  1207.41271674  1207.41271674  1207.41271674  1207.41271674
  1207.41271674  1207.41271674  1207.41271674  1207.41271674
  1207.41271674  1207.41271674  1207.41271674  1207.41271674
  1207.41271674  1207.41271674  1207.41271674  1207.41271674
  1207.41271674  1207.41271674  1207.41271674  1207.41271674
  1207.41271674  1207.41271674  1207.41271674  1207.41271674
  1207.41271674  1207.41271674  1207.41271674  1207.41271674
  1207.41271674  1207.41271674  1207.41271674  1207.41271674
  1207.41271674  1207.41271674  1207.41271674  1207.41271674
  1207.41271674  1207.41271674  1207.41271674  1207.41271674
  1207.41271674  1207.41271674  1207.41271674  1207.41271674
  1207.41271674  1207.41271674  1207.41271674  1207.41271674
  1207.41271674  1207.41271674  1207.41271674  1207.41271674
  1207.41271674  1207.41271674  1207.41271674  1207.41271674
  1207.41271674  1207.41271674  1207.41271674  1207.41271674
  1207.41271674  1207.41271674  1207.41271674  1207.41271674
  1207.41271674  1207.41271674  1207.41271674  1207.41271674
  1207.41271674  1207.41271674  1207.41271674  1207.41271674
  1207.41271674  1207.41271674  1207.41271674  1207.41271674
  1207.41271674  1207.41271674  1207.41271674  1207.41271674
  1207.41271674  1207.41271674  1207.41271674  1207.41271674
  1207.41271674  1207.41271674  1207.41271674  1207.41271674
  1207.41271674  1207.41271674  1207.41271674  1207.41271674
  1207.41271674  1207.41271674  1207.41271674  1207.41271674
  1207.41271674  1207.41271674  1207.41271674  1207.41271674
  1207.41271674  1207.41271674  1207.41271674  1207.41271674
  1207.41271674  1207.41271674  1207.41271674  1207.41271674
  1207.41271674  1207.41271674  1207.41271674  1207.41271674
  1207.41271674  1207.41271674  1207.41271674  1207.41271674
  1207.41271674  1207.41271674  1207.41271674  1207.41271674
  1207.41271674  1207.41271674  1207.41271674  1207.41271674
  1207.41271674  1207.41271674  1207.41271674  1207.41271674
  1207.41271674  1207.41271674  1207.41271674  1207.41271674
  1207.41271674  1207.41271674  1207.41271674  1207.41271674
  1207.41271674  1207.41271674  1207.41271674  1207.41271674
  1207.41271674  1207.41271674  1207.41271674  1207.41271674
  1207.41271674  1207.41271674  1207.41271674  1207.41271674
  1207.41271674  1207.41271674  1207.41271674  1207.41271674
  1207.41271674  1207.41271674  1207.41271674  1207.41271674
  1207.41271674  1207.41271674  1207.41271674  1207.41271674
  1207.41271674  1207.41271674  1207.41271674  1207.41271674
  1207.41271674  1207.41271674  1207.41271674  1207.41271674
  1207.41271674  1207.41271674  1207.41271674  1207.41271674
  1207.41271674  1207.41271674  1207.41271674  1207.41271674
  1207.41271674  1207.41271674  1207.41271674  1207.41271674
  1207.41271674  1207.41271674  1207.41271674  1207.41271674
  1207.41271674  1207.41271674  1207.41271674  1207.41271674
  1207.41271674  1207.41271674  1207.41271674  1207.41271674
  1207.41271674  1207.41271674  1207.41271674  1207.41271674
  1207.41271674  1207.41271674  1207.41271674  1207.41271674
  1207.41271674  1207.41271674  1207.41271674  1207.41271674
  1207.41271674  1207.41271674  1207.41271674  1207.41271674
  1207.41271674  1207.41271674  1207.41271674  1207.41271674
  1207.41271674  1207.41271674  1207.41271674  1207.41271674
  1207.41271674  1207.41271674  1207.41271674  1207.41271674
  1207.41271674  1207.41271674  1207.41271674  1207.41271674
  1207.41271674  1207.41271674  1207.41271674  1207.41271674
  1207.41271674  1207.41271674  1207.41271674  1207.41271674
  1207.41271674  1207.41271674  1207.41271674  1207.41271674
  1207.41271674  1207.41271674  1207.41271674  1207.41271674
  1207.41271674  1207.41271674  1207.41271674  1207.41271674
  1207.41271674  1207.41271674  1207.41271674  1207.41271674
  1207.41271674  1207.41271674  1207.41271674  1207.41271674
  1207.41271674  1207.41271674  1207.41271674  1207.41271674
  1207.41271674  1207.41271674  1207.41271674  1207.41271674
  1207.41271674  1207.41271674  1207.41271674  1207.41271674
  1207.41271674  1207.41271674  1207.41271674  1207.41271674
  1207.41271674  1207.41271674  1207.41271674  1207.41271674
  1207.41271674  1207.41271674  1207.41271674  1207.41271674
  1207.41271674  1207.41271674  1207.41271674  1207.41271674
  1207.41271674  1207.41271674  1207.41271674  1207.41271674
  1207.41271674  1207.41271674  1207.41271674  1207.41271674
  1207.41271674  1207.41271674  1207.41271674  1207.41271674
  1207.41271674  1207.41271674  1207.41271674  1207.41271674
  1207.41271674  1207.41271674  1207.41271674  1207.41271674
  1207.41271674  1207.41271674  1207.41271674  1207.41271674
  1207.41271674  1207.41271674  1207.41271674  1207.41271674
  1207.41271674  1207.41271674  1207.41271674  1207.41271674
  1207.41271674  1207.41271674  1207.41271674  1207.41271674
  1207.41271674  1207.41271674  1207.41271674  1207.41271674
  1207.41271674  1207.41271674  1207.41271674  1207.41271674
  1207.41271674  1207.41271674  1207.41271674  1207.41271674
  1207.41271674  1207.41271674  1207.41271674  1207.41271674
  1207.41271674  1207.41271674  1207.41271674  1207.41271674
  1207.41271674  1207.41271674  1207.41271674  1207.41271674
  1207.41271674  1207.41271674  1207.41271674  1207.41271674
  1207.41271674  1207.41271674  1207.41271674  1207.41271674
  1207.41271674  1207.41271674  1207.41271674  1207.41271674
  1207.41271674  1207.41271674  1207.41271674  1207.41271674
  1207.41271674  1207.41271674  1207.41271674  1207.41271674
  1207.41271674  1207.41271674  1207.41271674  1207.41271674
  1207.41271674  1207.41271674  1207.41271674  1207.41271674
  1207.41271674  1207.41271674  1207.41271674  1207.41271674
  1207.41271674  1207.41271674  1207.41271674  1207.41271674
  1207.41271674  1207.41271674  1207.41271674  1207.41271674
  1207.41271674  1207.41271674  1207.41271674  1207.41271674
  1207.41271674  1207.41271674  1207.41271674  1207.41271674
  1207.41271674  1207.41271674  1207.41271674  1207.41271674
  1207.41271674  1207.41271674  1207.41271674  1207.41271674
  1207.41271674  1207.41271674  1207.41271674  1207.41271674
  1207.41271674  1207.41271674  1207.41271674  1207.41271674
  1207.41271674  1207.41271674  1207.41271674  1207.41271674
  1207.41271674  1207.41271674  1207.41271674  1207.41271674
  1207.41271674  1207.41271674  1207.41271674  1207.41271674
  1207.41271674  1207.41271674  1207.41271674  1207.41271674
  1207.41271674  1207.41271674  1207.41271674  1207.41271674
  1207.41271674  1207.41271674  1207.41271674  1207.41271674
  1207.41271674  1207.41271674  1207.41271674  1207.41271674
  1207.41271674  1207.41271674  1207.41271674  1207.41271674
  1207.41271674  1207.41271674  1207.41271674  1207.41271674
  1207.41271674  1207.41271674  1207.41271674  1207.41271674
  1207.41271674  1207.41271674  1207.41271674  1207.41271674
  1207.41271674  1207.41271674  1207.41271674  1207.41271674
  1207.41271674  1207.41271674  1207.41271674  1207.41271674
  1207.41271674  1207.41271674  1207.41271674  1207.41271674
  1207.41271674  1207.41271674  1207.41271674  1207.41271674
  1207.41271674  1207.41271674  1207.41271674  1207.41271674
  1207.41271674  1207.41271674  1207.41271674  1207.41271674
  1207.41271674  1207.41271674  1207.41271674  1207.41271674
  1207.41271674  1207.41271674  1207.41271674  1207.41271674
  1207.41271674  1207.41271674  1207.41271674  1207.41271674
  1207.41271674  1207.41271674  1207.41271674  1207.41271674
  1207.41271674  1207.41271674  1207.41271674  1207.41271674
  1207.41271674  1207.41271674  1207.41271674  1207.41271674
  1207.41271674  1207.41271674  1207.41271674  1207.41271674
  1207.41271674  1207.41271674  1207.41271674  1207.41271674
  1207.41271674  1207.41271674  1207.41271674  1207.41271674
  1207.41271674  1207.41271674  1207.41271674  1207.41271674
  1207.41271674  1207.41271674  1207.41271674  1207.41271674
  1207.41271674  1207.41271674  1207.41271674  1207.41271674
  1207.41271674  1207.41271674  1207.41271674  1207.41271674
  1207.41271674  1207.41271674  1207.41271674  1207.41271674
  1207.41271674  1207.41271674  1207.41271674  1207.41271674
  1207.41271674  1207.41271674  1207.41271674  1207.41271674
  1207.41271674  1207.41271674  1207.41271674  1207.41271674
  1207.41271674  1207.41271674  1207.41271674  1207.41271674
  1207.41271674  1207.41271674  1207.41271674  1207.41271674
  1207.41271674  1207.41271674  1207.41271674  1207.41271674
  1207.41271674  1207.41271674  1207.41271674  1207.41271674
  1207.41271674  1207.41271674  1207.41271674  1207.41271674
  1207.41271674  1207.41271674  1207.41271674  1207.41271674
  1207.41271674  1207.41271674  1207.41271674  1207.41271674
  1207.41271674  1207.41271674  1207.41271674  1207.41271674
  1207.41271674  1207.41271674  1207.41271674  1207.41271674
  1207.41271674  1207.41271674  1207.41271674  1207.41271674
  1207.41271674  1207.41271674  1207.41271674  1207.41271674
  1207.41271674  1207.41271674  1207.41271674  1207.41271674
  1207.41271674  1207.41271674  1207.41271674  1207.41271674
  1207.41271674  1207.41271674  1207.41271674  1207.41271674
  1207.41271674  1207.41271674  1207.41271674  1207.41271674
  1207.41271674  1207.41271674  1207.41271674  1207.41271674
  1207.41271674  1207.41271674  1207.41271674  1207.41271674
  1207.41271674  1207.41271674  1207.41271674  1207.41271674
  1207.41271674  1207.41271674  1207.41271674  1207.41271674
  1207.41271674  1207.41271674  1207.41271674  1207.41271674
  1207.41271674  1207.41271674  1207.41271674  1207.41271674
  1207.41271674  1207.41271674  1207.41271674  1207.41271674
  1207.41271674  1207.41271674  1207.41271674  1207.41271674
  1207.41271674  1207.41271674  1207.41271674  1207.41271674
  1207.41271674  1207.41271674  1207.41271674  1207.41271674
  1207.41271674  1207.41271674  1207.41271674  1207.41271674
  1207.41271674  1207.41271674  1207.41271674  1207.41271674
  1207.41271674  1207.41271674  1207.41271674  1207.41271674
  1207.41271674  1207.41271674  1207.41271674  1207.41271674
  1207.41271674  1207.41271674  1207.41271674  1207.41271674
  1207.41271674  1207.41271674  1207.41271674  1207.41271674
  1207.41271674  1207.41271674  1207.41271674  1207.41271674
  1207.41271674  1207.41271674  1207.41271674  1207.41271674
  1207.41271674  1207.41271674  1207.41271674  1207.41271674
  1207.41271674  1207.41271674  1207.41271674  1207.41271674
  1207.41271674  1207.41271674  1207.41271674  1207.41271674
  1207.41271674  1207.41271674  1207.41271674  1207.41271674
  1207.41271674  1207.41271674  1207.41271674  1207.41271674
  1207.41271674  1207.41271674  1207.41271674  1207.41271674
  1207.41271674  1207.41271674  1207.41271674  1207.41271674
  1207.41271674  1207.41271674  1207.41271674  1207.41271674
  1207.41271674  1207.41271674  1207.41271674  1207.41271674
  1207.41271674  1207.41271674  1207.41271674  1207.41271674] 
Solution Description: 
p: [  0.          78.51470843 139.9797077  142.21863322 155.90004557
 176.79436928 193.91114573 223.5755675  238.67614072 242.25587061
 242.30099815   0.          24.42432263  43.10170885  46.65486999
  57.82812628  97.13902742 123.69930729 138.71301667 147.86729141
 149.7330236    0.          29.55843142  62.28260869 146.15922713
 148.24727393 206.55166261 277.19863445 278.93334009 281.30172345
 410.43865003 426.00501353 426.27195874 442.09899021 459.91175454
 486.70094879 511.25624124 536.11955263   0.          26.15383911
  35.49958378  73.42637596  87.37660697  96.54199465 106.03463186
 144.58916422 162.10109211 175.96502719 221.68832226 234.48723326
 244.61123447 279.25914237] 
pred: [0 0 0 0 3 3 3 3 3 3 3 0 0 1 1 1 1 1 1 1 1 0 0 0 0 0 0 0 0 0 8 8 8 8 8 8 8
 8 0 0 0 0 0 0 0 0 0 0 9 9 9 9] 
distance [  0.          78.51470843 139.9797077  142.21863322  13.68141235
  34.57573607  51.69251251  81.35693429  96.4575075  100.0372374
 100.08236493   0.          24.42432263  18.67738622  22.23054736
  33.40380365  72.71470479  99.27498465 114.28869404 123.44296878
 125.30870097   0.          29.55843142  62.28260869 146.15922713
 148.24727393 206.55166261 277.19863445 278.93334009 281.30172345
 129.13692659 144.70329008 144.97023529 160.79726676 178.6100311
 205.39922534 229.9545178  254.81782918   0.          26.15383911
  35.49958378  73.42637596  87.37660697  96.54199465 106.03463186
 144.58916422 162.10109211 175.96502719  45.72329507  58.52220607
  68.64620728 103.29411518]
load: [  0  22  41  52  14  27  40  48  58  61  77   0  21  22  40  65  70  86
 102 112 119   0   9  14  17  29  41  46  63  88   9  28  44  64  84  90
 100 109   0  13  21  25  39  53  66  85 110 134  21  27  42  57] 
time: [  0.          75.         169.         322.         159.
 173.4613902  206.08403575 228.44603624 253.83828329 270.01267182
 456.           0.         371.         182.         195.18455016
 202.9955528  231.80134413 398.         440.23624841 473.3964008
 510.10459224   0.         257.         279.90630276 345.84518954
 417.1285948  457.04349237 505.59410882 535.54714207 581.98815204
 108.         140.15799758 192.         220.52726534 237.7678084
 289.34400971 321.         362.93620794   0.         207.
 246.16715731 274.57064863 329.         378.         422.56770213
 454.00875402 472.78911403 497.92191475 115.         271.
 443.         485.92676098] 
time warps: [0 0 0 0 0 0 0 0 0 0 0 0 0 0 0 0 0 0 0 0 0 0 0 0 0 0 0 0 0 0 0 0 0 0 0 0 0
 0 0 0 0 0 0 0 0 0 0 0 0 0 0 0] 
duration: [  0.         103.51470843 220.09923223 296.39910594  17.68141235
  45.57573607  68.69251251 108.35693429 130.4575075  138.0372374
 320.68342895   0.          47.42432263  24.67738622  29.23054736
  49.40380365 105.71470479 284.97668402 320.99039341 347.14466815
 353.01040033   0.          35.55843142  92.28260869 189.15922713
 193.24727393 252.55166261 326.19863445 342.93334009 363.30172345
 131.13692659 167.70329008 193.01987139 216.84690286 239.6596672
 268.44886144 312.41493715 353.27824853   0.          48.15383911
  64.49958378 125.42637596 166.54567644 227.50111143 246.99374864
 295.548281   317.06020889 353.92414397  55.72329507 217.83191721
 403.26861412 455.91652202]

All individuals: [(17, [10,  9, 16, 13, 42, 46, 37, 35,  9, 11, 48,  3, 27,  6, 45, 10, 34, 22, 32, 44, 31, 41,  7, 28,  4, 19,  1,  5, 17, 18, 16, 13, 33, 20, 29,  8, 26, 36, 14, 39,  2, 15, 25, 23, 30, 24, 21, 43, 47, 12, 38, 40], 1207.41271674, 1207.41271674, 0., 0., 0., 16,  52, 38.62 )
 (17, [10,  9, 16, 13, 42, 46, 37, 35,  9,  7, 41, 31, 44, 32, 22, 34, 10, 45,  6, 27,  3, 48, 11, 28,  4, 19,  1,  5, 17, 18, 16, 13, 33, 20, 29,  8, 26, 36, 14, 39,  2, 15, 25, 23, 30, 24, 21, 43, 47, 12, 38, 40], 1207.41271674, 1207.41271674, 0., 0., 0., 18,  26, 29.31 )
 (17, [10,  9, 16, 13, 42, 46, 37, 35,  9,  7, 41, 31, 44, 32, 22, 34, 10, 45,  6, 27,  3, 48, 11, 28,  4, 19,  1,  5, 17, 18, 16, 13, 33, 20, 29,  8, 26, 36, 14, 39,  2, 15, 25, 23, 30, 24, 21, 43, 47, 12, 38, 40], 1207.41271674, 1207.41271674, 0., 0., 0.,  1, 100, 44.5  )
 (17, [10,  9, 16, 13, 42, 46, 37, 35,  9,  7, 41, 31, 44, 32, 22, 34, 10, 45,  6, 27,  3, 48, 11, 28,  4, 19,  1,  5, 17, 18, 16, 13, 33, 20, 29,  8, 26, 36, 14, 39,  2, 15, 25, 23, 30, 24, 21, 43, 47, 12, 38, 40], 1207.41271674, 1207.41271674, 0., 0., 0., 17,  27, 28.745)
 (17, [10,  9, 16, 13, 42, 46, 37, 35,  9,  7, 41, 31, 44, 32, 22, 34, 10, 45,  6, 27,  3, 48, 11, 28,  4, 19,  1,  5, 17, 18, 16, 13, 33, 20, 29,  8, 26, 36, 14, 39,  2, 15, 25, 23, 30, 24, 21, 43, 47, 12, 38, 40], 1207.41271674, 1207.41271674, 0., 0., 0.,  4,  94, 44.89 )
 (17, [10,  9, 16, 13, 42, 46, 37, 35,  9,  7, 41, 31, 44, 32, 22, 34, 10, 45,  6, 27,  3, 48, 11, 28,  4, 19,  1,  8,  5, 17, 18, 16, 13, 33, 20, 29, 26, 36, 14, 39,  2, 15, 25, 23, 30, 24, 21, 43, 47, 12, 38, 40], 1207.41271674, 1207.41271674, 0., 0., 0.,  1, 100, 44.5  )
 (17, [10,  9, 16, 13, 42, 46, 37, 35,  9,  7, 41, 31, 44, 32, 22, 34, 17, 10, 45,  6, 27,  3, 48, 11, 28,  4, 19,  1,  5, 18, 16, 13, 33, 20, 29,  8, 26, 36, 14, 39,  2, 15, 25, 23, 30, 24, 21, 43, 47, 12, 38, 40], 1207.41271674, 1207.41271674, 0., 0., 0.,  6,  92, 46.02 )
 (17, [10,  9, 16, 13, 42, 46, 26,  8, 29, 20, 33, 13, 16, 18, 17,  5,  1, 19,  4, 28, 11, 48,  3, 27,  6, 45, 10, 34, 22, 32, 44, 31, 41,  7,  9, 35, 37, 36, 14, 39,  2, 15, 25, 23, 30, 24, 21, 43, 47, 12, 38, 40], 1207.41271674, 1207.41271674, 0., 0., 0., 15,  54, 38.49 )
 (17, [10,  9, 16, 13, 42, 46, 37, 35,  9,  7, 41, 31, 44, 32, 22, 34, 10, 45,  6, 27,  3, 48, 11, 28,  4, 19,  1,  5, 17, 18, 16, 13, 33, 20, 29,  8, 26, 36, 14, 39,  2, 15, 25, 23, 30, 24, 21, 43, 47, 12, 38, 40], 1207.41271674, 1207.41271674, 0., 0., 0.,  3,  95, 44.325)
 (17, [10,  9, 16, 13, 42, 46, 37, 35,  9,  7, 41, 31, 44, 32, 22, 34, 10, 45,  6, 27,  3, 48, 11, 28,  4, 19,  1,  5, 17, 18, 16, 13, 33, 20, 29,  8, 26, 36, 14, 39,  2, 15, 25, 23, 30, 24, 21, 43, 47, 12, 38, 40], 1207.41271674, 1207.41271674, 0., 0., 0., 10,  85, 46.975)
 (17, [10,  9, 16, 13, 42, 46, 37, 35,  9,  7, 41, 31, 44, 32, 22, 34, 10, 45,  6, 27,  3, 48, 11, 28,  4, 19,  1,  5, 17, 18, 16, 13, 33, 20, 29,  8, 26, 36, 14, 39,  2, 15, 25, 23, 30, 24, 21, 43, 47, 12, 38, 40], 1207.41271674, 1207.41271674, 0., 0., 0., 18,  26, 29.31 )
 (17, [10,  9, 16, 13, 42, 46, 37, 35,  9,  7, 41, 31, 44, 32, 22, 34, 10, 45,  6, 27,  3, 48, 11, 28,  4, 19,  1,  5, 17, 18, 16, 13, 33, 20, 29,  8, 26, 36, 14, 39,  2, 15, 25, 23, 30, 24, 21, 43, 47, 12, 38, 40], 1207.41271674, 1207.41271674, 0., 0., 0., 13,  80, 47.8  )
 (17, [10,  9, 16, 13, 42, 46, 37, 35,  9,  7, 41, 31, 44, 32, 22, 34, 10, 45,  6, 27,  3, 48, 11, 28,  4, 19,  1,  5, 17, 18, 16, 13, 33, 20, 29,  8, 26, 36, 14, 39,  2, 15, 25, 23, 30, 24, 21, 43, 47, 12, 38, 40], 1207.41271674, 1207.41271674, 0., 0., 0., 16,  52, 38.62 )
 (17, [10,  9, 16, 13, 42, 46, 37, 35,  9,  7, 41, 31, 44, 32, 22, 34, 10, 45,  6, 27,  3, 48, 11, 28,  4, 19,  1,  5, 17, 18, 16, 13, 33, 20, 29,  8, 26, 36, 14, 39,  2, 15, 25, 23, 30, 24, 21, 43, 47, 12, 38, 40], 1207.41271674, 1207.41271674, 0., 0., 0., 17,  27, 28.745)
 (17, [10,  9, 16, 13, 42, 46, 37, 35,  9,  7, 41, 31, 44, 32, 22, 34, 10, 45,  6, 27,  3, 48, 11, 28,  4, 19,  1,  5, 14, 18, 16, 13, 33, 20, 29,  8, 26, 36, 17, 39,  2, 15, 25, 23, 30, 24, 21, 43, 47, 12, 38, 40], 1207.41271674, 1207.41271674, 0., 0., 0.,  3,  95, 44.325)
 (17, [10,  9, 16, 13, 42, 46, 37, 35,  9,  7, 41, 31, 44, 32, 22, 34, 10, 45,  6, 27,  3, 48, 11, 28,  4, 19,  1,  5, 17, 18, 16, 13, 33, 20, 29,  8, 26, 36, 14, 39,  2, 15, 25, 23, 30, 24, 21, 43, 47, 12, 38, 40], 1207.41271674, 1207.41271674, 0., 0., 0.,  2,  97, 44.195)
 (17, [10,  9, 16, 13, 42, 46, 37, 35,  9,  7, 41,  2, 31, 44, 32, 22, 34, 10, 45,  6, 27,  3, 48, 11, 28,  4, 19,  1,  5, 17, 18, 16, 13, 33, 20, 29,  8, 26, 36, 14, 39, 15, 25, 23, 30, 24, 21, 43, 47, 12, 38, 40], 1207.41271674, 1207.41271674, 0., 0., 0., 16,  52, 38.62 )
 (17, [10,  9, 16, 13, 42, 46, 37, 35,  9,  7, 41, 31, 44, 32, 22, 34, 10, 45,  6, 27,  3, 48, 11, 28,  4, 19,  1,  5, 17, 18, 16, 13, 33, 20, 29,  8, 26, 36, 14, 39,  2, 15, 25, 23, 30, 24, 21, 43, 47, 12, 38, 40], 1207.41271674, 1207.41271674, 0., 0., 0., 18,  26, 29.31 )
 (17, [10,  9, 16, 13, 42, 46, 37, 35,  9,  7, 28, 41, 31, 44, 32, 22, 34, 10, 45,  6, 27,  3, 48, 11,  4, 19,  1,  5, 17, 18, 16, 13, 33, 20, 29,  8, 26, 36, 14, 39,  2, 15, 25, 23, 30, 24, 21, 43, 47, 12, 38, 40], 1207.41271674, 1207.41271674, 0., 0., 0., 20,  25, 30.875)
 (17, [10,  9, 16, 13, 42, 46, 37, 35,  9,  7, 41, 31, 44, 32, 22, 34, 10, 45,  6, 27,  3, 48, 11, 28,  4, 19,  1,  5, 17, 18, 16, 13, 33, 20, 29,  8, 26, 36, 14, 39,  2, 15, 25, 23, 30, 24, 21, 43, 47, 12, 38, 40], 1207.41271674, 1207.41271674, 0., 0., 0., 20,  25, 30.875)
 (17, [10,  9, 16, 13, 42, 46, 37, 35,  9,  7, 41, 31, 44, 32, 22, 34, 10, 45,  6, 27,  3, 48, 11, 28,  4, 19,  1,  5, 17, 18, 16, 13, 33, 20, 29,  8, 26, 36, 14, 39,  2, 15, 25, 23, 30, 24, 21, 43, 47, 12, 38, 40], 1207.41271674, 1207.41271674, 0., 0., 0., 18,  26, 29.31 )
 (17, [10,  9, 16, 13, 42, 46, 37, 35,  9,  7, 41, 31, 44, 32, 22, 34, 10, 45,  6, 27,  3, 48, 11, 28,  4, 19,  1,  5, 17, 18, 16, 13, 33, 20, 29,  8, 26, 36, 14, 39,  2, 15, 25, 23, 30, 24, 21, 43, 47, 12, 38, 40], 1207.41271674, 1207.41271674, 0., 0., 0., 20,  25, 30.875)
 (17, [10,  9, 16, 13, 42, 46, 37, 35,  9,  7, 41, 31, 44, 32, 22, 38, 34, 10, 45,  6, 27,  3, 48, 11, 28,  4, 19,  1,  5, 17, 18, 16, 13, 33, 20, 29,  8, 26, 36, 14, 39,  2, 15, 25, 23, 30, 24, 21, 43, 47, 12, 40], 1207.41271674, 1207.41271674, 0., 0., 0., 18,  26, 29.31 )
 (17, [10,  9, 16, 13, 42, 46, 37, 35,  9,  7, 41, 31, 44, 32, 22, 26, 10, 45,  6, 27,  3, 48, 11, 28,  4, 19,  1,  5, 17, 18, 16, 13, 33, 20, 29,  8, 34, 36, 14, 39,  2, 15, 25, 23, 30, 24, 21, 43, 47, 12, 38, 40], 1207.41271674, 1207.41271674, 0., 0., 0., 10,  85, 46.975)
 (17, [10,  9, 16, 13, 42, 46, 37, 35,  9,  7, 41, 31, 44, 32, 22, 34, 10, 45,  6, 27,  3, 48, 11, 28,  4, 19,  1,  5, 17, 18, 16, 13, 33, 20, 29,  8, 26, 36, 14, 39,  2, 15, 25, 23, 30, 24, 21, 43, 47, 12, 38, 40], 1207.41271674, 1207.41271674, 0., 0., 0., 15,  54, 38.49 )
 (17, [10,  9, 16, 13, 42, 46, 37, 35,  9,  7, 41, 31, 44,  8, 22, 34, 10, 45,  6, 27,  3, 48, 11, 28,  4, 19,  1,  5, 17, 18, 16, 13, 33, 20, 29, 32, 26, 36, 14, 39,  2, 15, 25, 23, 30, 24, 21, 43, 47, 12, 38, 40], 1207.41271674, 1207.41271674, 0., 0., 0.,  3,  95, 44.325)
 (17, [10,  9, 16, 13, 42, 46, 37, 35,  9,  7, 41, 31, 44, 32, 22, 34, 10, 45,  6, 27,  3, 48, 11, 28,  4, 19,  1,  5, 17, 18, 16, 13, 33, 20, 29,  8, 26, 36, 14, 39,  2, 15, 25, 23, 30, 24, 21, 43, 47, 12, 38, 40], 1207.41271674, 1207.41271674, 0., 0., 0., 16,  52, 38.62 )
 (17, [10,  9, 16, 13, 42, 46, 37, 35,  9,  7, 41, 31, 44, 32, 22, 34, 10, 45,  6, 27,  3, 48, 11, 28,  4, 19,  1,  5, 17, 18, 16, 13, 33, 20, 29,  8, 26, 36, 14, 39,  2, 15, 25, 23, 30, 24, 21, 43, 47, 12, 38, 40], 1207.41271674, 1207.41271674, 0., 0., 0., 23,  74, 55.19 )
 (17, [10,  9, 16, 13, 42, 46, 37, 35,  9,  7, 41, 31, 44, 32, 22, 34, 10, 45,  6, 27,  3, 48, 11, 28,  4, 19,  1,  5, 17, 18, 16, 13, 33, 20, 29,  8, 26, 36, 14, 39,  2, 15, 25, 23, 30, 24, 21, 43, 47, 12, 38, 40], 1207.41271674, 1207.41271674, 0., 0., 0.,  1, 100, 44.5  )
 (17, [10,  9, 16, 13, 42, 46, 37, 35,  9,  7, 41, 31, 44, 32, 22, 34, 10, 45,  6, 21, 27,  3, 48, 11, 28,  4, 19,  1,  5, 17, 18, 16, 13, 33, 20, 29,  8, 26, 36, 14, 39,  2, 15, 25, 23, 30, 24, 43, 47, 12, 38, 40], 1207.41271674, 1207.41271674, 0., 0., 0., 20,  25, 30.875)
 (17, [10,  9, 16, 13, 42, 46, 37, 35,  9,  7, 41, 31, 44, 32, 22, 34, 10, 45,  6, 27,  3, 48, 11, 28,  4, 19,  1,  5, 17, 18, 16, 13, 33, 20, 29,  8, 26, 36, 14, 39,  2, 15, 25, 23, 30, 24, 21, 43, 47, 12, 38, 40], 1207.41271674, 1207.41271674, 0., 0., 0., 16,  52, 38.62 )
 (17, [10,  9, 16, 13, 42, 46, 37, 35,  9,  7, 41, 31, 44, 32, 22, 34, 10, 45,  6, 27,  3, 48, 11, 28,  4, 19,  1,  5, 17, 18, 16, 13, 33, 20, 29,  8, 26, 36, 14, 39,  2, 15, 25, 23, 30, 24, 21, 43, 47, 12, 38, 40], 1207.41271674, 1207.41271674, 0., 0., 0., 12,  81, 47.235)
 (17, [10,  9, 16, 13, 42, 46, 37, 35,  9,  7, 41, 31, 44, 32, 22, 34, 10, 45,  6, 27,  3, 48, 11, 28,  4, 19,  1,  5, 17, 18, 16, 13, 33, 20, 29,  8, 26, 36, 14, 39,  2, 15, 25, 23, 30, 24, 21, 43, 47, 12, 38, 40], 1207.41271674, 1207.41271674, 0., 0., 0., 15,  54, 38.49 )
 (17, [10,  9, 16, 13, 42, 46, 37, 35,  9,  7, 41, 31, 44, 32, 22, 34, 10, 45,  6, 27,  3, 48, 11, 28,  4, 19,  1,  5, 17, 18, 16, 13, 33, 20, 29,  8, 26, 36, 14, 39,  2, 15, 25, 23, 30, 24, 21, 43, 47, 12, 38, 40], 1207.41271674, 1207.41271674, 0., 0., 0., 14,  78, 47.93 )
 (17, [10,  9, 16, 13, 42, 46, 37, 35,  9,  7, 41, 31, 44, 32, 22, 34, 10, 45,  6, 27,  3, 48, 11, 36,  4, 19,  1,  5, 17, 18, 16, 13, 33, 20, 29,  8, 26, 28, 14, 39,  2, 15, 25, 23, 30, 24, 21, 43, 47, 12, 38, 40], 1207.41271674, 1207.41271674, 0., 0., 0.,  3,  95, 44.325)
 (17, [10,  9, 16, 13, 42, 46, 37, 35,  9,  7, 41, 31, 44, 32, 22, 34, 10, 45,  6, 27,  3, 48, 11, 28,  4, 19,  1,  5, 17, 18, 16, 13, 33, 20, 29,  8, 26, 36, 14, 39,  2, 15, 25, 23, 30, 24, 21, 43, 47, 12, 38, 40], 1207.41271674, 1207.41271674, 0., 0., 0., 17,  27, 28.745)
 (17, [10,  9, 16, 13, 42, 46, 37, 35,  9,  7, 41, 31, 44, 32, 22, 34, 10, 26, 45,  6, 27,  3, 48, 11, 28,  4, 19,  1,  5, 17, 18, 16, 13, 33, 20, 29,  8, 36, 14, 39,  2, 15, 25, 23, 30, 24, 21, 43, 47, 12, 38, 40], 1207.41271674, 1207.41271674, 0., 0., 0., 16,  52, 38.62 )
 (17, [10,  9, 16, 13, 42, 46, 37, 35,  9,  7, 41, 31, 44, 32, 22, 34, 10, 45,  6, 27,  3, 48, 11, 28,  4, 19,  1,  5, 17, 18, 16, 13, 33, 20, 29,  8, 43, 36, 14, 39,  2, 15, 25, 23, 30, 24, 21, 26, 47, 12, 38, 40], 1207.41271674, 1207.41271674, 0., 0., 0., 15,  54, 38.49 )
 (17, [10,  9, 16, 13, 42, 46, 37, 35,  9,  7, 41, 31, 44, 32, 22, 34, 10, 45,  6, 27,  3, 48, 11, 28,  4, 19,  1,  5, 17, 18, 16, 13, 33, 20, 29,  8, 26, 36, 14, 39,  2, 15, 25, 23, 30, 24, 21, 43, 47, 12, 38, 40], 1207.41271674, 1207.41271674, 0., 0., 0.,  4,  94, 44.89 )
 (17, [10,  9, 16, 13, 42, 46, 37, 35,  9,  7, 41, 31, 44, 32, 22, 34, 10, 45,  6, 27,  3, 48, 11, 28,  4, 19,  1,  5, 17, 18, 16, 13, 33, 20, 29,  8, 26, 36, 14, 39,  2, 15, 25, 23, 30, 24, 21, 43, 47, 12, 38, 40], 1207.41271674, 1207.41271674, 0., 0., 0., 18,  26, 29.31 )
 (17, [10,  9, 16, 13, 42, 46, 37, 35,  9,  7, 41, 31, 44, 32, 22, 34, 10, 45,  6, 27,  3, 48, 11, 28,  4, 19,  1,  5, 17, 18, 16, 13, 33, 20, 29,  8, 26, 36, 14, 39,  2, 15, 25, 23, 40, 38, 12, 47, 43, 21, 24, 30], 1207.41271674, 1207.41271674, 0., 0., 0., 17,  27, 28.745)
 (17, [10,  9, 16, 13, 42, 46, 37, 35,  9,  7, 41, 31, 44, 32, 22, 34, 10, 45,  6, 38, 12, 47, 43, 21, 24, 30, 23, 25, 15,  2, 39, 14, 36, 26,  8, 29, 20, 33, 13, 16, 18, 17,  5,  1, 19,  4, 28, 11, 48,  3, 27, 40], 1207.41271674, 1207.41271674, 0., 0., 0., 20,  25, 30.875)
 (17, [10,  9, 16, 13, 42, 46, 37, 35,  9,  7, 41, 31, 44, 32, 22, 34, 10, 45,  6, 27,  3, 48, 11, 28,  4, 19,  1,  5, 17, 18, 16, 13, 33, 20, 29,  8, 26, 36, 14, 39,  2, 15, 25, 23, 30, 24, 21, 43, 47, 12, 38, 40], 1207.41271674, 1207.41271674, 0., 0., 0., 10,  85, 46.975)
 (17, [10,  9, 16, 13, 42, 46, 37, 35,  9,  7, 41, 31, 44, 32, 22, 34, 10, 45,  6, 27,  3, 48, 11, 28,  8, 19,  1,  5, 17, 18, 16, 13, 33, 20, 29,  4, 26, 36, 14, 39,  2, 15, 25, 23, 30, 24, 21, 43, 47, 12, 38, 40], 1207.41271674, 1207.41271674, 0., 0., 0.,  6,  92, 46.02 )
 (17, [10,  9, 16, 13, 42, 46, 37, 35,  9,  7, 41, 31, 44, 32, 22, 34, 10, 45,  6, 27,  3, 48, 11, 28,  4, 19,  1,  5, 17, 18, 16, 13, 33, 20, 29,  8, 26, 36, 14, 39,  2, 15, 25, 23, 30, 24, 21, 43, 47, 12, 38, 40], 1207.41271674, 1207.41271674, 0., 0., 0.,  4,  94, 44.89 )
 (17, [10,  9, 16, 13, 42, 46, 37, 35,  9,  7, 41, 31, 44, 32, 22, 34, 10, 45,  6, 27,  3, 48, 11, 28,  4, 19,  1,  5, 17, 18, 16, 13, 33, 20, 29,  8, 26, 36, 14, 39,  2, 15, 25, 23, 30, 24, 21, 43, 47, 12, 38, 40], 1207.41271674, 1207.41271674, 0., 0., 0., 18,  26, 29.31 )
 (17, [10,  9, 16, 13, 42, 46, 37, 35,  9,  7, 41, 31, 44, 32, 22, 34, 10, 45,  6, 27,  3, 48, 11, 28,  4, 19,  1,  5, 17, 18, 16, 13, 33, 20, 29,  8, 26, 36, 14, 39,  2, 15, 25, 23, 30, 24, 21, 43, 47, 12, 38, 40], 1207.41271674, 1207.41271674, 0., 0., 0., 16,  52, 38.62 )
 (17, [10,  9, 16, 13, 42, 46, 37, 35,  9,  7, 41, 31, 44, 32, 22, 34, 10, 45,  6, 27,  3, 48, 11, 28,  4, 19,  1,  5, 17, 18, 16, 13, 33, 20, 29,  8, 26, 36, 14, 39,  2, 15, 25, 23, 30, 24, 21, 43, 47, 12, 38, 40], 1207.41271674, 1207.41271674, 0., 0., 0.,  4,  94, 44.89 )
 (17, [10,  9, 16, 13, 42, 46, 37, 35,  9,  7, 41, 31, 44, 32, 22, 34, 10, 45,  6, 27,  3, 48, 11, 28,  4, 19,  1,  5, 17, 18, 16, 13, 33, 20, 29,  8, 26, 36, 14, 39,  2, 15, 25, 23, 30, 24, 21, 43, 47, 12, 38, 40], 1207.41271674, 1207.41271674, 0., 0., 0., 18,  26, 29.31 )
 (17, [10,  9, 16, 13, 42, 46, 37, 35,  9,  7, 41, 31, 44, 32, 22, 34, 10, 45,  6, 27,  3, 48, 11, 28,  4, 19,  1,  5, 17, 18, 16, 13, 33, 20, 29,  8, 26, 36, 14, 39,  2, 15, 25, 23, 30, 24, 21, 43, 47, 12, 38, 40], 1207.41271674, 1207.41271674, 0., 0., 0., 18,  26, 29.31 )
 (17, [10,  9, 16, 13,  3, 46, 37, 35,  9,  7, 41, 31, 44, 32, 22, 34, 10, 45,  6, 27, 42, 48, 11, 28,  4, 19,  1,  5, 17, 18, 16, 13, 33, 20, 29,  8, 26, 36, 14, 39,  2, 15, 25, 23, 30, 24, 21, 43, 47, 12, 38, 40], 1207.41271674, 1207.41271674, 0., 0., 0., 18,  26, 29.31 )
 (17, [10,  9, 16, 13, 42, 46, 37, 35,  9,  7, 41, 31, 44, 32, 22, 34, 10, 45,  6, 27,  3, 48, 11, 28,  4, 19,  1,  5, 17, 18, 16, 13, 33, 20, 29,  8, 26, 36, 14, 39,  2, 15, 25, 23, 30, 24, 21, 43, 47, 12, 38, 40], 1207.41271674, 1207.41271674, 0., 0., 0., 24,  73, 55.755)
 (17, [10,  9, 16, 13, 42, 46, 37, 35,  9,  7, 41, 31, 44, 32, 22, 34, 10, 45,  6, 27,  3, 48, 11, 28,  4, 19,  1,  5, 17, 18, 16, 13, 33, 20, 29,  8, 26, 36, 14, 39,  2, 15, 25, 23, 30, 24, 21, 43, 47, 12, 38, 40], 1207.41271674, 1207.41271674, 0., 0., 0., 18,  26, 29.31 )
 (17, [10,  9, 16, 13, 42, 46, 37, 35,  9,  7, 41, 31,  1, 32, 22, 34, 10, 45,  6, 27,  3, 48, 11, 28,  4, 19, 44,  5, 17, 18, 16, 13, 33, 20, 29,  8, 26, 36, 14, 39,  2, 15, 25, 23, 30, 24, 21, 43, 47, 12, 38, 40], 1207.41271674, 1207.41271674, 0., 0., 0.,  3,  95, 44.325)
 (17, [10,  9, 16, 13, 42, 46, 37, 35,  9,  7, 41, 31, 44, 32, 22, 34, 10, 45,  6, 27,  3, 48, 11, 28,  4, 19,  1,  5, 17, 18, 16, 13, 33, 20, 29,  8, 26, 36, 14, 39,  2, 15, 25, 23, 30, 24, 21, 43, 47, 12, 38, 40], 1207.41271674, 1207.41271674, 0., 0., 0., 20,  25, 30.875)
 (17, [10,  9, 16, 13, 42, 46, 37, 35,  9,  7, 41, 31, 44, 32, 22, 34, 10, 45,  6, 27,  3, 48, 11, 28,  4, 19,  1,  5, 17, 18, 16, 13, 33, 20, 29,  8, 26, 36, 14, 39,  2, 15, 25, 23, 30, 24, 21, 43, 47, 12, 38, 40], 1207.41271674, 1207.41271674, 0., 0., 0., 18,  26, 29.31 )
 (17, [10,  9, 16, 13, 42, 46, 37, 35,  9,  7, 41, 31, 44, 32, 22, 34, 10, 45,  6, 27,  3, 48, 11, 28,  4, 19,  1,  5, 17, 18, 16, 13, 33, 20, 29, 43, 21, 24, 30, 23, 25, 15,  2, 39, 14, 36, 26,  8, 47, 12, 38, 40], 1207.41271674, 1207.41271674, 0., 0., 0.,  8,  87, 45.845)
 (17, [10,  9, 16, 13, 42, 46, 37, 35,  9,  7, 41, 31, 44, 32, 22, 34, 10, 45,  6, 27,  3, 48, 11, 28,  4, 19,  1,  5, 17, 18, 16, 13, 33, 20, 29,  8, 26, 36, 14, 39,  2, 15, 25, 23, 30, 24, 21, 43, 47, 12, 38, 40], 1207.41271674, 1207.41271674, 0., 0., 0.,  6,  92, 46.02 )
 (17, [10,  9, 16, 13, 42, 46, 37, 35,  9,  7, 41, 31, 44, 32, 22, 34, 10, 45,  6, 27,  3, 48, 11, 28,  4, 19,  1,  5, 17, 18, 16, 13, 33, 20, 29,  8, 26, 36, 14, 39,  2, 15, 25, 23, 30, 24, 21, 43, 47, 12, 38, 40], 1207.41271674, 1207.41271674, 0., 0., 0.,  5,  93, 45.455)
 (17, [10,  9, 16, 13, 34, 46, 37, 35,  9,  7, 41, 31, 44, 32, 22, 42, 10, 45,  6, 27,  3, 48, 11, 28,  4, 19,  1,  5, 17, 18, 16, 13, 33, 20, 29,  8, 26, 36, 14, 39,  2, 15, 25, 23, 30, 24, 21, 43, 47, 12, 38, 40], 1207.41271674, 1207.41271674, 0., 0., 0.,  2,  97, 44.195)
 (17, [10,  9, 16, 13, 42, 46, 37, 35,  9,  7, 41, 31, 44, 32, 22, 34, 10, 45,  6, 27,  3, 48, 11, 28,  4, 19,  1,  5, 17, 18, 16, 13, 33, 20, 29,  8, 26, 36, 14, 39,  2, 15, 25, 23, 30, 24, 21, 43, 47, 12, 38, 40], 1207.41271674, 1207.41271674, 0., 0., 0.,  3,  95, 44.325)
 (17, [10,  9, 16, 13, 42, 46, 37, 35,  9,  7, 41, 31, 44, 32, 22, 34, 10, 45,  6, 27,  3, 48, 11, 28,  4, 19,  1,  5, 17, 18, 16, 13, 33, 20, 29,  8, 26, 36, 14, 39,  2, 15, 25, 23, 30, 24, 21, 43, 47, 12, 38, 40], 1207.41271674, 1207.41271674, 0., 0., 0.,  6,  92, 46.02 )
 (17, [10,  9, 16, 13, 42, 46, 37, 35,  9,  7, 41, 31, 44, 32, 22, 34, 10, 45,  6, 27,  3, 48, 11, 28,  4, 19,  1,  5, 17, 18, 16, 13, 33, 20, 29,  8, 26, 36, 14, 39,  2, 15, 25, 23, 30, 24, 21, 43, 47, 12, 38, 40], 1207.41271674, 1207.41271674, 0., 0., 0., 15,  54, 38.49 )
 (17, [10,  9, 16, 13, 42, 46, 37, 35,  9,  7, 41, 31, 44, 32, 22, 34, 10, 45,  6, 27,  3, 48, 11, 28,  4, 19,  1,  5, 17, 18, 16, 13, 33, 20, 29,  8, 26, 36, 14, 39,  2, 15, 25, 23, 30, 24, 21, 43, 47, 12, 38, 40], 1207.41271674, 1207.41271674, 0., 0., 0.,  4,  94, 44.89 )
 (17, [10,  9, 16, 13, 42, 46, 37, 35,  9,  7, 41, 31, 44, 32, 22, 34, 10, 45,  6, 27,  3, 48, 11, 28,  4, 19,  1,  5, 17, 18, 16, 13, 33, 20, 29,  8, 26, 36, 14, 39,  2, 15, 25, 23, 30, 24, 21, 43, 47, 12, 38, 40], 1207.41271674, 1207.41271674, 0., 0., 0., 20,  25, 30.875)
 (17, [10,  9, 16, 13, 42, 46, 37, 35,  9,  7, 41, 31, 44, 32, 22, 34, 10, 45,  6,  1, 27,  3, 48, 11, 28,  4, 19,  5, 17, 18, 16, 13, 33, 20, 29,  8, 26, 36, 14, 39,  2, 15, 25, 23, 30, 24, 21, 43, 47, 12, 38, 40], 1207.41271674, 1207.41271674, 0., 0., 0.,  5,  93, 45.455)
 (17, [10,  9, 16, 13, 42, 46, 37, 35,  9,  7, 41, 31, 44, 32, 22, 34, 10, 45,  6, 27,  3, 48, 11, 28,  4, 19,  1,  5, 17, 18, 16, 13, 33, 20, 29,  8, 26, 36, 14, 39,  2, 15, 25, 23, 30, 24, 21, 43, 47, 12, 38, 40], 1207.41271674, 1207.41271674, 0., 0., 0., 18,  26, 29.31 )
 (17, [10,  9, 16, 13, 42, 46, 37, 35,  9,  7, 41, 31, 44, 32, 22, 34, 10, 45,  6, 27,  3, 48, 11, 28,  4, 19,  1,  5, 17, 18, 16, 13, 33, 20, 29,  8, 26, 36, 14, 39,  2, 15, 25, 23, 30, 24, 21, 43, 47, 12, 38, 40], 1207.41271674, 1207.41271674, 0., 0., 0.,  4,  94, 44.89 )
 (17, [10,  9, 16, 13, 42, 46, 37, 35,  9,  7, 41, 31, 44, 32, 22, 34, 10, 45,  6, 27,  3, 48, 11, 28,  4, 19,  1,  5, 17, 18, 16, 13, 33, 20, 29,  8, 26, 36, 14, 39,  2, 15, 25, 23, 30, 24, 21, 40, 47, 12, 38, 43], 1207.41271674, 1207.41271674, 0., 0., 0., 49,  23, 59.005)
 (17, [10,  9, 16, 13, 42, 46, 37, 35,  9,  7, 41, 31, 44, 32, 22, 34, 10, 45,  6, 27, 40, 38, 12, 47, 43, 21, 24, 30, 23, 25, 15,  2, 39, 14, 36, 26,  8, 29, 20, 33, 13, 16, 18, 17,  5,  1, 19,  4, 28, 11, 48,  3], 1207.41271674, 1207.41271674, 0., 0., 0., 15,  54, 38.49 )
 (17, [10,  9, 16, 13, 42, 46, 37, 35,  9,  7, 41, 31, 44, 32, 22, 34, 10, 45,  6, 27,  3, 48, 11, 28,  4, 19,  1,  5, 17, 18, 16, 13, 33, 20, 29,  8, 26, 36, 14, 39,  2, 15, 25, 23, 30, 24, 21, 43, 47, 12, 38, 40], 1207.41271674, 1207.41271674, 0., 0., 0., 20,  25, 30.875)
 (17, [10,  9, 16, 13, 42, 46, 37, 35,  9,  7, 41, 31, 11, 44, 32, 22, 34, 10, 45,  6, 27,  3, 48, 28,  4, 19,  1,  5, 17, 18, 16, 13, 33, 20, 29,  8, 26, 36, 14, 39,  2, 15, 25, 23, 30, 24, 21, 43, 47, 12, 38, 40], 1207.41271674, 1207.41271674, 0., 0., 0.,  8,  87, 45.845)
 (17, [10,  9, 16, 13, 42, 46, 37, 35,  9,  7, 41, 31, 44, 32, 22, 34, 10, 45,  6, 27, 48,  3, 11, 28,  4, 19,  1,  5, 17, 18, 16, 13, 33, 20, 29,  8, 26, 36, 14, 39,  2, 15, 25, 23, 30, 24, 21, 43, 47, 12, 38, 40], 1207.41271674, 1207.41271674, 0., 0., 0.,  7,  91, 46.585)
 (17, [10,  9, 16, 13, 42,  9, 46, 37, 35,  7, 41, 31, 44, 32, 22, 34, 10, 45,  6, 27,  3, 48, 11, 28,  4, 19,  1,  5, 17, 18, 16, 13, 33, 20, 29,  8, 26, 36, 14, 39,  2, 15, 25, 23, 30, 24, 21, 43, 47, 12, 38, 40], 1207.41271674, 1207.41271674, 0., 0., 0., 17,  27, 28.745)
 (17, [10,  9, 16, 13, 42, 46, 37, 35,  9,  7, 41, 31, 44, 32, 22, 34, 10, 45,  6, 27,  3, 48, 11, 28,  4, 19,  1,  5, 17, 18, 16, 13, 33, 20, 29,  8, 26, 36, 14, 39,  2, 15, 25, 23, 30, 24, 21, 43, 47, 12, 38, 40], 1207.41271674, 1207.41271674, 0., 0., 0., 18,  26, 29.31 )
 (17, [10,  9, 16, 13, 42, 46, 37, 35,  9,  7, 41, 31, 44, 32, 22, 34, 10, 45,  6, 27,  3, 48, 11, 28,  4, 19,  1,  5, 17, 18, 16, 13, 33, 20, 29,  8, 26, 36, 14, 39,  2, 15, 25, 23, 30, 24, 21, 43, 47, 12, 38, 40], 1207.41271674, 1207.41271674, 0., 0., 0., 10,  85, 46.975)
 (17, [10,  9, 16, 13, 42, 46, 37, 35,  9,  7, 41, 31, 44, 32, 22, 34, 10, 45,  6, 27,  3, 48, 11, 28,  4, 19,  1,  5, 17, 18, 16, 13, 33, 20, 29,  8, 26, 36, 14, 39,  2, 15, 25, 23, 30, 24, 21, 43, 47, 12, 38, 40], 1207.41271674, 1207.41271674, 0., 0., 0., 15,  54, 38.49 )
 (17, [10,  9, 16, 13, 42, 46, 37, 35,  9,  7, 41, 31, 44, 32, 22, 34, 10, 45,  6, 27,  3, 48, 11, 28,  4, 19,  1,  5, 17, 18, 16, 13, 33, 20, 29,  8, 26, 36, 14, 39,  2, 15, 25, 23, 30, 24, 21, 43, 47, 12, 38, 40], 1207.41271674, 1207.41271674, 0., 0., 0.,  1, 100, 44.5  )
 (17, [10,  9, 16, 13, 42, 46, 37, 35,  9,  7, 41, 31, 44, 32, 22, 34, 10, 45,  6, 27,  3, 48, 11, 28,  4, 19,  1,  5, 17, 18, 16, 13, 33, 20, 29,  8, 26, 36, 14, 39,  2, 15, 25, 23, 30, 24, 21, 43, 47, 12, 38, 40], 1207.41271674, 1207.41271674, 0., 0., 0.,  1, 100, 44.5  )
 (17, [10,  9, 16, 13, 42, 46, 37, 35,  9,  7, 41, 31, 44, 32, 22, 34, 10, 45,  6, 27,  3, 48, 11, 28,  4, 19,  1,  5, 17, 18, 16, 13, 33, 20, 29,  8, 26, 36, 14, 39,  2, 15, 25, 23, 30, 24, 21, 43, 47, 12, 38, 40], 1207.41271674, 1207.41271674, 0., 0., 0., 20,  25, 30.875)
 (17, [10,  9, 16, 13, 42, 46, 37, 35,  9,  7, 41, 31, 44, 32, 22, 34, 10, 45,  6, 27,  3, 48, 11, 28,  4, 19,  1,  5, 17, 18, 16, 13, 33, 20, 29,  8, 26, 36, 14, 39,  2, 15, 25, 23, 30, 24, 21, 43, 47, 12, 38, 40], 1207.41271674, 1207.41271674, 0., 0., 0., 10,  85, 46.975)
 (17, [10,  9, 16, 13, 42, 46, 37, 35,  9,  7, 41, 31, 44, 32, 20, 34, 10, 45,  6, 27,  3, 48, 11, 28,  4, 19,  1,  5, 17, 18, 16, 13, 33, 22, 29,  8, 26, 36, 14, 39,  2, 15, 25, 23, 30, 24, 21, 43, 47, 12, 38, 40], 1207.41271674, 1207.41271674, 0., 0., 0., 20,  25, 30.875)
 (17, [10,  9, 16, 13, 42, 46, 37, 35,  9,  7, 41, 31, 44, 32, 22, 34, 10, 45,  6, 27,  3, 48, 11, 28,  4, 19,  1,  5, 17, 18, 16, 13, 33, 20, 29,  8, 26, 36, 14, 39,  2, 15, 25, 23, 30, 24, 21, 43, 47, 12, 38, 40], 1207.41271674, 1207.41271674, 0., 0., 0.,  7,  91, 46.585)
 (17, [10,  9, 16, 13, 42, 46, 37, 35,  9,  7, 41, 31, 44, 32, 22, 34, 10, 45,  6, 27,  3, 48, 11, 28,  4, 19,  1,  5, 17, 18, 16, 13, 33, 20, 29,  8, 26, 36, 14, 39,  2, 15, 25, 23, 30, 24, 21, 43, 47, 12, 38, 40], 1207.41271674, 1207.41271674, 0., 0., 0.,  2,  97, 44.195)
 (17, [10,  9, 16, 13, 42, 46, 37, 35,  9,  7, 41, 31, 44, 32, 22, 34, 10, 45,  6, 27,  3, 48, 11, 28,  4, 19,  1,  5, 17, 18, 16, 13, 33, 20, 29,  8, 26, 36, 14, 39,  2, 15, 25, 23, 30, 24, 21, 43, 47, 12, 38, 40], 1207.41271674, 1207.41271674, 0., 0., 0.,  2,  97, 44.195)
 (17, [10,  9, 16, 13, 42, 46, 37, 35,  9,  7, 41, 31, 44, 32, 22, 34, 10, 45,  6, 27,  3, 48, 11, 28,  4, 19,  1,  5, 17, 18, 16, 13, 33, 20, 29,  8, 26, 36, 14, 39,  2, 15, 25, 23, 30, 24, 21, 43, 47, 12, 38, 40], 1207.41271674, 1207.41271674, 0., 0., 0.,  5,  93, 45.455)
 (17, [10,  9, 16, 13, 42, 46, 37, 35,  9,  7, 41, 31, 44, 32, 22, 34, 10, 45,  6, 27,  3, 48, 11, 28,  4, 19,  1,  5, 17, 18, 16, 13, 33, 20, 29,  8, 26, 36, 14, 39,  2, 15, 25, 23, 30, 24, 21, 43, 47, 12, 38, 40], 1207.41271674, 1207.41271674, 0., 0., 0., 24,  73, 55.755)
 (17, [10,  9, 16, 13, 42, 46, 37, 35,  9,  7, 41, 31, 44, 32, 22, 34, 33, 45,  6, 27,  3, 48, 11, 28,  4, 19,  1,  5, 17, 18, 16, 13, 10, 20, 29,  8, 26, 36, 14, 39,  2, 15, 25, 23, 30, 24, 21, 43, 47, 12, 38, 40], 1207.41271674, 1207.41271674, 0., 0., 0., 10,  85, 46.975)
 (17, [10,  9, 16, 13, 42, 46, 37, 35,  9,  7, 41, 31, 44, 32, 22, 34, 10, 45,  6, 27,  3, 48, 11, 28,  4, 19,  1,  5, 17, 18, 16, 13, 33, 20, 29,  8, 26, 36,  2, 39, 14, 15, 25, 23, 30, 24, 21, 43, 47, 12, 38, 40], 1207.41271674, 1207.41271674, 0., 0., 0., 17,  27, 28.745)
 (17, [10,  9, 16, 13, 42, 46, 37, 35,  9,  7, 41, 31, 44, 32, 22, 34, 10, 45,  6, 27,  3, 48, 11, 28,  4, 19,  1,  5, 17, 18, 16, 13, 33, 20, 29,  8, 26, 36, 14, 39,  2, 15, 25, 23, 30, 24, 21, 43, 47, 12, 38, 40], 1207.41271674, 1207.41271674, 0., 0., 0., 17,  27, 28.745)
 (17, [10,  9, 16, 13, 42, 46, 37, 35,  9,  7, 41, 31, 44, 32, 22, 34, 10, 45,  6, 27,  3, 48, 11, 28,  4, 19,  1,  5, 17, 18, 16, 13, 33, 20, 29,  8, 26, 36, 14, 39,  2, 15, 25, 23, 30, 24, 21, 43, 47, 12, 38, 40], 1207.41271674, 1207.41271674, 0., 0., 0., 12,  81, 47.235)
 (17, [10,  9, 16, 13, 42, 46, 37, 35,  9,  7, 41, 31, 44, 32, 22, 34, 10, 45,  6, 27,  3, 48, 11, 28,  4, 19,  1,  5, 17, 18, 16, 13, 33, 20, 29,  8, 26, 36, 14, 39,  2, 15, 25, 23, 30, 24, 21, 43, 47, 12, 38, 40], 1207.41271674, 1207.41271674, 0., 0., 0.,  1, 100, 44.5  )
 (17, [10,  9, 16, 13, 42, 46, 37, 35,  9,  7, 41, 31, 44, 32, 22, 34, 10, 45,  6, 27,  3, 48, 11, 28,  4, 19,  1,  5, 17, 18, 16, 13, 33, 20, 29,  8, 26, 36, 14, 39,  2, 15, 25, 23, 30, 24, 21, 43, 47, 12, 38, 40], 1207.41271674, 1207.41271674, 0., 0., 0.,  8,  87, 45.845)
 (17, [10,  9, 16, 13, 42, 46, 37, 35,  9,  7, 41, 31, 44, 32, 22, 34, 10, 45,  6, 27,  3, 48, 11, 28,  4, 21, 19,  1,  5, 17, 18, 16, 13, 33, 20, 29,  8, 26, 36, 14, 39,  2, 15, 25, 23, 30, 24, 43, 47, 12, 38, 40], 1207.41271674, 1207.41271674, 0., 0., 0., 16,  52, 38.62 )
 (17, [10,  9, 16, 13, 42, 46, 37, 35,  9,  7, 41, 31, 44, 32, 22, 34, 10, 45,  6, 27,  3, 48, 11, 28,  4, 19, 33, 13, 16, 18, 17,  5,  1, 20, 29,  8, 26, 36, 14, 39,  2, 15, 25, 23, 30, 24, 21, 43, 47, 12, 38, 40], 1207.41271674, 1207.41271674, 0., 0., 0., 20,  25, 30.875)
 (17, [10,  9, 16, 13, 42, 46, 37, 35,  9,  7, 41, 31, 44, 32, 22, 34, 10, 45,  6, 27,  3, 48, 11, 28,  4, 19,  1,  5, 17, 18, 16, 13, 33, 20, 29,  8, 26, 36, 14, 39,  2, 15, 25, 23, 30, 24, 21, 43, 47, 12, 38, 40], 1207.41271674, 1207.41271674, 0., 0., 0., 17,  27, 28.745)
 (17, [10,  9, 16, 13, 42, 46, 37, 35,  9,  7, 41, 31, 44, 32, 22, 34, 10, 45,  6, 27,  3, 48, 11, 17,  5,  1, 19,  4, 28, 18, 16, 13, 33, 20, 29,  8, 26, 36, 14, 39,  2, 15, 25, 23, 30, 24, 21, 43, 47, 12, 38, 40], 1207.41271674, 1207.41271674, 0., 0., 0., 18,  26, 29.31 )
 (17, [10,  9, 16, 13, 42, 46, 37, 35,  9,  7, 41, 31, 44, 32, 22, 34, 10, 45,  6, 27,  3, 48, 11, 28,  4, 19,  1,  5, 17, 18, 16, 13, 33, 20, 29,  8, 26, 36, 14, 39,  2, 15, 25, 23, 30, 24, 21, 43, 47, 12, 38, 40], 1207.41271674, 1207.41271674, 0., 0., 0.,  3,  95, 44.325)
 (17, [10,  9, 16, 13, 42, 46, 37, 35,  9,  7, 41, 31, 44, 32, 22, 34, 10, 45,  6, 27,  3, 48, 11, 28,  4, 19,  1,  5, 17, 18, 16, 13, 33, 20, 29,  8, 26, 36, 14, 39,  2, 15, 25, 23, 30, 24, 21, 43, 47, 12, 38, 40], 1207.41271674, 1207.41271674, 0., 0., 0., 20,  25, 30.875)
 (17, [10,  9, 16, 13, 42, 46, 37, 35,  9,  7, 41, 31, 44, 32, 22, 34, 10, 45,  6, 27,  3, 48, 11, 28,  4, 19,  1,  5, 17, 18, 16, 13, 33, 20, 29,  8, 26, 36, 14, 39,  2, 15, 25, 23, 30, 24, 21, 43, 47, 12, 38, 40], 1207.41271674, 1207.41271674, 0., 0., 0.,  2,  97, 44.195)]