Parameters:
population_size: 100, max_generations: 1000, executed generations: 999, threshold_no_improvement: 500
fitness_scaling: power_rank, selection_method: n_tournaments
p_c: 0.9, p_m: 0.3, NOT YET p_education: 0.25
tournament_size: 2, n_elite: 10.0
NOT YET adaptive_step_size: 100.0, tournament_size_increment: 1, elite_increment: 1
survivor_selection_step: 50.0, p_selection_survival: 0.3 
threshold_no_improvement_diversify: 100, diversify_step: 0.1, p_diversify_survival: 0.3
n_closest_neighbors: 3, diversity_weight: 0.75, distance_method: broken_pairs_distance
capacity_penalty_factor: 10.0, duration_penalty_factor 5.0, time_window_penalty: 10.0
Best fitness before/after local search: 1167.6044942725548 / 1167.6044942725548
Best individual found: (33, [10,  9, 16, 13,  9, 42, 46, 35, 37,  7, 41, 31, 44, 32, 34, 11, 22, 10, 45,  6, 48,  3, 27,  4, 19, 14, 28,  1, 16, 17, 18, 13, 33, 20, 29,  8,  5, 26, 23,  2, 36, 15, 25, 30, 47, 12, 24, 39, 43, 21, 38, 40], 1167.60449427, 1167.60449427, 0., 36.50112756, 3., 1, 72, 55.)
Total Runtime in seconds: 1177.2859230041504

Fitness stats min: [8587.31696466 8587.31696466 7857.48640158 7857.48640158 6653.48659053
 6196.25445236 6196.25445236 5718.93136467 5144.94720544 5144.94720544
 4484.77475209 4281.92845207 4281.92845207 3934.67338181 3934.67338181
 3175.45740115 3175.45740115 3012.3322643  3012.3322643  3012.3322643
 3012.3322643  3012.3322643  3012.3322643  3012.3322643  3012.3322643
 2618.76440576 2618.76440576 2301.26815145 2301.26815145 2301.26815145
 2301.26815145 2165.33065586 2165.33065586 2165.33065586 2165.33065586
 2165.33065586 1919.87267316 1919.87267316 1919.87267316 1919.87267316
 1919.87267316 1919.87267316 1919.87267316 1919.87267316 1919.67960587
 1887.52037282 1884.72620888 1884.72620888 1871.12584737 1871.12584737
 1871.12584737 1871.12584737 1871.12584737 1871.12584737 1871.12584737
 1871.12584737 1871.12584737 1871.12584737 1871.12584737 1871.12584737
 1871.12584737 1871.12584737 1871.12584737 1871.12584737 1871.12584737
 1871.12584737 1867.76210669 1867.76210669 1867.76210669 1867.76210669
 1867.76210669 1867.76210669 1867.76210669 1864.48541595 1864.48541595
 1864.48541595 1864.48541595 1864.48541595 1864.48541595 1864.48541595
 1837.64915197 1281.27124212 1281.27124212 1281.27124212 1281.27124212
 1281.27124212 1281.27124212 1281.27124212 1281.27124212 1281.27124212
 1281.27124212 1281.27124212 1266.43273396 1266.43273396 1266.43273396
 1266.43273396 1263.37763065 1263.37763065 1263.37763065 1263.37763065
 1263.37763065 1263.37763065 1263.37763065 1263.37763065 1262.71149406
 1262.71149406 1262.71149406 1262.71149406 1235.77826793 1235.77826793
 1235.77826793 1235.77826793 1235.77826793 1235.77826793 1235.77826793
 1235.77826793 1235.77826793 1235.77826793 1235.77826793 1235.77826793
 1235.77826793 1235.77826793 1235.77826793 1235.77826793 1235.77826793
 1235.77826793 1235.77826793 1230.67926955 1227.37231565 1227.37231565
 1227.37231565 1227.37231565 1226.18717727 1226.18717727 1226.18717727
 1226.18717727 1226.18717727 1226.18717727 1226.18717727 1226.18717727
 1226.18717727 1226.18717727 1226.18717727 1226.18717727 1226.18717727
 1226.18717727 1226.18717727 1226.18717727 1226.18717727 1226.18717727
 1226.18717727 1226.18717727 1226.18717727 1226.18717727 1226.18717727
 1226.18717727 1226.18717727 1226.18717727 1226.18717727 1226.18717727
 1226.18717727 1226.18717727 1226.18717727 1226.18717727 1226.18717727
 1226.18717727 1226.18717727 1226.18717727 1226.18717727 1226.18717727
 1216.91750711 1216.91750711 1216.91750711 1216.91750711 1216.91750711
 1216.91750711 1216.91750711 1216.91750711 1216.91750711 1216.91750711
 1216.91750711 1216.91750711 1212.60259642 1212.60259642 1212.60259642
 1212.60259642 1212.60259642 1212.60259642 1212.60259642 1212.60259642
 1212.60259642 1212.60259642 1212.60259642 1208.08367974 1208.08367974
 1208.08367974 1208.08367974 1208.08367974 1208.08367974 1208.08367974
 1208.08367974 1208.08367974 1208.08367974 1208.08367974 1208.08367974
 1208.08367974 1208.08367974 1208.08367974 1208.08367974 1208.08367974
 1208.08367974 1208.08367974 1208.08367974 1208.08367974 1208.08367974
 1208.08367974 1208.08367974 1208.08367974 1208.08367974 1208.08367974
 1208.08367974 1208.08367974 1208.08367974 1208.08367974 1208.08367974
 1208.08367974 1208.08367974 1208.08367974 1208.08367974 1208.08367974
 1208.08367974 1208.08367974 1208.08367974 1208.08367974 1208.08367974
 1208.08367974 1208.08367974 1208.08367974 1208.08367974 1208.08367974
 1208.08367974 1208.08367974 1208.08367974 1208.08367974 1208.08367974
 1208.08367974 1208.08367974 1208.08367974 1208.08367974 1208.08367974
 1208.08367974 1208.08367974 1208.08367974 1208.08367974 1208.08367974
 1208.08367974 1208.08367974 1208.08367974 1208.08367974 1208.08367974
 1208.08367974 1208.08367974 1208.08367974 1208.08367974 1208.08367974
 1208.08367974 1208.08367974 1208.08367974 1208.08367974 1208.08367974
 1208.08367974 1208.08367974 1208.08367974 1208.08367974 1208.08367974
 1208.08367974 1208.08367974 1208.08367974 1208.08367974 1208.08367974
 1208.08367974 1208.08367974 1208.08367974 1208.08367974 1208.08367974
 1208.08367974 1208.08367974 1208.08367974 1208.08367974 1208.08367974
 1208.08367974 1208.08367974 1208.08367974 1208.08367974 1208.08367974
 1208.08367974 1208.08367974 1208.08367974 1208.08367974 1208.08367974
 1208.08367974 1208.08367974 1208.08367974 1208.08367974 1208.08367974
 1208.08367974 1208.08367974 1207.21938153 1202.40142011 1202.40142011
 1202.40142011 1202.40142011 1202.40142011 1202.40142011 1202.40142011
 1202.40142011 1202.40142011 1202.40142011 1202.40142011 1202.40142011
 1202.40142011 1202.40142011 1202.40142011 1202.40142011 1202.40142011
 1202.40142011 1202.40142011 1202.40142011 1202.40142011 1202.40142011
 1202.40142011 1202.40142011 1202.40142011 1202.40142011 1202.40142011
 1202.40142011 1202.40142011 1202.40142011 1202.40142011 1202.40142011
 1202.40142011 1202.40142011 1202.40142011 1202.40142011 1202.40142011
 1202.40142011 1202.40142011 1202.40142011 1202.40142011 1202.40142011
 1202.40142011 1202.40142011 1202.40142011 1202.40142011 1202.40142011
 1202.40142011 1202.40142011 1202.40142011 1202.40142011 1202.40142011
 1202.40142011 1202.40142011 1202.40142011 1202.40142011 1202.40142011
 1202.40142011 1202.40142011 1202.40142011 1202.40142011 1202.40142011
 1202.40142011 1202.40142011 1202.40142011 1202.40142011 1202.40142011
 1202.40142011 1202.40142011 1202.40142011 1202.40142011 1202.40142011
 1202.40142011 1202.40142011 1202.40142011 1202.40142011 1202.40142011
 1202.40142011 1202.40142011 1202.40142011 1202.40142011 1202.40142011
 1202.40142011 1202.40142011 1202.40142011 1202.40142011 1202.40142011
 1202.40142011 1202.40142011 1202.40142011 1202.40142011 1202.40142011
 1202.40142011 1202.40142011 1202.40142011 1202.40142011 1202.40142011
 1202.40142011 1202.40142011 1202.40142011 1202.40142011 1202.40142011
 1202.40142011 1202.40142011 1202.40142011 1202.40142011 1202.40142011
 1202.40142011 1202.40142011 1202.40142011 1202.40142011 1202.40142011
 1202.40142011 1202.40142011 1202.40142011 1202.40142011 1202.40142011
 1202.40142011 1202.40142011 1202.40142011 1202.40142011 1202.09318997
 1190.04833255 1190.04833255 1190.04833255 1190.04833255 1190.04833255
 1190.04833255 1190.04833255 1190.04833255 1190.04833255 1190.04833255
 1190.04833255 1190.04833255 1190.04833255 1190.04833255 1190.04833255
 1190.04833255 1190.04833255 1190.04833255 1190.04833255 1190.04833255
 1190.04833255 1190.04833255 1190.04833255 1190.04833255 1190.04833255
 1190.04833255 1190.04833255 1190.04833255 1190.04833255 1190.04833255
 1190.04833255 1190.04833255 1190.04833255 1190.04833255 1190.04833255
 1190.04833255 1190.04833255 1190.04833255 1190.04833255 1190.04833255
 1190.04833255 1190.04833255 1190.04833255 1190.04833255 1190.04833255
 1190.04833255 1190.04833255 1190.04833255 1190.04833255 1190.04833255
 1190.04833255 1190.04833255 1190.04833255 1190.04833255 1190.04833255
 1190.04833255 1190.04833255 1190.04833255 1190.04833255 1190.04833255
 1190.04833255 1190.04833255 1190.04833255 1190.04833255 1190.04833255
 1190.04833255 1190.04833255 1190.04833255 1190.04833255 1190.04833255
 1190.04833255 1190.04833255 1190.04833255 1190.04833255 1190.04833255
 1190.04833255 1190.04833255 1190.04833255 1190.04833255 1190.04833255
 1190.04833255 1182.64584563 1182.64584563 1182.64584563 1182.64584563
 1174.98501695 1174.98501695 1174.98501695 1174.98501695 1174.98501695
 1174.98501695 1174.98501695 1174.98501695 1174.98501695 1174.98501695
 1174.98501695 1174.98501695 1174.98501695 1174.98501695 1174.98501695
 1174.98501695 1174.98501695 1174.98501695 1174.98501695 1174.98501695
 1174.98501695 1174.98501695 1174.98501695 1174.98501695 1174.98501695
 1174.98501695 1174.98501695 1174.98501695 1174.98501695 1174.98501695
 1174.98501695 1174.98501695 1174.98501695 1174.98501695 1174.98501695
 1174.98501695 1174.98501695 1174.98501695 1174.98501695 1174.98501695
 1174.98501695 1174.98501695 1174.98501695 1174.98501695 1174.98501695
 1174.98501695 1174.98501695 1174.98501695 1174.98501695 1174.98501695
 1174.98501695 1174.98501695 1174.98501695 1174.98501695 1174.98501695
 1174.98501695 1174.98501695 1174.98501695 1174.98501695 1174.98501695
 1174.98501695 1174.98501695 1174.98501695 1174.98501695 1174.98501695
 1174.98501695 1174.98501695 1174.98501695 1174.98501695 1174.98501695
 1174.98501695 1174.98501695 1174.98501695 1174.98501695 1174.98501695
 1174.98501695 1174.98501695 1174.98501695 1174.98501695 1174.98501695
 1174.98501695 1174.98501695 1174.98501695 1174.98501695 1174.98501695
 1174.98501695 1174.98501695 1174.98501695 1174.98501695 1174.98501695
 1174.98501695 1174.98501695 1174.98501695 1174.98501695 1174.98501695
 1174.98501695 1174.98501695 1174.98501695 1174.98501695 1174.98501695
 1174.98501695 1174.98501695 1174.98501695 1174.98501695 1174.98501695
 1174.98501695 1174.98501695 1174.98501695 1174.98501695 1174.98501695
 1174.98501695 1174.98501695 1174.98501695 1174.98501695 1174.98501695
 1174.98501695 1174.98501695 1174.98501695 1174.98501695 1174.98501695
 1174.98501695 1174.98501695 1174.98501695 1174.98501695 1174.98501695
 1174.98501695 1174.98501695 1174.98501695 1174.98501695 1174.98501695
 1174.98501695 1174.98501695 1174.98501695 1174.98501695 1174.98501695
 1174.98501695 1174.98501695 1174.98501695 1174.98501695 1174.98501695
 1174.98501695 1174.98501695 1174.98501695 1174.98501695 1174.98501695
 1174.98501695 1167.60449427 1167.60449427 1167.60449427 1167.60449427
 1167.60449427 1167.60449427 1167.60449427 1167.60449427 1167.60449427
 1167.60449427 1167.60449427 1167.60449427 1167.60449427 1167.60449427
 1167.60449427 1167.60449427 1167.60449427 1167.60449427 1167.60449427
 1167.60449427 1167.60449427 1167.60449427 1167.60449427 1167.60449427
 1167.60449427 1167.60449427 1167.60449427 1167.60449427 1167.60449427
 1167.60449427 1167.60449427 1167.60449427 1167.60449427 1167.60449427
 1167.60449427 1167.60449427 1167.60449427 1167.60449427 1167.60449427
 1167.60449427 1167.60449427 1167.60449427 1167.60449427 1167.60449427
 1167.60449427 1167.60449427 1167.60449427 1167.60449427 1167.60449427
 1167.60449427 1167.60449427 1167.60449427 1167.60449427 1167.60449427
 1167.60449427 1167.60449427 1167.60449427 1167.60449427 1167.60449427
 1167.60449427 1167.60449427 1167.60449427 1167.60449427 1167.60449427
 1167.60449427 1167.60449427 1167.60449427 1167.60449427 1167.60449427
 1167.60449427 1167.60449427 1167.60449427 1167.60449427 1167.60449427
 1167.60449427 1167.60449427 1167.60449427 1167.60449427 1167.60449427
 1167.60449427 1167.60449427 1167.60449427 1167.60449427 1167.60449427
 1167.60449427 1167.60449427 1167.60449427 1167.60449427 1167.60449427
 1167.60449427 1167.60449427 1167.60449427 1167.60449427 1167.60449427
 1167.60449427 1167.60449427 1167.60449427 1167.60449427 1167.60449427
 1167.60449427 1167.60449427 1167.60449427 1167.60449427 1167.60449427
 1167.60449427 1167.60449427 1167.60449427 1167.60449427 1167.60449427
 1167.60449427 1167.60449427 1167.60449427 1167.60449427 1167.60449427
 1167.60449427 1167.60449427 1167.60449427 1167.60449427 1167.60449427
 1167.60449427 1167.60449427 1167.60449427 1167.60449427 1167.60449427
 1167.60449427 1167.60449427 1167.60449427 1167.60449427 1167.60449427
 1167.60449427 1167.60449427 1167.60449427 1167.60449427 1167.60449427
 1167.60449427 1167.60449427 1167.60449427 1167.60449427 1167.60449427
 1167.60449427 1167.60449427 1167.60449427 1167.60449427 1167.60449427
 1167.60449427 1167.60449427 1167.60449427 1167.60449427 1167.60449427
 1167.60449427 1167.60449427 1167.60449427 1167.60449427 1167.60449427
 1167.60449427 1167.60449427 1167.60449427 1167.60449427 1167.60449427
 1167.60449427 1167.60449427 1167.60449427 1167.60449427 1167.60449427
 1167.60449427 1167.60449427 1167.60449427 1167.60449427 1167.60449427
 1167.60449427 1167.60449427 1167.60449427 1167.60449427 1167.60449427
 1167.60449427 1167.60449427 1167.60449427 1167.60449427 1167.60449427
 1167.60449427 1167.60449427 1167.60449427 1167.60449427 1167.60449427
 1167.60449427 1167.60449427 1167.60449427 1167.60449427 1167.60449427
 1167.60449427 1167.60449427 1167.60449427 1167.60449427 1167.60449427
 1167.60449427 1167.60449427 1167.60449427 1167.60449427 1167.60449427
 1167.60449427 1167.60449427 1167.60449427 1167.60449427 1167.60449427
 1167.60449427 1167.60449427 1167.60449427 1167.60449427 1167.60449427
 1167.60449427 1167.60449427 1167.60449427 1167.60449427 1167.60449427
 1167.60449427 1167.60449427 1167.60449427 1167.60449427 1167.60449427
 1167.60449427 1167.60449427 1167.60449427 1167.60449427 1167.60449427
 1167.60449427 1167.60449427 1167.60449427 1167.60449427 1167.60449427
 1167.60449427 1167.60449427 1167.60449427 1167.60449427 1167.60449427
 1167.60449427 1167.60449427 1167.60449427 1167.60449427 1167.60449427
 1167.60449427 1167.60449427 1167.60449427 1167.60449427 1167.60449427
 1167.60449427 1167.60449427 1167.60449427 1167.60449427 1167.60449427
 1167.60449427 1167.60449427 1167.60449427 1167.60449427 1167.60449427
 1167.60449427 1167.60449427 1167.60449427 1167.60449427 1167.60449427
 1167.60449427 1167.60449427 1167.60449427 1167.60449427 1167.60449427
 1167.60449427 1167.60449427 1167.60449427 1167.60449427 1167.60449427
 1167.60449427 1167.60449427 1167.60449427 1167.60449427 1167.60449427
 1167.60449427 1167.60449427 1167.60449427 1167.60449427 1167.60449427
 1167.60449427 1167.60449427 1167.60449427 1167.60449427 1167.60449427
 1167.60449427 1167.60449427 1167.60449427 1167.60449427 1167.60449427
 1167.60449427 1167.60449427 1167.60449427 1167.60449427 1167.60449427
 1167.60449427 1167.60449427 1167.60449427 1167.60449427 1167.60449427
 1167.60449427 1167.60449427 1167.60449427 1167.60449427 1167.60449427
 1167.60449427 1167.60449427 1167.60449427 1167.60449427 1167.60449427
 1167.60449427 1167.60449427 1167.60449427 1167.60449427 1167.60449427
 1167.60449427 1167.60449427 1167.60449427 1167.60449427 1167.60449427
 1167.60449427 1167.60449427 1167.60449427 1167.60449427 1167.60449427
 1167.60449427 1167.60449427 1167.60449427 1167.60449427 1167.60449427
 1167.60449427 1167.60449427 1167.60449427 1167.60449427 1167.60449427
 1167.60449427 1167.60449427 1167.60449427 1167.60449427 1167.60449427] 

Fitness stats avg: [13179.82722983 13043.42755872 11911.30780957 11167.59605198
 10675.96884223 10638.38248641 10405.35268307 10359.86521288
 10245.13220293  9181.12873698  8703.81029178  9067.11352806
  8259.83166974  7495.07060355  7264.10318086  7045.62168956
  6667.07332467  6513.71194216  6948.58461129  6584.25949758
  6856.17369287  6740.21496677  6977.62498355  6763.97071582
  6757.18183253  6432.21722184  5936.60989945  5541.75900723
  5226.40881643  5282.81195641  4834.49268022  4517.5035175
  4211.16656569  4669.81341946  4490.70557153  4612.20602105
  4662.34231624  4452.40805851  3745.48429593  3890.95900431
  3472.82557789  3627.72429822  3695.79031424  3911.9125291
  3190.24191991  3840.41753945  4178.23577338  3437.03039482
  3492.34865822  3436.76137912 24576.15756007 19814.96349912
 16503.17767634 13926.55384742 11220.59593606  8882.82642357
  7566.63272155  6761.86155607  5897.73133527  5652.50752999
  4892.3378589   4653.03606491  3801.74052074  3692.58021959
  3686.08513156  3799.13534717  3415.67459847  3358.41017264
  3354.28412082  2965.90027022  2984.06707761  4044.93008973
  3553.93568739  3338.0680777   3700.92829404  3381.05747639
  2900.96476665  3382.05959999  3180.76519194  3280.09688457
  3468.97144685  3157.64566281  3227.6086184   2990.40481244
  3002.39276706  3107.53568776  2938.53298083  2988.18646613
  2981.79284929  3197.98387886  3137.06073775  3082.12109065
  2628.94531916  2773.70130591  2331.19552579  2496.27900299
  2422.25770011  2734.00544361  3089.48964273  3411.9559268
 24162.88051412 20278.0641262  17440.95304732 12150.39703509
  8793.22480317  6546.49570443  4479.50009812  4094.04315619
  3992.69162224  4073.36899392  3916.90387715  3691.96952295
  3651.59679316  3192.75565479  3611.52069628  3398.40137964
  3367.03847343  3592.71316403  3222.66953315  3276.86353407
  3302.06408926  2945.84318525  2894.08431735  3118.57814362
  2403.45066018  2810.34026383  2649.97854436  2184.40814946
  2840.98924799  2544.05207421  3195.04643056  3770.24629143
  3384.69698583  3368.03283719  2875.62001829  2709.7839995
  3016.83616492  2835.48682302  2864.73336658  2889.14509112
  2785.74092932  2992.2865668   3198.05147824  3170.04435625
  2656.57580062  2868.81753743  2841.41998012  3130.75323838
  2719.2409901   2710.38064296 25282.96696708 22274.35000128
 18488.72857555 16593.16198221 14247.68676952 11490.54002181
  9852.85259178  8108.56982281  5895.68628238  5005.56140516
  4150.9658138   3151.68272725  2913.05758001  3018.63745076
  3500.97761415  3301.23480703  2343.91554518  2051.82913666
  2119.80039151  2684.00068341  2251.34063925  2573.38695021
  2076.43653335  2823.8182011   2704.83236216  2632.01938879
  2120.89464497  2560.19632063  2145.88699389  2046.49897953
  2142.67467014  2358.06300741  2528.82979574  2287.48320097
  2454.77734006  2552.0194396   2560.82031618  2802.04258875
  2389.7672443   2874.97276908  2538.6525855   2459.79573394
  3176.06974377  2475.19809993  2572.13288255  2149.41519705
  2686.2057021   2545.48681422  2890.53482027  2272.17895924
 23385.9702481  19449.593792   15798.02500942 13552.50609612
 11669.67063958 10386.10578919 10131.65850598  8081.5428327
  7898.04057526  7470.98567883  6515.61196009  6362.91421458
  5067.84761362  5058.74282201  4183.9997509   3554.46551056
  2634.86653512  2699.92982598  2467.6400947   2967.31978857
  3062.96314671  2749.8036814   2857.05465442  2224.18480246
  2624.72843846  2744.27811728  3258.27300901  3054.09550327
  2855.48744974  2364.69052174  2460.85052509  2477.46326525
  2548.65324508  2352.60744895  3332.47433839  2522.4910538
  2308.45629738  2474.49233004  2785.66322858  2540.39959285
  2699.87101435  2247.13854719  2325.51958571  2293.33483603
  2533.29662178  2811.85282224  2065.42114229  2376.79649932
  2385.38806253  2696.72079928 23716.28141011 18520.13923731
 14720.81628923 12425.40159975 10747.36349245  8734.19196138
  7663.41656069  5917.63919712  5170.55024987  4299.47508863
  3972.23451554  3470.44318514  3285.62179022  2731.56583183
  2940.28866989  2936.50553774  3005.6873815   2508.41438464
  2620.36469864  3036.47854321  2879.27287327  2407.62402686
  2364.00014054  2250.27119744  2596.41338586  2406.2378267
  2530.97634837  2320.49944207  2340.65827086  2574.23947655
  2512.94392652  2444.56980853  2620.79670822  2458.57308123
  2426.64994548  2902.17638806  2781.16138416  3175.37841737
  2487.89077906  2337.39618099  2146.50133474  2232.7292632
  2325.13031159  2793.17303629 22145.78222023 18079.84848531
 13182.41666548 10706.88072249  8340.42157813  7547.74476855
 23886.48750112 20054.72100969 15918.97614524 12251.66682269
 10262.02894736  8501.6853536   8362.3268168   6987.72853364
  6169.88623271  5268.8804379   5603.97123839  5654.48203405
  4986.39858621  3956.12343929  3513.84387535  3467.19675198
  4084.33935164  4464.88367031  4067.65679647  4081.28499293
  3946.4161251   3351.17062759  3366.81083787  3289.79224067
  2971.47046716  2623.54560612  2424.07400884  2487.56064491
  2409.28028856  2436.65518246  2614.34456082  2330.12494775
  2510.05571003  2866.30276497  2768.2405507   2179.17672837
  2467.97905368  2738.71060362  2807.90549333  2638.6458576
  2729.13046256  2657.79721412  2549.36877513  2441.18276789
  2869.3869616   2718.64425877  2492.28989982  2620.34654991
  2871.23614489  3080.42136211 21696.95881842 16607.82418974
 12791.87091143  9441.96659068  7914.56392399  6807.44384529
  5906.24543835  4892.35362102  4619.04285954  5073.6991084
  3814.81828373  3206.45961683  2786.80379918  2952.30382817
  3010.20437213  2348.42312519  2697.17582656  2274.23098551
  2377.44312746  2389.35612649  2627.94059826  2391.51036963
  2411.01550238  2523.64544732  2362.68031029  2301.06606718
  2208.83485148  2239.76725487  2164.55073485  2669.81793884
  2565.08309822  2478.67388739  2484.29503009  2203.85963083
  1903.06413701  2535.19778114  2271.89196316  2455.32017206
  2613.46079871  2320.47706443  2608.42079426  2689.36986783
  2806.02695062  2756.70793267  2762.71776816  2320.40446855
  1975.9597872   2736.30877608  2582.24722216  2880.24390817
 23926.08323131 19329.71746348 17584.55878157 13663.82530806
 11822.69426193 10418.57111991  9592.76117586  8968.9201155
  8185.4844547  20678.40440269 15585.78742303 11652.51455041
  9610.33651301  8941.70602405  7805.72289706  7498.38548913
  6590.19435937  6270.88701737  6005.30035131  5177.50988982
  4691.68275964  4370.57080849  3791.29819706  3864.10867894
  3572.47023203  3500.23997229  2523.31218349  2524.00801185
  2693.15725718  2607.8237898   2216.39865513  2525.36741805
  2060.76517956  2722.54779397  2903.38430893  2913.99301414
  2607.91581788  2610.16991846  2972.79173883  2476.99848938
  2249.78615824  2104.6567134   2163.04765162  2686.70087191
  2276.58970284  2045.10733393  2156.31361375  2359.35541838
  2359.73024914  2191.03237519 24081.18380474 19601.43102029
 18101.62202093 15020.6386663  13739.13721717 11787.73889307
  9691.18171971  8070.42306798  6924.12454678  5769.31861444
  5002.7804594   3958.76072782  3350.18849021  3140.14245315
  2891.8982667   2958.81487494  3441.90108316  3379.16061995
  3243.3204532   3180.53794139  3230.72144341  3320.332671
  2688.01267931  2582.07518796  2701.54651987  2650.87238045
  2650.34663631  3098.90240091  2836.45065158  3078.20085891
  2969.73085147  2784.41371415  2987.69071876  2966.60000159
  2504.54127019  3017.56109312  2549.78310883  2465.63723948
  2867.91490177  2652.04320466  2674.52618074  2578.27398142
  3025.62911337  3117.02569268  2785.6592979   3068.13194238
  2943.06111827  2338.55490065  3050.13440874  2536.86936652
 24205.49385397 18176.257411   15776.03949244 12073.56736116
  9806.75640521  8240.89785599  6536.36300973  6236.77944323
  5758.44139028  5277.51187557  4309.91275384  4195.71592123
  3758.71816564  3428.49892266  3054.83113017  2819.12406732
  2861.5239053   2653.1642843   2827.87607641  2480.26753754
  2589.15492587  2391.88700074  2920.60983735  2484.3398063
  2556.43505207  2475.66626282  2077.49331974  2099.02398512
  2422.11354614  2414.1980868   2642.29416393  2239.829725
  2508.7465438   2121.76897159  2151.27854364  2298.9724597
  2584.8091682   2322.07765964  2059.4588997   2092.95137597
  2405.08924157  2504.08241416  2629.39097627  2428.0220319
  2418.7528729   2369.79046326  2349.42840909  2247.72410372
  1764.49088822  2345.10111512 23172.21909052 19382.61914724
 17223.27198798 12310.09387822  8985.04801351  7983.4734373
  7095.92509983  6685.0890446   6524.55728105  6204.29588947
  6159.33997075  5467.84224387  4844.45502176  4263.81437937
  4220.66692499  3763.57171099  3236.49659233  2853.51961309
  3013.11173767  2820.67219593  3029.11472915  3154.78884501
  2698.68158573  3270.5118541   3352.42336603  3204.72504146
  3060.44674008  2926.39451395  2696.12243091  2556.21688673
  2961.338023    3118.38893376  3125.11653372  2853.29723036
  3024.85914838  3105.95157088  3020.56248944  2990.75439069
  2630.54726653  2457.12123691  2346.84026277  2835.18052659
  2619.82111591  2736.29125258  2684.24253488  2234.36099985
  2187.45294079  2583.21296413  2784.86732931  2394.12037876
 23267.87146057 19488.48892923 14721.67375109 11228.29148168
  9207.17867284  7314.99331645  7514.02553842  6773.33528
  6098.16003912  6115.98213348  6120.81449293  6381.88736429
  5704.65172218  5568.34929614  4824.66185069  4504.73502538
 19633.24554989 14052.56983282 11484.87814102  9199.44935283
  9288.68852297  8756.13073656  7799.2408225   7626.40228271
  6979.52100848  6347.53128091  5258.38091848  5239.53527517
  5278.64290817  5072.21109856  4529.88249207  4387.69623149
  4037.05086688  3898.29436822  3240.76211298  3363.93121899
  3077.20748992  2772.4035812   2726.57063133  2724.09755333
  2714.31237057  2850.06287272  2572.37534348  2751.10271275
  2530.90508339  2176.18235051  2278.79097967  2826.09010205
  2979.41973952  2502.5988996  24498.59619366 21788.63551422
 18335.32523902 16674.89546137 13095.57772545 12061.62714569
 10957.85539612  9719.43137306  8206.72128355  6660.50212881
  5495.42313083  5119.05490701  6170.68415784  6111.94318875
  6841.20800432  5562.46085193  5259.80344265  4582.85789743
  4354.92892804  4469.3258198   3516.77472412  3056.09859986
  2978.74956706  2893.45450397  2679.07104439  2652.82707157
  2279.10003456  1987.53855096  1854.73772164  2700.12059609
  2216.57683889  2443.01162516  2504.17496593  2280.16918479
  2447.15390314  2223.1929076   1828.83199348  1994.52012793
  2360.19268146  1994.65734814  2458.63604598  2892.60872689
  3069.68075227  2226.72988406  2028.71708469  2415.28900161
  2201.7124747   2332.00424774  2558.29192437  2295.3755076
 24555.61858523 20261.18778376 16270.70971776 13891.68263846
  9747.26894545  8386.40810963  6449.58756356  5334.05091584
  5675.32470305  5076.63673563  4222.25288794  3616.69729205
  4089.6816161   3823.95162972  3542.48927666  3344.93728019
  3229.05095374  2754.23315539  2986.71064813  2659.89043168
  2568.92975718  2333.95465521  2301.46167051  2155.14305063
  2555.88816492  2352.7576003   2398.77681571  1796.09726556
  2102.51284694  2130.75756176  2311.9586905   2137.19687924
  2421.80632477  2809.85828556  2694.60389363  2764.2478988
  2241.49966144  2559.79257529  2211.35216571  2282.93884943
  2402.92957667  2788.74241879  2415.97873716  2109.63353792
  2201.80314444  2471.98773729  2016.92259581  2331.88304905
  2574.78043625  2425.84527566 23055.86969964 18091.7258104
 14761.40109204  9796.50266094  6788.22389537  5154.96017956
  3444.39749108  3245.48081961  2801.58262078  2745.93605423
  2997.29034825  2455.37465287 21253.39135964 16877.43488102
 12813.68606636 10345.55297931  8436.61171424  7371.59810091
  6393.98303733  5658.95614364  5213.0288509   5383.62886573
  4737.72683753  4386.72184648  3918.76369445  3553.2579671
  3172.20229661  3003.5730085   2727.39928216  2979.28522806
  2063.46204742  2294.17957977  2149.40385875  1891.95119091
  2312.35883422  2468.98774764  2537.03007087  2536.50866794
  2658.4572301   2616.24757723  2655.99967112  2525.23995526
  2048.2769777   2343.15209595  2107.56525324  2480.97104791
  2671.19222483  2481.57414981  2650.67078983  2251.51132204
 25428.40016424 21161.2964784  20778.05311773 17602.37256278
 15717.97039348 13621.06135022 11665.83427006 10677.66181427
  9295.93146353  9478.2892395   8109.78932019  7047.37770922
  5848.20106065  4351.14939757  3269.82062815  2991.99056604
  2383.82114282  3093.48223583  2347.95862574  2412.00654616
  2190.49432945  2152.85825568  2260.42615761  2790.62457621
  2471.44917     2189.00746558  2152.15227123  2278.87639404
  2312.28559636  2586.92682413  2966.30132939  2632.6324494
  2564.30797803  2732.57306817  2716.05831956  2678.55245907
  2602.68532542  2882.81189448  2435.47779397  2870.10370235
  2398.69133507  1941.64591765  2206.12379198  2436.77247495
  2151.46227428  2176.5913015   2384.80875612  2226.18139372
  2480.39879931  2295.38639173 23906.84532773 18627.79234242
 14837.90509469 12447.04946899  9785.10217081  8112.42205758
  5560.38284123  4729.00419904  4677.64261858  4742.88589892
  4211.04755217  4064.01708564 22816.01433008 18772.04019504
 15555.74898479 10773.12371639  9179.98671813  8258.34135463
  7854.08699316  6493.1576514   5112.65613234  4328.59835678
  4115.04712897  3431.1081497   2973.71892062  3296.68221914
  3456.11605911  2992.62320784  2518.46154202  2478.27536262
  2571.54779395  2612.43362448  2663.12187159  2956.27354109
  2745.82576145  3026.92793931  2878.01616859  2813.37446972
  3456.90043153  3468.3364146   3982.19414098  3549.97001617
  3959.86809835  3642.00230497  3554.72030404  3217.49953998
  3045.68302431  2848.90188963  2973.8652918   2628.79644899
 24160.58465286 20663.87555672 17101.34068041 14865.06709637
 12322.95304519  9943.95238295  9224.52614031  8186.62151899
  7084.44647325  6424.57400955  5700.82622566  5441.48748843
  4568.67489357  4280.97511522  3463.91113526  3074.73418019
  3035.2138259   2893.04154407  3236.47057666  3090.30360717
  2600.35833928  2826.95432482  2055.33868348  2207.47761623
  1830.10120767  2140.49681821  2145.10581067  2488.29889951
  2936.65737937  2940.11539813  2669.18780338  2561.46961633
  2263.82506818  2819.56556336  2178.69321365  2411.58872991
  2169.99507937  2035.3448861   2267.84575302  1868.06950386
  2037.51006319  2374.66886102  2329.99562407  2225.10317767
  2502.6360497   2470.71560771  2595.96704527  2258.59060999
  2606.14027167  2362.50963095 24141.06364322 20982.18120519
 17165.61739875 14251.23927787 11985.88718415 10657.70531533
 10052.04687349  8626.59024493  7675.69684829  6820.03591794
  6212.67102506  5044.91572319 19727.19303015 13578.64028869
 10080.91946512  8311.00274292  7197.60641742  5680.68237086
  4664.45695234  4241.57770425  3779.27759922  4027.84101164
  3235.2661896   3036.13687447  3262.20234183  3149.24523486
  2578.06995691  2653.66516228  3386.9183483   2744.51767998
  3197.54922314  3187.85206621  2781.41463951  2723.05160561
  2988.04829241  2975.3473669   2704.18739434  2731.42690601
  2968.81982221  2676.14301714  2852.0965106   2989.23325518
  2614.07031863  2676.19459756  2644.52117969  2379.54412259
  2230.34765123  2488.37506401  2648.69315988  2721.60742937] 
Solution Description: 
p: [  0.          34.54727937  84.87783147 146.34283074 147.44793219
 149.69682399 167.23236515 196.89678693 211.99736014 215.57709004
 215.62221757   0.          18.67738622  30.64321524  54.14868242
  65.5632906   76.73654689 116.04744803 126.91259388 142.07862391
 165.53741135   0.          61.19418044 145.07079888 145.53125181
 145.77738663 158.51093108 165.39306904 275.33411926 277.06882491
 406.20575149 421.77211499 422.0390602  437.86609167 455.678856
 461.31582023 484.47377709 507.77816485   0.          10.51101384
  59.37980184  85.88965458  99.83988559 104.98641683 150.7097119
 163.5086229  167.47030734 174.65035533 202.95253015 231.3541965
 244.0187926  278.6667005 ] 
pred: [0 0 0 0 0 0 5 5 5 5 5 0 0 0 0 3 3 3 3 3 3 0 0 0 0 0 0 0 0 0 8 8 8 8 8 8 8
 8 0 0 0 0 0 0 5 5 5 5 5 5 5 5] 
distance [  0.          34.54727937  84.87783147 146.34283074 147.44793219
 149.69682399  17.53554117  47.19996294  62.30053615  65.88026605
  65.92539359   0.          18.67738622  30.64321524  54.14868242
  11.41460818  22.58786447  61.89876561  72.76391146  87.92994149
 111.38872893   0.          61.19418044 145.07079888 145.53125181
 145.77738663 158.51093108 165.39306904 275.33411926 277.06882491
 129.13692659 144.70329008 144.97023529 160.79726676 178.6100311
 184.24699532 207.40495219 230.70933994   0.          10.51101384
  59.37980184  85.88965458  99.83988559 104.98641683  45.72329507
  58.52220607  62.48389051  69.6639385   97.96611332 126.36777967
 139.03237577 173.68028367]
load: [  0  13  35  54  68  79  13  21  31  34  50   0  22  29  50  18  43  48
  58  74  90   0   5   8  17  26  38  63  68  85   9  28  44  64  84  96
 102 116   0   8  18  22  36  49  21  27  46  59  83 108 123 138] 
time: [  0.          80.         115.34683757 171.22731303 252.33358633
 322.         170.         203.         228.39224704 244.56663558
 456.           0.         182.         397.         423.86042084
  90.         130.         160.         414.         443.16015238
 483.3964008    0.         204.         319.         387.22169751
 406.46219392 423.63549066 446.         519.650096   549.60312924
 108.         140.15799758 192.         220.52726534 237.7678084
 317.         357.35052296 378.           0.         121.
 321.         368.41520985 399.67549175 427.94165292 115.
 271.         308.         337.56573587 459.         503.13280071
 523.58460554 566.51136652] 
time warps: [0 0 0 0 0 0 0 0 0 0 0 0 0 0 0 0 0 0 0 0 0 0 0 0 0 0 0 0 0 0 0 0 0 0 0 0 0
 0 0 0 0 0 0 0 0 0 0 0 0 0 0 0] 
duration: [  0.          41.54727937 116.87783147 195.34283074 200.44793219
 269.41539141  23.53554117  73.83796245  95.93853566 103.51826556
 311.61049336   0.          24.67738622 239.90580809 286.41127527
  12.41460818  64.77686183 122.28197165 376.11687833 412.28290836
 458.7416958    0.          85.19418044 231.13191211 247.59236503
 253.83849985 268.57204431 296.13144592 409.07249613 425.80720178
 131.13692659 167.70329008 193.01987139 216.84690286 239.6596672
 311.29741782 336.45537469 384.03462151   0.          17.51101384
 247.93967181 297.44952454 315.39975556 330.5462868   55.72329507
 217.83191721 251.32425496 280.50430295 416.78695721 449.18862356
 483.85321966 536.50112756]

All individuals: [(33, [10,  9, 16, 13,  9, 42, 46, 35, 37,  7, 41, 31, 44, 32, 34, 11, 22, 10, 45,  6, 48,  3, 27,  4, 19, 14, 28,  1, 16, 17, 18, 13, 33, 20, 29,  8,  5, 26, 23,  2, 36, 15, 25, 30, 47, 12, 24, 39, 43, 21, 38, 40],  1167.60449427, 1167.60449427,    0.        ,   36.50112756,  0.        ,  6,  92,  75.  )
 (33, [10,  9, 16, 13,  9, 42, 46, 35, 37,  7, 41, 31, 44, 32, 34, 11, 22, 10, 45,  6, 48,  3, 27,  4, 19, 14, 28,  1, 16, 17, 18, 13, 33, 20, 29,  8,  5, 26, 23,  2, 36, 15, 25, 30, 47, 12, 24, 39, 43, 21, 38, 40],  1167.60449427, 1167.60449427,    0.        ,   36.50112756,  0.        ,  9,  86,  73.5 )
 (33, [10,  9, 16, 13,  9, 42, 46, 35, 37,  7, 41, 31, 44, 32, 34, 11, 22, 10, 45,  6, 48,  3, 27,  4, 19, 14, 28,  1, 16, 17, 18, 13, 33, 20, 29,  8,  5, 26, 23,  2, 36, 15, 25, 30, 47, 12, 24, 39, 43, 21, 38, 40],  1167.60449427, 1167.60449427,    0.        ,   36.50112756,  0.        ,  7,  71,  60.25)
 (33, [10,  9, 16, 13,  9, 42, 46, 35, 37,  7, 41, 31, 44, 32, 34, 11, 22, 10, 45,  6, 48,  3, 27,  4, 19, 14, 28,  1, 16, 17, 18, 13, 33, 20, 29,  8,  5, 26, 23,  2, 36, 15, 25, 30, 47, 12, 24, 39, 43, 21, 38, 40],  1167.60449427, 1167.60449427,    0.        ,   36.50112756,  0.        ,  5,  75,  61.25)
 (33, [10,  9, 16, 13,  9, 42, 46, 35, 37,  7, 41, 31, 44, 32, 34, 11, 22, 10, 45,  6, 48,  3, 27,  4, 19, 14, 28,  1, 16, 17, 18, 13, 33, 20, 29,  8,  5, 26, 23,  2, 36, 15, 25, 30, 47, 12, 24, 39, 43, 21, 38, 40],  1167.60449427, 1167.60449427,    0.        ,   36.50112756,  0.        ,  1, 100,  76.  )
 (33, [10,  9, 16, 13,  9, 42, 46, 35, 37,  7, 41, 31, 44, 32, 34, 11, 22, 10, 45,  6, 48,  3, 27,  4, 19, 14, 28,  1, 16, 17, 18, 13, 33, 20, 29,  8,  5, 26, 23,  2, 36, 15, 25, 30, 47, 12, 24, 39, 43, 21, 38, 40],  1167.60449427, 1167.60449427,    0.        ,   36.50112756,  0.        ,  8,  85,  71.75)
 (33, [10,  9, 16, 13,  9, 42, 46, 35, 37,  7, 41, 31, 44, 32, 34, 11, 22, 10, 45,  6, 48,  3, 27,  4, 19, 14, 28,  1, 16, 17, 18, 13, 33, 20, 29,  8,  5, 26, 23,  2, 36, 15, 25, 30, 47, 12, 24, 39, 43, 21, 38, 40],  1167.60449427, 1167.60449427,    0.        ,   36.50112756,  0.        ,  2,  84,  65.  )
 (33, [10,  9, 16, 13,  9, 42, 46, 35, 37,  7, 41, 31, 44, 32, 34, 11, 22, 10, 45,  6, 48,  3, 27,  4, 19, 14, 28,  1, 16, 17, 18, 13, 33, 20, 29,  8,  5, 26, 23,  2, 36, 15, 25, 30, 47, 12, 24, 39, 43, 21, 38, 40],  1167.60449427, 1167.60449427,    0.        ,   36.50112756,  0.        , 10,  80,  70.  )
 (33, [10,  9, 16, 13,  9, 42, 46, 35, 37,  7, 41, 31, 44, 32, 34, 11, 22, 10, 45,  6, 48,  3, 27,  4, 19, 14, 28,  1, 16, 17, 18, 13, 33, 20, 29,  8,  5, 26, 23,  2, 36, 15, 25, 30, 47, 12, 24, 39, 43, 21, 38, 40],  1167.60449427, 1167.60449427,    0.        ,   36.50112756,  0.        ,  4,  77,  61.75)
 (33, [10,  9, 16, 13,  9, 42, 46, 35, 37,  7, 41, 31, 44, 32, 34, 11, 22, 10, 45,  6, 48,  3, 27,  4, 19, 14, 28,  1, 16, 17, 18, 13, 33, 20, 29,  8,  5, 26, 23,  2, 36, 15, 25, 30, 47, 12, 24, 39, 43, 21, 38, 40],  1167.60449427, 1167.60449427,    0.        ,   36.50112756,  0.        ,  3,  82,  64.5 )
 (55, [13, 12, 12, 11, 16, 21, 23, 10, 44, 15, 41, 43, 39, 33,  1,  4, 11, 37, 24, 12, 17, 32, 40, 45, 35, 26, 22, 27, 38, 28, 13,  8, 18, 46, 47, 42, 20,  5, 48, 29,  3,  6, 14, 36, 34, 25,  9, 19, 31,  7, 30,  2], 23436.51258736, 3936.88789888, 1612.7792158 ,  746.58573379, 43.33333333,  1,  37,  28.75)
 (57, [10, 14, 12, 12, 41, 45,  3, 23, 19, 20,  2, 26, 35, 28, 21, 46, 34, 30, 37,  7, 43, 10, 12, 14, 39, 18, 16, 48, 24, 44, 27,  6,  1, 15, 40, 29, 22, 36, 42, 11, 47, 33, 13,  5, 38, 31,  4,  8, 25, 17, 32,  9], 24158.94040741, 3680.05469499, 1290.48598372,  530.54619826, 43.        ,  2,  47,  37.25)
 (40, [16, 11, 10, 11, 24, 41, 32, 48, 14, 11, 27, 37,  8, 39,  3, 38, 31, 30, 26, 40, 13, 33,  4, 15, 18, 16, 29, 46, 12,  6, 44,  1, 21, 36, 47,  5, 45, 10, 28, 20, 17, 23, 35, 25,  9, 43,  7, 22, 42, 34,  2, 19], 25034.48450885, 4075.261428  , 1535.11909801,  592.1263406 , 44.        ,  3,   6,   7.5 )
 ( 2, [12, 13, 11, 12, 11, 40, 35,  2,  3, 10, 13, 20, 24, 37, 22, 48, 36, 39, 34, 32, 30, 29, 41, 42, 14,  8, 25, 21, 28, 31, 12, 17, 15, 27, 18, 44, 26, 33, 19,  6,  5,  7, 16, 38,  9, 45, 46, 23,  4, 47,  1, 43], 25694.58873608, 3884.85253584, 1396.01967428,  738.22088341, 43.66666667,  4,  23,  21.25)
 (54, [13, 12, 13, 10, 17,  7, 40, 18, 38, 48, 16, 30, 37, 14,  1, 26, 11,  2,  3, 22, 42, 46, 15, 32, 39,  9, 28, 27, 41, 12, 13, 25, 19, 44,  6, 20, 21,  5, 35, 34,  4, 23, 10, 45, 29, 36, 24, 47, 31, 43, 33,  8], 25797.46129816, 3498.72594709, 1475.77602369,  716.01993814, 28.66666667,  5,  80,  65.  )
 (54, [13, 12, 13, 10, 17,  7, 40, 18, 38, 48, 16, 30, 37, 14,  1, 26, 11,  2,  3, 22, 42, 46, 15, 32, 39,  9, 28, 27, 41, 12, 13, 25, 19, 44,  6, 20, 21,  5, 35, 34,  4, 23, 10, 45, 29, 36, 24, 47, 31, 43, 33,  8], 25797.46129816, 3498.72594709, 1475.77602369,  716.01993814, 28.66666667,  6,  76,  63.  )
 (29, [13, 12, 11, 12,  8, 24, 34, 28, 38,  7,  6, 10, 30,  1, 45,  5, 39, 33, 46, 40, 27, 48, 21, 12, 47, 37, 11, 25, 13, 36, 14, 18, 26, 20, 16, 43,  4, 41, 15,  3, 35, 17, 44, 31, 22, 32, 23, 42, 19,  2, 29,  9], 26076.26374241, 3705.67997947, 1527.50195658,  521.34798628, 43.33333333,  7,  27,  27.25)
 (47, [12, 11, 13, 12, 42, 24, 40,  1, 13, 47, 19, 18, 26, 28,  2,  7, 35,  3, 44, 36, 43, 30, 32, 22, 39, 12, 15, 23,  5, 21,  8, 20,  4, 16, 31, 29,  6, 46, 48, 27, 41, 37, 45, 10, 38, 14, 17,  9, 25, 34, 11, 33], 27004.83181889, 3397.56185362, 1685.11824339,  991.51385935, 29.33333333,  9,  66,  58.5 )
 (47, [12, 11, 13, 12, 42, 24, 40,  1, 13, 47, 19, 18, 26, 28,  2,  7, 35,  3, 44, 36, 43, 30, 32, 22, 39, 12, 15, 23,  5, 21,  8, 20,  4, 16, 31, 29,  6, 46, 48, 27, 41, 37, 45, 10, 38, 14, 17,  9, 25, 34, 11, 33], 27004.83181889, 3397.56185362, 1685.11824339,  991.51385935, 29.33333333,  8,  61,  53.75)
 (65, [15, 11, 11, 11, 21, 11, 28, 20, 41, 30, 47, 22,  9, 37,  6, 16,  4,  7, 23,  3, 36, 13, 44, 10, 25,  8, 38, 35, 43, 48, 26,  5, 14, 19, 29, 33, 32, 24,  2,  1, 40, 46, 31, 34, 12, 15, 45, 27, 42, 39, 18, 17], 27165.99723786, 3202.62778493, 1806.8983939 , 1281.71499459, 43.66666667, 10,  17,  22.75)
 (92, [13, 11, 11, 13, 28, 31, 48, 21,  3, 33, 40, 32, 47,  2, 20, 38, 41,  5, 13, 10, 39, 27, 37, 43, 22, 11,  4,  8, 15, 34, 12,  7, 23, 44, 25, 16, 35, 18, 36, 45, 24, 26,  1,  6, 19, 14, 17, 46, 42,  9, 30, 29], 27182.06637547, 4106.02309722, 1441.25210668,  771.40132201, 44.        , 11,  11,  19.25)
 (19, [18,  9, 10, 11, 38, 25, 11, 37,  4,  6, 43, 18, 48,  3, 36, 16, 42, 31, 21, 39,  7, 45, 14, 44, 29, 23, 22, 19,  8, 35, 32, 47, 15, 13, 27, 26,  1,  2, 46, 12, 40, 33, 24, 20,  5, 30, 41, 28, 34,  9, 10, 17], 27291.06276213, 4297.30099711, 1453.38513229,  358.89969637, 43.33333333, 12,  35,  38.25)
 (94, [11, 14,  9, 14, 39,  4, 11,  8, 19, 16, 44, 25, 26, 29, 18, 45,  5, 43, 21, 35,  1, 13, 38, 48, 28, 17, 33, 46, 30, 23, 10,  9, 12, 31, 20, 40, 37, 41, 34,  2, 15, 27, 14, 24, 36,  7,  3, 47, 42, 22,  6, 32], 27849.72921461, 4005.86532075, 1562.76484043,  704.4330553 , 28.66666667, 14,  86,  78.5 )
 (94, [11, 14,  9, 14, 39,  4, 11,  8, 19, 16, 44, 25, 26, 29, 18, 45,  5, 43, 21, 35,  1, 13, 38, 48, 28, 17, 33, 46, 30, 23, 10,  9, 12, 31, 20, 40, 37, 41, 34,  2, 15, 27, 14, 24, 36,  7,  3, 47, 42, 22,  6, 32], 27849.72921461, 4005.86532075, 1562.76484043,  704.4330553 , 28.66666667, 13,  83,  75.25)
 (26, [12, 15, 11, 10, 14, 39,  5, 28, 48,  2, 23,  6, 45,  4, 36, 35, 13,  7,  3, 22, 26, 31, 37, 11, 18, 24, 20, 15, 34, 12, 17, 32, 43, 10, 33,  9, 19, 30, 46, 25, 21, 47, 27, 16,  1, 42, 44,  8, 40, 38, 41, 29], 27988.83861237, 4172.13108593, 1851.18589491,  952.30873362, 43.33333333, 15,  29,  36.75)
 (63, [10, 15, 11, 12, 48, 19, 30,  5, 23, 47, 42, 34, 45, 10,  8, 37, 33, 28, 44,  9, 43, 21,  3,  2, 38, 11, 35, 13, 40,  6, 17, 26, 14, 29, 12,  1, 22,  7, 46, 15, 25, 39, 36,  4, 31, 32, 20, 41, 16, 18, 24, 27], 28121.68312898, 4219.31703646, 1936.84288214,  789.69521011, 43.66666667, 16,  15,  27.25)
 (67, [14, 12, 13,  9, 31, 45,  6, 39, 41, 29,  1, 40, 16,  5,  2, 22, 20, 46, 28, 24,  9, 17, 32, 13, 35, 26, 38, 23, 37, 18, 43, 19, 33, 47, 14, 21,  4,  7, 25, 42, 11, 36,  8, 34, 15, 44, 12, 10, 30,  3, 48, 27], 28146.26842624, 4232.34088765, 1918.15789385, 1102.2142308 , 43.66666667, 17,  18,  30.5 )
 (88, [12, 11, 15, 10, 48,  8,  4, 14, 33, 46, 23, 18, 26, 32, 41, 36, 15, 25, 21, 38, 40,  2, 30,  6, 28, 10, 45, 27, 37, 22, 24, 13,  9, 11, 17,  3, 12, 43, 35,  7, 31, 47, 16, 29, 44, 34,  5, 20,  1, 19, 42, 39], 28148.80543002, 3738.47530704, 1733.92388158,  927.46782937, 43.66666667, 18,  22,  34.5 )
 (45, [12, 12, 12, 12, 33, 35, 25,  1, 46, 43, 30, 40, 42, 27, 18, 12,  5, 23, 11, 39, 26, 36,  8,  4,  6, 21, 16, 44, 15, 24, 10, 28, 17, 14, 32, 34,  9, 41, 47, 37, 19, 22, 31,  7, 29, 20,  3, 45, 13, 38, 48,  2], 28172.38724305, 4147.38550781, 1725.15815528,  706.23127376, 43.        , 19,  45,  52.75)
 (64, [13, 12, 10, 13, 33, 41,  8, 48, 20, 32, 38, 29, 43, 44, 39, 14, 12, 21, 27,  5, 36, 45, 16,  9, 15, 26, 19, 22,  1, 17, 18, 23, 47, 34, 28, 46,  6, 37, 35, 10, 13, 11,  4,  3, 24, 31, 25, 30, 40,  7, 42,  2], 28265.58824266, 4405.03708598, 1840.84512033,  693.46805747, 43.66666667, 20,  16,  32.  )
 (60, [15, 10, 12, 11, 44,  9, 28, 37, 10, 13, 34, 43, 48, 35, 23, 21, 26, 46, 47, 33, 14, 15,  8, 20, 41,  7, 24, 42, 29, 31, 32, 40, 22, 16, 39, 30,  4, 18, 27,  3,  5,  6, 45, 38,  1, 36, 11, 19,  2, 25, 12, 17], 28524.20578762, 4240.3219587 , 2216.38175554,  712.23237422, 43.66666667, 21,  14,  31.5 )
 (85, [10, 15, 11, 12, 28, 45, 32, 20,  1, 10, 38, 30, 44, 47,  7, 35, 34,  3, 40, 15, 43, 25, 21, 39,  8, 33, 41,  9, 46, 37, 16,  5, 29, 14, 23, 17, 27,  4, 24, 48, 31, 12, 18, 22,  6, 13, 26, 36, 19, 42, 11,  2], 28533.11409718, 3508.9471105 , 1712.47598033,  267.42639522, 43.66666667, 22,  24,  40.  )
 (48, [12, 12, 12, 12, 38, 41, 11, 37, 42,  1, 44, 27, 43, 19, 28,  3, 31,  7,  4, 10, 36, 33, 13, 14, 30, 22, 39, 21, 47,  6, 25, 20,  2, 46, 18, 17, 29, 24, 16, 40, 23, 32, 12, 45,  5, 26, 34, 48,  8, 35, 15,  9], 28625.82001685, 4065.30180561, 1497.92169753, 1030.31085243, 43.33333333, 23,  28,  44.  )
 (72, [11, 13, 12, 12, 45,  3, 29,  1,  6, 38, 32, 17, 39, 24, 27, 21, 42, 23, 40, 34, 14, 20,  9, 41, 25, 35, 22, 15, 28, 31, 26, 43, 47,  8, 13, 46,  2,  7,  4, 12, 18, 33, 10, 19, 36, 44, 30, 11, 37, 48, 16,  5], 28633.40957576, 3944.60624543, 1778.70695545, 1167.07517483, 44.33333333, 24,   2,  25.5 )
 (81, [10, 11, 15, 12, 31, 45, 48, 19,  4,  8, 29, 18, 30, 22, 28, 17, 26, 32, 10,  7, 38, 24,  5, 33, 27, 14,  1, 12, 40, 25, 47, 43, 15,  3, 36, 13,  6, 39, 35,  2, 21,  9, 46, 11, 34, 41, 16, 37, 23, 44, 20, 42], 28944.03624696, 3853.60850759, 2065.48442124,  595.21783449, 43.        , 25,  49,  61.75)
 (89, [11, 13, 13, 11, 34,  5, 26, 45, 39, 11, 16, 43, 18, 25,  2, 14, 38, 20,  1, 24,  8, 48,  6,  3, 35, 42, 29, 37, 27, 36, 28, 30, 22, 32, 41, 15, 33,  4, 23, 19, 17, 10,  9, 44, 21, 46, 13,  7, 12, 31, 40, 47], 28949.98457764, 4098.49621613, 1900.37495073,  796.52873215, 43.        , 26,  42,  57.5 )
 (97, [14, 10, 10, 14, 27,  2, 44,  1, 45, 47, 38, 41, 31, 42, 19,  7, 14, 30, 18, 25, 34,  6,  4, 35, 37, 24, 32, 15, 28, 23, 20, 33,  3, 10, 46, 39, 48,  5, 22, 16,  8, 26, 13, 21, 29, 17, 40, 36, 12, 43,  9, 11], 29033.41531422, 3930.51283507, 2119.36037692,  794.94753921, 43.66666667, 27,  21,  42.75)
 (96, [12, 10, 13, 13, 10, 28, 31, 47,  6, 12, 30, 15,  4, 37, 40, 24, 38, 27, 39,  3,  9,  7,  5, 22, 43, 44, 20, 36, 42, 11, 29, 41, 23, 45, 46, 25, 35, 26, 13, 33, 48, 18, 19, 16, 32,  2, 17, 21, 34, 14,  1,  8], 29095.27756329, 4272.00437397, 2146.62042193,  667.65080477, 43.        , 28,  41,  58.75)
 (84, [10, 12, 11, 15, 14,  8, 12, 43, 27, 42, 25, 30,  1, 22, 21, 33, 28, 37, 24, 20, 16, 23, 17,  3, 32, 35, 46,  7,  2, 18,  9,  4, 15, 45, 34, 11, 31, 44, 41, 13, 47,  6, 10, 29, 38, 26, 36, 39, 19, 40, 48,  5], 29114.9646439 , 4555.41967262, 1783.56983568, 1267.47071988, 44.        , 29,   4,  32.  )
 (83, [13, 13, 11, 11,  6, 37, 45, 28, 31, 36, 41,  8, 14, 35, 47,  7, 25,  1, 26, 18, 34, 15, 10, 12, 24, 23, 30,  5, 27, 21,  3,  9, 29, 46, 20,  4, 40, 42, 13, 22, 11, 19, 43, 33, 16, 17,  2, 48, 44, 32, 38, 39], 29340.5707501 , 4288.19531357, 1559.79497813, 1082.69612758, 29.        , 30,  73,  84.75)
 (83, [13, 13, 11, 11,  6, 37, 45, 28, 31, 36, 41,  8, 14, 35, 47,  7, 25,  1, 26, 18, 34, 15, 10, 12, 24, 23, 30,  5, 27, 21,  3,  9, 29, 46, 20,  4, 40, 42, 13, 22, 11, 19, 43, 33, 16, 17,  2, 48, 44, 32, 38, 39], 29340.5707501 , 4288.19531357, 1559.79497813, 1082.69612758, 29.        , 31,  72,  85.  )
 (61, [11, 16, 11, 10, 29, 44,  8, 34, 39, 20,  7, 14, 43, 31, 48, 36, 35, 28, 40, 13,  4, 47,  5, 33, 25,  9, 11, 38, 46, 23, 24, 32, 19, 26, 18, 27,  6,  2, 45, 22,  3,  1, 10, 16, 21, 37, 41, 17, 12, 15, 30, 42], 29474.44233727, 4320.88305566, 1866.01230639,  952.03524987, 43.33333333, 32,  30,  54.5 )
 (37, [16,  9, 12, 11,  7, 22, 15, 27, 36, 14,  6, 46, 28, 18, 42,  9, 48, 31, 21, 13, 47, 37, 25, 29, 24, 32, 40, 44, 30, 35,  1, 20, 43, 39, 41, 10, 26, 33,  3, 17, 38, 45,  4, 12,  8,  5, 34, 23,  2, 11, 19, 16], 29491.652922  , 4098.85767668, 1615.7383331 , 1129.99034073, 43.33333333, 33,  36,  60.  )
 (78, [12, 14, 10, 12,  6, 38, 18,  8, 13, 17, 20, 16, 21, 47, 32, 43, 19,  3, 46, 37, 11, 23, 15, 45,  4, 14,  1, 24, 36, 31,  7, 44, 29,  2, 25, 33, 27, 41, 35,  9, 48, 39, 10, 28,  5, 22, 26, 12, 34, 40, 30, 42], 29751.4857012 , 3537.92240747, 2318.15627336,  798.12173524, 43.        , 34,  48,  70.  )
 (59, [12, 12, 11, 13, 37, 18, 32, 35, 26, 29, 17, 22, 23,  6, 44, 36, 46, 39, 43, 33, 40, 15, 28, 10,  7, 25,  9, 12,  8, 30, 24, 11, 27, 14, 47,  4, 31, 42, 45, 20,  5,  3,  2, 21, 34, 38, 16, 13, 41, 48,  1, 19], 29795.67221092, 4001.75807763, 1681.91035728, 1101.70424872, 43.        , 35,  50,  72.5 )
 (39, [10, 10, 10, 18, 40, 28, 30,  2,  7,  1, 15, 35, 24, 44, 33, 48, 16,  9, 29, 14, 34, 41, 36,  6, 25, 47, 37, 26, 21, 39, 43, 42, 46, 45, 23,  8,  3, 32,  4, 19, 22, 27, 31, 17, 13, 12, 10, 20, 38,  5, 11, 18], 29840.4353357 , 4569.95796961, 2024.02706392,  929.86268492, 45.        , 36,   1,  36.75)
 (70, [10, 16, 11, 11, 39,  8, 18, 20, 36, 14, 31, 38,  6,  2, 10, 44, 25, 19, 48, 46,  7, 16, 43,  5,  3, 24, 11, 28, 27, 40, 21,  1, 32, 34, 33, 47, 12, 23, 17, 42, 45, 29, 15, 13, 26, 41, 22, 35, 30,  4,  9, 37], 30180.79756247, 4010.75732082, 1767.86049862, 1162.6254137 , 43.66666667, 37,  20,  52.  )
 (56, [13, 12, 10, 13, 38, 42, 21, 33, 35, 39, 24, 13, 48, 31, 16, 40, 41,  8, 18, 19, 10, 26,  4, 37, 25,  3, 34, 11, 15, 36, 22,  5, 29, 30, 17, 32, 28,  9, 23, 46,  6,  7, 27, 43, 12,  1,  2, 45, 47, 14, 44, 20], 30220.46019672, 3806.43498972, 1735.2178856 ,  899.68090454, 28.66666667, 39,  84, 102.  )
 (56, [13, 12, 10, 13, 38, 42, 21, 33, 35, 39, 24, 13, 48, 31, 16, 40, 41,  8, 18, 19, 10, 26,  4, 37, 25,  3, 34, 11, 15, 36, 22,  5, 29, 30, 17, 32, 28,  9, 23, 46,  6,  7, 27, 43, 12,  1,  2, 45, 47, 14, 44, 20], 30220.46019672, 3806.43498972, 1735.2178856 ,  899.68090454, 28.66666667, 38,  79,  97.25)
 (62, [11, 12, 12, 13, 30, 15,  9, 39,  8, 18, 13, 21, 27,  7, 44, 47, 38,  3, 48, 35, 45, 22, 28, 43, 46, 23, 37, 25,  4, 16, 41,  1, 19,  6, 40, 17, 26, 12, 31, 29, 10, 24,  5, 33, 36, 20, 14, 11,  2, 42, 32, 34], 30342.81212566, 3508.64121212, 1777.4928376 ,  704.25935068, 28.33333333, 40,  92, 109.  )
 (62, [11, 12, 12, 13, 30, 15,  9, 39,  8, 18, 13, 21, 27,  7, 44, 47, 38,  3, 48, 35, 45, 22, 28, 43, 46, 23, 37, 25,  4, 16, 41,  1, 19,  6, 40, 17, 26, 12, 31, 29, 10, 24,  5, 33, 36, 20, 14, 11,  2, 42, 32, 34], 30342.81212566, 3508.64121212, 1777.4928376 ,  704.25935068, 28.33333333, 41,  91, 109.25)
 (76, [13, 11, 13, 11, 41, 42, 12,  9,  3, 23, 46, 43, 21,  1, 16, 28, 27, 48, 25,  2, 13, 31, 45, 20, 36, 10,  6, 15, 39, 22, 14,  4,  5, 30, 26, 18, 24, 29, 34, 40, 47, 32, 35, 11, 33, 44, 37,  8,  7, 17, 19, 38], 30433.68161953, 4333.21944992, 2162.52211948,  904.3653359 , 27.33333333, 43,  99, 117.25)
 (76, [13, 11, 13, 11, 41, 42, 12,  9,  3, 23, 46, 43, 21,  1, 16, 28, 27, 48, 25,  2, 13, 31, 45, 20, 36, 10,  6, 15, 39, 22, 14,  4,  5, 30, 26, 18, 24, 29, 34, 40, 47, 32, 35, 11, 33, 44, 37,  8,  7, 17, 19, 38], 30433.68161953, 4333.21944992, 2162.52211948,  904.3653359 , 27.33333333, 42,  98, 115.5 )
 (20, [13, 12, 11, 12, 18, 31, 27, 17, 46, 22,  1,  3, 24, 32,  9,  4, 41, 34, 28, 13, 44, 20, 48, 30, 16, 25, 14, 10,  5, 45, 36, 37, 47, 15,  8, 39,  6, 29, 43, 11, 12, 23,  7, 33,  2, 26, 38, 35, 19, 40, 42, 21], 30474.50118505, 5002.96966434, 1461.30076036,  859.03794673, 43.66666667, 44,  25,  62.75)
 (95, [11, 11, 12, 14, 46, 27, 24, 48, 21, 23, 14,  7, 26, 47, 43, 10, 19,  2,  6, 17, 45, 20, 15, 40, 13,  5, 41,  8, 18,  1, 37, 22, 36, 34, 16, 28, 35, 30, 29,  3, 31, 38, 42, 39, 25, 11,  9, 12,  4, 32, 33, 44], 30735.52494737, 3895.80674203, 2232.98976434,  658.86623633, 43.        , 45,  40,  75.  )
 (30, [12, 11, 12, 13, 25, 10,  4, 15,  9, 42, 29, 28,  5, 34, 12, 37, 21, 19, 13, 11, 26, 48,  1, 22, 23, 27, 39, 33,  7, 45, 18, 30, 20, 24, 32,  3, 36, 44, 16, 41, 47, 43, 38, 17, 46, 40,  6,  8, 35,  2, 14, 31], 31119.60850667, 4843.06339796, 2375.50267626, 1067.72438888, 28.        , 46,  93, 115.75)
 (30, [12, 11, 12, 13, 25, 10,  4, 15,  9, 42, 29, 28,  5, 34, 12, 37, 21, 19, 13, 11, 26, 48,  1, 22, 23, 27, 39, 33,  7, 45, 18, 30, 20, 24, 32,  3, 36, 44, 16, 41, 47, 43, 38, 17, 46, 40,  6,  8, 35,  2, 14, 31], 31119.60850667, 4843.06339796, 2375.50267626, 1067.72438888, 28.        , 47,  95, 118.25)
 (33, [12, 13, 12, 11, 13, 47, 21, 14, 33, 27, 26, 45, 44, 40, 10, 34, 37, 18, 25, 46, 20, 15,  2, 17,  5, 23, 43, 24, 48, 11,  7, 30, 38,  4, 16, 29, 19,  1,  8, 28, 12, 39, 42, 22, 31,  9, 32, 41, 36,  3, 35,  6], 31189.25999703, 4126.09019735, 2263.59572693,  951.97782739, 43.        , 48,  43,  80.25)
 (46, [12, 11, 11, 14, 22, 24, 44, 20, 11, 45, 21, 46, 18, 19, 33,  9, 10, 13, 38, 40, 27,  3, 15,  8, 26, 30, 17,  2,  1, 35, 41,  7, 28,  6, 39, 47, 23, 31, 14, 25, 48, 29,  5, 37, 16, 12, 42, 36, 43,  4, 32, 34], 31197.32518147, 4040.03991973, 2184.11289756,  834.62354809, 43.66666667, 49,  13,  58.75)
 (28, [15,  8, 13, 12, 40, 28, 42,  9, 33, 16, 34, 48, 15, 29,  7,  3, 27, 30, 12,  8, 10, 25,  4, 39, 23, 43, 32, 37, 35, 41, 20, 11, 38, 17, 21, 24, 22, 19, 18, 31,  6, 13,  1, 47, 36, 26, 44,  5, 46,  2, 45, 14], 31281.29538317, 4951.57908567, 2046.75154257, 1053.56110664, 43.33333333, 50,  32,  74.  )
 (86, [11, 12, 13, 12, 16,  1, 26, 38, 44, 41, 47, 29, 42, 15, 22,  2, 34, 31,  7, 35, 17, 28, 46, 14, 37, 21,  4, 48, 30, 39,  5, 12,  8, 40, 20,  3, 33, 11, 45, 27, 18, 10,  6, 23,  9, 13, 19, 32, 24, 43, 36, 25], 31313.71695745, 5330.49180679, 2302.44467548,  806.52518321, 43.        , 51,  51,  89.25)
 (38, [14, 11, 11, 12, 44,  8, 35, 12, 20, 13, 28, 16, 10, 48, 26, 23, 31, 45, 38,  7, 27, 34,  9, 42, 41, 29, 36, 39,  2, 14, 32, 46,  3, 21, 37, 19, 17,  6, 40, 33,  4, 24, 15,  5, 18, 25, 43, 30,  1, 22, 47, 11], 31390.085998  , 3648.8465461 , 1545.563937  ,  295.04074446, 28.66666667, 52,  78, 110.5 )
 (38, [14, 11, 11, 12, 44,  8, 35, 12, 20, 13, 28, 16, 10, 48, 26, 23, 31, 45, 38,  7, 27, 34,  9, 42, 41, 29, 36, 39,  2, 14, 32, 46,  3, 21, 37, 19, 17,  6, 40, 33,  4, 24, 15,  5, 18, 25, 43, 30,  1, 22, 47, 11], 31390.085998  , 3648.8465461 , 1545.563937  ,  295.04074446, 28.66666667, 53,  75, 109.25)
 (91, [11, 14, 11, 12, 35,  8, 44, 17,  4, 12, 46, 34, 29, 21,  9, 11, 45, 24, 30, 22, 41, 18, 39, 31, 36, 19, 16, 28, 38, 42, 48, 23, 47, 14,  5, 25, 40,  1,  3, 15, 43, 10, 13,  7, 33, 37, 20,  2, 26, 27, 32,  6], 31409.21755209, 4209.89939189, 2103.5312536 , 1199.97915964, 29.        , 54,  68, 105.  )
 (91, [11, 14, 11, 12, 35,  8, 44, 17,  4, 12, 46, 34, 29, 21,  9, 11, 45, 24, 30, 22, 41, 18, 39, 31, 36, 19, 16, 28, 38, 42, 48, 23, 47, 14,  5, 25, 40,  1,  3, 15, 43, 10, 13,  7, 33, 37, 20,  2, 26, 27, 32,  6], 31409.21755209, 4209.89939189, 2103.5312536 , 1199.97915964, 29.        , 55,  70, 107.5 )
 (43, [12, 14, 11, 11, 34, 22,  9, 16, 20, 30, 13, 46, 38, 48, 41,  8, 31, 27, 44, 35,  1, 43,  3, 23, 29, 14, 37, 19, 15,  2, 11, 18, 32, 26, 47, 42, 39, 12,  7, 36, 25, 10, 24, 45,  6,  5,  4, 21, 40, 17, 28, 33], 31644.48146152, 4346.87509607, 2477.08455026,  712.3365293 , 29.33333333, 56,  60, 101.  )
 (43, [12, 14, 11, 11, 34, 22,  9, 16, 20, 30, 13, 46, 38, 48, 41,  8, 31, 27, 44, 35,  1, 43,  3, 23, 29, 14, 37, 19, 15,  2, 11, 18, 32, 26, 47, 42, 39, 12,  7, 36, 25, 10, 24, 45,  6,  5,  4, 21, 40, 17, 28, 33], 31644.48146152, 4346.87509607, 2477.08455026,  712.3365293 , 29.33333333, 57,  65, 105.75)
 (53, [11, 11, 16, 10, 28,  3, 15, 42, 20,  7, 23, 32, 38, 30, 13, 45,  8, 10, 22, 48,  2, 18, 31, 43, 16, 17, 25, 35,  5, 34,  9, 40,  4,  6, 37, 21, 47, 29, 36, 12, 26, 33, 27, 41, 14,  1, 39, 19, 44, 11, 24, 46], 31823.26411852, 3635.59865125, 1986.05498787,  947.25165729, 42.33333333, 58,  57, 100.75)
 (49, [13,  9, 14, 12, 19,  6, 27, 31, 28,  9, 32,  5,  8,  2, 38, 13, 35, 39, 36,  1, 46, 30, 34,  7, 41, 23, 42, 29, 40, 14, 24, 17, 48, 33, 44, 21, 37, 18, 15, 47, 10, 45, 26, 25,  3, 11, 43, 22, 16, 12, 20,  4], 31830.08062344, 4022.01633145, 1910.78889353,  793.53620803, 44.        , 59,   9,  65.75)
 (82, [11, 13, 12, 12, 11, 30, 47, 17, 31, 38, 10, 24, 29, 41, 48, 14, 25, 37, 39, 15,  3, 35, 22, 46, 40, 21, 32,  2, 18, 34,  6, 12, 16, 42,  4,  9, 20, 43, 28, 26,  8,  5, 19, 45, 36, 27, 23,  7, 33, 44,  1, 13], 31869.15693667, 4011.21505959, 2082.97967826,  830.80587296, 29.        , 60,  69, 111.75)
 (82, [11, 13, 12, 12, 11, 30, 47, 17, 31, 38, 10, 24, 29, 41, 48, 14, 25, 37, 39, 15,  3, 35, 22, 46, 40, 21, 32,  2, 18, 34,  6, 12, 16, 42,  4,  9, 20, 43, 28, 26,  8,  5, 19, 45, 36, 27, 23,  7, 33, 44,  1, 13], 31869.15693667, 4011.21505959, 2082.97967826,  830.80587296, 29.        , 61,  71, 114.25)
 ( 0, [10, 11, 15, 12, 20, 12,  1, 40,  5, 34, 21, 33, 28, 38, 30, 45, 24, 46, 32,  2,  9, 41, 25,  3, 19, 31,  4, 14, 43, 27, 44, 15, 39, 26,  7, 16,  6, 29, 48, 11,  8, 35, 37, 47, 17, 36, 42, 18, 10, 22, 23, 13], 31957.66070964, 4547.21585161, 2432.48223116, 1182.45165127, 43.33333333, 62,  34,  87.5 )
 (74, [13, 12, 11, 12, 13, 11, 37, 22, 43, 38, 26,  6, 20,  9, 42, 27,  5, 48, 14, 31, 41, 24, 29, 34,  8, 16, 32, 40,  1, 39, 10,  4, 36, 12, 30, 44,  3, 25, 28,  2, 18, 23, 35, 19, 17,  7, 21, 15, 47, 45, 46, 33], 32187.3863396 , 4322.57444713, 1914.19230488, 1034.68620179, 28.        , 63,  94, 133.5 )
 (74, [13, 12, 11, 12, 13, 11, 37, 22, 43, 38, 26,  6, 20,  9, 42, 27,  5, 48, 14, 31, 41, 24, 29, 34,  8, 16, 32, 40,  1, 39, 10,  4, 36, 12, 30, 44,  3, 25, 28,  2, 18, 23, 35, 19, 17,  7, 21, 15, 47, 45, 46, 33], 32187.3863396 , 4322.57444713, 1914.19230488, 1034.68620179, 28.        , 64,  96, 136.  )
 (32, [12, 11, 14, 11,  6, 17, 21,  1, 23,  8, 27,  2, 12, 46, 47, 10, 32, 41, 42, 43, 34, 28, 36, 31, 24, 29, 11, 37, 45, 14, 22,  5, 18, 35, 26, 13, 40, 33, 30, 20, 15, 38, 25,  4, 39, 48,  7, 44,  9,  3, 19, 16], 32462.85072489, 4622.29493904, 2776.88902615,  792.65041658, 28.66666667, 66,  88, 132.  )
 (32, [12, 11, 14, 11,  6, 17, 21,  1, 23,  8, 27,  2, 12, 46, 47, 10, 32, 41, 42, 43, 34, 28, 36, 31, 24, 29, 11, 37, 45, 14, 22,  5, 18, 35, 26, 13, 40, 33, 30, 20, 15, 38, 25,  4, 39, 48,  7, 44,  9,  3, 19, 16], 32462.85072489, 4622.29493904, 2776.88902615,  792.65041658, 28.66666667, 65,  87, 130.25)
 (99, [10, 13, 12, 13, 10,  7, 37, 32, 14, 25,  9, 44, 11, 23, 38, 42,  4, 29, 12, 27, 13, 40, 22, 18, 16, 33, 35,  2, 41, 15, 20,  6, 45,  1,  3, 46, 30, 19,  8, 26, 31, 43, 34,  5, 28, 39, 48, 47, 21, 17, 36, 24], 32532.60146343, 3928.66492028, 2180.59898105, 1130.85676584, 44.        , 67,   3,  69.25)
 (35, [14, 11, 12, 11, 22, 46,  2, 16, 11,  8, 40, 17, 30,  6, 27, 41, 42, 35, 15, 21, 39,  7, 32, 28, 13, 24, 25, 43, 36, 19, 29, 20, 45, 23,  1, 47,  9, 44, 34, 48, 14, 37,  4, 12, 33, 26,  5, 38, 18,  3, 31, 10], 32540.00973925, 3655.67929731, 2223.96113443,  845.33225293, 44.        , 68,   5,  71.75)
 (36, [12, 10, 15, 11, 24, 43, 29, 28, 37, 10, 31, 15,  3, 35, 12, 25, 14, 11, 20, 27, 13,  5, 44, 22,  7, 47, 38,  8, 32, 40,  2, 26,  4, 23, 33, 45, 17, 42, 19,  6, 16, 34, 21, 36, 46, 41,  1,  9, 39, 18, 30, 48], 32656.50983238, 3865.06691215, 1917.27434733, 1322.59477836, 42.        , 69,  58, 112.5 )
 (90, [10, 11, 12, 15, 30,  1, 42, 29, 45, 13, 26, 23, 32,  6,  7, 46, 44, 20,  4, 11, 22, 38, 39, 15, 16, 21, 33, 35, 24, 28,  8, 37, 36, 34,  3,  5, 40, 12, 41, 10, 43, 14,  9, 27, 17, 31, 47, 18, 19,  2, 48, 25], 32680.62760286, 4386.88894135, 1971.88560357, 1326.82037744, 42.66666667, 70,  56, 112.  )
 (51, [14, 10, 12, 12, 47, 19, 14, 35, 25, 46,  1, 10, 39, 26, 17, 41, 45,  7, 48, 15, 21, 20, 13,  9, 12, 32, 29, 16, 28, 22, 30, 38,  2, 37, 34,  3, 24, 42,  4, 36,  5, 43, 31, 33, 11, 18, 27,  6, 23, 40, 44,  8], 32712.28663874, 4293.84176922, 2258.65284608,  971.40032582, 42.66666667, 71,  54, 111.5 )
 (41, [12, 11, 11, 14, 22, 37, 25, 10,  5, 12, 24, 38,  7, 39, 14,  3, 27, 46, 36, 45,  4, 40,  2, 26, 31, 33, 16, 23, 42, 41, 30,  9, 13,  1,  6, 44, 18, 32, 48, 19, 43, 28, 21, 35, 11, 34, 29, 15,  8, 20, 17, 47], 32784.69309664, 4298.85401431, 2428.07505742, 1085.81754722, 43.33333333, 72,  31,  95.25)
 (69, [12, 11, 10, 15, 33,  3, 39,  9, 23, 19, 31,  1, 13, 10, 38, 24, 29, 14, 27,  4, 11,  8,  5, 37, 12, 20, 25, 46,  2, 35, 28, 21, 36, 17, 22, 42, 44, 43, 48, 34, 18, 41, 16, 40,  6, 15, 30, 45, 26,  7, 32, 47], 33216.99908401, 4462.6260147 , 2250.79771409,  956.94995863, 43.66666667, 73,  19,  87.25)
 (31, [10, 12, 12, 14,  4, 42, 43, 18, 15, 21,  8, 45, 32, 20,  6, 25, 19, 37,  1,  2, 12, 26, 38, 36, 22, 34, 24, 33, 47, 40,  3,  5, 23, 27, 17, 14, 16, 28, 46, 39,  9, 13, 29, 35, 11,  7, 30, 44, 41, 10, 48, 31], 33309.94275847, 3826.19885719, 2100.95704656,  815.73842073, 43.        , 74,  44, 107.  )
 (87, [14, 10, 13, 11,  3,  2, 15, 16,  4, 18, 14, 20, 31, 23, 44, 33, 25, 45,  9, 10, 40, 47, 32, 34, 42, 29, 17,  7, 21, 43, 36, 30, 37, 46,  5, 27, 35,  6, 12, 28, 26, 24, 48, 39, 38,  8, 13,  1, 11, 19, 22, 41], 33309.99865535, 4150.81376705, 2509.91426885,  494.94355703, 29.33333333, 75,  63, 122.25)
 (87, [14, 10, 13, 11,  3,  2, 15, 16,  4, 18, 14, 20, 31, 23, 44, 33, 25, 45,  9, 10, 40, 47, 32, 34, 42, 29, 17,  7, 21, 43, 36, 30, 37, 46,  5, 27, 35,  6, 12, 28, 26, 24, 48, 39, 38,  8, 13,  1, 11, 19, 22, 41], 33309.99865535, 4150.81376705, 2509.91426885,  494.94355703, 29.33333333, 76,  59, 120.25)
 (66, [13, 12, 13, 10,  1, 45,  5, 38, 12, 16, 24,  2, 40,  4, 33, 18, 29, 21, 20,  7,  3, 13, 39, 44, 41, 42, 25, 31, 35, 48, 43, 34, 26, 23, 27, 10, 15,  8, 47, 11,  6, 36, 17, 30, 19, 28,  9, 37, 46, 14, 22, 32], 33468.47157859, 4712.62580761, 2577.17545003,  781.58528339, 29.        , 78,  67, 128.25)
 (66, [13, 12, 13, 10,  1, 45,  5, 38, 12, 16, 24,  2, 40,  4, 33, 18, 29, 21, 20,  7,  3, 13, 39, 44, 41, 42, 25, 31, 35, 48, 43, 34, 26, 23, 27, 10, 15,  8, 47, 11,  6, 36, 17, 30, 19, 28,  9, 37, 46, 14, 22, 32], 33468.47157859, 4712.62580761, 2577.17545003,  781.58528339, 29.        , 77,  74, 132.5 )
 ( 6, [11, 12, 10, 15,  1, 12,  5, 29, 23, 41, 15,  7, 32, 13, 20, 36, 14, 46, 33, 21, 28,  9, 10,  6, 31,  2, 25,  4, 16, 26, 38, 40, 30,  8, 48,  3, 42, 35, 45, 11, 44, 24, 27, 17, 19, 39, 37, 47, 18, 22, 34, 43], 33702.89702822, 3854.8937475 , 2357.45375087,  789.57894656, 44.        , 79,  10,  86.5 )
 (71, [11, 12, 15, 10, 12, 45, 14, 31, 29, 16, 22, 38, 41, 24,  9,  5, 43,  2, 13, 34, 33, 46,  1, 10, 47, 23, 15,  3, 36, 27, 21, 48, 35, 39, 18, 28, 19,  6,  8, 25, 26, 40, 37,  4,  7, 44, 32, 42, 11, 17, 20, 30], 34405.58419212, 4832.21082898, 2087.72502232,  984.48507262, 28.66666667, 81,  90, 148.5 )
 (71, [11, 12, 15, 10, 12, 45, 14, 31, 29, 16, 22, 38, 41, 24,  9,  5, 43,  2, 13, 34, 33, 46,  1, 10, 47, 23, 15,  3, 36, 27, 21, 48, 35, 39, 18, 28, 19,  6,  8, 25, 26, 40, 37,  4,  7, 44, 32, 42, 11, 17, 20, 30], 34405.58419212, 4832.21082898, 2087.72502232,  984.48507262, 28.66666667, 80,  85, 143.75)
 (80, [12, 12, 12, 12, 47, 20, 10, 43,  2, 41, 18, 42,  3, 14, 17, 45,  6, 11, 40,  8, 19, 15, 29, 44, 26,  4, 31,  7, 35, 23, 48,  5,  1, 34, 30,  9, 37, 33, 38, 25, 13, 12, 16, 39, 27, 46, 32, 22, 36, 28, 24, 21], 34554.08677231, 3800.52079153, 2198.71661959, 1135.7661776 , 44.        , 82,   8,  88.  )
 ( 5, [11, 14, 12, 11, 19, 17, 22, 37, 10, 11, 15, 16, 42, 20,  2, 48,  3, 38,  7, 33, 18, 14, 44, 36,  4, 30, 28,  6, 41, 40, 12,  5, 31, 32, 29, 34, 24, 35, 13, 39,  1, 45, 43, 21, 46, 26, 25, 47, 27,  8,  9, 23], 34961.83754675, 3591.75037759, 1863.57348813, 1039.23594772, 43.66666667, 83,  12,  92.  )
 (93, [13, 14, 11, 10, 37,  8,  7, 31, 28, 20, 24, 45,  5, 23, 10, 30, 29, 46,  4, 43, 11, 25, 41, 36, 32, 35, 48, 12, 26, 18,  6, 17, 22, 33, 15, 39,  2, 27, 44, 21, 14, 19, 38, 34,  1, 42,  3, 13, 47, 40,  9, 16], 35975.07558695, 3901.07983555, 2061.05699034, 1264.71278953, 27.33333333, 84, 100, 159.  )
 (93, [13, 14, 11, 10, 37,  8,  7, 31, 28, 20, 24, 45,  5, 23, 10, 30, 29, 46,  4, 43, 11, 25, 41, 36, 32, 35, 48, 12, 26, 18,  6, 17, 22, 33, 15, 39,  2, 27, 44, 21, 14, 19, 38, 34,  1, 42,  3, 13, 47, 40,  9, 16], 35975.07558695, 3901.07983555, 2061.05699034, 1264.71278953, 27.33333333, 85,  97, 157.75)
 (58, [11, 10, 12, 15, 30, 26, 32, 29, 37, 45, 16,  5, 31, 14, 24, 38, 25, 21, 15, 46, 34, 33, 18,  2, 27, 28, 36, 17, 48, 23,  7, 43, 41, 44, 19, 13, 35, 42,  8,  4, 39, 12, 22, 47, 11,  6, 10,  3, 20, 40,  9,  1], 36019.45738946, 4115.90413065, 2374.78814683, 1262.54128935, 43.        , 86,  46, 120.5 )
 (52, [ 9,  9, 12, 18,  7, 40,  5, 27, 31,  9, 21, 25, 12, 20,  6, 42, 37, 13, 48,  1, 28, 44, 16, 24, 47, 11, 15, 19,  8, 17, 23, 22, 34, 41, 14, 36, 26, 18, 45, 30, 46,  4,  2, 43, 38, 32, 10,  3, 39, 29, 33, 35], 36274.25266698, 4554.32772031, 2759.40835155,  829.73171302, 29.33333333, 88,  64, 136.  )
 (52, [ 9,  9, 12, 18,  7, 40,  5, 27, 31,  9, 21, 25, 12, 20,  6, 42, 37, 13, 48,  1, 28, 44, 16, 24, 47, 11, 15, 19,  8, 17, 23, 22, 34, 41, 14, 36, 26, 18, 45, 30, 46,  4,  2, 43, 38, 32, 10,  3, 39, 29, 33, 35], 36274.25266698, 4554.32772031, 2759.40835155,  829.73171302, 29.33333333, 87,  62, 133.5 )
 (34, [10, 11, 11, 16,  3, 42, 45, 43, 31, 41, 13, 48, 34, 26,  1, 44, 14,  9, 25, 28, 10, 24, 20, 47, 11, 35, 12, 27,  6, 33, 16,  7, 30, 40, 15, 23,  4,  8, 18, 19, 39, 32, 17, 38, 36, 46, 37,  5, 22, 21, 29,  2], 36550.81784407, 4542.52637626, 2562.69944421,  927.86257077, 43.33333333, 89,  38, 117.5 )
 (44, [12, 13, 12, 11,  6, 28, 27, 17,  8, 23, 22, 47, 33, 12, 42, 24, 34, 40,  4,  2, 46, 48, 29, 32,  9, 16, 19, 20, 44, 14, 35, 21, 37, 38, 41, 13, 10, 18, 31, 43, 30, 26, 11, 25,  1, 15,  3,  5,  7, 39, 36, 45], 37122.41620105, 4498.49858402, 2565.30962327, 1133.207568  , 42.66666667, 90,  53, 129.75)]