
Total Runtime in seconds: 544.8388996124268Parameters:
population_size: 50, max_generations: 150, executed generations: 149, threshold_no_improvement: 75
target feasible proportion: 12
fitness_scaling: power_rank, selection_method: n_tournaments
p_c: 0.9, p_m: 0.15, NOT YET p_education: 0.0
tournament_size: 2, n_elite: 8
survivor_selection_step: 10, p_selection_survival: 0.7
kill clone step: 5
diversify_step: 20, diversify_step: 20, p_diversify_survival: 0.3
n_closest_neighbors: 3, diversity_weight: 0.5, distance_method: broken_pairs_distance
capacity_penalty_factor: 2, duration_penalty_factor 2, time_window_penalty: 2
Best fitness all generations, best individual before/after local search: 1479.0217909151313, 1485.4904586223734 / 1485.4904586223734
Best individual found before local search: (23, [10, 17, 12, 14, 13,  6, 31, 20, 18, 36, 60, 27, 10, 33, 65, 71, 43, 49, 61, 37,  7, 68, 12,  1, 64, 47, 23, 26, 59, 51, 17, 41, 50, 69,  8, 54, 56, 45, 16,  3, 15, 62, 44, 34, 22, 52, 46, 72, 53,  4, 21, 55, 29,  5, 57, 24, 63, 28, 13, 66, 30, 14, 67, 40, 48, 42, 58,  6, 11, 19,  9, 70, 35,  2, 38, 39, 32, 25], 1485.49045862, 1485.49045862, 0., 0., 0., 0., 18, 29, 32.5)
Best individual found after local search: (23, [10, 17, 12, 14, 13,  6, 31, 20, 18, 36, 60, 27, 10, 33, 65, 71, 43, 49, 61, 37,  7, 68, 12,  1, 64, 47, 23, 26, 59, 51, 17, 41, 50, 69,  8, 54, 56, 45, 16,  3, 15, 62, 44, 34, 22, 52, 46, 72, 53,  4, 21, 55, 29,  5, 57, 24, 63, 28, 13, 66, 30, 14, 67, 40, 48, 42, 58,  6, 11, 19,  9, 70, 35,  2, 38, 39, 32, 25], 1485.49045862, 1485.49045862, 0., 0., 0., 0., 18, 29, 32.5)
Best feasible individual found: (23, [10, 17, 12, 14, 13,  6, 31, 20, 18, 36, 60, 27, 10, 33, 65, 71, 43, 49, 61, 37,  7, 68, 12,  1, 64, 47, 23, 26, 59, 51, 17, 41, 50, 69,  8, 54, 56, 45, 16,  3, 15, 62, 44, 34, 22, 52, 46, 72, 53,  4, 21, 55, 29,  5, 57, 24, 63, 28, 13, 66, 30, 14, 67, 40, 48, 42, 58,  6, 11, 19,  9, 70, 35,  2, 38, 39, 32, 25], 1485.49045862, 1485.49045862, 0., 0., 0., 0., 18, 29, 32.5)

Fitness stats min: [1555.43051895 1510.00963037 1505.42274652 1505.42274652 1504.55169524
 1497.5411994  1491.33664889 1491.33664889 1491.33664889 1491.33664889
 1491.33664889 1491.33664889 1491.41960616 1491.41960616 1491.33664889
 1491.33664889 1491.41960616 1491.41960616 1491.33664889 1491.33664889
 1491.33664889 1491.33664889 1491.33664889 1491.33664889 1491.33664889
 1491.33664889 1491.41960616 1491.41960616 1491.50671128 1491.50671128
 1491.33664889 1491.33664889 1491.33664889 1491.33664889 1491.33664889
 1491.33664889 1491.33664889 1491.33664889 1491.33664889 1491.33664889
 1491.33664889 1491.33664889 1491.33664889 1491.33664889 1491.33664889
 1491.33664889 1491.33664889 1491.33664889 1491.33664889 1491.33664889
 1491.33664889 1491.33664889 1491.41960616 1491.41960616 1491.33664889
 1491.33664889 1491.33664889 1491.33664889 1491.33664889 1491.33664889
 1491.33664889 1491.33664889 1491.33664889 1491.33664889 1491.33664889
 1497.41362944 1497.41362944 1497.41362944 1497.41362944 1497.41362944
 1497.41362944 1497.41362944 1497.41362944 1491.33664889 1491.33664889
 1497.41362944 1497.41362944 1497.41362944 1497.41362944 1497.41362944
 1491.46421886 1491.46421886 1491.46421886 1491.33664889 1491.33664889
 1491.33664889 1491.41960616 1491.41960616 1491.33664889 1491.33664889
 1489.56034371 1489.56034371 1489.56034371 1489.56034371 1487.74224459
 1489.56034371 1489.64330098 1489.64330098 1489.56034371 1489.56034371
 1489.56034371 1489.56034371 1479.41347808 1479.41347808 1479.41347808
 1479.41347808 1479.49643534 1479.49643534 1479.41347808 1479.41347808
 1479.41347808 1479.41347808 1479.41347808 1479.41347808 1479.49643534
 1479.49643534 1479.58354047 1479.58354047 1479.41347808 1479.41347808
 1479.41347808 1479.41347808 1479.41347808 1479.41347808 1479.49643534
 1479.49643534 1479.58354047 1479.58354047 1479.41347808 1479.41347808
 1479.41347808 1479.41347808 1479.41347808 1479.41347808 1479.02179092
 1479.41347808 1479.49643534 1479.49643534 1479.41347808 1479.41347808
 1479.41347808 1479.41347808 1479.41347808 1479.41347808 1479.41347808
 1479.41347808 1479.49643534 1479.49643534 1479.41347808 1485.49045862] 

Fitness stats feasible min: [1555.43051895 1510.00963037 1510.00963037 1510.00963037 1508.10466485
 1497.5411994  1497.5411994  1497.5411994  1497.5411994  1497.41362944
 1497.41362944 1497.41362944 1497.41362944 1497.41362944 1497.41362944
 1497.41362944 1497.41362944 1497.41362944 1497.41362944 1497.41362944
 1497.41362944 1497.41362944 1497.41362944 1497.41362944 1497.41362944
 1497.41362944 1497.41362944 1497.41362944 1497.41362944 1497.41362944
 1497.41362944 1497.41362944 1497.41362944 1497.41362944 1497.41362944
 1497.41362944 1497.41362944 1497.41362944 1497.41362944 1497.41362944
 1497.41362944 1497.41362944 1497.41362944 1497.41362944 1497.41362944
 1497.41362944 1497.41362944 1497.41362944 1497.41362944 1497.41362944
 1497.41362944 1497.41362944 1497.41362944 1497.41362944 1497.41362944
 1497.41362944 1497.41362944 1497.41362944 1497.41362944 1497.41362944
 1497.41362944 1497.41362944 1497.41362944 1497.41362944 1497.41362944
 1497.41362944 1497.41362944 1497.41362944 1497.41362944 1497.41362944
 1497.41362944 1497.41362944 1497.41362944 1497.41362944 1497.41362944
 1497.41362944 1497.41362944 1497.41362944 1497.41362944 1497.41362944
 1497.41362944 1497.41362944 1497.41362944 1497.41362944 1497.41362944
 1497.41362944 1497.41362944 1497.41362944 1497.41362944 1497.41362944
 1497.41362944 1497.41362944 1497.41362944 1497.41362944 1497.41362944
 1497.41362944 1497.41362944 1497.41362944 1497.41362944 1497.41362944
 1497.41362944 1497.41362944 1497.41362944 1495.63732426 1495.63732426
 1495.63732426 1495.63732426 1495.63732426 1485.49045862 1485.49045862
 1485.49045862 1485.49045862 1485.49045862 1485.49045862 1485.49045862
 1485.49045862 1485.49045862 1485.49045862 1485.49045862 1485.49045862
 1485.49045862 1485.49045862 1485.49045862 1485.49045862 1485.49045862
 1485.49045862 1485.49045862 1485.49045862 1485.49045862 1485.49045862
 1485.49045862 1485.49045862 1485.49045862 1485.49045862 1485.49045862
 1485.49045862 1485.49045862 1485.49045862 1485.49045862 1485.49045862
 1485.49045862 1485.49045862 1485.49045862 1485.49045862 1485.49045862
 1485.49045862 1485.49045862 1485.49045862 1485.49045862 1485.49045862] 

Fitness stats avg: [2078.27728771 2080.62898942 2024.85248999 1815.76065096 1703.53664927
 2393.14661833 1667.89251815 1720.59660091 1681.30666562 1789.75867679
 3622.21667989 2525.70238744 1689.71018625 1566.73104814 1626.86585161
 4144.87375776 2445.86788123 1846.06098849 1731.22741919 1581.38634385
 3161.79519128 1887.09478228 1617.54240439 1531.5075476  1597.25370884
 5248.41886634 4059.25833301 4244.71817548 3270.20914719 2464.70674183
 3806.56325612 2323.69174115 1977.73867291 1837.17083648 1632.48688068
 3253.20796751 2152.96479721 1742.10673484 1614.7579384  1647.25397034
 3495.7945683  2437.68418742 1649.31008186 1651.62378419 1583.97302253
 4784.81122753 3392.66805524 4195.69598948 3024.83281585 2203.53104181
 5120.24808154 3821.50641892 2749.93270976 2233.002437   1866.14401263
 4205.80190286 2542.80833113 1825.82085707 1789.38727465 1637.54927104
 4264.1290757  3059.48030277 2170.59112343 1741.98652306 1651.86949531
 5160.53010403 3932.19946036 4013.5901274  2372.25388427 1857.85156239
 3175.01804776 1951.42173712 1614.22750985 1630.80995123 1773.34288856
 5207.88588507 4143.06437985 2890.04423259 2261.51745006 1912.11652808
 4998.57398134 3514.66213266 2448.999925   1951.35676394 1663.65700977
 4412.610628   3367.16522539 3879.71179424 2252.00659144 1743.4956435
 3423.19774461 1866.69771468 1637.88674906 1602.75175272 1599.25903076
 5263.41350486 3966.01902913 2372.71540877 1782.8125301  1679.39222123
 3399.29466079 1963.88882614 1777.97934883 1638.74604585 1635.72251107
 4130.01286559 2906.71577389 1667.36969355 1655.14578949 1619.47724719
 1951.07900925 1588.77532479 1600.01488991 1562.38073615 1581.26795704
 5533.8299855  4197.05779523 2801.34873037 1777.66988261 1671.89455401
 3314.47995667 2151.88291693 1722.32843083 4370.44864084 2917.65103182
 4320.52983933 3070.59411069 2429.57161503 2086.6158182  1849.65134528
 3411.17296684 2235.98739457 1765.19805734 1598.21647016 1631.06975073
 5579.35652815 4417.48953439 3041.03503662 2377.20760994 1782.30415555
 3080.82028317 2325.78988464 1658.53048478 1542.48189756 1562.81404091
 5546.41260898 4751.34604893 3433.58279059 2710.88039031 1791.25459436] 

Feasible stats: [( 0., 50.) ( 0., 50.) (20., 30.) (20., 30.) (28., 22.) (28., 22.)
 (27., 23.) (27., 23.) (26., 24.) (26., 24.) (26., 24.) (26., 24.)
 (11., 39.) (11., 39.) (23., 27.) (23., 27.) (11., 39.) (11., 39.)
 (25., 25.) (25., 25.) (30., 20.) (30., 20.) (27., 23.) (27., 23.)
 (22., 28.) (22., 28.) (11., 39.) (11., 39.) (11., 39.) (11., 39.)
 (24., 26.) (24., 26.) (28., 22.) (28., 22.) (34., 16.) (34., 16.)
 (18., 32.) (18., 32.) (32., 18.) (32., 18.) (35., 15.) (35., 15.)
 (24., 26.) (24., 26.) (26., 24.) (26., 24.) (12., 38.) (12., 38.)
 (18., 32.) (18., 32.) (32., 18.) (32., 18.) (11., 39.) (11., 39.)
 (23., 27.) (23., 27.) (15., 35.) (15., 35.) (32., 18.) (32., 18.)
 (37., 13.) (37., 13.) (16., 34.) (16., 34.) (37., 13.) (37., 13.)
 (11., 39.) (11., 39.) (18., 32.) (18., 32.) (39., 11.) (39., 11.)
 (39., 11.) (39., 11.) (46.,  4.) (46.,  4.) (11., 39.) (11., 39.)
 (17., 33.) (17., 33.) (38., 12.) (38., 12.) (17., 33.) (17., 33.)
 (28., 22.) (28., 22.) (11., 39.) (11., 39.) (19., 31.) (19., 31.)
 (39., 11.) (39., 11.) (30., 20.) (30., 20.) (42.,  8.) (42.,  8.)
 ( 5., 45.) ( 5., 45.) (18., 32.) (18., 32.) (26., 24.) (26., 24.)
 (13., 37.) (13., 37.) (16., 34.) (16., 34.) (10., 40.) (10., 40.)
 (17., 33.) (17., 33.) (22., 28.) (22., 28.) (14., 36.) (14., 36.)
 (10., 40.) (10., 40.) ( 7., 43.) ( 7., 43.) (20., 30.) (20., 30.)
 (29., 21.) (29., 21.) (28., 22.) (28., 22.) (11., 39.) (11., 39.)
 ( 7., 43.) ( 7., 43.) (24., 26.) (24., 26.) (36., 14.) (36., 14.)
 (22., 28.) (22., 28.) (13., 37.) (13., 37.) ( 7., 43.) ( 7., 43.)
 (18., 32.) (18., 32.) (37., 13.) (37., 13.) (26., 24.) (26., 24.)
 (41.,  9.) (41.,  9.) ( 5., 45.) ( 5., 45.) (12., 38.) (12., 38.)] 
Solution Description: 
p: [  0.          27.72795333  35.33210754  43.19206712  46.5831419
  81.97682072  88.48453106 134.25141262 185.67192311 189.55455532
 215.74631656   0.          15.46495315  30.53265982  43.17974643
  66.17719182  70.58152567  81.85593634  88.59816033 207.39219293
 210.53195746 210.69462939 234.38757877 239.68211446 281.41590058
 284.49573475 298.32157475 325.5350263  382.65530323   0.
  15.41207475  33.64055543  57.3766021   67.56392192  93.98294113
 123.89092158 123.90952862 153.52068246 185.24000465 191.72493891
 192.75195223 203.38575106   0.           2.08521749  35.65396581
  69.65198201  70.36672489  91.87767476 127.5925684  127.63840351
 140.54904485 214.01317801 320.96770328 322.86504511 325.92635166
 325.94536436 350.43184649   0.          10.35822321  20.13765971
  31.55311064  50.30472057  72.00937632  77.64487973 110.01398661
 144.21682059 207.16449992 207.16929705 209.41247814 211.60532492
 222.59527417   0.          34.55766948  50.16032516  67.55187832
  74.1802414   99.66534946 110.67596711] 
pred: [ 0  0  0  0  0  4  4  4  4  4  4  0  0  0  0  0  0  5  5  5  5  5  5  5
 12 12 12 12 12  0  0  1  1  1  1  1  1  1  8  8  8  8  0  0  0  0  0  4
  4  4  7  7  7  7  7  7  7  0  0  0  2  2  2  2  6  6  6  6  6  6  6  0
  0  0  0  0  0  0] 
distance [  0.          27.72795333  35.33210754  43.19206712  46.5831419
  35.39367881  41.90138916  87.66827072 139.08878121 142.97141341
 169.16317466   0.          15.46495315  30.53265982  43.17974643
  66.17719182  70.58152567  11.27441067  18.01663466 136.81066726
 139.95043179 140.11310372 163.80605309 169.10058879  41.73378612
  44.81362029  58.63946029  85.85291185 142.97318877   0.
  15.41207475  18.22848068  41.96452735  52.15184717  78.57086638
 108.47884684 108.49745388 138.10860771  31.71932219  38.20425645
  39.23126977  49.8650686    0.           2.08521749  35.65396581
  69.65198201  70.36672489  21.51094986  57.22584351  57.27167861
  12.91064135  86.3747745  193.32929977 195.22664161 198.28794815
 198.30696086 222.79344299   0.          10.35822321  20.13765971
  11.41545093  30.16706086  51.87171661  57.50722003  32.36910688
  66.57194085 129.51962018 129.52441732 131.76759841 133.96044519
 144.95039444   0.          34.55766948  50.16032516  67.55187832
  74.1802414   99.66534946 110.67596711]
load: [  0   9  13  20  30  25  29  41  51  71  90   0  10  23  32  55  70   4
  29  49  62  84  91 100   5  18  20  43  58   0  20  23  48  63  75  85
 104 129   2  14  32  47   0  20  23  43  53  10  16  23  22  40  42  50
  74  80  85   0  13  30   1  16  17  38  16  39  40  47  58  71  79   0
  21  27  50  61  86  96] 
time: [  0.         281.         297.54750472 308.92871239 342.12967778
 141.         160.         306.         350.35263406 426.
 488.58455483   0.         281.         300.98618851 377.
 397.         436.74439119 181.         198.752644   272.76236861
 317.93545503 351.46431393 425.         444.4444974  141.
 157.80418117 183.3237552  255.         399.           0.
 235.          89.         111.         180.         206.44951944
 270.         475.         517.98830537 179.         247.
 256.32300366 388.           0.         182.         341.
 369.25774078 456.         230.         256.0631895  389.
  60.         159.         234.91784831 333.         377.3771551
 403.36946641 460.           0.          67.         267.
  76.         108.         324.         413.         123.
 403.         464.85170983 503.23971681 535.96205331 546.47031167
 572.76331954   0.         111.         134.81423573 159.0719625
 178.78404537 223.92921174 394.        ] 
time warps: [0 0 0 0 0 0 0 0 0 0 0 0 0 0 0 0 0 0 0 0 0 0 0 0 0 0 0 0 0 0 0 0 0 0 0 0 0
 0 0 0 0 0 0 0 0 0 0 0 0 0 0 0 0 0 0 0 0 0 0 0 0 0 0 0 0 0 0 0 0 0 0 0 0 0
 0 0 0 0] 
duration: [  0.          37.72795333  51.33210754  77.19206712 103.5831419
  37.39367881  69.17553951 235.81400473 308.23451522 365.21423414
 402.40599538   0.          25.46495315  59.53265982 124.29482226
 170.80054074 180.20487459  25.27441067  46.01663466 172.81066726
 200.95043179 213.11310372 287.56222507 316.85676076  46.73378612
  63.81362029  87.63946029 168.84169665 340.93605437   0.
  35.41207475  19.22848068  61.35332752 128.02599323 174.44501244
 239.41567959 445.30984852 480.92100235  52.71932219 104.38024999
 126.40726331 246.4008279    0.          25.08521749 186.86353493
 245.86155113 303.32562374  28.51094986  66.22584351 203.44721241
  37.91064135 159.64533919 291.59986446 367.34599429 371.40730084
 389.42631354 444.08606967   0.          31.35822321 234.20555658
  24.41545093  77.43927545 294.80044577 363.11109939  48.36910688
 348.73167066 417.67934999 442.68414713 452.92732821 467.12017499
 492.11012425   0.          50.55766948  81.16032516 113.55187832
 127.1802414  177.66534946 329.54200455]

All individuals: [(38, [10, 17, 12, 14, 13,  6, 31, 20, 18, 36, 60, 27, 10, 33, 65, 71, 43, 49, 61, 37,  7, 68, 12,  1, 64, 47, 23, 26, 59, 51, 17, 41, 50,  8, 54, 56, 45, 16,  3, 15, 69, 62, 44, 34, 22, 52, 46, 72, 53,  4, 21, 55, 29,  5, 57, 24, 63, 28, 13, 66, 30, 14, 67, 40, 48, 42, 58,  6, 11, 19,  9, 70, 35,  2, 38, 39, 32, 25], 1479.41347808, 1477.7543328 , 0.,  0.82957264,  0.        ,  0.        ,  2, 32, 18. )
 (44, [12, 13, 12, 12, 12, 11, 71, 34, 68, 72, 31, 51,  3, 13, 69, 25, 12,  2, 21, 38, 24, 58, 47, 19, 70, 11, 49, 29, 37, 39, 40, 66, 62, 32, 41, 63, 55, 45, 64, 30, 65, 53, 18, 10,  5, 33, 27, 42, 15, 16,  4, 48, 57, 22, 28, 26, 60,  8, 14, 35,  1, 46, 17, 52, 61,  6, 43, 54, 67, 59, 56, 20, 44, 50,  9, 36,  7, 23], 1479.41347808, 1477.7543328 , 0.,  0.82957264,  0.        ,  0.        ,  1, 47, 24.5)
 (38, [10, 17, 12, 14, 13,  6, 31, 20, 18, 36, 60, 27, 10, 33, 65, 71, 43, 49, 61, 37,  7, 68, 12,  1, 64, 47, 23, 26, 59, 51, 17, 41, 50,  8, 54, 56, 45, 16,  3, 15, 69, 62, 44, 34, 22, 52, 46, 72, 53,  4, 21, 55, 29,  5, 57, 24, 63, 28, 13, 66, 30, 14, 67, 40, 48, 42, 58,  6, 11, 19,  9, 70, 35,  2, 38, 39, 32, 25], 1479.41347808, 1477.7543328 , 0.,  0.82957264,  0.        ,  0.        ,  6, 39, 25.5)
 (38, [10, 17, 12, 14, 13,  6, 31, 20, 18, 36, 60, 27, 10, 33, 65, 71, 43, 49, 61, 37,  7, 68, 12,  1, 64, 47, 23, 26, 59, 51, 17, 41, 50,  8, 54, 56, 45, 16,  3, 15, 69, 62, 44, 34, 22, 52, 46, 72, 53,  4, 21, 55, 29,  5, 57, 24, 63, 28, 13, 66, 30, 14, 67, 40, 48, 42, 58,  6, 11, 19,  9, 70, 35,  2, 38, 39, 32, 25], 1479.41347808, 1477.7543328 , 0.,  0.82957264,  0.        ,  0.        ,  5, 40, 25. )
 (38, [10, 17, 12, 14, 13,  6, 31, 20, 18, 36, 60, 27, 10, 33, 65, 71, 43, 49, 61, 37,  7, 68, 12,  1, 64, 47, 23, 26, 59, 51, 17, 41, 50,  8, 54, 56, 45, 16,  3, 15, 69, 62, 44, 34, 22, 52, 46, 72, 53,  4, 21, 55, 29,  5, 57, 24, 63, 28, 13, 66, 30, 14, 67, 40, 48, 42, 58,  6, 11, 19,  9, 70, 35,  2, 38, 39, 32, 25], 1479.41347808, 1477.7543328 , 0.,  0.82957264,  0.        ,  0.        ,  1, 47, 24.5)
 (23, [10, 17, 12, 14, 13,  6, 31, 20, 18, 36, 60, 27, 10, 33, 65, 71, 43, 49, 61, 37,  7, 68, 12,  1, 64, 47, 23, 26, 59, 51, 17, 41, 50,  8, 54, 56, 45, 16,  3, 15, 69, 62, 44, 34, 22, 52, 46, 72, 53,  4, 21, 55, 29,  5, 57, 24, 63, 28, 13, 66, 30, 14, 67, 40, 48, 42, 58,  6, 11, 19,  9, 70, 35,  2, 38, 39, 32, 25], 1479.41347808, 1477.7543328 , 0.,  0.82957264,  0.        ,  0.        ,  3, 42, 24. )
 (23, [10, 17, 12, 14, 13,  6, 31, 20, 18, 36, 60, 27, 10, 33, 65, 71, 43, 49, 61, 37,  7, 68, 12,  1, 64, 47, 23, 26, 59, 51, 17, 41, 50,  8, 54, 56, 45, 16,  3, 15, 69, 62, 44, 34, 22, 52, 46, 72, 53,  4, 21, 55, 29,  5, 57, 24, 63, 28, 13, 66, 30, 14, 67, 40, 48, 42, 58,  6, 11, 19,  9, 70, 35,  2, 38, 39, 32, 25], 1479.41347808, 1477.7543328 , 0.,  0.82957264,  0.        ,  0.        ,  4, 28, 18. )
 (43, [14, 11, 12, 12, 10, 13, 20, 15, 12, 38, 70,  7, 36, 62, 50,  6, 68, 34, 22, 66, 47, 52,  4, 24,  8, 48, 49, 29, 28, 44, 51, 64, 53,  9,  5, 19, 21, 56,  3, 23, 67, 13, 60,  1, 30, 43, 25, 59, 10,  2, 45, 40, 63, 11, 18, 71, 46, 35, 41, 39, 72, 65, 57, 26, 58, 42, 31, 27, 55, 32, 17, 14, 69, 54, 37, 61, 16, 33], 1485.49045862, 1485.49045862, 0.,  0.        ,  0.        ,  0.        ,  8, 46, 31. )
 (40, [11, 13, 12, 12, 12, 12, 61,  7, 39, 56, 40, 33, 71, 37, 50, 51, 68, 53, 29,  3, 62,  2,  5, 35, 10, 57, 46, 34, 25, 26, 31, 43,  1, 23, 45, 24, 15, 32, 64, 60, 63, 54, 11,  8, 18, 66, 21, 58, 36, 55, 65, 41, 17, 72, 47, 12,  9, 28, 44, 14, 30, 69, 70, 49, 19, 38, 13, 20, 59, 67,  4, 42, 16,  6, 22, 52, 48, 27], 1485.49045862, 1485.49045862, 0.,  0.        ,  0.        ,  0.        ,  9, 45, 31.5)
 (39, [17, 10, 12, 12, 10, 11,  5,  4,  9, 17, 45, 70, 23, 24, 41, 58, 11, 35, 37, 51,  1, 71, 29,  2, 32, 59, 14, 18, 52, 21, 27, 46, 36, 31, 61, 56, 12, 65,  8, 15, 13, 63, 30, 16, 43, 49, 54, 57, 55, 69, 68, 33, 40, 44,  7, 67, 10, 42, 28, 48, 25, 53, 22, 60, 38, 66, 72, 26, 19, 34, 64, 50,  3,  6, 47, 20, 62, 39], 1485.49045862, 1485.49045862, 0.,  0.        ,  0.        ,  0.        , 10, 44, 32. )
 (23, [10, 17, 12, 14, 13,  6, 31, 20, 18, 36, 60, 27, 10, 33, 65, 71, 43, 49, 61, 37,  7, 68, 12,  1, 64, 47, 23, 26, 59, 51, 17, 41, 50, 69,  8, 54, 56, 45, 16,  3, 15, 62, 44, 34, 22, 52, 46, 72, 53,  4, 21, 55, 29,  5, 57, 24, 63, 28, 13, 66, 30, 14, 67, 40, 48, 42, 58,  6, 11, 19,  9, 70, 35,  2, 38, 39, 32, 25], 1485.49045862, 1485.49045862, 0.,  0.        ,  0.        ,  0.        ,  9, 45, 31.5)
 (23, [10, 17, 12, 14, 13,  6, 31, 20, 18, 36, 60, 27, 10, 33, 65, 71, 43, 49, 61, 37,  7, 68, 12,  1, 64, 47, 23, 26, 59, 51, 17, 41, 50, 69,  8, 54, 56, 45, 16,  3, 15, 62, 44, 34, 22, 52, 46, 72, 53,  4, 21, 55, 29,  5, 57, 24, 63, 28, 13, 66, 30, 14, 67, 40, 48, 42, 58,  6, 11, 19,  9, 70, 35,  2, 38, 39, 32, 25], 1485.49045862, 1485.49045862, 0.,  0.        ,  0.        ,  0.        ,  8, 46, 31. )
 (38, [10, 17, 12, 14, 13,  6, 31, 20, 18, 36, 60, 27, 10, 33, 65, 71, 43, 49, 61, 37,  7, 68, 12,  1, 64, 47, 23, 26, 59, 51, 17, 41, 50, 69,  8, 54, 56, 45, 16,  3, 15, 62, 44, 34, 22, 52, 46, 72, 53,  4, 21, 55, 29,  5, 57, 24, 63, 28, 13, 66, 30, 14, 67, 40, 48, 42, 58,  6, 11, 19,  9, 70, 35,  2, 38, 39, 32, 25], 1485.49045862, 1485.49045862, 0.,  0.        ,  0.        ,  0.        , 17, 34, 34. )
 (49, [11, 11, 12, 15, 12, 11, 34, 57, 37,  8, 43, 58, 24, 60, 47, 13, 32, 61, 25, 14,  5, 17, 64, 63, 69, 49, 31, 21, 15, 41, 36, 55, 28, 52, 16, 23, 22,  7, 10, 38, 67, 53, 20, 27, 26, 42, 11, 70, 71, 19, 56, 46, 54, 39, 44, 29,  2, 66, 48, 62, 12, 51, 50,  1,  9, 45,  6, 18, 40, 68,  4, 30, 65,  3, 33, 59, 72, 35], 1485.49045862, 1485.49045862, 0.,  0.        ,  0.        ,  0.        , 17, 34, 34. )
 (23, [10, 17, 12, 14, 13,  6, 31, 20, 18, 36, 60, 27, 10, 33, 65, 71, 43, 49, 61, 37,  7, 68, 12,  1, 64, 47, 23, 26, 59, 51, 17, 41, 50, 69,  8, 54, 56, 45, 16,  3, 15, 62, 44, 34, 22, 52, 46, 72, 53,  4, 21, 55, 29,  5, 57, 24, 63, 28, 13, 66, 30, 14, 67, 40, 48, 42, 58,  6, 11, 19,  9, 70, 35,  2, 38, 39, 32, 25], 1485.49045862, 1485.49045862, 0.,  0.        ,  0.        ,  0.        , 18, 29, 32.5)
 (23, [10, 17, 12, 14, 13,  6, 31, 20, 18, 36, 60, 27, 10, 33, 65, 71, 43, 49, 61, 37,  7, 68, 12,  1, 64, 47, 23, 26, 59, 51, 17, 41, 50,  8, 56, 54, 22, 45, 16,  3, 15, 69, 62, 44, 34, 52, 46, 72, 53,  4, 21, 55, 29,  5, 57, 24, 63, 28, 13, 66, 30, 14, 67, 40, 48, 42, 58,  6, 11, 19,  9, 70, 35,  2, 38, 39, 32, 25], 1499.28744288, 1497.6282976 , 0.,  0.82957264,  0.        ,  3.66666667, 27, 22, 38. )
 (38, [10, 17, 12, 14, 13,  6, 31, 20, 18, 36, 60, 27, 10, 33, 65, 71, 43, 49, 61, 37,  7, 68, 12,  1, 64, 47, 23, 26, 59, 51, 17, 41, 50,  8, 69, 54, 56, 45, 16,  3, 15, 62, 44, 34, 22, 52, 46, 72, 53,  4, 21, 55, 29,  5, 57, 24, 63, 28, 13, 66, 30, 14, 67, 40, 48, 42, 58,  6, 11, 19,  9, 70, 35,  2, 38, 39, 32, 25], 1501.8257156 , 1501.8257156 , 0.,  0.        ,  0.        ,  0.        , 23, 33, 39.5)
 (47, [12, 18, 11, 10, 11, 10, 34, 30, 60, 14, 69, 56, 48, 58, 62, 53, 11, 42, 27, 63,  2, 10, 52, 13, 20, 31, 41, 67, 24, 50, 23, 59, 36, 29, 68, 57, 40, 26, 17, 37, 46, 45, 55,  7, 71, 43, 33,  6, 25, 54, 66,  4, 28, 51,  3, 18, 65, 70, 15, 21, 35,  1, 32, 49,  5, 61, 12, 22, 19, 16, 47,  9, 72,  8, 64, 39, 38, 44], 1501.8257156 , 1501.8257156 , 0.,  0.        ,  0.        ,  0.        , 19, 49, 43.5)
 (46, [12, 11, 11, 14, 12, 12, 62, 48, 58, 60, 52, 36, 61, 18, 69, 37,  3, 28, 12, 47, 64, 23, 66, 49, 21, 68,  2, 65, 20, 57, 51, 10, 31, 24, 15,  1, 53, 17, 72, 50, 39, 34, 45, 40,  5, 43, 32, 71,  7, 44, 59, 29, 19, 16,  4,  6, 30, 41, 70, 14, 26, 54,  8, 63, 33, 35, 67,  9, 46, 42, 22, 56, 25, 13, 27, 55, 11, 38], 1501.8257156 , 1501.8257156 , 0.,  0.        ,  0.        ,  0.        , 20, 48, 44. )
 (36, [13, 12, 13, 10, 12, 12, 11, 63, 33, 50,  1, 10, 51, 37, 29, 24, 46, 57,  2, 58, 16, 62, 38, 28, 15, 55, 35, 43, 31, 69, 67, 71, 68, 70,  8, 12, 48, 25, 22, 13, 27, 47, 32, 21, 44,  4, 61, 41,  9, 20, 49,  6, 39, 34, 30, 59, 64, 42, 40, 26, 45, 72,  3, 56, 66, 17, 23,  7,  5, 18, 36, 54, 65, 53, 19, 14, 52, 60], 1523.00712224, 1571.19970756, 0.,  0.        ,  0.        ,  3.        , 25, 24, 37. )
 (36, [13, 12, 13, 10, 12, 12, 11, 63, 33, 50,  1, 10, 51, 37, 29, 24, 46, 57,  2, 58, 16, 62, 38, 28, 15, 55, 35, 43, 31, 69, 67, 71, 68, 70,  8, 12, 48, 25, 22, 13, 27, 47, 32, 21, 44,  4, 61, 41,  9, 20, 49,  6, 39, 34, 30, 59, 64, 42, 40, 26, 45, 72,  3, 56, 66, 17, 23,  7,  5, 18, 36, 54, 65, 53, 19, 14, 52, 60], 1523.00712224, 1571.19970756, 0.,  0.        ,  0.        ,  3.        , 25, 24, 37. )
 (38, [10, 17, 12, 14, 12,  7, 31, 20, 18, 36, 60, 27, 10, 33, 65, 71, 43, 49, 61, 37,  7, 68, 12,  1, 64, 47, 23, 26, 59, 51, 17, 41, 50, 69,  8, 54, 56, 45, 16,  3, 15, 62, 44, 34, 22, 52, 46, 72, 53,  4, 21, 55, 29,  5, 57, 24, 63, 28, 13, 66, 30, 14, 67, 40, 48, 42, 58,  6, 11, 19,  9, 70, 35,  2, 38, 39, 32, 25], 1538.08890797, 1538.08890797, 0.,  0.        ,  0.        ,  2.        , 26, 26, 39. )
 (38, [10, 17, 12, 16, 11,  6, 36, 10, 20, 31, 18, 27, 60, 33, 65, 71, 43, 49, 61, 37,  7, 68, 12,  1, 64, 47, 23, 26, 59, 51, 17, 41, 50,  8, 69, 54, 56, 45, 16,  3, 15, 62, 44, 34, 22, 52, 46, 72, 53,  4, 21, 55, 29,  5, 57, 24, 63, 28, 13, 66, 30, 14, 67, 40, 48, 42, 58,  6, 11, 19,  9, 70, 35,  2, 38, 39, 32, 25], 1649.34340301, 1635.3429638 , 0.,  7.00021961,  0.        ,  8.66666667, 28, 17, 36.5)
 (23, [10, 17, 12, 16, 11,  6, 31, 20, 36, 10, 18, 27, 60, 33, 65, 71, 43, 49, 61, 37,  7, 68, 12,  1, 64, 47, 23, 26, 59, 51, 17, 41, 50,  8, 69, 54, 56, 45, 16,  3, 15, 62, 44, 34, 22, 52, 46, 72, 53,  4, 21, 55, 29,  5, 57, 24, 63, 28, 13, 48, 30, 14, 67, 40, 66, 42, 58,  6, 11, 19,  9, 70, 35,  2, 38, 39, 32, 25], 1714.73581096, 2123.75503346, 0., 28.51119492,  0.        , 11.        , 29, 13, 35.5)
 (23, [10, 17, 12, 14, 13,  6, 31, 20, 18, 36, 60, 27, 10, 33, 65, 71, 43, 49, 61, 37,  7, 68, 12,  1, 64, 47, 23, 26, 59, 51, 17, 41, 50, 69,  8, 54, 56, 45, 16,  3, 15, 62, 44, 34, 22, 52, 46, 72, 53,  4, 21, 55, 29,  5, 70, 57, 24, 63, 28, 13, 66, 30, 14, 67, 40, 48, 42, 58,  6, 11, 19,  9, 35,  2, 38, 39, 32, 25], 1727.60982175, 1727.60982175, 0.,  0.        ,  0.        ,  3.        , 30, 23, 41.5)
 (38, [11, 16, 12, 16, 11,  6, 31, 20, 18, 36, 60, 27, 10, 33, 65, 71, 43, 49, 61, 37,  7, 68, 12,  1, 64, 47, 23, 26, 59, 51, 17, 41, 50,  8, 69, 54, 56, 45, 16,  3, 15, 62, 44, 34, 22, 52, 46, 72, 53,  4, 21, 55, 29,  5, 57, 24, 63, 28, 13, 66, 30, 14, 67, 40, 48, 42, 58,  6, 11, 19,  9, 70, 35,  2, 38, 39, 32, 25], 1735.01570661, 1735.01570661, 0.,  0.        ,  0.        ,  6.        , 31, 21, 41.5)
 (38, [10, 16, 13, 15, 12,  6, 31, 20, 18, 36, 60, 27, 10, 33, 65, 71, 43, 49, 61, 37,  7, 68, 12,  1, 64, 47, 23, 26, 59, 51, 17, 41, 50,  8, 69, 54, 56, 45, 16,  3, 15, 62, 44, 34, 22, 52, 46, 72, 24, 53,  4, 21, 55, 29,  5, 57, 63, 28, 13, 66, 30, 14, 67, 40, 48, 42, 58,  6, 11, 19,  9, 70, 35,  2, 38, 39, 32, 25], 1838.46916966, 1838.46916966, 0.,  0.        ,  0.        ,  7.        , 32, 20, 42. )
 (38, [10, 14, 14, 15, 13,  6, 10, 36, 20, 31, 18, 27, 60, 33, 65, 71, 43, 49, 61, 37,  7, 68, 12,  1, 64, 47, 23, 26, 59, 51, 17, 41, 50,  8, 69, 54, 56, 45, 16,  3, 15, 62, 44, 34, 22, 52, 46, 72, 53,  4, 21, 55, 29,  5, 57, 24, 63, 28, 13, 66, 30, 14, 67, 40, 48, 42, 58,  6, 11, 19,  9, 70, 35,  2, 38, 39, 32, 25], 1857.92618719, 1811.43570953, 0.,  0.        , 23.24523883, 10.33333333, 33, 16, 41. )
 (23, [10, 17, 12, 14, 13,  6, 31, 20, 18, 36, 60, 27, 10, 33, 65, 71, 43, 49, 61, 37,  7, 68, 12,  1, 64, 47, 23, 26, 59, 51, 17, 41, 50, 69,  8, 54, 56, 45, 16,  3, 15, 62, 44, 34, 22, 52, 46, 72, 53,  4, 21, 55, 29,  5, 57, 24, 35, 63, 28, 13, 66, 30, 14, 67, 40, 48, 42, 58,  6, 11, 19,  9, 70,  2, 38, 39, 32, 25], 1860.67033559, 1860.67033559, 0.,  0.        ,  0.        ,  3.        , 34, 25, 46.5)
 (38, [12, 13, 13, 11, 12, 11, 22, 15, 51, 41, 49, 14, 18, 50, 29, 38, 35,  9, 19, 40, 66, 11, 63, 24, 47, 55, 27,  6, 67,  5, 21, 17,  3, 56, 65, 62, 39, 28, 59, 10,  1, 25, 72,  7, 45,  2, 57, 42, 13, 31, 68, 69,  4, 30, 23, 20, 61, 70, 48, 43, 60, 36, 52, 58, 44,  8, 16, 26, 46, 53, 54, 32, 64, 37, 12, 34, 71, 33], 1866.75795522, 1942.65831442, 0.,  0.        ,  0.        , 14.        , 35,  9, 39.5)
 (38, [12, 13, 13, 11, 12, 11, 22, 15, 51, 41, 49, 14, 18, 50, 29, 38, 35,  9, 19, 40, 66, 11, 63, 24, 47, 55, 27,  6, 67,  5, 21, 17,  3, 56, 65, 62, 39, 28, 59, 10,  1, 25, 72,  7, 45,  2, 57, 42, 13, 31, 68, 69,  4, 30, 23, 20, 61, 70, 48, 43, 60, 36, 52, 58, 44,  8, 16, 26, 46, 53, 54, 32, 64, 37, 12, 34, 71, 33], 1866.75795522, 1942.65831442, 0.,  0.        ,  0.        , 14.        , 35,  9, 39.5)
 (41, [12, 10, 12, 12, 13, 13, 38, 12, 23, 51, 27,  1,  4, 37, 64, 58, 26,  8, 25, 33, 11, 63, 52, 61, 60, 66, 19, 68,  9, 56, 29, 42, 71, 21, 48, 57, 39, 13, 15, 72, 53,  6, 41, 36, 54, 28, 16, 14, 49, 44, 20, 55, 70,  5,  3, 17, 22, 59, 35, 62, 43, 46, 31, 30, 24,  7, 40, 67, 50, 34, 18, 65, 32,  2, 47, 45, 10, 69], 1907.4444325 , 1905.78528722, 0.,  0.82957264,  0.        , 11.        , 36, 14, 43. )
 (41, [12, 10, 12, 12, 13, 13, 38, 12, 23, 51, 27,  1,  4, 37, 64, 58, 26,  8, 25, 33, 11, 63, 52, 61, 60, 66, 19, 68,  9, 56, 29, 42, 71, 21, 48, 57, 39, 13, 15, 72, 53,  6, 41, 36, 54, 28, 16, 14, 49, 44, 20, 55, 70,  5,  3, 17, 22, 59, 35, 62, 43, 46, 31, 30, 24,  7, 40, 67, 50, 34, 18, 65, 32,  2, 47, 45, 10, 69], 1907.4444325 , 1905.78528722, 0.,  0.82957264,  0.        , 11.        , 36, 14, 43. )
 (38, [10, 17, 11, 13, 14,  7, 31, 20, 18, 36, 60, 27, 10, 33, 65, 71, 43, 49, 61, 37,  7, 68, 12,  1, 64, 47, 23, 26, 59, 51, 17, 41, 50,  8, 69, 54, 56, 45,  3, 15, 62, 44, 22, 34, 52, 46, 72, 29, 57, 24, 63,  4, 30, 28, 53, 21, 55, 14, 16,  5, 13, 66, 67, 40, 48, 42, 58,  6, 11, 19,  9, 70, 35,  2, 38, 39, 32, 25], 1951.81493793, 1915.7330405 , 0., 18.04094871,  0.        , 20.        , 37,  5, 39.5)
 (35, [13, 11, 12, 11, 12, 13, 69, 18, 37, 67, 57, 27, 64, 63, 30, 13, 46, 28, 65, 36, 14, 54, 12,  6, 24, 33, 44, 47, 32, 10, 55, 66,  2, 25, 40, 23, 34, 21, 48, 70,  7, 50,  1, 38, 39,  8,  4, 43,  9, 53, 11, 62, 68, 51, 20, 31, 45, 19, 35, 72, 58, 42, 29, 17, 26,  5, 60, 61, 22, 49, 56, 59, 16, 52, 15, 71, 41,  3], 2049.85410314, 2068.00664484, 0.,  0.82957264,  0.        , 11.        , 38, 12, 44. )
 (35, [13, 11, 12, 11, 12, 13, 69, 18, 37, 67, 57, 27, 64, 63, 30, 13, 46, 28, 65, 36, 14, 54, 12,  6, 24, 33, 44, 47, 32, 10, 55, 66,  2, 25, 40, 23, 34, 21, 48, 70,  7, 50,  1, 38, 39,  8,  4, 43,  9, 53, 11, 62, 68, 51, 20, 31, 45, 19, 35, 72, 58, 42, 29, 17, 26,  5, 60, 61, 22, 49, 56, 59, 16, 52, 15, 71, 41,  3], 2049.85410314, 2068.00664484, 0.,  0.82957264,  0.        , 11.        , 38, 12, 44. )
 (48, [10, 12, 12, 12, 12, 14, 59, 70, 32, 13, 60, 51, 40, 44, 47, 57,  1,  3, 33, 52, 26,  9, 11, 23, 14, 71, 41, 19, 30,  7, 49, 22, 64, 27, 58, 34, 50, 16, 38, 39, 29, 56,  5, 48, 17, 46, 66,  8, 67, 10, 35, 28, 37, 62, 21,  6,  4, 24, 61,  2, 65, 72, 25, 53, 42, 63, 55, 36, 20, 18, 68, 54, 69, 45, 15, 31, 43, 12], 2062.38058656, 2128.41921448, 0.,  0.        ,  0.        , 16.33333333, 39,  7, 42.5)
 (48, [10, 12, 12, 12, 12, 14, 59, 70, 32, 13, 60, 51, 40, 44, 47, 57,  1,  3, 33, 52, 26,  9, 11, 23, 14, 71, 41, 19, 30,  7, 49, 22, 64, 27, 58, 34, 50, 16, 38, 39, 29, 56,  5, 48, 17, 46, 66,  8, 67, 10, 35, 28, 37, 62, 21,  6,  4, 24, 61,  2, 65, 72, 25, 53, 42, 63, 55, 36, 20, 18, 68, 54, 69, 45, 15, 31, 43, 12], 2062.38058656, 2128.41921448, 0.,  0.        ,  0.        , 16.33333333, 39,  7, 42.5)
 (23, [11, 14, 12, 14, 14,  7, 36, 20, 31, 18, 27, 60, 10, 33, 65, 71, 43, 49, 61, 37,  7, 68, 12,  1, 64, 47, 23, 26, 59, 51, 17, 41, 50,  8, 69, 54, 56, 45, 16,  3, 15, 62, 44, 34, 22, 52, 46, 72, 53,  4, 21, 55, 29,  5, 57, 24, 63, 28, 13, 66, 30, 14, 67, 40, 48, 42, 58,  6, 11, 19,  9, 70, 35,  2, 38, 39, 32, 25], 2078.50212747, 2078.50212747, 0.,  0.        ,  0.        , 10.66666667, 40, 15, 47.5)
 (38, [10, 17, 12, 14, 13,  6, 31, 20, 18, 36, 60, 27, 10, 33, 65, 71, 43, 49, 61, 37,  7, 68, 12,  1, 64, 47, 23, 26, 59, 51, 44, 62, 69, 15,  3, 16, 45, 56, 54,  8, 50, 41, 17, 34, 22, 52, 46, 72, 53,  4, 21, 55, 29,  5, 57, 24, 63, 28, 13, 66, 30, 14, 67, 40, 48, 42, 58,  6, 11, 19,  9, 70, 35,  2, 38, 39, 32, 25], 2169.23498567, 2297.12269871, 0., 85.7133792 ,  0.        , 14.        , 41,  8, 45. )
 (37, [15, 11, 11, 12, 13, 10, 41, 26, 30, 24, 47, 17, 35,  9, 61, 32, 31, 50, 52, 14, 29, 36, 51, 23, 25, 71, 62, 65, 43, 60, 64,  4, 40,  5,  2, 55, 63, 59, 58, 34,  6, 27, 13, 12, 46, 38, 39, 16, 68, 33, 28, 48, 20, 70, 15, 21, 42, 10, 56, 49, 22, 18, 57, 66, 54, 69,  3, 19, 72, 11, 44,  8,  1, 67,  7, 53, 45, 37], 2178.28940359, 2178.28940359, 0.,  0.        ,  0.        ,  8.33333333, 42, 18, 51. )
 (37, [15, 11, 11, 12, 13, 10, 41, 26, 30, 24, 47, 17, 35,  9, 61, 32, 31, 50, 52, 14, 29, 36, 51, 23, 25, 71, 62, 65, 43, 60, 64,  4, 40,  5,  2, 55, 63, 59, 58, 34,  6, 27, 13, 12, 46, 38, 39, 16, 68, 33, 28, 48, 20, 70, 15, 21, 42, 10, 56, 49, 22, 18, 57, 66, 54, 69,  3, 19, 72, 11, 44,  8,  1, 67,  7, 53, 45, 37], 2178.28940359, 2178.28940359, 0.,  0.        ,  0.        ,  8.33333333, 42, 18, 51. )
 (38, [10, 15, 11, 15, 14,  7, 31, 20, 36, 10, 18, 27, 60, 33, 65, 71, 43, 49, 61, 37,  7, 68, 12,  1, 64, 47, 23, 26, 59, 51, 17, 41, 50, 69,  8, 56, 54, 45, 15,  3, 22, 62, 44, 34, 52, 46, 72, 29, 57, 24, 63,  4, 30, 28, 53, 21, 55, 14, 16,  5, 13, 66, 67, 40, 48, 42, 58,  6, 11, 19,  9, 70, 35,  2, 38, 39, 32, 25], 2200.62420638, 2230.58093687, 0., 18.04094871,  0.        , 11.66666667, 44, 10, 49. )
 (23, [10, 14, 12, 14, 13,  9, 20, 18, 36, 60, 27, 33, 10, 31,  8, 43, 49, 61, 37,  7, 68, 12, 17,  1, 64, 47, 23, 26, 59, 51, 29, 57, 41, 50, 54, 56, 16,  3, 45, 15, 62, 69, 34, 22, 44, 53, 52, 24, 63, 72, 46,  4, 21, 30, 71, 55, 66, 14, 32,  5, 28, 13, 67, 40, 48, 42, 58,  6, 65, 25,  9, 19, 11, 70, 35,  2, 38, 39], 2362.59295447, 2362.59295447, 0.,  0.        ,  0.        , 31.        , 49,  2, 50. )
 (45, [11, 13, 13, 11, 12, 12, 31, 12, 65, 44, 50, 30, 43, 58,  5, 19, 13,  2, 72, 39, 47, 51, 69, 20, 18, 22, 46, 28, 55, 48, 60, 71, 67, 14, 10,  7, 17,  9, 64,  8,  4, 33, 41, 49, 35, 59, 37,  1, 61, 68, 54, 27, 38, 23,  6, 36, 63, 53, 40, 34, 16, 62, 57, 26, 11, 32, 45, 25,  3, 56, 52, 29, 24, 21, 66, 42, 70, 15], 2619.19297649, 2807.78409375, 0.,  0.        ,  0.        , 25.33333333, 46,  3, 47.5)
 (45, [11, 13, 13, 11, 12, 12, 31, 12, 65, 44, 50, 30, 43, 58,  5, 19, 13,  2, 72, 39, 47, 51, 69, 20, 18, 22, 46, 28, 55, 48, 60, 71, 67, 14, 10,  7, 17,  9, 64,  8,  4, 33, 41, 49, 35, 59, 37,  1, 61, 68, 54, 27, 38, 23,  6, 36, 63, 53, 40, 34, 16, 62, 57, 26, 11, 32, 45, 25,  3, 56, 52, 29, 24, 21, 66, 42, 70, 15], 2619.19297649, 2807.78409375, 0.,  0.        ,  0.        , 25.33333333, 46,  3, 47.5)
 (23, [10, 17, 12, 15, 12,  6, 31, 20, 18, 26, 36, 60, 27, 10, 33, 65, 43, 49, 61, 37,  7, 68, 12, 41, 50, 69, 45, 56, 54,  8, 17, 51, 71, 59, 23, 47, 64,  1, 16,  3, 15, 62, 44, 34, 22, 52, 46, 72, 53,  4, 21, 55, 29,  5, 57, 24, 63, 28, 13, 66, 30, 14, 67, 40, 48, 42, 58,  6, 11, 19,  9, 70, 35,  2, 38, 39, 32, 25], 2729.88343087, 2965.38020815, 0., 68.8750733 ,  0.        , 19.        , 47,  6, 50. )
 (42, [12, 11, 12, 13, 11, 13, 52, 41, 43, 57, 46, 68, 40, 12, 14,  8,  2, 42, 69, 23, 32, 70, 10, 63, 20, 24, 36, 29, 11, 44, 65, 19,  6, 28, 37, 49, 66, 38, 67, 30,  5,  1, 61, 53, 13, 31, 72, 17, 33, 71, 39, 64, 55, 22, 47, 45,  3, 18, 54, 35, 21,  9,  4, 50, 48, 27, 58, 25, 51, 34, 15, 60, 56, 16, 62, 59, 26,  7], 2874.67947674, 3006.54363237, 0., 33.86553825,  0.        , 23.33333333, 48,  4, 50. )
 (42, [12, 11, 12, 13, 11, 13, 52, 41, 43, 57, 46, 68, 40, 12, 14,  8,  2, 42, 69, 23, 32, 70, 10, 63, 20, 24, 36, 29, 11, 44, 65, 19,  6, 28, 37, 49, 66, 38, 67, 30,  5,  1, 61, 53, 13, 31, 72, 17, 33, 71, 39, 64, 55, 22, 47, 45,  3, 18, 54, 35, 21,  9,  4, 50, 48, 27, 58, 25, 51, 34, 15, 60, 56, 16, 62, 59, 26,  7], 2874.67947674, 3006.54363237, 0., 33.86553825,  0.        , 23.33333333, 48,  4, 50. )
 (38, [10, 14, 14, 14, 13,  7, 31, 20, 18, 62, 21, 35, 26, 36, 60, 27, 10, 33, 65, 43, 49, 61, 37,  7, 68, 12,  5, 55,  4, 53, 41, 50, 69, 46, 22, 34, 44, 15,  3, 16, 45, 56, 54,  8, 17, 51, 52, 29, 72, 71, 59, 23, 47, 64, 57, 24, 63,  1, 28, 13, 66, 30, 14, 67, 40, 48, 42, 58,  6, 11, 19,  9, 70,  2, 38, 39, 32, 25], 3446.96504464, 3470.3084815 , 0.,  7.7795141 ,  0.        , 37.66666667, 50,  1, 50.5)]