Population size: 100
Max generations: 1000
Executed generations: 784
Fitness scaling: power_rank
Selection method: n_tournaments
Adaptive tournament size: 2
Elitism: 5.0
Best fitness found before local search: 1148.7527639546793
Best fitness found after local search: 1148.75
Best individual found: (25, [10,  9, 16, 13,  9, 42, 46, 35, 37,  7, 41, 31, 44, 32, 34, 10, 45,  6, 27,  3, 48, 11, 22, 28,  4, 19, 14,  1, 16, 18, 17, 13, 33, 20, 29,  8,  5, 26, 36,  2, 39, 24, 15, 25, 23, 30, 47, 12, 38, 40, 21, 43], 1148.75276395, 1148.75276395, 0., 23.2906819, 0., 1, 79, 60.25)
Total Runtime in seconds: 789.6308157444
Fitness stats min: [7877.93924248 7762.91224163 7442.96466667 6885.03636492 6345.56954845
 6345.56954845 6345.56954845 5251.77878273 5251.77878273 5393.99117368
 5182.75149215 4893.06852433 4364.78457237 4364.78457237 4853.6890063
 4903.29081201 4167.55118493 3794.09389978 4076.83530507 3805.40729378
 3805.40729378 3495.74213117 3495.74213117 3460.96185738 3384.45722399
 3335.28131737 3102.58401546 3102.58401546 2707.34942875 2667.30334967
 2788.49486871 2788.49486871 2529.09277861 2466.08024955 2466.08024955
 2446.52027031 2426.05207401 2237.94036986 2237.94036986 2237.94036986
 1985.30034936 2217.68566064 2217.68566064 2217.68566064 1696.80337944
 1695.95159074 1695.95159074 1608.84186237 1664.20589107 1664.20589107
 1664.20589107 1664.20589107 1663.12300978 1660.27561545 1660.27561545
 1660.27561545 1660.27561545 1660.27561545 1660.27561545 1660.27561545
 1660.27561545 1660.27561545 1656.57725939 1656.57725939 1643.30797997
 1636.47737553 1636.47737553 1615.97541257 1615.97541257 1615.97541257
 1615.97541257 1615.97541257 1445.01208243 1614.99786372 1611.46353625
 1610.7766031  1610.7766031  1610.7766031  1610.7766031  1571.20495007
 1571.20495007 1571.20495007 1571.20495007 1425.32797848 1425.32797848
 1425.32797848 1423.66349648 1313.12050945 1313.12050945 1313.12050945
 1300.52867214 1300.52867214 1300.52867214 1300.52867214 1298.86419015
 1298.86419015 1298.86419015 1298.86419015 1298.86419015 1298.86419015
 1298.86419015 1298.86419015 1298.86419015 1298.86419015 1298.86419015
 1298.86419015 1298.86419015 1298.86419015 1298.86419015 1298.86419015
 1298.86419015 1298.86419015 1186.65672112 1186.65672112 1186.65672112
 1186.65672112 1186.65672112 1177.83773281 1177.83773281 1177.83773281
 1177.83773281 1177.83773281 1177.83773281 1177.83773281 1176.82849125
 1176.82849125 1176.82849125 1175.51313084 1175.51313084 1175.51313084
 1175.51313084 1175.51313084 1175.51313084 1175.51313084 1175.51313084
 1175.51313084 1175.51313084 1175.51313084 1175.51313084 1175.51313084
 1175.51313084 1175.51313084 1175.51313084 1175.51313084 1175.51313084
 1175.51313084 1175.51313084 1175.51313084 1175.51313084 1175.51313084
 1175.51313084 1175.51313084 1175.51313084 1175.51313084 1175.51313084
 1175.51313084 1175.51313084 1175.51313084 1175.51313084 1175.51313084
 1175.51313084 1175.51313084 1175.51313084 1175.51313084 1175.51313084
 1175.51313084 1175.51313084 1175.51313084 1175.51313084 1175.51313084
 1175.51313084 1175.51313084 1175.51313084 1175.51313084 1175.51313084
 1175.51313084 1175.51313084 1175.51313084 1175.51313084 1163.98977644
 1175.51313084 1175.51313084 1175.51313084 1175.51313084 1175.51313084
 1175.51313084 1175.51313084 1175.51313084 1175.51313084 1175.51313084
 1175.51313084 1175.51313084 1175.51313084 1175.51313084 1175.51313084
 1175.51313084 1175.51313084 1175.51313084 1175.51313084 1175.51313084
 1175.51313084 1175.51313084 1175.51313084 1175.51313084 1175.51313084
 1175.51313084 1175.51313084 1175.51313084 1175.51313084 1175.51313084
 1175.51313084 1175.51313084 1175.51313084 1175.51313084 1175.51313084
 1175.51313084 1175.51313084 1175.51313084 1175.51313084 1175.51313084
 1175.51313084 1175.51313084 1175.51313084 1175.51313084 1175.51313084
 1175.51313084 1175.51313084 1175.51313084 1175.51313084 1175.51313084
 1175.51313084 1175.51313084 1175.51313084 1175.51313084 1175.51313084
 1175.51313084 1175.51313084 1175.51313084 1175.51313084 1175.51313084
 1175.51313084 1175.51313084 1175.51313084 1175.51313084 1175.51313084
 1165.12329925 1165.12329925 1165.12329925 1165.12329925 1165.12329925
 1165.12329925 1165.12329925 1165.12329925 1165.12329925 1165.12329925
 1165.12329925 1165.12329925 1165.12329925 1165.12329925 1165.12329925
 1165.12329925 1165.12329925 1165.12329925 1165.12329925 1160.27611835
 1160.27611835 1160.27611835 1160.27611835 1160.27611835 1160.27611835
 1160.27611835 1160.27611835 1160.27611835 1160.27611835 1160.27611835
 1160.27611835 1160.27611835 1160.27611835 1160.27611835 1160.27611835
 1160.27611835 1160.27611835 1160.27611835 1160.27611835 1148.75276395
 1148.75276395 1148.75276395 1148.75276395 1148.75276395 1148.75276395
 1148.75276395 1148.75276395 1148.75276395 1148.75276395 1148.75276395
 1148.75276395 1148.75276395 1148.75276395 1148.75276395 1148.75276395
 1148.75276395 1148.75276395 1148.75276395 1148.75276395 1148.75276395
 1148.75276395 1148.75276395 1148.75276395 1148.75276395 1148.75276395
 1148.75276395 1148.75276395 1148.75276395 1148.75276395 1148.75276395
 1148.75276395 1148.75276395 1148.75276395 1148.75276395 1148.75276395
 1148.75276395 1148.75276395 1148.75276395 1148.75276395 1148.75276395
 1148.75276395 1148.75276395 1148.75276395 1148.75276395 1148.75276395
 1148.75276395 1148.75276395 1148.75276395 1148.75276395 1148.75276395
 1148.75276395 1148.75276395 1148.75276395 1148.75276395 1148.75276395
 1148.75276395 1148.75276395 1148.75276395 1148.75276395 1148.75276395
 1148.75276395 1148.75276395 1148.75276395 1148.75276395 1148.75276395
 1148.75276395 1148.75276395 1148.75276395 1148.75276395 1148.75276395
 1148.75276395 1148.75276395 1148.75276395 1148.75276395 1148.75276395
 1148.75276395 1148.75276395 1148.75276395 1148.75276395 1148.75276395
 1148.75276395 1148.75276395 1148.75276395 1148.75276395 1148.75276395
 1148.75276395 1148.75276395 1148.75276395 1148.75276395 1148.75276395
 1148.75276395 1148.75276395 1148.75276395 1148.75276395 1148.75276395
 1148.75276395 1148.75276395 1148.75276395 1148.75276395 1148.75276395
 1148.75276395 1148.75276395 1148.75276395 1148.75276395 1148.75276395
 1148.75276395 1148.75276395 1148.75276395 1148.75276395 1148.75276395
 1148.75276395 1148.75276395 1148.75276395 1148.75276395 1148.75276395
 1148.75276395 1148.75276395 1148.75276395 1148.75276395 1148.75276395
 1148.75276395 1148.75276395 1148.75276395 1148.75276395 1148.75276395
 1148.75276395 1148.75276395 1148.75276395 1148.75276395 1148.75276395
 1148.75276395 1148.75276395 1148.75276395 1148.75276395 1148.75276395
 1148.75276395 1148.75276395 1148.75276395 1148.75276395 1148.75276395
 1148.75276395 1148.75276395 1148.75276395 1148.75276395 1148.75276395
 1148.75276395 1148.75276395 1148.75276395 1148.75276395 1148.75276395
 1148.75276395 1148.75276395 1148.75276395 1148.75276395 1148.75276395
 1148.75276395 1148.75276395 1148.75276395 1148.75276395 1148.75276395
 1148.75276395 1148.75276395 1148.75276395 1148.75276395 1148.75276395
 1148.75276395 1148.75276395 1148.75276395 1148.75276395 1148.75276395
 1148.75276395 1148.75276395 1148.75276395 1148.75276395 1148.75276395
 1148.75276395 1148.75276395 1148.75276395 1148.75276395 1148.75276395
 1148.75276395 1148.75276395 1148.75276395 1148.75276395 1148.75276395
 1148.75276395 1148.75276395 1148.75276395 1148.75276395 1148.75276395
 1148.75276395 1148.75276395 1148.75276395 1148.75276395 1148.75276395
 1148.75276395 1148.75276395 1148.75276395 1148.75276395 1148.75276395
 1148.75276395 1148.75276395 1148.75276395 1148.75276395 1148.75276395
 1148.75276395 1148.75276395 1148.75276395 1148.75276395 1148.75276395
 1148.75276395 1148.75276395 1148.75276395 1148.75276395 1148.75276395
 1148.75276395 1148.75276395 1148.75276395 1148.75276395 1148.75276395
 1148.75276395 1148.75276395 1148.75276395 1148.75276395 1148.75276395
 1148.75276395 1148.75276395 1148.75276395 1148.75276395 1148.75276395
 1148.75276395 1148.75276395 1148.75276395 1148.75276395 1148.75276395
 1148.75276395 1148.75276395 1148.75276395 1148.75276395 1148.75276395
 1148.75276395 1148.75276395 1148.75276395 1148.75276395 1148.75276395
 1148.75276395 1148.75276395 1148.75276395 1148.75276395 1148.75276395
 1148.75276395 1148.75276395 1148.75276395 1148.75276395 1148.75276395
 1148.75276395 1148.75276395 1148.75276395 1148.75276395 1148.75276395
 1148.75276395 1148.75276395 1148.75276395 1148.75276395 1148.75276395
 1148.75276395 1148.75276395 1148.75276395 1148.75276395 1148.75276395
 1148.75276395 1148.75276395 1148.75276395 1148.75276395 1148.75276395
 1148.75276395 1148.75276395 1148.75276395 1148.75276395 1148.75276395
 1148.75276395 1148.75276395 1148.75276395 1148.75276395 1148.75276395
 1148.75276395 1148.75276395 1148.75276395 1148.75276395 1148.75276395
 1148.75276395 1148.75276395 1148.75276395 1148.75276395 1148.75276395
 1148.75276395 1148.75276395 1148.75276395 1148.75276395 1148.75276395
 1148.75276395 1148.75276395 1148.75276395 1148.75276395 1678.51382664
 1678.51382664 1678.51382664 1925.09607292 1925.09607292 1181.31931182
 1181.31931182 1291.37860798 1181.31931182 1181.31931182 1181.31931182
 1181.31931182 1181.31931182 1181.31931182 1181.31931182 1181.31931182
 1181.31931182 1181.31931182 1181.31931182 1181.31931182 1181.31931182
 1181.31931182 1181.31931182 1181.31931182 1173.67074238 1173.67074238
 1173.67074238 1181.31931182 1181.31931182 1173.67074238 1173.67074238
 1173.67074238 1173.67074238 1173.67074238 1173.67074238 1173.67074238
 1173.67074238 1173.67074238 1173.67074238 1173.67074238 1173.67074238
 1173.67074238 1173.67074238 1173.67074238 1173.67074238 1173.67074238
 1173.67074238 1173.67074238 1173.67074238 1173.67074238 1173.67074238
 1173.67074238 1173.67074238 1173.67074238 1173.67074238 1173.67074238
 1173.67074238 1173.67074238 1173.67074238 1173.67074238 1173.67074238
 1173.67074238 1173.67074238 1173.67074238 1173.67074238 1173.67074238
 1173.67074238 1173.67074238 1173.67074238 1173.67074238 1173.67074238
 1173.67074238 1173.03480346 1173.03480346 1173.03480346 1173.03480346
 1173.03480346 1173.03480346 1173.03480346 1173.03480346 1173.03480346
 1173.03480346 1173.03480346 1173.03480346 1173.03480346 1173.03480346
 1173.03480346 1173.03480346 1173.03480346 1173.03480346 1173.03480346
 1173.03480346 1173.03480346 1173.03480346 1173.03480346 1173.03480346
 1173.03480346 1173.03480346 1173.03480346 1173.03480346 1173.03480346
 1173.03480346 1195.227043   1195.227043   1195.227043   1195.227043
 1195.227043   1195.227043   1276.11662585 1906.92554375 1906.92554375
 1906.92554375 1906.92554375 1906.92554375 1195.227043   1195.227043
 1195.227043   1195.227043   1195.227043   1195.227043   1245.34803541
 1245.34803541 1265.3653925  1265.3653925  1192.38777719 1192.38777719
 1192.38777719 1192.38777719 1192.38777719 1192.38777719 1192.38777719
 1192.15242774 1192.15242774 1192.15242774 1192.15242774 1192.15242774
 1192.15242774 1192.15242774 1192.15242774 1192.15242774 1192.15242774
 1192.15242774 1192.15242774 1192.15242774 1192.15242774 1192.15242774
 1192.15242774 1192.15242774 1192.15242774 1192.15242774 1192.15242774
 1192.15242774 1192.15242774 1192.15242774 1192.15242774 1192.15242774
 1192.15242774 1175.43154453 1175.43154453 1175.43154453 1175.43154453
 1175.43154453 1175.43154453 1175.43154453 1175.43154453 1175.43154453
 1175.43154453 1175.43154453 1175.43154453 1175.43154453 1175.43154453
 1175.43154453 1175.43154453 1175.43154453 1175.43154453 1175.43154453
 1175.43154453 1175.43154453 1175.43154453 1175.43154453 1175.43154453
 1175.43154453 1175.43154453 1175.43154453 1175.43154453 1175.43154453
 1175.43154453 1175.43154453 1175.43154453 1175.43154453 1175.43154453
 1175.43154453 1175.43154453 1175.43154453 1175.43154453 1148.75276395] 
Solution Description: 
p: [  0.          34.54727937  84.87783147 146.34283074 147.44793219
 149.69682399 167.23236515 196.89678693 211.99736014 215.57709004
 215.62221757   0.          18.67738622  22.23054736  33.40380365
  72.71470479  99.27498465 114.28869404 123.44296878 125.30870097
 149.7330236    0.          29.55843142  62.28260869 146.15922713
 146.61968006 156.18632911 163.06846707 223.58210366 275.7534645
 404.89039108 420.45675458 420.72369979 436.55073126 454.36349559
 460.00045982 483.15841668 507.71370914   0.          10.51101384
  35.49958378  67.45100752  99.40728269 113.3575137  122.52290137
 132.01553859 177.73883366 190.53774465 200.66174587 235.30965377
 261.81987857 275.68381365] 
pred: [0 0 0 0 0 0 5 5 5 5 5 0 0 0 0 0 0 0 0 0 8 0 0 0 0 0 0 0 0 0 8 8 8 8 8 8 8
 8 0 0 0 0 0 0 0 0 7 7 7 7 7 7] 
distance [  0.          34.54727937  84.87783147 146.34283074 147.44793219
 149.69682399  17.53554117  47.19996294  62.30053615  65.88026605
  65.92539359   0.          18.67738622  22.23054736  33.40380365
  72.71470479  99.27498465 114.28869404 123.44296878 125.30870097
  24.42432263   0.          29.55843142  62.28260869 146.15922713
 146.61968006 156.18632911 163.06846707 223.58210366 275.7534645
 129.13692659 144.70329008 144.97023529 160.79726676 178.6100311
 184.24699532 207.40495219 231.96024464   0.          10.51101384
  35.49958378  67.45100752  99.40728269 113.3575137  122.52290137
 132.01553859  45.72329507  58.52220607  68.64620728 103.29411518
 129.80433998 143.66827506]
load: [  0  13  35  54  68  79  13  21  31  34  50   0  22  40  65  70  86 102
 112 119  21   0   9  14  17  26  38  63  80  85   9  28  44  64  84  96
 102 112   0   8  21  40  44  58  72  85  21  27  42  57  82 106] 
time: [  0.          80.         115.34683757 171.22731303 252.33358633
 322.         170.         203.         228.39224704 244.56663558
 456.           0.         182.         195.18455016 202.9955528
 231.80134413 398.         440.23624841 473.3964008  510.10459224
 371.           0.         257.         279.90630276 345.84518954
 414.06688705 441.06764997 460.75489566 510.19590563 552.14893888
 108.         140.15799758 192.         220.52726534 237.7678084
 317.         357.35052296 382.59572999   0.         121.
 207.         308.         353.64007482 384.90035671 402.1103094
 446.67801153 115.         271.         443.         485.92676098
 540.37092398 565.50372469] 
time warps: [0 0 0 0 0 0 0 0 0 0 0 0 0 0 0 0 0 0 0 0 0 0 0 0 0 0 0 0 0 0 0 0 0 0 0 0 0
 0 0 0 0 0 0 0 0 0 0 0 0 0 0 0] 
duration: [  0.          41.54727937 116.87783147 195.34283074 200.44793219
 269.41539141  23.53554117  73.83796245  95.93853566 103.51826556
 311.61049336   0.          24.67738622  29.23054736  49.40380365
 105.71470479 284.97668402 320.99039341 347.14466815 353.01040033
  47.42432263   0.          35.55843142  92.28260869 189.15922713
 205.61968006 217.18632911 242.06846707 317.58210366 372.7534645
 131.13692659 167.70329008 193.01987139 216.84690286 239.6596672
 311.29741782 336.45537469 374.01066714   0.          17.51101384
 126.33242647 227.71811435 282.67438951 300.62462052 329.7900082
 349.28264541  55.72329507 217.83191721 403.26861412 455.91652202
 486.42674682 523.2906819 ]

All individuals: [(25, [10,  9, 16, 13, 35,  9,  7, 41, 31, 44, 32, 42, 46, 37, 34, 10, 45,  6, 27,  3, 48, 11, 22, 28,  4, 19, 14,  1, 16, 18, 17, 13, 33, 20, 29,  8,  5, 26, 36,  2, 39, 24, 15, 25, 23, 30, 47, 12, 38, 40, 21, 43],  1175.43154453, 1175.43154453,   0.        ,  23.2906819 , 0.        ,  1, 100,  76.  )
 (67, [11, 11, 15, 11, 17, 44, 46, 10, 14, 32,  2, 35,  9, 29, 11, 34, 41, 18,  7, 31, 15, 28, 40,  5, 30, 21,  1,  6, 38, 27, 22, 20, 13, 16, 48, 36, 12, 45, 23, 42, 26,  3, 33, 39, 37, 47, 43,  4,  8, 19, 24, 25],  1175.43154453, 1175.43154453,   0.        ,  23.2906819 , 0.        ,  2,  95,  73.25)
 (66, [13, 12, 13, 10, 38, 40, 12, 10, 16, 43,  3,  6, 23, 28, 46, 34, 17, 19, 31, 36, 37, 42, 47, 25, 29, 35, 41,  4,  2, 11, 18,  7,  1, 32, 45,  8,  9, 30, 48, 13, 39, 27,  5, 15, 24, 14, 44, 26, 21, 20, 33, 22],  1175.43154453, 1175.43154453,   0.        ,  23.2906819 , 0.        ,  3,  94,  73.5 )
 (65, [12, 10, 11, 15, 31, 32, 20, 17,  1, 47, 30, 23, 35, 14, 42, 41, 45, 33, 48,  2, 25,  5,  8,  4, 44, 16, 18, 26, 19, 28, 12, 37, 46, 43,  3, 10, 29, 27, 21,  9, 22, 13, 15, 39, 24, 36, 38,  7, 11,  6, 34, 40],  1175.43154453, 1175.43154453,   0.        ,  23.2906819 , 0.        ,  4,  93,  73.75)
 (64, [13, 12, 10, 13, 41,  3, 32, 46, 39, 30, 16, 15, 45,  9,  8, 28, 22, 27, 34,  6, 26, 23, 31, 37, 19,  5, 13, 25, 24, 48,  1, 42, 38, 47, 14, 40, 43, 21, 20, 12, 10,  2,  7, 33, 18, 11, 35, 17,  4, 29, 36, 44],  1175.43154453, 1175.43154453,   0.        ,  23.2906819 , 0.        ,  5,  92,  74.  )
 (63, [10, 12, 15, 11, 45, 47, 32, 13, 48, 18, 11, 19,  6, 42, 16, 21,  3, 14, 46, 10, 27,  5, 29,  9, 38, 23, 36, 26, 31, 43,  1, 12,  4, 30, 20, 35, 15,  8, 22, 41, 33,  7, 39, 34,  2, 17, 28, 37, 44, 24, 40, 25],  1175.43154453, 1175.43154453,   0.        ,  23.2906819 , 0.        ,  6,  91,  74.25)
 (62, [12, 12, 11, 13, 22, 27,  7, 25, 34, 48, 26, 13, 30, 46, 10, 45, 35, 14,  9, 16, 40, 39, 21, 20, 36, 17, 11, 33, 32, 38, 23, 12,  8, 41, 42,  1, 29, 24, 47, 15, 18,  6, 37, 43,  3,  2, 28, 19, 31,  5,  4, 44],  1175.43154453, 1175.43154453,   0.        ,  23.2906819 , 0.        ,  7,  90,  74.5 )
 (61, [12, 12, 13, 11, 36, 15, 21, 40, 46, 42, 13, 47, 17, 33,  5, 44,  1, 19,  6,  8, 27,  9, 45, 24, 43, 30, 20, 10, 25, 31, 11,  4, 37, 12, 29, 28, 22, 32, 41, 14, 35, 48,  7, 23, 26, 38, 18,  3, 39, 16, 34,  2],  1175.43154453, 1175.43154453,   0.        ,  23.2906819 , 0.        ,  8,  89,  74.75)
 (60, [10, 11, 12, 15, 25, 13, 44, 18,  6, 33, 22, 47, 24, 48,  7, 14, 43, 20, 11, 39,  5, 17,  3, 16, 31, 30, 46, 15, 40, 38,  2, 10, 36,  4, 41, 37, 42, 29, 21, 28, 45,  1,  8,  9, 23, 26, 32, 35, 12, 19, 34, 27],  1175.43154453, 1175.43154453,   0.        ,  23.2906819 , 0.        ,  9,  88,  75.  )
 (59, [13, 11, 12, 12, 10, 18, 17, 29, 23, 19, 43,  2,  1, 42, 16, 15, 32,  6, 25, 39, 14, 33,  3, 36, 28,  5, 41, 30, 40, 12, 31, 34, 26,  8, 45, 11,  9, 21, 13, 48, 44, 46, 24, 38,  4, 22, 47,  7, 27, 35, 37, 20],  1175.43154453, 1175.43154453,   0.        ,  23.2906819 , 0.        , 10,  87,  75.25)
 (58, [11, 12, 10, 15, 18, 43, 11, 38, 15, 45, 25, 44, 19, 37, 23, 12, 28, 40, 16,  5, 17,  2,  1, 22, 36, 46, 21,  9, 10, 24, 35, 27, 48, 26, 41, 34, 42,  4, 32, 13, 30,  7,  6,  8,  3, 39, 33, 20, 31, 47, 29, 14],  1175.43154453, 1175.43154453,   0.        ,  23.2906819 , 0.        , 11,  86,  75.5 )
 (57, [13, 12, 11, 12, 37, 31, 35, 40, 11, 29, 25, 27, 19, 23,  9, 36, 44, 22, 15, 34, 38, 21, 32, 16, 26, 33,  1, 43, 46, 17, 47, 42, 45, 30, 28,  7, 18, 48, 24, 12,  4,  2,  6, 14, 41, 20,  5,  3,  8, 39, 10, 13],  1175.43154453, 1175.43154453,   0.        ,  23.2906819 , 0.        , 12,  85,  75.75)
 (56, [12, 14, 12, 10, 40, 29,  1, 43, 12,  2, 37,  5,  6, 25,  3, 36, 45, 48, 17, 11, 14,  7, 32, 21,  9, 18, 26, 33, 27, 16, 22, 46, 15, 34, 31, 10, 41, 28, 13, 23, 20, 42,  8, 44, 30, 24, 19, 38, 35, 39, 47,  4],  1175.43154453, 1175.43154453,   0.        ,  23.2906819 , 0.        , 13,  84,  76.  )
 (55, [10, 11, 15, 12, 14, 30, 28,  3, 16,  8, 25, 44, 19, 18, 45,  7, 38, 12,  4, 32, 11, 17, 36, 39, 35, 20, 42, 10, 47, 40, 27, 23, 41, 21, 37, 29, 34,  6, 22,  5,  1,  2,  9, 15, 26, 31, 46, 24, 43, 48, 13, 33],  1175.43154453, 1175.43154453,   0.        ,  23.2906819 , 0.        , 14,  83,  76.25)
 (54, [12, 13, 12, 11, 10, 44, 41, 20,  7,  8, 30, 32, 36, 13, 17, 46, 15, 24, 28, 43, 11, 23, 37, 18, 33, 35, 39, 16, 31, 47,  1, 12, 40, 19, 42,  4,  2, 25,  6, 45,  9, 22, 48, 21, 34, 26, 29, 38,  5, 14, 27,  3],  1175.43154453, 1175.43154453,   0.        ,  23.2906819 , 0.        , 15,  82,  76.5 )
 (53, [16, 11,  9, 12, 37, 18, 39, 11, 15,  2, 23, 40, 21,  4, 44, 19,  9, 31,  1,  8, 36, 24, 34, 43, 35, 25, 32,  5, 13, 42, 26, 30, 22,  3,  7, 17, 38, 47, 45, 14, 33,  6, 29, 12, 27, 46, 20, 48, 10, 16, 41, 28],  1175.43154453, 1175.43154453,   0.        ,  23.2906819 , 0.        , 16,  81,  76.75)
 (52, [11, 16, 11, 10, 19, 23,  3, 30,  4, 21, 48, 40, 11,  2, 14, 44,  1, 25, 32,  8, 35, 18, 39, 37,  7,  6, 24, 22, 13, 46, 15, 47, 10,  5, 12, 29, 28, 27, 16, 31, 45, 20, 41, 38, 42, 26,  9, 17, 34, 43, 33, 36],  1175.43154453, 1175.43154453,   0.        ,  23.2906819 , 0.        , 17,  80,  77.  )
 (51, [10, 17, 10, 11,  6,  8, 32, 20, 40, 22, 28, 37, 26, 33,  2,  5, 14, 30, 36, 38, 35, 31, 15, 13, 25, 21,  4, 43, 46, 34, 42, 11, 18, 29, 27, 45,  1, 19, 41, 23, 47,  7,  9, 12, 17, 10, 44, 48, 16,  3, 24, 39],  1175.43154453, 1175.43154453,   0.        ,  23.2906819 , 0.        , 18,  79,  77.25)
 (98, [10, 14, 13, 11, 28, 23, 21, 45, 29, 10, 26, 31, 19, 34,  6,  8, 20, 37,  4, 30, 47,  3, 35, 44,  7, 12, 41,  2, 16, 39, 13, 18, 48,  9,  5, 11, 40, 43, 38, 14, 24, 25, 22,  1, 15, 32, 33, 27, 46, 42, 36, 17],  1175.43154453, 1175.43154453,   0.        ,  23.2906819 , 0.        , 19,  52,  58.  )
 (48, [12, 10, 11, 15, 47, 34, 10, 19, 20, 39, 40,  2, 41,  7, 14, 24, 32, 16, 30,  5,  8, 33, 29, 11, 13,  6, 45, 17,  1, 18, 23, 37,  3, 21, 42, 44, 36, 25,  4, 46, 35, 27, 31, 38, 26, 22,  9, 28, 15, 48, 12, 43],  1175.43154453, 1175.43154453,   0.        ,  23.2906819 , 0.        , 20,  28,  41.  )
 (68, [18, 11,  9, 10, 37,  8, 23,  7, 19,  9, 11, 28, 45,  2, 15, 38, 42, 25, 24, 17, 39,  1, 35,  3, 13, 44, 43, 20, 46, 27,  6, 29, 18, 32, 48, 33, 14, 22, 36, 21, 47, 12, 30, 16, 31,  5, 26, 40, 41,  4, 10, 34],  1175.43154453, 1175.43154453,   0.        ,  23.2906819 , 0.        , 21,  96,  93.  )
 (47, [13, 12, 11, 12, 41,  7, 35, 31, 32, 40, 15, 48,  2, 43, 17, 47, 28, 20, 22, 14, 44, 30, 21,  8, 23, 46,  1, 37, 27, 33, 38, 11, 39, 45,  3, 16, 13, 34,  9, 10,  6, 25, 19, 26, 12,  4, 24, 29, 42, 36, 18,  5],  1175.43154453, 1175.43154453,   0.        ,  23.2906819 , 0.        , 22,  50,  59.5 )
 (69, [12, 12, 13, 11, 39, 37, 28, 41,  3, 40, 31,  4, 36,  8, 11, 46, 30, 19,  2, 17, 45, 27, 12, 21, 43, 42, 24, 25, 22, 34, 33, 14, 23, 16, 47,  5, 44, 20,  6, 32,  7, 26,  1, 18, 10, 38, 29, 15, 35, 13,  9, 48],  1175.43154453, 1175.43154453,   0.        ,  23.2906819 , 0.        , 23,  97,  95.75)
 (71, [13, 11, 13, 11, 21, 29,  7, 33, 37, 10, 12,  2, 48, 34,  1, 11, 31, 17, 19, 45, 42, 40, 25, 28, 32, 13, 27, 38, 35, 14,  5, 46,  4,  9, 16, 39, 26, 47,  8, 41, 43, 22, 30, 36, 23,  3, 18,  6, 24, 15, 20, 44],  1175.43154453, 1175.43154453,   0.        ,  23.2906819 , 0.        , 24,  99,  98.25)
 (96, [11, 11, 14, 12, 43,  5, 47, 12, 37,  7, 26, 36, 32, 23,  3, 48,  6, 34, 42, 11,  1, 15, 19, 33, 40, 44, 13, 45, 41, 39, 30,  2, 29, 38, 27, 17, 21, 16,  4, 20, 35, 24, 18, 14, 28, 10, 31,  9, 22, 46,  8, 25],  1175.43154453, 1175.43154453,   0.        ,  23.2906819 , 0.        , 25,  73,  79.75)
 (94, [12, 11, 14, 11, 34,  4, 33, 16,  1, 42, 22,  9, 11, 30, 13, 15, 12, 41, 10, 46, 24, 20, 26, 36, 19,  7, 40, 35, 39,  8, 38, 37, 44,  6, 21, 28, 32, 23, 25,  3, 45, 17,  2, 18, 31, 29, 14, 43, 47,  5, 48, 27],  1175.43154453, 1175.43154453,   0.        ,  23.2906819 , 0.        , 26,  71,  79.25)
 (93, [13, 10, 13, 12, 17, 22, 29, 41, 24, 31, 15, 34,  5, 14, 21,  6, 32,  8, 18, 19, 26, 10, 43, 44, 46, 25, 12, 39, 45,  7, 11, 33,  9,  3, 47, 40,  4,  2, 27, 42, 16, 13, 20, 30, 48, 38, 37, 28, 23, 35,  1, 36],  1175.43154453, 1175.43154453,   0.        ,  23.2906819 , 0.        , 27,  70,  79.5 )
 (92, [12, 13, 12, 11,  7, 35, 25, 43,  6, 26,  4, 44, 22,  3, 33, 31,  9, 24, 23, 10, 19, 40,  8, 14,  5, 12, 15, 13, 42,  2, 34, 30, 37, 29, 46, 38, 36, 47, 11, 16, 28, 48, 39, 21, 27,  1, 45, 17, 20, 18, 32, 41],  1175.43154453, 1175.43154453,   0.        ,  23.2906819 , 0.        , 28,  69,  79.75)
 (91, [11, 11, 14, 12, 20, 38,  6, 27, 21, 22, 23, 30, 32, 25,  1, 14, 19, 44, 48,  2, 12, 13,  3, 37,  4, 42, 35,  7, 40, 10, 33, 26, 45, 29, 43, 28, 15, 18, 36, 47, 39, 24, 11, 34,  5, 17, 31,  8, 46, 16, 41,  9],  1175.43154453, 1175.43154453,   0.        ,  23.2906819 , 0.        , 29,  68,  80.  )
 (89, [14, 11, 11, 12, 41, 28, 43, 33, 47, 14, 22,  9,  8, 17, 32, 35, 10, 21, 23, 42, 40,  4, 44,  5, 45, 11,  1, 29, 18,  3, 25, 34, 15, 16, 24, 46, 48, 36, 39, 30, 31,  7,  2,  6, 12, 20, 27, 26, 13, 37, 38, 19],  1175.43154453, 1175.43154453,   0.        ,  23.2906819 , 0.        , 30,  66,  79.5 )
 (88, [16, 11, 11, 10, 17, 42, 48, 12, 35, 10, 16, 37, 38, 44, 26, 24, 40, 46,  2, 39, 27, 25,  6, 36, 47,  5, 23, 43, 30, 32, 22, 45, 15, 33, 29, 19, 34, 20, 41,  9, 31, 21, 18,  3, 11,  1,  8,  7, 13, 14,  4, 28],  1175.43154453, 1175.43154453,   0.        ,  23.2906819 , 0.        , 31,  65,  79.75)
 (86, [13, 11, 11, 13,  3, 23, 25, 28, 32, 26, 38, 16,  8, 11, 24, 21, 18, 12, 33, 39, 13, 44, 34,  9, 36, 47, 19, 31,  2, 15, 46, 41, 37,  4, 43, 42, 40, 27, 29,  6,  1, 45,  7, 20, 22, 14, 17,  5, 10, 30, 35, 48],  1175.43154453, 1175.43154453,   0.        ,  23.2906819 , 0.        , 32,  63,  79.25)
 (85, [11, 11, 11, 15,  7,  1,  2, 23, 18, 42, 46, 36, 44, 47,  4, 15, 20,  9, 40, 17, 35, 45, 13, 28, 26, 48, 43, 10, 27, 16, 12, 25, 34, 30, 24, 21,  5, 41, 19, 39, 31, 11,  6, 38, 33, 37, 22,  3, 14, 32,  8, 29],  1175.43154453, 1175.43154453,   0.        ,  23.2906819 , 0.        , 33,  62,  79.5 )
 (84, [11, 10, 13, 14, 13, 11, 28, 47,  5, 38, 18, 29, 20, 16, 14, 39, 22,  8, 36, 30, 26, 35, 46, 31,  2, 25,  9, 48,  3, 41,  6, 45,  1, 17, 23, 44, 10, 21, 32,  7, 40, 34, 43,  4, 33, 12, 37, 19, 15, 24, 27, 42],  1175.43154453, 1175.43154453,   0.        ,  23.2906819 , 0.        , 34,  61,  79.75)
 (83, [11, 10, 11, 16, 12, 23, 44, 17, 19, 18,  6,  2,  7, 15, 21, 41, 31,  3, 26,  9, 27, 32,  4, 36, 24, 42, 34, 29,  8, 22, 10, 30, 14, 48, 40, 13, 45, 11, 43,  1, 35, 33, 46, 38, 39, 37, 28, 20, 47, 25, 16,  5],  1175.43154453, 1175.43154453,   0.        ,  23.2906819 , 0.        , 35,  60,  80.  )
 (81, [11, 12, 11, 14, 37, 42, 39, 44, 24, 23, 12, 26, 17, 47,  9, 36,  3,  8, 16, 30,  6, 22, 40, 35,  2, 31, 15, 13, 19, 33, 14,  4, 10, 34,  7, 38, 48, 11, 27, 43, 46, 18, 25,  5, 29, 21, 28, 45,  1, 32, 41, 20],  1175.43154453, 1175.43154453,   0.        ,  23.2906819 , 0.        , 36,  59,  80.25)
 (80, [11, 12, 13, 12, 25, 27, 31, 10, 14, 19,  1, 33, 18, 47, 12, 13, 37, 11, 41, 30, 40, 34, 17,  3,  2, 24, 46,  9, 45, 38, 15, 44, 42,  4,  7, 21, 23, 28, 48,  8, 32, 20, 16, 36, 39, 26, 43,  5,  6, 35, 29, 22],  1175.43154453, 1175.43154453,   0.        ,  23.2906819 , 0.        , 37,  58,  80.5 )
 (79, [11,  9, 12, 16, 11, 45, 13, 22, 48,  2, 25, 29,  9, 40, 39, 44, 42, 15, 27, 17,  3,  4, 26, 23,  1, 36, 31, 41, 30, 32, 24, 38, 37, 47, 46, 19,  7,  6, 33, 35, 16, 12, 10, 28, 21, 43, 18,  5, 20, 14, 34,  8],  1175.43154453, 1175.43154453,   0.        ,  23.2906819 , 0.        , 38,  57,  80.75)
 (78, [13, 13, 12, 10, 11, 32, 29, 12, 13, 25, 42, 36, 24, 31, 46, 37, 45, 44, 26, 34,  3, 23, 47, 41,  6,  9,  4, 43, 21,  2, 10, 27, 48, 30,  5, 39, 18, 16, 19, 15, 35, 33,  8, 28, 17, 14, 20,  1, 22, 40, 38,  7],  1175.43154453, 1175.43154453,   0.        ,  23.2906819 , 0.        , 39,  56,  81.  )
 (77, [11, 13, 14, 10, 13, 12, 25, 17, 28, 10, 38,  3, 35,  5, 18,  9,  4,  6,  2, 39, 33, 29, 44, 31, 32, 42, 30, 41, 11, 47, 22, 20, 19, 21,  8,  1, 40, 46, 24, 14, 15, 43, 23, 37,  7, 34, 16, 36, 48, 26, 27, 45],  1175.43154453, 1175.43154453,   0.        ,  23.2906819 , 0.        , 40,  55,  81.25)
 (76, [10, 13, 12, 13, 45, 42,  3, 44, 34,  1, 28,  5, 29, 35, 24, 10, 18, 26, 12, 15, 14,  8, 17, 30, 48, 41, 40, 31, 20,  6, 33, 39, 11, 43, 46, 22, 32, 13,  2, 27,  9, 38, 47, 16,  4, 36, 19, 25, 23, 37, 21,  7],  1175.43154453, 1175.43154453,   0.        ,  23.2906819 , 0.        , 41,  54,  81.5 )
 (74, [11, 11, 11, 15, 42, 24, 29, 35, 10, 40, 16, 33, 14, 43, 30, 48, 13, 18, 26,  4,  8,  7, 15, 21, 27, 37, 36, 39, 45, 20, 23, 28, 17,  3,  6, 22, 32,  5, 11,  1, 44, 31, 47, 38, 19, 34, 12,  9,  2, 25, 41, 46],  1175.43154453, 1175.43154453,   0.        ,  23.2906819 , 0.        , 42,  53,  81.75)
 (72, [14, 12, 10, 12, 44,  8, 17,  9, 43, 10, 34, 37, 11, 29,  1, 33, 39, 19, 40, 15, 26, 46, 24,  3, 12, 47, 20, 18,  2, 21,  7, 48, 27, 23, 22, 41, 32,  5, 45, 16, 14, 25, 30, 42, 35, 13,  6, 36, 38, 28, 31,  4],  1175.43154453, 1175.43154453,   0.        ,  23.2906819 , 0.        , 43,  78, 101.5 )
 (70, [11, 12, 12, 13, 31, 42, 46, 43, 12, 36, 39, 22, 35, 24, 20, 23, 26, 14, 33, 29,  6, 11, 48, 37, 44, 16,  4, 18, 25, 40,  9, 21,  1, 38, 30,  8, 41, 45, 34, 17, 15, 32, 19,  3, 10,  2,  7, 47, 27,  5, 13, 28],  1175.43154453, 1175.43154453,   0.        ,  23.2906819 , 0.        , 44,  98, 117.5 )
 (46, [10, 12, 14, 12, 36, 21, 45, 18, 39, 42, 11, 28, 16,  3,  7, 32, 20, 43,  6,  5, 40,  1,  4, 31, 14, 25, 48, 46, 27,  9, 24, 34, 47, 13, 10,  2, 30, 41, 37, 38,  8, 22, 17, 23, 19, 35, 26, 29, 15, 33, 12, 44],  1175.43154453, 1175.43154453,   0.        ,  23.2906819 , 0.        , 45,  25,  63.75)
 (49, [11, 12, 12, 13, 17, 46, 28,  1, 44, 27, 38, 29, 18, 32,  5, 16, 26,  2, 42,  8, 41, 47, 13, 37,  9, 45, 12, 10, 43, 25,  7, 20, 24, 19, 22, 34, 11,  4, 30, 31, 40, 14,  3, 33, 21, 48, 23, 35, 36, 39,  6, 15],  1175.43154453, 1175.43154453,   0.        ,  23.2906819 , 0.        , 46,  51,  84.25)
 (44, [13, 11, 12, 12, 13, 32, 12, 10,  2, 33, 17,  7, 36, 38, 44, 45, 47, 26,  1, 35, 21, 43, 14, 18,  4, 31,  3, 24,  9, 29, 19, 28, 39,  5, 20,  6, 22, 25, 15, 40, 46, 48, 11, 30,  8, 23, 27, 42, 41, 16, 37, 34],  1175.43154453, 1175.43154453,   0.        ,  23.2906819 , 0.        , 47,  23,  64.25)
 (25, [10,  9, 16, 13, 35,  9,  7, 41, 31, 44, 32, 42, 46, 37, 34, 10, 45,  6, 27,  3, 48, 11, 22, 28,  4, 19, 14,  1, 16, 18, 17, 13, 33, 20, 29,  8,  5, 26, 36,  2, 39, 24, 15, 25, 23, 30, 47, 12, 38, 40, 21, 43],  1175.43154453, 1175.43154453,   0.        ,  23.2906819 , 0.        , 21,  96,  93.  )
 (45, [12, 12, 11, 13, 41, 31,  8, 19, 44, 29, 33, 14, 48, 40, 46, 45,  2, 30, 37,  5, 10, 13, 34, 42, 23, 36,  4, 17, 28, 18, 38, 47, 15, 22, 43, 35, 27, 25, 12, 39, 16,  7, 32, 11,  6,  3, 20,  9, 24,  1, 21, 26],  1175.43154453, 1175.43154453,   0.        ,  23.2906819 , 0.        , 52,  24,  70.  )
 (25, [10,  9, 16, 13, 35,  9,  7, 41, 31, 44, 32, 42, 46, 37, 34, 10, 45,  6, 27,  3, 48, 11, 22, 28,  4, 19, 14,  1, 16, 18, 17, 13, 33, 20, 29,  8,  5, 26, 36,  2, 39, 24, 15, 25, 23, 30, 47, 12, 38, 40, 21, 43],  1175.43154453, 1175.43154453,   0.        ,  23.2906819 , 0.        , 19,  52,  58.  )
 (25, [10,  9, 16, 13, 35,  9,  7, 41, 31, 44, 32, 42, 46, 37, 34, 10, 45,  6, 27,  3, 48, 11, 22, 28,  4, 19, 14,  1, 16, 18, 17, 13, 33, 20, 29,  8,  5, 26, 36,  2, 39, 24, 15, 25, 23, 30, 47, 12, 38, 40, 21, 43],  1175.43154453, 1175.43154453,   0.        ,  23.2906819 , 0.        , 18,  79,  77.25)
 (25, [10,  9, 16, 13, 35,  9,  7, 41, 31, 44, 32, 42, 46, 37, 34, 10, 45,  6, 27,  3, 48, 11, 22, 28,  4, 19, 14,  1, 16, 18, 17, 13, 33, 20, 29,  8,  5, 26, 36,  2, 39, 24, 15, 25, 23, 30, 47, 12, 38, 40, 21, 43],  1175.43154453, 1175.43154453,   0.        ,  23.2906819 , 0.        , 17,  80,  77.  )
 (25, [10,  9, 16, 13, 35,  9,  7, 41, 31, 44, 32, 42, 46, 37, 34, 10, 45,  6, 27,  3, 48, 11, 22, 28,  4, 19, 14,  1, 16, 18, 17, 13, 33, 20, 29,  8,  5, 26, 36,  2, 39, 24, 15, 25, 23, 30, 47, 12, 38, 40, 21, 43],  1175.43154453, 1175.43154453,   0.        ,  23.2906819 , 0.        , 16,  81,  76.75)
 (25, [10,  9, 16, 13, 35,  9,  7, 41, 31, 44, 32, 42, 46, 37, 34, 10, 45,  6, 27,  3, 48, 11, 22, 28,  4, 19, 14,  1, 16, 18, 17, 13, 33, 20, 29,  8,  5, 26, 36,  2, 39, 24, 15, 25, 23, 30, 47, 12, 38, 40, 21, 43],  1175.43154453, 1175.43154453,   0.        ,  23.2906819 , 0.        , 15,  82,  76.5 )
 (25, [10,  9, 16, 13, 35,  9,  7, 41, 31, 44, 32, 42, 46, 37, 34, 10, 45,  6, 27,  3, 48, 11, 22, 28,  4, 19, 14,  1, 16, 18, 17, 13, 33, 20, 29,  8,  5, 26, 36,  2, 39, 24, 15, 25, 23, 30, 47, 12, 38, 40, 21, 43],  1175.43154453, 1175.43154453,   0.        ,  23.2906819 , 0.        , 14,  83,  76.25)
 (25, [10,  9, 16, 13, 35,  9,  7, 41, 31, 44, 32, 42, 46, 37, 34, 10, 45,  6, 27,  3, 48, 11, 22, 28,  4, 19, 14,  1, 16, 18, 17, 13, 33, 20, 29,  8,  5, 26, 36,  2, 39, 24, 15, 25, 23, 30, 47, 12, 38, 40, 21, 43],  1175.43154453, 1175.43154453,   0.        ,  23.2906819 , 0.        , 13,  84,  76.  )
 (25, [10,  9, 16, 13, 35,  9,  7, 41, 31, 44, 32, 42, 46, 37, 34, 10, 45,  6, 27,  3, 48, 11, 22, 28,  4, 19, 14,  1, 16, 18, 17, 13, 33, 20, 29,  8,  5, 26, 36,  2, 39, 24, 15, 25, 23, 30, 47, 12, 38, 40, 21, 43],  1175.43154453, 1175.43154453,   0.        ,  23.2906819 , 0.        , 22,  50,  59.5 )
 (25, [10,  9, 16, 13, 35,  9,  7, 41, 31, 44, 32, 42, 46, 37, 34, 10, 45,  6, 27,  3, 48, 11, 22, 28,  4, 19, 14,  1, 16, 18, 17, 13, 33, 20, 29,  8,  5, 26, 36,  2, 39, 24, 15, 25, 23, 30, 47, 12, 38, 40, 21, 43],  1175.43154453, 1175.43154453,   0.        ,  23.2906819 , 0.        , 12,  85,  75.75)
 (25, [10,  9, 16, 13, 35,  9,  7, 41, 31, 44, 32, 42, 46, 37, 34, 10, 45,  6, 27,  3, 48, 11, 22, 28,  4, 19, 14,  1, 16, 18, 17, 13, 33, 20, 29,  8,  5, 26, 36,  2, 39, 24, 15, 25, 23, 30, 47, 12, 38, 40, 21, 43],  1175.43154453, 1175.43154453,   0.        ,  23.2906819 , 0.        , 10,  87,  75.25)
 (25, [10,  9, 16, 13, 35,  9,  7, 41, 31, 44, 32, 42, 46, 37, 34, 10, 45,  6, 27,  3, 48, 11, 22, 28,  4, 19, 14,  1, 16, 18, 17, 13, 33, 20, 29,  8,  5, 26, 36,  2, 39, 24, 15, 25, 23, 30, 47, 12, 38, 40, 21, 43],  1175.43154453, 1175.43154453,   0.        ,  23.2906819 , 0.        ,  9,  88,  75.  )
 (25, [10,  9, 16, 13, 35,  9,  7, 41, 31, 44, 32, 42, 46, 37, 34, 10, 45,  6, 27,  3, 48, 11, 22, 28,  4, 19, 14,  1, 16, 18, 17, 13, 33, 20, 29,  8,  5, 26, 36,  2, 39, 24, 15, 25, 23, 30, 47, 12, 38, 40, 21, 43],  1175.43154453, 1175.43154453,   0.        ,  23.2906819 , 0.        ,  8,  89,  74.75)
 (25, [10,  9, 16, 13, 35,  9,  7, 41, 31, 44, 32, 42, 46, 37, 34, 10, 45,  6, 27,  3, 48, 11, 22, 28,  4, 19, 14,  1, 16, 18, 17, 13, 33, 20, 29,  8,  5, 26, 36,  2, 39, 24, 15, 25, 23, 30, 47, 12, 38, 40, 21, 43],  1175.43154453, 1175.43154453,   0.        ,  23.2906819 , 0.        ,  7,  90,  74.5 )
 (25, [10,  9, 16, 13, 35,  9,  7, 41, 31, 44, 32, 42, 46, 37, 34, 10, 45,  6, 27,  3, 48, 11, 22, 28,  4, 19, 14,  1, 16, 18, 17, 13, 33, 20, 29,  8,  5, 26, 36,  2, 39, 24, 15, 25, 23, 30, 47, 12, 38, 40, 21, 43],  1175.43154453, 1175.43154453,   0.        ,  23.2906819 , 0.        ,  6,  91,  74.25)
 (25, [10,  9, 16, 13, 35,  9,  7, 41, 31, 44, 32, 42, 46, 37, 34, 10, 45,  6, 27,  3, 48, 11, 22, 28,  4, 19, 14,  1, 16, 18, 17, 13, 33, 20, 29,  8,  5, 26, 36,  2, 39, 24, 15, 25, 23, 30, 47, 12, 38, 40, 21, 43],  1175.43154453, 1175.43154453,   0.        ,  23.2906819 , 0.        ,  5,  92,  74.  )
 (25, [10,  9, 16, 13, 35,  9,  7, 41, 31, 44, 32, 42, 46, 37, 34, 10, 45,  6, 27,  3, 48, 11, 22, 28,  4, 19, 14,  1, 16, 18, 17, 13, 33, 20, 29,  8,  5, 26, 36,  2, 39, 24, 15, 25, 23, 30, 47, 12, 38, 40, 21, 43],  1175.43154453, 1175.43154453,   0.        ,  23.2906819 , 0.        ,  4,  93,  73.75)
 (25, [10,  9, 16, 13, 35,  9,  7, 41, 31, 44, 32, 42, 46, 37, 34, 10, 45,  6, 27,  3, 48, 11, 22, 28,  4, 19, 14,  1, 16, 18, 17, 13, 33, 20, 29,  8,  5, 26, 36,  2, 39, 24, 15, 25, 23, 30, 47, 12, 38, 40, 21, 43],  1175.43154453, 1175.43154453,   0.        ,  23.2906819 , 0.        ,  3,  94,  73.5 )
 (25, [10,  9, 16, 13, 35,  9,  7, 41, 31, 44, 32, 42, 46, 37, 34, 10, 45,  6, 27,  3, 48, 11, 22, 28,  4, 19, 14,  1, 16, 18, 17, 13, 33, 20, 29,  8,  5, 26, 36,  2, 39, 24, 15, 25, 23, 30, 47, 12, 38, 40, 21, 43],  1175.43154453, 1175.43154453,   0.        ,  23.2906819 , 0.        ,  2,  95,  73.25)
 (25, [10,  9, 16, 13, 35,  9,  7, 41, 31, 44, 32, 42, 46, 37, 34, 10, 45,  6, 27,  3, 48, 11, 22, 28,  4, 19, 14,  1, 16, 18, 17, 13, 33, 20, 29,  8,  5, 26, 36,  2, 39, 24, 15, 25, 23, 30, 47, 12, 38, 40, 21, 43],  1175.43154453, 1175.43154453,   0.        ,  23.2906819 , 0.        , 11,  86,  75.5 )
 (25, [10,  9, 16, 13, 35,  9,  7, 41, 31, 44, 32, 42, 46, 37, 34, 10, 45,  6, 27,  3, 48, 11, 22, 28,  4, 19, 14,  1, 16, 18, 17, 13, 33, 20, 29,  8,  5, 26, 36,  2, 39, 24, 15, 25, 23, 30, 47, 12, 38, 40, 21, 43],  1175.43154453, 1175.43154453,   0.        ,  23.2906819 , 0.        , 23,  97,  95.75)
 (25, [10,  9, 16, 13, 35,  9,  7, 41, 31, 44, 32, 42, 46, 37, 34, 10, 45,  6, 27,  3, 48, 11, 22, 28,  4, 19, 14,  1, 16, 18, 17, 13, 33, 20, 29,  8,  5, 26, 36,  2, 39, 24, 15, 25, 23, 30, 47, 12, 38, 40, 21, 43],  1175.43154453, 1175.43154453,   0.        ,  23.2906819 , 0.        , 20,  28,  41.  )
 (25, [10,  9, 16, 13, 35,  9,  7, 41, 31, 44, 32, 42, 46, 37, 34, 10, 45,  6, 27,  3, 48, 11, 22, 28,  4, 19, 14,  1, 16, 18, 17, 13, 33, 20, 29,  8,  5, 26, 36,  2, 39, 24, 15, 25, 23, 30, 47, 12, 38, 40, 21, 43],  1175.43154453, 1175.43154453,   0.        ,  23.2906819 , 0.        , 25,  73,  79.75)
 (43, [12, 12, 12, 12, 16,  2, 31,  5, 12, 13, 24, 18,  7, 30, 19, 42, 44, 35, 45,  3,  4, 20,  6, 27,  9, 14, 38, 21, 15, 40, 11, 37, 22, 39, 36, 17, 29,  1, 47, 28, 25, 41, 10,  8, 23, 43, 46, 32, 26, 34, 33, 48],  1175.43154453, 1175.43154453,   0.        ,  23.2906819 , 0.        , 65,  22,  81.5 )
 (42, [12, 14, 11, 11, 29,  5, 28, 24, 31,  9, 16,  6, 34, 14, 17, 21, 19,  1, 40, 45, 39, 13, 20, 43,  2, 36, 48, 47, 22, 11, 32, 44,  8, 42, 27, 37, 18, 15, 26,  7,  3, 12, 41, 25, 23, 38, 30, 46, 10, 33, 35,  4],  1175.43154453, 1175.43154453,   0.        ,  23.2906819 , 0.        , 71,  21,  86.75)
 (40, [11, 15, 11, 11, 37, 23, 47, 19, 12, 13, 45,  6,  1, 30, 26, 18, 17, 28, 36, 27, 48,  5, 32, 10, 40,  3,  9, 46, 41, 11, 39,  8,  2, 43, 25,  7,  4, 21, 35, 44, 14, 38, 34, 33, 22, 16, 31, 15, 29, 42, 20, 24],  1175.43154453, 1175.43154453,   0.        ,  23.2906819 , 0.        , 67,  19,  81.25)
 (39, [11, 11, 15, 11, 41,  3,  1, 11,  9, 10,  8,  6, 26,  7, 19, 48, 28, 35, 25, 23, 40, 34, 36, 20, 17, 42, 43, 27, 37,  5, 39,  2, 16, 45, 14, 31, 13, 44, 12, 24, 46, 38, 32, 18, 21, 47, 29, 33, 22,  4, 15, 30],  1175.43154453, 1175.43154453,   0.        ,  23.2906819 , 0.        , 70,  18,  83.5 )
 (37, [12, 12, 13, 11, 47, 30, 20, 43, 22, 13, 18, 24,  9, 36, 10,  5, 40, 44, 39, 28, 21, 16,  1, 35, 31, 26, 45, 32, 38, 23, 14, 17, 11, 33, 37, 46, 29,  7,  2, 15, 25, 27,  8, 41,  3, 42, 48,  4,  6, 19, 34, 12],  1175.43154453, 1175.43154453,   0.        ,  23.2906819 , 0.        , 73,  16,  85.  )
 (25, [10,  9, 16, 13, 35,  9,  7, 41, 31, 44, 32, 42, 46, 37, 34, 10, 45,  6, 27,  3, 48, 11, 22, 28,  4, 19, 14,  1, 16, 18, 17, 13, 33, 20, 29,  8,  5, 26, 36,  2, 39, 24, 15, 25, 23, 30, 47, 12, 38, 40, 21, 43],  1175.43154453, 1175.43154453,   0.        ,  23.2906819 , 0.        , 24,  99,  98.25)
 (33, [11, 11, 13, 13,  5, 46, 26,  9, 29, 14, 16, 24,  6, 23,  4,  3, 47, 33, 20,  2, 42,  1, 15, 32, 38, 18, 27, 43, 25, 34, 48,  7, 37, 31, 22, 30, 35, 19, 41, 17, 21, 28, 44,  8, 13, 12, 45, 36, 39, 10, 40, 11],  1175.43154453, 1175.43154453,   0.        ,  23.2906819 , 0.        , 68,  12,  77.  )
 (35, [12, 12, 11, 13, 45,  8, 47, 25, 44, 28, 12, 13, 38,  6, 39, 41, 30, 42, 36, 32, 20,  9, 16, 43, 26, 33, 19, 18, 37, 29, 27, 31, 17, 34, 35, 23, 40, 11,  4, 15,  5, 24,  1,  2, 22, 21,  7, 48, 10,  3, 14, 46],  1175.43154453, 1175.43154453,   0.        ,  23.2906819 , 0.        , 69,  14,  79.5 )
 (25, [10,  9, 16, 13, 35,  9,  7, 41, 31, 44, 32, 42, 46, 37, 34, 10, 45,  6, 27,  3, 48, 11, 22, 28,  4, 19, 14,  1, 16, 18, 17, 13, 33, 20, 29,  8,  5, 26, 36,  2, 39, 24, 15, 25, 23, 30, 47, 12, 38, 40, 21, 43],  1175.43154453, 1175.43154453,   0.        ,  23.2906819 , 0.        , 28,  69,  79.75)
 (25, [10,  9, 16, 13, 35,  9,  7, 41, 31, 44, 32, 42, 46, 37, 34, 10, 45,  6, 27,  3, 48, 11, 22, 28,  4, 19, 14,  1, 16, 18, 17, 13, 33, 20, 29,  8,  5, 26, 36,  2, 39, 24, 15, 25, 23, 30, 47, 12, 38, 40, 21, 43],  1175.43154453, 1175.43154453,   0.        ,  23.2906819 , 0.        , 26,  71,  79.25)
 (25, [10,  9, 16, 13, 35,  9,  7, 41, 31, 44, 32, 42, 46, 37, 34, 10, 45,  6, 27,  3, 48, 11, 22, 28,  4, 19, 14,  1, 16, 18, 17, 13, 33, 20, 29,  8,  5, 26, 36,  2, 39, 24, 15, 25, 23, 30, 47, 12, 38, 40, 21, 43],  1175.43154453, 1175.43154453,   0.        ,  23.2906819 , 0.        , 30,  66,  79.5 )
 (25, [10,  9, 16, 13, 35,  9,  7, 41, 31, 44, 32, 42, 46, 37, 34, 10, 45,  6, 27,  3, 48, 11, 22, 28,  4, 19, 14,  1, 16, 18, 17, 13, 33, 20, 29,  8,  5, 26, 36,  2, 39, 24, 15, 25, 23, 30, 47, 12, 38, 40, 21, 43],  1175.43154453, 1175.43154453,   0.        ,  23.2906819 , 0.        , 27,  70,  79.5 )
 (25, [10,  9, 16, 13, 35,  9,  7, 41, 31, 44, 32, 42, 46, 37, 34, 10, 45,  6, 27,  3, 48, 11, 22, 28,  4, 19, 14,  1, 16, 18, 17, 13, 33, 20, 29,  8,  5, 26, 36,  2, 39, 24, 15, 25, 23, 30, 47, 12, 38, 40, 21, 43],  1175.43154453, 1175.43154453,   0.        ,  23.2906819 , 0.        , 29,  68,  80.  )
 (30, [13, 12, 11, 12,  6, 15, 31, 30, 34,  1,  8, 23, 29,  3, 36, 26,  9, 39, 44, 43, 18, 10, 42, 33, 28, 35, 46,  7, 19, 37, 40, 16, 47, 27, 22, 14,  2, 41, 38, 20, 12, 48,  5, 17,  4, 45, 11, 32, 25, 24, 21, 13],  1175.43154453, 1175.43154453,   0.        ,  23.2906819 , 0.        , 66,  10,  73.5 )
 (95, [13, 11, 14, 10, 22, 34, 10, 31, 16,  4,  6, 37, 17,  9,  1, 40, 41, 33, 46, 44,  2, 29, 24, 19, 32, 26, 39, 47, 48, 45, 11, 20, 42, 14, 18, 21,  5, 25,  7, 43,  8,  3, 13, 38, 28, 15, 27, 30, 36, 23, 12, 35],  1470.32297144, 1266.04140268,   0.        ,  23.2906819 , 0.        , 76,  72, 130.  )
 (36, [14, 11, 11, 12,  9,  7, 41,  8, 28, 29,  5, 13,  2, 42, 21, 34, 12, 44,  4, 48, 14, 45, 25, 16,  6, 22, 19, 39, 37, 27, 40, 33, 32, 18, 38,  1, 46, 43,  3, 31, 30, 23, 35, 47, 36, 11, 17, 10, 24, 26, 15, 20],  1606.65331751, 1249.32461179,   0.        ,  23.2906819 , 0.        , 78,  15,  89.25)
 (31, [10, 11, 12, 15, 38, 21, 16, 22, 34, 31, 48, 46, 45, 17,  2,  1, 15, 25, 28, 10, 14, 30, 23, 20,  3, 27, 33,  9, 47, 29, 13, 24,  6, 19, 37,  4, 11, 32,  5,  8, 35,  7, 18, 39, 41, 12, 26, 44, 42, 40, 43, 36],  1757.01448892, 1234.31993696,  52.2694552 ,  23.2906819 , 0.        , 79,  11,  87.25)
 (75, [13, 12, 11, 12,  5, 25, 13, 36, 30, 21,  3, 28, 12, 43, 33, 47, 16, 10, 27, 34, 46, 15, 40, 45, 41, 38, 11,  9, 26,  2, 17,  6, 20, 14, 32, 37, 18, 48,  4,  7, 31, 42, 29, 39,  8, 19, 22, 44, 23, 24,  1, 35],  2069.79491403, 1340.32423696,   0.        ,  23.2906819 , 0.        , 80,  75, 136.25)
 (99, [13, 12, 12, 11, 46, 30, 20,  8, 15, 24, 10, 31, 12, 23, 37, 17, 27,  3,  4,  6, 32, 48, 18,  2, 26, 22, 40, 28, 29, 45, 39, 44,  7, 35, 47,  1, 16, 11, 34,  9, 42,  5, 41, 38, 33, 36, 43, 19, 21, 25, 13, 14],  3009.56368443, 1305.49940616, 103.62776063,  23.2906819 , 0.        , 81,   4,  84.  )
 (73, [11, 11, 14, 12,  1, 45, 44, 33, 18, 12, 22,  7,  3, 21, 34, 14, 39,  9, 38,  5, 47, 23, 11, 10, 48, 46,  8, 28, 16, 19, 15, 27, 26, 29, 43, 42, 40, 36, 24,  2, 30, 17,  4,  6, 13, 41, 37, 25, 20, 35, 31, 32],  3424.21625915, 1464.44383365, 201.75550248,  38.86378004, 0.        , 83,  76, 140.  )
 (50, [11, 10, 11, 16, 36, 31,  2,  3, 48, 38, 33, 44, 12, 42, 24, 13,  9, 21, 15, 45, 43, 10, 18, 11, 46,  1, 14, 30, 17, 40, 35,  6, 29, 19, 32, 26, 41, 39, 47,  4,  8, 23, 27, 34,  7, 20, 28, 25,  5, 37, 22, 16],  3553.65699753, 1357.4910109 ,   0.        ,  23.2906819 , 0.        , 84,  77, 141.75)
 (34, [13, 13, 11, 11, 45, 47,  3,  2, 24, 13, 28, 19, 31, 27, 48, 20,  6, 16, 30, 44, 39, 14, 32,  1, 38, 12, 35, 29, 22,  8, 41, 26, 43, 36, 11, 17, 10, 42, 40, 15, 25, 18,  9, 21,  7, 23, 34, 46, 37,  5, 33,  4],  4173.24452713, 1255.44238102, 117.62541147,  33.15816571, 0.        , 85,  13,  94.75)
 (90, [10, 16, 11, 11, 45, 17, 19, 24, 11, 37, 34, 16, 43, 26, 20, 38, 41, 18, 30, 14, 40, 10, 28, 22, 23, 31, 27,  1,  3,  5, 13, 15,  7, 44,  9, 48, 42, 35, 32, 36, 25, 21, 46, 29,  2, 39,  6, 47,  8,  4, 33, 12],  4243.84027378, 1543.25167257, 261.42896618,  62.39694365, 0.        , 86,  67, 136.25)
 (38, [14, 12, 11, 11, 22, 47, 15, 29, 34, 39, 26, 38,  7,  5, 43, 21, 30, 19, 23, 24,  8, 44, 18,  9, 17, 32,  1, 11, 27, 41, 14, 37, 33, 48, 36,  4, 16,  2, 35, 40, 31, 42, 25, 28, 13,  6,  3, 20, 45, 10, 12, 46],  4260.9910774 , 1265.77088556, 251.40713699,  78.86847465, 0.        , 87,  17,  99.75)
 (32, [13, 11, 13, 11,  1, 43, 42,  8, 31, 11,  2, 30, 22, 23, 24, 37, 34, 45, 18, 17, 13, 21, 28, 33, 38,  4,  5,  6, 14, 40, 41, 16, 48, 19,  9, 25, 46,  3, 29, 35, 26, 27, 32, 39, 47, 20, 12, 15,  7, 44, 10, 36],  4749.32303003, 1381.19088676, 336.81321433,  23.2906819 , 3.        , 88,   2,  89.5 )
 (41, [13, 12, 12, 11, 40, 30, 34, 42, 19, 41, 15, 28,  2, 31, 35,  8,  3, 37, 25, 44, 13, 38, 18,  6, 17, 45, 47, 23, 26,  5, 46, 14, 20, 12, 33,  7, 16, 27,  1, 10, 11,  4, 48,  9, 43, 24, 21, 22, 39, 32, 36, 29],  4875.20600937, 1290.03495384,  51.85956282,   0.        , 0.        , 91,  20, 106.  )
 (97, [12, 13, 12, 11, 31, 10, 38, 41, 32, 23, 33, 46, 16,  5, 11, 17,  4, 36, 28, 40, 44, 47, 26,  6, 39, 24,  2, 35, 25, 37, 13, 12, 43,  9, 14,  1, 48,  3, 27, 20, 42, 29, 21,  8, 45, 22,  7, 30, 15, 18, 19, 34],  5119.59320256, 1191.30667503, 346.02633203, 138.74179721, 0.        , 92,  74, 147.5 )
 (82, [12, 13, 11, 12, 13,  6, 22,  9,  4,  8, 16, 41, 34, 29, 47, 35, 19, 31, 36, 11, 12, 33, 10, 20, 45, 30,  5, 43, 21, 14, 39, 15, 48, 25, 28, 17, 24, 23, 44, 26, 18,  2, 42,  7, 32,  3, 40, 27, 46, 38, 37,  1],  5627.90993343, 1461.5799924 ,   0.        ,  23.2906819 , 1.66666667, 94,   3,  96.25)
 (87, [12, 12, 13, 11, 43, 42, 14, 21, 16,  2, 25, 10, 35,  9, 28, 34, 46, 44, 26, 48, 31, 33, 18, 47, 32, 23, 24, 38,  7,  3, 36, 20, 15, 41, 19, 45, 29,  4, 22,  1,  6, 13, 12,  5, 17, 37, 40,  8, 11, 30, 27, 39], 10299.99698992, 2243.3339925 , 599.57985851,  54.74336894, 0.        , 98,  64, 146.  )]