
Total Runtime in seconds: 169.12374567985535Parameters:
population_size: 100, max_generations: 1000, executed generations: 1000, threshold_no_improvement: 500
target feasible proportion: 25
fitness_scaling: power_rank, selection_method: n_tournaments
p_c: 0.8, p_m: 0.15
tournament_size: 2, n_elite: 10
survivor_selection_step: 200, p_selection_survival: 0.7
kill clone step: 100
diversify_step: 300, diversify_step: 300, p_diversify_survival: 0.3
n_closest_neighbors: 3, diversity_weight: 0.5, distance_method: broken_pairs_distance
capacity_penalty_factor: 2, duration_penalty_factor 2, time_window_penalty: 2
Best fitness all generations, best individual before/after local search: 1428.7688716711118, 1428.7688716711118 / 1428.7688716711118
Best individual found before local search: (35, [10, 18,  9, 11, 31, 26, 18, 17, 37,  9, 42, 46, 39, 43,  6, 27,  3, 48, 11, 45, 10, 35, 44, 29,  8,  5,  1, 28, 14, 34,  7, 41,  4, 19, 22, 32, 36, 16, 13, 33, 20, 15, 25, 23, 30, 47, 24, 12, 21, 38, 40,  2], 1428.76887167, 1428.76887167, 0., 0., 0., 0., 0, 0, 0.)
Best individual found after local search: (35, [10, 18,  9, 11, 31, 26, 18, 17, 37,  9, 42, 46, 39, 43,  6, 27,  3, 48, 11, 45, 10, 35, 44, 29,  8,  5,  1, 28, 14, 34,  7, 41,  4, 19, 22, 32, 36, 16, 13, 33, 20, 15, 25, 23, 30, 47, 24, 12, 21, 38, 40,  2], 1428.76887167, 1428.76887167, 0., 0., 0., 0., 0, 0, 0.)
Best feasible individual found: (35, [10, 18,  9, 11, 31, 26, 18, 17, 37,  9, 42, 46, 39, 43,  6, 27,  3, 48, 11, 45, 10, 35, 44, 29,  8,  5,  1, 28, 14, 34,  7, 41,  4, 19, 22, 32, 36, 16, 13, 33, 20, 15, 25, 23, 30, 47, 24, 12, 21, 38, 40,  2], 1428.76887167, 1428.76887167, 0., 0., 0., 0., 0, 0, 0.)

Fitness stats min: [3501.69144779 3501.69144779 3372.46607149 3251.86382252 3199.84635401
 3084.9879245  3084.9879245  3079.07228687 3068.48040081 3063.69695223
 2915.38497005 2915.38497005 2889.06085322 2865.46759068 2733.16062984
 2733.16062984 2733.16062984 2714.30580447 2714.30580447 2712.92202116
 2607.50145052 2500.26539956 2500.26539956 2489.54538695 2489.54538695
 2489.54538695 2489.54538695 2489.54538695 2489.54538695 2489.54538695
 2477.32509493 2461.82100248 2461.82100248 2461.82100248 2350.22277229
 2350.22277229 2350.22277229 2350.22277229 2327.19057743 2327.19057743
 2295.39030736 2295.39030736 2275.17103129 2275.17103129 2199.04701535
 2199.04701535 2198.3236417  2198.3236417  2182.66570983 2159.67219919
 2159.67219919 2146.61460977 2146.61460977 2146.46759615 2145.41370246
 2145.41370246 2125.74115275 2112.83110794 2112.83110794 2103.02594185
 2101.67890784 2085.4957825  2078.90147941 2078.90147941 2069.09631332
 2061.02020623 2061.02020623 2061.02020623 2061.02020623 2043.49004688
 2033.68166131 2033.68166131 2033.68166131 2033.68166131 2030.96339476
 2030.96339476 2010.53685211 2010.53685211 2010.53685211 1987.31316128
 1983.7660701  1983.7660701  1983.7660701  1983.7660701  1983.7660701
 1972.62585577 1972.62585577 1969.07876458 1969.07876458 1969.18776142
 1957.58642104 1957.70086773 1908.75862229 1908.87879131 1908.87879131
 1909.00496878 1906.4207959  1906.9750135  1906.16625814 1906.80444576
 1901.16691186 1899.36488884 1885.47332005 1880.32769741 1880.32769741
 1880.48873538 1876.9416442  1877.11073408 1877.11073408 1877.28827844
 1877.28827844 1872.07873717 1872.07873717 1872.27447984 1872.27447984
 1872.48000964 1872.48000964 1869.14872474 1852.39182922 1852.61842582
 1849.07133464 1847.84109835 1841.19960715 1841.44942991 1841.44942991
 1840.30496308 1833.84943038 1832.70496354 1832.70496354 1831.92755614
 1823.81790222 1823.81790222 1823.81790222 1823.81790222 1819.64538598
 1815.42002777 1815.42002777 1815.42002777 1806.00938028 1806.00938028
 1806.00938028 1806.00938028 1806.00938028 1803.92645955 1802.00105707
 1774.83214698 1774.83214698 1774.72315014 1774.72315014 1774.72315014
 1744.66183802 1744.66183802 1744.66183802 1744.66183802 1734.18049077
 1734.18049077 1733.06219924 1733.06219924 1733.06219924 1720.02432633
 1720.02432633 1708.81001481 1708.81001481 1708.81001481 1708.81001481
 1679.50119897 1679.50119897 1679.50119897 1679.50119897 1679.50119897
 1679.50119897 1679.50119897 1679.50119897 1672.7524032  1672.7524032
 1672.7524032  1672.7524032  1667.26493318 1667.26493318 1667.26493318
 1655.81562713 1655.81562713 1648.44292729 1643.57936135 1643.57936135
 1636.2066615  1636.2066615  1636.2066615  1636.2066615  1632.85978768
 1632.85978768 1632.85978768 1632.85978768 1621.67546083 1621.67546083
 1618.328587   1618.328587   1618.12231663 1618.12231663 1618.12231663
 1618.12231663 1618.12231663 1618.12231663 1618.12231663 1618.12231663
 1618.12231663 1618.12231663 1618.12231663 1618.12231663 1618.12231663
 1600.39697818 1600.39697818 1600.39697818 1600.39697818 1600.39697818
 1579.69449065 1579.69449065 1579.69449065 1579.69449065 1579.69449065
 1579.69449065 1579.69449065 1571.70387933 1571.9842314  1571.9842314
 1572.27860106 1572.27860106 1572.58768921 1572.57193842 1572.89648097
 1564.90586966 1565.24663934 1565.24663934 1565.60444751 1565.60444751
 1565.98014608 1565.98014608 1566.37462959 1560.60088949 1557.92377713
 1557.92377713 1557.92377713 1557.92377713 1555.37333907 1551.65256587
 1551.65256587 1551.65256587 1551.65256587 1551.65256587 1544.68866805
 1544.68866805 1544.68866805 1544.68866805 1544.96902011 1544.96902011
 1545.26338977 1545.26338977 1545.57247792 1545.57247792 1545.89702048
 1545.89702048 1546.23779016 1546.23779016 1544.81218796 1544.81218796
 1542.85683166 1542.85683166 1543.13718373 1543.13718373 1542.85683166
 1542.85683166 1542.85683166 1534.95922284 1535.2395749  1535.2395749
 1533.6749238  1520.33029807 1520.63938622 1520.63938622 1520.96392877
 1520.96392877 1521.30469846 1521.30469846 1513.88094028 1513.88094028
 1511.97401    1511.97401    1512.25436206 1512.25436206 1512.54873172
 1512.54873172 1511.97401    1511.97401    1512.25436206 1512.25436206
 1512.54873172 1512.54873172 1508.31611003 1508.31611003 1508.64065259
 1508.64065259 1508.98142227 1508.98142227 1509.33923044 1509.33923044
 1507.43230016 1507.43230016 1507.43230016 1507.43230016 1507.43230016
 1507.43230016 1507.43230016 1507.43230016 1507.43230016 1507.43230016
 1480.5610533  1480.5610533  1461.39451681 1461.39451681 1461.70360495
 1461.70360495 1462.02814751 1462.02814751 1462.36891719 1462.36891719
 1462.72672536 1462.72672536 1463.10242393 1463.10242393 1463.49690744
 1463.49690744 1463.91111512 1463.91111512 1464.17232627 1464.17232627
 1464.17232627 1464.17232627 1461.8590005  1461.8590005  1460.81979508
 1459.85640762 1460.13675968 1460.13675968 1453.61295046 1453.61295046
 1453.92203861 1453.92203861 1454.24658116 1454.24658116 1454.58735085
 1454.58735085 1453.03822873 1453.03822873 1453.03822873 1453.03822873
 1453.03822873 1449.13696698 1449.54214191 1449.54214191 1449.96757559
 1449.76245623 1449.76245623 1449.76245623 1449.76245623 1449.76245623
 1449.13696698 1449.13696698 1449.13696698 1449.13696698 1449.13696698
 1449.13696698 1449.54214191 1449.54214191 1449.76245623 1449.76245623
 1449.13696698 1449.13696698 1449.13696698 1449.13696698 1449.13696698
 1449.13696698 1449.13696698 1447.04398314 1447.04398314 1447.04398314
 1447.04398314 1447.04398314 1447.04398314 1447.04398314 1447.04398314
 1447.04398314 1447.04398314 1447.04398314 1447.04398314 1447.04398314
 1447.04398314 1447.04398314 1447.04398314 1447.04398314 1447.04398314
 1447.04398314 1447.04398314 1447.04398314 1447.04398314 1447.04398314
 1447.04398314 1447.04398314 1447.04398314 1447.04398314 1447.04398314
 1447.04398314 1447.04398314 1447.04398314 1447.04398314 1447.04398314
 1447.04398314 1447.04398314 1447.04398314 1447.04398314 1447.04398314
 1447.04398314 1447.04398314 1447.04398314 1447.04398314 1447.04398314
 1447.04398314 1447.04398314 1447.04398314 1447.04398314 1447.04398314
 1447.04398314 1447.04398314 1447.04398314 1447.04398314 1447.04398314
 1447.04398314 1447.04398314 1447.04398314 1447.04398314 1447.04398314
 1447.04398314 1447.04398314 1447.04398314 1447.04398314 1447.04398314
 1447.04398314 1447.04398314 1447.04398314 1447.04398314 1447.04398314
 1446.89166249 1446.89166249 1446.89166249 1446.89166249 1446.89166249
 1446.89166249 1446.89166249 1446.89166249 1446.89166249 1446.89166249
 1446.89166249 1446.89166249 1446.89166249 1446.89166249 1446.89166249
 1446.89166249 1446.89166249 1446.89166249 1446.89166249 1446.89166249
 1446.89166249 1446.89166249 1446.89166249 1446.89166249 1446.89166249
 1446.89166249 1446.89166249 1446.89166249 1446.89166249 1446.89166249
 1446.89166249 1446.89166249 1446.89166249 1445.92827504 1445.92827504
 1445.92827504 1445.92827504 1445.92827504 1445.92827504 1445.92827504
 1445.92827504 1445.92827504 1445.92827504 1445.92827504 1445.92827504
 1445.92827504 1445.92827504 1445.92827504 1445.92827504 1445.92827504
 1445.92827504 1445.92827504 1445.92827504 1445.92827504 1445.92827504
 1445.92827504 1445.92827504 1445.92827504 1445.92827504 1445.92827504
 1445.92827504 1445.92827504 1445.92827504 1445.92827504 1445.92827504
 1445.92827504 1445.92827504 1445.92827504 1445.92827504 1445.92827504
 1445.92827504 1445.92827504 1445.92827504 1445.92827504 1445.92827504
 1445.92827504 1445.92827504 1445.92827504 1445.92827504 1445.92827504
 1445.92827504 1445.92827504 1445.92827504 1445.92827504 1445.92827504
 1445.92827504 1445.92827504 1445.92827504 1445.92827504 1445.92827504
 1445.92827504 1445.92827504 1445.92827504 1445.92827504 1445.92827504
 1445.92827504 1445.92827504 1445.92827504 1445.92827504 1445.92827504
 1445.92827504 1445.92827504 1445.92827504 1445.92827504 1445.92827504
 1445.92827504 1445.92827504 1445.92827504 1445.92827504 1445.92827504
 1445.92827504 1445.92827504 1445.92827504 1445.92827504 1445.92827504
 1445.92827504 1445.92827504 1445.92827504 1445.92827504 1445.92827504
 1445.92827504 1444.26379304 1444.26379304 1444.26379304 1444.26379304
 1444.26379304 1444.26379304 1444.26379304 1444.26379304 1444.26379304
 1444.26379304 1444.26379304 1444.26379304 1444.26379304 1444.26379304
 1444.26379304 1444.26379304 1444.26379304 1444.26379304 1444.26379304
 1444.26379304 1444.26379304 1444.26379304 1444.26379304 1444.26379304
 1444.26379304 1444.26379304 1444.26379304 1444.26379304 1444.26379304
 1444.26379304 1444.26379304 1444.26379304 1444.26379304 1444.26379304
 1444.26379304 1444.26379304 1444.26379304 1444.26379304 1444.26379304
 1444.26379304 1444.26379304 1444.26379304 1444.26379304 1444.26379304
 1444.26379304 1444.26379304 1444.26379304 1444.26379304 1444.26379304
 1444.26379304 1444.26379304 1444.26379304 1444.26379304 1444.26379304
 1444.26379304 1444.26379304 1444.26379304 1444.26379304 1444.26379304
 1444.26379304 1444.26379304 1444.26379304 1444.26379304 1444.26379304
 1444.26379304 1444.26379304 1444.26379304 1444.26379304 1444.26379304
 1444.26379304 1444.26379304 1444.26379304 1444.26379304 1444.26379304
 1444.26379304 1444.26379304 1444.26379304 1444.26379304 1444.26379304
 1444.26379304 1444.26379304 1444.26379304 1444.26379304 1444.26379304
 1444.26379304 1444.26379304 1444.26379304 1444.26379304 1444.26379304
 1444.26379304 1444.26379304 1444.26379304 1444.26379304 1444.26379304
 1444.26379304 1444.26379304 1444.26379304 1444.26379304 1444.26379304
 1444.26379304 1444.26379304 1444.26379304 1444.26379304 1444.26379304
 1444.26379304 1444.26379304 1444.26379304 1444.26379304 1444.26379304
 1444.26379304 1444.26379304 1444.26379304 1444.26379304 1444.26379304
 1444.26379304 1444.26379304 1428.76887167 1428.76887167 1428.76887167
 1428.76887167 1428.76887167 1428.76887167 1428.76887167 1428.76887167
 1428.76887167 1428.76887167 1428.76887167 1428.76887167 1428.76887167
 1428.76887167 1428.76887167 1428.76887167 1428.76887167 1428.76887167
 1428.76887167 1428.76887167 1428.76887167 1428.76887167 1428.76887167
 1428.76887167 1428.76887167 1428.76887167 1428.76887167 1428.76887167
 1428.76887167 1428.76887167 1428.76887167 1428.76887167 1428.76887167
 1428.76887167 1428.76887167 1428.76887167 1428.76887167 1428.76887167
 1428.76887167 1428.76887167 1428.76887167 1428.76887167 1428.76887167
 1428.76887167 1428.76887167 1428.76887167 1428.76887167 1428.76887167
 1428.76887167 1428.76887167 1428.76887167 1428.76887167 1428.76887167
 1428.76887167 1428.76887167 1428.76887167 1428.76887167 1428.76887167
 1428.76887167 1428.76887167 1428.76887167 1428.76887167 1428.76887167
 1428.76887167 1428.76887167 1428.76887167 1428.76887167 1428.76887167
 1428.76887167 1428.76887167 1428.76887167 1428.76887167 1428.76887167
 1428.76887167 1428.76887167 1428.76887167 1428.76887167 1428.76887167
 1428.76887167 1428.76887167 1428.76887167 1428.76887167 1428.76887167
 1428.76887167 1428.76887167 1428.76887167 1428.76887167 1428.76887167
 1428.76887167 1428.76887167 1428.76887167 1428.76887167 1428.76887167
 1428.76887167 1428.76887167 1428.76887167 1428.76887167 1428.76887167
 1428.76887167 1428.76887167 1428.76887167 1428.76887167 1428.76887167
 1428.76887167 1428.76887167 1428.76887167 1428.76887167 1428.76887167
 1428.76887167 1428.76887167 1428.76887167 1428.76887167 1428.76887167
 1428.76887167 1428.76887167 1428.76887167 1428.76887167 1428.76887167
 1428.76887167 1428.76887167 1428.76887167 1428.76887167 1428.76887167
 1428.76887167 1428.76887167 1428.76887167 1428.76887167 1428.76887167
 1428.76887167 1428.76887167 1428.76887167 1428.76887167 1428.76887167
 1428.76887167 1428.76887167 1428.76887167 1428.76887167 1428.76887167
 1428.76887167 1428.76887167 1428.76887167 1428.76887167 1428.76887167
 1428.76887167 1428.76887167 1428.76887167 1428.76887167 1428.76887167
 1428.76887167 1428.76887167 1428.76887167 1428.76887167 1428.76887167
 1428.76887167 1428.76887167 1428.76887167 1428.76887167 1428.76887167
 1428.76887167 1428.76887167 1428.76887167 1428.76887167 1428.76887167
 1428.76887167 1428.76887167 1428.76887167 1428.76887167 1428.76887167
 1428.76887167 1428.76887167 1428.76887167 1428.76887167 1428.76887167
 1428.76887167 1428.76887167 1428.76887167 1428.76887167 1428.76887167
 1428.76887167 1428.76887167 1428.76887167 1428.76887167 1428.76887167
 1428.76887167 1428.76887167 1428.76887167 1428.76887167 1428.76887167
 1428.76887167 1428.76887167 1428.76887167 1428.76887167 1428.76887167
 1428.76887167 1428.76887167 1428.76887167 1428.76887167 1428.76887167
 1428.76887167 1428.76887167 1428.76887167 1428.76887167 1428.76887167
 1428.76887167 1428.76887167 1428.76887167 1428.76887167 1428.76887167
 1428.76887167 1428.76887167 1428.76887167 1428.76887167 1428.76887167
 1428.76887167 1428.76887167 1428.76887167 1428.76887167 1428.76887167
 1428.76887167 1428.76887167 1428.76887167 1428.76887167 1428.76887167
 1428.76887167 1428.76887167 1428.76887167 1428.76887167 1428.76887167
 1428.76887167 1428.76887167 1428.76887167 1428.76887167 1428.76887167
 1428.76887167 1428.76887167 1428.76887167 1428.76887167 1428.76887167
 1428.76887167 1428.76887167 1428.76887167 1428.76887167 1428.76887167
 1428.76887167 1428.76887167 1428.76887167 1428.76887167 1428.76887167
 1428.76887167 1428.76887167 1428.76887167 1428.76887167 1428.76887167
 1428.76887167 1428.76887167 1428.76887167 1428.76887167 1428.76887167
 1428.76887167 1428.76887167 1428.76887167 1428.76887167 1428.76887167
 1428.76887167 1428.76887167 1428.76887167 1428.76887167 1428.76887167
 1428.76887167 1428.76887167 1428.76887167 1428.76887167 1428.76887167
 1428.76887167 1428.76887167 1428.76887167 1428.76887167 1428.76887167
 1428.76887167 1428.76887167 1428.76887167 1428.76887167 1428.76887167
 1428.76887167 1428.76887167 1428.76887167 1428.76887167 1428.76887167
 1428.76887167 1428.76887167 1428.76887167 1428.76887167 1428.76887167
 1428.76887167 1428.76887167 1428.76887167 1428.76887167 1428.76887167
 1428.76887167 1428.76887167 1428.76887167 1428.76887167 1428.76887167
 1428.76887167 1428.76887167 1428.76887167 1428.76887167 1428.76887167
 1428.76887167 1428.76887167 1428.76887167 1428.76887167 1428.76887167
 1428.76887167] 

Fitness stats feasible min: [3684.02685558 3602.34873472 3568.4342027  3568.4342027  3318.37368775
 3277.58954216 3277.58954216 3221.71291233 3142.23995614 3108.40545221
 3094.63358943 2997.03702418 2997.03702418 2865.46759068 2733.16062984
 2733.16062984 2733.16062984 2733.16062984 2733.16062984 2733.16062984
 2689.35686747 2663.77434627 2663.77434627 2621.75053727 2621.75053727
 2621.75053727 2621.75053727 2621.75053727 2620.86013818 2598.22680347
 2477.32509493 2461.82100248 2461.82100248 2461.82100248 2461.82100248
 2410.5256264  2409.05649182 2409.05649182 2348.15533863 2348.15533863
 2295.39030736 2295.39030736 2275.17103129 2275.17103129 2199.04701535
 2199.04701535 2199.04701535 2199.04701535 2182.66570983 2159.67219919
 2159.67219919 2146.61460977 2146.61460977 2146.46759615 2145.41370246
 2145.41370246 2125.74115275 2112.83110794 2112.83110794 2103.02594185
 2103.02594185 2085.4957825  2085.4957825  2085.4957825  2085.4957825
 2085.4957825  2074.53437043 2074.53437043 2070.67727106 2060.87210497
 2060.87210497 2060.87210497 2054.18708558 2054.18708558 2054.18708558
 2054.18708558 2010.53685211 2010.53685211 2010.53685211 2010.53685211
 2007.81536608 2007.81536608 2007.81536608 1993.12806057 1993.12806057
 1993.12806057 1993.12806057 1993.12806057 1993.12806057 1993.12806057
 1993.12806057 1993.12806057 1993.12806057 1993.12806057 1993.12806057
 1993.12806057 1993.12806057 1993.12806057 1993.12806057 1993.12806057
 1993.12806057 1946.98916949 1946.98916949 1946.98916949 1943.45704953
 1918.7713082  1918.7713082  1918.7713082  1918.7713082  1918.7713082
 1918.7713082  1918.7713082  1910.66165428 1910.66165428 1910.66165428
 1893.63234005 1893.63234005 1893.27866926 1893.27866926 1879.39029386
 1879.39029386 1879.39029386 1879.39029386 1863.08651559 1856.27564537
 1856.27564537 1856.27564537 1850.0188461  1850.0188461  1850.0188461
 1850.0188461  1838.46712342 1838.46712342 1838.46712342 1838.46712342
 1838.46712342 1838.46712342 1826.25860012 1826.25860012 1826.25860012
 1826.25860012 1826.25860012 1826.25860012 1803.92645955 1803.92645955
 1803.92645955 1803.92645955 1795.52803303 1785.67810232 1785.67810232
 1785.67810232 1764.2371437  1764.2371437  1764.2371437  1734.18049077
 1734.18049077 1733.06219924 1733.06219924 1733.06219924 1720.02432633
 1720.02432633 1708.81001481 1708.81001481 1708.81001481 1708.81001481
 1679.50119897 1679.50119897 1679.50119897 1679.50119897 1679.50119897
 1679.50119897 1679.50119897 1679.50119897 1672.7524032  1672.7524032
 1672.7524032  1672.7524032  1667.26493318 1667.26493318 1667.26493318
 1655.81562713 1655.81562713 1648.44292729 1643.57936135 1643.57936135
 1636.2066615  1636.2066615  1636.2066615  1636.2066615  1636.2066615
 1636.2066615  1636.2066615  1636.2066615  1621.67546083 1621.67546083
 1621.67546083 1621.67546083 1618.12231663 1618.12231663 1618.12231663
 1618.12231663 1618.12231663 1618.12231663 1618.12231663 1618.12231663
 1618.12231663 1618.12231663 1618.12231663 1618.12231663 1618.12231663
 1600.39697818 1600.39697818 1600.39697818 1600.39697818 1600.39697818
 1600.39697818 1600.39697818 1600.39697818 1600.39697818 1592.40636686
 1592.40636686 1592.40636686 1592.40636686 1592.40636686 1592.40636686
 1592.40361257 1581.64984695 1581.64984695 1581.64984695 1581.64984695
 1581.64984695 1581.64984695 1581.64984695 1581.64984695 1581.64984695
 1581.64984695 1573.65923563 1573.65923563 1573.65923563 1561.64455032
 1561.64455032 1561.64455032 1561.64455032 1555.37333907 1555.37333907
 1555.37333907 1553.60792217 1553.60792217 1553.60792217 1553.60792217
 1553.60792217 1553.60792217 1553.60792217 1553.60792217 1553.60792217
 1553.60792217 1553.60792217 1553.60792217 1553.60792217 1553.60792217
 1553.60792217 1551.77608579 1551.77608579 1544.81218796 1544.81218796
 1544.81218796 1544.81218796 1544.81218796 1544.81218796 1544.81218796
 1544.81218796 1544.81218796 1544.81218796 1544.81218796 1544.81218796
 1544.81218796 1544.81218796 1544.81218796 1544.81218796 1535.05555837
 1535.05555837 1521.71093264 1521.71093264 1521.71093264 1521.71093264
 1521.71093264 1513.9293663  1513.9293663  1513.9293663  1513.9293663
 1513.9293663  1513.9293663  1513.9293663  1513.9293663  1513.9293663
 1513.9293663  1513.9293663  1513.9293663  1513.9293663  1513.9293663
 1513.9293663  1513.9293663  1513.9293663  1510.78483135 1510.78483135
 1510.78483135 1510.78483135 1510.78483135 1510.78483135 1510.78483135
 1510.78483135 1510.78483135 1510.78483135 1510.78483135 1510.78483135
 1510.78483135 1510.78483135 1510.78483135 1510.78483135 1510.78483135
 1510.78483135 1510.78483135 1510.78483135 1510.78483135 1510.78483135
 1510.78483135 1510.78483135 1464.17232627 1464.17232627 1464.17232627
 1464.17232627 1464.17232627 1464.17232627 1464.17232627 1464.17232627
 1464.17232627 1464.17232627 1464.17232627 1464.17232627 1464.17232627
 1464.17232627 1464.17232627 1464.17232627 1464.17232627 1464.17232627
 1464.17232627 1464.17232627 1456.39075993 1456.39075993 1456.39075993
 1456.39075993 1456.39075993 1456.39075993 1456.39075993 1456.39075993
 1456.39075993 1456.39075993 1456.39075993 1456.39075993 1456.39075993
 1449.76245623 1449.76245623 1449.76245623 1449.76245623 1449.76245623
 1449.76245623 1449.76245623 1449.76245623 1449.76245623 1449.76245623
 1449.76245623 1449.76245623 1449.76245623 1449.76245623 1449.76245623
 1449.76245623 1449.76245623 1449.76245623 1449.76245623 1449.76245623
 1449.76245623 1449.76245623 1447.04398314 1447.04398314 1447.04398314
 1447.04398314 1447.04398314 1447.04398314 1447.04398314 1447.04398314
 1447.04398314 1447.04398314 1447.04398314 1447.04398314 1447.04398314
 1447.04398314 1447.04398314 1447.04398314 1447.04398314 1447.04398314
 1447.04398314 1447.04398314 1447.04398314 1447.04398314 1447.04398314
 1447.04398314 1447.04398314 1447.04398314 1447.04398314 1447.04398314
 1447.04398314 1447.04398314 1447.04398314 1447.04398314 1447.04398314
 1447.04398314 1447.04398314 1447.04398314 1447.04398314 1447.04398314
 1447.04398314 1447.04398314 1447.04398314 1447.04398314 1447.04398314
 1447.04398314 1447.04398314 1447.04398314 1447.04398314 1447.04398314
 1447.04398314 1447.04398314 1447.04398314 1447.04398314 1447.04398314
 1447.04398314 1447.04398314 1447.04398314 1447.04398314 1447.04398314
 1447.04398314 1447.04398314 1447.04398314 1447.04398314 1447.04398314
 1447.04398314 1447.04398314 1447.04398314 1447.04398314 1447.04398314
 1446.89166249 1446.89166249 1446.89166249 1446.89166249 1446.89166249
 1446.89166249 1446.89166249 1446.89166249 1446.89166249 1446.89166249
 1446.89166249 1446.89166249 1446.89166249 1446.89166249 1446.89166249
 1446.89166249 1446.89166249 1446.89166249 1446.89166249 1446.89166249
 1446.89166249 1446.89166249 1446.89166249 1446.89166249 1446.89166249
 1446.89166249 1446.89166249 1446.89166249 1446.89166249 1446.89166249
 1446.89166249 1446.89166249 1446.89166249 1445.92827504 1445.92827504
 1445.92827504 1445.92827504 1445.92827504 1445.92827504 1445.92827504
 1445.92827504 1445.92827504 1445.92827504 1445.92827504 1445.92827504
 1445.92827504 1445.92827504 1445.92827504 1445.92827504 1445.92827504
 1445.92827504 1445.92827504 1445.92827504 1445.92827504 1445.92827504
 1445.92827504 1445.92827504 1445.92827504 1445.92827504 1445.92827504
 1445.92827504 1445.92827504 1445.92827504 1445.92827504 1445.92827504
 1445.92827504 1445.92827504 1445.92827504 1445.92827504 1445.92827504
 1445.92827504 1445.92827504 1445.92827504 1445.92827504 1445.92827504
 1445.92827504 1445.92827504 1445.92827504 1445.92827504 1445.92827504
 1445.92827504 1445.92827504 1445.92827504 1445.92827504 1445.92827504
 1445.92827504 1445.92827504 1445.92827504 1445.92827504 1445.92827504
 1445.92827504 1445.92827504 1445.92827504 1445.92827504 1445.92827504
 1445.92827504 1445.92827504 1445.92827504 1445.92827504 1445.92827504
 1445.92827504 1445.92827504 1445.92827504 1445.92827504 1445.92827504
 1445.92827504 1445.92827504 1445.92827504 1445.92827504 1445.92827504
 1445.92827504 1445.92827504 1445.92827504 1445.92827504 1445.92827504
 1445.92827504 1445.92827504 1445.92827504 1445.92827504 1445.92827504
 1445.92827504 1444.26379304 1444.26379304 1444.26379304 1444.26379304
 1444.26379304 1444.26379304 1444.26379304 1444.26379304 1444.26379304
 1444.26379304 1444.26379304 1444.26379304 1444.26379304 1444.26379304
 1444.26379304 1444.26379304 1444.26379304 1444.26379304 1444.26379304
 1444.26379304 1444.26379304 1444.26379304 1444.26379304 1444.26379304
 1444.26379304 1444.26379304 1444.26379304 1444.26379304 1444.26379304
 1444.26379304 1444.26379304 1444.26379304 1444.26379304 1444.26379304
 1444.26379304 1444.26379304 1444.26379304 1444.26379304 1444.26379304
 1444.26379304 1444.26379304 1444.26379304 1444.26379304 1444.26379304
 1444.26379304 1444.26379304 1444.26379304 1444.26379304 1444.26379304
 1444.26379304 1444.26379304 1444.26379304 1444.26379304 1444.26379304
 1444.26379304 1444.26379304 1444.26379304 1444.26379304 1444.26379304
 1444.26379304 1444.26379304 1444.26379304 1444.26379304 1444.26379304
 1444.26379304 1444.26379304 1444.26379304 1444.26379304 1444.26379304
 1444.26379304 1444.26379304 1444.26379304 1444.26379304 1444.26379304
 1444.26379304 1444.26379304 1444.26379304 1444.26379304 1444.26379304
 1444.26379304 1444.26379304 1444.26379304 1444.26379304 1444.26379304
 1444.26379304 1444.26379304 1444.26379304 1444.26379304 1444.26379304
 1444.26379304 1444.26379304 1444.26379304 1444.26379304 1444.26379304
 1444.26379304 1444.26379304 1444.26379304 1444.26379304 1444.26379304
 1444.26379304 1444.26379304 1444.26379304 1444.26379304 1444.26379304
 1444.26379304 1444.26379304 1444.26379304 1444.26379304 1444.26379304
 1444.26379304 1444.26379304 1444.26379304 1444.26379304 1444.26379304
 1444.26379304 1444.26379304 1428.76887167 1428.76887167 1428.76887167
 1428.76887167 1428.76887167 1428.76887167 1428.76887167 1428.76887167
 1428.76887167 1428.76887167 1428.76887167 1428.76887167 1428.76887167
 1428.76887167 1428.76887167 1428.76887167 1428.76887167 1428.76887167
 1428.76887167 1428.76887167 1428.76887167 1428.76887167 1428.76887167
 1428.76887167 1428.76887167 1428.76887167 1428.76887167 1428.76887167
 1428.76887167 1428.76887167 1428.76887167 1428.76887167 1428.76887167
 1428.76887167 1428.76887167 1428.76887167 1428.76887167 1428.76887167
 1428.76887167 1428.76887167 1428.76887167 1428.76887167 1428.76887167
 1428.76887167 1428.76887167 1428.76887167 1428.76887167 1428.76887167
 1428.76887167 1428.76887167 1428.76887167 1428.76887167 1428.76887167
 1428.76887167 1428.76887167 1428.76887167 1428.76887167 1428.76887167
 1428.76887167 1428.76887167 1428.76887167 1428.76887167 1428.76887167
 1428.76887167 1428.76887167 1428.76887167 1428.76887167 1428.76887167
 1428.76887167 1428.76887167 1428.76887167 1428.76887167 1428.76887167
 1428.76887167 1428.76887167 1428.76887167 1428.76887167 1428.76887167
 1428.76887167 1428.76887167 1428.76887167 1428.76887167 1428.76887167
 1428.76887167 1428.76887167 1428.76887167 1428.76887167 1428.76887167
 1428.76887167 1428.76887167 1428.76887167 1428.76887167 1428.76887167
 1428.76887167 1428.76887167 1428.76887167 1428.76887167 1428.76887167
 1428.76887167 1428.76887167 1428.76887167 1428.76887167 1428.76887167
 1428.76887167 1428.76887167 1428.76887167 1428.76887167 1428.76887167
 1428.76887167 1428.76887167 1428.76887167 1428.76887167 1428.76887167
 1428.76887167 1428.76887167 1428.76887167 1428.76887167 1428.76887167
 1428.76887167 1428.76887167 1428.76887167 1428.76887167 1428.76887167
 1428.76887167 1428.76887167 1428.76887167 1428.76887167 1428.76887167
 1428.76887167 1428.76887167 1428.76887167 1428.76887167 1428.76887167
 1428.76887167 1428.76887167 1428.76887167 1428.76887167 1428.76887167
 1428.76887167 1428.76887167 1428.76887167 1428.76887167 1428.76887167
 1428.76887167 1428.76887167 1428.76887167 1428.76887167 1428.76887167
 1428.76887167 1428.76887167 1428.76887167 1428.76887167 1428.76887167
 1428.76887167 1428.76887167 1428.76887167 1428.76887167 1428.76887167
 1428.76887167 1428.76887167 1428.76887167 1428.76887167 1428.76887167
 1428.76887167 1428.76887167 1428.76887167 1428.76887167 1428.76887167
 1428.76887167 1428.76887167 1428.76887167 1428.76887167 1428.76887167
 1428.76887167 1428.76887167 1428.76887167 1428.76887167 1428.76887167
 1428.76887167 1428.76887167 1428.76887167 1428.76887167 1428.76887167
 1428.76887167 1428.76887167 1428.76887167 1428.76887167 1428.76887167
 1428.76887167 1428.76887167 1428.76887167 1428.76887167 1428.76887167
 1428.76887167 1428.76887167 1428.76887167 1428.76887167 1428.76887167
 1428.76887167 1428.76887167 1428.76887167 1428.76887167 1428.76887167
 1428.76887167 1428.76887167 1428.76887167 1428.76887167 1428.76887167
 1428.76887167 1428.76887167 1428.76887167 1428.76887167 1428.76887167
 1428.76887167 1428.76887167 1428.76887167 1428.76887167 1428.76887167
 1428.76887167 1428.76887167 1428.76887167 1428.76887167 1428.76887167
 1428.76887167 1428.76887167 1428.76887167 1428.76887167 1428.76887167
 1428.76887167 1428.76887167 1428.76887167 1428.76887167 1428.76887167
 1428.76887167 1428.76887167 1428.76887167 1428.76887167 1428.76887167
 1428.76887167 1428.76887167 1428.76887167 1428.76887167 1428.76887167
 1428.76887167 1428.76887167 1428.76887167 1428.76887167 1428.76887167
 1428.76887167 1428.76887167 1428.76887167 1428.76887167 1428.76887167
 1428.76887167 1428.76887167 1428.76887167 1428.76887167 1428.76887167
 1428.76887167 1428.76887167 1428.76887167 1428.76887167 1428.76887167
 1428.76887167 1428.76887167 1428.76887167 1428.76887167 1428.76887167
 1428.76887167 1428.76887167 1428.76887167 1428.76887167 1428.76887167
 1428.76887167 1428.76887167 1428.76887167 1428.76887167 1428.76887167
 1428.76887167 1428.76887167 1428.76887167 1428.76887167 1428.76887167
 1428.76887167 1428.76887167 1428.76887167 1428.76887167 1428.76887167
 1428.76887167 1428.76887167 1428.76887167 1428.76887167 1428.76887167
 1428.76887167 1428.76887167 1428.76887167 1428.76887167 1428.76887167
 1428.76887167 1428.76887167 1428.76887167 1428.76887167 1428.76887167
 1428.76887167 1428.76887167 1428.76887167 1428.76887167 1428.76887167
 1428.76887167 1428.76887167 1428.76887167 1428.76887167 1428.76887167
 1428.76887167] 

Fitness stats avg: [4071.49547174 3964.61654339 3876.96676324 3810.0362673  3738.88411402
 3688.92857159 3641.01074124 3576.99452501 3535.30582333 3441.49407187
 3390.32192771 3318.44907706 3267.0546905  3242.90635991 3193.59842517
 3143.60870706 3094.54655645 3090.57961437 3026.070789   2986.97499574
 2958.49325019 2921.91676041 2881.79526562 2877.08184757 2880.26961066
 2840.77496513 2844.50031279 2826.61572426 2831.28527339 2777.0946136
 2759.69760292 2755.24610366 2722.6844239  2692.35417481 2636.11649663
 2636.53855235 2617.28639546 2583.64231358 2535.98091958 2525.5520207
 2490.71747307 2446.33790466 2418.98884731 2408.9859269  2372.87323791
 2353.86636829 2334.32427092 2310.66501435 2300.23535734 2280.17111056
 2278.15682167 2266.7992456  2261.6899548  2230.20870267 2221.40775391
 2216.42699829 2209.83836592 2187.81176979 2188.73781678 2180.24322195
 2164.29195373 2170.55369896 2162.18084983 2152.81636058 2155.41324228
 2154.41236878 2137.70891754 2120.63742477 2120.83985855 2118.87351217
 2105.46347023 2126.96295148 2121.49066409 2125.86601229 2149.83572002
 2113.78607685 2106.50492554 2088.42944201 2089.50785001 2062.31689673
 2067.53648412 2054.36394491 2039.67687419 2033.95275511 2025.5952107
 2031.48875414 2018.22783783 2021.77781986 2022.10075771 2012.98812191
 2019.6516081  2017.16892605 2018.13677245 2020.65771674 2016.19816332
 2019.39678094 2013.57289742 1997.59837245 1987.40967248 1982.71194948
 1967.29861982 1956.42426625 1954.97009212 1945.34360141 1935.76115621
 1960.32076037 1942.14926935 1961.26575701 1938.05076992 1951.99584799
 1948.18926583 1936.6296429  1925.31029967 1934.11955553 1925.47406414
 1919.65934367 1931.1443185  1919.67367596 1920.45402617 1937.25113545
 1907.24587077 1924.98336395 1935.27025868 1930.74775111 1945.19666783
 1935.77640435 1928.02138345 1932.04017374 1936.35753103 1929.64877043
 1915.7103695  1875.59773151 1896.80867337 1885.49685907 1889.38908164
 1889.40394526 1878.89524501 1883.16383638 1871.04009449 1875.43481342
 1860.49919112 1872.04316    1865.19280226 1877.64831658 1868.01601435
 1860.84482988 1857.98229534 1850.3852057  1843.36592135 1839.7044987
 1842.76981325 1842.51244559 1841.80087313 1833.54171556 1837.82403491
 1833.46514616 1812.80815392 1828.88106728 1798.17324003 1818.97629742
 1806.02613661 1802.30676167 1782.57656414 1780.24609685 1785.18885255
 1770.0086338  1759.8624331  1777.22443365 1739.48235729 1753.07625477
 1746.14585528 1787.88199803 1796.84193211 1796.84218986 1734.90101821
 1725.50480765 1726.01543206 1721.18863466 1716.87542148 1715.15952102
 1707.21198369 1707.58523102 1713.88231707 1740.46026911 1713.26005278
 1740.51894838 1727.27116534 1738.21508185 1729.609816   1729.05876998
 1722.86150769 1727.42319095 1705.95003059 1678.50929311 1688.75773643
 1693.39693409 1665.56383051 1670.02654732 1667.88856657 1681.17982052
 1663.92690201 1672.6604809  1643.16134689 1661.18345355 1648.17315537
 1656.87093392 1662.36421576 1667.45168798 1676.64153408 1641.21881735
 1652.76525412 1649.56812128 1654.22543582 1660.61975653 1654.78878838
 1671.32644757 1647.00910759 1659.19287984 1623.4370425  1629.93332342
 1647.29588924 1622.3549987  1618.32142668 1628.11529542 1608.53500837
 1618.13115383 1624.51999009 1614.34377547 1608.45005745 1629.94866273
 1613.75627671 1617.46910169 1628.96717761 1640.0462022  1639.92666354
 1657.43126394 1638.22454907 1624.74517852 1641.67738961 1630.17788195
 1648.32271787 1644.0880074  1626.32649008 1618.20035736 1625.22878115
 1606.26200378 1621.76006958 1589.71054146 1592.84970446 1609.57913689
 1598.58757169 1606.02372961 1598.23644946 1606.18370094 1577.36462335
 1585.66204617 1586.85207326 1594.64510474 1587.81638517 1595.46708209
 1582.33226427 1592.12382959 1599.4725335  1602.91871697 1593.08408607
 1593.34928387 1586.15579438 1587.91810948 1586.18087233 1591.38375457
 1583.68331664 1577.76445423 1589.75324048 1605.00549434 1582.96410796
 1568.9492256  1582.77290986 1573.23186755 1597.64800953 1591.64440864
 1590.43297208 1609.68554123 1562.23574324 1571.43719603 1557.92572018
 1562.46475479 1550.13127956 1565.08754395 1560.55947201 1560.69878669
 1554.85663918 1569.33871168 1570.53819427 1571.17360181 1558.26339266
 1549.71847127 1559.57484462 1548.35606601 1553.90337699 1559.79346061
 1558.32457281 1545.83327809 1552.67818099 1581.29592709 1576.30555534
 1579.99910235 1572.00658966 1592.62873906 1572.0954212  1567.2394235
 1577.97641505 1533.98020112 1526.69174468 1563.77377407 1539.62249659
 1534.87503725 1553.20088689 1549.87261198 1545.25781374 1554.41616562
 1536.1076934  1551.73535407 1533.36077688 1536.75477659 1521.42207326
 1528.03281505 1536.7342275  1522.05857108 1509.19203401 1514.15901095
 1503.60145201 1522.27617567 1500.1056697  1502.44126983 1479.48202059
 1497.79651223 1500.84944739 1504.16202648 1502.56865197 1518.28173988
 1486.68652625 1491.94877785 1503.09598502 1503.84888394 1508.64622514
 1491.40747132 1490.0653938  1500.41975702 1502.39446546 1515.21085338
 1505.9698827  1497.47426446 1505.6374989  1514.17851018 1511.76870681
 1493.97182774 1489.76197437 1503.37995682 1474.42393358 1479.51901103
 1485.447408   1490.23704236 1492.46815055 1507.56510656 1482.6225192
 1489.21915882 1497.81688478 1484.50445507 1484.53747512 1491.70542319
 1500.57853372 1510.36185725 1490.90655801 1493.05927993 1484.47937463
 1489.95556362 1478.83626253 1511.03714129 1497.43070697 1487.36998561
 1483.17833796 1494.91120053 1494.7761121  1493.33744573 1506.56445774
 1482.43568511 1480.99307056 1487.02809738 1482.71745662 1475.69617557
 1484.56800051 1490.06444192 1475.55623481 1508.77706351 1496.42990466
 1499.78801275 1499.96638849 1481.21132118 1489.84759391 1494.16937729
 1485.6495188  1485.04643035 1509.72545516 1481.94256233 1490.02412232
 1488.485847   1483.46467976 1471.16084211 1495.44370764 1484.47601171
 1481.1651739  1488.33010351 1489.29199835 1486.59421785 1467.19066515
 1484.36188088 1499.33998232 1506.07631526 1495.14030071 1480.06426042
 1504.94285933 1485.29666224 1482.78064616 1468.59509997 1499.15780897
 1489.68828031 1490.67903798 1494.21365558 1485.23312768 1481.10712375
 1494.44486702 1483.02249826 1479.10069609 1476.35867214 1478.67222816
 1494.6803307  1483.82115866 1478.39755739 1490.91471979 1484.52361453
 1469.62760015 1479.94948307 1509.85383621 1488.91769834 1471.69198792
 1502.41345107 1491.82641104 1480.77850645 1473.06096028 1493.29207479
 1508.40123155 1479.17871255 1478.24244881 1481.29169284 1494.52728855
 1495.03471332 1479.84921691 1488.13265256 1484.00036347 1481.34175429
 1484.4152547  1479.5525457  1469.86285893 1481.65063066 1478.40137991
 1484.2287714  1488.06031659 1475.09021427 1488.0311472  1492.37542447
 1494.68738106 1473.56312683 1498.97302    1476.37356247 1505.15661442
 1496.91501582 1497.36504983 1486.66471362 1484.32981916 1472.58000472
 1484.70409224 1497.39147246 1481.07859757 1492.17159338 1481.0301046
 1490.57534913 1504.94164461 1487.58148508 1506.42732108 1497.68403019
 1514.96120119 1508.52343365 1510.79774197 1513.18800414 1489.91080785
 1501.98454786 1481.74522782 1472.04148765 1487.1435443  1499.15664098
 1473.62321041 1484.03060928 1489.21513151 1487.98466239 1494.56008641
 1502.75763242 1478.03341478 1497.90634193 1493.54674115 1474.17766665
 1471.58391462 1478.45980914 1486.64528021 1487.09872665 1500.07377066
 1487.81760332 1458.1198193  1491.66986902 1474.59869092 1468.72665279
 1505.12150297 1505.38519732 1501.08255151 1484.78047911 1486.38264685
 1475.77424794 1501.81622569 1487.60611964 1477.59025948 1502.83530602
 1478.89975185 1500.84767479 1499.64679695 1510.62573871 1486.94702736
 1497.07509399 1504.98789686 1483.15047009 1480.35612637 1478.1247214
 1499.52678489 1481.91167122 1479.93269953 1480.9705448  1475.62245042
 1472.13275104 1494.87653336 1480.23391865 1494.92491048 1489.24901606
 1499.72312724 1480.97860525 1486.80003921 1461.50970697 1490.18341533
 1504.71265305 1501.18112058 1486.54244275 1481.50543101 1485.47757382
 1500.75749411 1469.81840449 1466.45358286 1473.76146814 1490.97385293
 1478.35730639 1481.6792097  1481.70017741 1495.04414222 1496.40039853
 1509.25939596 1482.30740301 1503.49017389 1491.17693353 1487.54333946
 1514.32031387 1493.90887987 1477.16145782 1474.29943262 1481.97505904
 1485.37521789 1487.61578687 1485.61386287 1469.93220217 1493.5708435
 1480.70068404 1484.70122653 1491.63022495 1472.04466453 1469.6418922
 1477.77777258 1483.99096433 1500.80245657 1487.11649307 1501.26921887
 1487.56265991 1503.21363043 1479.88315553 1480.27774465 1488.54340764
 1484.37163267 1506.30903455 1494.17628875 1487.84918338 1473.58121856
 1475.43524492 1487.54917274 1473.7913569  1467.42134597 1483.85884556
 1490.30040591 1496.66222352 1490.36396609 1479.53187161 1475.69314671
 1466.9799624  1479.80914202 1471.37585902 1486.32441902 1483.11643943
 1480.14374722 1485.77385006 1496.53709322 1474.64480701 1477.08239626
 1464.49161821 1458.34739119 1481.32899066 1476.03697215 1479.93245033
 1503.04619092 1492.78554419 1496.92136884 1486.74414336 1487.05619784
 1479.41597779 1489.53002153 1467.90846969 1490.31205456 1490.69910823
 1480.9239229  1490.24531738 1482.80781251 1466.79776444 1478.01714552
 1466.04331115 1470.53825677 1475.69393323 1492.49291889 1479.60815536
 1478.12962415 1472.85362118 1461.33991408 1483.62053057 1496.24532642
 1497.06355268 1479.95519621 1484.39993569 1485.1815209  1491.21242413
 1492.35928283 1480.67969439 1487.48817738 1488.4982975  1487.80739254
 1484.59034898 1481.81838619 1489.36384145 1511.89797598 1486.77366867
 1490.42622854 1492.54830081 1473.23290435 1481.67927234 1482.07676252
 1477.78460719 1472.19166269 1482.41495458 1478.01243618 1487.01797598
 1464.3785447  1465.36160468 1495.79844534 1495.00800713 1486.17944152
 1476.81245768 1471.06575221 1465.25842606 1487.02784116 1498.21865866
 1473.16659274 1470.20608794 1467.64230105 1484.62705909 1480.52044502
 1461.13839128 1491.20459026 1493.54682549 1461.06929787 1478.77514879
 1464.32327629 1461.69707423 1468.82424784 1476.85320692 1469.06546516
 1476.82478469 1460.46286735 1455.883177   1482.18501016 1482.5569313
 1466.19086757 1465.29796446 1490.1291316  1458.31915525 1450.93811267
 1471.40788585 1469.8816758  1472.94441254 1479.36020789 1472.88831499
 1482.25903455 1465.37917718 1459.79486472 1474.10418697 1468.02371764
 1465.95976353 1458.91408007 1474.58797591 1481.47428101 1495.62679259
 1475.83980182 1455.36816502 1462.92138626 1476.62906796 1471.99781982
 1488.58094552 1468.84208383 1456.17817499 1465.30076952 1457.30444258
 1464.7384379  1465.46611795 1463.79725131 1459.18331817 1476.52563722
 1469.57438572 1471.40250911 1471.42033621 1495.28297937 1461.04981238
 1457.83459688 1471.96051562 1457.45857722 1459.14922409 1464.56008546
 1458.43548108 1465.74957274 1474.11126248 1487.63236948 1470.48380251
 1454.17535639 1447.80152305 1453.71243884 1478.85222322 1479.00591476
 1475.28443989 1476.10786009 1477.8045317  1474.64361581 1457.85056469
 1479.12220487 1479.09210843 1492.55426859 1477.76075548 1466.35341547
 1467.18141177 1471.08851323 1459.75152708 1481.95546416 1475.00729057
 1480.76642677 1471.56485922 1462.67949716 1481.10404175 1457.75553148
 1486.39712943 1464.47244691 1475.94401213 1477.71216273 1470.15797508
 1475.63952714 1478.96100729 1461.67090136 1463.43209902 1479.61086138
 1465.54616169 1466.98956765 1474.31657123 1478.88819579 1481.14071414
 1477.80658077 1462.14759122 1447.63040633 1465.91114344 1456.61123208
 1470.54256051 1474.20759413 1458.9270637  1477.23241419 1488.31803735
 1466.07042676 1452.50265111 1471.46264304 1456.46630485 1481.28089776
 1491.66513861 1486.94746081 1486.40608137 1474.17327519 1474.19134754
 1485.87351346 1473.07047836 1467.70546943 1478.21294307 1480.46668096
 1474.58569738 1461.3678278  1462.62083288 1454.67578336 1476.26372648
 1473.47077186 1478.77650757 1461.0115852  1470.05670121 1469.42463168
 1481.76255105 1483.75426332 1470.52707985 1497.21536329 1471.96445032
 1463.22341273 1475.66660861 1459.15602038 1469.03851742 1482.63331265
 1465.60906247 1470.83752259 1475.06630089 1453.1031942  1484.80256318
 1471.83799944 1471.11408364 1457.70462664 1471.5959276  1489.50225039
 1473.24316246 1460.5591825  1461.58423624 1461.45111363 1462.54335862
 1467.13199017 1463.28690136 1483.81201419 1477.31812235 1476.97404413
 1473.25966259 1476.67318892 1473.27036571 1478.2550858  1474.31101633
 1468.12917353 1480.46209068 1471.40702331 1490.2053385  1461.96661449
 1455.45416513 1465.47700506 1457.96049428 1459.66899217 1460.62394956
 1452.82077342 1466.34710949 1475.79907238 1473.54178448 1472.20039128
 1458.95736064 1458.0010991  1450.60143922 1467.25697169 1486.50542036
 1488.94814338 1462.52619498 1456.23851816 1457.60956989 1468.72338776
 1472.71870905 1477.42275803 1457.15759685 1473.77884397 1481.39485732
 1476.65515907 1485.43205918 1486.10040704 1485.33471992 1468.86536011
 1489.91106825 1461.8683549  1469.50386828 1466.49011827 1464.01254507
 1467.72574997 1460.92113066 1458.84962356 1464.43815605 1473.17132658
 1461.31898905 1473.7375515  1447.81970357 1467.48074686 1473.60263194
 1488.57208752 1450.75741272 1468.95145952 1468.77557362 1472.56373442
 1456.37178856 1473.67300624 1454.90596231 1506.35342273 1491.57690785
 1481.81529919 1463.56056831 1473.91336701 1469.03123261 1462.53891618
 1464.73407323 1484.49664975 1495.26504496 1464.40822603 1462.2508672
 1470.26658579 1490.35627648 1487.60203026 1489.59159957 1463.75957118
 1475.06229735 1469.30136937 1484.94197312 1475.53412    1479.97759604
 1472.69135024 1475.96327718 1457.51561912 1467.45543397 1476.91682866
 1482.78368552 1484.51880661 1450.73591363 1474.35041727 1468.82713747
 1478.27740603 1459.05795431 1476.2982794  1484.35462865 1473.46720789
 1485.12998558 1495.5815125  1476.99064338 1473.54331178 1471.00984819
 1473.14425193 1466.14201978 1465.54004843 1476.80328731 1472.53813828
 1484.9113174  1464.89702258 1459.74594862 1472.84052637 1475.05281959
 1463.09851542 1486.18714637 1479.31016659 1457.53404405 1456.173549
 1475.39316421 1488.13146182 1491.7286026  1484.29255396 1484.67246433
 1470.92751129 1463.3010937  1462.64500357 1456.46979177 1483.00198412
 1473.40284391 1476.98709643 1477.92462402 1470.51209842 1480.8058383
 1476.0062277 ] 

Feasible stats: [(  0.,   0.) (  0., 100.) (  0., 100.) ( 61.,  39.) ( 61.,  39.)
 ( 47.,  53.) ( 47.,  53.) ( 53.,  47.) ( 53.,  47.) ( 32.,  68.)
 ( 32.,  68.) ( 55.,  45.) ( 55.,  45.) ( 51.,  49.) ( 51.,  49.)
 ( 52.,  48.) ( 52.,  48.) ( 57.,  43.) ( 57.,  43.) ( 52.,  48.)
 ( 52.,  48.) ( 56.,  44.) ( 56.,  44.) ( 68.,  32.) ( 68.,  32.)
 ( 54.,  46.) ( 54.,  46.) ( 58.,  42.) ( 58.,  42.) ( 69.,  31.)
 ( 69.,  31.) ( 75.,  25.) ( 75.,  25.) ( 70.,  30.) ( 70.,  30.)
 ( 65.,  35.) ( 65.,  35.) ( 70.,  30.) ( 70.,  30.) ( 79.,  21.)
 ( 79.,  21.) ( 80.,  20.) ( 80.,  20.) ( 78.,  22.) ( 78.,  22.)
 ( 74.,  26.) ( 74.,  26.) ( 73.,  27.) ( 73.,  27.) ( 83.,  17.)
 ( 83.,  17.) ( 89.,  11.) ( 89.,  11.) ( 89.,  11.) ( 89.,  11.)
 ( 91.,   9.) ( 91.,   9.) ( 95.,   5.) ( 95.,   5.) ( 96.,   4.)
 ( 96.,   4.) ( 94.,   6.) ( 94.,   6.) ( 93.,   7.) ( 93.,   7.)
 ( 80.,  20.) ( 80.,  20.) ( 70.,  30.) ( 70.,  30.) ( 65.,  35.)
 ( 65.,  35.) ( 51.,  49.) ( 51.,  49.) ( 43.,  57.) ( 43.,  57.)
 ( 49.,  51.) ( 49.,  51.) ( 74.,  26.) ( 74.,  26.) ( 56.,  44.)
 ( 56.,  44.) ( 61.,  39.) ( 61.,  39.) ( 69.,  31.) ( 69.,  31.)
 ( 58.,  42.) ( 58.,  42.) ( 30.,  70.) ( 30.,  70.) ( 12.,  88.)
 ( 12.,  88.) ( 12.,  88.) ( 12.,  88.) ( 11.,  89.) ( 11.,  89.)
 ( 13.,  87.) ( 13.,  87.) (  9.,  91.) (  9.,  91.) ( 11.,  89.)
 ( 11.,  89.) ( 10.,  90.) ( 10.,  90.) ( 14.,  86.) ( 14.,  86.)
 ( 11.,  89.) ( 11.,  89.) ( 11.,  89.) ( 11.,  89.) ( 13.,  87.)
 ( 13.,  87.) ( 13.,  87.) ( 13.,  87.) ( 12.,  88.) ( 12.,  88.)
 ( 11.,  89.) ( 11.,  89.) ( 20.,  80.) ( 20.,  80.) ( 12.,  88.)
 ( 12.,  88.) ( 17.,  83.) ( 17.,  83.) ( 14.,  86.) ( 14.,  86.)
 ( 32.,  68.) ( 32.,  68.) ( 41.,  59.) ( 41.,  59.) ( 54.,  46.)
 ( 54.,  46.) ( 57.,  43.) ( 57.,  43.) ( 59.,  41.) ( 59.,  41.)
 ( 60.,  40.) ( 60.,  40.) ( 62.,  38.) ( 62.,  38.) ( 57.,  43.)
 ( 57.,  43.) ( 31.,  69.) ( 31.,  69.) ( 33.,  67.) ( 33.,  67.)
 ( 21.,  79.) ( 21.,  79.) ( 37.,  63.) ( 37.,  63.) ( 45.,  55.)
 ( 45.,  55.) ( 54.,  46.) ( 54.,  46.) ( 67.,  33.) ( 67.,  33.)
 ( 67.,  33.) ( 67.,  33.) ( 64.,  36.) ( 64.,  36.) ( 64.,  36.)
 ( 64.,  36.) ( 85.,  15.) ( 85.,  15.) ( 90.,  10.) ( 90.,  10.)
 ( 93.,   7.) ( 93.,   7.) ( 99.,   1.) ( 99.,   1.) ( 97.,   3.)
 ( 97.,   3.) ( 96.,   4.) ( 96.,   4.) ( 96.,   4.) ( 96.,   4.)
 ( 94.,   6.) ( 94.,   6.) ( 95.,   5.) ( 95.,   5.) ( 88.,  12.)
 ( 88.,  12.) ( 95.,   5.) ( 95.,   5.) ( 97.,   3.) ( 97.,   3.)
 ( 91.,   9.) ( 91.,   9.) ( 90.,  10.) ( 90.,  10.) ( 92.,   8.)
 ( 92.,   8.) ( 88.,  12.) ( 88.,  12.) ( 83.,  17.) ( 83.,  17.)
 ( 76.,  24.) ( 76.,  24.) ( 56.,  44.) ( 56.,  44.) ( 64.,  36.)
 ( 64.,  36.) ( 82.,  18.) ( 82.,  18.) ( 89.,  11.) ( 89.,  11.)
 ( 96.,   4.) ( 96.,   4.) ( 98.,   2.) ( 98.,   2.) ( 95.,   5.)
 ( 95.,   5.) ( 98.,   2.) ( 98.,   2.) ( 97.,   3.) ( 97.,   3.)
 ( 88.,  12.) ( 88.,  12.) ( 81.,  19.) ( 81.,  19.) ( 65.,  35.)
 ( 65.,  35.) ( 25.,  75.) ( 25.,  75.) ( 18.,  82.) ( 18.,  82.)
 ( 21.,  79.) ( 21.,  79.) ( 15.,  85.) ( 15.,  85.) ( 11.,  89.)
 ( 11.,  89.) ( 10.,  90.) ( 10.,  90.) ( 15.,  85.) ( 15.,  85.)
 ( 19.,  81.) ( 19.,  81.) ( 21.,  79.) ( 21.,  79.) ( 29.,  71.)
 ( 29.,  71.) ( 30.,  70.) ( 30.,  70.) ( 45.,  55.) ( 45.,  55.)
 ( 42.,  58.) ( 42.,  58.) ( 45.,  55.) ( 45.,  55.) ( 47.,  53.)
 ( 47.,  53.) ( 29.,  71.) ( 29.,  71.) ( 17.,  83.) ( 17.,  83.)
 (  9.,  91.) (  9.,  91.) ( 11.,  89.) ( 11.,  89.) ( 14.,  86.)
 ( 14.,  86.) ( 13.,  87.) ( 13.,  87.) ( 13.,  87.) ( 13.,  87.)
 ( 25.,  75.) ( 25.,  75.) ( 19.,  81.) ( 19.,  81.) ( 28.,  72.)
 ( 28.,  72.) ( 26.,  74.) ( 26.,  74.) ( 13.,  87.) ( 13.,  87.)
 ( 14.,  86.) ( 14.,  86.) ( 15.,  85.) ( 15.,  85.) ( 17.,  83.)
 ( 17.,  83.) ( 17.,  83.) ( 17.,  83.) ( 19.,  81.) ( 19.,  81.)
 ( 33.,  67.) ( 33.,  67.) ( 19.,  81.) ( 19.,  81.) ( 15.,  85.)
 ( 15.,  85.) ( 28.,  72.) ( 28.,  72.) ( 23.,  77.) ( 23.,  77.)
 ( 14.,  86.) ( 14.,  86.) ( 10.,  90.) ( 10.,  90.) ( 14.,  86.)
 ( 14.,  86.) ( 16.,  84.) ( 16.,  84.) ( 13.,  87.) ( 13.,  87.)
 ( 27.,  73.) ( 27.,  73.) ( 42.,  58.) ( 42.,  58.) ( 51.,  49.)
 ( 51.,  49.) ( 56.,  44.) ( 56.,  44.) ( 37.,  63.) ( 37.,  63.)
 ( 18.,  82.) ( 18.,  82.) ( 12.,  88.) ( 12.,  88.) ( 12.,  88.)
 ( 12.,  88.) ( 13.,  87.) ( 13.,  87.) ( 13.,  87.) ( 13.,  87.)
 (  9.,  91.) (  9.,  91.) ( 14.,  86.) ( 14.,  86.) ( 17.,  83.)
 ( 17.,  83.) ( 13.,  87.) ( 13.,  87.) ( 16.,  84.) ( 16.,  84.)
 ( 15.,  85.) ( 15.,  85.) ( 46.,  54.) ( 46.,  54.) ( 45.,  55.)
 ( 45.,  55.) ( 16.,  84.) ( 16.,  84.) ( 18.,  82.) ( 18.,  82.)
 ( 14.,  86.) ( 14.,  86.) ( 11.,  89.) ( 11.,  89.) ( 13.,  87.)
 ( 13.,  87.) ( 26.,  74.) ( 26.,  74.) ( 36.,  64.) ( 36.,  64.)
 ( 29.,  71.) ( 29.,  71.) ( 15.,  85.) ( 15.,  85.) ( 11.,  89.)
 ( 11.,  89.) ( 15.,  85.) ( 15.,  85.) ( 19.,  81.) ( 19.,  81.)
 ( 51.,  49.) ( 51.,  49.) ( 66.,  34.) ( 66.,  34.) ( 34.,  66.)
 ( 34.,  66.) ( 18.,  82.) ( 18.,  82.) ( 18.,  82.) ( 18.,  82.)
 ( 34.,  66.) ( 34.,  66.) ( 70.,  30.) ( 70.,  30.) ( 60.,  40.)
 ( 60.,  40.) ( 35.,  65.) ( 35.,  65.) ( 18.,  82.) ( 18.,  82.)
 ( 19.,  81.) ( 19.,  81.) ( 64.,  36.) ( 64.,  36.) ( 99.,   1.)
 ( 99.,   1.) ( 98.,   2.) ( 98.,   2.) ( 97.,   3.) ( 97.,   3.)
 ( 98.,   2.) ( 98.,   2.) ( 98.,   2.) ( 98.,   2.) ( 95.,   5.)
 ( 95.,   5.) ( 98.,   2.) ( 98.,   2.) ( 97.,   3.) ( 97.,   3.)
 ( 98.,   2.) ( 98.,   2.) ( 98.,   2.) ( 98.,   2.) ( 97.,   3.)
 ( 97.,   3.) ( 98.,   2.) ( 98.,   2.) ( 97.,   3.) ( 97.,   3.)
 ( 97.,   3.) ( 97.,   3.) ( 98.,   2.) ( 98.,   2.) ( 99.,   1.)
 ( 99.,   1.) ( 97.,   3.) ( 97.,   3.) ( 97.,   3.) ( 97.,   3.)
 ( 98.,   2.) ( 98.,   2.) ( 94.,   6.) ( 94.,   6.) ( 96.,   4.)
 ( 96.,   4.) ( 96.,   4.) ( 96.,   4.) ( 97.,   3.) ( 97.,   3.)
 ( 97.,   3.) ( 97.,   3.) ( 98.,   2.) ( 98.,   2.) ( 96.,   4.)
 ( 96.,   4.) ( 98.,   2.) ( 98.,   2.) ( 98.,   2.) ( 98.,   2.)
 (100.,   0.) (100.,   0.) ( 96.,   4.) ( 96.,   4.) ( 96.,   4.)
 ( 96.,   4.) ( 98.,   2.) ( 98.,   2.) (100.,   0.) (100.,   0.)
 ( 97.,   3.) ( 97.,   3.) ( 95.,   5.) ( 95.,   5.) (100.,   0.)
 (100.,   0.) ( 96.,   4.) ( 96.,   4.) ( 98.,   2.) ( 98.,   2.)
 ( 99.,   1.) ( 99.,   1.) ( 99.,   1.) ( 99.,   1.) ( 99.,   1.)
 ( 99.,   1.) ( 99.,   1.) ( 99.,   1.) ( 95.,   5.) ( 95.,   5.)
 ( 96.,   4.) ( 96.,   4.) ( 95.,   5.) ( 95.,   5.) ( 97.,   3.)
 ( 97.,   3.) ( 97.,   3.) ( 97.,   3.) ( 99.,   1.) ( 99.,   1.)
 ( 99.,   1.) ( 99.,   1.) ( 96.,   4.) ( 96.,   4.) ( 98.,   2.)
 ( 98.,   2.) ( 94.,   6.) ( 94.,   6.) ( 97.,   3.) ( 97.,   3.)
 ( 98.,   2.) ( 98.,   2.) ( 98.,   2.) ( 98.,   2.) (100.,   0.)
 (100.,   0.) ( 99.,   1.) ( 99.,   1.) ( 99.,   1.) ( 99.,   1.)
 ( 94.,   6.) ( 94.,   6.) ( 97.,   3.) ( 97.,   3.) ( 98.,   2.)
 ( 98.,   2.) ( 95.,   5.) ( 95.,   5.) ( 96.,   4.) ( 96.,   4.)
 ( 94.,   6.) ( 94.,   6.) ( 98.,   2.) ( 98.,   2.) ( 95.,   5.)
 ( 95.,   5.) (100.,   0.) (100.,   0.) ( 95.,   5.) ( 95.,   5.)
 ( 96.,   4.) ( 96.,   4.) ( 97.,   3.) ( 97.,   3.) ( 98.,   2.)
 ( 98.,   2.) ( 97.,   3.) ( 97.,   3.) ( 98.,   2.) ( 98.,   2.)
 ( 97.,   3.) ( 97.,   3.) ( 95.,   5.) ( 95.,   5.) ( 98.,   2.)
 ( 98.,   2.) ( 97.,   3.) ( 97.,   3.) ( 97.,   3.) ( 97.,   3.)
 ( 98.,   2.) ( 98.,   2.) ( 98.,   2.) ( 98.,   2.) ( 97.,   3.)
 ( 97.,   3.) ( 98.,   2.) ( 98.,   2.) ( 97.,   3.) ( 97.,   3.)
 ( 95.,   5.) ( 95.,   5.) ( 95.,   5.) ( 95.,   5.) ( 96.,   4.)
 ( 96.,   4.) ( 97.,   3.) ( 97.,   3.) ( 99.,   1.) ( 99.,   1.)
 ( 98.,   2.) ( 98.,   2.) ( 98.,   2.) ( 98.,   2.) ( 95.,   5.)
 ( 95.,   5.) ( 96.,   4.) ( 96.,   4.) ( 96.,   4.) ( 96.,   4.)
 (100.,   0.) (100.,   0.) ( 94.,   6.) ( 94.,   6.) ( 97.,   3.)
 ( 97.,   3.) ( 94.,   6.) ( 94.,   6.) ( 98.,   2.) ( 98.,   2.)
 ( 97.,   3.) ( 97.,   3.) ( 96.,   4.) ( 96.,   4.) ( 95.,   5.)
 ( 95.,   5.) ( 97.,   3.) ( 97.,   3.) ( 96.,   4.) ( 96.,   4.)
 ( 99.,   1.) ( 99.,   1.) ( 97.,   3.) ( 97.,   3.) ( 99.,   1.)
 ( 99.,   1.) ( 97.,   3.) ( 97.,   3.) ( 96.,   4.) ( 96.,   4.)
 ( 98.,   2.) ( 98.,   2.) ( 93.,   7.) ( 93.,   7.) ( 97.,   3.)
 ( 97.,   3.) ( 98.,   2.) ( 98.,   2.) ( 98.,   2.) ( 98.,   2.)
 ( 97.,   3.) ( 97.,   3.) ( 96.,   4.) ( 96.,   4.) ( 94.,   6.)
 ( 94.,   6.) ( 98.,   2.) ( 98.,   2.) ( 98.,   2.) ( 98.,   2.)
 ( 99.,   1.) ( 99.,   1.) ( 96.,   4.) ( 96.,   4.) ( 96.,   4.)
 ( 96.,   4.) ( 94.,   6.) ( 94.,   6.) ( 97.,   3.) ( 97.,   3.)
 (100.,   0.) (100.,   0.) ( 99.,   1.) ( 99.,   1.) ( 97.,   3.)
 ( 97.,   3.) ( 97.,   3.) ( 97.,   3.) ( 98.,   2.) ( 98.,   2.)
 ( 97.,   3.) ( 97.,   3.) ( 97.,   3.) ( 97.,   3.) ( 95.,   5.)
 ( 95.,   5.) ( 97.,   3.) ( 97.,   3.) ( 99.,   1.) ( 99.,   1.)
 ( 98.,   2.) ( 98.,   2.) (100.,   0.) (100.,   0.) ( 96.,   4.)
 ( 96.,   4.) ( 93.,   7.) ( 93.,   7.) ( 94.,   6.) ( 94.,   6.)
 ( 94.,   6.) ( 94.,   6.) ( 98.,   2.) ( 98.,   2.) ( 97.,   3.)
 ( 97.,   3.) ( 98.,   2.) ( 98.,   2.) ( 99.,   1.) ( 99.,   1.)
 ( 98.,   2.) ( 98.,   2.) ( 98.,   2.) ( 98.,   2.) ( 95.,   5.)
 ( 95.,   5.) ( 97.,   3.) ( 97.,   3.) ( 97.,   3.) ( 97.,   3.)
 ( 96.,   4.) ( 96.,   4.) ( 97.,   3.) ( 97.,   3.) ( 99.,   1.)
 ( 99.,   1.) (100.,   0.) (100.,   0.) ( 95.,   5.) ( 95.,   5.)
 ( 97.,   3.) ( 97.,   3.) ( 97.,   3.) ( 97.,   3.) ( 96.,   4.)
 ( 96.,   4.) ( 97.,   3.) ( 97.,   3.) ( 99.,   1.) ( 99.,   1.)
 ( 98.,   2.) ( 98.,   2.) ( 97.,   3.) ( 97.,   3.) ( 94.,   6.)
 ( 94.,   6.) ( 97.,   3.) ( 97.,   3.) ( 96.,   4.) ( 96.,   4.)
 ( 97.,   3.) ( 97.,   3.) ( 99.,   1.) ( 99.,   1.) ( 98.,   2.)
 ( 98.,   2.) ( 97.,   3.) ( 97.,   3.) ( 97.,   3.) ( 97.,   3.)
 ( 99.,   1.) ( 99.,   1.) ( 99.,   1.) ( 99.,   1.) ( 99.,   1.)
 ( 99.,   1.) ( 97.,   3.) ( 97.,   3.) ( 97.,   3.) ( 97.,   3.)
 (100.,   0.) (100.,   0.) ( 98.,   2.) ( 98.,   2.) ( 95.,   5.)
 ( 95.,   5.) ( 97.,   3.) ( 97.,   3.) ( 98.,   2.) ( 98.,   2.)
 ( 98.,   2.) ( 98.,   2.) ( 97.,   3.) ( 97.,   3.) ( 96.,   4.)
 ( 96.,   4.) ( 98.,   2.) ( 98.,   2.) (100.,   0.) (100.,   0.)
 ( 96.,   4.) ( 96.,   4.) ( 98.,   2.) ( 98.,   2.) ( 96.,   4.)
 ( 96.,   4.) ( 97.,   3.) ( 97.,   3.) ( 98.,   2.) ( 98.,   2.)
 ( 97.,   3.) ( 97.,   3.) ( 98.,   2.) ( 98.,   2.) ( 97.,   3.)
 ( 97.,   3.) ( 96.,   4.) ( 96.,   4.) ( 99.,   1.) ( 99.,   1.)
 ( 97.,   3.) ( 97.,   3.) ( 94.,   6.) ( 94.,   6.) ( 96.,   4.)
 ( 96.,   4.) ( 97.,   3.) ( 97.,   3.) ( 98.,   2.) ( 98.,   2.)
 (100.,   0.) (100.,   0.) ( 99.,   1.) ( 99.,   1.) ( 96.,   4.)
 ( 96.,   4.) ( 98.,   2.) ( 98.,   2.) ( 98.,   2.) ( 98.,   2.)
 ( 98.,   2.) ( 98.,   2.) (100.,   0.) (100.,   0.) ( 97.,   3.)
 ( 97.,   3.) ( 96.,   4.) ( 96.,   4.) ( 97.,   3.) ( 97.,   3.)
 ( 98.,   2.) ( 98.,   2.) ( 98.,   2.) ( 98.,   2.) ( 98.,   2.)
 ( 98.,   2.) ( 98.,   2.) ( 98.,   2.) (100.,   0.) (100.,   0.)
 ( 97.,   3.) ( 97.,   3.) ( 98.,   2.) ( 98.,   2.) ( 98.,   2.)
 ( 98.,   2.) ( 94.,   6.) ( 94.,   6.) ( 98.,   2.) ( 98.,   2.)
 ( 98.,   2.) ( 98.,   2.) ( 95.,   5.) ( 95.,   5.) ( 96.,   4.)
 ( 96.,   4.) ( 98.,   2.) ( 98.,   2.) ( 95.,   5.) ( 95.,   5.)
 ( 97.,   3.) ( 97.,   3.) ( 96.,   4.) ( 96.,   4.) ( 95.,   5.)
 ( 95.,   5.) ( 99.,   1.) ( 99.,   1.) (100.,   0.) (100.,   0.)
 ( 96.,   4.) ( 96.,   4.) ( 97.,   3.) ( 97.,   3.) ( 99.,   1.)
 ( 99.,   1.) ( 97.,   3.) ( 97.,   3.) (100.,   0.) (100.,   0.)
 ( 97.,   3.) ( 97.,   3.) ( 97.,   3.) ( 97.,   3.) ( 99.,   1.)
 ( 99.,   1.) ( 97.,   3.) ( 97.,   3.) ( 96.,   4.) ( 96.,   4.)
 ( 96.,   4.) ( 96.,   4.) ( 98.,   2.) ( 98.,   2.) (100.,   0.)
 (100.,   0.) ( 97.,   3.) ( 97.,   3.) ( 99.,   1.) ( 99.,   1.)
 ( 97.,   3.) ( 97.,   3.) ( 98.,   2.) ( 98.,   2.) ( 98.,   2.)
 ( 98.,   2.) ( 97.,   3.) ( 97.,   3.) ( 97.,   3.) ( 97.,   3.)
 ( 99.,   1.) ( 99.,   1.) ( 97.,   3.) ( 97.,   3.) ( 97.,   3.)
 ( 97.,   3.) ( 96.,   4.) ( 96.,   4.) ( 98.,   2.) ( 98.,   2.)
 ( 96.,   4.) ( 96.,   4.) ( 96.,   4.) ( 96.,   4.) ( 94.,   6.)
 ( 94.,   6.) ( 99.,   1.) ( 99.,   1.) ( 98.,   2.) ( 98.,   2.)
 ( 98.,   2.) ( 98.,   2.) ( 98.,   2.) ( 98.,   2.) ( 97.,   3.)
 ( 97.,   3.) ( 99.,   1.) ( 99.,   1.) ( 97.,   3.) ( 97.,   3.)
 ( 98.,   2.) ( 98.,   2.) ( 97.,   3.) ( 97.,   3.) ( 97.,   3.)
 ( 97.,   3.) ( 96.,   4.) ( 96.,   4.) ( 98.,   2.) ( 98.,   2.)
 ( 95.,   5.) ( 95.,   5.) ( 95.,   5.) ( 95.,   5.) ( 96.,   4.)
 ( 96.,   4.) ( 99.,   1.) ( 99.,   1.) ( 96.,   4.) ( 96.,   4.)
 ( 98.,   2.) ( 98.,   2.) ( 98.,   2.) ( 98.,   2.) ( 98.,   2.)
 ( 98.,   2.) ( 98.,   2.) ( 98.,   2.) ( 99.,   1.) ( 99.,   1.)
 ( 97.,   3.) ( 97.,   3.) ( 98.,   2.) ( 98.,   2.) ( 99.,   1.)
 ( 99.,   1.) ( 97.,   3.) ( 97.,   3.) ( 96.,   4.) ( 96.,   4.)
 ( 95.,   5.) ( 95.,   5.) ( 96.,   4.) ( 96.,   4.) ( 97.,   3.)
 ( 97.,   3.) ( 97.,   3.) ( 97.,   3.) ( 97.,   3.) ( 97.,   3.)
 ( 98.,   2.) ( 98.,   2.) ( 98.,   2.) ( 98.,   2.) ( 96.,   4.)
 ( 96.,   4.) ( 98.,   2.) ( 98.,   2.) ( 97.,   3.) ( 97.,   3.)
 ( 99.,   1.) ( 99.,   1.) (100.,   0.) (100.,   0.) ( 99.,   1.)
 ( 99.,   1.) ( 96.,   4.) ( 96.,   4.) ( 97.,   3.) ( 97.,   3.)
 ( 99.,   1.) ( 99.,   1.) ( 98.,   2.) ( 98.,   2.) ( 94.,   6.)
 ( 94.,   6.) ( 96.,   4.) ( 96.,   4.) ( 98.,   2.) ( 98.,   2.)
 ( 97.,   3.) ( 97.,   3.) ( 92.,   8.) ( 92.,   8.) ( 97.,   3.)
 ( 97.,   3.)] 
Solution Description: 
p: [  0.          43.55703608 114.19159335 144.50433942 197.32758289
 199.61108633 234.15836571 284.4889178  345.95391707 369.6805301
 392.28510185   0.          59.14933511  85.70961497 100.72332436
 109.8775991  111.74333128 131.88244676 134.33119575 173.11447408
 198.44136268 336.97129242 355.30118013 361.78993117 366.65399475
 366.80874744 370.19514741 388.87253362 413.45546131 445.71571829
   0.          61.19418044 145.07079888 203.507193   224.58670096
 224.88741336 234.60677247 363.74369906 379.31006256 379.57700777
   0.          43.55761555  57.50784656  66.67323423  76.16587145
 121.88916652 128.70042153 139.67743047 153.36752592 166.03212202
 200.68002992 211.19104377] 
pred: [ 0  0  0  0  0  4  5  5  5  5  5  0  0  0  0  0  0  5  5  5  5  5  5  5
  5  5  5 15 15 15  0  0  0  0  0  0  0  6  6  6  0  0  0  0  0  4  4  4
  4  4  4 10] 
distance [  0.          43.55703608 114.19159335 144.50433942 197.32758289
   2.28350345  34.54727937  84.87783147 146.34283074 170.06944377
 192.67401552   0.          59.14933511  85.70961497 100.72332436
 109.8775991  111.74333128  20.13911547  22.58786447  61.3711428
  86.69803139 225.22796114 243.55784885 250.04659988 254.91066347
 255.06541616 258.45181612  18.67738622  43.26031391  75.52057088
   0.          61.19418044 145.07079888 203.507193   224.58670096
 224.88741336 234.60677247 129.13692659 144.70329008 144.97023529
   0.          43.55761555  57.50784656  66.67323423  76.16587145
  45.72329507  52.53455008  63.51155902  77.20165447  89.86625057
 124.51415848  10.51101384]
load: [  0  10  16  33  38  11  13  35  54  67  91   0   5  21  37  47  54  25
  43  57  60  80 100 112 124 133 142  22  35  43   0   5   8  29  45  55
  80   9  28  44   0   4  18  32  45  21  40  46  71  86 101   8] 
time: [  0.         200.         269.         434.         475.95303324
 322.          80.         115.34683757 171.22731303 246.0875257
 459.           0.         160.         398.         440.23624841
 473.3964008  510.10459224 130.         145.81100264 168.96533236
 186.89453305 266.99302863 284.23357168 317.         399.
 412.17329674 421.41379315 182.         204.9745632  227.33656369
   0.         204.         319.         399.83031468 462.24005907
 486.50496251 525.53643978 108.         140.15799758 192.
   0.         226.         329.         378.         422.56770213
 115.         308.         325.46934669 414.         443.
 485.92676098 121.        ] 
time warps: [0 0 0 0 0 0 0 0 0 0 0 0 0 0 0 0 0 0 0 0 0 0 0 0 0 0 0 0 0 0 0 0 0 0 0 0 0
 0 0 0 0 0 0 0 0 0 0 0 0 0 0 0] 
duration: [  0.          50.55703608 149.82260879 342.03284682 397.85609029
  11.28350345  41.54727937 116.87783147 195.34283074 241.06944377
 463.13270512   0.          76.14933511 327.21265847 363.22636785
 389.38064259 395.24637478  29.13911547  32.58786447  75.3711428
 104.69803139 251.22796114 274.55784885 300.581623   350.53078901
 356.6855417  376.07194166  24.67738622  55.26031391  97.52057088
   0.          85.19418044 231.13191211 312.56830623 334.64781418
 347.94852658 375.6678857  131.13692659 167.70329008 193.01987139
   0.          66.55761555 156.24756466 217.20299965 236.69563686
  55.72329507 251.32425496 272.3012639  360.05582284 403.26861412
 455.91652202  17.51101384]

All individuals: [(35, [10, 18,  9, 11, 31, 26, 18, 17, 37,  9, 42, 46, 39, 43,  6, 27,  3, 48, 11, 45, 10, 35, 44, 29,  8,  5,  1, 28, 14, 34,  7, 41,  4, 19, 22, 32, 36, 16, 13, 33, 20, 15, 25, 23, 30, 47, 24, 12, 21, 38, 40,  2], 1428.76887167, 1428.76887167, 0., 0., 0., 0., 0, 0, 0.)
 (35, [10, 18,  9, 11, 31, 26, 18, 17, 37,  9, 42, 46, 39, 43,  6, 27,  3, 48, 11, 45, 10, 35, 44, 29,  8,  5,  1, 28, 14, 34,  7, 41,  4, 19, 22, 32, 36, 16, 13, 33, 20, 15, 25, 23, 30, 47, 24, 12, 21, 38, 40,  2], 1428.76887167, 1428.76887167, 0., 0., 0., 0., 0, 0, 0.)
 (35, [10, 18,  9, 11, 31, 26, 18, 17, 37,  9, 42, 46, 39, 43,  6, 27,  3, 48, 11, 45, 10, 35, 44, 29,  8,  5,  1, 28, 14, 34,  7, 41,  4, 19, 22, 32, 36, 16, 13, 33, 20, 15, 25, 23, 30, 47, 24, 12, 21, 38, 40,  2], 1428.76887167, 1428.76887167, 0., 0., 0., 0., 0, 0, 0.)
 (35, [10, 18,  9, 11, 31, 26, 18, 17, 37,  9, 42, 46, 39, 43,  6, 27,  3, 48, 11, 45, 10, 35, 44, 29,  8,  5,  1, 28, 14, 34,  7, 41,  4, 19, 22, 32, 36, 16, 13, 33, 20, 15, 25, 23, 30, 47, 24, 12, 21, 38, 40,  2], 1428.76887167, 1428.76887167, 0., 0., 0., 0., 0, 0, 0.)
 (35, [10, 18,  9, 11, 31, 26, 18, 17, 37,  9, 42, 46, 39, 43,  6, 27,  3, 48, 11, 45, 10, 35, 44, 29,  8,  5,  1, 28, 14, 34,  7, 41,  4, 19, 22, 32, 36, 16, 13, 33, 20, 15, 25, 23, 30, 47, 24, 12, 21, 38, 40,  2], 1428.76887167, 1428.76887167, 0., 0., 0., 0., 0, 0, 0.)
 (35, [10, 18,  9, 11, 31, 26, 18, 17, 37,  9, 42, 46, 39, 43,  6, 27,  3, 48, 11, 45, 10, 35, 44, 29,  8,  5,  1, 28, 14, 34,  7, 41,  4, 19, 22, 32, 36, 16, 13, 33, 20, 15, 25, 23, 30, 47, 24, 12, 21, 38, 40,  2], 1428.76887167, 1428.76887167, 0., 0., 0., 0., 0, 0, 0.)
 (35, [10, 18,  9, 11, 31, 26, 18, 17, 37,  9, 42, 46, 39, 43,  6, 27,  3, 48, 11, 45, 10, 35, 44, 29,  8,  5,  1, 28, 14, 34,  7, 41,  4, 19, 22, 32, 36, 16, 13, 33, 20, 15, 25, 23, 30, 47, 24, 12, 21, 38, 40,  2], 1428.76887167, 1428.76887167, 0., 0., 0., 0., 0, 0, 0.)
 (35, [10, 18,  9, 11, 31, 26, 18, 17, 37,  9, 42, 46, 39, 43,  6, 27,  3, 48, 11, 45, 10, 35, 44, 29,  8,  5,  1, 28, 14, 34,  7, 41,  4, 19, 22, 32, 36, 16, 13, 33, 20, 15, 25, 23, 30, 47, 24, 12, 21, 38, 40,  2], 1428.76887167, 1428.76887167, 0., 0., 0., 0., 0, 0, 0.)
 (35, [10, 18,  9, 11, 31, 26, 18, 17, 37,  9, 42, 46, 39, 43,  6, 27,  3, 48, 11, 45, 10, 35, 44, 29,  8,  5,  1, 28, 14, 34,  7, 41,  4, 19, 22, 32, 36, 16, 13, 33, 20, 15, 25, 23, 30, 47, 24, 12, 21, 38, 40,  2], 1428.76887167, 1428.76887167, 0., 0., 0., 0., 0, 0, 0.)
 (35, [10, 18,  9, 11, 31, 26, 18, 17, 37,  9, 42, 46, 39, 43,  6, 27,  3, 48, 11, 45, 10, 35, 44, 29,  8,  5,  1, 28, 14, 34,  7, 41,  4, 19, 22, 32, 36, 16, 13, 33, 20, 15, 25, 23, 30, 47, 24, 12, 21, 38, 40,  2], 1428.76887167, 1428.76887167, 0., 0., 0., 0., 0, 0, 0.)
 (35, [10, 18,  9, 11, 31, 26, 18, 17, 37,  9, 42, 46, 39, 43,  6, 27,  3, 48, 11, 45, 10, 35, 44, 29,  8,  5,  1, 28, 14, 34,  7, 41,  4, 19, 22, 32, 36, 16, 13, 33, 20, 15, 25, 23, 30, 47, 24, 12, 21, 38, 40,  2], 1428.76887167, 1428.76887167, 0., 0., 0., 0., 0, 0, 0.)
 (35, [10, 18,  9, 11, 31, 26, 18, 17, 37,  9, 42, 46, 39, 43,  6, 27,  3, 48, 11, 45, 10, 35, 44, 29,  8,  5,  1, 28, 14, 34,  7, 41,  4, 19, 22, 32, 36, 16, 13, 33, 20, 15, 25, 23, 30, 47, 24, 12, 21, 38, 40,  2], 1428.76887167, 1428.76887167, 0., 0., 0., 0., 0, 0, 0.)
 (35, [10, 18,  9, 11, 31, 26, 18, 17, 37,  9, 42, 46, 39, 43,  6, 27,  3, 48, 11, 45, 10, 35, 44, 29,  8,  5,  1, 28, 14, 34,  7, 41,  4, 19, 22, 32, 36, 16, 13, 33, 20, 15, 25, 23, 30, 47, 24, 12, 21, 38, 40,  2], 1428.76887167, 1428.76887167, 0., 0., 0., 0., 0, 0, 0.)
 (35, [10, 18,  9, 11, 31, 26, 18, 17, 37,  9, 42, 46, 39, 43,  6, 27,  3, 48, 11, 45, 10, 35, 44, 29,  8,  5,  1, 28, 14, 34,  7, 41,  4, 19, 22, 32, 36, 16, 13, 33, 20, 15, 25, 23, 30, 47, 24, 12, 21, 38, 40,  2], 1428.76887167, 1428.76887167, 0., 0., 0., 0., 0, 0, 0.)
 (35, [10, 18,  9, 11, 31, 26, 18, 17, 37,  9, 42, 46, 39, 43,  6, 27,  3, 48, 11, 45, 10, 35, 44, 29,  8,  5,  1, 28, 14, 34,  7, 41,  4, 19, 22, 32, 36, 16, 13, 33, 20, 15, 25, 23, 30, 47, 24, 12, 21, 38, 40,  2], 1428.76887167, 1428.76887167, 0., 0., 0., 0., 0, 0, 0.)
 (35, [10, 18,  9, 11, 31, 26, 18, 17, 37,  9, 42, 46, 39, 43,  6, 27,  3, 48, 11, 45, 10, 35, 44, 29,  8,  5,  1, 28, 14, 34,  7, 41,  4, 19, 22, 32, 36, 16, 13, 33, 20, 15, 25, 23, 30, 47, 24, 12, 21, 38, 40,  2], 1428.76887167, 1428.76887167, 0., 0., 0., 0., 0, 0, 0.)
 (35, [10, 18,  9, 11, 31, 26, 18, 17, 37,  9, 42, 46, 39, 43,  6, 27,  3, 48, 11, 45, 10, 35, 44, 29,  8,  5,  1, 28, 14, 34,  7, 41,  4, 19, 22, 32, 36, 16, 13, 33, 20, 15, 25, 23, 30, 47, 24, 12, 21, 38, 40,  2], 1428.76887167, 1428.76887167, 0., 0., 0., 0., 0, 0, 0.)
 (35, [10, 18,  9, 11, 31, 26, 18, 17, 37,  9, 42, 46, 39, 43,  6, 27,  3, 48, 11, 45, 10, 35, 44, 29,  8,  5,  1, 28, 14, 34,  7, 41,  4, 19, 22, 32, 36, 16, 13, 33, 20, 15, 25, 23, 30, 47, 24, 12, 21, 38, 40,  2], 1428.76887167, 1428.76887167, 0., 0., 0., 0., 0, 0, 0.)
 (35, [10, 18,  9, 11, 31, 26, 18, 17, 37,  9, 42, 46, 39, 43,  6, 27,  3, 48, 11, 45, 10, 35, 44, 29,  8,  5,  1, 28, 14, 34,  7, 41,  4, 19, 22, 32, 36, 16, 13, 33, 20, 15, 25, 23, 30, 47, 24, 12, 21, 38, 40,  2], 1428.76887167, 1428.76887167, 0., 0., 0., 0., 0, 0, 0.)
 (35, [10, 18,  9, 11, 31, 26, 18, 17, 37,  9, 42, 46, 39, 43,  6, 27,  3, 48, 11, 45, 10, 35, 44, 29,  8,  5,  1, 28, 14, 34,  7, 41,  4, 19, 22, 32, 36, 16, 13, 33, 20, 15, 25, 23, 30, 47, 24, 12, 21, 38, 40,  2], 1428.76887167, 1428.76887167, 0., 0., 0., 0., 0, 0, 0.)
 (35, [10, 18,  9, 11, 31, 26, 18, 17, 37,  9, 42, 46, 39, 43,  6, 27,  3, 48, 11, 45, 10, 35, 44, 29,  8,  5,  1, 28, 14, 34,  7, 41,  4, 19, 22, 32, 36, 16, 13, 33, 20, 15, 25, 23, 30, 47, 24, 12, 21, 38, 40,  2], 1428.76887167, 1428.76887167, 0., 0., 0., 0., 0, 0, 0.)
 (35, [10, 18,  9, 11, 31, 26, 18, 17, 37,  9, 42, 46, 39, 43,  6, 27,  3, 48, 11, 45, 10, 35, 44, 29,  8,  5,  1, 28, 14, 34,  7, 41,  4, 19, 22, 32, 36, 16, 13, 33, 20, 15, 25, 23, 30, 47, 24, 12, 21, 38, 40,  2], 1428.76887167, 1428.76887167, 0., 0., 0., 0., 0, 0, 0.)
 (35, [10, 18,  9, 11, 31, 26, 18, 17, 37,  9, 42, 46, 39, 43,  6, 27,  3, 48, 11, 45, 10, 35, 44, 29,  8,  5,  1, 28, 14, 34,  7, 41,  4, 19, 22, 32, 36, 16, 13, 33, 20, 15, 25, 23, 30, 47, 24, 12, 21, 38, 40,  2], 1428.76887167, 1428.76887167, 0., 0., 0., 0., 0, 0, 0.)
 (35, [10, 18,  9, 11, 31, 26, 18, 17, 37,  9, 42, 46, 39, 43,  6, 27,  3, 48, 11, 45, 10, 35, 44, 29,  8,  5,  1, 28, 14, 34,  7, 41,  4, 19, 22, 32, 36, 16, 13, 33, 20, 15, 25, 23, 30, 47, 24, 12, 21, 38, 40,  2], 1428.76887167, 1428.76887167, 0., 0., 0., 0., 0, 0, 0.)
 (35, [10, 18,  9, 11, 31, 26, 18, 17, 37,  9, 42, 46, 39, 43,  6, 27,  3, 48, 11, 45, 10, 35, 44, 29,  8,  5,  1, 28, 14, 34,  7, 41,  4, 19, 22, 32, 36, 16, 13, 33, 20, 15, 25, 23, 30, 47, 24, 12, 21, 38, 40,  2], 1428.76887167, 1428.76887167, 0., 0., 0., 0., 0, 0, 0.)
 (35, [10, 18,  9, 11, 31, 26, 18, 17, 37,  9, 42, 46, 39, 43,  6, 27,  3, 48, 11, 45, 10, 35, 44, 29,  8,  5,  1, 28, 14, 34,  7, 41,  4, 19, 22, 32, 36, 16, 13, 33, 20, 15, 25, 23, 30, 47, 24, 12, 21, 38, 40,  2], 1428.76887167, 1428.76887167, 0., 0., 0., 0., 0, 0, 0.)
 (35, [10, 18,  9, 11, 31, 26, 18, 17, 37,  9, 42, 46, 39, 43,  6, 27,  3, 48, 11, 45, 10, 35, 44, 29,  8,  5,  1, 28, 14, 34,  7, 41,  4, 19, 22, 32, 36, 16, 13, 33, 20, 15, 25, 23, 30, 47, 24, 12, 21, 38, 40,  2], 1428.76887167, 1428.76887167, 0., 0., 0., 0., 0, 0, 0.)
 (35, [10, 18,  9, 11, 31, 26, 18, 17, 37,  9, 42, 46, 39, 43,  6, 27,  3, 48, 11, 45, 10, 35, 44, 29,  8,  5,  1, 28, 14, 34,  7, 41,  4, 19, 22, 32, 36, 16, 13, 33, 20, 15, 25, 23, 30, 47, 24, 12, 21, 38, 40,  2], 1428.76887167, 1428.76887167, 0., 0., 0., 0., 0, 0, 0.)
 (35, [10, 18,  9, 11, 31, 26, 18, 17, 37,  9, 42, 46, 39, 43,  6, 27,  3, 48, 11, 45, 10, 35, 44, 29,  8,  5,  1, 28, 14, 34,  7, 41,  4, 19, 22, 32, 36, 16, 13, 33, 20, 15, 25, 23, 30, 47, 24, 12, 21, 38, 40,  2], 1428.76887167, 1428.76887167, 0., 0., 0., 0., 0, 0, 0.)
 (35, [10, 18,  9, 11, 31, 26, 18, 17, 37,  9, 42, 46, 39, 43,  6, 27,  3, 48, 11, 45, 10, 35, 44, 29,  8,  5,  1, 28, 14, 34,  7, 41,  4, 19, 22, 32, 36, 16, 13, 33, 20, 15, 25, 23, 30, 47, 24, 12, 21, 38, 40,  2], 1428.76887167, 1428.76887167, 0., 0., 0., 0., 0, 0, 0.)
 (35, [10, 18,  9, 11, 31, 26, 18, 17, 37,  9, 42, 46, 39, 43,  6, 27,  3, 48, 11, 45, 10, 35, 44, 29,  8,  5,  1, 28, 14, 34,  7, 41,  4, 19, 22, 32, 36, 16, 13, 33, 20, 15, 25, 23, 30, 47, 24, 12, 21, 38, 40,  2], 1428.76887167, 1428.76887167, 0., 0., 0., 0., 0, 0, 0.)
 (35, [10, 18,  9, 11, 31, 26, 18, 17, 37,  9, 42, 46, 39, 43,  6, 27,  3, 48, 11, 45, 10, 35, 44, 29,  8,  5,  1, 28, 14, 34,  7, 41,  4, 19, 22, 32, 36, 16, 13, 33, 20, 15, 25, 23, 30, 47, 24, 12, 21, 38, 40,  2], 1428.76887167, 1428.76887167, 0., 0., 0., 0., 0, 0, 0.)
 (35, [10, 18,  9, 11, 31, 26, 18, 17, 37,  9, 42, 46, 39, 43,  6, 27,  3, 48, 11, 45, 10, 35, 44, 29,  8,  5,  1, 28, 14, 34,  7, 41,  4, 19, 22, 32, 36, 16, 13, 33, 20, 15, 25, 23, 30, 47, 24, 12, 21, 38, 40,  2], 1428.76887167, 1428.76887167, 0., 0., 0., 0., 0, 0, 0.)
 (35, [10, 18,  9, 11, 31, 26, 18, 17, 37,  9, 42, 46, 39, 43,  6, 27,  3, 48, 11, 45, 10, 35, 44, 29,  8,  5,  1, 28, 14, 34,  7, 41,  4, 19, 22, 32, 36, 16, 13, 33, 20, 15, 25, 23, 30, 47, 24, 12, 21, 38, 40,  2], 1428.76887167, 1428.76887167, 0., 0., 0., 0., 0, 0, 0.)
 (35, [10, 18,  9, 11, 31, 26, 18, 17, 37,  9, 42, 46, 39, 43,  6, 27,  3, 48, 11, 45, 10, 35, 44, 29,  8,  5,  1, 28, 14, 34,  7, 41,  4, 19, 22, 32, 36, 16, 13, 33, 20, 15, 25, 23, 30, 47, 24, 12, 21, 38, 40,  2], 1428.76887167, 1428.76887167, 0., 0., 0., 0., 0, 0, 0.)
 (35, [10, 18,  9, 11, 31, 26, 18, 17, 37,  9, 42, 46, 39, 43,  6, 27,  3, 48, 11, 45, 10, 35, 44, 29,  8,  5,  1, 28, 14, 34,  7, 41,  4, 19, 22, 32, 36, 16, 13, 33, 20, 15, 25, 23, 30, 47, 24, 12, 21, 38, 40,  2], 1428.76887167, 1428.76887167, 0., 0., 0., 0., 0, 0, 0.)
 (35, [10, 18,  9, 11, 31, 26, 18, 17, 37,  9, 42, 46, 39, 43,  6, 27,  3, 48, 11, 45, 10, 35, 44, 29,  8,  5,  1, 28, 14, 34,  7, 41,  4, 19, 22, 32, 36, 16, 13, 33, 20, 15, 25, 23, 30, 47, 24, 12, 21, 38, 40,  2], 1428.76887167, 1428.76887167, 0., 0., 0., 0., 0, 0, 0.)
 (35, [10, 18,  9, 11, 31, 26, 18, 17, 37,  9, 42, 46, 39, 43,  6, 27,  3, 48, 11, 45, 10, 35, 44, 29,  8,  5,  1, 28, 14, 34,  7, 41,  4, 19, 22, 32, 36, 16, 13, 33, 20, 15, 25, 23, 30, 47, 24, 12, 21, 38, 40,  2], 1428.76887167, 1428.76887167, 0., 0., 0., 0., 0, 0, 0.)
 (35, [10, 18,  9, 11, 31, 26, 18, 17, 37,  9, 42, 46, 39, 43,  6, 27,  3, 48, 11, 45, 10, 35, 44, 29,  8,  5,  1, 28, 14, 34,  7, 41,  4, 19, 22, 32, 36, 16, 13, 33, 20, 15, 25, 23, 30, 47, 24, 12, 21, 38, 40,  2], 1428.76887167, 1428.76887167, 0., 0., 0., 0., 0, 0, 0.)
 (35, [10, 18,  9, 11, 31, 26, 18, 17, 37,  9, 42, 46, 39, 43,  6, 27,  3, 48, 11, 45, 10, 35, 44, 29,  8,  5,  1, 28, 14, 34,  7, 41,  4, 19, 22, 32, 36, 16, 13, 33, 20, 15, 25, 23, 30, 47, 24, 12, 21, 38, 40,  2], 1428.76887167, 1428.76887167, 0., 0., 0., 0., 0, 0, 0.)
 (35, [10, 18,  9, 11, 31, 26, 18, 17, 37,  9, 42, 46, 39, 43,  6, 27,  3, 48, 11, 45, 10, 35, 44, 29,  8,  5,  1, 28, 14, 34,  7, 41,  4, 19, 22, 32, 36, 16, 13, 33, 20, 15, 25, 23, 30, 47, 24, 12, 21, 38, 40,  2], 1428.76887167, 1428.76887167, 0., 0., 0., 0., 0, 0, 0.)
 (35, [10, 18,  9, 11, 31, 26, 18, 17, 37,  9, 42, 46, 39, 43,  6, 27,  3, 48, 11, 45, 10, 35, 44, 29,  8,  5,  1, 28, 14, 34,  7, 41,  4, 19, 22, 32, 36, 16, 13, 33, 20, 15, 25, 23, 30, 47, 24, 12, 21, 38, 40,  2], 1428.76887167, 1428.76887167, 0., 0., 0., 0., 0, 0, 0.)
 (35, [10, 18,  9, 11, 31, 26, 18, 17, 37,  9, 42, 46, 39, 43,  6, 27,  3, 48, 11, 45, 10, 35, 44, 29,  8,  5,  1, 28, 14, 34,  7, 41,  4, 19, 22, 32, 36, 16, 13, 33, 20, 15, 25, 23, 30, 47, 24, 12, 21, 38, 40,  2], 1428.76887167, 1428.76887167, 0., 0., 0., 0., 0, 0, 0.)
 (35, [10, 18,  9, 11, 31, 26, 18, 17, 37,  9, 42, 46, 39, 43,  6, 27,  3, 48, 11, 45, 10, 35, 44, 29,  8,  5,  1, 28, 14, 34,  7, 41,  4, 19, 22, 32, 36, 16, 13, 33, 20, 15, 25, 23, 30, 47, 24, 12, 21, 38, 40,  2], 1428.76887167, 1428.76887167, 0., 0., 0., 0., 0, 0, 0.)
 (35, [10, 18,  9, 11, 31, 26, 18, 17, 37,  9, 42, 46, 39, 43,  6, 27,  3, 48, 11, 45, 10, 35, 44, 29,  8,  5,  1, 28, 14, 34,  7, 41,  4, 19, 22, 32, 36, 16, 13, 33, 20, 15, 25, 23, 30, 47, 24, 12, 21, 38, 40,  2], 1428.76887167, 1428.76887167, 0., 0., 0., 0., 0, 0, 0.)
 (35, [10, 18,  9, 11, 31, 26, 18, 17, 37,  9, 42, 46, 39, 43,  6, 27,  3, 48, 11, 45, 10, 35, 44, 29,  8,  5,  1, 28, 14, 34,  7, 41,  4, 19, 22, 32, 36, 16, 13, 33, 20, 15, 25, 23, 30, 47, 24, 12, 21, 38, 40,  2], 1428.76887167, 1428.76887167, 0., 0., 0., 0., 0, 0, 0.)
 (35, [10, 18,  9, 11, 31, 26, 18, 17, 37,  9, 42, 46, 39, 43,  6, 27,  3, 48, 11, 45, 10, 35, 44, 29,  8,  5,  1, 28, 14, 34,  7, 41,  4, 19, 22, 32, 36, 16, 13, 33, 20, 15, 25, 23, 30, 47, 24, 12, 21, 38, 40,  2], 1428.76887167, 1428.76887167, 0., 0., 0., 0., 0, 0, 0.)
 (35, [10, 18,  9, 11, 31, 26, 18, 17, 37,  9, 42, 46, 39, 43,  6, 27,  3, 48, 11, 45, 10, 35, 44, 29,  8,  5,  1, 28, 14, 34,  7, 41,  4, 19, 22, 32, 36, 16, 13, 33, 20, 15, 25, 23, 30, 47, 24, 12, 21, 38, 40,  2], 1428.76887167, 1428.76887167, 0., 0., 0., 0., 0, 0, 0.)
 (35, [10, 18,  9, 11, 31, 26, 18, 17, 37,  9, 42, 46, 39, 43,  6, 27,  3, 48, 11, 45, 10, 35, 44, 29,  8,  5,  1, 28, 14, 34,  7, 41,  4, 19, 22, 32, 36, 16, 13, 33, 20, 15, 25, 23, 30, 47, 24, 12, 21, 38, 40,  2], 1428.76887167, 1428.76887167, 0., 0., 0., 0., 0, 0, 0.)
 (35, [10, 18,  9, 11, 31, 26, 18, 17, 37,  9, 42, 46, 39, 43,  6, 27,  3, 48, 11, 45, 10, 35, 44, 29,  8,  5,  1, 28, 14, 34,  7, 41,  4, 19, 22, 32, 36, 16, 13, 33, 20, 15, 25, 23, 30, 47, 24, 12, 21, 38, 40,  2], 1428.76887167, 1428.76887167, 0., 0., 0., 0., 0, 0, 0.)
 (35, [10, 18,  9, 11, 31, 26, 18, 17, 37,  9, 42, 46, 39, 43,  6, 27,  3, 48, 11, 45, 10, 35, 44, 29,  8,  5,  1, 28, 14, 34,  7, 41,  4, 19, 22, 32, 36, 16, 13, 33, 20, 15, 25, 23, 30, 47, 24, 12, 21, 38, 40,  2], 1428.76887167, 1428.76887167, 0., 0., 0., 0., 0, 0, 0.)
 (35, [10, 18,  9, 11, 31, 26, 18, 17, 37,  9, 42, 46, 39, 43,  6, 27,  3, 48, 11, 45, 10, 35, 44, 29,  8,  5,  1, 28, 14, 34,  7, 41,  4, 19, 22, 32, 36, 16, 13, 33, 20, 15, 25, 23, 30, 47, 24, 12, 21, 38, 40,  2], 1428.76887167, 1428.76887167, 0., 0., 0., 0., 0, 0, 0.)
 (35, [10, 18,  9, 11, 31, 26, 18, 17, 37,  9, 42, 46, 39, 43,  6, 27,  3, 48, 11, 45, 10, 35, 44, 29,  8,  5,  1, 28, 14, 34,  7, 41,  4, 19, 22, 32, 36, 16, 13, 33, 20, 15, 25, 23, 30, 47, 24, 12, 21, 38, 40,  2], 1428.76887167, 1428.76887167, 0., 0., 0., 0., 0, 0, 0.)
 (35, [10, 18,  9, 11, 31, 26, 18, 17, 37,  9, 42, 46, 39, 43,  6, 27,  3, 48, 11, 45, 10, 35, 44, 29,  8,  5,  1, 28, 14, 34,  7, 41,  4, 19, 22, 32, 36, 16, 13, 33, 20, 15, 25, 23, 30, 47, 24, 12, 21, 38, 40,  2], 1428.76887167, 1428.76887167, 0., 0., 0., 0., 0, 0, 0.)
 (35, [10, 18,  9, 11, 31, 26, 18, 17, 37,  9, 42, 46, 39, 43,  6, 27,  3, 48, 11, 45, 10, 35, 44, 29,  8,  5,  1, 28, 14, 34,  7, 41,  4, 19, 22, 32, 36, 16, 13, 33, 20, 15, 25, 23, 30, 47, 24, 12, 21, 38, 40,  2], 1428.76887167, 1428.76887167, 0., 0., 0., 0., 0, 0, 0.)
 (35, [10, 18,  9, 11, 31, 26, 18, 17, 37,  9, 42, 46, 39, 43,  6, 27,  3, 48, 11, 45, 10, 35, 44, 29,  8,  5,  1, 28, 14, 34,  7, 41,  4, 19, 22, 32, 36, 16, 13, 33, 20, 15, 25, 23, 30, 47, 24, 12, 21, 38, 40,  2], 1428.76887167, 1428.76887167, 0., 0., 0., 0., 0, 0, 0.)
 (35, [10, 18,  9, 11, 31, 26, 18, 17, 37,  9, 42, 46, 39, 43,  6, 27,  3, 48, 11, 45, 10, 35, 44, 29,  8,  5,  1, 28, 14, 34,  7, 41,  4, 19, 22, 32, 36, 16, 13, 33, 20, 15, 25, 23, 30, 47, 24, 12, 21, 38, 40,  2], 1428.76887167, 1428.76887167, 0., 0., 0., 0., 0, 0, 0.)
 (35, [10, 18,  9, 11, 31, 26, 18, 17, 37,  9, 42, 46, 39, 43,  6, 27,  3, 48, 11, 45, 10, 35, 44, 29,  8,  5,  1, 28, 14, 34,  7, 41,  4, 19, 22, 32, 36, 16, 13, 33, 20, 15, 25, 23, 30, 47, 24, 12, 21, 38, 40,  2], 1428.76887167, 1428.76887167, 0., 0., 0., 0., 0, 0, 0.)
 (35, [10, 18,  9, 11, 31, 26, 18, 17, 37,  9, 42, 46, 39, 43,  6, 27,  3, 48, 11, 45, 10, 35, 44, 29,  8,  5,  1, 28, 14, 34,  7, 41,  4, 19, 22, 32, 36, 16, 13, 33, 20, 15, 25, 23, 30, 47, 24, 12, 21, 38, 40,  2], 1428.76887167, 1428.76887167, 0., 0., 0., 0., 0, 0, 0.)
 (35, [10, 18,  9, 11, 31, 26, 18, 17, 37,  9, 42, 46, 39, 43,  6, 27,  3, 48, 11, 45, 10, 35, 44, 29,  8,  5,  1, 28, 14, 34,  7, 41,  4, 19, 22, 32, 36, 16, 13, 33, 20, 15, 25, 23, 30, 47, 24, 12, 21, 38, 40,  2], 1428.76887167, 1428.76887167, 0., 0., 0., 0., 0, 0, 0.)
 (35, [10, 18,  9, 11, 31, 26, 18, 17, 37,  9, 42, 46, 39, 43,  6, 27,  3, 48, 11, 45, 10, 35, 44, 29,  8,  5,  1, 28, 14, 34,  7, 41,  4, 19, 22, 32, 36, 16, 13, 33, 20, 15, 25, 23, 30, 47, 24, 12, 21, 38, 40,  2], 1428.76887167, 1428.76887167, 0., 0., 0., 0., 0, 0, 0.)
 (35, [10, 18,  9, 11, 31, 26, 18, 17, 37,  9, 42, 46, 39, 43,  6, 27,  3, 48, 11, 45, 10, 35, 44, 29,  8,  5,  1, 28, 14, 34,  7, 41,  4, 19, 22, 32, 36, 16, 13, 33, 20, 15, 25, 23, 30, 47, 24, 12, 21, 38, 40,  2], 1428.76887167, 1428.76887167, 0., 0., 0., 0., 0, 0, 0.)
 (35, [10, 18,  9, 11, 31, 26, 18, 17, 37,  9, 42, 46, 39, 43,  6, 27,  3, 48, 11, 45, 10, 35, 44, 29,  8,  5,  1, 28, 14, 34,  7, 41,  4, 19, 22, 32, 36, 16, 13, 33, 20, 15, 25, 23, 30, 47, 24, 12, 21, 38, 40,  2], 1428.76887167, 1428.76887167, 0., 0., 0., 0., 0, 0, 0.)
 (35, [10, 18,  9, 11, 31, 26, 18, 17, 37,  9, 42, 46, 39, 43,  6, 27,  3, 48, 11, 45, 10, 35, 44, 29,  8,  5,  1, 28, 14, 34,  7, 41,  4, 19, 22, 32, 36, 16, 13, 33, 20, 15, 25, 23, 30, 47, 24, 12, 21, 38, 40,  2], 1428.76887167, 1428.76887167, 0., 0., 0., 0., 0, 0, 0.)
 (35, [10, 18,  9, 11, 31, 26, 18, 17, 37,  9, 42, 46, 39, 43,  6, 27,  3, 48, 11, 45, 10, 35, 44, 29,  8,  5,  1, 28, 14, 34,  7, 41,  4, 19, 22, 32, 36, 16, 13, 33, 20, 15, 25, 23, 30, 47, 24, 12, 21, 38, 40,  2], 1428.76887167, 1428.76887167, 0., 0., 0., 0., 0, 0, 0.)
 (35, [10, 18,  9, 11, 31, 26, 18, 17, 37,  9, 42, 46, 39, 43,  6, 27,  3, 48, 11, 45, 10, 35, 44, 29,  8,  5,  1, 28, 14, 34,  7, 41,  4, 19, 22, 32, 36, 16, 13, 33, 20, 15, 25, 23, 30, 47, 24, 12, 21, 38, 40,  2], 1428.76887167, 1428.76887167, 0., 0., 0., 0., 0, 0, 0.)
 (35, [10, 18,  9, 11, 31, 26, 18, 17, 37,  9, 42, 46, 39, 43,  6, 27,  3, 48, 11, 45, 10, 35, 44, 29,  8,  5,  1, 28, 14, 34,  7, 41,  4, 19, 22, 32, 36, 16, 13, 33, 20, 15, 25, 23, 30, 47, 24, 12, 21, 38, 40,  2], 1428.76887167, 1428.76887167, 0., 0., 0., 0., 0, 0, 0.)
 (35, [10, 18,  9, 11, 31, 26, 18, 17, 37,  9, 42, 46, 39, 43,  6, 27,  3, 48, 11, 45, 10, 35, 44, 29,  8,  5,  1, 28, 14, 34,  7, 41,  4, 19, 22, 32, 36, 16, 13, 33, 20, 15, 25, 23, 30, 47, 24, 12, 21, 38, 40,  2], 1428.76887167, 1428.76887167, 0., 0., 0., 0., 0, 0, 0.)
 (35, [10, 18,  9, 11, 31, 26, 18, 17, 37,  9, 42, 46, 39, 43,  6, 27,  3, 48, 11, 45, 10, 35, 44, 29,  8,  5,  1, 28, 14, 34,  7, 41,  4, 19, 22, 32, 36, 16, 13, 33, 20, 15, 25, 23, 30, 47, 24, 12, 21, 38, 40,  2], 1428.76887167, 1428.76887167, 0., 0., 0., 0., 0, 0, 0.)
 (35, [10, 18,  9, 11, 31, 26, 18, 17, 37,  9, 42, 46, 39, 43,  6, 27,  3, 48, 11, 45, 10, 35, 44, 29,  8,  5,  1, 28, 14, 34,  7, 41,  4, 19, 22, 32, 36, 16, 13, 33, 20, 15, 25, 23, 30, 47, 24, 12, 21, 38, 40,  2], 1428.76887167, 1428.76887167, 0., 0., 0., 0., 0, 0, 0.)
 (35, [10, 18,  9, 11, 31, 26, 18, 17, 37,  9, 42, 46, 39, 43,  6, 27,  3, 48, 11, 45, 10, 35, 44, 29,  8,  5,  1, 28, 14, 34,  7, 41,  4, 19, 22, 32, 36, 16, 13, 33, 20, 15, 25, 23, 30, 47, 24, 12, 21, 38, 40,  2], 1428.76887167, 1428.76887167, 0., 0., 0., 0., 0, 0, 0.)
 (35, [10, 18,  9, 11, 31, 26, 18, 17, 37,  9, 42, 46, 39, 43,  6, 27,  3, 48, 11, 45, 10, 35, 44, 29,  8,  5,  1, 28, 14, 34,  7, 41,  4, 19, 22, 32, 36, 16, 13, 33, 20, 15, 25, 23, 30, 47, 24, 12, 21, 38, 40,  2], 1428.76887167, 1428.76887167, 0., 0., 0., 0., 0, 0, 0.)
 (35, [10, 18,  9, 11, 31, 26, 18, 17, 37,  9, 42, 46, 39, 43,  6, 27,  3, 48, 11, 45, 10, 35, 44, 29,  8,  5,  1, 28, 14, 34,  7, 41,  4, 19, 22, 32, 36, 16, 13, 33, 20, 15, 25, 23, 30, 47, 24, 12, 21, 38, 40,  2], 1428.76887167, 1428.76887167, 0., 0., 0., 0., 0, 0, 0.)
 (35, [10, 18,  9, 11, 31, 26, 18, 17, 37,  9, 42, 46, 39, 43,  6, 27,  3, 48, 11, 45, 10, 35, 44, 29,  8,  5,  1, 28, 14, 34,  7, 41,  4, 19, 22, 32, 36, 16, 13, 33, 20, 15, 25, 23, 30, 47, 24, 12, 21, 38, 40,  2], 1428.76887167, 1428.76887167, 0., 0., 0., 0., 0, 0, 0.)
 (35, [10, 18,  9, 11, 31, 26, 18, 17, 37,  9, 42, 46, 39, 43,  6, 27,  3, 48, 11, 45, 10, 35, 44, 29,  8,  5,  1, 28, 14, 34,  7, 41,  4, 19, 22, 32, 36, 16, 13, 33, 20, 15, 25, 23, 30, 47, 24, 12, 21, 38, 40,  2], 1428.76887167, 1428.76887167, 0., 0., 0., 0., 0, 0, 0.)
 (35, [10, 18,  9, 11, 31, 26, 18, 17, 37,  9, 42, 46, 39, 43,  6, 27,  3, 48, 11, 45, 10, 35, 44, 29,  8,  5,  1, 28, 14, 34,  7, 41,  4, 19, 22, 32, 36, 16, 13, 33, 20, 15, 25, 23, 30, 47, 24, 12, 21, 38, 40,  2], 1428.76887167, 1428.76887167, 0., 0., 0., 0., 0, 0, 0.)
 (35, [10, 18,  9, 11, 31, 26, 18, 17, 37,  9, 42, 46, 39, 43,  6, 27,  3, 48, 11, 45, 10, 35, 44, 29,  8,  5,  1, 28, 14, 34,  7, 41,  4, 19, 22, 32, 36, 16, 13, 33, 20, 15, 25, 23, 30, 47, 24, 12, 21, 38, 40,  2], 1428.76887167, 1428.76887167, 0., 0., 0., 0., 0, 0, 0.)
 (35, [10, 18,  9, 11, 31, 26, 18, 17, 37,  9, 42, 46, 39, 43,  6, 27,  3, 48, 11, 45, 10, 35, 44, 29,  8,  5,  1, 28, 14, 34,  7, 41,  4, 19, 22, 32, 36, 16, 13, 33, 20, 15, 25, 23, 30, 47, 24, 12, 21, 38, 40,  2], 1428.76887167, 1428.76887167, 0., 0., 0., 0., 0, 0, 0.)
 (35, [10, 18,  9, 11, 31, 26, 18, 17, 37,  9, 42, 46, 39, 43,  6, 27,  3, 48, 11, 45, 10, 35, 44, 29,  8,  5,  1, 28, 14, 34,  7, 41,  4, 19, 22, 32, 36, 16, 13, 33, 20, 15, 25, 23, 30, 47, 24, 12, 21, 38, 40,  2], 1428.76887167, 1428.76887167, 0., 0., 0., 0., 0, 0, 0.)
 (35, [10, 18,  9, 11, 31, 26, 18, 17, 37,  9, 42, 46, 39, 43,  6, 27,  3, 48, 11, 45, 10, 35, 44, 29,  8,  5,  1, 28, 14, 34,  7, 41,  4, 19, 22, 32, 36, 16, 13, 33, 20, 15, 25, 23, 30, 47, 24, 12, 21, 38, 40,  2], 1428.76887167, 1428.76887167, 0., 0., 0., 0., 0, 0, 0.)
 (35, [10, 18,  9, 11, 31, 26, 18, 17, 37,  9, 42, 46, 39, 43,  6, 27,  3, 48, 11, 45, 10, 35, 44, 29,  8,  5,  1, 28, 14, 34,  7, 41,  4, 19, 22, 32, 36, 16, 13, 33, 20, 15, 25, 23, 30, 47, 24, 12, 21, 38, 40,  2], 1428.76887167, 1428.76887167, 0., 0., 0., 0., 0, 0, 0.)
 (35, [10, 18,  9, 11, 31, 26, 18, 17, 37,  9, 42, 46, 39, 43,  6, 27,  3, 48, 11, 45, 10, 35, 44, 29,  8,  5,  1, 28, 14, 34,  7, 41,  4, 19, 22, 32, 36, 16, 13, 33, 20, 15, 25, 23, 30, 47, 24, 12, 21, 38, 40,  2], 1428.76887167, 1428.76887167, 0., 0., 0., 0., 0, 0, 0.)
 (35, [10, 18,  9, 11, 31, 26, 18, 17, 37,  9, 42, 46, 39, 43,  6, 27,  3, 48, 11, 45, 10, 35, 44, 29,  8,  5,  1, 28, 14, 34,  7, 41,  4, 19, 22, 32, 36, 16, 13, 33, 20, 15, 25, 23, 30, 47, 24, 12, 21, 38, 40,  2], 1428.76887167, 1428.76887167, 0., 0., 0., 0., 0, 0, 0.)
 (35, [10, 18,  9, 11, 31, 26, 18, 17, 37,  9, 42, 46, 39, 43,  6, 27,  3, 48, 11, 45, 10, 35, 44, 29,  8,  5,  1, 28, 14, 34,  7, 41,  4, 19, 22, 32, 36, 16, 13, 33, 20, 15, 25, 23, 30, 47, 24, 12, 21, 38, 40,  2], 1428.76887167, 1428.76887167, 0., 0., 0., 0., 0, 0, 0.)
 (35, [10, 18,  9, 11, 31, 26, 18, 17, 37,  9, 42, 46, 39, 43,  6, 27,  3, 48, 11, 45, 10, 35, 44, 29,  8,  5,  1, 28, 14, 34,  7, 41,  4, 19, 22, 32, 36, 16, 13, 33, 20, 15, 25, 23, 30, 47, 24, 12, 21, 38, 40,  2], 1428.76887167, 1428.76887167, 0., 0., 0., 0., 0, 0, 0.)
 (35, [10, 18,  9, 11, 31, 26, 18, 17, 37,  9, 42, 46, 39, 43,  6, 27,  3, 48, 11, 45, 10, 35, 44, 29,  8,  5,  1, 28, 14, 34,  7, 41,  4, 19, 22, 32, 36, 16, 13, 33, 20, 15, 25, 23, 30, 47, 24, 12, 21, 38, 40,  2], 1428.76887167, 1428.76887167, 0., 0., 0., 0., 0, 0, 0.)
 (35, [10, 18,  9, 11, 31, 26, 18, 17, 37,  9, 42, 46, 41, 43,  6, 27,  3, 48, 11, 45, 10, 35, 44, 29,  8,  5,  1, 28, 14, 34,  7, 39,  4, 19, 22, 32, 36, 16, 13, 33, 20, 15, 25, 23, 30, 47, 24, 12, 21, 38, 40,  2], 1548.69396021, 1548.69396021, 0., 0., 0., 0., 0, 0, 0.)
 (35, [10, 18,  9, 11, 31, 26, 18, 17, 37,  9, 42, 46, 40, 43,  6, 27,  3, 48, 11, 45, 10, 35, 44, 29,  8,  5,  1, 28, 14, 34,  7, 41,  4, 19, 22, 32, 36, 16, 13, 33, 20, 15, 25, 23, 30, 47, 24, 12, 21, 38, 39,  2], 1550.9124518 , 1654.21162749, 0., 0., 0., 0., 0, 0, 0.)
 (35, [10, 18,  9, 11, 31, 26, 18,  2, 37,  9, 42, 46, 39, 43,  6, 27,  3, 48, 11, 45, 10, 35, 44, 29,  8,  5,  1, 28, 14, 34,  7, 41,  4, 19, 22, 32, 36, 16, 13, 33, 20, 15, 25, 23, 30, 47, 24, 12, 21, 38, 40, 17], 1553.54867687, 1632.33954028, 0., 0., 0., 0., 0, 0, 0.)
 (35, [10, 17, 11, 10, 31, 26, 18, 17, 37,  9, 42, 46, 39, 43,  6, 27,  3, 48, 11, 45, 10, 35, 44, 29,  8,  5,  1, 28, 14, 34,  7, 41, 19,  4, 22, 32, 36, 16, 13, 33, 20, 15, 25, 23, 30, 47, 24, 12, 21, 38, 40,  2], 1602.57990996, 1602.57990996, 0., 0., 0., 0., 0, 0, 0.)
 (35, [10, 18,  9, 11, 31, 26, 39, 17, 37,  9, 42, 46, 18, 43,  6, 27,  3, 48, 11, 45, 10, 35, 44, 29,  8,  5,  1, 28, 14, 34,  7, 41,  4, 19, 22, 32, 36, 16, 13, 33, 20, 15, 25, 23, 30, 47, 24, 12, 21, 38, 40,  2], 1654.76183938, 1771.88319008, 0., 0., 0., 0., 0, 0, 0.)
 (35, [10, 18,  8, 12, 31, 26, 18, 17, 37,  9, 46, 39, 43,  6, 42, 27,  3, 48, 11, 45, 10, 35, 44, 29,  8,  5,  1, 28, 14, 34,  7, 41,  4, 19, 22, 32, 36, 16, 13, 33, 20, 15, 25, 23, 30, 47, 24, 12, 21, 38, 40,  2], 1716.56185117, 1716.56185117, 0., 0., 0., 0., 0, 0, 0.)
 (35, [10, 18,  8, 12, 31, 26, 18, 17, 37,  9, 42, 46, 39, 43,  6, 27,  3, 48, 11, 45, 10, 32, 44, 29,  8,  5,  1, 28, 14, 34,  7, 41,  4, 19, 22, 35, 36, 16, 13, 33, 20, 15, 25, 23, 30, 47, 24, 12, 21, 38, 40,  2], 1725.35781894, 1725.35781894, 0., 0., 0., 0., 0, 0, 0.)
 (35, [10, 19, 10,  9, 31, 26, 18, 17, 37,  9, 42, 46, 39, 43,  6, 27, 14, 48, 11, 45, 10, 35, 44, 29,  8,  5,  1, 28,  3, 34,  7, 41,  4, 19, 22, 32, 36, 16, 13, 33, 20, 15, 25, 23, 30, 47, 24, 12, 21, 38, 40,  2], 1780.29936826, 1780.29936826, 0., 0., 0., 0., 0, 0, 0.)
 (35, [10, 17,  9, 12, 31, 26, 18, 17, 37,  9, 42, 46, 39, 43,  6, 27,  3, 48, 11, 45, 10, 44, 29,  8,  5,  1, 32, 28, 14, 34,  7, 41,  4, 19, 22, 35, 36, 16, 13, 33, 20, 15, 25, 23, 30, 47, 24, 12, 21, 38, 40,  2], 1802.61023272, 1802.61023272, 0., 0., 0., 0., 0, 0, 0.)
 (35, [ 9, 17, 10, 12, 31, 26, 18, 17, 37,  9, 42, 46, 39, 43,  6, 27,  3, 48, 30, 45, 10, 35, 44, 29,  8,  5,  1, 28, 14, 34,  7, 41,  4, 19, 22, 32, 36, 16, 13, 33, 20, 15, 25, 23, 11, 47, 24, 12, 21, 38, 40,  2], 1894.83470189, 1894.83470189, 0., 0., 0., 0., 0, 0, 0.)
 (35, [12, 19,  8,  9, 31, 26, 18, 17, 37,  9, 42, 46, 39, 43,  6, 27,  3, 48, 11, 45, 10, 35, 44, 29,  8, 40,  1, 28, 14, 34,  7, 41,  4, 19, 22, 32, 36, 16, 13, 33, 20, 15, 25, 23, 30, 47, 24, 12, 21, 38,  5,  2], 1911.67110451, 1911.67110451, 0., 0., 0., 0., 0, 0, 0.)
 (35, [11, 18,  9, 10, 31, 26, 18, 17, 37,  9, 29, 46, 39, 43,  6, 27,  3, 48, 11, 45, 10, 35, 44, 42,  8,  5,  1, 28, 14, 34,  7, 41,  4, 19, 22, 32, 36, 16, 13, 33, 20, 15, 25, 23, 30, 47, 24, 12, 21, 38, 40,  2], 1966.92669238, 1966.92669238, 0., 0., 0., 0., 0, 0, 0.)
 (35, [10, 17,  9, 12, 31, 26, 27, 17, 37,  9, 42, 46, 39, 43,  6, 18,  3, 48, 11, 45, 10, 35, 44, 29,  8,  5,  1, 28, 14, 34,  7, 41,  4, 19, 22, 32, 36, 16, 13, 33, 20, 15, 25, 23, 30, 47, 24, 12, 21, 38, 40,  2], 1988.62465624, 1988.62465624, 0., 0., 0., 0., 0, 0, 0.)
 (35, [ 9, 18,  8, 13, 31, 26, 18, 17, 37,  9, 42, 46, 39, 43,  6, 27,  3, 48, 11, 45, 10, 35, 44, 29,  8,  5, 24, 28, 14, 34,  7, 41,  4, 19, 22, 32, 36, 16, 13, 33, 20, 15, 25, 23, 30, 47,  1, 12, 21, 38, 40,  2], 2029.11654237, 2029.11654237, 0., 0., 0., 0., 0, 0, 0.)]