
Total Runtime in seconds: 186.38940501213074Parameters:
population_size: 100, max_generations: 1000, executed generations: 1000, threshold_no_improvement: 500
target feasible proportion: 25
fitness_scaling: power_rank, selection_method: n_tournaments
p_c: 0.8, p_m: 0.2
tournament_size: 2, n_elite: 10
survivor_selection_step: 200, p_selection_survival: 0.7
kill clone step: 100
diversify_step: 300, diversify_step: 300, p_diversify_survival: 0.3
n_closest_neighbors: 3, diversity_weight: 0.5, distance_method: broken_pairs_distance
capacity_penalty_factor: 4.1578563588227375, duration_penalty_factor 4.1578563588227375, time_window_penalty: 4.1578563588227375
Best fitness all generations, best individual before/after local search: 1360.3284261337444, 1394.816888065588 / 1394.816888065588
Best individual found before local search: (13, [ 9, 14, 17,  8, 48,  3,  9, 42, 46, 39, 35,  7, 37, 34, 11, 10, 45,  6, 27, 22, 41, 31, 44, 25, 15, 40, 32, 29,  8,  5, 26, 18, 17,  1, 28, 13, 33, 20,  4, 19, 14, 36, 23, 16, 12, 38, 47, 24, 21, 43,  2, 30], 1394.81688807, 1394.81688807, 0., 0., 0., 0., 0, 0, 0.)
Best individual found after local search: (13, [ 9, 14, 17,  8, 48,  3,  9, 42, 46, 39, 35,  7, 37, 34, 11, 10, 45,  6, 27, 22, 41, 31, 44, 25, 15, 40, 32, 29,  8,  5, 26, 18, 17,  1, 28, 13, 33, 20,  4, 19, 14, 36, 23, 16, 12, 38, 47, 24, 21, 43,  2, 30], 1394.81688807, 1394.81688807, 0., 0., 0., 0., 0, 0, 0.)
Best feasible individual found: (13, [ 9, 14, 17,  8, 48,  3,  9, 42, 46, 39, 35,  7, 37, 34, 11, 10, 45,  6, 27, 22, 41, 31, 44, 25, 15, 40, 32, 29,  8,  5, 26, 18, 17,  1, 28, 13, 33, 20,  4, 19, 14, 36, 23, 16, 12, 38, 47, 24, 21, 43,  2, 30], 1394.81688807, 1394.81688807, 0., 0., 0., 0., 0, 0, 0.)

Fitness stats min: [3522.78549056 3450.2593607  3450.2593607  3440.72129679 3266.0551315
 3259.42226225 3235.87193957 3227.92085363 2984.07249953 2984.07249953
 2984.07249953 2984.07249953 2904.45015729 2904.45015729 2845.58001784
 2842.88661606 2769.63887895 2769.63887895 2758.41300725 2758.41300725
 2758.41300725 2639.54474953 2639.54474953 2639.54474953 2638.84066208
 2636.70234012 2636.70234012 2611.60832075 2571.00976046 2571.00976046
 2528.18559763 2528.18559763 2528.18559763 2445.13957001 2445.13957001
 2445.13957001 2416.14929717 2416.14929717 2383.89775927 2383.89775927
 2307.03805348 2307.03805348 2269.97204809 2264.46894132 2224.48497689
 2223.77024874 2223.77024874 2218.28333035 2218.28333035 2185.46073467
 2185.46073467 2185.46073467 2135.04208634 2105.27376253 2105.27376253
 2105.27376253 2105.27376253 2076.07023416 1973.94370253 1951.83985804
 1951.83985804 1951.83985804 1951.83985804 1938.44502486 1938.44502486
 1913.85650408 1903.74945976 1879.32566208 1879.32566208 1866.03551791
 1866.03551791 1866.03551791 1859.68712649 1838.64848148 1806.60438786
 1806.60438786 1806.60438786 1797.23747366 1756.27872232 1756.27872232
 1756.27872232 1756.27872232 1749.62342133 1745.52438726 1745.52438726
 1745.52438726 1745.52438726 1743.20207206 1739.21442329 1736.15747306
 1736.15747306 1736.15747306 1736.15747306 1728.46008823 1728.46008823
 1728.46008823 1728.46008823 1728.46008823 1721.61130808 1721.61130808
 1721.61130808 1721.61130808 1717.59701802 1717.59701802 1717.59701802
 1715.05895016 1715.05895016 1715.05895016 1715.05895016 1715.05895016
 1715.05895016 1715.05895016 1715.05895016 1715.05895016 1715.05895016
 1715.05895016 1715.05895016 1715.05895016 1715.05895016 1715.05895016
 1652.02066641 1652.02066641 1652.02066641 1652.02066641 1650.13735784
 1639.78220058 1639.78220058 1637.89889202 1637.89889202 1637.89889202
 1637.89889202 1637.89889202 1637.89889202 1611.26129677 1611.26129677
 1611.26129677 1611.26129677 1611.26129677 1611.26129677 1598.13139716
 1598.13139716 1598.13139716 1598.13139716 1598.13139716 1587.96079986
 1587.96079986 1587.96079986 1587.96079986 1587.96079986 1587.96079986
 1574.83090026 1574.83090026 1574.83090026 1574.83090026 1574.83090026
 1574.83090026 1574.83090026 1574.83090026 1574.83090026 1574.83090026
 1574.83090026 1567.18233082 1567.18233082 1567.18233082 1567.18233082
 1567.18233082 1567.18233082 1567.18233082 1566.97429936 1566.97429936
 1566.97429936 1566.97429936 1566.97429936 1566.97429936 1566.97429936
 1566.97429936 1566.97429936 1566.97429936 1566.97429936 1566.97429936
 1566.97429936 1554.7922329  1554.7922329  1554.7922329  1554.7922329
 1536.42363396 1536.42363396 1536.42363396 1536.42363396 1536.42363396
 1536.42363396 1536.42363396 1536.42363396 1536.42363396 1531.3506575
 1531.3506575  1531.3506575  1531.3506575  1531.3506575  1531.3506575
 1531.3506575  1531.3506575  1531.3506575  1531.3506575  1520.85675257
 1520.85675257 1520.85675257 1520.85675257 1520.85675257 1520.85675257
 1520.85675257 1520.85675257 1520.33623081 1520.33623081 1505.4541732
 1505.4541732  1505.4541732  1505.4541732  1505.4541732  1505.4541732
 1505.4541732  1505.4541732  1505.4541732  1505.4541732  1505.4541732
 1505.4541732  1505.4541732  1505.4541732  1505.4541732  1505.4541732
 1505.4541732  1505.4541732  1505.4541732  1505.4541732  1505.4541732
 1505.4541732  1505.4541732  1505.4541732  1505.4541732  1505.4541732
 1505.4541732  1502.6150207  1502.6150207  1502.6150207  1502.6150207
 1502.6150207  1502.6150207  1502.6150207  1502.6150207  1502.6150207
 1502.6150207  1502.6150207  1502.6150207  1502.6150207  1502.6150207
 1502.6150207  1502.6150207  1502.6150207  1502.6150207  1502.6150207
 1502.6150207  1502.6150207  1502.6150207  1502.6150207  1502.6150207
 1502.6150207  1502.6150207  1502.6150207  1502.6150207  1502.6150207
 1502.6150207  1502.6150207  1502.6150207  1502.6150207  1502.6150207
 1502.6150207  1502.6150207  1502.6150207  1502.6150207  1502.6150207
 1502.6150207  1502.6150207  1502.6150207  1502.6150207  1500.75322546
 1500.75322546 1500.75322546 1500.75322546 1500.75322546 1500.75322546
 1500.75322546 1500.75322546 1490.27678322 1490.27678322 1490.27678322
 1490.27678322 1490.27678322 1479.80797813 1479.80797813 1479.80797813
 1479.80797813 1479.80797813 1479.80797813 1473.23106343 1473.23106343
 1473.23106343 1473.23106343 1473.23106343 1473.23106343 1473.23106343
 1471.95026037 1471.95026037 1471.95026037 1471.95026037 1471.95026037
 1471.95026037 1471.95026037 1471.95026037 1471.95026037 1471.95026037
 1471.95026037 1471.95026037 1471.95026037 1469.55698724 1469.55698724
 1466.20196214 1466.20196214 1466.20196214 1448.79026416 1448.79026416
 1446.39699103 1445.03780356 1432.89987601 1432.89987601 1430.50660288
 1430.50660288 1430.50660288 1430.50660288 1430.50660288 1430.50660288
 1430.50660288 1430.50660288 1430.50660288 1430.50660288 1430.50660288
 1430.50660288 1430.50660288 1430.50660288 1430.50660288 1430.50660288
 1430.50660288 1430.50660288 1430.50660288 1430.50660288 1430.50660288
 1430.50660288 1430.50660288 1430.50660288 1430.50660288 1430.50660288
 1430.50660288 1430.50660288 1430.50660288 1430.50660288 1430.50660288
 1430.50660288 1430.50660288 1430.50660288 1430.50660288 1427.73975264
 1427.73975264 1427.73975264 1427.73975264 1427.73975264 1427.73975264
 1425.88568341 1425.88568341 1423.11883317 1423.11883317 1423.11883317
 1423.11883317 1423.11883317 1423.11883317 1423.11883317 1423.11883317
 1423.11883317 1423.11883317 1423.11883317 1423.11883317 1423.11883317
 1423.11883317 1423.11883317 1423.11883317 1423.11883317 1423.11883317
 1423.11883317 1423.11883317 1423.11883317 1423.11883317 1423.11883317
 1423.11883317 1423.11883317 1423.11883317 1423.11883317 1423.11883317
 1423.11883317 1423.11883317 1423.11883317 1423.11883317 1423.11883317
 1423.11883317 1423.11883317 1423.11883317 1423.11883317 1423.11883317
 1423.11883317 1423.11883317 1417.74580247 1417.74580247 1417.74580247
 1417.74580247 1417.74580247 1417.74580247 1417.74580247 1417.74580247
 1417.74580247 1417.74580247 1417.74580247 1417.74580247 1417.74580247
 1417.74580247 1417.74580247 1417.74580247 1417.74580247 1417.74580247
 1417.74580247 1417.74580247 1417.74580247 1417.74580247 1417.74580247
 1417.74580247 1417.74580247 1417.74580247 1417.74580247 1417.74580247
 1417.74580247 1417.74580247 1417.74580247 1417.74580247 1417.74580247
 1417.74580247 1417.74580247 1417.74580247 1417.74580247 1417.74580247
 1417.74580247 1417.74580247 1417.74580247 1417.74580247 1417.74580247
 1417.74580247 1417.74580247 1417.74580247 1417.74580247 1417.74580247
 1417.74580247 1417.74580247 1417.74580247 1417.74580247 1417.74580247
 1417.74580247 1417.74580247 1417.74580247 1417.74580247 1417.74580247
 1417.74580247 1417.74580247 1417.74580247 1417.74580247 1417.74580247
 1417.74580247 1417.74580247 1417.74580247 1417.74580247 1417.74580247
 1406.28125037 1406.28125037 1406.28125037 1406.28125037 1406.28125037
 1406.28125037 1406.28125037 1406.28125037 1406.28125037 1406.28125037
 1406.28125037 1406.28125037 1406.28125037 1406.28125037 1406.28125037
 1406.28125037 1406.28125037 1406.28125037 1406.28125037 1406.28125037
 1406.28125037 1406.28125037 1406.28125037 1406.28125037 1406.28125037
 1406.28125037 1404.24057103 1404.24057103 1404.24057103 1404.24057103
 1404.24057103 1404.24057103 1404.24057103 1404.24057103 1404.24057103
 1404.24057103 1404.24057103 1404.24057103 1404.24057103 1404.24057103
 1404.24057103 1404.24057103 1404.24057103 1404.24057103 1404.24057103
 1404.24057103 1404.24057103 1404.24057103 1404.24057103 1404.24057103
 1404.24057103 1404.24057103 1404.24057103 1404.24057103 1404.24057103
 1404.24057103 1404.24057103 1404.24057103 1404.24057103 1404.24057103
 1404.24057103 1402.77100989 1402.77100989 1402.77100989 1402.77100989
 1402.77100989 1402.77100989 1402.77100989 1402.77100989 1402.77100989
 1402.77100989 1402.77100989 1402.77100989 1402.77100989 1402.77100989
 1402.77100989 1402.77100989 1402.77100989 1402.77100989 1402.77100989
 1402.77100989 1402.77100989 1402.77100989 1402.77100989 1402.77100989
 1402.77100989 1402.77100989 1402.77100989 1402.77100989 1402.77100989
 1402.77100989 1402.77100989 1402.77100989 1402.77100989 1402.77100989
 1402.77100989 1402.77100989 1402.5523607  1402.5523607  1402.5523607
 1402.5523607  1402.5523607  1402.5523607  1402.5523607  1402.5523607
 1402.5523607  1402.5523607  1402.5523607  1402.5523607  1402.5523607
 1402.5523607  1402.5523607  1402.5523607  1402.5523607  1402.5523607
 1402.5523607  1402.5523607  1402.5523607  1395.70265101 1395.70265101
 1395.70265101 1395.70265101 1395.70265101 1395.70265101 1395.70265101
 1395.70265101 1395.70265101 1395.70265101 1395.70265101 1395.70265101
 1395.70265101 1395.70265101 1395.70265101 1395.70265101 1395.70265101
 1395.70265101 1395.70265101 1395.70265101 1395.70265101 1395.70265101
 1395.70265101 1395.70265101 1395.70265101 1395.70265101 1395.70265101
 1395.70265101 1394.81688807 1394.81688807 1394.81688807 1394.81688807
 1394.81688807 1394.81688807 1394.81688807 1394.81688807 1394.81688807
 1394.81688807 1394.81688807 1394.81688807 1394.81688807 1394.81688807
 1394.81688807 1394.81688807 1394.81688807 1394.81688807 1394.81688807
 1394.81688807 1394.81688807 1394.81688807 1394.81688807 1394.81688807
 1394.81688807 1394.81688807 1394.81688807 1394.81688807 1394.81688807
 1394.81688807 1394.81688807 1394.81688807 1394.81688807 1394.81688807
 1394.81688807 1394.81688807 1394.81688807 1394.81688807 1394.81688807
 1394.81688807 1394.81688807 1394.81688807 1394.81688807 1394.81688807
 1394.81688807 1394.81688807 1394.81688807 1394.81688807 1394.81688807
 1394.81688807 1394.81688807 1394.81688807 1394.81688807 1394.81688807
 1394.81688807 1394.81688807 1394.81688807 1394.81688807 1394.81688807
 1394.81688807 1394.81688807 1394.81688807 1394.81688807 1394.81688807
 1394.81688807 1394.81688807 1394.81688807 1394.81688807 1394.81688807
 1394.81688807 1394.81688807 1394.81688807 1394.81688807 1394.81688807
 1394.81688807 1394.81688807 1394.81688807 1394.81688807 1394.81688807
 1394.81688807 1394.81688807 1394.81688807 1394.81688807 1394.81688807
 1394.81688807 1394.81688807 1394.81688807 1394.81688807 1394.81688807
 1394.81688807 1394.81688807 1394.81688807 1394.81688807 1394.81688807
 1394.81688807 1394.81688807 1394.81688807 1394.81688807 1394.81688807
 1394.81688807 1394.81688807 1394.81688807 1394.81688807 1394.81688807
 1394.81688807 1394.81688807 1394.81688807 1394.81688807 1394.81688807
 1394.81688807 1394.81688807 1394.81688807 1394.81688807 1394.81688807
 1394.81688807 1394.81688807 1394.81688807 1394.81688807 1394.81688807
 1394.81688807 1394.81688807 1394.81688807 1394.81688807 1394.81688807
 1394.81688807 1394.81688807 1394.81688807 1394.81688807 1394.81688807
 1394.81688807 1394.81688807 1394.81688807 1394.81688807 1394.81688807
 1394.81688807 1394.81688807 1394.81688807 1394.81688807 1394.81688807
 1394.81688807 1394.81688807 1394.81688807 1394.81688807 1394.81688807
 1394.81688807 1394.81688807 1394.81688807 1394.81688807 1394.81688807
 1394.81688807 1394.81688807 1394.81688807 1394.81688807 1394.81688807
 1394.81688807 1394.81688807 1394.81688807 1394.81688807 1394.81688807
 1394.81688807 1394.81688807 1394.81688807 1394.81688807 1394.81688807
 1394.81688807 1394.81688807 1394.81688807 1394.81688807 1394.81688807
 1394.81688807 1394.81688807 1394.81688807 1394.81688807 1394.81688807
 1394.81688807 1394.81688807 1394.81688807 1394.81688807 1394.81688807
 1394.81688807 1394.81688807 1394.81688807 1394.81688807 1394.81688807
 1394.81688807 1394.81688807 1394.81688807 1394.81688807 1394.81688807
 1394.81688807 1394.81688807 1394.81688807 1394.81688807 1394.81688807
 1394.81688807 1394.81688807 1394.81688807 1394.81688807 1394.81688807
 1394.81688807 1394.81688807 1394.81688807 1394.81688807 1394.81688807
 1394.81688807 1394.81688807 1394.81688807 1394.81688807 1394.81688807
 1394.81688807 1394.81688807 1394.81688807 1394.81688807 1394.81688807
 1394.81688807 1394.81688807 1394.81688807 1394.81688807 1394.81688807
 1394.81688807 1394.81688807 1394.81688807 1394.81688807 1394.81688807
 1394.81688807 1394.81688807 1394.81688807 1394.81688807 1394.81688807
 1394.81688807 1394.81688807 1394.81688807 1394.81688807 1394.81688807
 1394.81688807 1394.81688807 1394.81688807 1394.81688807 1394.81688807
 1394.81688807 1394.81688807 1394.81688807 1394.81688807 1394.81688807
 1394.81688807 1394.81688807 1394.81688807 1394.81688807 1394.81688807
 1394.81688807 1394.81688807 1394.81688807 1394.81688807 1394.81688807
 1394.81688807 1394.81688807 1394.81688807 1394.81688807 1394.81688807
 1394.81688807 1394.81688807 1394.81688807 1394.81688807 1394.81688807
 1394.81688807 1394.81688807 1394.81688807 1394.81688807 1394.81688807
 1394.81688807 1394.81688807 1394.81688807 1394.81688807 1394.81688807
 1394.81688807 1394.81688807 1394.81688807 1394.81688807 1394.81688807
 1394.81688807 1394.81688807 1394.81688807 1394.81688807 1394.81688807
 1394.81688807 1394.81688807 1394.81688807 1394.81688807 1394.81688807
 1394.81688807 1394.81688807 1394.81688807 1394.81688807 1394.81688807
 1394.81688807 1394.81688807 1394.81688807 1394.81688807 1394.81688807
 1394.81688807 1394.81688807 1394.81688807 1394.81688807 1394.81688807
 1394.81688807 1394.81688807 1394.81688807 1394.81688807 1394.81688807
 1394.81688807 1394.81688807 1394.81688807 1394.81688807 1394.81688807
 1394.81688807 1394.81688807 1394.81688807 1394.81688807 1394.81688807
 1394.81688807 1394.81688807 1394.81688807 1394.81688807 1394.81688807
 1394.81688807 1394.81688807 1394.81688807 1360.32842613 1360.32842613
 1360.32842613 1360.32842613 1360.32842613 1360.32842613 1360.32842613
 1360.32842613 1360.32842613 1360.32842613 1360.32842613 1360.32842613
 1360.32842613 1360.32842613 1360.32842613 1360.67538549 1360.67538549
 1361.03969281 1361.03969281 1361.42221549 1361.42221549 1361.82386432
 1361.82386432 1362.24559558 1362.24559558 1362.6884134  1362.6884134
 1363.15337212 1363.15337212 1363.64157877 1363.64157877 1364.15419576
 1364.15419576 1364.69244359 1364.69244359 1365.25760382 1365.25760382
 1365.85102205 1365.85102205 1366.4741112  1366.4741112  1367.12835481
 1394.81688807] 

Fitness stats feasible min: [3606.5928448  3601.0068841  3491.82643482 3440.72129679 3290.05721009
 3284.33018375 3274.94269537 3284.33018375 2984.07249953 2984.07249953
 2984.07249953 2984.07249953 2984.07249953 2984.07249953 2888.72817616
 2873.02567585 2769.63887895 2769.63887895 2758.41300725 2758.41300725
 2758.41300725 2639.54474953 2639.54474953 2639.54474953 2639.54474953
 2639.54474953 2639.54474953 2630.6017768  2571.00976046 2571.00976046
 2571.00976046 2571.00976046 2571.00976046 2568.78307415 2565.56035703
 2537.96585794 2416.14929717 2416.14929717 2383.89775927 2383.89775927
 2307.03805348 2307.03805348 2269.97204809 2269.97204809 2224.48497689
 2224.48497689 2224.48497689 2218.28333035 2218.28333035 2201.89829434
 2201.89829434 2201.89829434 2135.04208634 2105.27376253 2105.27376253
 2105.27376253 2105.27376253 2076.07023416 1973.94370253 1951.83985804
 1951.83985804 1951.83985804 1951.83985804 1938.44502486 1938.44502486
 1913.85650408 1903.74945976 1879.32566208 1879.32566208 1866.03551791
 1866.03551791 1866.03551791 1859.68712649 1838.64848148 1806.60438786
 1806.60438786 1806.60438786 1797.23747366 1756.27872232 1756.27872232
 1756.27872232 1756.27872232 1749.62342133 1745.52438726 1745.52438726
 1745.52438726 1745.52438726 1743.20207206 1739.21442329 1736.15747306
 1736.15747306 1736.15747306 1736.15747306 1728.46008823 1728.46008823
 1728.46008823 1728.46008823 1728.46008823 1721.61130808 1721.61130808
 1721.61130808 1721.61130808 1717.59701802 1717.59701802 1717.59701802
 1715.05895016 1715.05895016 1715.05895016 1715.05895016 1715.05895016
 1715.05895016 1715.05895016 1715.05895016 1715.05895016 1715.05895016
 1715.05895016 1715.05895016 1715.05895016 1715.05895016 1715.05895016
 1652.02066641 1652.02066641 1652.02066641 1652.02066641 1650.13735784
 1639.78220058 1639.78220058 1637.89889202 1637.89889202 1637.89889202
 1637.89889202 1637.89889202 1637.89889202 1611.26129677 1611.26129677
 1611.26129677 1611.26129677 1611.26129677 1611.26129677 1598.13139716
 1598.13139716 1598.13139716 1598.13139716 1598.13139716 1587.96079986
 1587.96079986 1587.96079986 1587.96079986 1587.96079986 1587.96079986
 1574.83090026 1574.83090026 1574.83090026 1574.83090026 1574.83090026
 1574.83090026 1574.83090026 1574.83090026 1574.83090026 1574.83090026
 1574.83090026 1567.18233082 1567.18233082 1567.18233082 1567.18233082
 1567.18233082 1567.18233082 1567.18233082 1566.97429936 1566.97429936
 1566.97429936 1566.97429936 1566.97429936 1566.97429936 1566.97429936
 1566.97429936 1566.97429936 1566.97429936 1566.97429936 1566.97429936
 1566.97429936 1554.7922329  1554.7922329  1554.7922329  1554.7922329
 1536.42363396 1536.42363396 1536.42363396 1536.42363396 1536.42363396
 1536.42363396 1536.42363396 1536.42363396 1536.42363396 1531.3506575
 1531.3506575  1531.3506575  1531.3506575  1531.3506575  1531.3506575
 1531.3506575  1531.3506575  1531.3506575  1531.3506575  1520.85675257
 1520.85675257 1520.85675257 1520.85675257 1520.85675257 1520.85675257
 1520.85675257 1520.85675257 1520.33623081 1520.33623081 1505.4541732
 1505.4541732  1505.4541732  1505.4541732  1505.4541732  1505.4541732
 1505.4541732  1505.4541732  1505.4541732  1505.4541732  1505.4541732
 1505.4541732  1505.4541732  1505.4541732  1505.4541732  1505.4541732
 1505.4541732  1505.4541732  1505.4541732  1505.4541732  1505.4541732
 1505.4541732  1505.4541732  1505.4541732  1505.4541732  1505.4541732
 1505.4541732  1502.6150207  1502.6150207  1502.6150207  1502.6150207
 1502.6150207  1502.6150207  1502.6150207  1502.6150207  1502.6150207
 1502.6150207  1502.6150207  1502.6150207  1502.6150207  1502.6150207
 1502.6150207  1502.6150207  1502.6150207  1502.6150207  1502.6150207
 1502.6150207  1502.6150207  1502.6150207  1502.6150207  1502.6150207
 1502.6150207  1502.6150207  1502.6150207  1502.6150207  1502.6150207
 1502.6150207  1502.6150207  1502.6150207  1502.6150207  1502.6150207
 1502.6150207  1502.6150207  1502.6150207  1502.6150207  1502.6150207
 1502.6150207  1502.6150207  1502.6150207  1502.6150207  1500.75322546
 1500.75322546 1500.75322546 1500.75322546 1500.75322546 1500.75322546
 1500.75322546 1500.75322546 1490.27678322 1490.27678322 1490.27678322
 1490.27678322 1490.27678322 1479.80797813 1479.80797813 1479.80797813
 1479.80797813 1479.80797813 1479.80797813 1473.23106343 1473.23106343
 1473.23106343 1473.23106343 1473.23106343 1473.23106343 1473.23106343
 1471.95026037 1471.95026037 1471.95026037 1471.95026037 1471.95026037
 1471.95026037 1471.95026037 1471.95026037 1471.95026037 1471.95026037
 1471.95026037 1471.95026037 1471.95026037 1469.55698724 1469.55698724
 1466.20196214 1466.20196214 1466.20196214 1448.79026416 1448.79026416
 1446.39699103 1445.03780356 1432.89987601 1432.89987601 1430.50660288
 1430.50660288 1430.50660288 1430.50660288 1430.50660288 1430.50660288
 1430.50660288 1430.50660288 1430.50660288 1430.50660288 1430.50660288
 1430.50660288 1430.50660288 1430.50660288 1430.50660288 1430.50660288
 1430.50660288 1430.50660288 1430.50660288 1430.50660288 1430.50660288
 1430.50660288 1430.50660288 1430.50660288 1430.50660288 1430.50660288
 1430.50660288 1430.50660288 1430.50660288 1430.50660288 1430.50660288
 1430.50660288 1430.50660288 1430.50660288 1430.50660288 1427.73975264
 1427.73975264 1427.73975264 1427.73975264 1427.73975264 1427.73975264
 1425.88568341 1425.88568341 1423.11883317 1423.11883317 1423.11883317
 1423.11883317 1423.11883317 1423.11883317 1423.11883317 1423.11883317
 1423.11883317 1423.11883317 1423.11883317 1423.11883317 1423.11883317
 1423.11883317 1423.11883317 1423.11883317 1423.11883317 1423.11883317
 1423.11883317 1423.11883317 1423.11883317 1423.11883317 1423.11883317
 1423.11883317 1423.11883317 1423.11883317 1423.11883317 1423.11883317
 1423.11883317 1423.11883317 1423.11883317 1423.11883317 1423.11883317
 1423.11883317 1423.11883317 1423.11883317 1423.11883317 1423.11883317
 1423.11883317 1423.11883317 1417.74580247 1417.74580247 1417.74580247
 1417.74580247 1417.74580247 1417.74580247 1417.74580247 1417.74580247
 1417.74580247 1417.74580247 1417.74580247 1417.74580247 1417.74580247
 1417.74580247 1417.74580247 1417.74580247 1417.74580247 1417.74580247
 1417.74580247 1417.74580247 1417.74580247 1417.74580247 1417.74580247
 1417.74580247 1417.74580247 1417.74580247 1417.74580247 1417.74580247
 1417.74580247 1417.74580247 1417.74580247 1417.74580247 1417.74580247
 1417.74580247 1417.74580247 1417.74580247 1417.74580247 1417.74580247
 1417.74580247 1417.74580247 1417.74580247 1417.74580247 1417.74580247
 1417.74580247 1417.74580247 1417.74580247 1417.74580247 1417.74580247
 1417.74580247 1417.74580247 1417.74580247 1417.74580247 1417.74580247
 1417.74580247 1417.74580247 1417.74580247 1417.74580247 1417.74580247
 1417.74580247 1417.74580247 1417.74580247 1417.74580247 1417.74580247
 1417.74580247 1417.74580247 1417.74580247 1417.74580247 1417.74580247
 1406.28125037 1406.28125037 1406.28125037 1406.28125037 1406.28125037
 1406.28125037 1406.28125037 1406.28125037 1406.28125037 1406.28125037
 1406.28125037 1406.28125037 1406.28125037 1406.28125037 1406.28125037
 1406.28125037 1406.28125037 1406.28125037 1406.28125037 1406.28125037
 1406.28125037 1406.28125037 1406.28125037 1406.28125037 1406.28125037
 1406.28125037 1404.24057103 1404.24057103 1404.24057103 1404.24057103
 1404.24057103 1404.24057103 1404.24057103 1404.24057103 1404.24057103
 1404.24057103 1404.24057103 1404.24057103 1404.24057103 1404.24057103
 1404.24057103 1404.24057103 1404.24057103 1404.24057103 1404.24057103
 1404.24057103 1404.24057103 1404.24057103 1404.24057103 1404.24057103
 1404.24057103 1404.24057103 1404.24057103 1404.24057103 1404.24057103
 1404.24057103 1404.24057103 1404.24057103 1404.24057103 1404.24057103
 1404.24057103 1402.77100989 1402.77100989 1402.77100989 1402.77100989
 1402.77100989 1402.77100989 1402.77100989 1402.77100989 1402.77100989
 1402.77100989 1402.77100989 1402.77100989 1402.77100989 1402.77100989
 1402.77100989 1402.77100989 1402.77100989 1402.77100989 1402.77100989
 1402.77100989 1402.77100989 1402.77100989 1402.77100989 1402.77100989
 1402.77100989 1402.77100989 1402.77100989 1402.77100989 1402.77100989
 1402.77100989 1402.77100989 1402.77100989 1402.77100989 1402.77100989
 1402.77100989 1402.77100989 1402.5523607  1402.5523607  1402.5523607
 1402.5523607  1402.5523607  1402.5523607  1402.5523607  1402.5523607
 1402.5523607  1402.5523607  1402.5523607  1402.5523607  1402.5523607
 1402.5523607  1402.5523607  1402.5523607  1402.5523607  1402.5523607
 1402.5523607  1402.5523607  1402.5523607  1395.70265101 1395.70265101
 1395.70265101 1395.70265101 1395.70265101 1395.70265101 1395.70265101
 1395.70265101 1395.70265101 1395.70265101 1395.70265101 1395.70265101
 1395.70265101 1395.70265101 1395.70265101 1395.70265101 1395.70265101
 1395.70265101 1395.70265101 1395.70265101 1395.70265101 1395.70265101
 1395.70265101 1395.70265101 1395.70265101 1395.70265101 1395.70265101
 1395.70265101 1394.81688807 1394.81688807 1394.81688807 1394.81688807
 1394.81688807 1394.81688807 1394.81688807 1394.81688807 1394.81688807
 1394.81688807 1394.81688807 1394.81688807 1394.81688807 1394.81688807
 1394.81688807 1394.81688807 1394.81688807 1394.81688807 1394.81688807
 1394.81688807 1394.81688807 1394.81688807 1394.81688807 1394.81688807
 1394.81688807 1394.81688807 1394.81688807 1394.81688807 1394.81688807
 1394.81688807 1394.81688807 1394.81688807 1394.81688807 1394.81688807
 1394.81688807 1394.81688807 1394.81688807 1394.81688807 1394.81688807
 1394.81688807 1394.81688807 1394.81688807 1394.81688807 1394.81688807
 1394.81688807 1394.81688807 1394.81688807 1394.81688807 1394.81688807
 1394.81688807 1394.81688807 1394.81688807 1394.81688807 1394.81688807
 1394.81688807 1394.81688807 1394.81688807 1394.81688807 1394.81688807
 1394.81688807 1394.81688807 1394.81688807 1394.81688807 1394.81688807
 1394.81688807 1394.81688807 1394.81688807 1394.81688807 1394.81688807
 1394.81688807 1394.81688807 1394.81688807 1394.81688807 1394.81688807
 1394.81688807 1394.81688807 1394.81688807 1394.81688807 1394.81688807
 1394.81688807 1394.81688807 1394.81688807 1394.81688807 1394.81688807
 1394.81688807 1394.81688807 1394.81688807 1394.81688807 1394.81688807
 1394.81688807 1394.81688807 1394.81688807 1394.81688807 1394.81688807
 1394.81688807 1394.81688807 1394.81688807 1394.81688807 1394.81688807
 1394.81688807 1394.81688807 1394.81688807 1394.81688807 1394.81688807
 1394.81688807 1394.81688807 1394.81688807 1394.81688807 1394.81688807
 1394.81688807 1394.81688807 1394.81688807 1394.81688807 1394.81688807
 1394.81688807 1394.81688807 1394.81688807 1394.81688807 1394.81688807
 1394.81688807 1394.81688807 1394.81688807 1394.81688807 1394.81688807
 1394.81688807 1394.81688807 1394.81688807 1394.81688807 1394.81688807
 1394.81688807 1394.81688807 1394.81688807 1394.81688807 1394.81688807
 1394.81688807 1394.81688807 1394.81688807 1394.81688807 1394.81688807
 1394.81688807 1394.81688807 1394.81688807 1394.81688807 1394.81688807
 1394.81688807 1394.81688807 1394.81688807 1394.81688807 1394.81688807
 1394.81688807 1394.81688807 1394.81688807 1394.81688807 1394.81688807
 1394.81688807 1394.81688807 1394.81688807 1394.81688807 1394.81688807
 1394.81688807 1394.81688807 1394.81688807 1394.81688807 1394.81688807
 1394.81688807 1394.81688807 1394.81688807 1394.81688807 1394.81688807
 1394.81688807 1394.81688807 1394.81688807 1394.81688807 1394.81688807
 1394.81688807 1394.81688807 1394.81688807 1394.81688807 1394.81688807
 1394.81688807 1394.81688807 1394.81688807 1394.81688807 1394.81688807
 1394.81688807 1394.81688807 1394.81688807 1394.81688807 1394.81688807
 1394.81688807 1394.81688807 1394.81688807 1394.81688807 1394.81688807
 1394.81688807 1394.81688807 1394.81688807 1394.81688807 1394.81688807
 1394.81688807 1394.81688807 1394.81688807 1394.81688807 1394.81688807
 1394.81688807 1394.81688807 1394.81688807 1394.81688807 1394.81688807
 1394.81688807 1394.81688807 1394.81688807 1394.81688807 1394.81688807
 1394.81688807 1394.81688807 1394.81688807 1394.81688807 1394.81688807
 1394.81688807 1394.81688807 1394.81688807 1394.81688807 1394.81688807
 1394.81688807 1394.81688807 1394.81688807 1394.81688807 1394.81688807
 1394.81688807 1394.81688807 1394.81688807 1394.81688807 1394.81688807
 1394.81688807 1394.81688807 1394.81688807 1394.81688807 1394.81688807
 1394.81688807 1394.81688807 1394.81688807 1394.81688807 1394.81688807
 1394.81688807 1394.81688807 1394.81688807 1394.81688807 1394.81688807
 1394.81688807 1394.81688807 1394.81688807 1394.81688807 1394.81688807
 1394.81688807 1394.81688807 1394.81688807 1394.81688807 1394.81688807
 1394.81688807 1394.81688807 1394.81688807 1394.81688807 1394.81688807
 1394.81688807 1394.81688807 1394.81688807 1394.81688807 1394.81688807
 1394.81688807 1394.81688807 1394.81688807 1394.81688807 1394.81688807
 1394.81688807 1394.81688807 1394.81688807 1394.81688807 1394.81688807
 1394.81688807 1394.81688807 1394.81688807 1394.81688807 1394.81688807
 1394.81688807 1394.81688807 1394.81688807 1394.81688807 1394.81688807
 1394.81688807 1394.81688807 1394.81688807 1394.81688807 1394.81688807
 1394.81688807 1394.81688807 1394.81688807 1394.81688807 1394.81688807
 1394.81688807 1394.81688807 1394.81688807 1394.81688807 1394.81688807
 1394.81688807 1394.81688807 1394.81688807 1394.81688807 1394.81688807
 1394.81688807 1394.81688807 1394.81688807 1394.81688807 1394.81688807
 1394.81688807 1394.81688807 1394.81688807 1394.81688807 1394.81688807
 1394.81688807 1394.81688807 1394.81688807 1394.81688807 1394.81688807
 1394.81688807 1394.81688807 1394.81688807 1394.81688807 1394.81688807
 1394.81688807 1394.81688807 1394.81688807 1394.81688807 1394.81688807
 1394.81688807 1394.81688807 1394.81688807 1394.81688807 1394.81688807
 1394.81688807 1394.81688807 1394.81688807 1394.81688807 1394.81688807
 1394.81688807 1394.81688807 1394.81688807 1394.81688807 1394.81688807
 1394.81688807 1394.81688807 1394.81688807 1394.81688807 1394.81688807
 1394.81688807 1394.81688807 1394.81688807 1394.81688807 1394.81688807
 1394.81688807 1394.81688807 1394.81688807 1394.81688807 1394.81688807
 1394.81688807 1394.81688807 1394.81688807 1394.81688807 1394.81688807
 1394.81688807] 

Fitness stats avg: [4009.76065206 3915.32335128 3865.53197241 3832.13109931 3718.57310324
 3667.78737078 3566.81025306 3507.10254191 3486.04881569 3408.44149544
 3402.58399493 3363.98462628 3325.90207523 3300.64262567 3254.04215298
 3229.17587561 3179.96925462 3177.94328901 3109.38066581 3090.54755975
 3067.13565507 3042.86512521 3061.86183012 3022.24003477 2999.89283298
 2947.28982126 2906.7823691  2875.71821927 2864.92435839 2863.47510876
 2839.37692107 2866.53373936 2869.483666   2801.21350658 2799.9524817
 2765.93525864 2771.93451912 2786.1862039  2759.51275087 2749.98619117
 2673.48368316 2617.03523902 2577.74492075 2531.75108203 2512.91520266
 2483.03126408 2418.73660759 2432.11053426 2438.25729881 2430.76747684
 2396.04361501 2428.93866869 2405.08937471 2398.05376778 2395.36679712
 2349.54798612 2322.8667709  2298.54728717 2269.67897851 2234.7856568
 2207.70615749 2180.36225493 2186.94153918 2174.2343691  2134.29419531
 2133.01929746 2111.31456428 2098.64791777 2078.51269346 2065.00058051
 2069.92702575 2057.87861102 2001.39973665 1979.74105225 1965.08223639
 1948.02145152 1937.22857036 1916.32382644 1896.01985212 1874.6228577
 1862.25188831 1851.73915799 1844.90554691 1836.14926944 1842.25434065
 1823.88684169 1840.76149525 1811.60960155 1804.16307464 1785.95894047
 1790.8256159  1805.3857759  1796.19634091 1804.04964275 1785.60047609
 1769.49797148 1777.7067004  1802.00332118 1792.11856015 1774.62528506
 1798.22914587 1783.18015177 1782.85918312 1768.8764852  1786.5143412
 1781.07397324 1761.570998   1774.26936496 1783.22436282 1795.57401474
 1798.41544308 1738.82640426 1755.87594229 1762.75159613 1768.57152819
 1761.65911431 1760.40477577 1767.13746444 1753.36456883 1779.52038066
 1783.06636391 1757.29181748 1764.91571226 1749.84063009 1742.39215631
 1721.3049501  1711.55128439 1728.58545677 1710.9864398  1698.59852917
 1692.1794351  1706.75885446 1693.63787097 1701.29589314 1691.11412663
 1700.32222256 1699.86141373 1705.81204805 1716.43647404 1682.66905876
 1676.54965255 1660.21438004 1657.13257192 1672.54255965 1675.95133461
 1675.01955879 1676.05913019 1672.49655212 1689.88191359 1671.64761473
 1656.14743947 1660.37925732 1676.65156586 1664.26018695 1657.25774104
 1649.08171676 1639.49348727 1649.57223636 1651.29433193 1608.99905238
 1609.81960097 1620.22437855 1612.25965213 1615.34774041 1617.53295588
 1607.97447601 1620.57170517 1623.46661593 1613.81385689 1606.84903266
 1623.28868876 1626.5650434  1610.90606941 1621.67046977 1612.36171485
 1598.04483849 1610.07459692 1595.56485212 1619.17056491 1610.02039577
 1602.73041081 1605.75462032 1612.21819764 1626.15662642 1614.75112714
 1601.02816767 1629.32842819 1615.89716058 1637.60683337 1626.6463488
 1618.7726188  1600.78666795 1627.2436583  1599.34817867 1585.30843501
 1608.60563902 1606.86251245 1602.4411534  1623.66478243 1634.44254036
 1614.56844394 1600.32368674 1593.79019098 1585.28935076 1586.65678481
 1585.9903842  1586.32724971 1597.01876674 1599.91127073 1590.26573537
 1614.48774563 1626.26921911 1567.88596963 1565.8719989  1570.00878179
 1578.68567833 1584.33388234 1600.34610174 1640.9702755  1626.4368005
 1631.35492495 1622.94447442 1635.18030758 1649.20787404 1606.95739605
 1560.09511784 1577.54275404 1549.87812443 1543.67579464 1553.92205577
 1528.28423864 1536.92300172 1583.15204744 1579.22030546 1571.43099753
 1549.40416784 1583.43662741 1579.11580366 1561.35624024 1567.88904775
 1557.49763801 1552.62589025 1564.28279085 1583.41014268 1578.53341799
 1580.18757824 1575.07537781 1588.16613126 1573.55839664 1589.06220902
 1580.89583658 1557.54413851 1563.91327061 1559.80882545 1579.31554325
 1556.39785303 1547.25744991 1528.03938321 1556.89838416 1557.937635
 1561.98393599 1570.19186391 1540.81084362 1560.1983092  1550.18171001
 1571.76702648 1573.9056818  1564.89006069 1562.91100994 1550.30160539
 1557.52791761 1580.90748803 1559.71176699 1573.67328315 1570.15941704
 1592.42502663 1557.21936229 1566.03373115 1551.78825711 1573.53521647
 1584.07346674 1569.22286238 1541.06359152 1574.61075274 1548.22791058
 1585.5825314  1555.98968515 1572.47574806 1576.14933692 1574.52691075
 1582.74232329 1598.86478408 1563.48866332 1529.69636969 1529.83662858
 1541.86182343 1536.13163639 1566.94268436 1535.99313511 1559.12293308
 1543.01374836 1526.93324308 1562.22962939 1538.3205368  1515.47248758
 1527.28182889 1534.43668552 1530.64807723 1529.7443171  1538.18607206
 1501.15850278 1541.90360986 1538.71042306 1533.39859521 1509.63366734
 1517.51862856 1530.74143118 1547.16326925 1512.97008796 1519.8165647
 1525.99065865 1510.8591168  1500.49724781 1500.23636768 1533.79481053
 1535.17416998 1534.45145972 1521.9703316  1527.97651203 1519.30970994
 1525.6473361  1522.56197037 1509.56347311 1516.95965178 1527.33008535
 1530.55031225 1503.62176786 1490.07096732 1494.17094104 1473.6823967
 1499.46206737 1484.33217136 1497.90612275 1496.18256047 1488.86215764
 1476.55209231 1472.02274685 1483.75058653 1489.45608319 1482.47784017
 1494.65926435 1472.27267062 1507.08976112 1501.26666792 1477.10084344
 1510.55086295 1483.49378817 1490.72157039 1478.36067556 1489.17640632
 1491.66324104 1520.42189813 1473.46951223 1499.04365248 1478.33709824
 1502.20593003 1489.21879118 1474.38895492 1465.93871433 1483.2407513
 1491.88853694 1489.67746681 1483.55503963 1458.48025906 1475.38876445
 1462.31389497 1482.30052947 1466.74697407 1495.49927961 1497.22185463
 1481.20550899 1489.04193433 1473.18935031 1484.3022229  1461.3865039
 1485.0547102  1465.684757   1470.58934178 1478.84543161 1466.12138639
 1488.31729355 1485.66545207 1480.41179387 1488.4161753  1475.86400857
 1476.30835301 1499.18679593 1506.49172463 1480.04988798 1468.97716063
 1470.11823951 1479.23064181 1464.44832766 1474.55958663 1465.24965754
 1498.3849571  1483.11860728 1504.93018142 1481.25136683 1482.24939055
 1490.89690047 1501.8193533  1470.84510729 1490.65242867 1483.0648008
 1500.76423754 1488.03543921 1495.74965804 1501.48555181 1479.47515566
 1472.26779523 1474.07797862 1474.34154991 1449.23466132 1483.82012041
 1467.80220739 1480.31018151 1469.7724781  1498.58392954 1488.30150513
 1506.25194948 1486.34644277 1480.62114982 1463.58081486 1493.88940964
 1484.02866977 1481.796551   1461.65624289 1467.24076291 1500.79888081
 1459.948381   1476.59738558 1464.5544217  1473.1240839  1457.9968398
 1476.13237054 1493.48444647 1474.27210446 1463.31568946 1466.73376021
 1485.42712239 1466.61618546 1466.3568389  1466.39221814 1480.78260698
 1450.9247074  1477.60496762 1502.6107411  1520.75343288 1482.77723479
 1491.06469126 1458.56477526 1477.75857301 1462.77718755 1469.66732742
 1475.10562045 1484.66648322 1471.97720635 1497.12200793 1456.80223278
 1468.5447687  1499.0269406  1492.03592832 1486.61181437 1467.24242461
 1470.90443493 1477.93347753 1488.83379302 1497.19606203 1466.32987111
 1496.39746853 1481.78251551 1456.67316906 1487.81593634 1459.79838021
 1477.89875892 1480.58687918 1492.94222955 1463.2613083  1483.63371679
 1482.34203852 1462.98671123 1450.32228388 1463.06309329 1451.70230579
 1452.57372512 1465.21532763 1447.98496351 1459.82001635 1437.46756578
 1449.58138669 1461.98927421 1462.526959   1446.22741595 1454.06320601
 1456.74515103 1454.84564433 1456.33143146 1436.97453394 1463.89070046
 1466.42651299 1455.99983652 1471.19445447 1479.78743059 1477.62595484
 1465.98744169 1457.39368288 1440.004114   1461.11827023 1451.52955851
 1460.44094344 1468.00626212 1456.29256163 1475.97406893 1451.56769147
 1445.6222001  1448.74383574 1450.72844224 1461.65837462 1450.81762083
 1464.62606406 1474.10843395 1470.84260229 1452.94030358 1434.97438216
 1460.50049443 1450.76713357 1484.28566726 1482.68374681 1455.82548037
 1477.53650684 1485.30064784 1474.11772991 1482.45273542 1468.29538989
 1453.96846553 1464.36795039 1477.38022928 1465.86508865 1454.06692157
 1449.07159309 1470.71246952 1451.70249065 1454.92435561 1479.87937525
 1460.47500387 1450.57165654 1444.27064856 1457.96512671 1465.51349292
 1443.74502351 1486.00745647 1465.40316926 1486.14232107 1456.24763885
 1442.1282018  1445.09585474 1452.29381292 1448.65605125 1451.04862002
 1465.16667543 1467.67643396 1448.07277078 1467.188578   1457.05926198
 1453.93654687 1464.9834484  1447.91653664 1455.74317478 1452.72045869
 1468.07862855 1469.28849389 1442.15331579 1451.92116166 1455.09752751
 1458.38695276 1444.17717584 1478.1081786  1463.68481367 1453.78293429
 1464.29009308 1474.32452575 1470.22492106 1499.9811681  1470.8248349
 1467.83098554 1457.23625602 1435.31220872 1455.64961083 1446.49384374
 1468.66684652 1451.27549107 1473.17768174 1459.86458148 1452.06672884
 1461.05174003 1465.90218657 1471.81261785 1449.85476305 1467.0364395
 1454.62279649 1443.15781643 1439.97071957 1453.33314741 1461.20320978
 1465.10463949 1455.98390489 1441.62673302 1464.2955318  1444.02925102
 1444.5179331  1458.68710283 1472.57593658 1466.13638148 1445.91121409
 1469.6722163  1444.7973057  1435.93274407 1426.55555677 1453.70321955
 1444.28037926 1463.17988859 1460.76714707 1457.89935772 1463.11525176
 1477.79768722 1445.10145412 1445.54153174 1449.5253635  1448.23338823
 1419.2997979  1431.76901474 1465.85585525 1439.20269378 1460.53629249
 1451.28357703 1448.15120427 1459.29251153 1433.22924582 1447.00623192
 1466.61909084 1491.47463575 1431.17049703 1449.78311046 1457.14267098
 1457.17137864 1455.06976455 1445.67610555 1434.68036039 1461.13329835
 1464.31962248 1443.48771476 1462.55947506 1444.85058751 1480.23763954
 1457.42898957 1446.3887958  1436.89745145 1460.95776159 1446.36184411
 1442.03221612 1444.84449127 1452.56594487 1470.97265688 1445.65737813
 1454.22746147 1439.88818022 1462.3684713  1459.20269132 1440.05153379
 1459.7920751  1460.84234108 1437.21996587 1435.14261952 1460.8663732
 1425.40441201 1455.5966815  1445.83447745 1451.04451246 1451.76759796
 1449.72951701 1457.5152466  1453.02517957 1460.2355966  1455.83391601
 1445.50516362 1446.24046532 1466.21380265 1444.42673777 1459.13141591
 1452.31050533 1462.66908057 1427.53354229 1422.50433677 1446.04084222
 1463.83513256 1442.89374185 1436.83627008 1450.9064472  1449.48573413
 1472.94754412 1464.66758799 1440.96305546 1460.83340156 1459.61457594
 1455.76308998 1464.9098944  1452.71015769 1439.28823863 1446.51860231
 1451.20506167 1455.8260123  1481.06790428 1459.0842818  1458.8767779
 1462.73261283 1464.66865121 1468.68756942 1469.90945527 1439.09800774
 1442.59833491 1448.97400719 1449.09296995 1448.28525981 1463.49555641
 1453.41045806 1430.64118755 1431.6580328  1458.66672392 1461.37412618
 1467.60903029 1459.55462182 1453.09181461 1428.17481576 1445.48365411
 1458.533257   1470.71538548 1455.56402935 1440.22309103 1442.48858785
 1470.55479707 1484.1078033  1462.58554571 1455.03883196 1434.18485126
 1452.23636041 1437.26861675 1477.38791175 1447.95104314 1418.02365746
 1433.99723065 1459.75575995 1465.10594881 1451.04430012 1445.03322418
 1459.42004032 1472.81662366 1443.27199056 1473.57350886 1442.54283648
 1418.62673276 1434.46569067 1477.74261074 1487.82655768 1489.35950168
 1447.0446731  1435.03341982 1444.46179432 1457.77045732 1448.00807859
 1442.49428726 1452.2114801  1468.22442107 1450.56557886 1456.4817068
 1431.26029923 1441.42079376 1454.06014298 1467.09050963 1463.02479142
 1475.3168135  1453.06012112 1451.1071035  1460.30242934 1457.89133563
 1457.63519471 1455.52442781 1456.05310044 1453.1652217  1442.02565446
 1448.2588366  1440.75420868 1458.29116674 1445.77481852 1472.80731557
 1473.75580178 1462.63530745 1443.89927355 1427.01309383 1443.76822784
 1431.98846493 1470.45103175 1452.44127628 1448.73668792 1442.96682664
 1459.58801461 1458.1770331  1452.6064282  1446.22361913 1448.66189997
 1448.90633239 1449.56764002 1462.77553943 1450.08359832 1442.80656728
 1446.80851374 1450.73317622 1452.36629286 1463.68261578 1466.67215381
 1436.26872607 1435.00079114 1442.87428293 1428.12660273 1481.6513077
 1453.50407336 1479.30259954 1460.33922436 1470.06321925 1451.00963989
 1460.29478611 1448.60858127 1458.01125077 1439.82047525 1469.42974145
 1448.25181416 1447.1002573  1452.46532166 1451.008103   1456.82770693
 1452.36493399 1446.79885017 1435.94276151 1444.37152637 1451.90478996
 1427.58426883 1468.50449891 1473.30651053 1475.17042974 1437.46705448
 1437.83886261 1443.93883868 1464.7503278  1452.13562729 1440.89823684
 1449.10215655 1458.81020585 1454.06942698 1428.92995771 1455.72161073
 1462.90861722 1442.35129923 1430.53571435 1461.1356164  1450.47527833
 1434.44580067 1452.18933725 1453.54958126 1460.09383704 1452.58282553
 1441.5301766  1465.55895427 1449.11075631 1441.70539619 1423.41951391
 1455.29754038 1429.11026127 1451.67777761 1433.51679962 1459.10134433
 1470.54695187 1429.27655587 1461.55026987 1457.05591334 1455.37683348
 1446.83804494 1445.56647421 1480.90860132 1464.01870784 1477.38653913
 1438.71417539 1469.60281951 1452.30122242 1458.76439353 1456.23108376
 1451.53858592 1440.62607517 1445.65684023 1461.32926528 1441.2176949
 1447.05515551 1454.91787136 1435.51818126 1453.50215044 1471.69576175
 1477.85002739 1457.44271186 1449.874205   1453.79853608 1476.45729512
 1453.71674083 1458.77167716 1463.83760994 1419.99048439 1491.89440001
 1461.98823014 1443.14224325 1427.38329124 1449.13430211 1455.39186665
 1452.84651858 1451.59509064 1434.93178495 1453.58780094 1443.22680423
 1445.18714858 1452.41476628 1461.85704321 1469.37848288 1455.00651236
 1441.68994651 1451.31058346 1467.11837067 1460.68714755 1453.64546362
 1449.17496534 1468.9840025  1455.91592095 1458.19287323 1487.14154591
 1457.98832245 1449.50927982 1463.55356379 1431.24640227 1452.61073145
 1462.67157605 1452.85487994 1461.31066113 1443.45563393 1459.51128025
 1454.44912327 1434.99777156 1434.15285851 1443.89056912 1439.76394896
 1485.43497073 1441.30271367 1455.67781423 1418.68492627 1429.09948168
 1412.66194024 1424.78687438 1410.18256456 1395.10120832 1418.84845647
 1416.72978559 1410.39059194 1419.03375363 1430.46976848 1414.04504088
 1422.80693471 1438.68321812 1430.22748015 1419.40843343 1423.06956106
 1431.61830106 1415.08333836 1431.35101409 1432.10365892 1443.81799488
 1452.24085157 1435.3860951  1421.12737579 1427.42568    1407.29932053
 1430.40417517 1429.98734505 1439.04024638 1434.17071255 1435.14063881
 1449.21409197] 

Feasible stats: [(  0.,   0.) (  0., 100.) (  0., 100.) ( 52.,  48.) ( 52.,  48.)
 ( 43.,  57.) ( 43.,  57.) ( 56.,  44.) ( 56.,  44.) ( 47.,  53.)
 ( 47.,  53.) ( 30.,  70.) ( 30.,  70.) ( 40.,  60.) ( 40.,  60.)
 ( 51.,  49.) ( 51.,  49.) ( 44.,  56.) ( 44.,  56.) ( 57.,  43.)
 ( 57.,  43.) ( 52.,  48.) ( 52.,  48.) ( 48.,  52.) ( 48.,  52.)
 ( 47.,  53.) ( 47.,  53.) ( 62.,  38.) ( 62.,  38.) ( 70.,  30.)
 ( 70.,  30.) ( 49.,  51.) ( 49.,  51.) ( 59.,  41.) ( 59.,  41.)
 ( 59.,  41.) ( 59.,  41.) ( 55.,  45.) ( 55.,  45.) ( 53.,  47.)
 ( 53.,  47.) ( 53.,  47.) ( 53.,  47.) ( 58.,  42.) ( 58.,  42.)
 ( 71.,  29.) ( 71.,  29.) ( 65.,  35.) ( 65.,  35.) ( 74.,  26.)
 ( 74.,  26.) ( 66.,  34.) ( 66.,  34.) ( 70.,  30.) ( 70.,  30.)
 ( 71.,  29.) ( 71.,  29.) ( 67.,  33.) ( 67.,  33.) ( 77.,  23.)
 ( 77.,  23.) ( 75.,  25.) ( 75.,  25.) ( 73.,  27.) ( 73.,  27.)
 ( 73.,  27.) ( 73.,  27.) ( 85.,  15.) ( 85.,  15.) ( 81.,  19.)
 ( 81.,  19.) ( 92.,   8.) ( 92.,   8.) ( 97.,   3.) ( 97.,   3.)
 ( 90.,  10.) ( 90.,  10.) ( 96.,   4.) ( 96.,   4.) ( 97.,   3.)
 ( 97.,   3.) ( 97.,   3.) ( 97.,   3.) ( 99.,   1.) ( 99.,   1.)
 ( 95.,   5.) ( 95.,   5.) ( 94.,   6.) ( 94.,   6.) ( 93.,   7.)
 ( 93.,   7.) ( 97.,   3.) ( 97.,   3.) ( 97.,   3.) ( 97.,   3.)
 ( 99.,   1.) ( 99.,   1.) ( 98.,   2.) ( 98.,   2.) ( 95.,   5.)
 ( 95.,   5.) ( 96.,   4.) ( 96.,   4.) ( 96.,   4.) ( 96.,   4.)
 ( 94.,   6.) ( 94.,   6.) ( 98.,   2.) ( 98.,   2.) ( 96.,   4.)
 ( 96.,   4.) ( 95.,   5.) ( 95.,   5.) ( 98.,   2.) ( 98.,   2.)
 ( 98.,   2.) ( 98.,   2.) ( 97.,   3.) ( 97.,   3.) ( 95.,   5.)
 ( 95.,   5.) ( 91.,   9.) ( 91.,   9.) ( 99.,   1.) ( 99.,   1.)
 ( 96.,   4.) ( 96.,   4.) ( 98.,   2.) ( 98.,   2.) ( 98.,   2.)
 ( 98.,   2.) ( 96.,   4.) ( 96.,   4.) ( 98.,   2.) ( 98.,   2.)
 ( 93.,   7.) ( 93.,   7.) ( 96.,   4.) ( 96.,   4.) ( 95.,   5.)
 ( 95.,   5.) (100.,   0.) (100.,   0.) ( 96.,   4.) ( 96.,   4.)
 ( 97.,   3.) ( 97.,   3.) ( 96.,   4.) ( 96.,   4.) ( 90.,  10.)
 ( 90.,  10.) ( 96.,   4.) ( 96.,   4.) ( 94.,   6.) ( 94.,   6.)
 ( 96.,   4.) ( 96.,   4.) ( 94.,   6.) ( 94.,   6.) ( 93.,   7.)
 ( 93.,   7.) ( 97.,   3.) ( 97.,   3.) ( 98.,   2.) ( 98.,   2.)
 ( 98.,   2.) ( 98.,   2.) ( 98.,   2.) ( 98.,   2.) ( 95.,   5.)
 ( 95.,   5.) ( 98.,   2.) ( 98.,   2.) ( 96.,   4.) ( 96.,   4.)
 ( 97.,   3.) ( 97.,   3.) ( 95.,   5.) ( 95.,   5.) ( 95.,   5.)
 ( 95.,   5.) ( 96.,   4.) ( 96.,   4.) ( 99.,   1.) ( 99.,   1.)
 ( 95.,   5.) ( 95.,   5.) ( 93.,   7.) ( 93.,   7.) ( 95.,   5.)
 ( 95.,   5.) ( 97.,   3.) ( 97.,   3.) ( 95.,   5.) ( 95.,   5.)
 ( 98.,   2.) ( 98.,   2.) ( 94.,   6.) ( 94.,   6.) ( 94.,   6.)
 ( 94.,   6.) ( 91.,   9.) ( 91.,   9.) ( 96.,   4.) ( 96.,   4.)
 ( 97.,   3.) ( 97.,   3.) ( 99.,   1.) ( 99.,   1.) ( 94.,   6.)
 ( 94.,   6.) ( 96.,   4.) ( 96.,   4.) ( 96.,   4.) ( 96.,   4.)
 ( 96.,   4.) ( 96.,   4.) ( 97.,   3.) ( 97.,   3.) ( 92.,   8.)
 ( 92.,   8.) ( 94.,   6.) ( 94.,   6.) ( 90.,  10.) ( 90.,  10.)
 ( 94.,   6.) ( 94.,   6.) ( 97.,   3.) ( 97.,   3.) ( 98.,   2.)
 ( 98.,   2.) ( 99.,   1.) ( 99.,   1.) ( 96.,   4.) ( 96.,   4.)
 ( 99.,   1.) ( 99.,   1.) ( 97.,   3.) ( 97.,   3.) ( 97.,   3.)
 ( 97.,   3.) ( 97.,   3.) ( 97.,   3.) ( 96.,   4.) ( 96.,   4.)
 ( 96.,   4.) ( 96.,   4.) ( 96.,   4.) ( 96.,   4.) ( 97.,   3.)
 ( 97.,   3.) ( 97.,   3.) ( 97.,   3.) ( 97.,   3.) ( 97.,   3.)
 ( 97.,   3.) ( 97.,   3.) ( 98.,   2.) ( 98.,   2.) ( 96.,   4.)
 ( 96.,   4.) ( 99.,   1.) ( 99.,   1.) ( 97.,   3.) ( 97.,   3.)
 (100.,   0.) (100.,   0.) ( 98.,   2.) ( 98.,   2.) ( 96.,   4.)
 ( 96.,   4.) ( 99.,   1.) ( 99.,   1.) ( 96.,   4.) ( 96.,   4.)
 ( 95.,   5.) ( 95.,   5.) ( 95.,   5.) ( 95.,   5.) ( 97.,   3.)
 ( 97.,   3.) ( 99.,   1.) ( 99.,   1.) ( 94.,   6.) ( 94.,   6.)
 ( 96.,   4.) ( 96.,   4.) ( 95.,   5.) ( 95.,   5.) ( 94.,   6.)
 ( 94.,   6.) ( 96.,   4.) ( 96.,   4.) ( 98.,   2.) ( 98.,   2.)
 ( 97.,   3.) ( 97.,   3.) ( 98.,   2.) ( 98.,   2.) ( 93.,   7.)
 ( 93.,   7.) ( 98.,   2.) ( 98.,   2.) ( 97.,   3.) ( 97.,   3.)
 ( 99.,   1.) ( 99.,   1.) ( 96.,   4.) ( 96.,   4.) ( 96.,   4.)
 ( 96.,   4.) ( 99.,   1.) ( 99.,   1.) ( 98.,   2.) ( 98.,   2.)
 ( 99.,   1.) ( 99.,   1.) ( 96.,   4.) ( 96.,   4.) ( 99.,   1.)
 ( 99.,   1.) ( 95.,   5.) ( 95.,   5.) ( 99.,   1.) ( 99.,   1.)
 ( 95.,   5.) ( 95.,   5.) ( 98.,   2.) ( 98.,   2.) ( 98.,   2.)
 ( 98.,   2.) ( 96.,   4.) ( 96.,   4.) ( 94.,   6.) ( 94.,   6.)
 ( 99.,   1.) ( 99.,   1.) ( 92.,   8.) ( 92.,   8.) ( 95.,   5.)
 ( 95.,   5.) ( 98.,   2.) ( 98.,   2.) ( 97.,   3.) ( 97.,   3.)
 ( 98.,   2.) ( 98.,   2.) ( 99.,   1.) ( 99.,   1.) ( 98.,   2.)
 ( 98.,   2.) ( 93.,   7.) ( 93.,   7.) ( 97.,   3.) ( 97.,   3.)
 ( 98.,   2.) ( 98.,   2.) ( 99.,   1.) ( 99.,   1.) ( 96.,   4.)
 ( 96.,   4.) ( 94.,   6.) ( 94.,   6.) (100.,   0.) (100.,   0.)
 ( 98.,   2.) ( 98.,   2.) ( 99.,   1.) ( 99.,   1.) ( 97.,   3.)
 ( 97.,   3.) ( 98.,   2.) ( 98.,   2.) (100.,   0.) (100.,   0.)
 (100.,   0.) (100.,   0.) ( 96.,   4.) ( 96.,   4.) ( 95.,   5.)
 ( 95.,   5.) ( 95.,   5.) ( 95.,   5.) ( 96.,   4.) ( 96.,   4.)
 (100.,   0.) (100.,   0.) ( 97.,   3.) ( 97.,   3.) ( 96.,   4.)
 ( 96.,   4.) ( 97.,   3.) ( 97.,   3.) ( 98.,   2.) ( 98.,   2.)
 ( 98.,   2.) ( 98.,   2.) ( 98.,   2.) ( 98.,   2.) ( 98.,   2.)
 ( 98.,   2.) ( 97.,   3.) ( 97.,   3.) (100.,   0.) (100.,   0.)
 ( 97.,   3.) ( 97.,   3.) ( 98.,   2.) ( 98.,   2.) ( 97.,   3.)
 ( 97.,   3.) ( 99.,   1.) ( 99.,   1.) ( 99.,   1.) ( 99.,   1.)
 ( 97.,   3.) ( 97.,   3.) ( 99.,   1.) ( 99.,   1.) ( 97.,   3.)
 ( 97.,   3.) (100.,   0.) (100.,   0.) ( 97.,   3.) ( 97.,   3.)
 ( 97.,   3.) ( 97.,   3.) ( 99.,   1.) ( 99.,   1.) ( 98.,   2.)
 ( 98.,   2.) ( 95.,   5.) ( 95.,   5.) ( 94.,   6.) ( 94.,   6.)
 ( 99.,   1.) ( 99.,   1.) ( 98.,   2.) ( 98.,   2.) ( 99.,   1.)
 ( 99.,   1.) ( 96.,   4.) ( 96.,   4.) ( 99.,   1.) ( 99.,   1.)
 ( 98.,   2.) ( 98.,   2.) ( 98.,   2.) ( 98.,   2.) ( 97.,   3.)
 ( 97.,   3.) ( 95.,   5.) ( 95.,   5.) ( 99.,   1.) ( 99.,   1.)
 ( 97.,   3.) ( 97.,   3.) ( 97.,   3.) ( 97.,   3.) ( 98.,   2.)
 ( 98.,   2.) ( 96.,   4.) ( 96.,   4.) ( 96.,   4.) ( 96.,   4.)
 ( 99.,   1.) ( 99.,   1.) ( 98.,   2.) ( 98.,   2.) ( 97.,   3.)
 ( 97.,   3.) (100.,   0.) (100.,   0.) ( 98.,   2.) ( 98.,   2.)
 ( 95.,   5.) ( 95.,   5.) ( 96.,   4.) ( 96.,   4.) ( 98.,   2.)
 ( 98.,   2.) ( 99.,   1.) ( 99.,   1.) ( 96.,   4.) ( 96.,   4.)
 ( 98.,   2.) ( 98.,   2.) ( 98.,   2.) ( 98.,   2.) ( 98.,   2.)
 ( 98.,   2.) ( 99.,   1.) ( 99.,   1.) ( 98.,   2.) ( 98.,   2.)
 ( 97.,   3.) ( 97.,   3.) ( 98.,   2.) ( 98.,   2.) ( 97.,   3.)
 ( 97.,   3.) ( 99.,   1.) ( 99.,   1.) ( 97.,   3.) ( 97.,   3.)
 ( 97.,   3.) ( 97.,   3.) ( 98.,   2.) ( 98.,   2.) ( 97.,   3.)
 ( 97.,   3.) ( 97.,   3.) ( 97.,   3.) (100.,   0.) (100.,   0.)
 ( 99.,   1.) ( 99.,   1.) ( 99.,   1.) ( 99.,   1.) ( 98.,   2.)
 ( 98.,   2.) ( 96.,   4.) ( 96.,   4.) ( 99.,   1.) ( 99.,   1.)
 ( 97.,   3.) ( 97.,   3.) ( 96.,   4.) ( 96.,   4.) ( 97.,   3.)
 ( 97.,   3.) ( 97.,   3.) ( 97.,   3.) ( 98.,   2.) ( 98.,   2.)
 ( 99.,   1.) ( 99.,   1.) ( 98.,   2.) ( 98.,   2.) ( 99.,   1.)
 ( 99.,   1.) ( 96.,   4.) ( 96.,   4.) ( 93.,   7.) ( 93.,   7.)
 ( 98.,   2.) ( 98.,   2.) ( 99.,   1.) ( 99.,   1.) ( 96.,   4.)
 ( 96.,   4.) ( 99.,   1.) ( 99.,   1.) ( 97.,   3.) ( 97.,   3.)
 ( 94.,   6.) ( 94.,   6.) ( 97.,   3.) ( 97.,   3.) ( 99.,   1.)
 ( 99.,   1.) ( 99.,   1.) ( 99.,   1.) ( 95.,   5.) ( 95.,   5.)
 ( 99.,   1.) ( 99.,   1.) ( 97.,   3.) ( 97.,   3.) ( 98.,   2.)
 ( 98.,   2.) ( 98.,   2.) ( 98.,   2.) ( 98.,   2.) ( 98.,   2.)
 ( 99.,   1.) ( 99.,   1.) ( 99.,   1.) ( 99.,   1.) ( 99.,   1.)
 ( 99.,   1.) ( 96.,   4.) ( 96.,   4.) ( 99.,   1.) ( 99.,   1.)
 ( 97.,   3.) ( 97.,   3.) ( 98.,   2.) ( 98.,   2.) ( 99.,   1.)
 ( 99.,   1.) ( 94.,   6.) ( 94.,   6.) ( 98.,   2.) ( 98.,   2.)
 ( 93.,   7.) ( 93.,   7.) (100.,   0.) (100.,   0.) ( 98.,   2.)
 ( 98.,   2.) ( 95.,   5.) ( 95.,   5.) ( 95.,   5.) ( 95.,   5.)
 ( 98.,   2.) ( 98.,   2.) ( 95.,   5.) ( 95.,   5.) ( 98.,   2.)
 ( 98.,   2.) ( 98.,   2.) ( 98.,   2.) ( 97.,   3.) ( 97.,   3.)
 ( 93.,   7.) ( 93.,   7.) ( 95.,   5.) ( 95.,   5.) ( 98.,   2.)
 ( 98.,   2.) ( 96.,   4.) ( 96.,   4.) ( 97.,   3.) ( 97.,   3.)
 ( 99.,   1.) ( 99.,   1.) ( 97.,   3.) ( 97.,   3.) ( 98.,   2.)
 ( 98.,   2.) ( 99.,   1.) ( 99.,   1.) ( 95.,   5.) ( 95.,   5.)
 ( 95.,   5.) ( 95.,   5.) ( 97.,   3.) ( 97.,   3.) ( 96.,   4.)
 ( 96.,   4.) ( 99.,   1.) ( 99.,   1.) ( 96.,   4.) ( 96.,   4.)
 ( 97.,   3.) ( 97.,   3.) ( 99.,   1.) ( 99.,   1.) ( 99.,   1.)
 ( 99.,   1.) ( 95.,   5.) ( 95.,   5.) ( 95.,   5.) ( 95.,   5.)
 ( 99.,   1.) ( 99.,   1.) ( 97.,   3.) ( 97.,   3.) ( 98.,   2.)
 ( 98.,   2.) ( 97.,   3.) ( 97.,   3.) ( 98.,   2.) ( 98.,   2.)
 ( 98.,   2.) ( 98.,   2.) ( 92.,   8.) ( 92.,   8.) ( 97.,   3.)
 ( 97.,   3.) ( 98.,   2.) ( 98.,   2.) ( 96.,   4.) ( 96.,   4.)
 ( 95.,   5.) ( 95.,   5.) ( 99.,   1.) ( 99.,   1.) ( 98.,   2.)
 ( 98.,   2.) ( 99.,   1.) ( 99.,   1.) ( 95.,   5.) ( 95.,   5.)
 ( 98.,   2.) ( 98.,   2.) ( 97.,   3.) ( 97.,   3.) (100.,   0.)
 (100.,   0.) ( 96.,   4.) ( 96.,   4.) ( 96.,   4.) ( 96.,   4.)
 ( 96.,   4.) ( 96.,   4.) ( 97.,   3.) ( 97.,   3.) ( 97.,   3.)
 ( 97.,   3.) ( 99.,   1.) ( 99.,   1.) ( 98.,   2.) ( 98.,   2.)
 ( 98.,   2.) ( 98.,   2.) ( 98.,   2.) ( 98.,   2.) ( 98.,   2.)
 ( 98.,   2.) ( 96.,   4.) ( 96.,   4.) (100.,   0.) (100.,   0.)
 ( 97.,   3.) ( 97.,   3.) ( 98.,   2.) ( 98.,   2.) ( 97.,   3.)
 ( 97.,   3.) ( 96.,   4.) ( 96.,   4.) ( 90.,  10.) ( 90.,  10.)
 ( 98.,   2.) ( 98.,   2.) ( 98.,   2.) ( 98.,   2.) ( 96.,   4.)
 ( 96.,   4.) ( 98.,   2.) ( 98.,   2.) ( 96.,   4.) ( 96.,   4.)
 ( 98.,   2.) ( 98.,   2.) ( 99.,   1.) ( 99.,   1.) ( 97.,   3.)
 ( 97.,   3.) ( 98.,   2.) ( 98.,   2.) ( 97.,   3.) ( 97.,   3.)
 ( 96.,   4.) ( 96.,   4.) ( 97.,   3.) ( 97.,   3.) ( 99.,   1.)
 ( 99.,   1.) (100.,   0.) (100.,   0.) ( 97.,   3.) ( 97.,   3.)
 ( 96.,   4.) ( 96.,   4.) ( 99.,   1.) ( 99.,   1.) ( 97.,   3.)
 ( 97.,   3.) ( 95.,   5.) ( 95.,   5.) ( 97.,   3.) ( 97.,   3.)
 ( 98.,   2.) ( 98.,   2.) ( 95.,   5.) ( 95.,   5.) ( 97.,   3.)
 ( 97.,   3.) (100.,   0.) (100.,   0.) ( 93.,   7.) ( 93.,   7.)
 ( 97.,   3.) ( 97.,   3.) ( 96.,   4.) ( 96.,   4.) ( 99.,   1.)
 ( 99.,   1.) ( 98.,   2.) ( 98.,   2.) ( 97.,   3.) ( 97.,   3.)
 ( 98.,   2.) ( 98.,   2.) ( 96.,   4.) ( 96.,   4.) ( 95.,   5.)
 ( 95.,   5.) ( 96.,   4.) ( 96.,   4.) ( 99.,   1.) ( 99.,   1.)
 ( 98.,   2.) ( 98.,   2.) ( 98.,   2.) ( 98.,   2.) ( 96.,   4.)
 ( 96.,   4.) ( 96.,   4.) ( 96.,   4.) ( 97.,   3.) ( 97.,   3.)
 ( 97.,   3.) ( 97.,   3.) ( 94.,   6.) ( 94.,   6.) ( 97.,   3.)
 ( 97.,   3.) ( 99.,   1.) ( 99.,   1.) ( 96.,   4.) ( 96.,   4.)
 ( 97.,   3.) ( 97.,   3.) ( 98.,   2.) ( 98.,   2.) ( 98.,   2.)
 ( 98.,   2.) ( 99.,   1.) ( 99.,   1.) ( 94.,   6.) ( 94.,   6.)
 ( 98.,   2.) ( 98.,   2.) ( 98.,   2.) ( 98.,   2.) ( 95.,   5.)
 ( 95.,   5.) (100.,   0.) (100.,   0.) ( 97.,   3.) ( 97.,   3.)
 ( 94.,   6.) ( 94.,   6.) ( 95.,   5.) ( 95.,   5.) ( 95.,   5.)
 ( 95.,   5.) ( 96.,   4.) ( 96.,   4.) ( 93.,   7.) ( 93.,   7.)
 ( 97.,   3.) ( 97.,   3.) ( 99.,   1.) ( 99.,   1.) ( 95.,   5.)
 ( 95.,   5.) ( 98.,   2.) ( 98.,   2.) ( 98.,   2.) ( 98.,   2.)
 ( 99.,   1.) ( 99.,   1.) ( 98.,   2.) ( 98.,   2.) ( 97.,   3.)
 ( 97.,   3.) ( 98.,   2.) ( 98.,   2.) ( 98.,   2.) ( 98.,   2.)
 ( 99.,   1.) ( 99.,   1.) ( 97.,   3.) ( 97.,   3.) ( 98.,   2.)
 ( 98.,   2.) ( 96.,   4.) ( 96.,   4.) ( 98.,   2.) ( 98.,   2.)
 ( 97.,   3.) ( 97.,   3.) ( 96.,   4.) ( 96.,   4.) ( 98.,   2.)
 ( 98.,   2.) ( 98.,   2.) ( 98.,   2.) ( 94.,   6.) ( 94.,   6.)
 ( 99.,   1.) ( 99.,   1.) (100.,   0.) (100.,   0.) ( 98.,   2.)
 ( 98.,   2.) ( 97.,   3.) ( 97.,   3.) ( 97.,   3.) ( 97.,   3.)
 ( 95.,   5.) ( 95.,   5.) (100.,   0.) (100.,   0.) ( 98.,   2.)
 ( 98.,   2.) ( 99.,   1.) ( 99.,   1.) ( 98.,   2.) ( 98.,   2.)
 ( 97.,   3.) ( 97.,   3.) ( 98.,   2.) ( 98.,   2.) ( 98.,   2.)
 ( 98.,   2.) ( 97.,   3.) ( 97.,   3.) ( 99.,   1.) ( 99.,   1.)
 ( 95.,   5.) ( 95.,   5.) ( 97.,   3.) ( 97.,   3.) ( 97.,   3.)
 ( 97.,   3.) ( 94.,   6.) ( 94.,   6.) ( 99.,   1.) ( 99.,   1.)
 ( 95.,   5.) ( 95.,   5.) (100.,   0.) (100.,   0.) (100.,   0.)
 (100.,   0.) ( 99.,   1.) ( 99.,   1.) (100.,   0.) (100.,   0.)
 ( 97.,   3.) ( 97.,   3.) ( 99.,   1.) ( 99.,   1.) ( 99.,   1.)
 ( 99.,   1.) ( 95.,   5.) ( 95.,   5.) ( 98.,   2.) ( 98.,   2.)
 ( 96.,   4.) ( 96.,   4.) ( 98.,   2.) ( 98.,   2.) ( 96.,   4.)
 ( 96.,   4.) ( 97.,   3.) ( 97.,   3.) ( 96.,   4.) ( 96.,   4.)
 ( 98.,   2.) ( 98.,   2.) ( 97.,   3.) ( 97.,   3.) ( 96.,   4.)
 ( 96.,   4.) ( 92.,   8.) ( 92.,   8.) ( 89.,  11.) ( 89.,  11.)
 ( 74.,  26.) ( 74.,  26.) ( 63.,  37.) ( 63.,  37.) ( 36.,  64.)
 ( 36.,  64.) ( 26.,  74.) ( 26.,  74.) ( 12.,  88.) ( 12.,  88.)
 ( 13.,  87.) ( 13.,  87.) ( 12.,  88.) ( 12.,  88.) ( 14.,  86.)
 ( 14.,  86.) ( 14.,  86.) ( 14.,  86.) ( 17.,  83.) ( 17.,  83.)
 ( 18.,  82.) ( 18.,  82.) ( 15.,  85.) ( 15.,  85.) (  9.,  91.)
 (  9.,  91.) ( 19.,  81.) ( 19.,  81.) ( 21.,  79.) ( 21.,  79.)
 ( 12.,  88.) ( 12.,  88.) ( 11.,  89.) ( 11.,  89.) ( 12.,  88.)
 ( 12.,  88.)] 
Solution Description: 
p: [  0.          84.19772028 102.42231329 136.96959266 187.30014476
 248.76514403 272.49175706 273.23297912 290.76852029 290.76972281
   0.          18.67738622  30.64321524  42.05782343  53.23107971
  92.54198086 119.10226072 128.72236906 194.41299722 215.20333719
 219.86825933 305.24011941 311.48757045 368.03805537 369.06898426
   0.          63.50234846  81.31511279  86.95207702 110.11003388
 140.2831358  192.45449664 225.13342348 234.74647251 363.88339909
 379.44976259 379.7167078  406.90572367 490.78234211 491.24279503
 524.25189953 550.8135387  557.29774113   0.          57.94053935
  68.06454056 113.78783563 120.59909064 138.11101854 151.97495362
 162.48596746 177.68043987] 
pred: [0 0 0 2 2 2 2 2 7 7 0 0 0 2 2 2 2 2 7 7 7 7 7 7 7 0 0 0 0 0 0 0 6 6 8 8 8
 8 8 8 8 8 8 0 0 0 2 2 2 2 6 6] 
distance [  0.          84.19772028 102.42231329  34.54727937  84.87783147
 146.34283074 170.06944377 170.81066583  17.53554117  17.53674369
   0.          18.67738622  30.64321524  11.41460818  22.58786447
  61.89876561  88.45904548  98.07915382  65.69062816  86.48096814
  91.14589027 176.51775035 182.76520139 239.31568631 240.3466152
   0.          63.50234846  81.31511279  86.95207702 110.11003388
 140.2831358  192.45449664  32.67892685  42.29197587 129.13692659
 144.70329008 144.97023529 172.15925116 256.0358696  256.49632252
 289.50542702 316.06706619 322.55126862   0.          57.94053935
  68.06454056  45.72329507  52.53455008  70.04647798  83.91041306
  10.51101384  25.70548625]
load: [  0  10  26  13  35  54  67  81  13  24   0  22  29  18  43  48  64  85
   8  18  21  35  39  54  70   0  20  40  52  58  75  80  12  21   9  28
  44  49  52  61  71  85 110   0   6  21  21  40  65  89   8  21] 
time: [  0.         414.         443.16015238  80.         115.34683757
 171.22731303 246.0875257  297.69631997 170.         322.
   0.         182.         397.          90.         130.
 160.         398.         455.04593794 203.         228.39224704
 244.56663558 329.         341.2602819  457.         541.77518222
   0.         198.         215.24054306 317.         357.35052296
 434.         475.95303324 399.         412.17329674 108.
 140.15799758 192.         233.04333374 319.         387.22169751
 432.15790545 464.09986026 514.51586521   0.         271.
 443.         115.         308.         414.         459.
 121.         375.        ] 
time warps: [0 0 0 0 0 0 0 0 0 0 0 0 0 0 0 0 0 0 0 0 0 0 0 0 0 0 0 0 0 0 0 0 0 0 0 0 0
 0 0 0 0 0 0 0 0 0 0 0 0 0 0 0] 
duration: [  0.         101.19772028 140.42231329  41.54727937 116.87783147
 195.34283074 241.06944377 245.81066583  23.53554117 170.90952231
   0.          24.67738622 239.90580809  12.41460818  64.77686183
 122.28197165 373.345295   405.96540334  75.69062816 103.48096814
 112.14589027 239.03649029 268.28394133 403.99083849 406.02176737
   0.          71.50234846  94.31511279 188.48012876 213.63808562
 317.35815655 372.52951738  34.67892685  50.29197587 131.13692659
 167.70329008 193.01987139 244.20888726 361.10328518 377.5637381
 423.5728426  470.13448177 494.6186842    0.          67.94053935
 253.37723626  55.72329507 251.32425496 360.05582284 416.78695721
  17.51101384 277.60463388]

All individuals: [(13, [ 9, 14, 17,  8, 48,  3,  9, 42, 46, 39, 35,  7, 37, 34, 11, 10, 45,  6, 27, 22, 41, 31, 44, 25, 15, 40, 32, 29,  8,  5, 26, 18, 17,  1, 28, 13, 33, 20,  4, 19, 14, 36, 23, 16, 47, 12, 38, 24, 21, 43,  2, 30], 1367.12835481, 1353.38923907, 0., 3.46959353, 0., 0., 0, 0, 0.)
 (13, [ 9, 14, 17,  8,  3, 48,  9, 42, 46, 39, 35,  7, 37, 34, 11, 10, 45,  6, 27, 22, 41, 31, 44, 25, 15, 40, 32, 29,  8,  5, 26, 18, 17,  1, 28, 13, 33, 20,  4, 19, 14, 36, 23, 16, 47, 12, 38, 24, 21, 43,  2, 30], 1367.12835481, 1353.38923907, 0., 3.46959353, 0., 0., 0, 0, 0.)
 (13, [ 9, 14, 17,  8,  3, 48,  9, 42, 46, 39, 35,  7, 37, 34, 11, 10, 45,  6, 27, 22, 41, 31, 44, 25, 15, 40, 32, 29,  8,  5, 26, 18, 17,  1, 28, 13, 33, 20,  4, 19, 14, 36, 23, 16, 47, 12, 38, 24, 21, 43,  2, 30], 1367.12835481, 1353.38923907, 0., 3.46959353, 0., 0., 0, 0, 0.)
 (13, [ 9, 14, 17,  8, 48,  3,  9, 42, 46, 39, 35,  7, 37, 34, 11, 10, 45,  6, 27, 22, 41, 31, 44, 25, 15, 40, 32, 29,  8,  5, 26, 18, 17,  1, 28, 13, 33, 20,  4, 19, 14, 36, 23, 16, 47, 12, 38, 24, 21, 43,  2, 30], 1367.12835481, 1353.38923907, 0., 3.46959353, 0., 0., 0, 0, 0.)
 (13, [ 9, 14, 17,  8, 48,  3,  9, 42, 46, 39, 35,  7, 37, 34, 11, 10, 45,  6, 27, 22, 41, 31, 44, 25, 15, 40, 32, 29,  8,  5, 26, 18, 17,  1, 28, 13, 33, 20,  4, 19, 14, 36, 23, 16, 47, 12, 38, 24, 21, 43,  2, 30], 1367.12835481, 1353.38923907, 0., 3.46959353, 0., 0., 0, 0, 0.)
 (13, [ 9, 14, 17,  8,  3, 48,  9, 42, 46, 39, 35,  7, 37, 34, 11, 10, 45,  6, 27, 22, 41, 31, 44, 25, 15, 40, 32, 29,  8,  5, 26, 18, 17,  1, 28, 13, 33, 20,  4, 19, 14, 36, 23, 16, 47, 12, 38, 24, 21, 43,  2, 30], 1367.12835481, 1353.38923907, 0., 3.46959353, 0., 0., 0, 0, 0.)
 (13, [ 9, 14, 17,  8, 48,  3,  9, 42, 46, 39, 35,  7, 37, 34, 11, 10, 45,  6, 27, 22, 41, 31, 44, 25, 15, 40, 32, 29,  8,  5, 26, 18, 17,  1, 28, 13, 33, 20,  4, 19, 14, 36, 23, 16, 47, 12, 38, 24, 21, 43,  2, 30], 1367.12835481, 1353.38923907, 0., 3.46959353, 0., 0., 0, 0, 0.)
 (13, [ 9, 14, 17,  8,  3, 48,  9, 42, 46, 39, 35,  7, 37, 34, 11, 10, 45,  6, 27, 22, 41, 31, 44, 25, 15, 40, 32, 29,  8,  5, 26, 18, 17,  1, 28, 13, 33, 20,  4, 19, 14, 36, 23, 16, 47, 12, 38, 24, 21, 43,  2, 30], 1367.12835481, 1353.38923907, 0., 3.46959353, 0., 0., 0, 0, 0.)
 (13, [ 9, 14, 17,  8, 48,  3,  9, 42, 46, 39, 35,  7, 37, 34, 11, 10, 45,  6, 27, 22, 41, 31, 44, 25, 15, 40, 32, 29,  8,  5, 26, 18, 17,  1, 28, 13, 33, 20,  4, 19, 14, 36, 23, 16, 47, 12, 38, 24, 21, 43,  2, 30], 1367.12835481, 1353.38923907, 0., 3.46959353, 0., 0., 0, 0, 0.)
 (13, [ 9, 14, 17,  8, 48,  3,  9, 42, 46, 39, 35,  7, 37, 34, 11, 10, 45,  6, 27, 22, 41, 31, 44, 25, 15, 40, 32, 29,  8,  5, 26, 18, 17,  1, 28, 13, 33, 20,  4, 19, 14, 36, 23, 16, 47, 12, 38, 24, 21, 43,  2, 30], 1367.12835481, 1353.38923907, 0., 3.46959353, 0., 0., 0, 0, 0.)
 (13, [ 9, 14, 17,  8,  3, 48,  9, 42, 46, 39, 35,  7, 37, 34, 11, 10, 45,  6, 27, 22, 41, 31, 44, 25, 15, 40, 32, 29,  8,  5, 26, 18, 17,  1, 28, 13, 33, 20,  4, 19, 14, 36, 23, 16, 47, 12, 38, 24, 21, 43,  2, 30], 1367.12835481, 1353.38923907, 0., 3.46959353, 0., 0., 0, 0, 0.)
 (13, [ 9, 14, 17,  8,  3, 48,  9, 42, 46, 39, 35,  7, 37, 34, 11, 10, 45,  6, 27, 22, 41, 31, 44, 25, 15, 40, 32, 29,  8,  5, 26, 18, 17,  1, 28, 13, 33, 20,  4, 19, 14, 36, 23, 16, 47, 12, 38, 24, 21, 43,  2, 30], 1367.12835481, 1353.38923907, 0., 3.46959353, 0., 0., 0, 0, 0.)
 (13, [ 9, 14, 17,  8, 48,  3,  9, 42, 46, 39, 35,  7, 37, 34, 11, 10, 45,  6, 27, 22, 41, 31, 44, 25, 15, 40, 32, 29,  8,  5, 26, 18, 17,  1, 28, 13, 33, 20,  4, 19, 14, 36, 23, 16, 47, 12, 38, 24, 21, 43,  2, 30], 1367.12835481, 1353.38923907, 0., 3.46959353, 0., 0., 0, 0, 0.)
 (13, [ 9, 14, 17,  8,  3, 48,  9, 42, 46, 39, 35,  7, 37, 34, 11, 10, 45,  6, 27, 22, 41, 31, 44, 25, 15, 40, 32, 29,  8,  5, 26, 18, 17,  1, 28, 13, 33, 20,  4, 19, 14, 36, 23, 16, 47, 12, 38, 24, 21, 43,  2, 30], 1367.12835481, 1353.38923907, 0., 3.46959353, 0., 0., 0, 0, 0.)
 (13, [ 9, 14, 17,  8, 48,  3,  9, 42, 46, 39, 35,  7, 37, 34, 11, 10, 45,  6, 27, 22, 41, 31, 44, 25, 15, 40, 32, 29,  8,  5, 26, 18, 17,  1, 28, 13, 33, 20,  4, 19, 14, 36, 23, 16, 47, 12, 38, 24, 21, 43,  2, 30], 1367.12835481, 1353.38923907, 0., 3.46959353, 0., 0., 0, 0, 0.)
 (13, [ 9, 14, 17,  8, 48,  3,  9, 42, 46, 39, 35,  7, 37, 34, 11, 10, 45,  6, 27, 22, 41, 31, 44, 25, 15, 40, 32, 29,  8,  5, 26, 18, 17,  1, 28, 13, 33, 20,  4, 19, 14, 36, 23, 16, 47, 12, 38, 24, 21, 43,  2, 30], 1367.12835481, 1353.38923907, 0., 3.46959353, 0., 0., 0, 0, 0.)
 (13, [ 9, 14, 17,  8, 48,  3,  9, 42, 46, 39, 35,  7, 37, 34, 11, 10, 45,  6, 27, 22, 41, 31, 44, 25, 15, 40, 32, 29,  8,  5, 26, 18, 17,  1, 28, 13, 33, 20,  4, 19, 14, 36, 23, 16, 47, 12, 38, 24, 21, 43,  2, 30], 1367.12835481, 1353.38923907, 0., 3.46959353, 0., 0., 0, 0, 0.)
 (13, [ 9, 14, 17,  8,  3, 48,  9, 42, 46, 39, 35,  7, 37, 34, 11, 10, 45,  6, 27, 22, 41, 31, 44, 25, 15, 40, 32, 29,  8,  5, 26, 18, 17,  1, 28, 13, 33, 20,  4, 19, 14, 36, 23, 16, 47, 12, 38, 24, 21, 43,  2, 30], 1367.12835481, 1353.38923907, 0., 3.46959353, 0., 0., 0, 0, 0.)
 (13, [ 9, 14, 17,  8, 48,  3,  9, 42, 46, 39, 35,  7, 37, 34, 11, 10, 45,  6, 27, 22, 41, 31, 44, 25, 15, 40, 32, 29,  8,  5, 26, 18, 17,  1, 28, 13, 33, 20,  4, 19, 14, 36, 23, 16, 47, 12, 38, 24, 21, 43,  2, 30], 1367.12835481, 1353.38923907, 0., 3.46959353, 0., 0., 0, 0, 0.)
 (13, [ 9, 14, 17,  8, 48,  3,  9, 42, 46, 39, 35,  7, 37, 34, 11, 10, 45,  6, 27, 22, 41, 31, 44, 25, 15, 40, 32, 29,  8,  5, 26, 18, 17,  1, 28, 13, 33, 20,  4, 19, 14, 36, 23, 16, 47, 12, 38, 24, 21, 43,  2, 30], 1367.12835481, 1353.38923907, 0., 3.46959353, 0., 0., 0, 0, 0.)
 (13, [ 9, 14, 17,  8, 48,  3,  9, 42, 46, 39, 35,  7, 37, 34, 11, 10, 45,  6, 27, 22, 41, 31, 44, 25, 15, 40, 32, 29,  8,  5, 26, 18, 17,  1, 28, 13, 33, 20,  4, 19, 14, 36, 23, 16, 47, 12, 38, 24, 21, 43,  2, 30], 1367.12835481, 1353.38923907, 0., 3.46959353, 0., 0., 0, 0, 0.)
 (13, [ 9, 14, 17,  8, 48,  3,  9, 42, 46, 39, 35,  7, 37, 34, 11, 10, 45,  6, 27, 22, 41, 31, 44, 25, 15, 40, 32, 29,  8,  5, 26, 18, 17,  1, 28, 13, 33, 20,  4, 19, 14, 36, 23, 16, 47, 12, 38, 24, 21, 43,  2, 30], 1367.12835481, 1353.38923907, 0., 3.46959353, 0., 0., 0, 0, 0.)
 (13, [ 9, 14, 17,  8, 48,  3,  9, 42, 46, 39, 35,  7, 37, 34, 11, 10, 45,  6, 27, 22, 41, 31, 44, 25, 15, 40, 32, 29,  8,  5, 26, 18, 17,  1, 28, 13, 33, 20,  4, 19, 14, 36, 23, 16, 47, 12, 38, 24, 21, 43,  2, 30], 1367.12835481, 1353.38923907, 0., 3.46959353, 0., 0., 0, 0, 0.)
 (13, [ 9, 14, 17,  8, 48,  3,  9, 42, 46, 39, 35,  7, 37, 34, 11, 10, 45,  6, 27, 22, 41, 31, 44, 25, 15, 40, 32, 29,  8,  5, 26, 18, 17,  1, 28, 13, 33, 20,  4, 19, 14, 36, 23, 16, 47, 12, 38, 24, 21, 43,  2, 30], 1367.12835481, 1353.38923907, 0., 3.46959353, 0., 0., 0, 0, 0.)
 (13, [ 9, 14, 17,  8, 48,  3,  9, 42, 46, 39, 35,  7, 37, 34, 11, 10, 45,  6, 27, 22, 41, 31, 44, 25, 15, 40, 32, 29,  8,  5, 26, 18, 17,  1, 28, 13, 33, 20,  4, 19, 14, 36, 23, 16, 47, 12, 38, 24, 21, 43,  2, 30], 1367.12835481, 1353.38923907, 0., 3.46959353, 0., 0., 0, 0, 0.)
 (13, [ 9, 14, 17,  8,  3, 48,  9, 42, 46, 39, 35,  7, 37, 34, 11, 10, 45,  6, 27, 22, 41, 31, 44, 25, 15, 40, 32, 29,  8,  5, 26, 18, 17,  1, 28, 13, 33, 20,  4, 19, 14, 36, 23, 16, 47, 12, 38, 24, 21, 43,  2, 30], 1367.12835481, 1353.38923907, 0., 3.46959353, 0., 0., 0, 0, 0.)
 (13, [ 9, 14, 17,  8,  3, 48,  9, 42, 46, 39, 35,  7, 37, 34, 11, 10, 45,  6, 27, 22, 41, 31, 44, 25, 15, 40, 32, 29,  8,  5, 26, 18, 17,  1, 28, 13, 33, 20,  4, 19, 14, 36, 23, 16, 47, 12, 38, 24, 21, 43,  2, 30], 1367.12835481, 1353.38923907, 0., 3.46959353, 0., 0., 0, 0, 0.)
 (13, [ 9, 14, 17,  8, 48,  3,  9, 42, 46, 39, 35,  7, 37, 34, 11, 10, 45,  6, 27, 22, 41, 31, 44, 25, 15, 40, 32, 29,  8,  5, 26, 18, 17,  1, 28, 13, 33, 20,  4, 19, 14, 36, 23, 16, 47, 12, 38, 24, 21, 43,  2, 30], 1367.12835481, 1353.38923907, 0., 3.46959353, 0., 0., 0, 0, 0.)
 (13, [ 9, 14, 17,  8, 48,  3,  9, 42, 46, 39, 35,  7, 37, 34, 11, 10, 45,  6, 27, 22, 41, 31, 44, 25, 15, 40, 32, 29,  8,  5, 26, 18, 17,  1, 28, 13, 33, 20,  4, 19, 14, 36, 23, 16, 47, 12, 38, 24, 21, 43,  2, 30], 1367.12835481, 1353.38923907, 0., 3.46959353, 0., 0., 0, 0, 0.)
 (13, [ 9, 14, 17,  8, 48,  3,  9, 42, 46, 39, 35,  7, 37, 34, 11, 10, 45,  6, 27, 22, 41, 31, 44, 25, 15, 40, 32, 29,  8,  5, 26, 18, 17,  1, 28, 13, 33, 20,  4, 19, 14, 36, 23, 16, 47, 12, 38, 24, 21, 43,  2, 30], 1367.12835481, 1353.38923907, 0., 3.46959353, 0., 0., 0, 0, 0.)
 (13, [ 9, 14, 17,  8, 48,  3,  9, 42, 46, 39, 35,  7, 37, 34, 11, 10, 45,  6, 27, 22, 41, 31, 44, 25, 15, 40, 32, 29,  8,  5, 26, 18, 17,  1, 28, 13, 33, 20,  4, 19, 14, 36, 23, 16, 47, 12, 38, 24, 21, 43,  2, 30], 1367.12835481, 1353.38923907, 0., 3.46959353, 0., 0., 0, 0, 0.)
 (13, [ 9, 14, 17,  8, 48,  3,  9, 42, 46, 39, 35,  7, 37, 34, 11, 10, 45,  6, 27, 22, 41, 31, 44, 25, 15, 40, 32, 29,  8,  5, 26, 18, 17,  1, 28, 13, 33, 20,  4, 19, 14, 36, 23, 16, 47, 12, 38, 24, 21, 43,  2, 30], 1367.12835481, 1353.38923907, 0., 3.46959353, 0., 0., 0, 0, 0.)
 (13, [ 9, 14, 17,  8,  3, 48,  9, 42, 46, 39, 35,  7, 37, 34, 11, 10, 45,  6, 27, 22, 41, 31, 44, 25, 15, 40, 32, 29,  8,  5, 26, 18, 17,  1, 28, 13, 33, 20,  4, 19, 14, 36, 23, 16, 47, 12, 38, 24, 21, 43,  2, 30], 1367.12835481, 1353.38923907, 0., 3.46959353, 0., 0., 0, 0, 0.)
 (13, [ 9, 14, 17,  8, 48,  3,  9, 42, 46, 39, 35,  7, 37, 34, 11, 10, 45,  6, 27, 22, 41, 31, 44, 25, 15, 40, 32, 29,  8,  5, 26, 18, 17,  1, 28, 13, 33, 20,  4, 19, 14, 36, 23, 16, 47, 12, 38, 24, 21, 43,  2, 30], 1367.12835481, 1353.38923907, 0., 3.46959353, 0., 0., 0, 0, 0.)
 (13, [ 9, 14, 17,  8,  3, 48,  9, 42, 46, 39, 35,  7, 37, 34, 11, 10, 45,  6, 27, 22, 41, 31, 44, 25, 15, 40, 32, 29,  8,  5, 26, 18, 17,  1, 28, 13, 33, 20,  4, 19, 14, 36, 23, 16, 47, 12, 38, 24, 21, 43,  2, 30], 1367.12835481, 1353.38923907, 0., 3.46959353, 0., 0., 0, 0, 0.)
 (13, [ 9, 14, 17,  8,  3, 48,  9, 42, 46, 39, 35,  7, 37, 34, 11, 10, 45,  6, 27, 22, 41, 31, 44, 25, 15, 40, 32, 29,  8,  5, 26, 18, 17,  1, 28, 13, 33, 20,  4, 19, 14, 36, 23, 16, 47, 12, 38, 24, 21, 43,  2, 30], 1367.12835481, 1353.38923907, 0., 3.46959353, 0., 0., 0, 0, 0.)
 (13, [ 9, 14, 17,  8,  3, 48,  9, 42, 46, 39, 35,  7, 37, 34, 11, 10, 45,  6, 27, 22, 41, 31, 44, 25, 15, 40, 32, 29,  8,  5, 26, 18, 17,  1, 28, 13, 33, 20,  4, 19, 14, 36, 23, 16, 47, 12, 38, 24, 21, 43,  2, 30], 1367.12835481, 1353.38923907, 0., 3.46959353, 0., 0., 0, 0, 0.)
 (13, [ 9, 14, 17,  8,  3, 48,  9, 42, 46, 39, 35,  7, 37, 34, 11, 10, 45,  6, 27, 22, 41, 31, 44, 25, 15, 40, 32, 29,  8,  5, 26, 18, 17,  1, 28, 13, 33, 20,  4, 19, 14, 36, 23, 16, 47, 12, 38, 24, 21, 43,  2, 30], 1367.12835481, 1353.38923907, 0., 3.46959353, 0., 0., 0, 0, 0.)
 (13, [ 9, 14, 17,  8, 48,  3,  9, 42, 46, 39, 35,  7, 37, 34, 11, 10, 45,  6, 27, 22, 41, 31, 44, 25, 15, 40, 32, 29,  8,  5, 26, 18, 17,  1, 28, 13, 33, 20,  4, 19, 14, 36, 23, 16, 47, 12, 38, 24, 21, 43,  2, 30], 1367.12835481, 1353.38923907, 0., 3.46959353, 0., 0., 0, 0, 0.)
 (13, [ 9, 14, 17,  8, 48,  3,  9, 42, 46, 39, 35,  7, 37, 34, 11, 10, 45,  6, 27, 22, 41, 31, 44, 25, 15, 40, 32, 29,  8,  5, 26, 18, 17,  1, 28, 13, 33, 20,  4, 19, 14, 36, 23, 16, 47, 12, 38, 24, 21, 43,  2, 30], 1367.12835481, 1353.38923907, 0., 3.46959353, 0., 0., 0, 0, 0.)
 (13, [ 9, 14, 17,  8, 48,  3,  9, 42, 46, 39, 35,  7, 37, 34, 11, 10, 45,  6, 27, 22, 41, 31, 44, 25, 15, 40, 32, 29,  8,  5, 26, 18, 17,  1, 28, 13, 33, 20,  4, 19, 14, 36, 23, 16, 47, 12, 38, 24, 21, 43,  2, 30], 1367.12835481, 1353.38923907, 0., 3.46959353, 0., 0., 0, 0, 0.)
 (13, [ 9, 14, 17,  8, 48,  3,  9, 42, 46, 39, 35,  7, 37, 34, 11, 10, 45,  6, 27, 22, 41, 31, 44, 25, 15, 40, 32, 29,  8,  5, 26, 18, 17,  1, 28, 13, 33, 20,  4, 19, 14, 36, 23, 16, 47, 12, 38, 24, 21, 43,  2, 30], 1367.12835481, 1353.38923907, 0., 3.46959353, 0., 0., 0, 0, 0.)
 (13, [ 9, 14, 17,  8, 48,  3,  9, 42, 46, 39, 35,  7, 37, 34, 11, 10, 45,  6, 27, 22, 41, 31, 44, 25, 15, 40, 32, 29,  8,  5, 26, 18, 17,  1, 28, 13, 33, 20,  4, 19, 14, 36, 23, 16, 47, 12, 38, 24, 21, 43,  2, 30], 1367.12835481, 1353.38923907, 0., 3.46959353, 0., 0., 0, 0, 0.)
 (13, [ 9, 14, 17,  8, 48,  3,  9, 42, 46, 39, 35,  7, 37, 34, 11, 10, 45,  6, 27, 22, 41, 31, 44, 25, 15, 40, 32, 29,  8,  5, 26, 18, 17,  1, 28, 13, 33, 20,  4, 19, 14, 36, 23, 16, 47, 12, 38, 24, 21, 43,  2, 30], 1367.12835481, 1353.38923907, 0., 3.46959353, 0., 0., 0, 0, 0.)
 (13, [ 9, 14, 17,  8, 48,  3,  9, 42, 46, 39, 35,  7, 37, 34, 11, 10, 45,  6, 27, 22, 41, 31, 44, 25, 15, 40, 32, 29,  8,  5, 26, 18, 17,  1, 28, 13, 33, 20,  4, 19, 14, 36, 23, 16, 47, 12, 38, 24, 21, 43,  2, 30], 1367.12835481, 1353.38923907, 0., 3.46959353, 0., 0., 0, 0, 0.)
 (13, [ 9, 14, 17,  8,  3, 48,  9, 42, 46, 39, 35,  7, 37, 34, 11, 10, 45,  6, 27, 22, 41, 31, 44, 25, 15, 40, 32, 29,  8,  5, 26, 18, 17,  1, 28, 13, 33, 20,  4, 19, 14, 36, 23, 16, 47, 12, 38, 24, 21, 43,  2, 30], 1367.12835481, 1353.38923907, 0., 3.46959353, 0., 0., 0, 0, 0.)
 (13, [ 9, 14, 17,  8, 48,  3,  9, 42, 46, 39, 35,  7, 37, 34, 11, 10, 45,  6, 27, 22, 41, 31, 44, 25, 15, 40, 32, 29,  8,  5, 26, 18, 17,  1, 28, 13, 33, 20,  4, 19, 14, 36, 23, 16, 47, 12, 38, 24, 21, 43,  2, 30], 1367.12835481, 1353.38923907, 0., 3.46959353, 0., 0., 0, 0, 0.)
 (13, [ 9, 14, 17,  8, 48,  3,  9, 42, 46, 39, 35,  7, 37, 34, 11, 10, 45,  6, 27, 22, 41, 31, 44, 25, 15, 40, 32, 29,  8,  5, 26, 18, 17,  1, 28, 13, 33, 20,  4, 19, 14, 36, 23, 16, 47, 12, 38, 24, 21, 43,  2, 30], 1367.12835481, 1353.38923907, 0., 3.46959353, 0., 0., 0, 0, 0.)
 (13, [ 9, 14, 17,  8, 48,  3,  9, 42, 46, 39, 35,  7, 37, 34, 11, 10, 45,  6, 27, 22, 41, 31, 44, 25, 15, 40, 32, 29,  8,  5, 26, 18, 17,  1, 28, 13, 33, 20,  4, 19, 14, 36, 23, 16, 47, 12, 38, 24, 21, 43,  2, 30], 1367.12835481, 1353.38923907, 0., 3.46959353, 0., 0., 0, 0, 0.)
 (13, [ 9, 14, 17,  8,  3, 48,  9, 42, 46, 39, 35,  7, 37, 34, 11, 10, 45,  6, 27, 22, 41, 31, 44, 25, 15, 40, 32, 29,  8,  5, 26, 18, 17,  1, 28, 13, 33, 20,  4, 19, 14, 36, 23, 16, 47, 12, 38, 24, 21, 43,  2, 30], 1367.12835481, 1353.38923907, 0., 3.46959353, 0., 0., 0, 0, 0.)
 (13, [ 9, 14, 17,  8, 48,  3,  9, 42, 46, 39, 35,  7, 37, 34, 11, 10, 45,  6, 27, 22, 41, 31, 44, 25, 15, 40, 32, 29,  8,  5, 26, 18, 17,  1, 28, 13, 33, 20,  4, 19, 14, 36, 23, 16, 47, 12, 38, 24, 21, 43,  2, 30], 1367.12835481, 1353.38923907, 0., 3.46959353, 0., 0., 0, 0, 0.)
 (13, [ 9, 14, 17,  8, 48,  3,  9, 42, 46, 39, 35,  7, 37, 34, 11, 10, 45,  6, 27, 22, 41, 31, 44, 25, 15, 40, 32, 29,  8,  5, 26, 18, 17,  1, 28, 13, 33, 20,  4, 19, 14, 36, 23, 16, 47, 12, 38, 24, 21, 43,  2, 30], 1367.12835481, 1353.38923907, 0., 3.46959353, 0., 0., 0, 0, 0.)
 (13, [ 9, 14, 17,  8, 48,  3,  9, 42, 46, 39, 35,  7, 37, 34, 11, 10, 45,  6, 27, 22, 41, 31, 44, 25, 15, 40, 32, 29,  8,  5, 26, 18, 17,  1, 28, 13, 33, 20,  4, 19, 14, 36, 23, 16, 47, 12, 38, 24, 21, 43,  2, 30], 1367.12835481, 1353.38923907, 0., 3.46959353, 0., 0., 0, 0, 0.)
 (13, [ 9, 14, 17,  8, 48,  3,  9, 42, 46, 39, 35,  7, 37, 34, 11, 10, 45,  6, 27, 22, 41, 31, 44, 25, 15, 40, 32, 29,  8,  5, 26, 18, 17,  1, 28, 13, 33, 20,  4, 19, 14, 36, 23, 16, 47, 12, 38, 24, 21, 43,  2, 30], 1367.12835481, 1353.38923907, 0., 3.46959353, 0., 0., 0, 0, 0.)
 (13, [ 9, 14, 17,  8, 48,  3,  9, 42, 46, 39, 35,  7, 37, 34, 11, 10, 45,  6, 27, 22, 41, 31, 44, 25, 15, 40, 32, 29,  8,  5, 26, 18, 17,  1, 28, 13, 33, 20,  4, 19, 14, 36, 23, 16, 47, 12, 38, 24, 21, 43,  2, 30], 1367.12835481, 1353.38923907, 0., 3.46959353, 0., 0., 0, 0, 0.)
 (13, [ 9, 14, 17,  8, 48,  3,  9, 42, 46, 39, 35,  7, 37, 34, 11, 10, 45,  6, 27, 22, 41, 31, 44, 25, 15, 40, 32, 29,  8,  5, 26, 18, 17,  1, 28, 13, 33, 20,  4, 19, 14, 36, 23, 16, 47, 12, 38, 24, 21, 43,  2, 30], 1367.12835481, 1353.38923907, 0., 3.46959353, 0., 0., 0, 0, 0.)
 (13, [ 9, 14, 17,  8, 48,  3,  9, 42, 46, 39, 35,  7, 37, 34, 11, 10, 45,  6, 27, 22, 41, 31, 44, 25, 15, 40, 32, 29,  8,  5, 26, 18, 17,  1, 28, 13, 33, 20,  4, 19, 14, 36, 23, 16, 47, 12, 38, 24, 21, 43,  2, 30], 1367.12835481, 1353.38923907, 0., 3.46959353, 0., 0., 0, 0, 0.)
 (13, [ 9, 14, 17,  8, 48,  3,  9, 42, 46, 39, 35,  7, 37, 34, 11, 10, 45,  6, 27, 22, 41, 31, 44, 25, 15, 40, 32, 29,  8,  5, 26, 18, 17,  1, 28, 13, 33, 20,  4, 19, 14, 36, 23, 16, 47, 12, 38, 24, 21, 43,  2, 30], 1367.12835481, 1353.38923907, 0., 3.46959353, 0., 0., 0, 0, 0.)
 (13, [ 9, 14, 17,  8, 48,  3,  9, 42, 46, 39, 35,  7, 37, 34, 11, 10, 45,  6, 27, 22, 41, 31, 44, 25, 15, 40, 32, 29,  8,  5, 26, 18, 17,  1, 28, 13, 33, 20,  4, 19, 14, 36, 23, 16, 47, 12, 38, 24, 21, 43,  2, 30], 1367.12835481, 1353.38923907, 0., 3.46959353, 0., 0., 0, 0, 0.)
 (13, [ 9, 14, 17,  8, 48,  3,  9, 42, 46, 39, 35,  7, 37, 34, 11, 10, 45,  6, 27, 22, 41, 31, 44, 25, 15, 40, 32, 29,  8,  5, 26, 18, 17,  1, 28, 13, 33, 20,  4, 19, 14, 36, 23, 16, 47, 12, 38, 24, 21, 43,  2, 30], 1367.12835481, 1353.38923907, 0., 3.46959353, 0., 0., 0, 0, 0.)
 (13, [ 9, 14, 17,  8,  3, 48,  9, 42, 46, 39, 35,  7, 37, 34, 11, 10, 45,  6, 27, 22, 41, 31, 44, 25, 15, 40, 32, 29,  8,  5, 26, 18, 17,  1, 28, 13, 33, 20,  4, 19, 14, 36, 23, 16, 47, 12, 38, 24, 21, 43,  2, 30], 1367.12835481, 1353.38923907, 0., 3.46959353, 0., 0., 0, 0, 0.)
 (13, [ 9, 14, 17,  8, 48,  3,  9, 42, 46, 39, 35,  7, 37, 34, 11, 10, 45,  6, 27, 22, 41, 31, 44, 25, 15, 40, 32, 29,  8,  5, 26, 18, 17,  1, 28, 13, 33, 20,  4, 19, 14, 36, 23, 16, 47, 12, 38, 24, 21, 43,  2, 30], 1367.12835481, 1353.38923907, 0., 3.46959353, 0., 0., 0, 0, 0.)
 (13, [ 9, 14, 17,  8,  3, 48,  9, 42, 46, 39, 35,  7, 37, 34, 11, 10, 45,  6, 27, 22, 41, 31, 44, 25, 15, 40, 32,  8, 29,  5, 26, 18, 17,  1, 28, 13, 33, 20,  4, 19, 14, 36, 23, 16, 47, 12, 38, 24, 21, 43,  2, 30], 1378.36942172, 1364.63030598, 0., 3.46959353, 0., 0., 0, 0, 0.)
 (13, [ 9, 14, 17,  8, 48,  3,  9, 42, 46, 39, 35,  7, 37, 34, 11, 10, 45,  6, 27, 22, 41, 31, 44, 25, 15, 40, 32, 29,  8,  5, 26, 18, 17,  1, 28, 13, 33, 20,  4, 19, 14, 36, 23, 16, 12, 38, 47, 24, 21, 43,  2, 30], 1394.81688807, 1394.81688807, 0., 0.        , 0., 0., 0, 0, 0.)
 (13, [ 9, 14, 17,  8, 48,  3,  9, 42, 46, 39, 35,  7, 37, 34, 11, 10, 45,  6, 27, 22, 41, 31, 44, 25, 15, 40, 32, 29,  8,  5, 26, 18, 17,  1, 28, 13, 33, 20,  4, 19, 14, 36, 23, 16, 12, 38, 47, 24, 21, 43,  2, 30], 1394.81688807, 1394.81688807, 0., 0.        , 0., 0., 0, 0, 0.)
 (13, [ 9, 14, 17,  8, 48,  3,  9, 42, 46, 39, 35,  7, 37, 34, 11, 10, 45,  6, 27, 22, 41, 31, 44, 25, 15, 40, 32, 29,  8,  5, 26, 18, 17,  1, 28, 13, 33, 20,  4, 19, 14, 36, 23, 16, 12, 38, 47, 24, 21, 43,  2, 30], 1394.81688807, 1394.81688807, 0., 0.        , 0., 0., 0, 0, 0.)
 (13, [ 9, 14, 17,  8, 48,  3,  9, 42, 46, 39, 35,  7, 37, 34, 11, 10, 45,  6, 27, 22, 41, 31, 44, 25, 15, 40, 32, 29,  8,  5, 26, 18, 17,  1, 28, 13, 33, 20,  4, 19, 14, 36, 23, 16, 12, 38, 47, 24, 21, 43,  2, 30], 1394.81688807, 1394.81688807, 0., 0.        , 0., 0., 0, 0, 0.)
 (13, [ 9, 14, 17,  8, 48,  3,  9, 42, 46, 39, 35,  7, 37, 34, 11, 10, 45,  6, 27, 22, 41, 31, 44, 25, 15, 40, 32, 29,  8,  5, 26, 18, 17,  1, 28, 13, 33, 20,  4, 19, 14, 36, 23, 16, 12, 38, 47, 24, 21, 43,  2, 30], 1394.81688807, 1394.81688807, 0., 0.        , 0., 0., 0, 0, 0.)
 (13, [ 9, 14, 17,  8, 48,  3,  9, 42, 46, 39, 35,  7, 37, 34, 11, 10, 45,  6, 27, 22, 41, 31, 44, 25, 15, 40, 32, 29,  8,  5, 26, 18, 17,  1, 28, 13, 33, 20,  4, 19, 14, 36, 23, 16, 12, 38, 47, 24, 21, 43,  2, 30], 1394.81688807, 1394.81688807, 0., 0.        , 0., 0., 0, 0, 0.)
 (13, [ 9, 14, 17,  8, 48,  3,  9, 42, 46, 39, 35,  7, 37, 34, 11, 10, 45,  6, 27, 22, 41, 31, 44, 25, 15, 40, 32, 29,  8,  5, 26, 18, 17,  1, 28, 13, 33, 20,  4, 19, 14, 36, 23, 16, 12, 38, 47, 24, 21, 43,  2, 30], 1394.81688807, 1394.81688807, 0., 0.        , 0., 0., 0, 0, 0.)
 (13, [ 9, 14, 17,  8, 48,  3,  9, 42, 46, 39, 35,  7, 37, 34, 11, 10, 45,  6, 27, 22, 41, 31, 44, 25, 15, 40, 32, 29,  8,  5, 26, 18, 17,  1, 28, 13, 33, 20,  4, 19, 14, 36, 23, 16, 12, 38, 47, 24, 21, 43,  2, 30], 1394.81688807, 1394.81688807, 0., 0.        , 0., 0., 0, 0, 0.)
 (13, [ 9, 14, 17,  8, 48,  3,  9, 42, 46, 39, 35,  7, 37, 34, 11, 10, 45,  6, 27, 22, 41, 31, 44, 25, 15, 40, 32, 29,  8,  5, 26, 18, 17,  1, 28, 13, 33, 20,  4, 19, 14, 36, 23, 16, 12, 38, 47, 24, 21, 43,  2, 30], 1394.81688807, 1394.81688807, 0., 0.        , 0., 0., 0, 0, 0.)
 (13, [ 9, 14, 17,  8, 48,  3,  9, 42, 46, 39, 35,  7, 37, 34, 11, 10, 45,  6, 27, 22, 41, 31, 44, 25, 15, 40, 32, 29,  8,  5, 26, 18, 17,  1, 28, 13, 33, 20,  4, 19, 14, 36, 23, 16, 12, 38, 47, 24, 21, 43,  2, 30], 1394.81688807, 1394.81688807, 0., 0.        , 0., 0., 0, 0, 0.)
 (13, [ 9, 14, 17,  8,  3, 48,  9, 42, 46, 39, 35,  7, 37, 34, 11, 10, 45,  6, 27, 22, 41, 31, 44, 25, 15, 43, 32, 29,  8,  5, 26, 18, 17,  1, 28, 13, 33, 20,  4, 19, 14, 36, 23, 16, 47, 12, 38, 24, 21, 40,  2, 30], 1408.93058739, 1436.96774966, 0., 3.46959353, 0., 0., 0, 0, 0.)
 (13, [ 9, 14, 17,  8, 48,  3,  9, 42, 46, 39, 35,  7, 37, 27, 11, 10, 45,  6, 34, 22, 41, 31, 44, 25, 15, 40, 32, 29,  8,  5, 26, 18, 17,  1, 28, 13, 33, 20,  4, 19, 14, 36, 23, 16, 47, 12, 38, 24, 21, 43,  2, 30], 1421.53979702, 1407.80068129, 0., 3.46959353, 0., 0., 0, 0, 0.)
 (13, [ 9, 14, 17,  8,  3, 48,  9, 42, 46, 32, 35,  7, 37, 34, 11, 10, 45,  6, 27, 22, 41, 31, 44, 25, 15, 40, 39, 29,  8,  5, 26, 18, 17,  1, 28, 13, 33, 20,  4, 19, 14, 36, 23, 16, 47, 12, 38, 24, 21, 43,  2, 30], 1476.17916656, 1462.44005082, 0., 3.46959353, 0., 0., 0, 0, 0.)
 (13, [10, 13, 16,  9, 48,  3,  9, 42, 46, 39, 35,  7, 37, 34, 11, 10, 45,  6, 27, 22, 41, 31, 44, 25, 15, 40, 32, 29,  8,  5, 26, 18, 17,  1, 28, 13, 33, 20,  4, 19, 14, 36, 23, 16, 47, 12, 38, 24, 21, 43,  2, 30], 1481.91730139, 1468.17818565, 0., 3.46959353, 0., 0., 0, 0, 0.)
 (13, [ 9, 14, 17,  8, 48,  3,  9, 42, 46, 39, 35,  7, 37, 34, 11, 10, 45,  6, 27, 22, 41, 31, 44, 25, 15, 40, 32, 29,  8,  5, 26, 18, 33,  1, 28, 13, 17, 20,  4, 19, 14, 36, 23, 16, 47, 12, 38, 24, 21, 43,  2, 30], 1508.06639895, 1494.32728321, 0., 3.46959353, 0., 0., 0, 0, 0.)
 (13, [ 9, 14, 17,  8,  3, 48,  9, 42, 46, 39, 35,  7, 37, 34, 11, 10, 45,  6, 27, 22, 41, 31, 44, 25, 15, 40, 32, 29,  8,  5, 26, 18, 17,  1, 28, 13, 33, 20,  4, 19, 30, 36, 23, 16, 47, 12, 38, 24, 21, 43,  2, 14], 1535.28467234, 1621.79409616, 0., 3.46959353, 0., 0., 0, 0, 0.)
 (13, [ 9, 14, 17,  8, 48,  3,  9, 38, 46, 39, 35,  7, 37, 34, 11, 10, 45,  6, 27, 22, 41, 31, 44, 25, 15, 40, 32, 29,  8,  5, 26, 18, 17,  1, 28, 13, 33, 20,  4, 19, 14, 36, 23, 16, 47, 12, 42, 24, 21, 43,  2, 30], 1583.09616788, 1583.09616788, 0., 0.        , 0., 0., 0, 0, 0.)
 (13, [ 9, 14, 17,  8, 48,  3,  9, 42, 46, 39, 35,  7, 37, 34, 11, 10, 45,  6, 27, 25, 41, 31, 44, 22, 15, 40, 32, 29,  8,  5, 26, 18, 17,  1, 28, 13, 33, 20,  4, 19, 14, 36, 23, 16, 47, 12, 38, 24, 21, 43,  2, 30], 1584.77761905, 1577.82920739, 0., 4.60615975, 0., 0., 0, 0, 0.)
 (13, [10, 13, 17,  8,  3, 48,  9, 42, 46, 39, 35,  7, 37, 34, 11, 10, 45,  6, 27, 22, 41, 15, 44, 25, 31, 40, 32, 29,  8,  5, 26, 18, 17,  1, 28, 13, 33, 20,  4, 19, 14, 36, 23, 16, 47, 12, 38, 24, 21, 43,  2, 30], 1593.07875294, 1579.3396372 , 0., 3.46959353, 0., 0., 0, 0, 0.)
 (13, [ 9, 13, 17,  9, 48,  3,  9, 42, 46, 39, 35,  7, 37, 34, 11, 10, 45,  6, 27, 22, 41, 31, 44, 25, 15, 23, 32, 29,  8,  5, 26, 18, 17,  1, 28, 13, 33, 20,  4, 19, 14, 36, 40, 16, 47, 12, 38, 24, 21, 43,  2, 30], 1606.95125718, 1626.22124594, 0., 3.46959353, 0., 0., 0, 0, 0.)
 (13, [10, 13, 17,  8, 48,  3,  9, 42, 46, 39, 35,  7, 37, 34, 11, 10, 45,  6, 27, 22, 41, 31, 44,  4, 15, 40, 32, 29,  8,  5, 26, 18, 17,  1, 28, 13, 33, 20, 25, 19, 14, 36, 23, 16, 47, 12, 38, 24, 21, 43,  2, 30], 1613.39293665, 1829.54424001, 0., 5.63081707, 0., 0., 0, 0, 0.)
 (13, [ 8, 12, 19,  9,  3, 48,  9, 42, 46, 39, 35,  7, 37, 34, 11, 10, 45,  6, 27, 22, 41, 31, 44, 25, 15, 40, 32, 29,  8,  5, 26, 18, 17,  1, 28, 13, 33, 20,  4, 19, 14, 36, 23, 16, 47, 12, 38, 24, 21, 43,  2, 30], 1623.01184669, 1609.27273096, 0., 3.46959353, 0., 0., 0, 0, 0.)
 (13, [10, 11, 19,  8, 48,  3,  9, 41, 46, 39, 35,  7, 37, 34, 11, 10, 45,  6, 27, 22, 42, 31, 44, 25, 15, 40, 32, 29,  8,  5, 26, 18, 17,  1, 28, 13, 33, 20,  4, 19, 14, 36, 23, 16, 47, 12, 38, 24, 21, 43,  2, 30], 1629.71081629, 1615.97170055, 0., 3.46959353, 0., 0., 0, 0, 0.)
 (13, [10, 14, 16,  8, 48,  3,  9, 42, 46, 39, 35, 45, 37, 34, 11, 10,  7,  6, 27, 22, 41, 31, 44, 25, 15, 40, 32, 29,  8,  5, 26, 18, 17,  1, 28, 13, 33, 20,  4, 19, 14, 36, 23, 16, 47, 12, 38, 24, 21, 43,  2, 30], 1652.48136859, 1638.74225285, 0., 3.46959353, 0., 0., 0, 0, 0.)
 (13, [ 9, 14, 17,  8, 34,  3,  9, 42, 46, 39, 35,  7, 37, 15, 11, 10, 45,  6, 27, 22, 41, 31, 44, 25, 48, 40, 32, 29,  8,  5, 26, 18, 17,  1, 28, 13, 33, 20,  4, 19, 14, 36, 23, 16, 47, 12, 38, 24, 21, 43,  2, 30], 1674.71335416, 1713.35738119, 0., 3.46959353, 0., 0., 0, 0, 0.)
 (13, [ 9, 14, 17,  8, 48,  3,  9, 42, 19, 39, 35,  7, 37, 34, 11, 10, 45,  6, 27, 22, 41, 31, 44, 25, 15, 40, 32, 29,  8,  5, 26, 18, 17,  1, 28, 13, 33, 20,  4, 46, 14, 36, 23, 16, 47, 12, 38, 24, 21, 43,  2, 30], 1687.49120918, 1673.75209345, 0., 3.46959353, 0., 0., 0, 0, 0.)
 (13, [ 9, 14, 17,  8, 48,  3,  9, 42, 46, 39, 35,  7, 37, 34, 11, 10, 45, 15, 27, 22, 41, 31, 44, 25,  6, 40, 32, 29,  8,  5, 26, 18, 17,  1, 28, 13, 33, 20,  4, 19, 14, 36, 23, 16, 47, 12, 38, 24, 21, 43,  2, 30], 1709.13928698, 1695.40017124, 0., 3.46959353, 0., 0., 0, 0, 0.)
 (13, [ 9, 14, 17,  8, 48,  3,  9, 42, 46, 39, 35,  7, 37, 34, 11,  5, 45,  6, 27, 22, 41, 31, 44, 25, 15, 40, 32, 29,  8, 10, 26, 18, 17,  1, 28, 13, 33, 20,  4, 19, 14, 36, 23, 16, 47, 12, 38, 24, 21, 43,  2, 30], 1722.00258158, 1764.51436673, 0., 3.46959353, 0., 0., 0, 0, 0.)
 (13, [11, 15, 15,  7, 48,  3,  9, 42, 46, 41, 35,  7, 37, 34, 11, 10, 45,  6, 27, 22, 39, 31, 44, 25, 15, 40, 32, 29,  8,  5, 26, 18, 17,  1, 28, 13, 33, 20,  4, 19, 14, 36, 23, 16, 47, 12, 38, 24, 21, 43,  2, 30], 1734.65507424, 1763.30228316, 0., 3.46959353, 0., 0., 0, 0, 0.)
 (13, [ 9, 14, 17,  8,  3, 48,  9, 20, 46, 39, 35,  7, 37, 34, 11, 10, 45,  6, 27, 22, 41, 31, 44, 25, 15, 40, 32, 29,  8,  5, 26, 18, 17,  1, 28, 13, 33, 42,  4, 19, 14, 36, 23, 16, 47, 12, 38, 24, 21, 43,  2, 30], 1752.72140921, 1771.99139797, 0., 3.46959353, 0., 0., 0, 0, 0.)
 (13, [ 9, 13, 17,  9,  3, 48,  9, 42, 46, 39, 35,  7, 37, 34, 11, 10, 45,  6, 27, 22, 41, 31, 44, 25, 15, 19, 32, 29,  8,  5, 26, 18, 17,  1, 28, 13, 33, 20,  4, 40, 14, 36, 23, 16, 47, 12, 38, 24, 21, 43,  2, 30], 1758.84896006, 1745.10984432, 0., 3.46959353, 0., 0., 0, 0, 0.)
 (13, [ 8, 12, 17, 11, 48,  3,  9, 42, 46, 28, 35,  7, 37, 34, 11, 10, 45,  6, 27, 22, 41, 31, 44, 25, 15, 40, 32, 29,  8,  5, 26, 18, 17,  1, 39, 13, 33, 20,  4, 19, 14, 36, 23, 16, 47, 12, 38, 24, 21, 43,  2, 30], 1787.59792411, 1773.85880837, 0., 3.46959353, 0., 0., 0, 0, 0.)
 (13, [ 9, 15, 19,  5, 48,  3,  9, 42, 46, 39, 35, 25, 37, 34, 11, 10, 45,  6, 27, 22, 41, 31, 44,  7, 15, 40, 32, 29,  8,  5, 26, 18, 17,  1, 28, 13, 33, 20,  4, 19, 14, 36, 23, 16, 47, 12, 38, 24, 21, 43,  2, 30], 1797.2892559 , 1797.2892559 , 0., 0.        , 0., 0., 0, 0, 0.)
 (13, [10, 15, 15,  8,  3, 47,  9, 42, 46, 39, 35,  7, 37, 34, 11, 10, 45,  6, 27, 22, 41, 31, 44, 25, 15, 40, 32, 29,  8,  5, 26, 18, 17,  1, 28, 13, 33, 20,  4, 19, 14, 36, 23, 16, 48, 12, 38, 24, 21, 43,  2, 30], 1829.01900822, 1815.27989249, 0., 3.46959353, 0., 0., 0, 0, 0.)
 (13, [ 8, 15, 16,  9, 48,  3,  9, 42, 46, 39, 35,  7, 37, 34, 11, 10, 45,  6, 27, 22, 41, 31, 44, 25, 15, 40, 32, 29,  8,  5, 26, 18, 17,  1, 28, 13, 33, 24,  4, 19, 14, 36, 23, 16, 47, 12, 38, 20, 21, 43,  2, 30], 1871.94122106, 1871.94122106, 0., 0.        , 0., 0., 0, 0, 0.)
 (13, [ 7, 14, 20,  7, 48,  3,  9, 42, 46, 39, 35,  7, 37, 34, 11, 10, 45,  6, 27, 30, 41, 31, 44, 25, 15, 40, 32, 29,  8,  5, 26, 18, 17,  1, 28, 13, 33, 20,  4, 19, 14, 36, 23, 16, 47, 12, 38, 24, 21, 43,  2, 22], 1880.73598324, 1866.9968675 , 0., 3.46959353, 0., 0., 0, 0, 0.)
 (13, [ 9, 13, 16, 10,  3, 48,  9, 42, 46, 39, 35,  7, 37, 34, 11, 10, 45,  6, 27, 22, 41, 31, 44, 25, 15, 40, 32, 29,  8,  5, 26, 18, 17,  1, 28, 13, 33, 12,  4, 19, 14, 36, 23, 16, 47, 20, 38, 24, 21, 43,  2, 30], 1908.33893977, 1894.59982403, 0., 3.46959353, 0., 0., 0, 0, 0.)]