
Total Runtime in seconds: 866.7427470684052Parameters:
population_size: 50, max_generations: 150, executed generations: 149, threshold_no_improvement: 75
target feasible proportion: 12
fitness_scaling: power_rank, selection_method: n_tournaments
p_c: 0.9, p_m: 0.3, NOT YET p_education: 0.0
tournament_size: 2, n_elite: 8
survivor_selection_step: 10, p_selection_survival: 0.7
kill clone step: 5
diversify_step: 20, diversify_step: 20, p_diversify_survival: 0.3
n_closest_neighbors: 3, diversity_weight: 0.5, distance_method: broken_pairs_distance
capacity_penalty_factor: 2, duration_penalty_factor 2, time_window_penalty: 2
Best fitness all generations, best individual before/after local search: 1899.163103452169, 1899.163103452169 / 1899.163103452169
Best individual found before local search: (38, [ 8, 19, 16,  3, 21,  5, 60, 42, 30, 25, 18, 10, 33, 65, 51, 59, 41, 50, 49, 17, 57, 24, 63, 28, 13, 61, 68, 12,  1, 64, 47, 23, 26, 45, 15, 22, 44, 62, 32, 69, 40, 43,  7,  6, 11,  9,  8, 54, 34, 29, 72,  5, 14, 67, 56, 16,  3, 21,  4, 52, 46, 53, 55, 48, 36, 20, 31, 27, 70, 66, 37, 58, 19, 35,  2, 39, 38, 71], 1899.16310345, 1899.16310345, 0., 0., 0., 0., 2, 47, 25.5)
Best individual found after local search: (38, [ 8, 19, 16,  3, 21,  5, 60, 42, 30, 25, 18, 10, 33, 65, 51, 59, 41, 50, 49, 17, 57, 24, 63, 28, 13, 61, 68, 12,  1, 64, 47, 23, 26, 45, 15, 22, 44, 62, 32, 69, 40, 43,  7,  6, 11,  9,  8, 54, 34, 29, 72,  5, 14, 67, 56, 16,  3, 21,  4, 52, 46, 53, 55, 48, 36, 20, 31, 27, 70, 66, 37, 58, 19, 35,  2, 39, 38, 71], 1899.16310345, 1899.16310345, 0., 0., 0., 0., 2, 47, 25.5)
Best feasible individual found: (38, [ 8, 19, 16,  3, 21,  5, 60, 42, 66, 25, 36, 10, 33, 65, 51, 59, 57, 50, 49, 17, 41, 24, 63, 28, 13, 61, 68, 12,  1, 64, 47, 23, 26, 45, 15, 34, 44, 62, 32, 69, 40, 43,  7,  6, 11,  9,  8, 54, 22, 29, 72,  5, 14, 67, 56, 16,  3, 21,  4, 52, 46, 53, 55, 48, 18, 20, 31, 27, 70, 30, 37, 58, 19, 35,  2, 39, 38, 71], 1950.8689935, 1990.69434471, 0., 0., 0., 0., 2, 47, 25.5)

Fitness stats min: [3914.55688993 3796.89387512 3551.6749025  3544.81869626 3499.54160649
 3397.7133401  3355.68790832 3355.68790832 3355.68790832 3347.31221377
 3321.3259737  3256.59220454 3254.4755555  3234.10356537 3224.33681323
 3195.34596563 3153.91104637 3088.49521026 3054.41797522 3054.41797522
 3054.41797522 2964.03681833 2930.21980095 2915.54031544 2912.84852156
 2912.84852156 2912.84852156 2911.04091235 2908.52820139 2908.52820139
 2829.62979367 2740.19298746 2740.66943857 2740.66943857 2724.38138037
 2695.93092007 2695.93092007 2695.93092007 2599.69257168 2537.11645097
 2537.11645097 2535.26378052 2532.09854553 2512.60440656 2500.46199717
 2498.14577435 2498.14577435 2483.77804154 2452.82456403 2452.82456403
 2449.46457924 2396.15846305 2396.15846305 2396.15846305 2396.15846305
 2396.15846305 2396.15846305 2321.6870029  2321.6870029  2321.6870029
 2321.6870029  2299.23644472 2299.23644472 2299.23644472 2299.23644472
 2299.23644472 2294.35937149 2238.98379577 2238.69428537 2238.69428537
 2238.69428537 2238.69428537 2235.94539757 2233.96255986 2233.96255986
 2233.96255986 2233.96255986 2233.96255986 2233.96255986 2233.96255986
 2233.96255986 2190.13014032 2186.14241332 2169.68154635 2169.68154635
 2157.93476563 2157.93476563 2157.93476563 2113.94795816 2112.10832269
 2112.10832269 2080.90609004 2058.21721761 2047.50572757 2047.50572757
 2047.50572757 2047.50572757 2047.50572757 2047.50572757 2047.50572757
 2047.50572757 2047.50572757 2028.49636843 1956.28048437 1956.28048437
 1956.28048437 1956.28048437 1956.28048437 1956.28048437 1956.28048437
 1956.28048437 1956.28048437 1956.28048437 1956.28048437 1956.28048437
 1956.28048437 1956.28048437 1956.28048437 1956.28048437 1956.28048437
 1956.28048437 1956.28048437 1956.28048437 1956.28048437 1956.28048437
 1956.28048437 1956.28048437 1956.28048437 1956.28048437 1956.28048437
 1956.28048437 1956.28048437 1956.28048437 1956.28048437 1956.28048437
 1956.28048437 1954.96863199 1954.96863199 1954.96863199 1954.96863199
 1954.96863199 1954.96863199 1954.96863199 1954.96863199 1954.96863199
 1951.71357978 1950.8689935  1950.8689935  1950.8689935  1899.16310345] 

Fitness stats feasible min: [4171.09750379 3796.89387512 3551.6749025  3544.81869626 3499.54160649
 3397.7133401  3355.68790832 3355.68790832 3355.68790832 3347.31221377
 3321.3259737  3256.59220454 3254.4755555  3234.10356537 3224.33681323
 3195.34596563 3153.91104637 3088.49521026 3054.41797522 3054.41797522
 3054.41797522 2964.03681833 2930.21980095 2915.54031544 2912.84852156
 2912.84852156 2912.84852156 2911.04091235 2908.52820139 2908.52820139
 2829.62979367 2829.62979367 2829.62979367 2829.62979367 2724.38138037
 2695.93092007 2695.93092007 2695.93092007 2599.69257168 2537.11645097
 2537.11645097 2535.26378052 2532.09854553 2512.60440656 2500.46199717
 2498.14577435 2498.14577435 2483.77804154 2452.82456403 2452.82456403
 2449.46457924 2396.15846305 2396.15846305 2396.15846305 2396.15846305
 2396.15846305 2396.15846305 2321.6870029  2321.6870029  2321.6870029
 2321.6870029  2299.23644472 2299.23644472 2299.23644472 2299.23644472
 2299.23644472 2294.35937149 2238.98379577 2238.69428537 2238.69428537
 2238.69428537 2238.69428537 2238.69428537 2233.96255986 2233.96255986
 2233.96255986 2233.96255986 2233.96255986 2233.96255986 2233.96255986
 2233.96255986 2190.13014032 2186.14241332 2169.68154635 2169.68154635
 2169.68154635 2169.68154635 2169.68154635 2113.94795816 2112.10832269
 2112.10832269 2080.90609004 2058.21721761 2047.50572757 2047.50572757
 2047.50572757 2047.50572757 2047.50572757 2047.50572757 2047.50572757
 2047.50572757 2047.50572757 2028.49636843 1956.28048437 1956.28048437
 1956.28048437 1956.28048437 1956.28048437 1956.28048437 1956.28048437
 1956.28048437 1956.28048437 1956.28048437 1956.28048437 1956.28048437
 1956.28048437 1956.28048437 1956.28048437 1956.28048437 1956.28048437
 1956.28048437 1956.28048437 1956.28048437 1956.28048437 1956.28048437
 1956.28048437 1956.28048437 1956.28048437 1956.28048437 1956.28048437
 1956.28048437 1956.28048437 1956.28048437 1956.28048437 1956.28048437
 1956.28048437 1954.96863199 1954.96863199 1954.96863199 1954.96863199
 1954.96863199 1954.96863199 1954.96863199 1954.96863199 1954.96863199
 1951.71357978 1950.8689935  1950.8689935  1950.8689935  1899.16310345] 

Fitness stats avg: [6572.16764002 6292.24111651 6028.55703956 5325.08630995 4754.33393486
 4628.56131951 4296.47777372 4206.90388365 4217.46341237 4183.76164893
 4657.30275874 4310.34941247 4110.05936126 4002.00634834 3773.78309998
 3836.23393547 3739.24167311 3703.05554548 3695.54789355 3635.7384968
 5204.43794942 4391.38145904 3954.96821166 3766.67308178 3649.13730047
 3603.27473997 3529.14324252 3498.82116628 3413.09656416 3334.37780098
 5568.81345066 4392.16540852 3607.2067349  3275.87913945 3267.7902745
 3561.70050261 3394.10234141 3303.67494765 3145.02963987 3070.02546421
 5207.47534668 4279.99066213 3496.01419058 3298.16163477 3156.8156932
 3223.36469307 3065.32158105 2953.430475   2972.7382512  2832.52586413
 5640.41438011 4522.47195652 3605.04832554 3183.25072866 2903.74574445
 3242.09831497 2863.85566947 2738.16176702 2540.21790205 2537.57600113
 4750.33292106 3926.39079803 3332.92038179 2963.34132083 2855.06579849
 3331.10058612 2756.21810061 2596.97058377 2599.50770737 2556.08482427
 4602.07643148 3620.54307957 3010.49818214 2734.09517993 2587.11308606
 3213.72349034 2847.67793741 2762.07679405 2780.66834364 2728.44940088
 4902.59494729 3858.87843    2890.14936076 2754.8661644  2635.73569362
 3237.00220779 2807.62012736 2623.97826905 2651.19944853 2572.11591594
 4766.60747572 3456.37341385 2853.59592636 2715.77999771 2576.16115221
 3008.38881548 2671.2747925  2603.12958198 2325.41732713 2347.84307106
 4490.93928189 3439.22762979 2878.24844342 2426.19941618 2468.49391815
 3330.94846631 2616.28159958 2552.66736377 2522.91623817 2430.82622527
 4634.97314308 3471.90510914 2664.01118086 2488.24927577 2333.65415467
 3353.00060701 2449.57431525 2340.86518145 2249.77111117 2152.38323137
 3280.60274085 2426.10792959 2341.52657476 2273.60669804 3149.81633244
 5069.3749161  3978.96179592 2953.55990692 2369.64605719 2212.21141211
 3973.61034994 2895.47426604 2392.61277015 2246.71962281 2131.2678641
 4477.43794613 3003.09311424 2575.02704551 2247.08060072 2097.40845512
 3559.69087563 2721.58264988 2221.98896565 2163.51423955 2182.78188052
 5740.00388189 4795.84274275 3658.92298944 3100.21339944 2688.48662722] 

Feasible stats: [( 0., 50.) ( 0., 50.) (15., 35.) (15., 35.) (15., 35.) (15., 35.)
 (26., 24.) (26., 24.) (30., 20.) (30., 20.) (26., 24.) (26., 24.)
 (20., 30.) (20., 30.) (20., 30.) (20., 30.) (22., 28.) (22., 28.)
 (27., 23.) (27., 23.) (31., 19.) (31., 19.) (21., 29.) (21., 29.)
 (19., 31.) (19., 31.) (16., 34.) (16., 34.) (26., 24.) (26., 24.)
 (32., 18.) (32., 18.) (11., 39.) (11., 39.) (31., 19.) (31., 19.)
 (24., 26.) (24., 26.) (35., 15.) (35., 15.) (31., 19.) (31., 19.)
 (12., 38.) (12., 38.) (29., 21.) (29., 21.) (34., 16.) (34., 16.)
 (37., 13.) (37., 13.) (38., 12.) (38., 12.) (12., 38.) (12., 38.)
 (29., 21.) (29., 21.) (27., 23.) (27., 23.) (34., 16.) (34., 16.)
 (45.,  5.) (45.,  5.) (16., 34.) (16., 34.) (31., 19.) (31., 19.)
 (31., 19.) (31., 19.) (41.,  9.) (41.,  9.) (41.,  9.) (41.,  9.)
 (23., 27.) (23., 27.) (40., 10.) (40., 10.) (33., 17.) (33., 17.)
 (36., 14.) (36., 14.) (36., 14.) (36., 14.) (22., 28.) (22., 28.)
 (39., 11.) (39., 11.) (29., 21.) (29., 21.) (31., 19.) (31., 19.)
 (37., 13.) (37., 13.) (17., 33.) (17., 33.) (36., 14.) (36., 14.)
 (32., 18.) (32., 18.) (35., 15.) (35., 15.) (38., 12.) (38., 12.)
 (23., 27.) (23., 27.) (39., 11.) (39., 11.) (30., 20.) (30., 20.)
 (34., 16.) (34., 16.) (32., 18.) (32., 18.) (16., 34.) (16., 34.)
 (34., 16.) (34., 16.) (24., 26.) (24., 26.) (34., 16.) (34., 16.)
 (42.,  8.) (42.,  8.) (37., 13.) (37., 13.) (41.,  9.) (41.,  9.)
 (11., 39.) (11., 39.) (32., 18.) (32., 18.) (44.,  6.) (44.,  6.)
 (35., 15.) (35., 15.) (44.,  6.) (44.,  6.) (13., 37.) (13., 37.)
 (30., 20.) (30., 20.) (44.,  6.) (44.,  6.) (29., 21.) (29., 21.)
 (43.,  7.) (43.,  7.) ( 7., 43.) ( 7., 43.) (20., 30.) (20., 30.)] 
Solution Description: 
p: [  0.          35.39367881  71.68301163  74.25132071 117.73851512
 152.53727125 195.31292939 246.73343988 250.61607208   0.
  24.28509213  44.81362029  81.65634278 138.77661971 164.40460917
 193.30223323 354.17057149 365.42518534 380.36897317 388.93140796
 390.30564771 394.47331861 405.74772928 412.48995327 531.28398587
 534.4237504  534.58642233 558.2793717  563.57390739   0.
  55.76250532  73.69121579  89.2798004   89.85263613 121.57195832
 146.63405165 153.73813596 186.45940286 302.43096679 305.58123485
 383.40004021 383.43783561 383.77801194 402.00649263 425.74253929
 426.32074361   0.          12.91064135  66.8165141   93.43411431
   0.          11.41545093  30.16706086 132.46657414 156.89656554
 157.02370455 193.96363179 230.59589054 252.46004061 285.65870685
 293.0408721  294.94550663 295.16745321 357.52965747 380.76636892
 383.03696591 385.81565697 385.84198384 396.20020705 452.37097701
 464.42945364 468.94590189   0.          34.55766948  50.16032516
  73.22407422  76.01987688  96.27236416] 
pred: [ 0  0  0  0  0  4  4  4  4  0  0  0  0  0  4  5  5  5  5  5  5  5 12 12
 12 12 12 12 12  0  0  0  0  0  4  4  4  4  4  4  4  4  4 13 13 13  0  0
  0  0  0  0  0  0  0  0  5  5  5  5  5  5  5 12 12 12 12 12 17 17 17 17
  0  0  0  0  0  0] 
distance [  0.          35.39367881  71.68301163  74.25132071 117.73851512
  34.79875613  77.57441426 128.99492475 132.87755695   0.
  24.28509213  44.81362029  81.65634278 138.77661971  25.62798946
  28.89762405 189.76596232 201.02057617 215.96436399 224.52679879
 225.90103853 230.06870943  11.27441067  18.01663466 136.81066726
 139.95043179 140.11310372 163.80605309 169.10058879   0.
  55.76250532  73.69121579  89.2798004   89.85263613  31.71932219
  56.78141551  63.88549983  96.60676672 212.57833065 215.72859872
 293.54740407 293.58519948 293.92537581  18.22848068  41.96452735
  42.54273167   0.          12.91064135  66.8165141   93.43411431
   0.          11.41545093  30.16706086 132.46657414 156.89656554
 157.02370455  36.93992723  73.57218599  95.43633605 128.6350023
 136.01716755 137.92180208 138.14374866  62.36220426  85.59891571
  87.8695127   90.64820376  90.67453063  10.35822321  66.52899317
  78.5874698   83.10391805   0.          34.55766948  50.16032516
  73.22407422  76.01987688  96.27236416]
load: [  0  25  41  58  68   7  19  29  49   0  13  18  41  56  13   2   4  12
  36  42  47  56   4  29  49  62  84  91 100   0  12  37  52  64   2  27
  47  48  58  73  74  81  94  23  48  66   0  22  42  60   0   1  16  31
  41  60   6  16  36  39  49  56  77  10  14  23  27  35  13  36  59  70
   0  21  27  38  61  80] 
time: [  0.         141.         162.24189474 267.         394.
 251.         306.         350.35263406 426.           0.
  64.         141.         255.         399.         275.
  78.         170.4000576  333.         377.3771551  403.36946641
 460.         498.59740442 181.         198.752644   272.76236861
 317.93545503 351.46431393 425.         444.4444974    0.
 173.         366.         406.86587443 415.45928809 179.
 217.         269.7779273  324.         404.70005918 418.73176477
 481.70155043 520.0895574  551.40593429  89.         111.
 197.           0.          60.         269.         311.98878331
   0.          76.         108.         184.89073077 270.
 475.         203.         230.         248.46666211 341.
 456.         502.83823358 532.80331752 247.         284.52544116
 297.07294588 317.78524358 444.          67.         397.
 431.69571393 475.           0.         111.         134.81423573
 162.82787818 174.53996106 424.        ] 
time warps: [0 0 0 0 0 0 0 0 0 0 0 0 0 0 0 0 0 0 0 0 0 0 0 0 0 0 0 0 0 0 0 0 0 0 0 0 0
 0 0 0 0 0 0 0 0 0 0 0 0 0 0 0 0 0 0 0 0 0 0 0 0 0 0 0 0 0 0 0 0 0 0 0 0 0
 0 0 0 0] 
duration: [  0.          37.39367881  89.68301163 193.48163793 315.64580068
  52.79875613 125.51654338 197.93705387 254.91677279   0.
  38.28509213 115.00943913 237.11734966 409.21170738  44.62798946
  38.89762405 224.76596232 374.38715488 390.3309427  416.89337749
 448.44089124 455.60856214  25.27441067  46.01663466 172.81066726
 200.95043179 213.11310372 287.56222507 316.85676076   0.
  75.76250532 263.6997093  283.2882939  290.86112964  52.71932219
 107.23954145 134.34362577 204.87493925 330.84650318 338.99677125
 422.8155766  447.85337201 460.19354834  19.22848068  61.35332752
 150.3388389    0.          37.91064135 273.01652228 312.6341225
   0.          24.41545093  77.43927545 182.73878873 290.95656661
 496.95926751  38.93992723  88.50899648 133.37314655 228.31471981
 342.55007395 358.45470848 368.67665506  85.36220426 114.59891571
 126.8695127  146.64820376 254.3433534   31.35822321 389.36346612
 422.42194275 436.95983307   0.          50.55766948  81.16032516
 111.22407422 129.01987688 369.60213162]

All individuals: [(38, [ 8, 19, 16,  3, 21,  5, 60, 42, 66, 25, 36, 10, 33, 65, 51, 59, 57, 50, 49, 17, 41, 24, 63, 28, 13, 61, 68, 12,  1, 64, 47, 23, 26, 45, 15, 34, 44, 62, 32, 69, 40, 43,  7,  6, 11,  9,  8, 54, 22, 29, 72,  5, 14, 67, 56, 16,  3, 21,  4, 52, 46, 53, 55, 48, 18, 20, 31, 27, 70, 30, 37, 58, 19, 35,  2, 39, 38, 71], 1950.8689935 , 1990.69434471, 0.,  0.        ,  0.        ,  0.        ,  2, 47, 25.5)
 (38, [ 8, 19, 16,  3, 21,  5, 60, 42, 66, 25, 36, 10, 33, 65, 51, 59, 57, 50, 49, 17, 41, 24, 63, 28, 13, 61, 68, 12,  1, 64, 47, 23, 26, 45, 15, 34, 44, 62, 32, 69, 40, 43,  7,  6, 11,  9,  8, 54, 22, 29, 72,  5, 14, 67, 56, 16,  3, 21,  4, 52, 46, 53, 55, 48, 18, 20, 31, 27, 70, 30, 37, 58, 19, 35,  2, 39, 38, 71], 1950.8689935 , 1990.69434471, 0.,  0.        ,  0.        ,  0.        ,  1, 50, 26. )
 (45, [14, 10, 17, 10, 11, 10, 22,  9, 21, 10, 32, 45, 68, 24, 12,  3, 36, 66, 14,  8, 30, 15, 41, 49, 58, 64,  4, 51, 23, 46, 44, 47, 35, 17,  1, 53, 39, 72, 25, 34, 40, 57, 50,  6,  5, 69, 37, 63,  7, 31, 52, 61,  2, 54, 26, 60, 55, 48, 42, 27, 11, 13, 70, 62, 71, 18, 67, 29, 28, 20, 43, 56, 65, 19, 16, 33, 38, 59], 1950.8689935 , 1990.69434471, 0.,  0.        ,  0.        ,  0.        ,  5, 48, 29. )
 (48, [10, 12, 11, 17,  9, 13, 16, 19, 70, 72, 29, 15, 55,  5, 33, 13, 30,  9, 14, 11, 23, 34,  2, 18, 46, 32, 31, 38, 54, 67, 42, 22, 57, 10, 12, 51, 26, 53, 45, 62,  6, 43, 49,  1, 21, 52, 20, 60, 65, 35, 17, 61, 41, 68, 36, 44, 56, 27,  7, 66,  8, 69, 64, 25, 59, 37, 71, 47, 48,  4, 50,  3, 28, 39, 58, 40, 63, 24], 1950.8689935 , 1990.69434471, 0.,  0.        ,  0.        ,  0.        ,  1, 50, 26. )
 (38, [ 8, 19, 16,  3, 21,  5, 60, 42, 66, 25, 36, 10, 33, 65, 51, 59, 57, 50, 49, 17, 41, 24, 63, 28, 13, 61, 68, 12,  1, 64, 47, 23, 26, 45, 15, 34, 44, 62, 32, 69, 40, 43,  7,  6, 11,  9,  8, 54, 22, 29, 72,  5, 14, 67, 56, 16,  3, 21,  4, 52, 46, 53, 55, 48, 18, 20, 31, 27, 70, 30, 37, 58, 19, 35,  2, 38, 39, 71], 1951.71357978, 1991.53893099, 0.,  0.        ,  0.        ,  3.        ,  8, 38, 27. )
 (38, [ 9, 19, 16,  3, 21,  4, 60, 42, 66, 25, 36, 10, 33, 65, 71, 51, 59, 57, 50, 49, 17, 41, 24, 63, 28, 13, 61, 68, 12,  1, 64, 47, 23, 26, 45, 15, 34, 44, 62, 32, 69, 40, 43,  7,  6, 11,  9,  8, 54, 22, 29, 72,  5, 14, 67, 56, 16,  3, 21,  4, 52, 46, 53, 55, 48, 18, 20, 31, 27, 70, 30, 37, 58, 19, 35,  2, 38, 39], 1954.96863199, 1994.7939832 , 0.,  0.        ,  0.        ,  2.33333333,  9, 39, 28.5)
 (36, [11, 11, 12, 12, 14, 12, 23, 58, 27, 42, 70, 50, 10, 18,  3, 19, 11, 56, 36,  7, 13, 34, 60, 21, 46, 16, 12, 43, 52, 31, 38, 68, 59, 32, 41,  5, 55,  4, 63, 64,  1, 45, 26, 22, 65, 54, 51, 49, 47, 44, 67,  6, 30, 69, 28, 40,  9, 17, 57, 61,  2, 15, 14, 53, 33, 24, 48, 71, 37, 25, 66, 35, 72,  8, 62, 29, 20, 39], 1954.96863199, 1994.7939832 , 0.,  0.        ,  0.        ,  2.33333333, 10, 40, 30. )
 (38, [ 8, 19, 16,  3, 21,  5, 60, 42, 66, 25, 36, 10, 33, 65, 51, 59, 57, 50, 49, 17, 41, 24, 63, 28, 13, 61, 68, 12,  1, 64, 47, 23, 26, 45, 15, 34, 44, 62, 32, 69, 40, 43,  7,  6, 11,  9,  8, 54, 22, 29, 72,  5, 14, 67, 56, 16,  3, 21,  4, 52, 46, 53, 55, 48, 18, 20, 31, 27, 70, 30, 71, 37, 58, 19, 35,  2, 39, 38], 2128.82168561, 2234.40248409, 0.,  0.        ,  0.        ,  2.        , 11, 43, 32.5)
 (40, [12, 13, 11, 12, 12, 12, 23, 25, 36, 29, 19, 21, 10, 35, 53, 39, 55, 26, 49, 67,  4, 34, 72,  7, 48, 22, 17, 44, 56, 54, 63, 59, 28, 27, 16, 30, 37, 69, 58, 61, 33, 42, 32, 38, 47,  9, 13, 50, 52, 31,  6, 15,  2, 51, 20, 64, 60, 65,  5,  1,  3, 43, 41, 62, 46, 12, 40, 71, 70, 24, 45, 18, 14, 66, 68, 57,  8, 11], 2180.2327885 , 2220.05813971, 0.,  0.        ,  0.        ,  2.        , 12, 41, 32.5)
 (40, [12, 13, 11, 12, 12, 12, 23, 25, 36, 29, 19, 21, 10, 35, 53, 39, 55, 26, 49, 67,  4, 34, 72,  7, 48, 22, 17, 44, 56, 54, 63, 59, 28, 27, 16, 30, 37, 69, 58, 61, 33, 42, 32, 38, 47,  9, 13, 50, 52, 31,  6, 15,  2, 51, 20, 64, 60, 65,  5,  1,  3, 43, 41, 62, 46, 12, 40, 71, 70, 24, 45, 18, 14, 66, 68, 57,  8, 11], 2180.2327885 , 2220.05813971, 0.,  0.        ,  0.        ,  2.        , 12, 41, 32.5)
 (41, [10, 12, 12, 13, 12, 13,  8, 56, 69, 49,  2, 57, 66, 72, 67, 68, 19, 29, 42, 36, 30, 46, 58, 12, 15, 26, 70,  4, 10, 20,  7, 50, 23,  1, 51, 37, 39, 16, 13, 54, 53, 31, 14, 22, 21, 25, 24,  9, 11, 38, 27,  5, 45, 47,  6, 62, 35,  3, 41, 43, 44, 52, 40, 33, 32, 59, 60, 71, 63, 55, 48, 28, 65, 18, 34, 61, 64, 17], 2180.2327885 , 2220.05813971, 0.,  0.        ,  0.        ,  2.        , 13, 42, 34. )
 (38, [ 9, 19, 16,  3, 21,  4, 60, 42, 66, 25, 36, 10, 33, 65, 71, 51, 59, 45, 50, 49, 17, 41, 24, 63, 28, 13, 61, 68, 12,  1, 64, 47, 23, 26, 15, 34, 44, 57, 62, 32, 69, 40, 43,  7,  6, 11,  9,  8, 54, 22, 29, 72,  5, 14, 67, 56, 16,  3, 21,  4, 52, 46, 53, 55, 48, 18, 20, 31, 27, 70, 30, 37, 58, 19, 35,  2, 38, 39], 2258.41636131, 2258.41636131, 0.,  0.        ,  0.        ,  4.33333333, 14, 36, 32. )
 (38, [ 9, 19, 16,  3, 21,  4, 60, 42, 66, 25, 36, 10, 33, 65, 71, 51, 59, 50, 49, 17, 41, 24, 63, 28, 13, 61, 68, 12,  1, 64, 47, 23, 26, 45, 15, 34, 44, 57, 62, 32, 69, 40, 43,  7,  6, 11,  9,  8, 54, 22, 29, 72,  5, 14, 67, 56, 16,  3, 21,  4, 52, 46, 53, 55, 48, 18, 20, 31, 27, 70, 30, 37, 58, 19, 35,  2, 38, 39], 2312.04614549, 2312.04614549, 0.,  0.        ,  0.        ,  3.        , 15, 37, 33.5)
 (38, [ 9, 19, 16,  3, 21,  4, 60, 42, 66, 25, 36, 10, 33, 65, 45, 51, 59, 57, 50, 49, 17, 41, 24, 63, 28, 13, 61, 68, 12,  1, 64, 47, 23, 26, 15, 34, 44, 62, 32, 69, 40, 43,  7,  6, 11,  9,  8, 54, 22, 29, 72,  5, 14, 67, 56, 16,  3, 21,  4, 52, 46, 53, 55, 48, 18, 20, 31, 27, 70, 30, 37, 58, 19, 35,  2, 39, 38, 71], 2353.12429748, 2392.94964869, 0.,  0.        ,  0.        ,  5.        , 16, 35, 33.5)
 (38, [ 9, 19, 16,  3, 21,  4, 60, 42, 41, 25, 36, 10, 33, 65, 71, 51, 59, 57, 50, 49, 17, 66, 24, 63, 28, 47, 64,  1, 12, 68, 61, 13, 23, 26, 45, 15, 34, 44, 62, 32, 69, 40, 43,  7,  6, 11,  9,  8, 54, 22, 29, 72,  5, 14, 67, 56, 16,  3, 21,  4, 52, 46, 53, 55, 48, 27, 31, 20, 18, 70, 30, 37, 58, 19, 35,  2, 38, 39], 2372.38174356, 2478.42847496, 0.,  0.28843966,  0.        , 15.33333333, 17, 25, 29.5)
 (38, [ 8, 18, 16,  9, 17,  4, 60, 42, 41, 25, 36, 10, 33, 65, 17, 66, 71, 61, 59, 57, 24, 63, 28, 50, 51, 49, 68, 12,  1, 64, 47, 23, 45, 15, 44, 62, 32, 69, 40,  7, 43, 26,  6, 11,  9,  8, 54, 34, 29, 72,  5, 14, 67, 22, 56, 16,  3,  4, 52, 53, 46, 13, 18, 20, 31, 27, 70, 30, 21, 55, 48, 37, 58, 19, 35,  2, 38, 39], 2431.73850366, 2902.45971094, 0., 10.14366682,  0.        , 13.66666667, 31, 29, 45.5)
 (38, [ 9, 19, 16,  3, 20,  5, 60, 42, 66, 25, 36, 10, 33, 65, 71, 51, 59, 57, 50, 17, 41, 24, 63, 28, 13, 61, 68, 12,  1, 64, 47, 23, 26, 45, 15, 34, 44, 62, 32, 69, 40, 43,  7,  6, 11,  9,  8, 54, 22, 29, 72,  5, 14, 67, 56, 16,  3, 21,  4, 52, 46, 53, 55, 48, 18, 20, 31, 27, 70, 58, 30, 37, 19, 35,  2, 39, 38, 49], 2474.28262601, 2514.10797722, 0.,  0.        ,  0.        ,  9.        , 18, 32, 34. )
 (35, [11, 11, 11, 10, 19, 10, 30, 25, 46, 29, 20, 40, 53, 22, 60, 33, 50, 67, 51,  9,  4, 12,  3, 18, 17, 61,  6, 44, 37, 13, 36, 24, 63,  8,  1, 52, 59, 23,  7, 48, 69, 15, 66, 42, 31, 16, 28, 49, 54, 65, 21,  5, 68,  2, 71, 58, 26, 39, 11, 57, 41, 27, 62, 38, 56, 72, 19, 34, 47, 32, 10, 35, 14, 55, 64, 43, 45, 70], 2486.18081306, 2526.00616427, 0.,  0.        ,  0.        , 15.        , 19, 26, 32. )
 (35, [11, 11, 11, 10, 19, 10, 30, 25, 46, 29, 20, 40, 53, 22, 60, 33, 50, 67, 51,  9,  4, 12,  3, 18, 17, 61,  6, 44, 37, 13, 36, 24, 63,  8,  1, 52, 59, 23,  7, 48, 69, 15, 66, 42, 31, 16, 28, 49, 54, 65, 21,  5, 68,  2, 71, 58, 26, 39, 11, 57, 41, 27, 62, 38, 56, 72, 19, 34, 47, 32, 10, 35, 14, 55, 64, 43, 45, 70], 2486.18081306, 2526.00616427, 0.,  0.        ,  0.        , 15.        , 19, 26, 32. )
 (38, [10, 19, 16,  4, 18,  5, 60, 42, 66, 25, 36, 10, 33, 65, 51, 59, 57, 50, 49, 17, 41, 24, 63, 28, 13, 61, 68, 12,  1, 64, 47, 23, 26, 45, 15, 34, 44, 62, 32, 69, 40, 43,  7,  6, 11,  9,  8, 54, 22, 29, 72,  5, 14, 67, 56, 16,  3, 21,  4, 52, 46, 53, 55, 48, 18, 20, 31, 27, 70, 30, 37, 58, 19, 35,  2, 39, 38, 71], 2504.81817989, 2544.6435311 , 0.,  0.        ,  0.        ,  6.        , 20, 33, 36.5)
 (38, [11, 12, 11, 12, 12, 14, 20, 57, 52, 21, 42, 31, 35, 72, 66, 40, 59, 64, 28, 71, 70, 39, 48, 67, 12,  5, 38, 51, 45, 50, 18, 33, 37, 54, 24,  6, 65, 46, 17,  2, 68, 13, 26, 61, 63, 44, 43, 56, 53, 62, 14,  8, 69, 34,  1, 47,  7,  9, 22, 30, 36, 11, 15, 23, 25, 32, 58, 49, 41, 29, 19, 55, 10, 60,  3,  4, 27, 16], 2506.78956882, 2546.61492003, 0.,  0.        ,  0.        ,  5.        , 21, 34, 38. )
 (38, [11, 12, 11, 12, 12, 14, 20, 57, 52, 21, 42, 31, 35, 72, 66, 40, 59, 64, 28, 71, 70, 39, 48, 67, 12,  5, 38, 51, 45, 50, 18, 33, 37, 54, 24,  6, 65, 46, 17,  2, 68, 13, 26, 61, 63, 44, 43, 56, 53, 62, 14,  8, 69, 34,  1, 47,  7,  9, 22, 30, 36, 11, 15, 23, 25, 32, 58, 49, 41, 29, 19, 55, 10, 60,  3,  4, 27, 16], 2506.78956882, 2546.61492003, 0.,  0.        ,  0.        ,  5.        , 21, 34, 38. )
 (38, [ 9, 19, 17,  1, 20,  6, 60, 42, 66, 25, 36, 10, 33, 65, 71, 51, 59, 57, 50, 49, 17, 41, 24, 63, 28, 13, 61, 68, 12,  1, 64, 47, 23, 26, 45, 15, 34, 44, 32, 69, 40, 43,  7, 62,  6, 11,  9,  8, 54, 22, 29, 72,  3, 16, 56, 67, 14,  5, 21,  4, 52, 46, 53, 55, 48, 18, 20, 31, 27, 70, 30, 37, 58, 19, 35,  2, 38, 39], 2534.19398258, 2773.13005458, 0.,  0.        ,  0.        , 16.66666667, 22, 22, 33. )
 (38, [ 8, 19, 17,  3, 21,  4, 42, 66, 39, 25, 36, 10, 33, 65, 51, 59, 57, 50, 49, 17, 41, 24, 63, 28, 13, 61, 68, 12,  1, 64, 47, 23, 26, 45, 15, 34, 44, 62, 32, 69, 40, 43,  7,  6, 11, 71,  9,  8, 54, 22, 29, 72,  5, 14, 67, 56, 16,  3, 21,  4, 52, 46, 58, 55, 37, 31, 19, 48, 60, 53, 18, 20, 27, 70, 30, 35,  2, 38], 2546.0777493 , 2886.0376982 , 0., 19.25830472,  0.        , 17.66666667, 23, 20, 33. )
 (38, [ 9, 18, 14, 10, 18,  3, 60, 42, 66, 25, 20, 10, 33, 65, 71, 51, 59, 57, 50, 49, 17, 41, 24, 63, 28, 13, 68, 12,  1, 64, 47, 23, 26, 61, 45, 15, 34, 44, 62, 32, 69, 36, 40, 43,  7,  6, 11,  9,  8, 54, 22, 29, 72,  5, 14, 67, 56, 16,  3, 21,  4, 52, 46, 53, 55, 48, 18, 31, 27, 70, 30, 37, 58, 19, 35,  2, 39, 38], 2585.86694862, 2708.0726608 , 0.,  0.        ,  0.        , 23.33333333, 24, 17, 32.5)
 (38, [ 9, 21, 16,  0, 21,  5, 60, 42, 66, 25, 36, 10, 33, 65, 71, 51, 59, 57, 50, 49, 17, 41, 24, 63, 28, 13, 61, 68, 12,  1, 64, 47, 23, 26, 45, 15, 34, 44, 37, 32, 69, 40, 43,  7,  6, 11,  9,  8, 54, 22, 21, 30, 48, 29, 72,  5, 14, 67, 56, 16,  3,  4, 52, 46, 53, 55, 18, 20, 31, 27, 70, 62, 58, 19, 35,  2, 38, 39], 2595.02835771, 2595.02835771, 0.,  0.        ,  0.        , 13.33333333, 25, 30, 40. )
 (38, [ 9, 21, 16,  0, 21,  5, 60, 42, 66, 25, 36, 10,  6, 65, 71, 51, 59, 57, 50, 49, 17, 41, 24, 63, 28, 13, 61, 68, 12,  1, 64, 47, 23, 26, 45, 15, 34, 44, 62, 32, 69, 40, 43,  7, 33, 11,  9,  8, 54, 22, 21, 30, 48, 29, 72,  5, 14, 67, 56, 16,  3,  4, 52, 46, 53, 55, 18, 20, 31, 27, 70, 37, 58, 19, 35,  2, 38, 39], 2598.72583858, 2701.29953976, 0.,  0.        ,  0.        , 14.        , 26, 28, 40. )
 (42, [11, 18, 11, 10, 10, 12,  1, 30, 47, 36, 22, 33, 60, 66, 48, 55, 15, 38, 65, 54, 64, 70, 18, 29,  4, 14, 28, 32, 16,  9,  2, 44, 23, 34,  8, 45, 12, 63,  5, 35, 26, 53, 43, 27, 37, 49, 20, 13, 61, 46, 51, 69, 67, 71, 62, 10,  7, 58,  3, 21, 19, 39, 68, 25, 50, 41, 42, 31, 57, 11, 52, 40,  6, 59, 17, 56, 72, 24], 2721.17929729, 2721.17929729, 0.,  0.        ,  0.        , 22.33333333, 27, 18, 36. )
 (42, [11, 18, 11, 10, 10, 12,  1, 30, 47, 36, 22, 33, 60, 66, 48, 55, 15, 38, 65, 54, 64, 70, 18, 29,  4, 14, 28, 32, 16,  9,  2, 44, 23, 34,  8, 45, 12, 63,  5, 35, 26, 53, 43, 27, 37, 49, 20, 13, 61, 46, 51, 69, 67, 71, 62, 10,  7, 58,  3, 21, 19, 39, 68, 25, 50, 41, 42, 31, 57, 11, 52, 40,  6, 59, 17, 56, 72, 24], 2721.17929729, 2721.17929729, 0.,  0.        ,  0.        , 22.33333333, 27, 18, 36. )
 (39, [11, 17, 12, 11, 11, 10, 65, 43, 45, 62, 53, 57, 59, 24, 71, 18, 63, 11, 33, 19, 67,  3, 10, 25, 68, 56, 66, 35, 27, 36, 38, 17, 46, 64, 37, 51, 44, 14, 49, 70, 47, 69, 30, 12, 41, 26,  2,  7, 60,  4,  8, 61, 72, 32, 39,  1, 13, 40, 50, 31,  5, 52, 58, 15, 48, 42, 23, 16, 21, 55, 20, 54, 22, 28,  9,  6, 29, 34], 2743.79287002, 2849.83960142, 0.,  0.28843966,  0.        , 16.        , 28, 23, 39.5)
 (39, [11, 17, 12, 11, 11, 10, 65, 43, 45, 62, 53, 57, 59, 24, 71, 18, 63, 11, 33, 19, 67,  3, 10, 25, 68, 56, 66, 35, 27, 36, 38, 17, 46, 64, 37, 51, 44, 14, 49, 70, 47, 69, 30, 12, 41, 26,  2,  7, 60,  4,  8, 61, 72, 32, 39,  1, 13, 40, 50, 31,  5, 52, 58, 15, 48, 42, 23, 16, 21, 55, 20, 54, 22, 28,  9,  6, 29, 34], 2743.79287002, 2849.83960142, 0.,  0.28843966,  0.        , 16.        , 28, 23, 39.5)
 (38, [ 8, 19, 14,  8, 17,  6, 25, 48, 58, 13, 20, 10, 33, 65, 51, 59, 57, 50, 49, 17, 41, 24, 63, 28, 19, 61, 68, 12,  1, 64, 47, 23, 26, 45, 15, 34, 44, 62, 32, 69, 40, 43,  7,  6, 11,  9,  8, 54, 22, 71, 29, 72,  5, 14, 67, 56, 16,  3, 21,  4, 30, 66, 42, 60, 31,  2, 38, 39, 52, 46, 55, 37, 35, 36, 27, 18, 70, 53], 2745.69313659, 2899.21510747, 0.,  0.        ,  0.        , 29.        , 29, 10, 34. )
 (38, [ 7, 21, 16,  2, 21,  5, 60, 42, 66, 25, 36, 10, 33, 65, 51, 59, 57, 50, 49, 17, 67, 41, 24, 63, 28, 13, 61, 68, 12,  1, 64, 47, 23, 26, 45, 15, 34, 44, 62, 32, 69, 40, 43,  7,  6, 11, 35,  9,  8, 54, 22, 21, 30, 48, 29, 72,  5, 14, 56, 16,  3,  4, 52, 46, 53, 55, 18, 20, 31, 27, 70, 37, 58, 19,  2, 39, 38, 71], 2848.41134031, 2950.98504149, 0.,  0.        ,  0.        , 17.        , 30, 21, 40.5)
 (38, [ 8, 17, 18,  2, 23,  4, 66, 51, 42, 27, 20, 18, 38, 71, 49, 30, 31, 17, 41, 24, 63, 28, 13, 61, 68, 12,  1, 64, 47, 23, 26, 45, 34, 44, 62, 32, 69, 40, 43,  7,  6, 11,  9,  8, 54, 22, 29, 72, 15, 14,  5, 21,  4, 53,  2, 39, 25, 55, 37, 48, 67, 56, 16,  3, 60, 10, 65, 70, 52, 57, 50, 46, 58, 19, 35, 59, 33, 36], 2876.31041915, 3216.45076697, 0.,  4.80261999,  0.        , 44.33333333, 47,  4, 49. )
 (38, [ 8, 19, 16,  3, 21,  5, 25, 48, 58, 19, 20, 10, 33, 65, 51, 59, 57, 50, 49, 17, 41, 24, 63, 28, 13, 68, 12,  1, 64, 47, 23, 26, 61, 45, 15, 34, 44, 62, 32, 69, 40, 11, 54, 22, 72, 56, 39, 71, 21, 46, 43,  7,  6,  9,  8, 29,  5, 14, 67, 16,  3,  4, 30, 66, 42, 60, 31,  2, 38, 52, 55, 37, 35, 36, 27, 18, 70, 53], 2916.32857665, 2916.32857665, 0.,  0.        ,  0.        , 34.66666667, 32,  8, 36. )
 (38, [ 9, 15, 15, 10, 18,  5, 25, 48, 58, 19, 20, 10, 33, 65, 71, 51, 59, 57, 50, 49, 17, 41, 24, 63, 28, 13, 68, 12,  1, 64, 47, 23, 26, 61, 45, 15, 34, 44, 62, 32, 69, 43,  7,  6, 11,  9,  8, 54, 22, 29, 72,  5, 14, 67, 56, 16,  3, 21,  4, 40, 30, 66, 42, 60, 31,  2, 38, 39, 52, 46, 55, 37, 35, 36, 27, 18, 70, 53], 2927.65480546, 2934.75888978, 0.,  0.        ,  0.        , 26.        , 33, 15, 40.5)
 (47, [12, 12, 12, 11, 13, 12, 36, 57, 34, 58, 66,  5, 49, 52, 69, 50, 26, 23, 20, 29, 62, 44, 37, 22, 61, 33, 24, 45, 14, 47,  2, 70, 71, 10, 63, 27, 54, 48,  1, 43,  9, 30, 19, 39, 25, 21, 40, 15,  4, 41, 12, 59, 53, 72, 68, 46,  3, 51,  6, 32, 38, 31, 11, 55, 35,  8, 16, 13, 42, 65, 64, 17, 56, 60, 18, 67,  7, 28], 2932.26842368, 2932.26842368, 0.,  0.        ,  0.        , 12.        , 34, 31, 49.5)
 (43, [11, 12, 12, 10, 14, 13, 67, 39, 69, 50, 11, 17, 22,  1, 53,  5, 25, 42,  7, 37, 26, 43, 63, 36, 70, 18, 10, 27,  9,  6, 58, 49, 51, 54, 13,  2, 71, 55, 44, 41, 28, 46, 56, 33, 20, 68, 66, 19, 40, 45, 59, 38,  8, 29, 57, 34, 65, 24, 64,  4, 72, 23, 47, 16, 52, 61, 14, 21, 48,  3, 30, 12, 35, 15, 32, 31, 60, 62], 2937.19590977, 2924.66772707, 0.,  0.        ,  6.26409135, 16.        , 35, 24, 47. )
 (43, [11, 12, 12, 10, 14, 13, 67, 39, 69, 50, 11, 17, 22,  1, 53,  5, 25, 42,  7, 37, 26, 43, 63, 36, 70, 18, 10, 27,  9,  6, 58, 49, 51, 54, 13,  2, 71, 55, 44, 41, 28, 46, 56, 33, 20, 68, 66, 19, 40, 45, 59, 38,  8, 29, 57, 34, 65, 24, 64,  4, 72, 23, 47, 16, 52, 61, 14, 21, 48,  3, 30, 12, 35, 15, 32, 31, 60, 62], 2937.19590977, 2924.66772707, 0.,  0.        ,  6.26409135, 16.        , 35, 24, 47. )
 (38, [ 9, 14, 18,  5, 20,  6, 25, 48, 58, 19, 20, 10, 33, 65, 71, 51, 59, 60, 42, 66, 36, 57, 50, 49, 17, 41, 24, 63, 28, 13, 61, 68, 12,  1, 64, 47, 23, 26, 45, 15, 34, 44, 62, 32, 69, 40, 43,  7,  6, 11,  9,  8, 54, 22, 29, 72,  5, 14, 67, 56, 16,  3, 21,  4, 52, 46, 53, 55, 18, 31, 27, 70, 30, 37, 35,  2, 39, 38], 2950.12115222, 3112.79581175, 0.,  0.        ,  0.        , 24.        , 36, 16, 44. )
 (44, [15, 10, 11, 12, 13, 11, 49, 36, 48, 68,  3, 58, 55, 67, 62,  8, 40, 30, 43,  6, 63, 16,  1, 52,  4,  2, 26, 14, 20, 21, 45, 33, 11,  9, 10, 66, 12, 51, 29, 42, 27, 47, 28, 41, 61, 64, 60, 44,  7, 72, 71,  5, 35, 59, 70, 46, 19, 22, 32, 15, 37, 13, 17, 25, 69, 39, 18, 57, 23, 65, 34, 24, 53, 50, 38, 54, 56, 31], 2969.90900015, 3617.23691784, 0.,  0.28843966,  0.        , 19.66666667, 37, 19, 46.5)
 (44, [15, 10, 11, 12, 13, 11, 49, 36, 48, 68,  3, 58, 55, 67, 62,  8, 40, 30, 43,  6, 63, 16,  1, 52,  4,  2, 26, 14, 20, 21, 45, 33, 11,  9, 10, 66, 12, 51, 29, 42, 27, 47, 28, 41, 61, 64, 60, 44,  7, 72, 71,  5, 35, 59, 70, 46, 19, 22, 32, 15, 37, 13, 17, 25, 69, 39, 18, 57, 23, 65, 34, 24, 53, 50, 38, 54, 56, 31], 2969.90900015, 3617.23691784, 0.,  0.28843966,  0.        , 19.66666667, 37, 19, 46.5)
 (38, [ 9, 19,  9, 10, 21,  4, 60, 42, 25, 36, 10, 33, 41, 65, 71, 51, 59, 57, 50, 49, 17, 66, 24, 63, 28, 47, 64,  1, 12, 68, 61, 13, 23, 26, 45, 15, 34, 44, 62, 32, 69, 40, 43,  7,  6, 11,  9,  8, 54, 22, 29, 72,  5, 14, 67, 56, 16,  3, 21,  4, 52, 46, 53, 55, 48, 27, 31, 20, 18, 70, 30, 37, 38, 58, 19, 35,  2, 39], 2980.33145751, 3086.37818891, 0.,  0.28843966,  0.        , 28.33333333, 38, 13, 44.5)
 (46, [11, 12, 14, 12, 11, 12, 27,  4,  2, 10, 40, 46, 62, 24,  7, 53, 21, 60, 30, 14, 28, 23, 15, 38, 35, 43, 65, 68, 37, 67, 56, 34, 58, 16, 55, 66,  8, 39, 25, 57, 52, 49, 51, 33, 72, 20, 26,  5, 71, 41,  3, 12, 18, 45, 48, 69, 64, 63,  6, 70, 36,  9, 42, 50, 19, 61, 47, 17, 11,  1, 32, 59, 13, 22, 54, 31, 44, 29], 3163.40162742, 3163.40162742, 0.,  0.        ,  0.        , 28.33333333, 40, 12, 46. )
 (38, [10, 14, 11, 11, 18,  8, 60, 42, 66, 10, 51, 59, 57, 50, 33, 65, 20, 37, 58, 49, 17, 41, 24, 63, 28, 13, 68, 12,  1, 64, 47, 23, 26, 61, 45, 15, 34, 44, 62, 32, 69, 43,  7,  6, 25, 36, 40, 11,  5, 72, 29, 22, 54,  8,  9, 14, 67, 56, 16,  3, 21,  4, 52, 46, 53, 55, 48, 18, 31, 27, 70, 30, 19, 35,  2, 39, 38, 71], 3185.68072974, 3045.50391207, 0.,  5.94870352, 64.13970532, 41.        , 41,  5, 43.5)
 (38, [ 8, 19, 15,  6, 19,  5, 25, 36, 10, 33, 65, 51, 59, 57, 50, 49, 17, 41, 24, 63, 28, 13, 68, 39, 71, 46, 58, 12,  1, 64, 47, 23, 26, 61, 45, 15, 34, 44, 62, 32, 69, 43,  7,  6, 11,  9,  8, 54, 22, 29, 72,  5, 14, 67, 56, 16,  3, 21,  4, 40, 30, 66, 42, 60, 31,  2, 38, 55, 37, 19, 48, 52, 53, 18, 20, 27, 70, 35], 3237.38808793, 3436.83160749, 0., 36.90147959,  0.        , 29.        , 42, 11, 47.5)
 (37, [11, 12, 11, 13, 13, 12, 57, 29, 39, 37, 53, 31, 19, 13, 16, 45, 22, 27, 58, 40,  5, 10, 38, 67, 71, 17, 68, 50, 64, 55, 11,  2, 54, 26, 32,  7, 25, 70, 47, 44, 36, 21,  8, 41, 62, 18, 20,  3, 23, 69, 72, 63, 60, 61, 42, 59, 24, 35, 33,  6, 49, 30, 66, 43, 51,  1, 56, 48, 12, 52, 46, 34, 15, 28,  9, 14, 65,  4], 3285.46340961, 3337.94912061, 0., 42.84207335,  0.        , 38.        , 44,  6, 47. )
 (37, [11, 12, 11, 13, 13, 12, 57, 29, 39, 37, 53, 31, 19, 13, 16, 45, 22, 27, 58, 40,  5, 10, 38, 67, 71, 17, 68, 50, 64, 55, 11,  2, 54, 26, 32,  7, 25, 70, 47, 44, 36, 21,  8, 41, 62, 18, 20,  3, 23, 69, 72, 63, 60, 61, 42, 59, 24, 35, 33,  6, 49, 30, 66, 43, 51,  1, 56, 48, 12, 52, 46, 34, 15, 28,  9, 14, 65,  4], 3285.46340961, 3337.94912061, 0., 42.84207335,  0.        , 38.        , 44,  6, 47. )
 (49, [12, 11, 12, 13, 12, 12, 32, 57,  7, 52, 36, 28, 42, 68,  2, 34, 16, 27, 59, 41, 46, 25, 58, 22, 53, 37,  9,  3, 71, 24, 19, 47, 62, 18, 13, 43, 10, 61, 23, 35, 21,  8, 49, 12, 48, 17, 14,  4, 20, 70,  1, 26, 39,  5, 11, 55, 67, 31, 66, 63, 38, 64, 44, 69, 30, 56, 33,  6, 72, 29, 60, 45, 65, 50, 54, 15, 40, 51], 4253.6443457 , 4853.38948238, 0., 25.45725959,  0.        , 65.66666667, 48,  1, 48.5)
 (49, [12, 11, 12, 13, 12, 12, 32, 57,  7, 52, 36, 28, 42, 68,  2, 34, 16, 27, 59, 41, 46, 25, 58, 22, 53, 37,  9,  3, 71, 24, 19, 47, 62, 18, 13, 43, 10, 61, 23, 35, 21,  8, 49, 12, 48, 17, 14,  4, 20, 70,  1, 26, 39,  5, 11, 55, 67, 31, 66, 63, 38, 64, 44, 69, 30, 56, 33,  6, 72, 29, 60, 45, 65, 50, 54, 15, 40, 51], 4253.6443457 , 4853.38948238, 0., 25.45725959,  0.        , 65.66666667, 48,  1, 48.5)]