
Total Runtime in seconds: 399.9378502368927Parameters:
population_size: 100, max_generations: 1000, executed generations: 1000, threshold_no_improvement: 500
target feasible proportion: 25
fitness_scaling: power_rank, selection_method: n_tournaments
p_c: 0.8, p_m: 0.4
tournament_size: 2, n_elite: 10
survivor_selection_step: 200, p_selection_survival: 0.7
kill clone step: 100
diversify_step: 300, diversify_step: 300, p_diversify_survival: 0.3
n_closest_neighbors: 3, diversity_weight: 0.5, distance_method: broken_pairs_distance
capacity_penalty_factor: 3.6372457807195234e-11, duration_penalty_factor 3.6372457807195234e-11, time_window_penalty: 196616309136.09354
Best fitness all generations, best individual before/after local search: 1895.5855013260837, 1895.5855013260837 / 1895.5855013260837
Best individual found before local search: (51, [ 8, 13, 16, 11, 44, 32, 31, 39, 35, 37,  9, 41,  6, 45, 19, 27,  3, 11, 48, 22,  7, 10, 42, 46, 34, 14, 26, 28, 36, 24, 12, 40,  4, 20,  8, 16, 33, 13, 29,  5,  1, 25, 17, 21, 47, 43, 15, 23,  2, 30, 18, 38], 1895.58550133, 2099.94913868, 0., 0., 0., 0., 0, 0, 0.)
Best individual found after local search: (51, [ 8, 13, 16, 11, 44, 32, 31, 39, 35, 37,  9, 41,  6, 45, 19, 27,  3, 11, 48, 22,  7, 10, 42, 46, 34, 14, 26, 28, 36, 24, 12, 40,  4, 20,  8, 16, 33, 13, 29,  5,  1, 25, 17, 21, 47, 43, 15, 23,  2, 30, 18, 38], 1895.58550133, 2099.94913868, 0., 0., 0., 0., 0, 0, 0.)
Best feasible individual found: (51, [ 8, 13, 16, 11, 44, 32, 31, 39, 35, 37,  9, 41,  6, 45, 19, 27,  3, 11, 48, 22,  7, 10, 42, 46, 34, 14, 26, 28, 36, 24, 12, 40,  4, 20,  8, 16, 33, 13, 29,  5,  1, 25, 17, 21, 47, 43, 15, 23,  2, 30, 18, 38], 1895.58550133, 2099.94913868, 0., 0., 0., 0., 0, 0, 0.)

Fitness stats min: [4398.55066689 4215.10826167 4020.5580722  4020.5580722  4020.5580722
 3853.17330386 3777.49884947 3777.49884947 3639.15060487 3639.15060487
 3596.84506874 3596.84506874 3359.21888306 3359.21888306 3316.39818157
 3316.39818157 3126.24502085 3126.24502085 3126.24502085 3126.24502085
 3126.24502085 3053.68578334 3053.68578334 2997.62426099 2936.83841467
 2936.83841467 2932.28774661 2932.28774661 2932.28774661 2842.27903794
 2842.27903794 2842.27903794 2821.99697152 2821.99697152 2801.94820933
 2801.94820933 2770.64797904 2704.48848701 2704.48848701 2699.50847199
 2684.22248109 2632.87348861 2591.42072784 2578.54722068 2578.54722068
 2578.54722068 2578.54722068 2561.73773438 2561.73773438 2561.73773438
 2557.23482166 2557.23482166 2557.23482166 2545.79807038 2535.53087693
 2535.53087693 2535.53087693 2526.37762909 2511.03697838 2500.6370608
 2484.86466412 2484.86466412 2484.86466412 2484.86466412 2484.86466412
 2484.86466412 2479.75811837 2445.68355204 2445.68355204 2445.68355204
 2445.68355204 2445.68355204 2427.76466362 2422.65811787 2419.82828275
 2419.82828275 2419.82828275 2419.82828275 2418.55433158 2407.3252987
 2390.02651517 2380.96095638 2380.96095638 2380.96095638 2371.75062434
 2340.21586205 2340.21586205 2340.21586205 2313.85151973 2313.85151973
 2281.81157463 2281.81157463 2281.81157463 2281.81157463 2281.81157463
 2281.81157463 2281.81157463 2281.81157463 2281.81157463 2281.81157463
 2271.58432186 2239.4705254  2239.4705254  2239.4705254  2239.4705254
 2239.4705254  2239.4705254  2195.01184864 2195.01184864 2195.01184864
 2195.01184864 2195.01184864 2176.37217622 2154.62110934 2154.62110934
 2154.62110934 2154.62110934 2154.62110934 2154.62110934 2149.05014935
 2144.05196894 2144.05196894 2130.41047693 2130.41047693 2130.41047693
 2126.60533302 2126.60533302 2126.60533302 2125.10155151 2125.10155151
 2125.10155151 2113.71222301 2113.71222301 2109.9070791  2109.9070791
 2109.9070791  2109.9070791  2076.04178922 2076.04178922 2076.04178922
 2076.04178922 2076.04178922 2076.04178922 2076.04178922 2064.2800047
 2064.2800047  2064.2800047  2064.2800047  2064.2800047  2064.2800047
 2059.3435353  2059.3435353  2059.3435353  2059.3435353  2059.3435353
 2059.3435353  2059.3435353  2044.01071613 2044.01071613 2044.01071613
 2044.01071613 2044.01071613 2044.01071613 2044.01071613 2044.01071613
 2044.01071613 2044.01071613 2044.01071613 2044.01071613 2044.01071613
 2044.01071613 2044.01071613 2032.98764679 2032.98764679 2032.98764679
 2032.98764679 2032.98764679 2032.98764679 2032.98764679 2032.98764679
 2032.98764679 2032.98764679 2032.98764679 2032.98764679 2032.98764679
 2032.98764679 2032.98764679 2032.98764679 2032.98764679 2032.98764679
 2032.98764679 2032.98764679 2032.98764679 2030.53270164 2030.53270164
 2030.53270164 2030.53270164 2030.53270164 2030.53270164 2030.53270164
 2030.53270164 2019.46399024 2019.46399024 2019.46399024 2019.46399024
 2019.46399024 2019.46399024 2019.46399024 2019.46399024 2019.46399024
 2019.46399024 2019.46399024 2019.46399024 2019.46399024 2019.46399024
 2019.46399024 2019.46399024 2019.46399024 2019.46399024 2019.46399024
 2019.46399024 2019.46399024 2019.46399024 2019.46399024 2019.46399024
 2019.46399024 2019.46399024 2019.46399024 2019.46399024 2019.46399024
 2019.46399024 2019.46399024 2019.46399024 2019.46399024 2019.46399024
 2019.46399024 2019.46399024 2019.46399024 2019.46399024 2019.46399024
 2019.46399024 2019.46399024 2019.46399024 2019.46399024 2019.46399024
 2019.46399024 2019.46399024 2019.46399024 2019.46399024 2019.46399024
 2019.46399024 2019.46399024 2019.46399024 2019.46399024 2019.46399024
 2019.46399024 2019.46399024 2019.46399024 2019.46399024 2019.46399024
 2019.46399024 2019.46399024 2019.46399024 2019.46399024 2019.46399024
 2019.46399024 2019.46399024 2019.46399024 2019.46399024 2019.46399024
 2019.46399024 2015.30940742 2015.30940742 2015.30940742 2015.30940742
 2015.30940742 2015.30940742 2015.30940742 2015.30940742 2015.30940742
 2015.30940742 2015.30940742 2012.30184439 2012.30184439 2012.30184439
 2007.67651238 2007.67651238 2007.67651238 2007.67651238 2007.67651238
 2007.67651238 2007.67651238 2007.67651238 2007.67651238 2007.67651238
 2007.67651238 2007.67651238 2007.67651238 2007.67651238 2007.67651238
 2004.7541384  2004.7541384  2004.7541384  2004.7541384  2004.7541384
 2004.7541384  2004.7541384  2004.7541384  2004.7541384  2004.7541384
 2004.7541384  2004.7541384  2004.7541384  2004.7541384  2004.7541384
 2004.7541384  2004.7541384  2004.7541384  2004.7541384  2004.7541384
 2004.7541384  2004.7541384  2004.7541384  2004.7541384  2004.7541384
 2004.7541384  2004.7541384  2004.7541384  2004.7541384  2004.7541384
 2004.7541384  2004.7541384  2004.7541384  2004.7541384  2004.7541384
 2004.7541384  2004.7541384  2004.7541384  2004.7541384  2004.7541384
 2004.7541384  2004.7541384  2004.7541384  2004.7541384  2004.7541384
 2004.7541384  2004.7541384  2004.7541384  2004.7541384  2004.7541384
 2004.7541384  2004.7541384  2004.7541384  2004.7541384  2004.7541384
 2004.7541384  2004.7541384  2004.7541384  2004.7541384  2004.7541384
 2004.7541384  2004.7541384  2004.7541384  2004.7541384  2004.7541384
 2004.7541384  2004.7541384  2004.7541384  2004.7541384  2004.7541384
 2004.7541384  2004.7541384  2004.7541384  2004.7541384  2004.7541384
 2004.7541384  2004.7541384  2004.7541384  2004.7541384  2004.7541384
 2004.7541384  2004.7541384  2004.7541384  2002.42196992 2002.42196992
 2002.42196992 2002.42196992 2002.42196992 2002.42196992 2002.42196992
 2002.42196992 2002.42196992 2002.42196992 2002.42196992 2002.42196992
 2002.42196992 2002.42196992 2002.42196992 2002.42196992 2002.42196992
 2002.42196992 2002.42196992 2002.42196992 2002.42196992 2002.42196992
 2002.42196992 2002.42196992 2002.42196992 2002.42196992 2002.42196992
 2002.42196992 2002.42196992 2002.42196992 2002.42196992 2002.42196992
 2002.42196992 2002.42196992 2002.42196992 2002.42196992 2002.42196992
 2002.42196992 2002.42196992 2002.42196992 2002.42196992 2002.42196992
 2002.42196992 2002.42196992 2002.42196992 2002.42196992 2002.42196992
 2002.42196992 2002.42196992 2002.42196992 2002.42196992 2002.42196992
 2002.42196992 2002.42196992 2002.42196992 2002.42196992 2002.42196992
 2002.42196992 1968.2390835  1968.2390835  1968.2390835  1968.2390835
 1968.2390835  1968.2390835  1968.2390835  1968.2390835  1965.78413836
 1965.78413836 1965.78413836 1947.01533972 1947.01533972 1947.01533972
 1947.01533972 1947.01533972 1947.01533972 1947.01533972 1947.01533972
 1947.01533972 1947.01533972 1947.01533972 1947.01533972 1947.01533972
 1947.01533972 1947.01533972 1947.01533972 1947.01533972 1947.01533972
 1947.01533972 1947.01533972 1947.01533972 1947.01533972 1947.01533972
 1947.01533972 1947.01533972 1947.01533972 1947.01533972 1947.01533972
 1947.01533972 1947.01533972 1947.01533972 1947.01533972 1947.01533972
 1947.01533972 1947.01533972 1947.01533972 1947.01533972 1947.01533972
 1947.01533972 1947.01533972 1947.01533972 1947.01533972 1947.01533972
 1947.01533972 1947.01533972 1947.01533972 1947.01533972 1947.01533972
 1947.01533972 1947.01533972 1947.01533972 1947.01533972 1947.01533972
 1947.01533972 1947.01533972 1947.01533972 1947.01533972 1947.01533972
 1947.01533972 1947.01533972 1947.01533972 1947.01533972 1947.01533972
 1947.01533972 1947.01533972 1947.01533972 1947.01533972 1936.19940054
 1936.19940054 1936.19940054 1936.19940054 1936.19940054 1936.19940054
 1936.19940054 1936.19940054 1936.19940054 1936.19940054 1936.19940054
 1936.19940054 1936.19940054 1936.19940054 1936.19940054 1936.19940054
 1936.19940054 1936.19940054 1936.09970093 1936.09970093 1936.09970093
 1936.09970093 1936.09970093 1936.09970093 1936.09970093 1936.09970093
 1936.09970093 1936.09970093 1936.09970093 1936.09970093 1936.09970093
 1936.09970093 1936.09970093 1936.09970093 1936.09970093 1936.09970093
 1936.09970093 1936.09970093 1936.09970093 1936.09970093 1936.09970093
 1936.09970093 1936.09970093 1936.09970093 1936.09970093 1936.09970093
 1936.09970093 1936.09970093 1928.06365818 1928.06365818 1928.06365818
 1928.06365818 1928.06365818 1928.06365818 1928.06365818 1928.06365818
 1928.06365818 1928.06365818 1928.06365818 1928.06365818 1928.06365818
 1928.06365818 1928.06365818 1928.06365818 1928.06365818 1928.06365818
 1928.06365818 1928.06365818 1928.06365818 1928.06365818 1928.06365818
 1928.06365818 1928.06365818 1928.06365818 1928.06365818 1928.06365818
 1928.06365818 1928.06365818 1928.06365818 1928.06365818 1928.06365818
 1928.06365818 1928.06365818 1928.06365818 1928.06365818 1928.06365818
 1928.06365818 1928.06365818 1928.06365818 1928.06365818 1928.06365818
 1928.06365818 1928.06365818 1928.06365818 1928.06365818 1928.06365818
 1928.06365818 1928.06365818 1928.06365818 1928.06365818 1928.06365818
 1928.06365818 1928.06365818 1928.06365818 1928.06365818 1928.06365818
 1928.06365818 1928.06365818 1928.06365818 1928.06365818 1928.06365818
 1928.06365818 1928.06365818 1928.06365818 1928.06365818 1928.06365818
 1928.06365818 1928.06365818 1928.06365818 1928.06365818 1928.06365818
 1928.06365818 1928.06365818 1928.06365818 1928.06365818 1928.06365818
 1927.01862822 1927.01862822 1927.01862822 1927.01862822 1927.01862822
 1927.01862822 1927.01862822 1927.01862822 1927.01862822 1927.01862822
 1927.01862822 1927.01862822 1927.01862822 1927.01862822 1927.01862822
 1927.01862822 1927.01862822 1927.01862822 1927.01862822 1927.01862822
 1927.01862822 1927.01862822 1927.01862822 1927.01862822 1927.01862822
 1927.01862822 1927.01862822 1927.01862822 1927.01862822 1927.01862822
 1927.01862822 1927.01862822 1927.01862822 1927.01862822 1927.01862822
 1927.01862822 1927.01862822 1927.01862822 1927.01862822 1927.01862822
 1927.01862822 1927.01862822 1927.01862822 1927.01862822 1927.01862822
 1927.01862822 1927.01862822 1927.01862822 1927.01862822 1927.01862822
 1927.01862822 1927.01862822 1927.01862822 1927.01862822 1927.01862822
 1927.01862822 1927.01862822 1927.01862822 1927.01862822 1927.01862822
 1927.01862822 1927.01862822 1927.01862822 1927.01862822 1927.01862822
 1927.01862822 1927.01862822 1927.01862822 1927.01862822 1927.01862822
 1927.01862822 1927.01862822 1927.01862822 1927.01862822 1927.01862822
 1927.01862822 1927.01862822 1927.01862822 1927.01862822 1927.01862822
 1927.01862822 1927.01862822 1927.01862822 1927.01862822 1927.01862822
 1927.01862822 1927.01862822 1927.01862822 1927.01862822 1927.01862822
 1927.01862822 1927.01862822 1915.79216101 1915.79216101 1915.79216101
 1915.79216101 1915.79216101 1915.79216101 1915.79216101 1915.79216101
 1915.79216101 1915.79216101 1915.79216101 1915.79216101 1915.79216101
 1915.79216101 1915.79216101 1915.79216101 1915.79216101 1915.79216101
 1915.79216101 1915.79216101 1915.79216101 1915.62071931 1915.62071931
 1915.62071931 1915.62071931 1915.62071931 1915.62071931 1915.62071931
 1915.62071931 1915.62071931 1915.62071931 1915.62071931 1915.62071931
 1915.62071931 1915.62071931 1915.62071931 1915.62071931 1915.62071931
 1915.62071931 1915.62071931 1915.62071931 1915.62071931 1915.62071931
 1915.62071931 1915.62071931 1915.62071931 1915.62071931 1915.62071931
 1915.62071931 1915.62071931 1915.62071931 1915.62071931 1915.62071931
 1915.62071931 1915.62071931 1915.62071931 1915.62071931 1915.62071931
 1915.62071931 1915.62071931 1915.62071931 1915.62071931 1915.62071931
 1915.62071931 1915.62071931 1906.07605858 1906.07605858 1906.07605858
 1906.07605858 1906.07605858 1906.07605858 1906.07605858 1906.07605858
 1906.07605858 1906.07605858 1906.07605858 1906.07605858 1906.07605858
 1906.07605858 1906.07605858 1906.07605858 1906.07605858 1906.07605858
 1906.07605858 1895.58550133 1895.58550133 1895.58550133 1895.58550133
 1895.58550133 1895.58550133 1895.58550133 1895.58550133 1895.58550133
 1895.58550133 1895.58550133 1895.58550133 1895.58550133 1895.58550133
 1895.58550133 1895.58550133 1895.58550133 1895.58550133 1895.58550133
 1895.58550133 1895.58550133 1895.58550133 1895.58550133 1895.58550133
 1895.58550133 1895.58550133 1895.58550133 1895.58550133 1895.58550133
 1895.58550133 1895.58550133 1895.58550133 1895.58550133 1895.58550133
 1895.58550133 1895.58550133 1895.58550133 1895.58550133 1895.58550133
 1895.58550133 1895.58550133 1895.58550133 1895.58550133 1895.58550133
 1895.58550133 1895.58550133 1895.58550133 1895.58550133 1895.58550133
 1895.58550133 1895.58550133 1895.58550133 1895.58550133 1895.58550133
 1895.58550133 1895.58550133 1895.58550133 1895.58550133 1895.58550133
 1895.58550133 1895.58550133 1895.58550133 1895.58550133 1895.58550133
 1895.58550133 1895.58550133 1895.58550133 1895.58550133 1895.58550133
 1895.58550133 1895.58550133 1895.58550133 1895.58550133 1895.58550133
 1895.58550133 1895.58550133 1895.58550133 1895.58550133 1895.58550133
 1895.58550133 1895.58550133 1895.58550133 1895.58550133 1895.58550133
 1895.58550133 1895.58550133 1895.58550133 1895.58550133 1895.58550133
 1895.58550133 1895.58550133 1895.58550133 1895.58550133 1895.58550133
 1895.58550133 1895.58550133 1895.58550133 1895.58550133 1895.58550133
 1895.58550133 1895.58550133 1895.58550133 1895.58550133 1895.58550133
 1895.58550133 1895.58550133 1895.58550133 1895.58550133 1895.58550133
 1895.58550133 1895.58550133 1895.58550133 1895.58550133 1895.58550133
 1895.58550133 1895.58550133 1895.58550133 1895.58550133 1895.58550133
 1895.58550133 1895.58550133 1895.58550133 1895.58550133 1895.58550133
 1895.58550133 1895.58550133 1895.58550133 1895.58550133 1895.58550133
 1895.58550133 1895.58550133 1895.58550133 1895.58550133 1895.58550133
 1895.58550133 1895.58550133 1895.58550133 1895.58550133 1895.58550133
 1895.58550133 1895.58550133 1895.58550133 1895.58550133 1895.58550133
 1895.58550133 1895.58550133 1895.58550133 1895.58550133 1895.58550133
 1895.58550133 1895.58550133 1895.58550133 1895.58550133 1895.58550133
 1895.58550133 1895.58550133 1895.58550133 1895.58550133 1895.58550133
 1895.58550133 1895.58550133 1895.58550133 1895.58550133 1895.58550133
 1895.58550133 1895.58550133 1895.58550133 1895.58550133 1895.58550133
 1895.58550133 1895.58550133 1895.58550133 1895.58550133 1895.58550133
 1895.58550133 1895.58550133 1895.58550133 1895.58550133 1895.58550133
 1895.58550133] 

Fitness stats feasible min: [4398.55066689 4398.55066689 4020.5580722  4020.5580722  4020.5580722
 4020.5580722  3777.49884947 3777.49884947 3639.15060487 3639.15060487
 3596.84506874 3596.84506874 3359.21888306 3359.21888306 3316.39818157
 3316.39818157 3126.24502085 3126.24502085 3126.24502085 3126.24502085
 3126.24502085 3053.68578334 3053.68578334 2997.62426099 2936.83841467
 2936.83841467 2932.28774661 2932.28774661 2932.28774661 2842.27903794
 2842.27903794 2842.27903794 2821.99697152 2821.99697152 2801.94820933
 2801.94820933 2770.64797904 2704.48848701 2704.48848701 2699.50847199
 2684.22248109 2632.87348861 2591.42072784 2578.54722068 2578.54722068
 2578.54722068 2578.54722068 2561.73773438 2561.73773438 2561.73773438
 2557.23482166 2557.23482166 2557.23482166 2545.79807038 2535.53087693
 2535.53087693 2535.53087693 2526.37762909 2511.03697838 2500.6370608
 2484.86466412 2484.86466412 2484.86466412 2484.86466412 2484.86466412
 2484.86466412 2479.75811837 2445.68355204 2445.68355204 2445.68355204
 2445.68355204 2445.68355204 2427.76466362 2422.65811787 2419.82828275
 2419.82828275 2419.82828275 2419.82828275 2418.55433158 2407.3252987
 2390.02651517 2380.96095638 2380.96095638 2380.96095638 2371.75062434
 2340.21586205 2340.21586205 2340.21586205 2313.85151973 2313.85151973
 2281.81157463 2281.81157463 2281.81157463 2281.81157463 2281.81157463
 2281.81157463 2281.81157463 2281.81157463 2281.81157463 2281.81157463
 2271.58432186 2239.4705254  2239.4705254  2239.4705254  2239.4705254
 2239.4705254  2239.4705254  2195.01184864 2195.01184864 2195.01184864
 2195.01184864 2195.01184864 2176.37217622 2154.62110934 2154.62110934
 2154.62110934 2154.62110934 2154.62110934 2154.62110934 2149.05014935
 2144.05196894 2144.05196894 2130.41047693 2130.41047693 2130.41047693
 2126.60533302 2126.60533302 2126.60533302 2125.10155151 2125.10155151
 2125.10155151 2113.71222301 2113.71222301 2109.9070791  2109.9070791
 2109.9070791  2109.9070791  2076.04178922 2076.04178922 2076.04178922
 2076.04178922 2076.04178922 2076.04178922 2076.04178922 2064.2800047
 2064.2800047  2064.2800047  2064.2800047  2064.2800047  2064.2800047
 2059.3435353  2059.3435353  2059.3435353  2059.3435353  2059.3435353
 2059.3435353  2059.3435353  2044.01071613 2044.01071613 2044.01071613
 2044.01071613 2044.01071613 2044.01071613 2044.01071613 2044.01071613
 2044.01071613 2044.01071613 2044.01071613 2044.01071613 2044.01071613
 2044.01071613 2044.01071613 2032.98764679 2032.98764679 2032.98764679
 2032.98764679 2032.98764679 2032.98764679 2032.98764679 2032.98764679
 2032.98764679 2032.98764679 2032.98764679 2032.98764679 2032.98764679
 2032.98764679 2032.98764679 2032.98764679 2032.98764679 2032.98764679
 2032.98764679 2032.98764679 2032.98764679 2030.53270164 2030.53270164
 2030.53270164 2030.53270164 2030.53270164 2030.53270164 2030.53270164
 2030.53270164 2019.46399024 2019.46399024 2019.46399024 2019.46399024
 2019.46399024 2019.46399024 2019.46399024 2019.46399024 2019.46399024
 2019.46399024 2019.46399024 2019.46399024 2019.46399024 2019.46399024
 2019.46399024 2019.46399024 2019.46399024 2019.46399024 2019.46399024
 2019.46399024 2019.46399024 2019.46399024 2019.46399024 2019.46399024
 2019.46399024 2019.46399024 2019.46399024 2019.46399024 2019.46399024
 2019.46399024 2019.46399024 2019.46399024 2019.46399024 2019.46399024
 2019.46399024 2019.46399024 2019.46399024 2019.46399024 2019.46399024
 2019.46399024 2019.46399024 2019.46399024 2019.46399024 2019.46399024
 2019.46399024 2019.46399024 2019.46399024 2019.46399024 2019.46399024
 2019.46399024 2019.46399024 2019.46399024 2019.46399024 2019.46399024
 2019.46399024 2019.46399024 2019.46399024 2019.46399024 2019.46399024
 2019.46399024 2019.46399024 2019.46399024 2019.46399024 2019.46399024
 2019.46399024 2019.46399024 2019.46399024 2019.46399024 2019.46399024
 2019.46399024 2015.30940742 2015.30940742 2015.30940742 2015.30940742
 2015.30940742 2015.30940742 2015.30940742 2015.30940742 2015.30940742
 2015.30940742 2015.30940742 2012.30184439 2012.30184439 2012.30184439
 2007.67651238 2007.67651238 2007.67651238 2007.67651238 2007.67651238
 2007.67651238 2007.67651238 2007.67651238 2007.67651238 2007.67651238
 2007.67651238 2007.67651238 2007.67651238 2007.67651238 2007.67651238
 2004.7541384  2004.7541384  2004.7541384  2004.7541384  2004.7541384
 2004.7541384  2004.7541384  2004.7541384  2004.7541384  2004.7541384
 2004.7541384  2004.7541384  2004.7541384  2004.7541384  2004.7541384
 2004.7541384  2004.7541384  2004.7541384  2004.7541384  2004.7541384
 2004.7541384  2004.7541384  2004.7541384  2004.7541384  2004.7541384
 2004.7541384  2004.7541384  2004.7541384  2004.7541384  2004.7541384
 2004.7541384  2004.7541384  2004.7541384  2004.7541384  2004.7541384
 2004.7541384  2004.7541384  2004.7541384  2004.7541384  2004.7541384
 2004.7541384  2004.7541384  2004.7541384  2004.7541384  2004.7541384
 2004.7541384  2004.7541384  2004.7541384  2004.7541384  2004.7541384
 2004.7541384  2004.7541384  2004.7541384  2004.7541384  2004.7541384
 2004.7541384  2004.7541384  2004.7541384  2004.7541384  2004.7541384
 2004.7541384  2004.7541384  2004.7541384  2004.7541384  2004.7541384
 2004.7541384  2004.7541384  2004.7541384  2004.7541384  2004.7541384
 2004.7541384  2004.7541384  2004.7541384  2004.7541384  2004.7541384
 2004.7541384  2004.7541384  2004.7541384  2004.7541384  2004.7541384
 2004.7541384  2004.7541384  2004.7541384  2002.42196992 2002.42196992
 2002.42196992 2002.42196992 2002.42196992 2002.42196992 2002.42196992
 2002.42196992 2002.42196992 2002.42196992 2002.42196992 2002.42196992
 2002.42196992 2002.42196992 2002.42196992 2002.42196992 2002.42196992
 2002.42196992 2002.42196992 2002.42196992 2002.42196992 2002.42196992
 2002.42196992 2002.42196992 2002.42196992 2002.42196992 2002.42196992
 2002.42196992 2002.42196992 2002.42196992 2002.42196992 2002.42196992
 2002.42196992 2002.42196992 2002.42196992 2002.42196992 2002.42196992
 2002.42196992 2002.42196992 2002.42196992 2002.42196992 2002.42196992
 2002.42196992 2002.42196992 2002.42196992 2002.42196992 2002.42196992
 2002.42196992 2002.42196992 2002.42196992 2002.42196992 2002.42196992
 2002.42196992 2002.42196992 2002.42196992 2002.42196992 2002.42196992
 2002.42196992 1968.2390835  1968.2390835  1968.2390835  1968.2390835
 1968.2390835  1968.2390835  1968.2390835  1968.2390835  1965.78413836
 1965.78413836 1965.78413836 1947.01533972 1947.01533972 1947.01533972
 1947.01533972 1947.01533972 1947.01533972 1947.01533972 1947.01533972
 1947.01533972 1947.01533972 1947.01533972 1947.01533972 1947.01533972
 1947.01533972 1947.01533972 1947.01533972 1947.01533972 1947.01533972
 1947.01533972 1947.01533972 1947.01533972 1947.01533972 1947.01533972
 1947.01533972 1947.01533972 1947.01533972 1947.01533972 1947.01533972
 1947.01533972 1947.01533972 1947.01533972 1947.01533972 1947.01533972
 1947.01533972 1947.01533972 1947.01533972 1947.01533972 1947.01533972
 1947.01533972 1947.01533972 1947.01533972 1947.01533972 1947.01533972
 1947.01533972 1947.01533972 1947.01533972 1947.01533972 1947.01533972
 1947.01533972 1947.01533972 1947.01533972 1947.01533972 1947.01533972
 1947.01533972 1947.01533972 1947.01533972 1947.01533972 1947.01533972
 1947.01533972 1947.01533972 1947.01533972 1947.01533972 1947.01533972
 1947.01533972 1947.01533972 1947.01533972 1947.01533972 1936.19940054
 1936.19940054 1936.19940054 1936.19940054 1936.19940054 1936.19940054
 1936.19940054 1936.19940054 1936.19940054 1936.19940054 1936.19940054
 1936.19940054 1936.19940054 1936.19940054 1936.19940054 1936.19940054
 1936.19940054 1936.19940054 1936.09970093 1936.09970093 1936.09970093
 1936.09970093 1936.09970093 1936.09970093 1936.09970093 1936.09970093
 1936.09970093 1936.09970093 1936.09970093 1936.09970093 1936.09970093
 1936.09970093 1936.09970093 1936.09970093 1936.09970093 1936.09970093
 1936.09970093 1936.09970093 1936.09970093 1936.09970093 1936.09970093
 1936.09970093 1936.09970093 1936.09970093 1936.09970093 1936.09970093
 1936.09970093 1936.09970093 1928.06365818 1928.06365818 1928.06365818
 1928.06365818 1928.06365818 1928.06365818 1928.06365818 1928.06365818
 1928.06365818 1928.06365818 1928.06365818 1928.06365818 1928.06365818
 1928.06365818 1928.06365818 1928.06365818 1928.06365818 1928.06365818
 1928.06365818 1928.06365818 1928.06365818 1928.06365818 1928.06365818
 1928.06365818 1928.06365818 1928.06365818 1928.06365818 1928.06365818
 1928.06365818 1928.06365818 1928.06365818 1928.06365818 1928.06365818
 1928.06365818 1928.06365818 1928.06365818 1928.06365818 1928.06365818
 1928.06365818 1928.06365818 1928.06365818 1928.06365818 1928.06365818
 1928.06365818 1928.06365818 1928.06365818 1928.06365818 1928.06365818
 1928.06365818 1928.06365818 1928.06365818 1928.06365818 1928.06365818
 1928.06365818 1928.06365818 1928.06365818 1928.06365818 1928.06365818
 1928.06365818 1928.06365818 1928.06365818 1928.06365818 1928.06365818
 1928.06365818 1928.06365818 1928.06365818 1928.06365818 1928.06365818
 1928.06365818 1928.06365818 1928.06365818 1928.06365818 1928.06365818
 1928.06365818 1928.06365818 1928.06365818 1928.06365818 1928.06365818
 1927.01862822 1927.01862822 1927.01862822 1927.01862822 1927.01862822
 1927.01862822 1927.01862822 1927.01862822 1927.01862822 1927.01862822
 1927.01862822 1927.01862822 1927.01862822 1927.01862822 1927.01862822
 1927.01862822 1927.01862822 1927.01862822 1927.01862822 1927.01862822
 1927.01862822 1927.01862822 1927.01862822 1927.01862822 1927.01862822
 1927.01862822 1927.01862822 1927.01862822 1927.01862822 1927.01862822
 1927.01862822 1927.01862822 1927.01862822 1927.01862822 1927.01862822
 1927.01862822 1927.01862822 1927.01862822 1927.01862822 1927.01862822
 1927.01862822 1927.01862822 1927.01862822 1927.01862822 1927.01862822
 1927.01862822 1927.01862822 1927.01862822 1927.01862822 1927.01862822
 1927.01862822 1927.01862822 1927.01862822 1927.01862822 1927.01862822
 1927.01862822 1927.01862822 1927.01862822 1927.01862822 1927.01862822
 1927.01862822 1927.01862822 1927.01862822 1927.01862822 1927.01862822
 1927.01862822 1927.01862822 1927.01862822 1927.01862822 1927.01862822
 1927.01862822 1927.01862822 1927.01862822 1927.01862822 1927.01862822
 1927.01862822 1927.01862822 1927.01862822 1927.01862822 1927.01862822
 1927.01862822 1927.01862822 1927.01862822 1927.01862822 1927.01862822
 1927.01862822 1927.01862822 1927.01862822 1927.01862822 1927.01862822
 1927.01862822 1927.01862822 1915.79216101 1915.79216101 1915.79216101
 1915.79216101 1915.79216101 1915.79216101 1915.79216101 1915.79216101
 1915.79216101 1915.79216101 1915.79216101 1915.79216101 1915.79216101
 1915.79216101 1915.79216101 1915.79216101 1915.79216101 1915.79216101
 1915.79216101 1915.79216101 1915.79216101 1915.62071931 1915.62071931
 1915.62071931 1915.62071931 1915.62071931 1915.62071931 1915.62071931
 1915.62071931 1915.62071931 1915.62071931 1915.62071931 1915.62071931
 1915.62071931 1915.62071931 1915.62071931 1915.62071931 1915.62071931
 1915.62071931 1915.62071931 1915.62071931 1915.62071931 1915.62071931
 1915.62071931 1915.62071931 1915.62071931 1915.62071931 1915.62071931
 1915.62071931 1915.62071931 1915.62071931 1915.62071931 1915.62071931
 1915.62071931 1915.62071931 1915.62071931 1915.62071931 1915.62071931
 1915.62071931 1915.62071931 1915.62071931 1915.62071931 1915.62071931
 1915.62071931 1915.62071931 1906.07605858 1906.07605858 1906.07605858
 1906.07605858 1906.07605858 1906.07605858 1906.07605858 1906.07605858
 1906.07605858 1906.07605858 1906.07605858 1906.07605858 1906.07605858
 1906.07605858 1906.07605858 1906.07605858 1906.07605858 1906.07605858
 1906.07605858 1895.58550133 1895.58550133 1895.58550133 1895.58550133
 1895.58550133 1895.58550133 1895.58550133 1895.58550133 1895.58550133
 1895.58550133 1895.58550133 1895.58550133 1895.58550133 1895.58550133
 1895.58550133 1895.58550133 1895.58550133 1895.58550133 1895.58550133
 1895.58550133 1895.58550133 1895.58550133 1895.58550133 1895.58550133
 1895.58550133 1895.58550133 1895.58550133 1895.58550133 1895.58550133
 1895.58550133 1895.58550133 1895.58550133 1895.58550133 1895.58550133
 1895.58550133 1895.58550133 1895.58550133 1895.58550133 1895.58550133
 1895.58550133 1895.58550133 1895.58550133 1895.58550133 1895.58550133
 1895.58550133 1895.58550133 1895.58550133 1895.58550133 1895.58550133
 1895.58550133 1895.58550133 1895.58550133 1895.58550133 1895.58550133
 1895.58550133 1895.58550133 1895.58550133 1895.58550133 1895.58550133
 1895.58550133 1895.58550133 1895.58550133 1895.58550133 1895.58550133
 1895.58550133 1895.58550133 1895.58550133 1895.58550133 1895.58550133
 1895.58550133 1895.58550133 1895.58550133 1895.58550133 1895.58550133
 1895.58550133 1895.58550133 1895.58550133 1895.58550133 1895.58550133
 1895.58550133 1895.58550133 1895.58550133 1895.58550133 1895.58550133
 1895.58550133 1895.58550133 1895.58550133 1895.58550133 1895.58550133
 1895.58550133 1895.58550133 1895.58550133 1895.58550133 1895.58550133
 1895.58550133 1895.58550133 1895.58550133 1895.58550133 1895.58550133
 1895.58550133 1895.58550133 1895.58550133 1895.58550133 1895.58550133
 1895.58550133 1895.58550133 1895.58550133 1895.58550133 1895.58550133
 1895.58550133 1895.58550133 1895.58550133 1895.58550133 1895.58550133
 1895.58550133 1895.58550133 1895.58550133 1895.58550133 1895.58550133
 1895.58550133 1895.58550133 1895.58550133 1895.58550133 1895.58550133
 1895.58550133 1895.58550133 1895.58550133 1895.58550133 1895.58550133
 1895.58550133 1895.58550133 1895.58550133 1895.58550133 1895.58550133
 1895.58550133 1895.58550133 1895.58550133 1895.58550133 1895.58550133
 1895.58550133 1895.58550133 1895.58550133 1895.58550133 1895.58550133
 1895.58550133 1895.58550133 1895.58550133 1895.58550133 1895.58550133
 1895.58550133 1895.58550133 1895.58550133 1895.58550133 1895.58550133
 1895.58550133 1895.58550133 1895.58550133 1895.58550133 1895.58550133
 1895.58550133 1895.58550133 1895.58550133 1895.58550133 1895.58550133
 1895.58550133 1895.58550133 1895.58550133 1895.58550133 1895.58550133
 1895.58550133 1895.58550133 1895.58550133 1895.58550133 1895.58550133
 1895.58550133 1895.58550133 1895.58550133 1895.58550133 1895.58550133
 1895.58550133] 

Fitness stats avg: [5266.65776432 5075.56067232 4921.625026   4792.44882098 4659.99039936
 4534.50428497 4429.61985463 4383.91603167 4285.31719785 4177.39777281
 4047.11958202 4008.38903175 3913.28796703 3952.67004595 3840.89640563
 3814.28535327 3738.37691528 3681.33402741 3640.33414854 3511.87876693
 3481.74909909 3473.41459282 3436.97145332 3423.09756826 3417.46302722
 3389.85261693 3339.60095481 3338.74376838 3287.69116784 3214.15281571
 3210.62341961 3162.49739966 3129.86356641 3115.01259575 3079.68709086
 3060.37546649 3014.72964499 2970.43690307 2966.94545132 2965.50082614
 2942.5777078  2926.74020625 2925.14897458 2894.04176082 2887.43890553
 2861.47252703 2871.40702146 2854.20975373 2871.84601889 2832.35856327
 2818.52381803 2795.81714142 2790.77042036 2828.28187309 2812.66961278
 2785.77231803 2785.39465411 2744.10379456 2711.87575642 2685.68507796
 2714.97625191 2688.98897766 2685.3744068  2662.00710962 2660.90724268
 2642.38718281 2641.89806631 2623.64720795 2639.72978937 2633.26822683
 2617.56717561 2609.28998802 2606.38797563 2618.24404857 2599.76142182
 2608.01851762 2631.13047499 2619.74428168 2602.65994554 2579.87999022
 2545.54538009 2561.25400107 2550.76475718 2532.33361193 2537.52392743
 2519.71018045 2527.24149569 2498.83683912 2518.13088702 2537.95948784
 2528.58510357 2496.25630122 2497.49309208 2516.18954558 2495.85138377
 2495.39699326 2453.38057577 2440.20987277 2417.60923739 2421.73079853
 2430.10041337 2405.93612494 2404.20059974 2378.4466558  2399.87674807
 2397.59913367 2442.19464807 2436.4554163  2429.17060823 2475.38638081
 2447.80969516 2426.50860476 2438.601789   2420.23957754 2458.67461679
 2423.27414446 2386.40362186 2388.57227245 2355.60871477 2369.08227642
 2332.16153116 2313.2423538  2328.09524457 2338.41431598 2332.65910161
 2315.06368426 2335.60751178 2293.24834983 2295.63841184 2286.72103733
 2291.49865516 2257.810692   2255.71118397 2246.54858036 2249.30168004
 2228.02406082 2270.87205036 2279.57091831 2274.64482794 2274.64757803
 2214.38040687 2217.37691432 2236.74587487 2252.83502588 2246.28787391
 2264.41565188 2270.56378164 2281.02905908 2278.55655606 2266.13857485
 2228.76562326 2240.32172911 2256.11962103 2275.69699012 2215.36366973
 2253.03524128 2235.74623425 2213.70578834 2216.71731419 2252.46925257
 2235.22810625 2232.2767178  2244.30894956 2250.90236479 2198.50761002
 2214.62753096 2209.87274082 2190.32341396 2169.41697903 2162.09289993
 2177.38662059 2196.42584363 2165.96077604 2171.7402912  2212.4717068
 2209.88330419 2202.90933761 2204.18540758 2229.67612297 2254.44552702
 2190.02314961 2222.46778292 2208.07186204 2203.6635665  2184.44025932
 2213.79561497 2190.49815658 2215.60764542 2206.64381797 2175.61296616
 2184.52132736 2187.05892454 2188.88658763 2163.21281893 2170.29869635
 2196.87548384 2171.09846802 2161.22131132 2159.73055978 2197.94342985
 2214.676082   2199.80765684 2186.64385557 2157.17318513 2203.88843938
 2148.46317973 2198.76427303 2186.19828715 2179.07266653 2175.4946463
 2176.19082604 2180.42930153 2183.58842717 2193.67010271 2234.16556728
 2224.98474441 2222.21846595 2185.33482069 2170.24284944 2188.15617549
 2204.28058773 2194.81099561 2197.95696098 2198.42695052 2155.52069425
 2144.28192167 2165.27572084 2206.23705083 2155.0607021  2151.81236101
 2175.48305783 2163.04364884 2163.40212829 2195.06515169 2165.10914103
 2121.72562151 2141.19032717 2142.64457044 2138.48553692 2151.45041327
 2147.6038413  2178.39187782 2177.86268434 2165.72927818 2141.65732138
 2147.04472722 2170.61752648 2136.92076179 2162.67195775 2154.16528257
 2163.91476726 2158.05588239 2138.61303645 2141.78762372 2155.84415803
 2153.45171334 2147.31666336 2172.914439   2151.14670908 2182.71721396
 2185.98549717 2158.74859882 2183.58228557 2189.68703689 2169.20620425
 2135.80734878 2163.17393746 2156.86326938 2190.6135966  2172.11851707
 2158.94391886 2170.82921015 2150.62459959 2193.34809467 2135.51263089
 2146.52723431 2181.4161464  2199.71577184 2192.9923052  2209.94971137
 2207.906482   2172.0643197  2164.73286167 2170.85266861 2142.75916777
 2155.60907445 2142.92478648 2142.18125444 2141.31183645 2168.81423303
 2179.6565842  2163.61038068 2130.21180557 2172.66307315 2181.51364746
 2135.59732626 2124.07508942 2122.56988029 2138.51045705 2156.6798797
 2149.04078281 2154.21983488 2201.11125271 2171.41901127 2159.04546887
 2182.64789802 2218.16841849 2267.30255124 2285.77911345 2275.35662261
 2257.42485645 2258.81616312 2224.0151462  2191.14547451 2145.84477248
 2167.76413999 2138.14836516 2153.39051728 2182.93064023 2119.54113136
 2173.04916732 2156.26192772 2139.39211625 2127.98541826 2173.96204888
 2134.63550285 2105.40569149 2131.0042292  2134.49165898 2132.05134084
 2107.8253503  2145.51361628 2181.19256684 2178.19244224 2174.55665051
 2148.45435488 2155.95817134 2186.50785741 2152.51325652 2164.31492241
 2117.99289934 2156.34962346 2166.95524031 2144.20860071 2170.20352762
 2103.6197549  2111.31242999 2122.34886872 2130.09665468 2099.4186135
 2124.30403567 2166.53608274 2197.1964259  2180.28172224 2150.53745396
 2140.10860128 2149.91414629 2160.97033372 2172.82116948 2158.45049622
 2149.71409054 2122.34012981 2142.7983941  2135.48761403 2137.17893657
 2146.1625771  2153.46271803 2150.33091169 2114.87150504 2145.15627933
 2144.76847455 2146.02581421 2129.02478635 2174.61022635 2150.17319067
 2134.23563845 2169.35632587 2187.35508139 2153.6176989  2129.16791513
 2106.03125446 2116.98338708 2123.8142405  2156.60582326 2168.65881715
 2155.79113765 2143.49863077 2160.4973837  2101.54710346 2107.00565948
 2099.72690484 2125.2135046  2127.85951449 2116.85920082 2177.44223457
 2169.57245895 2146.90464018 2122.37042279 2125.20730107 2112.61574594
 2149.20345539 2141.16318323 2141.94827512 2146.94489288 2153.59217478
 2167.41765742 2172.94218746 2138.31806886 2156.43262445 2164.32148623
 2177.85509051 2179.74137113 2168.80511418 2181.35458269 2142.52201885
 2162.70271022 2160.84252291 2118.04646153 2095.29688851 2146.01510741
 2147.4855097  2153.18628328 2154.43662172 2154.27381584 2163.39612537
 2207.24742134 2184.86173051 2169.63102672 2155.82006153 2149.97276419
 2189.81232254 2200.34312346 2207.39723988 2210.19990584 2171.13109543
 2162.52482183 2135.18618165 2124.54284718 2163.79094878 2145.5139254
 2179.90687247 2168.06866313 2130.96666166 2161.89350177 2177.31955277
 2154.14444655 2222.40853564 2270.2647847  2270.23322513 2243.81398926
 2192.83400651 2209.08516626 2192.10244024 2150.0171963  2153.93717593
 2119.91793431 2140.99226289 2138.49726929 2060.88531029 2063.44460282
 2064.00368457 2071.59994388 2133.46472345 2168.28981699 2141.33876095
 2092.27291614 2085.38070868 2078.17459791 2089.60953145 2111.08741853
 2083.61221848 2097.75272911 2085.59823916 2095.22969523 2114.38188448
 2134.03403776 2121.63620561 2079.97409713 2072.01976745 2104.77389339
 2074.90334262 2085.94694496 2092.11414006 2105.11601414 2068.48462577
 2092.03622899 2079.36364806 2086.41298878 2095.46535713 2098.38198454
 2098.36511511 2087.87043136 2073.55415957 2069.35278465 2107.94185046
 2099.99903312 2089.75287149 2098.53364162 2112.33047485 2065.88318798
 2061.70395951 2092.61504911 2063.02048972 2092.36153785 2092.46725417
 2089.13608661 2108.06376755 2118.38378105 2121.81754316 2096.00616387
 2117.06670739 2097.01651415 2097.54172928 2080.63016928 2066.77633484
 2074.4917896  2072.20131824 2071.57030231 2081.12034209 2097.19080267
 2113.53795665 2127.48200972 2160.18064203 2196.53562853 2196.11878962
 2152.12812441 2134.08903811 2155.11979684 2086.67966865 2093.43690225
 2096.26906597 2092.50400412 2082.63932805 2065.14222044 2080.15367059
 2109.57502745 2075.44881621 2094.02199872 2110.60495133 2109.40694887
 2117.17552072 2099.11571724 2154.12738146 2105.36274806 2082.09851803
 2047.15235507 2059.21856713 2051.18214537 2044.56757712 2044.10471281
 2104.40265722 2107.26181188 2078.56829413 2090.60589581 2109.40334789
 2099.78476262 2042.243516   2092.03745607 2056.98833769 2052.12220786
 2060.31185515 2054.11334567 2076.93127076 2073.55933784 2066.64899674
 2057.63227362 2076.95677566 2035.65008463 2061.81792836 2066.67114417
 2055.16172552 2053.55488414 2043.65928971 2019.26787772 2059.41713661
 2087.67449284 2084.80293985 2074.96299304 2075.00351387 2083.27638484
 2033.71444869 2043.04636736 2036.30611617 2077.37211538 2089.876269
 2073.72848997 2074.86741536 2091.97573613 2130.64127091 2149.19461122
 2151.85992508 2096.67797648 2117.62857674 2078.02032321 2081.10392591
 2087.28439238 2108.02429075 2058.48013996 2038.8218201  2068.95085281
 2049.51769908 2059.77704992 2054.88881328 2049.86176414 2074.93913672
 2072.71104932 2071.78836227 2051.78922516 2088.66377533 2092.6942198
 2123.87901979 2132.61204948 2112.65615038 2092.73365995 2083.57491944
 2116.86895456 2122.0950697  2114.48140548 2078.92142202 2085.83976032
 2048.40130088 2077.99738362 2088.62903483 2072.19662088 2099.63590371
 2078.47713121 2060.92816502 2082.51208232 2094.01436155 2074.70520281
 2099.77081769 2082.40995565 2065.94616677 2060.10116832 2078.80241682
 2088.34887153 2090.08042644 2042.65502238 2070.52168248 2104.75313645
 2114.48019716 2121.08959476 2086.01877553 2094.14216212 2095.85587812
 2101.41984694 2087.83357486 2066.04915884 2070.58978481 2064.60883616
 2097.63038079 2130.40550053 2154.1990377  2172.59035955 2182.24057895
 2164.11304231 2168.53612124 2147.22060422 2141.9899647  2149.59378484
 2116.53064267 2093.53564552 2085.73765969 2066.94051969 2065.24651413
 2056.24351012 2080.87327824 2104.53864989 2132.75590117 2095.16039211
 2037.07875985 2020.8680389  2045.23553621 2068.92201693 2084.00295008
 2096.6851748  2093.16668294 2115.3480424  2073.10383184 2107.85276182
 2113.36286053 2094.39873829 2101.84140495 2065.90123477 2031.88787889
 2058.28773906 2081.30672774 2081.81605693 2058.53955998 2059.22305457
 2059.33682837 2025.12166459 2033.51767371 2049.53310324 2078.42175599
 2075.01036418 2071.76227302 2075.03722437 2071.97113927 2071.14266867
 2052.53186904 2054.21473971 2061.4380273  2067.23233239 2093.36860264
 2061.93831474 2066.60946811 2100.9668666  2095.15321521 2107.9834362
 2094.08907895 2096.32039502 2049.09495528 2066.39006116 2090.84706837
 2048.45056046 2054.49644759 2049.62889097 2063.65477483 2098.81186939
 2105.47359672 2072.00553984 2065.8929895  2078.12777735 2091.70271166
 2088.16638427 2071.53765407 2075.93070309 2058.24649266 2071.51643633
 2072.55676802 2041.44680069 2074.02428439 2087.82788994 2029.16343918
 2074.72853898 2038.32556376 2074.37304801 2078.04420593 2046.49453676
 2017.34161222 2041.42547896 2070.47680586 2082.35576889 2087.26677855
 2099.41796034 2063.71354184 2075.99323596 2038.19962434 2006.50505732
 2041.66398986 2032.06520914 2057.15851493 2107.95493067 2100.13874615
 2084.4439498  2056.00089033 2073.69490989 2036.05044067 2054.82591414
 2015.72684954 2028.32978598 1996.09671672 2058.27689702 2042.2334862
 2045.30087886 2090.19131652 2082.6102448  2072.43520809 2086.48123673
 2101.74772052 2083.64776699 2047.41229073 2018.84031289 2039.6149498
 2042.81034956 2066.28282441 2004.55821909 2046.73874299 2053.54231443
 2050.90545152 2047.27960991 2034.60477124 2065.60810242 2041.0465839
 2031.20231453 2018.41591463 2051.44120496 2041.80290354 2063.03946016
 2034.69933985 2021.02426554 2012.4739816  2017.92751014 2031.73046082
 2056.63146603 2057.8324286  2053.4636378  2078.29725036 2067.08528832
 2063.641536   2065.92067264 2084.76867418 2032.78785616 2020.79192749
 2017.39496562 2027.56341298 2046.54522247 2061.96184711 2053.58678863
 2066.24784401 2038.76006711 2039.03181665 2049.5168396  2052.94651484
 2032.70622638 2061.04825819 2034.17624721 2024.58603007 2067.95397445
 2077.23410831 2070.94545291 2052.79881614 2072.45895827 2075.07275427
 2037.84906847 2048.78350372 2036.0017376  2013.31568145 2049.38223252
 2054.48125471 2046.06844532 2055.1656371  2039.62265739 2041.69557304
 2056.69779097 2036.21149755 2052.08514089 2032.7822074  2045.99704814
 2037.88229659 2086.15973491 2030.56711332 2074.17157872 2043.17855289
 2034.75982567 2035.78744776 2027.14004322 2028.96837638 1994.65539459
 2019.05012862 2010.2669222  2019.5545462  2046.69766399 2028.35985108
 2015.50524592 2047.6216039  2055.27804081 2088.49484461 2104.54765027
 2071.20559236 2075.30650536 2050.2862674  2083.94003095 2011.6414157
 2009.73268593 2061.12963033 2072.25504684 2041.06872261 2012.68582481
 2015.3538611  2052.35793947 2067.92618925 2034.11466017 2045.37767602
 2016.91662821 2013.14385249 2010.33248223 2035.70230373 2039.20913444
 2049.24275107 2053.52065609 2072.85344526 2035.11891162 2018.58957093
 2038.55388999 2023.60798365 2060.67328914 2048.16395394 2074.01311223
 2065.06140331 2071.86894959 2054.34103067 2057.76871834 2055.91420349
 2061.03949215 2086.63347098 2107.58798403 2121.80235212 2094.07363875
 2072.56453496 2061.72275739 2088.03193373 2043.02998294 2031.06156759
 2028.16452314 2027.71543495 2033.24858412 2020.32029351 2021.29878561
 2013.97546046 2010.64572259 2015.69551279 2023.13685414 2050.24696648
 2037.24133326 2026.02669556 2048.87088708 2048.65592146 2018.21966074
 2067.48962536 2119.94781995 2129.27858097 2122.25292853 2119.68663665
 2117.86689716 2065.60438254 2100.85832523 2105.88771227 2076.27866928
 2074.17043855 2024.39494371 2082.72651456 2049.92723739 2039.57733924
 2051.58868312 2034.26529637 2033.77827794 2060.5902083  2049.42364678
 2055.78025718 2021.8109439  2041.54137463 2024.36875284 2019.73630681
 2036.53313916 2049.71574713 2046.97776615 2054.98184    2051.83214562
 2038.65657754 2054.45620592 2081.82561484 2084.63274077 2081.90147447
 2060.19651681 2078.63691902 2052.29399747 2052.88051369 2050.29793762
 2042.21121873 2036.66158779 2061.78571475 2035.15868962 2058.56327139
 2079.25873894 2070.4333838  2079.67224776 2119.27224563 2100.99777987
 2096.71061072 2062.03595277 2061.36481028 2021.18863373 2025.28344189
 1994.25994151 2029.08492537 2045.15915586 2039.80948572 2034.99318646
 2071.69054526 2046.90284506 2017.95979464 2038.15935628 2011.99342138
 2041.44549779 2064.71209429 2056.60017679 2036.45235524 2050.63416457
 2058.91737873 2075.32765633 2074.87983709 2094.09794904 2091.72721706
 2048.90607833 2024.02018009 2057.71123195 2056.74727797 2074.42235042
 2063.50068313] 

Feasible stats: [(  0.,   0.) (  0., 100.) (  0., 100.) ( 96.,   4.) ( 96.,   4.)
 ( 94.,   6.) ( 94.,   6.) ( 90.,  10.) ( 90.,  10.) ( 91.,   9.)
 ( 91.,   9.) ( 88.,  12.) ( 88.,  12.) ( 94.,   6.) ( 94.,   6.)
 ( 93.,   7.) ( 93.,   7.) ( 89.,  11.) ( 89.,  11.) ( 89.,  11.)
 ( 89.,  11.) ( 93.,   7.) ( 93.,   7.) ( 95.,   5.) ( 95.,   5.)
 ( 97.,   3.) ( 97.,   3.) ( 99.,   1.) ( 99.,   1.) ( 96.,   4.)
 ( 96.,   4.) ( 96.,   4.) ( 96.,   4.) ( 93.,   7.) ( 93.,   7.)
 ( 91.,   9.) ( 91.,   9.) ( 95.,   5.) ( 95.,   5.) ( 94.,   6.)
 ( 94.,   6.) ( 99.,   1.) ( 99.,   1.) (100.,   0.) (100.,   0.)
 (100.,   0.) (100.,   0.) (100.,   0.) (100.,   0.) (100.,   0.)
 (100.,   0.) (100.,   0.) (100.,   0.) ( 99.,   1.) ( 99.,   1.)
 (100.,   0.) (100.,   0.) (100.,   0.) (100.,   0.) (100.,   0.)
 (100.,   0.) ( 99.,   1.) ( 99.,   1.) ( 99.,   1.) ( 99.,   1.)
 ( 99.,   1.) ( 99.,   1.) ( 99.,   1.) ( 99.,   1.) ( 99.,   1.)
 ( 99.,   1.) ( 99.,   1.) ( 99.,   1.) ( 98.,   2.) ( 98.,   2.)
 ( 99.,   1.) ( 99.,   1.) (100.,   0.) (100.,   0.) (100.,   0.)
 (100.,   0.) (100.,   0.) (100.,   0.) (100.,   0.) (100.,   0.)
 (100.,   0.) (100.,   0.) (100.,   0.) (100.,   0.) (100.,   0.)
 (100.,   0.) (100.,   0.) (100.,   0.) ( 99.,   1.) ( 99.,   1.)
 ( 99.,   1.) ( 99.,   1.) ( 99.,   1.) ( 99.,   1.) ( 99.,   1.)
 ( 99.,   1.) ( 98.,   2.) ( 98.,   2.) (100.,   0.) (100.,   0.)
 (100.,   0.) (100.,   0.) (100.,   0.) (100.,   0.) (100.,   0.)
 (100.,   0.) (100.,   0.) (100.,   0.) ( 98.,   2.) ( 98.,   2.)
 (100.,   0.) (100.,   0.) (100.,   0.) (100.,   0.) (100.,   0.)
 (100.,   0.) (100.,   0.) (100.,   0.) (100.,   0.) (100.,   0.)
 (100.,   0.) (100.,   0.) (100.,   0.) (100.,   0.) (100.,   0.)
 (100.,   0.) (100.,   0.) (100.,   0.) (100.,   0.) (100.,   0.)
 (100.,   0.) (100.,   0.) (100.,   0.) (100.,   0.) ( 99.,   1.)
 ( 99.,   1.) ( 99.,   1.) ( 99.,   1.) ( 99.,   1.) ( 99.,   1.)
 ( 99.,   1.) ( 99.,   1.) ( 99.,   1.) ( 99.,   1.) ( 99.,   1.)
 ( 99.,   1.) ( 99.,   1.) ( 99.,   1.) ( 99.,   1.) ( 99.,   1.)
 ( 99.,   1.) ( 99.,   1.) ( 99.,   1.) ( 99.,   1.) ( 99.,   1.)
 ( 99.,   1.) (100.,   0.) (100.,   0.) (100.,   0.) (100.,   0.)
 ( 99.,   1.) ( 99.,   1.) ( 99.,   1.) ( 99.,   1.) (100.,   0.)
 (100.,   0.) (100.,   0.) (100.,   0.) ( 99.,   1.) ( 99.,   1.)
 (100.,   0.) (100.,   0.) (100.,   0.) (100.,   0.) ( 99.,   1.)
 ( 99.,   1.) ( 98.,   2.) ( 98.,   2.) (100.,   0.) (100.,   0.)
 (100.,   0.) (100.,   0.) (100.,   0.) (100.,   0.) ( 99.,   1.)
 ( 99.,   1.) ( 99.,   1.) ( 99.,   1.) (100.,   0.) (100.,   0.)
 (100.,   0.) (100.,   0.) ( 99.,   1.) ( 99.,   1.) (100.,   0.)
 (100.,   0.) (100.,   0.) (100.,   0.) (100.,   0.) (100.,   0.)
 (100.,   0.) (100.,   0.) (100.,   0.) (100.,   0.) (100.,   0.)
 (100.,   0.) (100.,   0.) (100.,   0.) ( 99.,   1.) ( 99.,   1.)
 ( 96.,   4.) ( 96.,   4.) ( 98.,   2.) ( 98.,   2.) ( 96.,   4.)
 ( 96.,   4.) ( 97.,   3.) ( 97.,   3.) ( 98.,   2.) ( 98.,   2.)
 ( 97.,   3.) ( 97.,   3.) ( 98.,   2.) ( 98.,   2.) ( 96.,   4.)
 ( 96.,   4.) ( 98.,   2.) ( 98.,   2.) ( 97.,   3.) ( 97.,   3.)
 ( 97.,   3.) ( 97.,   3.) ( 95.,   5.) ( 95.,   5.) ( 99.,   1.)
 ( 99.,   1.) (100.,   0.) (100.,   0.) (100.,   0.) (100.,   0.)
 ( 99.,   1.) ( 99.,   1.) (100.,   0.) (100.,   0.) (100.,   0.)
 (100.,   0.) (100.,   0.) (100.,   0.) (100.,   0.) (100.,   0.)
 (100.,   0.) (100.,   0.) (100.,   0.) (100.,   0.) (100.,   0.)
 (100.,   0.) (100.,   0.) (100.,   0.) (100.,   0.) (100.,   0.)
 (100.,   0.) (100.,   0.) (100.,   0.) (100.,   0.) (100.,   0.)
 (100.,   0.) ( 99.,   1.) ( 99.,   1.) ( 98.,   2.) ( 98.,   2.)
 ( 97.,   3.) ( 97.,   3.) (100.,   0.) (100.,   0.) (100.,   0.)
 (100.,   0.) (100.,   0.) (100.,   0.) (100.,   0.) (100.,   0.)
 (100.,   0.) (100.,   0.) (100.,   0.) (100.,   0.) (100.,   0.)
 (100.,   0.) ( 98.,   2.) ( 98.,   2.) ( 99.,   1.) ( 99.,   1.)
 (100.,   0.) (100.,   0.) (100.,   0.) (100.,   0.) (100.,   0.)
 (100.,   0.) (100.,   0.) (100.,   0.) (100.,   0.) (100.,   0.)
 (100.,   0.) (100.,   0.) (100.,   0.) (100.,   0.) (100.,   0.)
 (100.,   0.) ( 95.,   5.) ( 95.,   5.) ( 94.,   6.) ( 94.,   6.)
 ( 96.,   4.) ( 96.,   4.) ( 99.,   1.) ( 99.,   1.) ( 99.,   1.)
 ( 99.,   1.) ( 98.,   2.) ( 98.,   2.) ( 99.,   1.) ( 99.,   1.)
 ( 98.,   2.) ( 98.,   2.) ( 99.,   1.) ( 99.,   1.) ( 98.,   2.)
 ( 98.,   2.) ( 98.,   2.) ( 98.,   2.) ( 99.,   1.) ( 99.,   1.)
 ( 99.,   1.) ( 99.,   1.) ( 97.,   3.) ( 97.,   3.) ( 96.,   4.)
 ( 96.,   4.) ( 95.,   5.) ( 95.,   5.) ( 99.,   1.) ( 99.,   1.)
 ( 99.,   1.) ( 99.,   1.) ( 99.,   1.) ( 99.,   1.) (100.,   0.)
 (100.,   0.) (100.,   0.) (100.,   0.) ( 99.,   1.) ( 99.,   1.)
 ( 99.,   1.) ( 99.,   1.) ( 98.,   2.) ( 98.,   2.) (100.,   0.)
 (100.,   0.) (100.,   0.) (100.,   0.) ( 99.,   1.) ( 99.,   1.)
 ( 99.,   1.) ( 99.,   1.) ( 99.,   1.) ( 99.,   1.) ( 99.,   1.)
 ( 99.,   1.) (100.,   0.) (100.,   0.) (100.,   0.) (100.,   0.)
 (100.,   0.) (100.,   0.) (100.,   0.) (100.,   0.) (100.,   0.)
 (100.,   0.) (100.,   0.) (100.,   0.) (100.,   0.) (100.,   0.)
 (100.,   0.) (100.,   0.) (100.,   0.) (100.,   0.) (100.,   0.)
 (100.,   0.) (100.,   0.) (100.,   0.) (100.,   0.) (100.,   0.)
 (100.,   0.) (100.,   0.) (100.,   0.) (100.,   0.) (100.,   0.)
 (100.,   0.) (100.,   0.) (100.,   0.) (100.,   0.) (100.,   0.)
 (100.,   0.) (100.,   0.) (100.,   0.) (100.,   0.) (100.,   0.)
 (100.,   0.) (100.,   0.) (100.,   0.) (100.,   0.) (100.,   0.)
 (100.,   0.) (100.,   0.) (100.,   0.) (100.,   0.) ( 99.,   1.)
 ( 99.,   1.) ( 99.,   1.) ( 99.,   1.) ( 98.,   2.) ( 98.,   2.)
 ( 99.,   1.) ( 99.,   1.) ( 99.,   1.) ( 99.,   1.) ( 98.,   2.)
 ( 98.,   2.) ( 97.,   3.) ( 97.,   3.) ( 98.,   2.) ( 98.,   2.)
 ( 97.,   3.) ( 97.,   3.) ( 98.,   2.) ( 98.,   2.) (100.,   0.)
 (100.,   0.) (100.,   0.) (100.,   0.) ( 99.,   1.) ( 99.,   1.)
 ( 99.,   1.) ( 99.,   1.) ( 97.,   3.) ( 97.,   3.) ( 97.,   3.)
 ( 97.,   3.) ( 93.,   7.) ( 93.,   7.) ( 95.,   5.) ( 95.,   5.)
 ( 94.,   6.) ( 94.,   6.) ( 95.,   5.) ( 95.,   5.) ( 98.,   2.)
 ( 98.,   2.) (100.,   0.) (100.,   0.) (100.,   0.) (100.,   0.)
 ( 99.,   1.) ( 99.,   1.) ( 99.,   1.) ( 99.,   1.) ( 99.,   1.)
 ( 99.,   1.) ( 99.,   1.) ( 99.,   1.) ( 99.,   1.) ( 99.,   1.)
 ( 99.,   1.) ( 99.,   1.) ( 99.,   1.) ( 99.,   1.) ( 99.,   1.)
 ( 99.,   1.) ( 99.,   1.) ( 99.,   1.) ( 99.,   1.) ( 99.,   1.)
 ( 99.,   1.) ( 99.,   1.) ( 99.,   1.) ( 99.,   1.) ( 98.,   2.)
 ( 98.,   2.) ( 99.,   1.) ( 99.,   1.) ( 99.,   1.) ( 99.,   1.)
 ( 97.,   3.) ( 97.,   3.) ( 99.,   1.) ( 99.,   1.) ( 96.,   4.)
 ( 96.,   4.) ( 98.,   2.) ( 98.,   2.) ( 97.,   3.) ( 97.,   3.)
 ( 94.,   6.) ( 94.,   6.) ( 98.,   2.) ( 98.,   2.) ( 97.,   3.)
 ( 97.,   3.) ( 97.,   3.) ( 97.,   3.) ( 98.,   2.) ( 98.,   2.)
 ( 95.,   5.) ( 95.,   5.) ( 99.,   1.) ( 99.,   1.) ( 98.,   2.)
 ( 98.,   2.) ( 98.,   2.) ( 98.,   2.) ( 95.,   5.) ( 95.,   5.)
 ( 99.,   1.) ( 99.,   1.) ( 98.,   2.) ( 98.,   2.) ( 98.,   2.)
 ( 98.,   2.) ( 99.,   1.) ( 99.,   1.) ( 99.,   1.) ( 99.,   1.)
 ( 99.,   1.) ( 99.,   1.) ( 96.,   4.) ( 96.,   4.) ( 99.,   1.)
 ( 99.,   1.) ( 98.,   2.) ( 98.,   2.) ( 97.,   3.) ( 97.,   3.)
 ( 96.,   4.) ( 96.,   4.) ( 98.,   2.) ( 98.,   2.) ( 99.,   1.)
 ( 99.,   1.) ( 98.,   2.) ( 98.,   2.) (100.,   0.) (100.,   0.)
 (100.,   0.) (100.,   0.) (100.,   0.) (100.,   0.) ( 99.,   1.)
 ( 99.,   1.) ( 98.,   2.) ( 98.,   2.) (100.,   0.) (100.,   0.)
 (100.,   0.) (100.,   0.) ( 99.,   1.) ( 99.,   1.) ( 98.,   2.)
 ( 98.,   2.) ( 99.,   1.) ( 99.,   1.) ( 99.,   1.) ( 99.,   1.)
 ( 98.,   2.) ( 98.,   2.) ( 97.,   3.) ( 97.,   3.) ( 99.,   1.)
 ( 99.,   1.) ( 99.,   1.) ( 99.,   1.) ( 99.,   1.) ( 99.,   1.)
 ( 98.,   2.) ( 98.,   2.) ( 99.,   1.) ( 99.,   1.) ( 97.,   3.)
 ( 97.,   3.) ( 97.,   3.) ( 97.,   3.) ( 99.,   1.) ( 99.,   1.)
 ( 99.,   1.) ( 99.,   1.) ( 99.,   1.) ( 99.,   1.) ( 99.,   1.)
 ( 99.,   1.) ( 99.,   1.) ( 99.,   1.) (100.,   0.) (100.,   0.)
 (100.,   0.) (100.,   0.) (100.,   0.) (100.,   0.) (100.,   0.)
 (100.,   0.) (100.,   0.) (100.,   0.) (100.,   0.) (100.,   0.)
 (100.,   0.) (100.,   0.) (100.,   0.) (100.,   0.) (100.,   0.)
 (100.,   0.) (100.,   0.) (100.,   0.) (100.,   0.) (100.,   0.)
 ( 98.,   2.) ( 98.,   2.) ( 96.,   4.) ( 96.,   4.) ( 99.,   1.)
 ( 99.,   1.) ( 96.,   4.) ( 96.,   4.) ( 99.,   1.) ( 99.,   1.)
 ( 99.,   1.) ( 99.,   1.) ( 99.,   1.) ( 99.,   1.) ( 95.,   5.)
 ( 95.,   5.) ( 98.,   2.) ( 98.,   2.) ( 97.,   3.) ( 97.,   3.)
 ( 99.,   1.) ( 99.,   1.) ( 98.,   2.) ( 98.,   2.) ( 99.,   1.)
 ( 99.,   1.) ( 99.,   1.) ( 99.,   1.) ( 99.,   1.) ( 99.,   1.)
 ( 96.,   4.) ( 96.,   4.) ( 92.,   8.) ( 92.,   8.) ( 89.,  11.)
 ( 89.,  11.) ( 98.,   2.) ( 98.,   2.) ( 98.,   2.) ( 98.,   2.)
 ( 98.,   2.) ( 98.,   2.) ( 98.,   2.) ( 98.,   2.) ( 97.,   3.)
 ( 97.,   3.) ( 98.,   2.) ( 98.,   2.) (100.,   0.) (100.,   0.)
 ( 97.,   3.) ( 97.,   3.) ( 97.,   3.) ( 97.,   3.) ( 98.,   2.)
 ( 98.,   2.) ( 99.,   1.) ( 99.,   1.) ( 97.,   3.) ( 97.,   3.)
 (100.,   0.) (100.,   0.) (100.,   0.) (100.,   0.) (100.,   0.)
 (100.,   0.) (100.,   0.) (100.,   0.) (100.,   0.) (100.,   0.)
 (100.,   0.) (100.,   0.) (100.,   0.) (100.,   0.) (100.,   0.)
 (100.,   0.) ( 99.,   1.) ( 99.,   1.) (100.,   0.) (100.,   0.)
 ( 99.,   1.) ( 99.,   1.) (100.,   0.) (100.,   0.) (100.,   0.)
 (100.,   0.) (100.,   0.) (100.,   0.) ( 99.,   1.) ( 99.,   1.)
 (100.,   0.) (100.,   0.) (100.,   0.) (100.,   0.) (100.,   0.)
 (100.,   0.) (100.,   0.) (100.,   0.) (100.,   0.) (100.,   0.)
 (100.,   0.) (100.,   0.) (100.,   0.) (100.,   0.) (100.,   0.)
 (100.,   0.) (100.,   0.) (100.,   0.) ( 99.,   1.) ( 99.,   1.)
 (100.,   0.) (100.,   0.) (100.,   0.) (100.,   0.) ( 99.,   1.)
 ( 99.,   1.) ( 99.,   1.) ( 99.,   1.) ( 99.,   1.) ( 99.,   1.)
 ( 99.,   1.) ( 99.,   1.) ( 99.,   1.) ( 99.,   1.) ( 99.,   1.)
 ( 99.,   1.) (100.,   0.) (100.,   0.) (100.,   0.) (100.,   0.)
 (100.,   0.) (100.,   0.) (100.,   0.) (100.,   0.) (100.,   0.)
 (100.,   0.) (100.,   0.) (100.,   0.) (100.,   0.) (100.,   0.)
 (100.,   0.) (100.,   0.) (100.,   0.) (100.,   0.) (100.,   0.)
 (100.,   0.) (100.,   0.) (100.,   0.) (100.,   0.) (100.,   0.)
 (100.,   0.) (100.,   0.) (100.,   0.) (100.,   0.) (100.,   0.)
 (100.,   0.) (100.,   0.) (100.,   0.) (100.,   0.) (100.,   0.)
 (100.,   0.) (100.,   0.) (100.,   0.) (100.,   0.) (100.,   0.)
 (100.,   0.) (100.,   0.) (100.,   0.) (100.,   0.) (100.,   0.)
 (100.,   0.) (100.,   0.) (100.,   0.) (100.,   0.) (100.,   0.)
 (100.,   0.) (100.,   0.) (100.,   0.) (100.,   0.) (100.,   0.)
 (100.,   0.) (100.,   0.) (100.,   0.) (100.,   0.) (100.,   0.)
 (100.,   0.) (100.,   0.) (100.,   0.) (100.,   0.) (100.,   0.)
 (100.,   0.) (100.,   0.) (100.,   0.) (100.,   0.) (100.,   0.)
 (100.,   0.) (100.,   0.) (100.,   0.) (100.,   0.) (100.,   0.)
 (100.,   0.) (100.,   0.) (100.,   0.) (100.,   0.) ( 99.,   1.)
 ( 99.,   1.) ( 99.,   1.) ( 99.,   1.) (100.,   0.) (100.,   0.)
 (100.,   0.) (100.,   0.) (100.,   0.) (100.,   0.) (100.,   0.)
 (100.,   0.) (100.,   0.) (100.,   0.) ( 99.,   1.) ( 99.,   1.)
 (100.,   0.) (100.,   0.) (100.,   0.) (100.,   0.) (100.,   0.)
 (100.,   0.) (100.,   0.) (100.,   0.) (100.,   0.) (100.,   0.)
 (100.,   0.) (100.,   0.) (100.,   0.) (100.,   0.) (100.,   0.)
 (100.,   0.) ( 99.,   1.) ( 99.,   1.) ( 99.,   1.) ( 99.,   1.)
 ( 99.,   1.) ( 99.,   1.) ( 99.,   1.) ( 99.,   1.) (100.,   0.)
 (100.,   0.) (100.,   0.) (100.,   0.) (100.,   0.) (100.,   0.)
 (100.,   0.) (100.,   0.) (100.,   0.) (100.,   0.) (100.,   0.)
 (100.,   0.) ( 99.,   1.) ( 99.,   1.) ( 99.,   1.) ( 99.,   1.)
 ( 99.,   1.) ( 99.,   1.) ( 99.,   1.) ( 99.,   1.) (100.,   0.)
 (100.,   0.) (100.,   0.) (100.,   0.) (100.,   0.) (100.,   0.)
 (100.,   0.) (100.,   0.) (100.,   0.) (100.,   0.) (100.,   0.)
 (100.,   0.) (100.,   0.) (100.,   0.) (100.,   0.) (100.,   0.)
 (100.,   0.) (100.,   0.) (100.,   0.) (100.,   0.) (100.,   0.)
 (100.,   0.) (100.,   0.) (100.,   0.) (100.,   0.) (100.,   0.)
 (100.,   0.) (100.,   0.) (100.,   0.) (100.,   0.) (100.,   0.)
 (100.,   0.) (100.,   0.) (100.,   0.) (100.,   0.) (100.,   0.)
 ( 99.,   1.) ( 99.,   1.) ( 98.,   2.) ( 98.,   2.) (100.,   0.)
 (100.,   0.) (100.,   0.) (100.,   0.) (100.,   0.) (100.,   0.)
 (100.,   0.) (100.,   0.) (100.,   0.) (100.,   0.) (100.,   0.)
 (100.,   0.) (100.,   0.) (100.,   0.) (100.,   0.) (100.,   0.)
 ( 99.,   1.) ( 99.,   1.) (100.,   0.) (100.,   0.) ( 99.,   1.)
 ( 99.,   1.) ( 99.,   1.) ( 99.,   1.) ( 99.,   1.) ( 99.,   1.)
 ( 99.,   1.) ( 99.,   1.) ( 99.,   1.) ( 99.,   1.) ( 99.,   1.)
 ( 99.,   1.) ( 99.,   1.) ( 99.,   1.) (100.,   0.) (100.,   0.)
 (100.,   0.) (100.,   0.) (100.,   0.) (100.,   0.) (100.,   0.)
 (100.,   0.) (100.,   0.) (100.,   0.) (100.,   0.) (100.,   0.)
 (100.,   0.) (100.,   0.) (100.,   0.) (100.,   0.) (100.,   0.)
 (100.,   0.) (100.,   0.) (100.,   0.) ( 99.,   1.) ( 99.,   1.)
 ( 99.,   1.) ( 99.,   1.) ( 99.,   1.) ( 99.,   1.) (100.,   0.)
 (100.,   0.) (100.,   0.) (100.,   0.) (100.,   0.) (100.,   0.)
 (100.,   0.) (100.,   0.) (100.,   0.) (100.,   0.) ( 99.,   1.)
 ( 99.,   1.)] 
Solution Description: 
p: [  0.          32.45797387  32.45797387  83.11666849 128.83497499
 128.83497499 131.11847844 165.7226712  213.52967324   0.
  59.75069812  79.88981359 239.97476558 282.7209992  294.47527156
 303.46344951 362.75614209 387.18046472 421.0745799  432.48918808
 511.1577433  572.91869423 572.91869423   0.          36.03942424
  77.11220112 106.67063254 139.873023   270.06123028 277.56410844
 297.3175421  360.72447555 398.50730174 429.79915836 429.79915836
 538.26980934 581.15765573 581.15765573 597.23680956 618.89266706
   0.          67.10943665 146.0452522  199.41328798 251.94962807
 273.00138179 323.59025465 340.60057889 351.11159273 366.30606513
 454.58143173 490.2444668 ] 
pred: [ 0  0  0  2  2  2  5  6  6  0  0  0  0  0  0  0  6  7  8  8  9  9  9  0
  0  1  1  1  1  2  2  7  7  7  7 11 11 11 11 11  0  0  0  0  3  3  5  5
  7  7  7  7] 
distance [  0.          32.45797387  32.45797387  50.65869462  96.37700112
  96.37700112   2.28350345  34.60419276  82.41119481   0.
  59.75069812  79.88981359 239.97476558 282.7209992  294.47527156
 303.46344951  59.29269258  24.42432263  33.89411518  45.30872337
  90.0831634  151.84411433 151.84411433   0.          36.03942424
  41.07277687  70.63120829 103.83359875 234.02180604 200.45190732
 220.20534098  63.40693345 101.18975964 132.48161626 132.48161626
 108.47065099 151.35849738 151.35849738 167.4376512  189.0935087
   0.          67.10943665 146.0452522  199.41328798  52.53634009
  73.58809381  50.58887286  67.5991971   10.51101384  25.70548625
 113.98085285 149.64388791]
load: [ 0  3  0 10 23  0 11 13  0  0  5 30 33 49 65 72 10 21 13 31 40 59 81  0
  9  6  0 10 29 44 59  5 21 41  0 19 28 48 60 72  0 14 19 44 21 45  4 18
  8  0 17 32] 
time: [  0.         174.         456.         200.         240.34700383
 293.20694763 322.          80.         203.           0.
 160.         198.80579132 319.         414.58037591 456.81662432
 507.37066137 414.         371.         170.         200.65436168
 131.5088023  187.38927777 269.79811712   0.         340.
 269.         308.31560415 340.45073646 418.5448401  416.56345033
 457.         204.         259.04333374 296.81114214 446.
  72.         123.15799758 198.         317.         399.
   0.         329.         444.         534.1318367  115.
 459.         226.         378.         121.         375.
 434.         505.91714675] 
time warps: [0 0 0 0 0 0 0 0 0 0 0 0 0 0 0 0 0 0 0 0 0 0 0 0 0 0 0 0 0 0 0 0 0 0 0 0 0
 0 0 0 0 0 0 0 0 0 0 0 0 0 0 0] 
duration: [  0.          36.45797387 315.07170971  57.65869462 125.37700112
 129.37700112  11.28350345  41.60419276 175.43306998   0.
  76.75069812  87.75069812 281.91782505 347.66405867 380.41833104
 393.40650899  76.29269258  47.42432263  39.89411518  54.30872337
 116.0831634  194.84411433 200.84411433   0.          52.03942424
  43.07277687  80.63120829 126.83359875 267.02180604 271.31677501
 309.89269306  87.40693345 135.18975964 171.48161626 297.23782242
 129.47065099 174.35849738 220.96178983 337.14069281 399.57478892
   0.          71.10943665 224.57734442 281.94538021  62.53634009
 420.79887429  73.58887286 223.04676292  17.51101384 277.60463388
 385.74231718 443.40535225]

All individuals: [(51, [ 8, 13, 16, 11, 44, 32, 31, 39, 35, 37,  9, 41,  6, 45, 19, 27,  3, 11, 48, 22,  7, 10, 42, 46, 34, 14, 26, 28, 36, 24, 12, 40,  4, 20,  8, 16, 33, 13, 29,  5,  1, 25, 17, 21, 47, 43, 15, 23,  2, 30, 18, 38], 1895.58550133, 2099.94913868, 0., 0.,  0.        , 0., 0, 0, 0.)
 (51, [ 8, 13, 16, 11, 44, 32, 31, 39, 35, 37,  9, 41,  6, 45, 19, 27,  3, 11, 48, 22,  7, 10, 42, 46, 34, 14, 26, 28, 36, 24, 12, 40,  4, 20,  8, 16, 33, 13, 29,  5,  1, 25, 17, 21, 47, 43, 15, 23,  2, 30, 38, 18], 1895.58550133, 2099.94913868, 0., 0.,  0.        , 0., 0, 0, 0.)
 (51, [ 8, 13, 16, 11, 44, 32, 31, 39, 35, 37,  9, 41,  6, 45, 19, 27,  3, 11, 48, 22,  7, 10, 42, 46, 34, 14, 26, 28, 36, 24, 12, 40,  4, 20,  8, 16, 33, 13, 29,  5,  1, 25, 17, 21, 47, 43, 15, 23,  2, 30, 38, 18], 1895.58550133, 2099.94913868, 0., 0.,  0.        , 0., 0, 0, 0.)
 (51, [ 8, 13, 16, 11, 44, 32, 31, 39, 35, 37,  9, 41,  6, 45, 19, 27,  3, 11, 48, 22,  7, 10, 42, 46, 34, 14, 26, 28, 36, 24, 12, 40,  4, 20,  8, 16, 33, 13, 29,  5,  1, 25, 17, 21, 47, 43, 15, 23,  2, 30, 38, 18], 1895.58550133, 2099.94913868, 0., 0.,  0.        , 0., 0, 0, 0.)
 (51, [ 8, 13, 16, 11, 44, 32, 31, 39, 35, 37,  9, 41,  6, 45, 19, 27,  3, 11, 48, 22,  7, 10, 42, 46, 34, 14, 26, 28, 36, 24, 12, 40,  4, 20,  8, 16, 33, 13, 29,  5,  1, 25, 17, 21, 47, 43, 15, 23,  2, 30, 38, 18], 1895.58550133, 2099.94913868, 0., 0.,  0.        , 0., 0, 0, 0.)
 (51, [ 8, 13, 16, 11, 44, 32, 31, 39, 35, 37,  9, 41, 45,  6, 19, 27,  3, 11, 48, 22,  7, 10, 42, 46, 34, 14, 26, 28, 36, 24, 12, 40,  4, 20,  8, 16, 33, 13, 29,  5,  1, 25, 17, 21, 47, 43, 15, 23,  2, 30, 18, 38], 1895.58550133, 2099.94913868, 0., 0.,  0.        , 0., 0, 0, 0.)
 (51, [ 8, 13, 16, 11, 44, 32, 31, 39, 35, 37,  9, 41, 45,  6, 19, 27,  3, 11, 22, 48,  7, 10, 42, 46, 34, 14, 28, 36, 24, 12, 40, 26,  4, 20,  8, 16, 33, 13, 29,  5,  1, 25, 17, 21, 47, 43, 15, 23,  2, 30, 38, 18], 1895.58550133, 1969.76093139, 0., 0.,  0.        , 0., 0, 0, 0.)
 (51, [ 8, 13, 16, 11, 44, 32, 31, 39, 35, 37,  9, 41, 45,  6, 19, 27,  3, 11, 48, 22,  7, 10, 42, 46, 34, 14, 28, 36, 24, 12, 40, 26,  4, 20,  8, 16, 33, 13, 29,  5,  1, 25, 17, 21, 47, 43, 15, 23,  2, 30, 38, 18], 1895.58550133, 1969.76093139, 0., 0.,  0.        , 0., 0, 0, 0.)
 (51, [ 8, 13, 16, 11, 44, 32, 31, 39, 35, 37,  9, 41, 45,  6, 19, 27,  3, 11, 48, 22,  7, 10, 42, 46, 34, 14, 26, 28, 36, 24, 12, 40,  4, 20,  8, 16, 33, 13, 29,  5,  1, 25, 17, 21, 47, 43, 15, 23,  2, 30, 38, 18], 1895.58550133, 2099.94913868, 0., 0.,  0.        , 0., 0, 0, 0.)
 (51, [ 8, 13, 16, 11, 44, 32, 31, 39, 35, 37,  9, 41, 45,  6, 19, 27,  3, 11, 48, 22,  7, 10, 42, 46, 34, 14, 26, 28, 36, 24, 12, 40,  4, 20,  8, 16, 33, 13, 29,  5,  1, 25, 17, 21, 47, 43, 15, 23,  2, 30, 18, 38], 1895.58550133, 2099.94913868, 0., 0.,  0.        , 0., 0, 0, 0.)
 (51, [ 8, 13, 16, 11, 44, 32, 31, 39, 35, 37,  9, 41, 45,  6, 19, 27,  3, 11, 48, 22,  7, 10, 42, 46, 34, 14, 26, 28, 36, 24, 12, 40,  4, 20,  8, 16, 33, 13, 29,  5,  1, 25, 17, 21, 47, 43, 15, 23,  2, 30, 38, 18], 1895.58550133, 2099.94913868, 0., 0.,  0.        , 0., 0, 0, 0.)
 (51, [ 8, 13, 16, 11, 44, 32, 31, 39, 35, 37,  9, 41, 45,  6, 19, 27,  3, 11, 48, 22,  7, 10, 42, 46, 34, 14, 26, 28, 36, 24, 12, 40,  4, 20,  8, 16, 33, 13, 29,  5,  1, 25, 17, 21, 47, 43, 15, 23,  2, 30, 38, 18], 1895.58550133, 2099.94913868, 0., 0.,  0.        , 0., 0, 0, 0.)
 (51, [ 8, 13, 16, 11, 44, 32, 31, 39, 35, 37,  9, 41, 45,  6, 19, 27,  3, 11, 48, 22,  7, 10, 42, 46, 34, 14, 26, 28, 36, 24, 12, 40,  4, 20,  8, 16, 33, 13, 29,  5,  1, 25, 17, 21, 47, 43, 15, 23,  2, 30, 18, 38], 1895.58550133, 2099.94913868, 0., 0.,  0.        , 0., 0, 0, 0.)
 (51, [ 8, 13, 16, 11, 44, 32, 31, 39, 35, 37,  9, 41, 45,  6, 19, 27,  3, 11, 48, 22,  7, 10, 42, 46, 34, 14, 26, 28, 36, 24, 12, 40,  4, 20,  8, 16, 33, 13, 29,  5,  1, 25, 17, 21, 47, 43, 15, 23,  2, 30, 38, 18], 1895.58550133, 2099.94913868, 0., 0.,  0.        , 0., 0, 0, 0.)
 (51, [ 8, 13, 16, 11, 44, 32, 31, 39, 35, 37,  9, 41, 45,  6, 19, 27,  3, 11, 48, 22,  7, 10, 42, 46, 34, 14, 26, 28, 36, 24, 12, 40,  4, 20,  8, 16, 33, 13, 29,  5,  1, 25, 17, 21, 47, 43, 15, 23,  2, 30, 38, 18], 1895.58550133, 2099.94913868, 0., 0.,  0.        , 0., 0, 0, 0.)
 (51, [ 8, 13, 16, 11, 44, 32, 31, 39, 35, 37,  9, 41, 45,  6, 19, 27,  3, 11, 48, 22,  7, 10, 42, 46, 34, 14, 26, 28, 36, 24, 12, 40,  4, 20,  8, 16, 33, 13, 29,  5,  1, 25, 17, 21, 47, 43, 15, 23,  2, 30, 38, 18], 1895.58550133, 2099.94913868, 0., 0.,  0.        , 0., 0, 0, 0.)
 (51, [ 8, 13, 16, 11, 44, 32, 31, 39, 35, 37,  9, 41, 45,  6, 19, 27,  3, 11, 48, 22,  7, 10, 42, 46, 34, 14, 26, 28, 36, 24, 12, 40,  4, 20,  8, 16, 33, 13, 29,  5,  1, 25, 17, 21, 47, 43, 15, 23,  2, 30, 38, 18], 1895.58550133, 2099.94913868, 0., 0.,  0.        , 0., 0, 0, 0.)
 (51, [ 8, 13, 16, 11, 44, 32, 31, 39, 35, 37,  9, 41, 45,  6, 19, 27,  3, 11, 48, 22,  7, 10, 42, 46, 34, 14, 28, 36, 24, 12, 40, 26,  4, 20,  8, 16, 33, 13, 29,  5,  1, 25, 17, 21, 47, 43, 15, 23,  2, 30, 38, 18], 1895.58550133, 1969.76093139, 0., 0.,  0.        , 0., 0, 0, 0.)
 (51, [ 8, 13, 16, 11, 44, 32, 31, 39, 35, 37,  9, 41, 45,  6, 19, 27,  3, 11, 48, 22,  7, 10, 42, 46, 34, 14, 26, 28, 36, 24, 12, 40,  4, 20,  8, 16, 33, 13, 29,  5,  1, 25, 17, 21, 47, 43, 15, 23,  2, 30, 38, 18], 1895.58550133, 2099.94913868, 0., 0.,  0.        , 0., 0, 0, 0.)
 (51, [ 8, 13, 16, 11, 44, 32, 31, 39, 35, 37,  9, 41, 45,  6, 19, 27,  3, 11, 48, 22,  7, 10, 42, 46, 34, 14, 26, 28, 36, 24, 12, 40,  4, 20,  8, 16, 33, 13, 29,  5,  1, 25, 17, 21, 47, 43, 15, 23,  2, 30, 38, 18], 1895.58550133, 2099.94913868, 0., 0.,  0.        , 0., 0, 0, 0.)
 (51, [ 8, 13, 16, 11, 44, 32, 31, 39, 35, 37,  9, 41, 45,  6, 19, 27,  3, 11, 48, 22,  7, 10, 42, 46, 34, 14, 26, 28, 36, 24, 12, 40,  4, 20,  8, 16, 33, 13, 29,  5,  1, 25, 17, 21, 47, 43, 15, 23,  2, 30, 38, 18], 1895.58550133, 2099.94913868, 0., 0.,  0.        , 0., 0, 0, 0.)
 (51, [ 8, 13, 16, 11, 44, 32, 31, 39, 35, 37,  9, 41, 45,  6, 19, 27,  3, 11, 48, 22,  7, 10, 42, 46, 34, 14, 26, 28, 36, 24, 12, 40,  4, 20,  8, 16, 33, 13, 29,  5,  1, 25, 17, 21, 47, 43, 15, 23,  2, 30, 38, 18], 1895.58550133, 2099.94913868, 0., 0.,  0.        , 0., 0, 0, 0.)
 (51, [ 8, 13, 16, 11, 44, 32, 31, 39, 35, 37,  9, 41, 45,  6, 19, 27,  3, 11, 48, 22,  7, 10, 42, 46, 34, 14, 26, 28, 36, 24, 12, 40,  4, 20,  8, 16, 33, 13, 29,  5,  1, 25, 17, 21, 47, 43, 15, 23,  2, 30, 38, 18], 1895.58550133, 2099.94913868, 0., 0.,  0.        , 0., 0, 0, 0.)
 (51, [ 8, 13, 16, 11, 44, 32, 31, 39, 35, 37,  9, 41, 45,  6, 19, 27,  3, 11, 48, 22,  7, 10, 42, 46, 34, 14, 26, 28, 36, 24, 12, 40,  4, 20,  8, 16, 33, 13, 29,  5,  1, 25, 17, 21, 47, 43, 15, 23,  2, 30, 38, 18], 1895.58550133, 2099.94913868, 0., 0.,  0.        , 0., 0, 0, 0.)
 (51, [ 8, 13, 16, 11, 44, 32, 31, 39, 35, 37,  9, 41, 45,  6, 19, 27,  3, 11, 48, 22,  7, 10, 42, 46, 34, 14, 26, 28, 36, 24, 12, 40,  4, 20,  8, 16, 33, 13, 29,  5,  1, 25, 17, 21, 47, 43, 15, 23,  2, 30, 18, 38], 1895.58550133, 2099.94913868, 0., 0.,  0.        , 0., 0, 0, 0.)
 (51, [ 8, 13, 16, 11, 44, 32, 31, 39, 35, 37,  9, 41, 45,  6, 19, 27,  3, 11, 48, 22,  7, 10, 42, 46, 34, 14, 26, 28, 36, 24, 12, 40,  4, 20,  8, 16, 33, 13, 29,  5,  1, 25, 17, 21, 47, 43, 15, 23,  2, 30, 18, 38], 1895.58550133, 2099.94913868, 0., 0.,  0.        , 0., 0, 0, 0.)
 (51, [ 8, 13, 16, 11, 44, 32, 31, 39, 35, 37,  9, 41, 45,  6, 19, 27,  3, 11, 48, 22,  7, 10, 42, 46, 34, 14, 26, 28, 36, 24, 12, 40,  4, 20,  8, 16, 33, 13, 29,  5,  1, 25, 17, 21, 47, 43, 15, 23,  2, 30, 38, 18], 1895.58550133, 2099.94913868, 0., 0.,  0.        , 0., 0, 0, 0.)
 (51, [ 8, 13, 16, 11, 44, 32, 31, 39, 35, 37,  9, 41, 45,  6, 19, 27,  3, 11, 48, 22,  7, 10, 42, 46, 34, 14, 26, 28, 36, 24, 12, 40,  4, 20,  8, 16, 33, 13, 29,  5,  1, 25, 17, 21, 47, 43, 15, 23,  2, 30, 18, 38], 1895.58550133, 2099.94913868, 0., 0.,  0.        , 0., 0, 0, 0.)
 (51, [ 8, 13, 16, 11, 44, 32, 31, 39, 35, 37,  9, 41, 45,  6, 19, 27,  3, 11, 48, 22,  7, 10, 42, 46, 34, 14, 26, 28, 36, 24, 12, 40,  4, 20,  8, 16, 33, 13, 29,  5,  1, 25, 17, 21, 47, 43, 15, 23,  2, 30, 38, 18], 1895.58550133, 2099.94913868, 0., 0.,  0.        , 0., 0, 0, 0.)
 (51, [ 8, 13, 16, 11, 44, 32, 31, 39, 35, 37,  9, 41, 45,  6, 19, 27,  3, 11, 48, 22,  7, 10, 42, 46, 34, 14, 26, 28, 36, 24, 12, 40,  4, 20,  8, 16, 33, 13, 29,  5,  1, 25, 17, 21, 47, 43, 15, 23,  2, 30, 38, 18], 1895.58550133, 2099.94913868, 0., 0.,  0.        , 0., 0, 0, 0.)
 (51, [ 8, 13, 16, 11, 44, 32, 31, 39, 35, 37,  9, 41, 45,  6, 19, 27,  3, 11, 48, 22,  7, 10, 42, 46, 34, 14, 26, 28, 36, 24, 12, 40,  4, 20,  8, 16, 33, 13, 29,  5,  1, 25, 17, 21, 47, 43, 15, 23,  2, 30, 38, 18], 1895.58550133, 2099.94913868, 0., 0.,  0.        , 0., 0, 0, 0.)
 (51, [ 8, 13, 16, 11, 44, 32, 31, 39, 35, 37,  9, 41, 45,  6, 19, 27,  3, 11, 48, 22,  7, 10, 42, 46, 34, 14, 26, 28, 36, 24, 12, 40,  4, 20,  8, 16, 33, 13, 29,  5,  1, 25, 17, 21, 47, 43, 15, 23,  2, 30, 38, 18], 1895.58550133, 2099.94913868, 0., 0.,  0.        , 0., 0, 0, 0.)
 (51, [ 8, 13, 16, 11, 44, 32, 31, 39, 35, 37,  9, 41, 45,  6, 19, 27,  3, 11, 48, 22,  7, 10, 42, 46, 34, 14, 26, 28, 36, 24, 12, 40,  4, 20,  8, 16, 33, 13, 29,  5,  1, 25, 17, 21, 47, 43, 15, 23,  2, 30, 38, 18], 1895.58550133, 2099.94913868, 0., 0.,  0.        , 0., 0, 0, 0.)
 (51, [ 8, 13, 16, 11, 44, 32, 31, 39, 35, 37,  9, 41, 45,  6, 19, 27,  3, 11, 22, 48,  7, 10, 42, 46, 34, 14, 26, 28, 36, 24, 12, 40,  4, 20,  8, 16, 33, 13, 29,  5,  1, 25, 17, 21, 47, 43, 15, 23,  2, 30, 38, 18], 1895.58550133, 2099.94913868, 0., 0.,  0.        , 0., 0, 0, 0.)
 (51, [ 8, 13, 16, 11, 44, 32, 31, 39, 35, 37,  9, 41, 45,  6, 19, 27,  3, 11, 48, 22,  7, 10, 42, 46, 34, 14, 26, 28, 36, 24, 12, 40,  4, 20,  8, 16, 33, 13, 29,  5,  1, 25, 17, 21, 47, 43, 15, 23,  2, 30, 18, 38], 1895.58550133, 2099.94913868, 0., 0.,  0.        , 0., 0, 0, 0.)
 (51, [ 8, 13, 16, 11, 44, 32, 31, 39, 35, 37,  9, 41, 45,  6, 19, 27,  3, 11, 48, 22,  7, 10, 42, 46, 34, 14, 26, 28, 36, 24, 12, 40,  4, 20,  8, 16, 33, 13, 29,  5,  1, 25, 17, 21, 47, 43, 15, 23,  2, 30, 38, 18], 1895.58550133, 2099.94913868, 0., 0.,  0.        , 0., 0, 0, 0.)
 (51, [ 8, 13, 16, 11, 44, 32, 31, 39, 35, 37,  9, 41, 45,  6, 19, 27,  3, 11, 48, 22,  7, 10, 42, 46, 34, 14, 26, 28, 36, 24, 12, 40,  4, 20,  8, 16, 33, 13, 29,  5,  1, 25, 17, 21, 47, 43, 15, 23,  2, 30, 38, 18], 1895.58550133, 2099.94913868, 0., 0.,  0.        , 0., 0, 0, 0.)
 (51, [ 8, 13, 16, 11, 44, 32, 39, 31, 35, 37,  9, 41, 45,  6, 19, 27,  3, 11, 48, 22,  7, 10, 42, 46, 34, 14, 28, 36, 24, 12, 40, 26,  4, 20,  8, 16, 33, 13, 29,  5,  1, 25, 17, 21, 47, 43, 15, 23,  2, 30, 38, 18], 1900.12689907, 1974.30232913, 0., 0.,  0.        , 0., 0, 0, 0.)
 (51, [ 8, 13, 16, 11, 44, 32, 31, 39, 35, 37,  9, 41, 45,  6, 19, 27,  3, 11, 48, 22,  7, 10, 42, 46, 34, 14, 28, 26, 36, 24, 12, 40,  4, 20,  8, 16, 33, 13, 29,  5,  1, 25, 17, 21, 47, 43, 15, 23,  2, 30, 38, 18], 1906.07605858, 2343.38706322, 0., 0.,  0.        , 0., 0, 0, 0.)
 (51, [ 7, 14, 16, 11, 44, 32, 31, 39, 35, 37,  9, 41, 45,  6, 19, 27,  3, 11, 48, 22,  7, 10, 42, 46, 34, 14, 26, 28, 36, 24, 12, 40,  4, 20,  8, 16, 33, 13, 29,  5,  1, 25, 17, 21, 47, 43, 15, 23,  2, 30, 38, 18], 1914.39661544, 2358.73501837, 0., 0.,  0.        , 0., 0, 0, 0.)
 (51, [ 7, 14, 16, 11, 44, 32, 31, 39, 35, 37,  9, 41, 45,  6, 19, 27,  3, 11, 48, 22,  7, 10, 42, 46, 34, 14, 26, 28, 36, 24, 12, 40,  4, 20,  8, 16, 33, 13, 29,  5,  1, 25, 17, 21, 47, 43, 15, 23,  2, 30, 38, 18], 1914.39661544, 2358.73501837, 0., 0.,  0.        , 0., 0, 0, 0.)
 (51, [ 8, 13, 16, 11, 44, 32, 31, 39, 35, 37,  9, 41, 45,  6, 19, 27,  3, 11, 48, 22,  7, 10, 42, 46, 34, 14, 26,  1, 36, 24, 12, 40,  4, 20,  8, 16, 33, 13, 29,  5, 28, 25, 17, 21, 47, 43, 15, 23,  2, 30, 38, 18], 1917.09912793, 1972.20668383, 0., 0.,  0.        , 0., 0, 0, 0.)
 (51, [ 8, 13, 16, 11, 44, 32,  9, 39, 35, 37, 31, 41, 45,  6, 19, 27,  3, 11, 48, 22,  7, 10, 42, 46, 34, 14, 26, 28, 36, 24, 12, 40,  4, 20,  8, 16, 33, 13, 29,  5,  1, 25, 17, 21, 47, 43, 15, 23,  2, 30, 38, 18], 1927.72343994, 2132.08707728, 0., 0.,  0.        , 0., 0, 0, 0.)
 (51, [ 8, 13, 16, 11, 44, 32, 31, 39, 35, 37,  9, 41, 45, 19,  6, 27,  3, 11, 48, 22,  7, 10, 42, 46, 34, 14, 26, 28, 36, 24, 12, 40,  4, 20,  8, 16, 33, 13, 29,  5,  1, 25, 17, 21, 47, 43, 15, 23,  2, 30, 38, 18], 1933.25593512, 2218.03623988, 0., 0.,  0.        , 0., 0, 0, 0.)
 (51, [ 8, 13, 16, 11, 44, 32, 31, 39, 35, 37,  9, 41, 45,  6, 19, 27,  3, 11, 48, 22,  7, 10, 42, 46, 34, 14, 26, 28, 36, 24, 12, 40,  4,  8, 20, 16, 33, 13, 29,  5,  1, 25, 17, 21, 47, 43, 15, 23,  2, 30, 18, 38], 1934.68859348, 2202.22672664, 0., 0.,  0.        , 0., 0, 0, 0.)
 (51, [ 8, 13, 16, 11, 44, 32, 31, 39, 35, 37,  9, 41, 45,  6, 19, 27,  3, 11, 48, 22,  7, 10, 42, 46, 34, 29, 26, 28, 36, 24, 12, 40,  4, 20,  8, 14, 16, 33, 13,  5,  1, 25, 17, 21, 47, 43, 15, 23,  2, 30, 18, 38], 1958.33862088, 2402.61999394, 0., 0.,  0.        , 0., 0, 0, 0.)
 (51, [ 8, 13, 16, 11, 44, 32, 31, 39, 35, 37, 10, 41, 45,  6, 19, 27,  3, 11, 48, 22,  7,  9, 42, 46, 34, 14, 26, 28, 36, 24, 12, 40,  4, 20,  8, 16, 33, 13, 29,  5,  1, 25, 17, 21, 47, 43, 15, 23,  2, 30, 18, 38], 1965.96714022, 2311.58320061, 0., 0.,  0.        , 0., 0, 0, 0.)
 (51, [ 8, 13, 16, 11, 44, 32, 31, 39, 35, 37,  9, 41,  6, 45, 19, 27,  3, 11, 48, 22,  7, 10, 42, 46, 34, 14, 26,  8, 36, 24, 12, 40,  4, 20, 28, 16, 33, 13, 29,  5,  1, 25, 17, 21, 47, 43, 30,  2, 15, 23, 38, 18], 1968.95742491, 2290.45515005, 0., 0.,  0.        , 0., 0, 0, 0.)
 (51, [ 8, 13, 16, 11,  2, 32, 31, 39, 35, 37,  9, 41, 45,  6, 19, 27,  3, 11, 48, 22,  7, 10, 42, 46, 34, 14, 26, 28, 36, 24, 12, 40,  4, 20,  8, 16, 33, 13, 29,  5,  1, 25, 17, 21, 47, 43, 15, 23, 44, 30, 38, 18], 2007.86220402, 2324.74599018, 0., 0.,  0.        , 0., 0, 0, 0.)
 (51, [ 8, 13, 16, 11, 44, 32, 31, 39, 35, 37, 41, 45,  6, 19, 27,  3, 11, 48, 22,  7, 10, 42, 46,  9, 34, 14, 26, 28, 36, 24, 12, 40,  4, 20,  8, 16, 33, 13, 29,  5,  1, 25, 17, 21, 47, 43, 15, 23,  2, 30, 38, 18], 2015.82963416, 2318.85377608, 0., 0.,  0.        , 0., 0, 0, 0.)
 (51, [ 8, 13, 16, 11, 44, 32, 31, 39, 35, 37, 41, 45,  6, 19, 27,  3, 11, 48, 22,  7, 10, 42, 46,  9, 34, 14, 26, 28, 36, 24, 12, 40,  4, 20,  8, 16, 33, 13, 29,  5,  1, 25, 17, 21, 47, 43, 15, 23,  2, 30, 38, 18], 2015.82963416, 2318.85377608, 0., 0.,  0.        , 0., 0, 0, 0.)
 (51, [ 8, 13, 16, 11, 44, 32, 31, 39, 35, 37, 41, 45,  6, 19, 27,  3, 11, 48, 22,  7, 10, 42, 46,  9, 34, 14, 26, 28, 36, 24, 12, 40,  4, 20,  8, 16, 33, 13, 29,  5,  1, 25, 17, 21, 47, 43, 15, 23,  2, 30, 38, 18], 2015.82963416, 2318.85377608, 0., 0.,  0.        , 0., 0, 0, 0.)
 (51, [ 8, 14, 15, 11, 44, 32, 41, 39, 35, 37,  9, 31, 45,  6, 19, 27,  3, 11, 48, 22,  7, 10, 42, 46, 34, 14, 26, 28, 36, 24, 12, 40,  4, 20,  8, 16, 33, 13, 29,  5,  1, 25, 17, 21, 47, 43, 15, 23,  2, 30, 38, 18], 2015.95710909, 2295.7220464 , 0., 0.,  0.        , 0., 0, 0, 0.)
 (51, [ 8, 13, 16, 11, 44, 32, 31, 39, 35, 37,  9, 47, 45,  6, 19, 27,  3, 11, 48, 22,  7, 10, 42, 46, 34, 14, 26, 28, 36, 24, 12, 40,  4, 20,  8, 16, 33, 13, 29,  5,  1, 25, 17, 21, 41, 43, 15, 23,  2, 30, 38, 18], 2023.81582659, 2228.17946394, 0., 0.,  0.        , 0., 0, 0, 0.)
 (51, [ 8, 13, 16, 11, 44, 32, 31, 39, 35, 21,  9, 41, 45,  6, 19, 27,  3, 11, 48, 22,  7, 10, 42, 46, 34, 14, 28, 36, 24, 12, 40, 26,  4, 20,  8, 16, 33, 13, 29,  5,  1, 25, 17, 37, 47, 43, 15, 23,  2, 30, 38, 18], 2053.28595869, 2127.46138876, 0., 0.,  0.        , 0., 0, 0, 0.)
 (51, [ 8, 13, 16, 11, 44, 32, 31, 39, 35, 21,  9, 41, 45,  6, 19, 27,  3, 11, 48, 22,  7, 10, 42, 46, 34, 14, 26, 28, 36, 24, 12, 40,  4, 20,  8, 16, 33, 13, 29,  5,  1, 25, 17, 37, 47, 43, 15, 23,  2, 30, 38, 18], 2053.28595869, 2257.64959604, 0., 0.,  0.        , 0., 0, 0, 0.)
 (51, [ 8, 13, 16, 11, 44, 32, 31,  3, 35, 37,  9, 41, 45,  6, 19, 27, 39, 11, 48, 22,  7, 10, 42, 46, 34, 14, 26, 28, 36, 24, 12, 40,  4, 20,  8, 16, 33, 13, 29,  5,  1, 25, 17, 21, 47, 43, 15, 23,  2, 30, 38, 18], 2057.05360244, 2261.41723979, 0., 0.,  0.        , 0., 0, 0, 0.)
 (51, [ 8, 13, 16, 11, 25, 32, 31, 39, 35, 37,  9, 41, 45,  6, 19, 27,  3, 11, 48, 22,  7, 10, 42, 46, 34, 14, 26, 28, 36, 24, 12, 40,  4, 20,  8, 16, 33, 13, 29,  5,  1, 44, 17, 21, 47, 43, 15, 23,  2, 30, 38, 18], 2075.08162707, 2425.49051662, 0., 0.,  0.        , 0., 0, 0, 0.)
 (51, [ 8, 13, 16, 11, 44, 32, 31, 39, 35, 37,  9, 41, 45,  6, 19, 27,  3, 43, 48, 22,  7, 10, 42, 46, 34, 14, 26, 28, 36, 24, 12, 40,  4, 20,  8, 16, 33, 13, 29,  5,  1, 25, 17, 21, 47, 11, 15, 23,  2, 30, 38, 18], 2082.81194368, 2287.17558103, 0., 0., 20.96124702, 0., 0, 0, 0.)
 (51, [ 8, 13, 16, 11, 44, 32, 31, 39, 35, 37,  9, 41, 45,  6, 19, 27,  3, 11, 48, 22,  7, 10, 42, 46, 34, 14, 28, 16, 24, 26, 36, 12, 40,  4, 20,  8, 33, 13, 29,  5,  1, 25, 17, 21, 47, 43, 15, 23,  2, 30, 18, 38], 2086.03657202, 2097.45118021, 0., 0.,  0.        , 0., 0, 0, 0.)
 (51, [ 9, 13, 17,  9, 32, 31, 39, 35, 37,  9, 44, 41, 45,  6, 19, 27,  3, 11, 48, 22, 14, 10, 42, 46, 34,  7, 26, 28, 36, 24, 12, 40,  4, 20,  8, 16, 33, 13, 29,  5,  1, 25, 17, 21, 47, 43, 15, 23,  2, 30, 38, 18], 2097.72803709, 2290.67706626, 0., 0.,  0.        , 0., 0, 0, 0.)
 (51, [ 8, 13, 16, 11, 44, 32, 31, 39, 35, 37,  9, 41, 45,  6, 19, 27,  3, 11, 48, 47,  7, 10, 42, 46, 34, 14, 26, 28, 36, 24, 12, 40,  4, 20,  8, 16, 33, 13, 29,  5,  1, 25, 17, 21, 22, 43, 15, 23,  2, 30, 38, 18], 2101.4195165 , 2294.36854566, 0., 0.,  0.        , 0., 0, 0, 0.)
 (51, [ 8, 13, 16, 11, 44, 32, 31,  1, 35, 37,  9, 41, 45,  6, 19, 27,  3, 11, 48, 22,  7, 10, 42, 46, 34, 14, 28, 36, 24, 12, 40, 26,  4, 20,  8, 16, 33, 13, 29,  5, 39, 25, 17, 21, 47, 43, 15, 23,  2, 30, 38, 18], 2108.0120613 , 2182.18749136, 0., 0.,  0.        , 0., 0, 0, 0.)
 (51, [ 7, 13, 17, 11, 44, 32, 31, 30, 35, 37,  9, 41, 45,  6, 19, 27,  3, 11, 48, 22,  7, 10, 42, 46, 34, 14, 26, 28, 36, 24, 12, 40,  4, 20,  8, 16, 33, 13, 29,  5,  1, 25, 17, 21, 47, 43, 15, 23,  2, 39, 38, 18], 2127.86501871, 2660.8226579 , 0., 0.,  0.        , 0., 0, 0, 0.)
 (51, [ 7, 14, 16, 11, 44, 32,  1, 35, 37,  9, 41, 31, 45,  6, 19, 27,  3, 11, 48, 22,  7, 10, 42, 46, 34, 14, 28, 36, 24, 12, 40, 26,  4, 20,  8, 16, 33, 13, 29,  5, 39, 25, 17, 21, 47, 43, 15, 23,  2, 30, 38, 18], 2135.6269011 , 2449.77709674, 0., 0.,  0.        , 0., 0, 0, 0.)
 (51, [ 8, 13, 16, 11, 44, 32, 31, 39, 35, 37,  9, 41, 45,  6, 19, 27,  3, 11, 48, 22,  7, 10, 42, 46, 34, 14, 28, 36, 47, 12, 40, 26,  4, 20,  8, 16, 33, 13, 29,  5,  1, 25, 17, 21, 24, 43, 15, 23,  2, 30, 38, 18], 2139.73344359, 2325.09626971, 0., 0.,  0.        , 0., 0, 0, 0.)
 (51, [ 8, 13, 16, 11, 44, 32, 31, 39, 35, 37, 30, 41, 45,  6, 19, 27,  3, 11, 48, 22,  7, 10, 42, 46, 34, 29, 26, 28, 36, 24, 12, 40,  4, 20,  8, 16, 33, 13, 14,  5,  1, 25, 17, 21, 47, 43, 15, 23,  2,  9, 38, 18], 2151.27890743, 2768.03151969, 0., 0.,  0.        , 0., 0, 0, 0.)
 (51, [ 8, 13, 16, 11, 44, 32, 31, 24, 35, 37,  9, 41, 45,  6, 19, 27,  3, 11, 48, 22,  7, 10, 42, 46, 34, 14, 26, 28, 36, 39, 12, 40,  4, 20,  8, 16, 33, 13, 29,  5,  1, 25, 17, 21, 47, 43, 15, 23,  2, 30, 38, 18], 2152.51916053, 2337.88198665, 0., 0.,  0.        , 0., 0, 0, 0.)
 (51, [ 8, 13, 16, 11, 44, 32, 31, 39, 35,  9, 41, 45,  6, 19, 27,  3, 11, 48, 22, 21,  7, 10, 42, 46, 34, 14, 28, 36, 24, 12, 40, 26,  4, 20,  8, 16, 33, 13, 29,  5,  1, 25, 17, 37, 47, 43, 15, 23,  2, 30, 38, 18], 2154.68126361, 2217.44208549, 0., 0.,  0.        , 0., 0, 0, 0.)
 (51, [ 8, 13, 16, 11, 44, 32, 31, 39, 35, 37,  9, 41, 45,  6, 19, 27,  3, 11, 48, 22,  7, 10, 42, 46, 34, 14, 24, 23, 28, 36, 12, 40,  4, 20,  8, 16, 33, 13, 29,  5,  1, 25, 17, 21, 47, 43, 15, 26,  2, 30, 38, 18], 2156.47010403, 2341.76586722, 0., 0.,  0.        , 0., 0, 0, 0.)
 (51, [ 8, 12, 17, 11, 44, 32, 31, 39, 35, 37,  9, 41, 45,  6, 19, 27,  3, 11, 48, 22,  7, 10, 42, 46, 34, 14, 26, 28, 36, 24, 12, 40,  4, 20, 16, 33,  8, 13, 29,  5,  1, 25, 17, 21, 47, 43, 15, 23,  2, 30, 38, 18], 2160.91442209, 2841.62257624, 0., 0.,  0.        , 0., 0, 0, 0.)
 (51, [10, 11, 17, 10, 44, 32, 31, 39, 35, 37,  9, 41, 45,  6, 19, 27,  3, 11, 48, 22,  7, 10, 42, 46, 34, 14, 26, 28, 36, 24, 18, 12, 40,  4, 20,  8, 16, 33, 13, 29,  5,  1, 25, 17, 21, 47, 43, 15, 23,  2, 30, 38], 2161.60010275, 2274.17382866, 0., 0.,  0.        , 0., 0, 0, 0.)
 (51, [ 8, 13, 16, 11, 44, 32, 31, 39, 35, 37,  9, 41, 45,  6, 19, 27,  3, 11, 48, 22,  7, 10, 42, 46, 34, 14, 26, 28, 36, 24, 12, 40,  4, 20,  8, 16, 25, 13, 29,  5,  1, 33, 17, 21, 47, 43, 15, 23,  2, 30, 38, 18], 2174.77043989, 2379.13407724, 0., 0.,  0.        , 0., 0, 0, 0.)
 (51, [ 8, 13, 16, 11, 44, 32, 31, 39, 35, 37,  9, 41,  6, 45, 19, 27,  3, 11, 48, 22,  7, 10, 42, 46, 34, 14,  2, 28, 36, 40, 12, 24,  4, 20,  8, 16, 33, 13, 29,  5,  1, 25, 17, 21, 47, 43, 15, 23, 26, 30, 38, 18], 2176.3955344 , 2309.53124297, 0., 0.,  0.        , 0., 0, 0, 0.)
 (51, [ 7, 14, 16, 11, 44, 32, 31, 39, 35, 37,  9, 41, 18,  6, 19, 27,  3, 11, 48, 22,  7, 10, 42, 46, 34, 14, 26, 28, 36, 24, 12, 40,  4, 20,  8, 16, 33, 13, 29,  5,  1, 25, 17, 21, 47, 43, 15, 23,  2, 30, 45, 38], 2189.22636691, 2483.3345138 , 0., 0.,  0.        , 0., 0, 0, 0.)
 (51, [ 9, 13, 16, 10, 32, 31, 44, 39, 35, 37,  9, 41, 45,  6, 19, 27,  3, 11, 48, 22,  7, 10, 42, 46, 34, 14, 26, 28, 36, 24, 12, 40,  4, 20,  8, 16, 33, 13, 29,  5,  1, 25, 17, 21, 47, 43, 15, 23,  2, 30, 38, 18], 2196.85768967, 2401.22132702, 0., 0.,  0.        , 0., 0, 0, 0.)
 (51, [ 8, 13, 16, 11, 44, 32, 31, 39, 35, 37,  9, 41, 45,  6, 19, 27,  3, 11, 48, 22,  7, 10, 42, 46, 34, 14, 26, 28, 36, 24, 12, 40,  4, 20, 30, 16, 33, 13, 29,  5,  1, 25, 17, 21, 47, 43, 15, 23,  2,  8, 38, 18], 2197.96156763, 2593.7981564 , 0., 0.,  0.        , 0., 0, 0, 0.)
 (51, [ 8, 13, 16, 11, 44, 32, 31, 35, 37,  9, 41, 45,  6, 19, 27,  3, 39, 11, 48, 22,  7, 10, 42, 46, 34, 14, 28, 36, 24, 26, 12, 40,  4, 20,  8, 16, 33, 13, 29,  5,  1, 25, 17, 21, 47, 43, 15, 23,  2, 30, 38, 18], 2201.22157188, 2263.98239376, 0., 0.,  0.        , 0., 0, 0, 0.)
 (51, [ 8, 13, 16, 11, 44, 32, 31, 39, 35, 37,  9, 41, 45,  6, 19, 27,  3, 11, 48, 22,  7, 10, 42, 46, 30, 34, 14, 26, 28, 36, 24, 12, 40,  4, 20,  8, 16, 33, 13, 29,  5,  1, 25, 17, 21, 47, 43, 15, 23,  2, 18, 38], 2201.78461694, 2406.14825429, 0., 0.,  0.        , 0., 0, 0, 0.)
 (51, [ 8, 13, 16, 11, 44, 32, 31, 39, 35, 37,  9, 41, 45,  6, 19, 27,  3, 11, 22, 48,  7, 10, 42, 46, 16, 14, 28, 36, 24, 12, 40, 26,  4, 20,  8, 34, 33, 13, 29,  5,  1, 25, 17, 21, 47, 43, 15, 23,  2, 30, 38, 18], 2202.05222296, 2276.22765303, 0., 0.,  0.        , 0., 0, 0, 0.)
 (51, [ 7, 15, 15, 11, 27, 32,  9, 39, 35, 37, 31, 41, 45,  6, 19, 44,  3, 11, 48, 22,  7, 10, 42, 46, 34, 14, 26, 28, 36, 24, 12, 40,  4, 20,  8, 16, 33, 13, 29,  5,  1, 25, 17, 21, 47, 43, 15, 23,  2, 30, 38, 18], 2223.90127269, 2416.85030186, 0., 0.,  0.        , 0., 0, 0, 0.)
 (51, [ 8, 13, 17, 10, 44, 32, 31, 39, 35, 37,  9, 41,  6, 45, 30, 27,  3, 11, 48, 22,  7, 10, 42, 46, 34, 14, 26, 28, 36, 24, 12, 40,  4, 20,  8, 16, 33, 13, 29,  5,  1, 25, 17, 21, 47, 43, 15, 23,  2, 19, 38, 18], 2226.61367333, 2573.85937525, 0., 0.,  0.        , 0., 0, 0, 0.)
 (51, [ 8, 13, 16, 11, 32, 31, 39, 35, 37,  9, 41, 45,  6, 19, 27,  3, 11, 48, 22,  7, 10, 42, 46, 34, 14, 26, 28, 36, 24, 12, 40,  4, 20,  8, 16, 33, 13, 25, 29,  5,  1, 44, 17, 21, 47, 43, 15, 23,  2, 30, 38, 18], 2232.44004931, 2582.84893885, 0., 0.,  0.        , 0., 0, 0, 0.)
 (51, [ 8, 13, 16, 11, 32, 31, 39, 35, 37,  9, 41, 45,  6, 19, 27,  3, 11, 48, 22,  7, 10, 42, 46, 34, 14, 26, 28, 36, 24, 12, 40,  4, 20, 25,  8, 16, 33, 13, 29,  5,  1, 44, 17, 21, 47, 43, 15, 23,  2, 30, 38, 18], 2237.41363215, 2587.8225217 , 0., 0.,  0.        , 0., 0, 0, 0.)
 (51, [ 8, 13, 16, 11, 44, 32, 31, 39, 35, 37,  9, 41, 45,  6, 19, 27,  3, 33, 48, 22,  7, 10, 42, 46, 34, 14, 26, 28, 36, 24, 12, 40,  4, 20,  8, 16, 11, 13, 29,  5,  1, 25, 17, 21, 47, 43, 15, 23,  2, 30, 38, 18], 2257.91659162, 2450.86562079, 0., 0.,  0.        , 0., 0, 0, 0.)
 (51, [ 8, 11, 18, 11, 44, 32, 31, 39, 35, 37,  9, 41, 45,  6, 19, 27,  3, 11, 48, 22,  7, 10, 42, 46, 34, 14, 26, 13, 36, 24, 12, 40,  4, 20,  8, 16, 33, 28, 29,  5,  1, 25, 17, 21, 47, 43, 15, 23,  2, 30, 38, 18], 2259.56753415, 2314.67509004, 0., 0.,  0.        , 0., 0, 0, 0.)
 (51, [ 8, 13, 15, 12, 44, 32, 31, 39, 35, 37,  9, 41, 45,  6, 19, 27,  3, 15, 48, 22,  7, 10, 42, 46, 34, 14, 26, 28, 36, 24, 12, 40,  4, 20,  8, 16, 33, 13, 29,  5,  1, 25, 17, 21, 47, 43, 11, 23,  2, 30, 38, 18], 2273.16675655, 2466.11578572, 0., 0.,  0.        , 0., 0, 0, 0.)
 (51, [ 8, 12, 17, 11, 44, 32,  1, 39, 35, 37, 41, 45,  6, 19,  9, 27,  3, 11, 48, 22,  7, 10, 42, 46, 34, 14, 26, 28, 36, 24, 12, 40,  4, 20,  8, 16, 33, 13, 29,  5, 31, 25, 17, 21, 47, 43, 15, 23,  2, 30, 38, 18], 2275.59025363, 2804.14739675, 0., 0.,  0.        , 0., 0, 0, 0.)
 (51, [ 8, 13, 15, 12, 44, 32, 31, 39, 35, 37,  9, 41, 45,  6, 19, 27,  3, 11, 48, 22,  7, 10, 42, 46, 36, 14, 26, 28, 34, 24, 12, 40,  4, 20,  8, 16, 33, 13, 29,  5,  1, 25, 17, 21, 47, 43, 15, 23,  2, 30, 18, 38], 2282.9809617 , 2468.27672488, 0., 0.,  0.        , 0., 0, 0, 0.)
 (51, [ 6, 14, 16, 12, 44, 32, 31, 39, 35, 37,  9, 41, 45,  6, 19, 27,  3, 11, 48, 22,  7, 10, 42, 46, 34, 14, 26, 28, 36, 24, 12, 40,  4, 20,  8, 23, 33, 13, 29,  5,  1, 25, 17, 21, 47, 43, 15, 16,  2, 30, 38, 18], 2337.19138563, 2841.28048668, 0., 0.,  0.        , 0., 0, 0, 0.)
 (51, [ 8, 14, 14, 12, 44, 32, 31, 39, 35, 37, 40, 41, 45,  6, 19, 27,  3, 11, 48, 22,  7, 10, 42, 46, 34, 14, 26, 28, 36, 24, 12,  9,  4, 20,  8, 16, 33, 13, 29,  5,  1, 25, 17, 21, 47, 43, 15, 23,  2, 30, 38, 18], 2355.70382115, 2661.25721814, 0., 0.,  0.        , 0., 0, 0, 0.)
 (51, [ 8, 12, 18, 10, 44, 32, 31, 39, 15, 21,  9, 41, 45,  6, 19, 27,  3, 11, 48, 22,  7, 10, 42, 46, 34, 14, 28, 36, 24, 12, 40, 26,  4, 20,  8, 16, 33, 13, 29,  5,  1, 25, 17, 37, 47, 43, 35, 23,  2, 30, 38, 18], 2355.76428651, 2396.73732611, 0., 0.,  0.        , 0., 0, 0, 0.)
 (51, [ 7, 13, 16, 12, 44, 32, 31, 39, 35, 37,  9, 41, 45,  2, 19, 27,  3, 11, 48, 22,  7, 10, 42, 46, 34, 14, 26, 28, 36, 24, 12, 40,  4, 20,  8, 16, 33, 13, 29,  5,  1, 25, 17, 21, 47, 43, 15, 23,  6, 30, 38, 18], 2375.23405213, 2850.13485276, 0., 0.,  0.        , 0., 0, 0, 0.)
 (51, [ 8, 13, 16, 11, 44, 32, 31, 39, 35, 37, 41, 45,  6, 19, 27,  3, 11, 48, 22,  7, 10, 43, 46, 34, 14, 26, 28, 36, 24, 12, 40,  4, 20,  8, 16, 33, 13, 29,  5,  1, 25, 17,  9, 21, 47, 42, 15, 23,  2, 30, 38, 18], 2391.08468742, 2682.69422115, 0., 0.,  0.        , 0., 0, 0, 0.)
 (51, [ 8, 13, 16, 11, 44, 32, 31, 39, 35, 37,  9, 41,  6, 45, 19, 27, 12, 11, 48, 22,  7, 10, 42, 46, 34, 14, 26, 28, 36, 24,  3, 40,  4, 20,  8, 16, 33, 13, 29,  5,  1, 25, 17, 21, 47, 43, 30,  2, 15, 23, 38, 18], 2414.99485729, 2543.69394109, 0., 0.,  0.        , 0., 0, 0, 0.)
 (51, [ 8, 14, 17,  9, 44, 32, 31, 39, 35, 37,  9, 41,  6, 45, 19, 27,  3, 11, 48, 22,  7, 10, 20, 46, 34, 14, 26, 28, 36, 24, 12, 40,  4, 42,  8, 16, 33, 13, 29,  5,  1, 25, 17, 21, 47, 43, 30,  2, 15, 23, 38, 18], 2416.09362899, 2671.50805531, 0., 0.,  0.        , 0., 0, 0, 0.)
 (51, [ 8, 12, 14, 14, 44, 32, 31, 39, 35, 37,  9, 41, 45,  6, 19, 27,  3, 11, 48, 22,  7, 10, 21, 46, 34, 14, 26, 28, 36, 24, 12, 40,  4, 20,  8, 16, 33, 13, 29,  5,  1, 25, 17, 42, 47, 43, 15, 23,  2, 30, 38, 18], 2426.39697808, 2619.34600725, 0., 0.,  0.        , 0., 0, 0, 0.)
 (51, [ 8, 13, 16, 11, 32, 31, 39, 35, 37,  9, 41, 45,  6, 19, 27,  3, 11, 44, 48, 22,  7, 10, 42, 13, 34, 14, 26, 28, 36, 24, 12, 40,  4, 20,  8, 16, 33, 46, 29,  5,  1, 25, 17, 21, 47, 43, 15, 23,  2, 30, 38, 18], 2520.48054412, 2724.84418147, 0., 0.,  0.        , 0., 0, 0, 0.)
 (51, [ 5, 14, 17, 12, 44, 32, 31, 39, 35, 37,  9, 41, 45,  6, 19, 27,  3, 11, 48, 22,  7, 10, 15, 46, 34, 47, 28, 36, 24, 12, 40, 26,  4, 20,  8, 16, 33, 13, 29,  5,  1, 25, 17, 21, 14, 43, 42, 23,  2, 30, 38, 18], 2687.03644409, 2956.56964108, 0., 0.,  0.        , 0., 0, 0, 0.)
 (51, [ 8, 15, 14, 11, 32, 31, 39, 16, 37,  9, 41, 45,  6, 19, 27,  3, 11, 48, 22,  7, 10, 42, 46, 34, 14, 26, 28, 36, 24, 12, 40,  4, 20,  8, 35, 33, 25, 13, 29,  5,  1, 44, 17, 21, 47, 43, 15, 23,  2, 30, 38, 18], 2732.0082289 , 2889.46808928, 0., 0.,  0.        , 0., 0, 0, 0.)]