
Total Runtime in seconds: 277.9738755226135Parameters:
population_size: 50, max_generations: 30, executed generations: 29, threshold_no_improvement: 15
target feasible proportion: 12
fitness_scaling: power_rank, selection_method: n_tournaments
p_c: 1.0, p_m: 0.2, NOT YET p_education: 0.0
tournament_size: 2, n_elite: 8
survivor_selection_step: 10, p_selection_survival: 0.7
kill clone step: 5
diversify_step: 20, diversify_step: 20, p_diversify_survival: 0.3
n_closest_neighbors: 3, diversity_weight: 0.5, distance_method: broken_pairs_distance
capacity_penalty_factor: 2.3164561507987655, duration_penalty_factor 2.3164561507987655, time_window_penalty: 2
Best fitness all generations, best individual before/after local search: 1839.055428245346, 1839.055428245346 / 1839.055428245346
Best individual found before local search: (18, [31, 12, 22, 31, 81, 19, 93, 92, 38, 68, 27, 74, 62, 55, 20, 39, 16, 64, 17, 44, 86, 43,  8, 13, 25, 60, 72, 41, 70, 59, 84, 73, 37, 69,  9, 42, 88, 78, 33, 65, 47,  1, 87, 32,  7,  5, 94, 80, 24, 14, 18,  2, 48,  6, 10, 66, 85, 22, 56, 96, 67, 51, 50, 76,  3, 12, 53, 36, 71, 57, 95, 29, 54, 11, 26, 46, 23, 83, 30, 91, 28, 79, 21, 15, 75, 40, 34, 49,  4, 35, 82, 89, 63, 77, 90, 31, 45, 61, 52, 58], 1839.05542825, 1848.19182309, 0., 0., 0., 0., 2, 42, 23.)
Best individual found after local search: (18, [31, 12, 22, 31, 81, 19, 93, 92, 38, 68, 27, 74, 62, 55, 20, 39, 16, 64, 17, 44, 86, 43,  8, 13, 25, 60, 72, 41, 70, 59, 84, 73, 37, 69,  9, 42, 88, 78, 33, 65, 47,  1, 87, 32,  7,  5, 94, 80, 24, 14, 18,  2, 48,  6, 10, 66, 85, 22, 56, 96, 67, 51, 50, 76,  3, 12, 53, 36, 71, 57, 95, 29, 54, 11, 26, 46, 23, 83, 30, 91, 28, 79, 21, 15, 75, 40, 34, 49,  4, 35, 82, 89, 63, 77, 90, 31, 45, 61, 52, 58], 1839.05542825, 1848.19182309, 0., 0., 0., 0., 2, 42, 23.)
Best feasible individual found: (18, [31, 12, 22, 31, 81, 19, 93, 92, 38, 68, 27, 74, 62, 55, 20, 39, 16, 64, 17, 44, 86, 43,  8, 13, 25, 60, 72, 41, 70, 59, 84, 73, 37, 69,  9, 42, 88, 78, 33, 65, 47,  1, 87, 32,  7,  5, 94, 80, 24, 14, 18,  2, 48,  6, 10, 66, 85, 22, 56, 96, 67, 51, 50, 76,  3, 12, 53, 36, 71, 29, 95, 57, 54, 11, 26, 46, 23, 83, 30, 91, 28, 79, 21, 15, 75, 40, 34, 49,  4, 35, 82, 89, 63, 77, 90, 31, 45, 61, 52, 58], 1839.79533709, 1848.93173194, 0., 0., 0., 0., 2, 42, 23.)

Fitness stats min: [2041.16198364 1965.61198717 1885.53978333 1881.70535762 1881.70535762
 1881.70535762 1881.70535762 1881.70535762 1881.70535762 1881.70535762
 1881.70535762 1881.70535762 1881.70535762 1881.70535762 1881.70535762
 1881.70535762 1881.70535762 1881.70535762 1881.70535762 1857.97084421
 1881.70535762 1881.70535762 1881.70535762 1881.70535762 1839.79533709
 1839.79533709 1839.79533709 1839.79533709 1839.79533709 1839.05542825] 

Fitness stats feasible min: [2206.31568872 1965.61198717 1885.53978333 1881.70535762 1881.70535762
 1881.70535762 1881.70535762 1881.70535762 1881.70535762 1881.70535762
 1881.70535762 1881.70535762 1881.70535762 1881.70535762 1881.70535762
 1881.70535762 1881.70535762 1881.70535762 1881.70535762 1857.97084421
 1881.70535762 1881.70535762 1881.70535762 1881.70535762 1839.79533709
 1839.79533709 1839.79533709 1839.79533709 1839.79533709 1839.05542825] 

Fitness stats avg: [2937.29465472 2850.48503272 2773.4729798  2531.70361485 2360.18604723
 2316.55941848 2243.01821148 2051.03171352 2198.6498281  2091.27722085
 5181.74881633 3884.65871965 2917.65577069 2482.83568994 2132.60069565
 4004.66540793 2554.75327415 2172.81049275 2066.0363161  1982.3337528
 4428.67278279 3266.43305789 2672.94577248 2198.80323205 2053.13014845
 3447.25933323 2276.45817543 2003.06555792 1909.36709059 1947.24801808] 

Feasible stats: [( 0., 50.) ( 0., 50.) (22., 28.) (22., 28.) (33., 17.) (33., 17.)
 (35., 15.) (35., 15.) (36., 14.) (36., 14.) (38., 12.) (38., 12.)
 (15., 35.) (15., 35.) (30., 20.) (30., 20.) (19., 31.) (19., 31.)
 (40., 10.) (40., 10.) (37., 13.) (37., 13.) (24., 26.) (24., 26.)
 (38., 12.) (38., 12.) (23., 27.) (23., 27.) (41.,  9.) (41.,  9.)] 
Solution Description: 
p: [  0.           6.37877888  41.15060755  72.96509812  90.40245518
 106.08412631 130.66348101 180.79949657 181.37429471 207.83488896
 240.06341124 260.98325738 369.48501498 370.7865055  373.71738055
 374.72630004 376.26565355 410.43498723 450.1784561  590.5448629
 603.54030742 627.28370373 636.71357093 638.47418214 677.34122494
 680.01994762 680.05833486 685.56562083 710.54066157 719.21686302
 734.43618592 738.68993801   0.          24.16879376  28.43960134
  28.44583559  37.58223044  62.02959569  62.98506684  65.69682705
  82.99313782  83.14813351 221.17818764 231.79692094 237.34034807
   0.          45.48898425  48.55883685  51.90715876  53.59072266
  86.63474935 114.94149785 150.61613176 151.94964679 176.15416901
 190.37484136 195.06817051 202.64162232 211.53662969 228.31478721
 270.45425776 298.70123011 308.83634068 319.83208642 319.92004561
 345.55236995 346.34971444 356.94792485   0.          30.8155834
  43.73567644  43.7381115   43.90446628  47.79317546  62.99311722
  90.13358057 112.81635474 141.91436023 142.07316635 142.09774295
 144.10092485 158.60344353 172.90017614 213.87187895 291.35234753
 309.91238791 349.07646866 353.8902835  362.77359248 369.47022002
 378.31180345 383.65590113 465.337862   471.13327304 471.15841206
 480.22985666 480.28505505 492.82816163 493.11659265 506.07721731] 
pred: [ 0  0  0  0  0  0  0  0  0  8  8  8  8  8  8  8  8 16 16 16 16 20 20 20
 23 23 23 23 27 27 27 27  0  0  0  0  0  3  3  3  3  3  9  9  9  0  0  0
  0  0  4  4  4  4  8  8  8  8 12 12 12 12 12 12 12 12 12 12  0  0  0  0
  0  0  0  0  0  0  0  0  0 12 12 12 12 12 12 12 12 12 12 22 22 22 22 22
 22 22 22 22] 
distance [  0.           6.37877888  41.15060755  72.96509812  90.40245518
 106.08412631 130.66348101 180.79949657 181.37429471  26.46059425
  58.68911653  79.60896267 188.11072027 189.41221079 192.34308584
 193.35200533 194.89135884  34.16933368  73.91280255 214.27920935
 227.27465387  23.7433963   33.17326351  34.93387471  38.8670428
  41.54576548  41.58415272  47.09143869  24.97504074  33.65124219
  48.87056509  53.12431718   0.          24.16879376  28.43960134
  28.44583559  37.58223044  33.58376009  34.53923124  37.25099146
  54.54730223  54.70229792 138.03005413 148.64878743 154.19221456
   0.          45.48898425  48.55883685  51.90715876  53.59072266
  33.04402669  61.35077519  97.0254091   98.35892414  24.20452222
  38.42519457  43.11852372  50.69197553   8.89500736  25.67316489
  67.81263544  96.05960779 106.19471836 117.1904641  117.27842329
 142.91074763 143.70809211 154.30630252   0.          30.8155834
  43.73567644  43.7381115   43.90446628  47.79317546  62.99311722
  90.13358057 112.81635474 141.91436023 142.07316635 142.09774295
 144.10092485  14.50251868  28.79925129  69.7709541  147.25142268
 165.81146306 204.97554381 209.78935865 218.67266763 225.36929517
 234.2108786    5.34409768  87.02605855  92.82146959  92.84660861
 101.91805321 101.9732516  114.51635818 114.8047892  127.76541386]
load: [  0  13  29  48  71  83  89  98 103   9  12  30  37  58  81 100 123   8
  12  16  25  19  29  53  23  33  34  36   3  14  34  59   0  13  31  43
  57  28  37  41  66  88  21  34  36   0  20  36  41  43  12  22  42  63
   5  28  52  56  10  11  24  45  50  53  56  64  69  88   0  13  34  49
  69  76  88 101 109 112 116 137 140  11  35  55  68  69  80 102 117 137
 138   4  17  21  26  50  67  83 108 126] 
time: [  0.         106.         213.         231.37636996 243.66015359
 277.77092354 295.16084073 387.         465.11174498  95.
 126.37011091 206.         285.68982159 376.         386.73487495
 425.26938032 455.         110.         136.         224.76021669
 417.         103.         137.         300.         140.
 285.         313.27835541 350.         129.         152.39981091
 182.95258396 314.           0.         178.         324.
 350.09776622 359.80389945 241.31703655 450.         465.86341928
 488.46505274 519.51455686 257.         422.         493.75351166
   0.         248.         402.         418.83844297 445.
 125.         162.         336.         375.38672649 222.
 242.66881288 378.         407.15348661 124.         153.76960324
 175.99194442 216.         236.95530789 272.11160563 282.23770107
 318.89836181 375.         457.           0.         169.
 186.61974315 210.87311616 229.54785008 242.54662648 314.
 333.14864991 359.6233031  432.         466.90323688 487.66647824
 514.37979312 129.         161.         187.62067589 244.039433
 287.29970021 324.30362074 439.         490.54626192 522.33798002
 537.70040942 158.         221.85226149 264.02932451 291.84323353
 320.73262762 356.89843882 422.         436.         469.35243314] 
time warps: [0 0 0 0 0 0 0 0 0 0 0 0 0 0 0 0 0 0 0 0 0 0 0 0 0 0 0 0 0 0 0 0 0 0 0 0 0
 0 0 0 0 0 0 0 0 0 0 0 0 0 0 0 0 0 0 0 0 0 0 0 0 0 0 0 0 0 0 0 0 0 0 0 0 0
 0 0 0 0 0 0 0 0 0 0 0 0 0 0 0 0 0 0 0 0 0 0 0 0 0 0] 
duration: [  0.          10.37877888 132.74364087 165.55813144 205.9954885
 226.67715963 272.25651433 389.33058213 403.90538027  40.46059425
  80.68911653 187.69724258 305.19900019 340.50270834 366.43358339
 381.44250288 416.60273156  37.16933368  90.93886636 247.30527316
 406.2979109   40.7433963   69.80229227 250.20337636  47.8670428
 204.71805701 216.75644426 256.8323723   43.97504074  73.65124219
 108.87056509 237.60058348   0.          44.16879376 187.29453655
 192.3007708  217.43716565  53.58376009 268.71109672 283.42285694
 325.7191677  337.87416339 153.03005413 314.11527113 330.65869826
   0.          49.48898425 205.01754389 220.3658658  242.24496952
  34.04402669 102.6250112  286.32788078 296.66139581  33.20452222
  69.42519457 197.90426289 215.4777147   29.89500736  47.67316489
  98.81263544 148.25848433 180.39359489 192.38934064 211.47729982
 245.10962417 288.52888706 381.99465359   0.          39.8155834
  71.73567644  84.7381115   89.90446628  98.79317546 176.33196488
 215.47242822 256.15520239 346.62017927 351.77898539 364.80356199
 378.80674389  24.50251868  56.79991506 110.77161787 199.25208645
 222.81212683 269.97620758 388.65603202 412.53934099 429.23596854
 444.07755197  28.34409768 129.02605855 159.82146959 175.84660861
 208.91805321 231.9732516  282.01502032 310.08788004 344.0485047 ]

All individuals: [(18, [31, 12, 22, 31, 81, 19, 93, 92, 38, 68, 27, 74, 62, 55, 20, 39, 16, 64, 17, 44, 86, 43,  8, 13, 25, 60, 72, 41, 70, 59, 84, 73, 37, 69,  9, 42, 88, 78, 33, 65, 47,  1, 87, 32,  7,  5, 94, 80, 24, 14, 18,  2, 48,  6, 10, 66, 85, 22, 56, 96, 67, 51, 50, 76,  3, 12, 53, 36, 71, 29, 95, 57, 54, 11, 26, 46, 23, 83, 30, 91, 28, 79, 21, 15, 75, 40, 34, 49,  4, 35, 82, 89, 63, 77, 90, 31, 45, 61, 52, 58], 1839.79533709, 1848.93173194, 0.,   0.        , 0.        ,  0.        ,  7, 27, 20.5)
 (18, [31, 12, 22, 31, 81, 19, 93, 92, 38, 68, 27, 74, 62, 55, 20, 39, 16, 64, 17, 44, 86, 43,  8, 13, 25, 60, 72, 41, 70, 59, 84, 73, 37, 69,  9, 42, 88, 78, 33, 65, 47,  1, 87, 32,  7,  5, 94, 80, 24, 14, 18,  2, 48,  6, 10, 66, 85, 22, 56, 96, 67, 51, 50, 76,  3, 12, 53, 36, 71, 29, 95, 57, 54, 11, 26, 46, 23, 83, 30, 91, 28, 79, 21, 15, 75, 40, 34, 49,  4, 35, 82, 89, 63, 77, 90, 31, 45, 61, 52, 58], 1839.79533709, 1848.93173194, 0.,   0.        , 0.        ,  0.        ,  2, 42, 23. )
 (18, [31, 12, 22, 31, 81, 19, 93, 92, 38, 68, 27, 74, 62, 55, 20, 39, 16, 64, 17, 44, 86, 43,  8, 13, 25, 60, 72, 41, 70, 59, 84, 73, 37, 69,  9, 42, 88, 78, 33, 65, 47,  1, 87, 32,  7,  5, 94, 80, 24, 14, 18,  2, 48,  6, 10, 66, 85, 22, 56, 96, 67, 51, 50, 76,  3, 12, 53, 36, 71, 29, 95, 57, 54, 11, 26, 46, 23, 83, 30, 91, 28, 79, 21, 15, 75, 40, 34, 49,  4, 35, 82, 89, 63, 77, 90, 31, 45, 61, 52, 58], 1839.79533709, 1848.93173194, 0.,   0.        , 0.        ,  0.        ,  3, 47, 26.5)
 (18, [31, 12, 22, 31, 81, 19, 93, 92, 38, 68, 27, 74, 62, 55, 20, 39, 16, 64, 17, 44, 86, 43,  8, 13, 25, 60, 72, 41, 70, 59, 84, 73, 37, 69,  9, 42, 88, 78, 33, 65, 47,  1, 87, 32,  7,  5, 94, 80, 24, 14, 18,  2, 48,  6, 10, 66, 85, 22, 56, 96, 67, 51, 50, 76,  3, 12, 53, 36, 71, 29, 95, 57, 54, 11, 26, 46, 23, 83, 30, 91, 28, 79, 21, 15, 75, 40, 34, 49,  4, 35, 82, 89, 63, 77, 90, 31, 45, 61, 52, 58], 1839.79533709, 1848.93173194, 0.,   0.        , 0.        ,  0.        , 10, 33, 26.5)
 (18, [31, 12, 22, 31, 81, 19, 93, 92, 38, 68, 27, 74, 62, 55, 20, 39, 16, 64, 17, 44, 86, 43,  8, 13, 25, 60, 72, 41, 70, 59, 84, 73, 37, 69,  9, 42, 88, 78, 33, 65, 47,  1, 87, 32,  7,  5, 94, 80, 24, 14, 18,  2, 48,  6, 10, 66, 85, 22, 56, 96, 67, 51, 50, 76,  3, 12, 53, 36, 71, 29, 95, 57, 54, 11, 26, 46, 23, 83, 30, 91, 28, 79, 21, 15, 75, 40, 34, 49,  4, 35, 82, 89, 63, 77, 90, 31, 45, 61, 52, 58], 1839.79533709, 1848.93173194, 0.,   0.        , 0.        ,  0.        ,  5, 45, 27.5)
 (18, [31, 12, 22, 31, 81, 19, 93, 92, 38, 68, 27, 74, 62, 55, 20, 39, 16, 64, 17, 44, 86, 43,  8, 13, 25, 60, 72, 41, 70, 59, 84, 73, 37, 69,  9, 42, 88, 78, 33, 65, 47,  1, 87, 32,  7,  5, 94, 80, 24, 14, 18,  2, 48,  6, 10, 66, 85, 22, 56, 96, 67, 51, 50, 76,  3, 12, 53, 36, 71, 29, 95, 57, 54, 11, 26, 46, 23, 83, 30, 91, 28, 79, 21, 15, 75, 40, 34, 49,  4, 35, 82, 89, 63, 77, 90, 31, 45, 61, 52, 58], 1839.79533709, 1848.93173194, 0.,   0.        , 0.        ,  0.        ,  6, 44, 28. )
 (18, [31, 12, 22, 31, 81, 19, 93, 92, 38, 68, 27, 74, 62, 55, 20, 39, 16, 64, 17, 44, 86, 43,  8, 13, 25, 60, 72, 41, 70, 59, 84, 73, 37, 69,  9, 42, 88, 78, 33, 65, 47,  1, 87, 32,  7,  5, 94, 80, 24, 14, 18,  2, 48,  6, 10, 66, 85, 22, 56, 96, 67, 51, 50, 76,  3, 12, 53, 36, 71, 29, 95, 57, 54, 11, 26, 46, 23, 83, 30, 91, 28, 79, 21, 15, 75, 40, 34, 49,  4, 35, 82, 89, 63, 77, 90, 31, 45, 61, 52, 58], 1839.79533709, 1848.93173194, 0.,   0.        , 0.        ,  0.        , 17, 23, 28.5)
 (18, [31, 12, 22, 31, 81, 19, 93, 92, 38, 68, 27, 74, 62, 55, 20, 39, 16, 64, 17, 44, 86, 43,  8, 13, 25, 60, 72, 41, 70, 59, 84, 73, 37, 69,  9, 42, 88, 78, 33, 65, 47,  1, 87, 32,  7,  5, 94, 80, 24, 14, 18,  2, 48,  6, 10, 66, 85, 22, 56, 96, 67, 51, 50, 76,  3, 12, 53, 36, 71, 29, 95, 57, 54, 11, 26, 46, 23, 83, 30, 91, 28, 79, 21, 15, 75, 40, 34, 49,  4, 35, 82, 89, 63, 77, 90, 31, 45, 61, 52, 58], 1839.79533709, 1848.93173194, 0.,   0.        , 0.        ,  0.        ,  8, 41, 28.5)
 (18, [31, 12, 22, 31, 81, 19, 93, 92, 38, 68, 27, 74, 62, 55, 20, 39, 16, 64, 17, 44, 86, 43,  8, 13, 25, 60, 72, 41, 70, 59, 84, 73, 37, 69,  9, 42, 88, 78, 33, 65, 47,  1, 87, 32,  7,  5, 94, 80, 24, 14, 18,  2, 48,  6, 10, 66, 85, 22, 56, 96, 67, 51, 50, 76,  3, 12, 53, 36, 71, 29, 95, 57, 54, 11, 26, 46, 23, 83, 30, 91, 28, 79, 21, 15, 75, 40, 34, 49,  4, 35, 82, 89, 63, 77, 90, 31, 45, 61, 52, 58], 1839.79533709, 1848.93173194, 0.,   0.        , 0.        ,  0.        , 13, 37, 31.5)
 (18, [31, 12, 22, 31, 81, 19, 93, 92, 38, 68, 27, 74, 62, 55, 20, 39, 16, 64, 17, 44, 86, 43,  8, 13, 25, 60, 72, 41, 70, 59, 84, 73, 37, 69,  9, 42, 88, 78, 33, 65, 47,  1, 87, 32,  7,  5, 94, 80, 24, 14, 18,  2, 48,  6, 10, 66, 85, 22, 56, 96, 67, 51, 50, 76,  3, 12, 53, 36, 71, 29, 95, 57, 54, 11, 26, 46, 23, 83, 30, 91, 28, 79, 21, 15, 75, 40, 34, 49,  4, 35, 82, 89, 63, 77, 90, 31, 45, 61, 52, 58], 1839.79533709, 1848.93173194, 0.,   0.        , 0.        ,  0.        , 12, 40, 32. )
 (18, [31, 12, 22, 31, 81, 19, 93, 92, 38, 68, 27, 74, 62, 55, 20, 39, 16, 64, 17, 44, 86, 43,  8, 13, 25, 60, 72, 41, 70, 59, 84, 73, 37, 69,  9, 42, 88, 78, 33, 65, 47,  1, 87, 32,  7,  5, 94, 80, 24, 14, 18,  2, 48,  6, 10, 66, 85, 22, 56, 96, 67, 51, 50, 76,  3, 12, 53, 36, 71, 29, 95, 57, 54, 11, 26, 46, 23, 83, 30, 91, 28, 79, 21, 15, 75, 40, 34, 49,  4, 35, 82, 89, 63, 77, 90, 31, 45, 61, 52, 58], 1839.79533709, 1848.93173194, 0.,   0.        , 0.        ,  0.        , 15, 35, 32.5)
 (37, [21, 23, 28, 24, 63, 75, 74, 71, 64, 60, 37, 59, 43, 85, 93, 15, 33, 10, 38, 52, 36, 58, 72,  4,  1, 95, 49, 32, 41, 29, 44, 70, 22, 81, 62, 23, 86,  2, 21, 82, 56, 14, 39, 69, 67, 42, 13, 87, 92, 83, 53, 45,  9, 28,  7, 55, 94, 68, 26, 54,  8, 31, 66, 24, 16, 50, 84,  3, 57, 27,  6, 88, 25, 30,  5, 19, 12, 48, 76, 18, 80, 73, 65, 35, 78, 47, 34, 96, 51, 90, 77, 11, 46, 40, 89, 79, 20, 91, 17, 61], 1839.79533709, 1848.93173194, 0.,   0.        , 0.        ,  0.        , 10, 33, 26.5)
 (38, [22, 24, 24, 26, 26, 10, 32, 70, 47, 63, 43, 17, 89, 51, 62, 75, 22,  3, 40, 82,  4, 50,  1, 38, 74, 78, 67, 86, 13, 88, 76, 25, 27, 48,  8, 20, 55, 91, 56, 59, 93, 60, 71, 80, 16,  7, 64, 72, 14, 92, 85, 53, 69, 37, 24, 58, 57,  2, 96, 79, 12, 54, 36, 49, 52, 77, 65, 46, 18, 90,  6, 28, 73, 44, 39, 23, 84, 41, 45,  5, 33, 11, 66, 21, 95, 61, 68, 83, 34, 35, 81,  9, 94, 42, 30, 19, 15, 29, 87, 31], 1839.79533709, 1848.93173194, 0.,   0.        , 0.        ,  0.        , 12, 40, 32. )
 (43, [24, 24, 26, 22, 74, 27, 41, 12, 13,  5, 11, 29, 93, 70, 17, 45, 18, 90, 78, 91, 53, 16, 73, 37, 30, 84,  6, 47, 42, 10, 86, 65, 33, 34, 71,  1, 39, 61, 48, 60, 52, 25, 87, 44, 68, 46,  9, 28, 21, 85, 95, 38, 96, 49, 23, 56, 40, 62,  3, 72, 35, 14,  7, 54, 66, 69, 88, 50, 51, 92, 32, 58, 24, 20, 26, 89, 76, 83, 15,  8, 94, 67, 75, 36, 22, 57, 59, 79, 82, 55, 81, 64, 80, 63,  2, 43, 31, 19, 77,  4], 1839.79533709, 1848.93173194, 0.,   0.        , 0.        ,  0.        , 13, 37, 31.5)
 (46, [23, 25, 24, 24, 46, 69, 31, 19, 77, 14, 35, 30, 17, 42, 70, 66, 48, 75, 84,  3, 83, 93, 53, 13, 89, 96, 57, 55, 58, 37, 49, 64, 76, 15, 38, 50, 12, 59, 23, 94, 36, 68, 78, 10, 21, 40,  8, 20, 73, 27, 34,  5, 72, 80, 18, 86, 79, 92, 95, 44, 85, 81,  2, 11, 60, 82, 51, 54, 88, 90, 39, 61, 63, 62, 47, 87, 45, 67, 32,  1, 25, 16,  9, 24, 65, 71, 74, 28, 43, 26, 41, 91,  6, 56,  7,  4, 52, 29, 22, 33], 1839.79533709, 1848.93173194, 0.,   0.        , 0.        ,  0.        , 15, 35, 32.5)
 (47, [24, 26, 24, 22,  9, 91, 74,  2, 92, 15, 90, 96, 37, 12, 73, 93, 64, 10, 47, 66, 40, 45, 27, 46, 53, 48, 19, 24, 28, 39, 20, 32, 30, 82, 61, 21, 85, 33, 44, 76, 60,  6, 58, 38, 88, 11,  5, 22, 67, 18, 70, 51, 59, 54,  4, 56,  1, 52, 50, 26, 79, 36, 41, 71, 42, 14, 29, 84, 16, 69, 77, 78, 35, 86, 23, 34, 95, 25, 89, 17,  7, 63,  8, 87, 57, 55, 75, 62, 83, 43, 13, 31, 81, 80, 65, 94, 72, 68,  3, 49], 1839.79533709, 1848.93173194, 0.,   0.        , 0.        ,  0.        , 16, 34, 33. )
 (18, [31, 12, 22, 31, 81, 19, 93, 92, 38, 68, 27, 74, 62, 55, 20, 39, 16, 64, 17, 44, 86, 43,  8, 13, 25, 60, 72, 41, 70, 59, 84, 73, 37, 69,  9, 42, 88, 78, 33, 65, 47,  1, 87, 32,  7,  5, 94, 80, 24, 14, 18,  2, 48,  6, 10, 66, 85, 22, 56, 96, 67, 51, 50, 76,  3, 12, 53, 36, 71, 29, 95, 57, 54, 11, 26, 46, 23, 83, 30, 91, 28, 79, 21, 15, 75, 40, 34, 49,  4, 35, 82, 89, 63, 77, 90, 31, 45, 61, 52, 58], 1839.79533709, 1848.93173194, 0.,   0.        , 0.        ,  0.        ,  4, 30, 19. )
 (18, [31, 12, 22, 31, 81, 19, 93, 92, 38, 68, 27, 74, 62, 55, 20, 39, 16, 64, 17, 44, 86, 43,  8, 13, 25, 60, 72, 41, 70, 59, 84, 73, 37, 69,  9, 42, 88, 78, 33, 65, 47,  1, 87, 32,  7,  5, 94, 80, 24, 14, 18,  2, 48,  6, 10, 66, 85, 22, 56, 96, 67, 51, 50, 76,  3, 12, 53, 36, 71, 29, 95, 57, 54, 11, 26, 46, 23, 83, 30, 91, 28, 79, 21, 15, 75, 40, 34, 49,  4, 35, 82, 89, 63, 77, 90, 31, 45, 61, 52, 58], 1839.79533709, 1848.93173194, 0.,   0.        , 0.        ,  0.        ,  1, 31, 16.5)
 (49, [24, 21, 29, 22,  7, 22, 73, 92, 14, 50, 72, 33, 46, 85, 60, 17,  4, 80,  1,  3,  6, 10, 43, 49, 55, 86, 93, 66, 57, 96, 45, 88, 29, 58, 13, 48, 53, 61, 37, 89, 95, 20, 79, 77, 52, 15, 12, 38, 32, 26, 31, 21, 11,  2, 24, 25, 51, 18, 83, 71, 78, 56, 30, 75,  8, 36, 63, 34, 44, 16, 82, 87, 59, 35, 76, 39, 23, 74, 90, 91, 19, 94, 54, 42, 41, 40, 84, 62, 28, 67,  9, 81, 69, 47, 68, 27, 64, 70,  5, 65], 1839.79533709, 1848.93173194, 0.,   0.        , 0.        ,  0.        ,  1, 31, 16.5)
 (18, [31, 12, 22, 31, 81, 19, 93, 92, 38, 68, 27, 74, 62, 55, 20, 39, 16, 64, 17, 44, 86, 43,  8, 13, 25, 60, 72, 41, 70, 59, 84, 73, 37, 69,  9, 42, 88, 78, 33, 65, 47,  1, 87, 32,  7,  5, 94, 80, 24, 14, 18,  2, 48,  6, 10, 66, 85, 22, 56, 96, 67, 51, 50, 76,  3, 12, 53, 36, 71, 29, 95, 57, 54, 11, 26, 46, 23, 83, 30, 91, 28, 79, 21, 15, 75, 40, 34, 49,  4, 35, 82, 89, 63, 77, 90, 31, 45, 61, 52, 58], 1839.79533709, 1848.93173194, 0.,   0.        , 0.        ,  0.        , 14, 26, 27. )
 (18, [31, 12, 22, 31, 81, 19, 93, 92, 38, 68, 27, 74, 62, 55, 20, 39, 16, 64, 17, 44, 86, 43,  8, 13, 25, 60, 72, 41, 70, 59, 84, 73, 37, 69,  9, 42, 88, 78, 33, 65, 47,  1, 87, 32,  7,  5, 94, 80, 24, 14, 18,  2, 48,  6, 10, 66, 85, 22, 56, 96, 67, 51, 50, 76,  3, 12, 53, 36, 71, 29, 95, 57, 54, 11, 26, 46, 23, 83, 30, 91, 28, 79, 21, 15, 75, 40, 34, 49,  4, 35, 82, 89, 63, 77, 90, 31, 45, 61, 52, 58], 1839.79533709, 1848.93173194, 0.,   0.        , 0.        ,  0.        ,  3, 47, 26.5)
 (18, [31, 12, 22, 31, 81, 19, 93, 92, 38, 68, 27, 74, 62, 55, 20, 39, 16, 64, 17, 44, 86, 43,  8, 13, 25, 60, 72, 41, 70, 59, 84, 73, 37, 69,  9, 42, 88, 78, 33, 65, 47,  1, 87, 32,  7,  5, 94, 80, 24, 14, 18,  2, 48,  6, 10, 66, 85, 22, 56, 96, 67, 51, 50, 76,  3, 12, 53, 36, 71, 29, 95, 57, 54, 58, 11, 26, 46, 23, 83, 30, 91, 28, 79, 21, 15, 75, 40, 34, 49,  4, 35, 82, 89, 63, 77, 90, 31, 45, 61, 52], 1840.25579019, 1849.39218504, 0.,   0.        , 0.        ,  2.        , 18, 17, 26.5)
 (45, [22, 22, 28, 24, 73, 18, 75, 78, 16, 46, 43, 86,  4, 52, 61, 25, 44, 36, 85, 41, 34, 87, 11, 38,  6, 64, 80, 92, 68, 55, 70, 14, 74, 32, 60, 57, 59, 26, 63,  2, 30, 94, 84, 42, 71, 29, 33, 13, 82, 12, 79, 39, 53, 81, 83, 37, 50, 66, 23, 72, 69, 96,  8, 20, 21, 40, 48, 93, 65,  3, 58, 77,  1, 27, 31,  9, 15, 45, 54, 35, 49, 10, 91, 17,  7, 67, 24,  5, 88, 22, 62, 51, 56, 28, 95, 90, 19, 89, 76, 47], 1843.18344751, 1852.31984235, 0.,   0.        , 0.        ,  0.        , 22, 36, 40. )
 (41, [26, 25, 22, 23, 49, 91, 11, 72, 38, 76, 48, 77,  5, 57, 24, 20, 94, 75,  2,  7, 22, 67, 25, 37, 68,  1, 53, 52, 64, 62,  9, 33, 14, 69, 51, 82, 56, 46, 80, 92, 32, 19, 90, 84, 28, 15, 12, 83, 60, 81, 16, 70, 65, 96, 54, 23, 44, 17, 27, 58, 85, 40, 87, 61, 55, 71, 63, 35,  4, 43,  8, 95, 50, 34,  6,  3, 74, 13, 18, 88, 66, 42, 89, 36, 10, 31, 73, 45, 26, 41, 29, 93, 39, 21, 86, 47, 79, 78, 30, 59], 1843.18344751, 1852.31984235, 0.,   0.        , 0.        ,  0.        , 20, 38, 39. )
 (40, [22, 26, 23, 25,  1, 27, 37, 70, 74, 81, 40, 18, 11, 50, 23, 26, 21, 54, 53, 13, 84,  8, 64,  9, 42, 33, 17, 96, 10, 61, 93, 56, 48, 88, 30,  6, 35, 60,  4, 76, 52, 95, 43, 34, 85, 12, 63, 22, 29, 86, 51, 45, 31, 69,  3, 44, 89, 71,  2, 92, 91, 24, 20, 83, 49, 90, 55, 57, 32, 19, 47, 68, 80, 72, 41, 77, 46, 75, 16, 87, 65, 66, 78, 38,  7, 36, 14, 94, 28, 15, 79, 25, 59, 82, 62, 39,  5, 73, 67, 58], 1843.18344751, 1852.31984235, 0.,   0.        , 0.        ,  0.        , 19, 39, 38.5)
 (18, [31, 12, 22, 31, 81, 19, 93, 92, 38, 68, 27, 74, 62, 55, 20, 39, 16, 64, 17, 44, 86, 43,  8, 13, 25, 60, 72, 41, 70, 59, 84, 73, 37, 69,  9, 42, 88, 78, 33, 65, 47,  1, 87, 32,  7,  5, 94, 80, 24, 14, 18,  2, 48,  6, 10, 66, 85, 22, 56, 96, 67, 51, 50, 76,  3, 12, 53, 36, 71, 29, 95, 57, 54, 58, 11, 21, 26, 46, 23, 83, 30, 91, 28, 79, 15, 75, 40, 34, 49,  4, 35, 82, 89, 63, 77, 90, 31, 45, 61, 52], 1843.18344751, 1852.31984235, 0.,   0.        , 0.        ,  0.        , 28, 29, 42.5)
 (18, [31, 12, 22, 31, 81, 19, 93, 92, 38, 68, 27, 74, 62, 55, 20, 39, 16, 64, 17, 44, 86, 43,  8, 13, 25, 60, 72, 41, 70, 59, 84, 73, 37, 69,  9, 42, 88, 78, 33, 65, 47,  1, 87, 32,  7,  5, 94, 80, 24, 14, 18,  2, 48,  6, 10, 66, 85, 22, 56, 96, 67, 51, 50, 76,  3, 12, 53, 36, 71, 54, 58, 29, 95, 57, 11, 26, 46, 23, 83, 30, 91, 28, 79, 21, 15, 75, 40, 34, 49,  4, 35, 82, 89, 63, 77, 90, 31, 45, 61, 52], 1849.50387181, 1858.64026666, 0.,   0.        , 0.        ,  3.66666667, 31, 13, 37.5)
 (18, [31, 12, 22, 31, 81, 19, 93, 92, 38, 68, 27, 74, 62, 55, 20, 39, 16, 64, 17, 44, 86, 43,  8, 13, 25, 60, 72, 41, 70, 59, 84, 73, 37, 69,  9, 42, 88, 78, 33, 65, 47,  1, 87, 32,  7,  5, 94, 80, 24, 14, 18,  2, 48,  6, 10, 66, 85, 22, 56, 96, 67, 51, 50, 76,  3, 12, 53, 36, 71, 29, 95, 57, 54, 11, 26, 46, 23, 83, 30, 91, 28, 79, 21, 15, 75, 40, 34, 49,  4, 35, 82, 89, 63, 77, 90, 31, 58, 45, 61, 52], 1858.72041468, 1867.85680953, 0.,   0.        , 0.        ,  1.33333333, 32, 21, 42.5)
 (18, [31, 12, 22, 31, 81, 19, 93, 92, 38, 68, 27, 74, 62, 55, 20, 39, 16, 64, 17, 44, 86, 43,  8, 13, 25, 60, 72, 41, 70, 59, 84, 73, 37, 69,  9, 42, 88, 78, 33, 65, 47,  1, 87, 32,  7,  5, 94, 80, 24, 14, 18,  2, 48,  6, 10, 66, 85, 22, 56, 96, 67, 51, 50, 76,  3, 12, 53, 71, 36, 29, 95, 57, 54, 58, 11, 21, 26, 46, 23, 83, 30, 91, 28, 79, 15, 75, 40, 34, 49,  4, 35, 82, 89, 63, 77, 90, 31, 45, 61, 52], 1862.08349294, 1846.95500002, 0.,  12.13244388, 0.        ,  3.        , 34, 15, 41.5)
 (18, [31, 12, 22, 31, 81, 19, 93, 92, 38, 68, 27, 74, 62, 55, 20, 39, 16, 64, 17, 44, 86, 43,  8, 13, 25, 60, 72, 41, 70, 59, 84, 73, 37, 69,  9, 42, 88, 78, 33, 65, 47,  1, 87, 32,  7,  5, 94, 80, 24, 14, 18,  2, 48,  6, 10, 66, 85, 22, 56, 96, 67, 51, 50, 76,  3, 12, 53, 36, 71, 29, 54, 58, 95, 57, 11, 21, 26, 46, 23, 83, 30, 91, 28, 79, 15, 75, 40, 34, 49,  4, 35, 82, 89, 63, 77, 90, 31, 45, 61, 52], 1863.61220712, 1872.74860197, 0.,   0.        , 0.        ,  3.        , 35, 16, 43. )
 (18, [31, 12, 22, 31, 81, 19, 93, 92, 38, 68, 27, 74, 62, 55, 20, 39, 16, 64, 17, 44, 86, 43,  8, 13, 25, 60, 72, 41, 70, 59, 84, 73, 37, 69,  9, 42, 88, 78, 33, 65, 47,  1, 87, 32,  7,  5, 94, 80, 18, 24, 14,  2, 48,  6, 10, 66, 85, 22, 56, 96, 67, 51, 50, 76,  3, 12, 53, 36, 71, 29, 95, 57, 54, 11, 26, 46, 23, 83, 30, 91, 28, 79, 21, 15, 75, 40, 34, 49,  4, 35, 82, 89, 63, 77, 90, 31, 58, 45, 61, 52], 1877.77835058, 1886.91474542, 0.,   0.        , 0.        ,  3.66666667, 36, 14, 43. )
 (44, [26, 24, 23, 23, 76, 12, 59, 25, 19, 39, 10,  5, 35, 27, 17, 54, 29, 57, 86, 34, 51, 85, 81, 48, 95,  9, 96,  3, 38, 43, 11, 13, 70, 61, 55, 82, 80, 73, 74, 37, 67, 72,  2, 69, 79, 88, 22, 65,  1, 92, 52, 32, 24, 53, 71, 94, 50, 21, 77, 75, 49, 44, 31, 93,  7, 28, 60, 18,  4, 33, 91, 84, 89, 90, 30, 45, 87, 68,  6, 23, 26, 14, 42, 66, 15, 40, 46, 16, 64, 78, 20, 58, 56, 63, 41, 62, 36, 83,  8, 47], 1880.29130259, 1889.42769743, 0.,   0.        , 0.        ,  2.        , 37, 18, 46. )
 (44, [26, 24, 23, 23, 76, 12, 59, 25, 19, 39, 10,  5, 35, 27, 17, 54, 29, 57, 86, 34, 51, 85, 81, 48, 95,  9, 96,  3, 38, 43, 11, 13, 70, 61, 55, 82, 80, 73, 74, 37, 67, 72,  2, 69, 79, 88, 22, 65,  1, 92, 52, 32, 24, 53, 71, 94, 50, 21, 77, 75, 49, 44, 31, 93,  7, 28, 60, 18,  4, 33, 91, 84, 89, 90, 30, 45, 87, 68,  6, 23, 26, 14, 42, 66, 15, 40, 46, 16, 64, 78, 20, 58, 56, 63, 41, 62, 36, 83,  8, 47], 1880.29130259, 1889.42769743, 0.,   0.        , 0.        ,  2.        , 37, 18, 46. )
 (18, [31, 12, 22, 31, 81, 19, 93, 92, 38, 68, 27, 74, 62, 55, 20, 39, 16, 64, 17, 44, 86, 43,  8, 13, 25, 60, 72, 41, 70, 59, 84, 73, 37, 69,  9, 42, 88, 78, 33, 65, 47,  1, 87, 32,  7,  5, 94, 80, 14, 18, 24,  2, 48,  6, 10, 66, 85, 22, 56, 96, 67, 51, 50, 76,  3, 12, 53, 36, 71, 29, 95, 57, 54, 11, 26, 46, 23, 83, 30, 91, 28, 79, 21, 58, 15, 75, 40, 34, 49,  4, 35, 82, 89, 63, 77, 90, 31, 45, 61, 52], 1893.89169246, 1893.94276273, 0.,   0.        , 3.72597528,  5.        , 38, 10, 43. )
 (42, [23, 23, 26, 24, 55, 34, 71,  5, 12, 70, 11, 48, 65, 87, 53, 80, 63, 90, 54, 23, 22, 91, 14, 49, 93, 84, 69, 38, 52,  2, 39, 76, 56, 25, 85, 35, 88, 58, 61, 79, 26, 44, 31, 13, 67, 86, 72,  4, 43, 51, 10, 45, 73, 40, 60, 66, 59, 64, 41,  7, 18, 75, 15, 57,  3, 16,  8, 30, 95, 68, 92, 36, 33,  9, 89,  6, 37, 78, 77, 32,  1, 29, 24, 83, 74, 27, 28, 96, 94, 46, 19, 81, 20, 21, 47, 82, 50, 42, 17, 62], 1918.51727052, 1916.67692185, 0.,   5.48837176, 0.        ,  9.        , 39,  5, 41.5)
 (42, [23, 23, 26, 24, 55, 34, 71,  5, 12, 70, 11, 48, 65, 87, 53, 80, 63, 90, 54, 23, 22, 91, 14, 49, 93, 84, 69, 38, 52,  2, 39, 76, 56, 25, 85, 35, 88, 58, 61, 79, 26, 44, 31, 13, 67, 86, 72,  4, 43, 51, 10, 45, 73, 40, 60, 66, 59, 64, 41,  7, 18, 75, 15, 57,  3, 16,  8, 30, 95, 68, 92, 36, 33,  9, 89,  6, 37, 78, 77, 32,  1, 29, 24, 83, 74, 27, 28, 96, 94, 46, 19, 81, 20, 21, 47, 82, 50, 42, 17, 62], 1918.51727052, 1916.67692185, 0.,   5.48837176, 0.        ,  9.        , 39,  5, 41.5)
 (18, [31, 12, 22, 31, 81, 19, 93, 92, 38, 68, 27, 74, 62, 55, 20, 39, 16, 64, 17, 44, 86, 43,  8, 13, 25, 60, 72, 41, 70, 59, 84, 73, 37, 69,  9, 42, 88, 78, 33, 65, 47,  1, 87, 32,  7,  5, 94, 80, 24, 14, 18,  2, 48,  6, 10, 66, 85, 22, 56, 96, 67, 51, 50, 76,  3, 12, 53, 36, 71, 29, 95, 57, 54, 11, 26, 46, 23, 83, 30, 91, 28, 79, 21, 15, 75, 40, 58, 34, 49,  4, 35, 82, 89, 63, 77, 90, 31, 45, 61, 52], 1924.48902845, 1933.6254233 , 0.,   0.        , 0.        ,  2.        , 40, 19, 49.5)
 (18, [31, 12, 22, 31, 81, 19, 93, 92, 38, 68, 27, 74, 62, 55, 20, 39, 16, 64, 17, 44, 86, 43,  8, 13, 25, 60, 72, 41, 70, 59, 84, 73, 37, 69,  9, 42, 88, 78, 33, 65, 47,  1, 87, 32,  7,  5, 94, 80, 18, 14, 24,  2, 48,  6, 10, 66, 85, 22, 56, 96, 67, 51, 50, 76,  3, 12, 53, 36, 71, 29, 95, 57, 54, 11, 26, 46, 23, 83, 30, 91, 28, 79, 21, 15, 75, 58, 40, 34, 49,  4, 35, 82, 89, 63, 77, 90, 31, 45, 61, 52], 1948.94172452, 1958.07811937, 0.,   0.        , 0.        ,  6.        , 41,  8, 45. )
 (18, [30, 13, 21, 32, 81, 19, 93, 92, 38, 68, 27, 74, 62, 55, 20, 39, 16, 64, 17, 44, 86, 43,  8, 13, 25, 60, 72, 41, 70, 59, 84, 73, 37, 69,  9, 42, 88,  1, 33, 65, 47, 78, 87, 32,  7,  5, 94, 80, 24, 14, 18,  2, 48,  6, 10, 66, 85, 22, 56, 96, 67, 51, 50, 76,  3, 12, 53, 36, 71, 29, 95, 57, 54, 11, 26, 46, 23, 83, 30, 91, 28, 79, 21, 15, 75, 40, 34, 49,  4, 35, 82, 89, 63, 77, 90, 31, 45, 61, 52, 58], 2021.14218008, 2021.14218008, 0.,   0.        , 0.        ,  8.        , 42,  6, 45. )
 (36, [22, 23, 26, 25, 48, 70, 67, 68, 42, 30, 33, 58, 10, 38, 27,  9,  4, 62, 91, 77, 47, 52, 63, 36, 56, 28, 59, 64, 35, 54, 60, 46, 12, 11, 51,  1, 83,  5, 41, 53, 49, 40, 82, 17, 75, 55, 19,  6, 39,  3, 44, 95, 78, 94, 61, 37, 96, 25, 92, 45,  7, 16, 93,  2, 74, 21, 80, 18, 72, 86, 81, 43, 90, 79, 50, 24, 57, 20, 73, 71, 69, 23, 34, 29, 88, 14, 13, 76, 26, 22, 87, 89,  8, 65, 31, 32, 15, 84, 85, 66], 2023.83206909, 2032.96846394, 0.,   0.        , 0.        ,  5.        , 43, 11, 48.5)
 (36, [22, 23, 26, 25, 48, 70, 67, 68, 42, 30, 33, 58, 10, 38, 27,  9,  4, 62, 91, 77, 47, 52, 63, 36, 56, 28, 59, 64, 35, 54, 60, 46, 12, 11, 51,  1, 83,  5, 41, 53, 49, 40, 82, 17, 75, 55, 19,  6, 39,  3, 44, 95, 78, 94, 61, 37, 96, 25, 92, 45,  7, 16, 93,  2, 74, 21, 80, 18, 72, 86, 81, 43, 90, 79, 50, 24, 57, 20, 73, 71, 69, 23, 34, 29, 88, 14, 13, 76, 26, 22, 87, 89,  8, 65, 31, 32, 15, 84, 85, 66], 2023.83206909, 2032.96846394, 0.,   0.        , 0.        ,  5.        , 43, 11, 48.5)
 (18, [31, 12, 22, 31, 81, 19, 93, 92, 38, 68, 27, 74, 62, 55, 20, 39, 16, 64, 17, 44, 86, 43,  8, 13, 25, 60, 72, 41, 70, 59, 84, 73, 37, 69,  9, 42, 88, 78, 33, 65, 47,  1, 87, 32,  7,  5, 94, 80, 24, 14, 18,  2, 48,  6, 10, 66, 85, 23, 56, 96, 67, 51, 50, 76,  3, 12, 53, 36, 71, 29, 95, 57, 54, 11, 26, 46, 22, 83, 30, 91, 28, 79, 21, 15, 75, 58, 40, 34, 49,  4, 35, 82, 89, 63, 77, 90, 31, 45, 61, 52], 2024.68763331, 2033.82402816, 0.,   0.        , 0.        ,  6.        , 44,  7, 47.5)
 (18, [32, 12, 23, 29, 81, 19, 93, 92, 38, 68, 27, 74, 62, 55, 20, 39, 16, 64, 17, 44, 86, 43,  8, 13, 25, 60, 72, 41, 70, 59, 84, 73, 37, 69,  9, 42, 88, 78, 33, 65, 47,  1, 87, 32,  7,  5, 94, 80, 24, 14, 18,  2, 48,  6, 10, 66, 85, 22, 56, 96, 67, 51, 50, 76,  3, 12, 53, 36, 71, 29, 95, 57, 54, 11, 26, 46, 23, 83, 30, 91, 28, 79, 21, 15, 75, 40, 34, 49,  4, 35, 82, 89, 63, 77, 90, 31, 45, 61, 52, 58], 2062.79189135, 2071.9282862 , 0.,   0.        , 0.        ,  4.        , 45, 12, 51. )
 (48, [22, 24, 27, 23, 57, 82, 29,  4, 87, 60, 73, 13, 93, 44, 38, 88, 66, 47, 26, 78, 84, 16, 74, 56, 33, 15, 68, 95, 80, 41, 30,  6, 36, 14, 37, 70, 65, 31,  8, 77,  1,  9, 59, 25, 53, 76, 45, 92, 71, 42, 69, 58, 83, 86, 49, 96, 63, 17, 81, 40, 75, 34, 10, 55, 67, 32, 72, 48, 39, 91,  7, 35, 89, 51, 46, 24, 94, 18,  3, 79, 22, 50, 62, 21,  2,  5, 23, 43, 11, 61, 52, 85, 54, 20, 90, 19, 64, 27, 12, 28], 2069.16313451, 2069.16313451, 0.,   0.        , 0.        , 35.        , 49,  2, 50. )
 (18, [31, 12, 22, 31, 81, 19, 93, 92, 38, 68, 31, 74, 62, 55, 20, 39, 16, 64, 17, 44, 86, 43,  8, 13, 25, 60, 72, 41, 70, 59, 84, 73, 37, 69,  9, 42, 88, 78, 33, 65, 47,  1, 87, 32,  7,  5, 94, 80, 24, 14, 18,  2, 48,  6, 10, 66, 85, 22, 56, 96, 67, 51, 50, 76,  3, 12, 53, 36, 71, 29, 95, 57, 54, 58, 11, 26, 46, 23, 83, 30, 91, 28, 79, 21, 15, 75, 40, 34, 49,  4, 35, 82, 89, 63, 77, 90, 27, 45, 61, 52], 2133.083961  , 2142.22035585, 0.,   0.        , 0.        ,  5.33333333, 46,  9, 50.5)
 (18, [33, 11, 23, 29, 81, 19, 93, 21, 38, 68, 27, 74, 62, 55, 20, 39, 16, 64, 17, 44, 86, 43,  8, 13, 25, 60, 72, 41, 70, 59, 84, 73, 37, 69,  9, 42, 88, 78, 33, 65, 47,  1, 87, 32,  7,  5, 94, 80, 24, 14, 18,  2, 48,  6, 10, 66, 85, 22, 56, 96, 67, 51, 50, 76,  3, 12, 53, 36, 71, 29, 95, 57, 54, 58, 11, 92, 26, 46, 23, 83, 30, 91, 28, 79, 15, 75, 40, 34, 49,  4, 35, 82, 89, 63, 77, 90, 31, 45, 61, 52], 2341.56075855, 2400.97270503, 0.,   0.        , 0.        ,  9.66666667, 47,  4, 49. )
 (35, [23, 27, 22, 24, 79, 13, 65, 46, 33, 47, 14, 41, 10, 68, 82, 44,  2, 86,  6, 73, 75, 32, 80, 71,  9, 78, 38, 64, 76, 37,  4, 49, 63, 59, 90, 77, 12, 15, 87, 27, 88, 57,  8, 62, 18, 17, 30, 84, 52, 50, 51, 22, 26, 20, 70, 48, 83, 55, 28, 69, 35, 36, 89, 72,  3, 45, 85, 67, 29, 34, 21, 23, 92, 93, 43, 60,  1, 11, 19, 54, 25, 95, 66, 16, 74, 94,  5, 58, 39, 42, 96, 24,  7, 53, 61, 81, 31, 91, 40, 56], 2385.7070392 , 2385.03855955, 0.,  11.81453626, 0.        , 28.33333333, 48,  3, 49.5)
 (35, [23, 27, 22, 24, 79, 13, 65, 46, 33, 47, 14, 41, 10, 68, 82, 44,  2, 86,  6, 73, 75, 32, 80, 71,  9, 78, 38, 64, 76, 37,  4, 49, 63, 59, 90, 77, 12, 15, 87, 27, 88, 57,  8, 62, 18, 17, 30, 84, 52, 50, 51, 22, 26, 20, 70, 48, 83, 55, 28, 69, 35, 36, 89, 72,  3, 45, 85, 67, 29, 34, 21, 23, 92, 93, 43, 60,  1, 11, 19, 54, 25, 95, 66, 16, 74, 94,  5, 58, 39, 42, 96, 24,  7, 53, 61, 81, 31, 91, 40, 56], 2385.7070392 , 2385.03855955, 0.,  11.81453626, 0.        , 28.33333333, 48,  3, 49.5)
 (39, [25, 22, 28, 21, 38, 70, 44, 40, 29, 23, 51,  2, 25, 83, 92, 33, 22, 21, 68,  8, 63, 52, 64, 10, 43, 15, 62,  1, 13, 54, 82, 84, 11, 45,  5, 32, 96, 49, 42, 57, 18, 36,  6, 72,  3,  9, 87, 78,  4, 73, 47, 53, 91, 46, 60, 80, 48, 59, 28, 16, 34, 31, 26, 58, 88, 89, 39, 19, 81, 85, 69, 90, 55, 86, 61, 37, 71, 74, 77, 79, 76, 66, 95, 24, 35, 20, 41, 93, 50, 30, 12, 75, 94, 56, 14, 65, 17, 67, 27,  7], 4328.90457569, 5183.60937842, 0., 154.05108551, 9.57211294, 78.        , 50,  1, 50.5)
 (39, [25, 22, 28, 21, 38, 70, 44, 40, 29, 23, 51,  2, 25, 83, 92, 33, 22, 21, 68,  8, 63, 52, 64, 10, 43, 15, 62,  1, 13, 54, 82, 84, 11, 45,  5, 32, 96, 49, 42, 57, 18, 36,  6, 72,  3,  9, 87, 78,  4, 73, 47, 53, 91, 46, 60, 80, 48, 59, 28, 16, 34, 31, 26, 58, 88, 89, 39, 19, 81, 85, 69, 90, 55, 86, 61, 37, 71, 74, 77, 79, 76, 66, 95, 24, 35, 20, 41, 93, 50, 30, 12, 75, 94, 56, 14, 65, 17, 67, 27,  7], 4328.90457569, 5183.60937842, 0., 154.05108551, 9.57211294, 78.        , 50,  1, 50.5)]