
Total Runtime in seconds: 1060.8674700260162Parameters:
population_size: 50, max_generations: 30, executed generations: 29, threshold_no_improvement: 15
target feasible proportion: 12
fitness_scaling: power_rank, selection_method: n_tournaments
p_c: 0.6, p_m: 0.2, NOT YET p_education: 0.0
tournament_size: 2, n_elite: 8
survivor_selection_step: 10, p_selection_survival: 0.7
kill clone step: 5
diversify_step: 20, diversify_step: 20, p_diversify_survival: 0.3
n_closest_neighbors: 3, diversity_weight: 0.5, distance_method: broken_pairs_distance
capacity_penalty_factor: 2.3164561507987655, duration_penalty_factor 2.3164561507987655, time_window_penalty: 2
Best fitness all generations, best individual before/after local search: 1799.2276476118823, 1799.2276476118823 / 1799.2276476118823
Best individual found before local search: (15, [31, 12, 22, 31, 81, 19, 93, 92, 38, 68, 27, 74, 62, 55, 20, 39, 16, 64, 17, 44, 86, 43,  8, 13, 60, 25, 70, 41, 59, 84, 73, 37, 69,  9, 72, 33, 65, 87, 32, 47,  1, 42, 88, 78,  7,  5, 94,  2, 80, 48,  6, 10, 24, 14, 18, 96, 67, 51, 50, 76,  3, 12, 53, 36, 71, 66, 85, 22, 56, 57, 95, 29, 54, 58, 11, 21, 15, 75, 40, 34, 49, 82, 35, 89, 63, 77, 90,  4, 31, 61, 52, 79, 45, 26, 46, 23, 83, 30, 91, 28], 1799.22764761, 1799.22764761, 0., 0., 0., 0., 1, 50, 26.)
Best individual found after local search: (15, [31, 12, 22, 31, 81, 19, 93, 92, 38, 68, 27, 74, 62, 55, 20, 39, 16, 64, 17, 44, 86, 43,  8, 13, 60, 25, 70, 41, 59, 84, 73, 37, 69,  9, 72, 33, 65, 87, 32, 47,  1, 42, 88, 78,  7,  5, 94,  2, 80, 48,  6, 10, 24, 14, 18, 96, 67, 51, 50, 76,  3, 12, 53, 36, 71, 66, 85, 22, 56, 57, 95, 29, 54, 58, 11, 21, 15, 75, 40, 34, 49, 82, 35, 89, 63, 77, 90,  4, 31, 61, 52, 79, 45, 26, 46, 23, 83, 30, 91, 28], 1799.22764761, 1799.22764761, 0., 0., 0., 0., 1, 50, 26.)
Best feasible individual found: (15, [31, 12, 22, 31, 81, 19, 93, 92, 38, 68, 27, 74, 62, 55, 20, 39, 16, 64, 17, 44, 86, 43,  8, 13, 60, 25, 70, 41, 59, 84, 73, 37, 69,  9, 72, 42, 65, 87, 32, 47,  1, 33, 88, 78,  7,  5, 94,  2, 80, 48,  6, 10, 24, 14, 18, 96, 67, 51, 50, 76,  3, 12, 53, 36, 71, 66, 85, 22, 56, 57, 95, 29, 54, 58, 11, 21, 15, 75, 40, 34, 49, 82, 35, 89, 63, 77, 90,  4, 31, 61, 52, 79, 45, 26, 46, 23, 83, 30, 91, 28], 1800.49194228, 1800.49194228, 0., 0., 0., 0., 1, 50, 26.)

Fitness stats min: [1939.7614726  1873.79538088 1835.40324293 1827.52267532 1827.52267532
 1827.52267532 1827.52267532 1827.52267532 1827.1367968  1816.99643217
 1809.85577339 1809.85577339 1809.85577339 1801.23185112 1801.23185112
 1801.23185112 1801.23185112 1800.49194228 1800.49194228 1800.49194228
 1800.49194228 1800.49194228 1800.49194228 1800.49194228 1800.49194228
 1800.49194228 1800.49194228 1800.49194228 1800.49194228 1799.22764761] 

Fitness stats feasible min: [1939.7614726  1873.79538088 1835.40324293 1827.52267532 1827.52267532
 1827.52267532 1827.52267532 1827.52267532 1827.1367968  1816.99643217
 1809.85577339 1809.85577339 1809.85577339 1801.23185112 1801.23185112
 1801.23185112 1801.23185112 1800.49194228 1800.49194228 1800.49194228
 1800.49194228 1800.49194228 1800.49194228 1800.49194228 1800.49194228
 1800.49194228 1800.49194228 1800.49194228 1800.49194228 1799.22764761] 

Fitness stats avg: [2857.57959203 2828.73078129 2547.03129402 2280.84071315 2157.14793637
 2187.95694046 2044.4428287  2001.75013066 1959.57303033 1899.18569125
 4114.07619318 2803.70778823 2101.66636613 1924.58755168 1922.87705263
 4227.21692112 2480.19850961 2035.67479107 1909.15557233 1981.10644602
 3159.41208828 2014.81969058 1886.48925662 1972.7182358  1910.84874682
 5096.20510293 3145.29106067 2285.28677932 2089.4560208  1999.25021545] 

Feasible stats: [( 0., 50.) ( 0., 50.) (25., 25.) (25., 25.) (35., 15.) (35., 15.)
 (35., 15.) (35., 15.) (38., 12.) (38., 12.) (46.,  4.) (46.,  4.)
 (30., 20.) (30., 20.) (45.,  5.) (45.,  5.) (24., 26.) (24., 26.)
 (42.,  8.) (42.,  8.) (45.,  5.) (45.,  5.) (45.,  5.) (45.,  5.)
 (45.,  5.) (45.,  5.) (15., 35.) (15., 35.) (34., 16.) (34., 16.)] 
Solution Description: 
p: [  0.           6.37877888  41.15060755  72.96509812  90.40245518
 106.08412631 130.66348101 180.79949657 181.37429471 207.83488896
 240.06341124 260.98325738 369.48501498 370.7865055  373.71738055
 374.72630004 376.26565355 410.43498723 450.1784561  590.5448629
 603.54030742 635.40149566 636.71357093 659.99886994 668.9755642
 669.80486925 675.31215521 700.28719595 708.9633974  724.1827203
 728.4364724  740.24218518   0.          15.09773864  33.58376009
  42.20982858  42.36482427  46.96830703  49.68006724  73.84886101
  78.11966858  78.12590284 216.15595697 226.77469027 232.3181174
   0.          33.04402669  47.16510668  69.58322548 105.25785939
 106.59137443 122.74585048 126.09417239 127.77773628 136.67274365
 153.45090117 195.59037172 223.83734407 233.97245464 244.96820038
 245.05615957 270.68848391 271.4858284  282.08403881 306.28856103
 320.50923338 325.20256253 332.77601434   0.          30.8155834
  43.73567644  43.7381115   43.90446628  51.53673866  61.21425322
  74.68833358 115.66003639 193.14050497 211.70054535 250.8646261
 255.67844094 256.57758748 258.46086283 263.80496051 345.48692138
 351.28233243 351.30747144 366.5783549  368.50771428 376.29212804
 376.58055906 391.08307774 396.07583549 412.78352307 439.92398642
 462.60676059 491.70476608 491.8635722  491.8881488  493.8913307 ] 
pred: [ 0  0  0  0  0  0  0  0  0  8  8  8  8  8  8  8  8 16 16 16 16 20 20 20
 20 20 20 26 26 26 26 26  0  0  0  0  0  0  0  6  6  6  9  9  9  0  0  0
  0  0  0  0  0  0  8  8  8  8  8  8  8  8  8  8 18 18 18 18  0  0  0  0
  0  0  5  5  5  5  5  5  5  5  5 14 14 14 14 14 14 14 14 22 22 22 22 22
 22 22 22 22] 
distance [  0.           6.37877888  41.15060755  72.96509812  90.40245518
 106.08412631 130.66348101 180.79949657 181.37429471  26.46059425
  58.68911653  79.60896267 188.11072027 189.41221079 192.34308584
 193.35200533 194.89135884  34.16933368  73.91280255 214.27920935
 227.27465387  31.86118824  33.17326351  56.45856251  65.43525677
  66.26456182  71.77184779  24.97504074  33.65124219  48.87056509
  53.12431718  64.93002997   0.          15.09773864  33.58376009
  42.20982858  42.36482427  46.96830703  49.68006724  24.16879376
  28.43960134  28.44583559 138.03005413 148.64878743 154.19221456
   0.          33.04402669  47.16510668  69.58322548 105.25785939
 106.59137443 122.74585048 126.09417239 127.77773628   8.89500736
  25.67316489  67.81263544  96.05960779 106.19471836 117.1904641
 117.27842329 142.91074763 143.70809211 154.30630252  24.20452222
  38.42519457  43.11852372  50.69197553   0.          30.8155834
  43.73567644  43.7381115   43.90446628  51.53673866   9.67751456
  23.15159492  64.12329773 141.60376631 160.16380669 199.32788744
 204.14170228 205.04084881 206.92412417   5.34409768  87.02605855
  92.82146959  92.84660861 108.11749206 110.04685145 117.83126521
 118.11969623  14.50251868  19.49527643  36.20296401  63.34342736
  86.02620153 115.12420701 115.28301313 115.30758974 117.31077164]
load: [  0  13  29  48  71  83  89  98 103   9  12  30  37  58  81 100 123   8
  12  16  25  10  29  39  62  63  65   3  14  34  59  83   0  14  28  53
  75  84  88  13  31  43  21  34  36   0  12  32  42  62  83  99 104 106
  10  11  24  45  50  53  56  64  69  88   5  28  52  56   0  13  34  49
  69  87   7  31  51  64  65  76  98  99 119   4  17  21  26  41  65  81
 106  11  28  40  53  61  64  68  89  92] 
time: [  0.         106.         213.         231.37636996 243.66015359
 277.77092354 295.16084073 387.         465.11174498  95.
 126.37011091 206.         285.68982159 376.         386.73487495
 425.26938032 455.         110.         136.         224.76021669
 417.         137.         150.37097123 285.         314.82770847
 332.04596747 351.19896999 129.         152.39981091 182.95258396
 314.         349.58709769   0.         216.         241.31703655
 383.         444.         461.25199257 477.11541186 178.
 324.         350.09776622 257.         422.         493.75351166
   0.         125.         248.         267.05961308 336.
 375.38672649 402.         418.83844297 445.         124.
 153.76960324 175.99194442 216.         236.95530789 272.11160563
 282.23770107 318.89836181 375.         457.         222.
 242.66881288 378.         407.15348661   0.         169.
 186.61974315 210.87311616 229.54785008 424.         143.
 161.         187.62067589 244.039433   287.29970021 324.30362074
 439.         489.178036   500.5404654  158.         221.85226149
 264.02932451 291.84323353 382.         408.15780238 448.1126214
 457.3281927  129.         231.         314.         333.14864991
 359.6233031  432.         466.90323688 487.66647824 514.37979312] 
time warps: [0 0 0 0 0 0 0 0 0 0 0 0 0 0 0 0 0 0 0 0 0 0 0 0 0 0 0 0 0 0 0 0 0 0 0 0 0
 0 0 0 0 0 0 0 0 0 0 0 0 0 0 0 0 0 0 0 0 0 0 0 0 0 0 0 0 0 0 0 0 0 0 0 0 0
 0 0 0 0 0 0 0 0 0 0 0 0 0 0 0 0 0 0 0 0 0 0 0 0 0 0] 
duration: [  0.          10.37877888 132.74364087 165.55813144 205.9954885
 226.67715963 272.25651433 389.33058213 403.90538027  40.46059425
  80.68911653 187.69724258 305.19900019 340.50270834 366.43358339
 381.44250288 416.60273156  37.16933368  90.93886636 247.30527316
 406.2979109   39.86118824  58.17326351 204.21512973 222.19182399
 235.02112904 257.528415    43.97504074  73.65124219 108.87056509
 237.60058348 274.40629626   0.          31.09773864  53.58376009
 220.25411496 262.35960654 279.9630893  294.67484951  44.16879376
 187.29453655 192.3007708  153.03005413 314.11527113 330.65869826
   0.          34.04402669 166.26650547 207.68462428 286.32788078
 296.66139581 321.79506511 337.14338702 359.02249074  29.89500736
  47.67316489  98.81263544 148.25848433 180.39359489 192.38934064
 211.47729982 245.10962417 288.52888706 381.99465359  33.20452222
  69.42519457 197.90426289 215.4777147    0.          39.8155834
  71.73567644  84.7381115   89.90446628 300.43181441  14.67751456
  40.387413    94.35911581 182.83958439 206.39962477 253.56370552
 372.24352996 379.1426765  391.02595185  28.34409768 129.02605855
 159.82146959 175.84660861 270.41386858 296.34322797 308.12764172
 331.41607275  24.50251868 139.65402328 208.17543252 247.31589587
 287.99867004 378.46364691 383.62245303 396.64702964 410.65021153]

All individuals: [(15, [31, 12, 22, 31, 81, 19, 93, 92, 38, 68, 27, 74, 62, 55, 20, 39, 16, 64, 17, 44, 86, 43,  8, 13, 60, 25, 70, 41, 59, 84, 73, 37, 69,  9, 72, 42, 65, 87, 32, 47,  1, 33, 88, 78,  7,  5, 94,  2, 80, 48,  6, 10, 24, 14, 18, 96, 67, 51, 50, 76,  3, 12, 53, 36, 71, 66, 85, 22, 56, 57, 95, 29, 54, 58, 11, 21, 15, 75, 40, 34, 49, 82, 35, 89, 63, 77, 90,  4, 31, 61, 52, 79, 45, 26, 46, 23, 83, 30, 91, 28], 1800.49194228, 1800.49194228, 0.,   0.        , 0.       ,  0.        ,  1, 50, 26. )
 (15, [31, 12, 22, 31, 81, 19, 93, 92, 38, 68, 27, 74, 62, 55, 20, 39, 16, 64, 17, 44, 86, 43,  8, 13, 60, 25, 70, 41, 59, 84, 73, 37, 69,  9, 72, 42, 65, 87, 32, 47,  1, 33, 88, 78,  7,  5, 94,  2, 80, 48,  6, 10, 24, 14, 18, 96, 67, 51, 50, 76,  3, 12, 53, 36, 71, 66, 85, 22, 56, 57, 95, 29, 54, 58, 11, 21, 15, 75, 40, 34, 49, 82, 35, 89, 63, 77, 90,  4, 31, 61, 52, 79, 45, 26, 46, 23, 83, 30, 91, 28], 1800.49194228, 1800.49194228, 0.,   0.        , 0.       ,  0.        ,  4, 47, 27.5)
 (15, [31, 12, 22, 31, 81, 19, 93, 92, 38, 68, 27, 74, 62, 55, 20, 39, 16, 64, 17, 44, 86, 43,  8, 13, 60, 25, 70, 41, 59, 84, 73, 37, 69,  9, 72, 42, 65, 87, 32, 47,  1, 33, 88, 78,  7,  5, 94,  2, 80, 48,  6, 10, 24, 14, 18, 96, 67, 51, 50, 76,  3, 12, 53, 36, 71, 66, 85, 22, 56, 57, 95, 29, 54, 58, 11, 21, 15, 75, 40, 34, 49, 82, 35, 89, 63, 77, 90,  4, 31, 61, 52, 79, 45, 26, 46, 23, 83, 30, 91, 28], 1800.49194228, 1800.49194228, 0.,   0.        , 0.       ,  0.        ,  5, 46, 28. )
 (15, [31, 12, 22, 31, 81, 19, 93, 92, 38, 68, 27, 74, 62, 55, 20, 39, 16, 64, 17, 44, 86, 43,  8, 13, 60, 25, 70, 41, 59, 84, 73, 37, 69,  9, 72, 42, 65, 87, 32, 47,  1, 33, 88, 78,  7,  5, 94,  2, 80, 48,  6, 10, 24, 14, 18, 96, 67, 51, 50, 76,  3, 12, 53, 36, 71, 66, 85, 22, 56, 57, 95, 29, 54, 58, 11, 21, 15, 75, 40, 34, 49, 82, 35, 89, 63, 77, 90,  4, 31, 61, 52, 79, 45, 26, 46, 23, 83, 30, 91, 28], 1800.49194228, 1800.49194228, 0.,   0.        , 0.       ,  0.        ,  6, 45, 28.5)
 (15, [31, 12, 22, 31, 81, 19, 93, 92, 38, 68, 27, 74, 62, 55, 20, 39, 16, 64, 17, 44, 86, 43,  8, 13, 60, 25, 70, 41, 59, 84, 73, 37, 69,  9, 72, 42, 65, 87, 32, 47,  1, 33, 88, 78,  7,  5, 94,  2, 80, 48,  6, 10, 24, 14, 18, 96, 67, 51, 50, 76,  3, 12, 53, 36, 71, 66, 85, 22, 56, 57, 95, 29, 54, 58, 11, 21, 15, 75, 40, 34, 49, 82, 35, 89, 63, 77, 90,  4, 31, 61, 52, 79, 45, 26, 46, 23, 83, 30, 91, 28], 1800.49194228, 1800.49194228, 0.,   0.        , 0.       ,  0.        ,  7, 44, 29. )
 (15, [31, 12, 22, 31, 81, 19, 93, 92, 38, 68, 27, 74, 62, 55, 20, 39, 16, 64, 17, 44, 86, 43,  8, 13, 60, 25, 70, 41, 59, 84, 73, 37, 69,  9, 72, 42, 65, 87, 32, 47,  1, 33, 88, 78,  7,  5, 94,  2, 80, 48,  6, 10, 24, 14, 18, 96, 67, 51, 50, 76,  3, 12, 53, 36, 71, 66, 85, 22, 56, 57, 95, 29, 54, 58, 11, 21, 15, 75, 40, 34, 49, 82, 35, 89, 63, 77, 90,  4, 31, 61, 52, 79, 45, 26, 46, 23, 83, 30, 91, 28], 1800.49194228, 1800.49194228, 0.,   0.        , 0.       ,  0.        ,  8, 43, 29.5)
 (15, [31, 12, 22, 31, 81, 19, 93, 92, 38, 68, 27, 74, 62, 55, 20, 39, 16, 64, 17, 44, 86, 43,  8, 13, 60, 25, 70, 41, 59, 84, 73, 37, 69,  9, 72, 42, 65, 87, 32, 47,  1, 33, 88, 78,  7,  5, 94,  2, 80, 48,  6, 10, 24, 14, 18, 96, 67, 51, 50, 76,  3, 12, 53, 36, 71, 66, 85, 22, 56, 57, 95, 29, 54, 58, 11, 21, 15, 75, 40, 34, 49, 82, 35, 89, 63, 77, 90,  4, 31, 61, 52, 79, 45, 26, 46, 23, 83, 30, 91, 28], 1800.49194228, 1800.49194228, 0.,   0.        , 0.       ,  0.        ,  9, 42, 30. )
 (15, [31, 12, 22, 31, 81, 19, 93, 92, 38, 68, 27, 74, 62, 55, 20, 39, 16, 64, 17, 44, 86, 43,  8, 13, 60, 25, 70, 41, 59, 84, 73, 37, 69,  9, 72, 42, 65, 87, 32, 47,  1, 33, 88, 78,  7,  5, 94,  2, 80, 48,  6, 10, 24, 14, 18, 96, 67, 51, 50, 76,  3, 12, 53, 36, 71, 66, 85, 22, 56, 57, 95, 29, 54, 58, 11, 21, 15, 75, 40, 34, 49, 82, 35, 89, 63, 77, 90,  4, 31, 61, 52, 79, 45, 26, 46, 23, 83, 30, 91, 28], 1800.49194228, 1800.49194228, 0.,   0.        , 0.       ,  0.        , 10, 41, 30.5)
 (15, [31, 12, 22, 31, 81, 19, 93, 92, 38, 68, 27, 74, 62, 55, 20, 39, 16, 64, 17, 44, 86, 43,  8, 13, 60, 25, 70, 41, 59, 84, 73, 37, 69,  9, 72, 42, 65, 87, 32, 47,  1, 33, 88, 78,  7,  5, 94,  2, 80, 48,  6, 10, 24, 14, 18, 96, 67, 51, 50, 76,  3, 12, 53, 36, 71, 66, 85, 22, 56, 57, 95, 29, 54, 58, 11, 21, 15, 75, 40, 34, 49, 82, 35, 89, 63, 77, 90,  4, 31, 61, 52, 79, 45, 26, 46, 23, 83, 30, 91, 28], 1800.49194228, 1800.49194228, 0.,   0.        , 0.       ,  0.        ,  3, 48, 27. )
 (15, [31, 12, 22, 31, 81, 19, 93, 92, 38, 68, 27, 74, 62, 55, 20, 39, 16, 64, 17, 44, 86, 43,  8, 13, 60, 25, 70, 41, 59, 84, 73, 37, 69,  9, 72, 42, 65, 87, 32, 47,  1, 33, 88, 78,  7,  5, 94,  2, 80, 48,  6, 10, 24, 14, 18, 96, 67, 51, 50, 76,  3, 12, 53, 36, 71, 66, 85, 22, 56, 57, 95, 29, 54, 58, 11, 21, 15, 75, 40, 34, 49, 82, 35, 89, 63, 77, 90,  4, 31, 61, 52, 79, 45, 26, 46, 23, 83, 30, 91, 28], 1800.49194228, 1800.49194228, 0.,   0.        , 0.       ,  0.        , 11, 40, 31. )
 (35, [26, 22, 24, 24, 86, 50, 71, 87, 34, 62, 38, 10, 58,  5, 49, 69, 18, 15, 40, 89,  9, 23, 17, 80, 22,  4, 72, 73, 14, 20, 44, 28, 95, 48, 90, 78, 12, 94, 84, 55, 26, 92, 61, 35, 11, 60,  2, 19, 66, 85, 68,  1, 51, 21, 54, 33, 74, 65, 53, 79, 43, 70, 67, 42,  8, 91, 41, 39, 96, 76,  6, 75, 93,  3, 25, 45, 46, 30, 88, 56, 32, 82,  7, 47, 63, 36, 83, 81, 52, 57, 27, 31, 16, 13, 29, 59, 24, 77, 37, 64], 1800.49194228, 1800.49194228, 0.,   0.        , 0.       ,  0.        , 16, 35, 33.5)
 (36, [24, 23, 24, 25, 15,  8, 87, 71, 38, 49, 33, 57, 37,  3, 54, 78, 86, 93,  5, 24, 67, 43, 60, 21, 27, 58, 55, 63, 91, 82, 48, 94, 75, 61,  1, 70, 17, 79, 45, 90, 76, 11, 22, 10, 56, 31, 85, 25, 89, 16, 20, 77, 39, 47, 83, 72, 42, 30, 52,  6, 51, 80, 59, 12, 74, 68, 40, 50, 65,  4, 64, 73, 26, 69, 44, 41, 35, 14, 96, 19, 53, 81, 29, 18, 32, 23, 13, 92, 88, 95, 28,  2,  9, 84, 46, 66, 62, 34, 36,  7], 1800.49194228, 1800.49194228, 0.,   0.        , 0.       ,  0.        , 10, 41, 30.5)
 (37, [25, 25, 23, 23, 37, 36, 10, 43, 90, 14, 54, 67, 83, 93, 77,  3, 15, 56, 49, 74, 18, 73, 11,  5, 88, 42, 78, 70, 75, 31,  6, 33, 17, 50, 61, 24, 86, 38, 65, 34, 29, 28, 55, 85,  7, 32, 16, 66,  1, 80, 21, 94, 63, 52, 53, 25, 23, 91, 13, 35, 64, 27, 60, 79,  4, 22, 39, 95, 26, 81, 45, 51, 19, 59, 47, 40, 92, 89, 96, 82,  8, 48, 84, 58, 20, 71, 68, 57, 87, 46, 62, 44, 30, 69, 41,  9,  2, 72, 12, 76], 1800.49194228, 1800.49194228, 0.,   0.        , 0.       ,  0.        , 11, 40, 31. )
 (39, [25, 22, 25, 24,  5, 59, 13, 52,  1, 68, 56, 64, 21, 61, 57, 44, 10, 17, 79, 70,  7, 90, 78, 72, 40, 45, 38,  4, 75, 42, 88,  3, 65, 49, 69, 92,  2, 39, 74, 16, 32, 34, 73, 27, 62, 14, 60, 26, 93, 50, 71, 55, 48, 84, 58, 33, 53, 31, 47, 25, 35, 85, 29,  8, 95, 67, 11, 36, 30, 43, 81, 91, 12, 24, 94, 23, 19, 82, 18, 66,  6, 63, 86, 22, 28, 87, 20, 15, 76, 51, 54, 77, 46, 96, 80,  9, 41, 37, 89, 83], 1800.49194228, 1800.49194228, 0.,   0.        , 0.       ,  0.        , 12, 39, 31.5)
 (40, [27, 23, 23, 23, 53, 68, 42, 30, 70, 45, 15, 36, 54, 58, 62,  3, 17, 89, 73, 39, 23, 31, 81, 40, 14, 46, 55, 13, 56, 19,  2, 93, 44, 95, 59, 18, 72, 79, 21, 88, 43, 66, 63,  7, 51, 85, 50, 87, 65, 83, 25, 26, 60, 74, 52,  8, 47, 82, 71, 34, 37, 35, 78, 28, 69,  6, 41, 77, 10, 48, 57, 92, 67, 86, 75, 12, 16, 80, 29, 90, 49, 38,  4, 33, 84,  1, 27,  9, 96, 32, 61, 76, 24,  5, 22, 20, 91, 64, 11, 94], 1800.49194228, 1800.49194228, 0.,   0.        , 0.       ,  0.        , 13, 38, 32. )
 (43, [22, 25, 23, 26,  6, 34, 36, 33,  5,  8, 15, 65, 66, 29,  9, 13, 22, 84, 35, 60, 42, 75, 85, 12, 21, 64, 62, 93, 82, 74, 46, 86, 51, 52, 47, 23, 25, 44, 59, 19, 67, 43, 40, 71, 57, 49, 56, 18, 53,  2, 88, 72, 31, 39, 54, 89, 10, 17, 45, 77,  1, 30, 76, 94,  7,  4, 95, 79, 48, 50, 16, 73, 28, 41, 69, 96, 11, 58,  3, 87, 63, 80, 37, 90, 61, 55, 24, 81, 14, 20, 78, 38, 26, 83, 68, 32, 91, 27, 92, 70], 1800.49194228, 1800.49194228, 0.,   0.        , 0.       ,  0.        , 14, 37, 32.5)
 (47, [24, 24, 26, 22, 49,  6, 31, 60, 18, 55, 25,  4, 89,  2, 22, 12, 32, 57, 69, 17,  7, 56,  5, 77, 40, 46, 62, 37, 81, 51, 64, 29, 87, 67, 47, 78, 44, 41, 61, 63, 66, 84, 35, 95, 15,  8, 50, 80, 13,  3, 34, 96, 76, 36,  1, 83, 90, 71, 74, 48, 53, 68, 70, 14, 73, 85, 92, 28, 43, 52, 33, 72, 82, 88, 23, 39, 10, 20, 79, 27, 91, 24, 86, 94, 26, 54, 30, 75, 59, 38, 58, 42, 93,  9, 21, 65, 11, 16, 19, 45], 1800.49194228, 1800.49194228, 0.,   0.        , 0.       ,  0.        , 15, 36, 33. )
 (15, [31, 12, 22, 31, 81, 19, 93, 92, 38, 68, 27, 74, 62, 55, 20, 39, 16, 64, 17, 44, 86, 43,  8, 13, 60, 25, 70, 41, 59, 84, 73, 37, 69,  9, 72, 42, 65, 87, 32, 47,  1, 33, 88, 78,  7,  5, 94,  2, 80, 48,  6, 10, 24, 14, 18, 96, 67, 51, 50, 76,  3, 12, 53, 36, 71, 66, 85, 22, 56, 57, 95, 29, 54, 58, 11, 21, 15, 75, 40, 34, 49, 82, 35, 89, 63, 77, 90,  4, 31, 61, 52, 79, 45, 26, 46, 23, 83, 30, 91, 28], 1800.49194228, 1800.49194228, 0.,   0.        , 0.       ,  0.        , 12, 39, 31.5)
 (15, [31, 12, 22, 31, 81, 19, 93, 92, 38, 68, 27, 74, 62, 55, 20, 39, 16, 64, 17, 44, 86, 43,  8, 13, 60, 25, 70, 41, 59, 84, 73, 37, 69,  9, 72, 42, 65, 87, 32, 47,  1, 33, 88, 78,  7,  5, 94,  2, 80, 48,  6, 10, 24, 14, 18, 96, 67, 51, 50, 76,  3, 12, 53, 36, 71, 66, 85, 22, 56, 57, 95, 29, 54, 58, 11, 21, 15, 75, 40, 34, 49, 82, 35, 89, 63, 77, 90,  4, 31, 61, 52, 79, 45, 26, 46, 23, 83, 30, 91, 28], 1800.49194228, 1800.49194228, 0.,   0.        , 0.       ,  0.        ,  1, 50, 26. )
 (15, [31, 12, 22, 31, 81, 19, 93, 92, 38, 68, 27, 74, 62, 55, 20, 39, 16, 64, 17, 44, 86, 43,  8, 13, 60, 25, 70, 41, 59, 84, 73, 37, 69,  9, 72, 42, 65, 87, 32, 47,  1, 33, 88, 78,  7,  5, 94,  2, 80, 48,  6, 10, 24, 14, 18, 96, 67, 51, 50, 76,  3, 12, 53, 36, 71, 66, 85, 22, 56, 57, 95, 29, 54, 58, 11, 21, 15, 75, 40, 34, 49, 82, 35, 89, 63, 77, 90,  4, 31, 61, 52, 79, 45, 26, 46, 23, 83, 30, 91, 28], 1800.49194228, 1800.49194228, 0.,   0.        , 0.       ,  0.        ,  2, 49, 26.5)
 (49, [23, 24, 24, 25, 47, 60, 88, 18, 12, 40, 67,  9,  1, 86, 19, 58, 96,  3, 11, 21, 54, 30, 66, 83, 48, 92, 52, 34, 93, 84, 95, 69, 91, 85, 38, 80,  5, 57, 72, 90, 26, 27, 28, 59, 20, 42, 55, 64, 79, 32, 39, 31,  2, 70, 76, 45, 50,  8, 25, 53, 35, 15, 49, 87, 16, 75, 14, 82, 44, 24, 78,  6, 74, 51, 62, 22, 29, 73, 77, 23,  7, 10, 89, 13, 56,  4, 61, 33, 65, 71, 17, 81, 63, 68, 36, 41, 43, 37, 94, 46], 1800.49194228, 1800.49194228, 0.,   0.        , 0.       ,  0.        , 18, 33, 34.5)
 (46, [25, 25, 24, 22, 86, 88, 11, 15, 50, 25, 95, 82, 22, 30, 45, 96, 90, 83, 29, 67, 75, 54, 39, 74, 53, 89, 19, 12, 79, 42, 32,  3, 23, 49, 40, 91,  5, 31, 56,  6, 34, 52, 26, 84, 66, 37, 18, 76,  7, 70, 33, 51, 68, 69, 46, 27, 38, 60, 14, 36, 87, 41,  1,  9, 92, 81, 13, 63, 61, 28, 16, 78, 71, 77, 94, 44,  8, 85, 72, 58, 62, 43, 21, 64,  4, 24, 65, 20, 93, 10, 47, 57, 59, 73, 55, 80, 35,  2, 17, 48], 1823.79971991, 1823.79971991, 0.,   0.        , 0.       ,  3.        , 26, 23, 37.5)
 (46, [25, 25, 24, 22, 86, 88, 11, 15, 50, 25, 95, 82, 22, 30, 45, 96, 90, 83, 29, 67, 75, 54, 39, 74, 53, 89, 19, 12, 79, 42, 32,  3, 23, 49, 40, 91,  5, 31, 56,  6, 34, 52, 26, 84, 66, 37, 18, 76,  7, 70, 33, 51, 68, 69, 46, 27, 38, 60, 14, 36, 87, 41,  1,  9, 92, 81, 13, 63, 61, 28, 16, 78, 71, 77, 94, 44,  8, 85, 72, 58, 62, 43, 21, 64,  4, 24, 65, 20, 93, 10, 47, 57, 59, 73, 55, 80, 35,  2, 17, 48], 1823.79971991, 1823.79971991, 0.,   0.        , 0.       ,  3.        , 26, 23, 37.5)
 (15, [31, 12, 22, 31, 81, 19, 93, 92, 38, 68, 27, 74, 62, 55, 20, 39, 16, 64, 17, 44, 86, 43,  8, 13, 60, 25, 70, 41, 59, 84, 73, 37, 69,  9, 72, 42, 65, 87, 32, 47,  1, 33, 88, 78,  7,  5, 94,  2, 80, 48,  6, 10, 24, 14, 18, 96, 67, 51, 50, 76,  3, 12, 53, 66, 36, 71, 85, 22, 56, 57, 95, 29, 54, 58, 11, 21, 15, 75, 40, 34, 49, 82, 35, 89, 63, 77, 90,  4, 31, 61, 52, 79, 45, 26, 46, 23, 83, 30, 91, 28], 1826.965523  , 1826.965523  , 0.,   0.        , 0.       ,  3.        , 27, 20, 37. )
 (15, [31, 12, 22, 31, 81, 19, 93, 92, 38, 68, 27, 74, 62, 55, 20, 39, 16, 64, 17, 44, 86, 43,  8, 13, 60, 25, 70, 41, 59, 84, 73, 37, 69,  9, 72, 42, 65, 87, 32, 47,  1, 33, 88, 78,  7,  5, 94,  2, 80, 48,  6, 10, 24, 14, 18, 96, 67, 51, 50, 76,  3, 12, 53, 36, 71, 66, 85, 22, 56, 57, 95, 29, 54, 58, 11, 15, 21, 75, 40, 34, 49, 82, 35, 89, 63, 77, 90,  4, 31, 61, 52, 79, 45, 26, 46, 23, 83, 30, 91, 28], 1842.67685494, 1897.07825151, 0.,   0.        , 0.       ,  3.        , 28, 17, 36.5)
 (15, [31, 12, 22, 31, 81, 19, 93, 92, 38, 68, 27, 74, 62, 55, 20, 39, 16, 64, 17, 44, 86, 43,  8, 13, 60, 25, 70, 41, 59, 84, 73, 37, 69,  9, 72, 42, 65, 87, 32, 47,  1, 33, 88, 78,  7,  5, 94,  2, 80, 48,  6, 10, 24, 14, 18, 96, 12, 66, 67, 51, 50, 76,  3, 53, 36, 71, 85, 22, 56, 57, 95, 29, 54, 58, 11, 21, 15, 75, 40, 34, 49, 82, 35, 89, 63, 77, 90,  4, 31, 61, 52, 79, 45, 26, 46, 23, 83, 30, 91, 28], 1848.32185575, 1848.32185575, 0.,   0.        , 0.       ,  3.33333333, 30, 15, 37.5)
 (45, [24, 26, 23, 23, 14, 73, 31, 23, 85, 95, 78,  4, 56, 52, 55, 36,  7, 76, 10, 45, 13, 58,  6, 75, 66,  1,  8, 37, 91,  3, 29, 25, 71, 89, 39, 40, 61, 26, 60, 21, 43, 44, 48, 27, 15, 42, 38, 62, 51, 17, 64, 46, 80, 41, 16, 93, 22, 68, 53, 35, 24, 67, 33, 79, 63, 19,  9, 54, 28, 20, 70, 32, 92, 84, 69, 65,  2, 47, 81, 88, 72, 90, 12, 34, 57, 49, 50, 59, 86, 74, 96, 94,  5, 87, 30, 83, 11, 82, 77, 18], 1894.53062447, 2005.07921205, 0.,   0.30024266, 0.       ,  2.        , 32, 25, 44.5)
 (15, [31, 12, 22, 31, 81, 19, 93, 92, 41, 38, 68, 27, 74, 62, 55, 20, 39, 16, 64, 17, 44, 86, 43,  8, 13, 60, 25, 70, 59, 84, 73, 37, 69,  9, 72, 42, 65, 87, 32, 47,  1, 33, 88, 78,  7,  5, 94,  2, 80, 48,  6, 10, 24, 14, 18, 96, 67, 51, 50, 76,  3, 12, 53, 36, 71, 66, 85, 22, 56, 57, 95, 29, 54, 58, 11, 21, 15, 75, 40, 34, 49, 82, 35, 89, 63, 77, 90,  4, 31, 61, 52, 79, 45, 26, 46, 23, 83, 30, 91, 28], 1894.53062447, 2005.07921205, 0.,   0.30024266, 0.       ,  2.        , 31, 24, 43. )
 (15, [31, 12, 22, 31, 81, 19, 93, 92, 38, 68, 27, 74, 62, 55, 20, 39, 16, 64, 17, 44, 86, 43,  8, 13, 60, 25, 70, 41, 59, 84, 73, 37, 69,  9, 72, 42, 65, 87, 32, 47,  1, 33, 88, 78,  7,  5, 94,  2, 80, 48,  6, 10, 24, 14, 18, 96, 67, 51, 50, 76,  3, 12, 53, 36, 71, 85, 57, 22, 56, 29, 95, 66, 15, 54, 58, 11, 21, 75, 40, 34, 49, 82, 35, 89, 63, 77, 90,  4, 31, 61, 52, 79, 45, 26, 46, 23, 83, 30, 91, 28], 1915.33327153, 1915.33327153, 0.,   0.        , 0.       ,  9.        , 33, 10, 38. )
 (48, [22, 26, 24, 24, 36, 56, 38, 55, 91, 37,  3, 64, 47, 43, 42, 76, 94, 29, 48, 14, 66,  5, 16, 17, 84, 65, 31,  7, 72, 30, 69, 11, 18, 61, 81, 63, 50, 85,  6, 78, 87, 73, 23, 12, 96, 21, 54, 39, 33, 57, 46, 86, 59, 58, 13, 93, 32, 90, 51, 41, 26,  8, 35, 40, 28, 68, 20, 53, 88, 89, 10, 25, 49,  9, 79, 92, 34, 83, 71, 60,  4, 70, 27, 74, 52, 77, 44, 80, 15, 75,  1, 82, 45,  2, 67, 62, 24, 95, 22, 19], 1921.19065487, 1896.76966121, 0.,  12.21049683, 0.       ,  3.        , 34, 21, 44.5)
 (48, [22, 26, 24, 24, 36, 56, 38, 55, 91, 37,  3, 64, 47, 43, 42, 76, 94, 29, 48, 14, 66,  5, 16, 17, 84, 65, 31,  7, 72, 30, 69, 11, 18, 61, 81, 63, 50, 85,  6, 78, 87, 73, 23, 12, 96, 21, 54, 39, 33, 57, 46, 86, 59, 58, 13, 93, 32, 90, 51, 41, 26,  8, 35, 40, 28, 68, 20, 53, 88, 89, 10, 25, 49,  9, 79, 92, 34, 83, 71, 60,  4, 70, 27, 74, 52, 77, 44, 80, 15, 75,  1, 82, 45,  2, 67, 62, 24, 95, 22, 19], 1921.19065487, 1896.76966121, 0.,  12.21049683, 0.       ,  3.        , 34, 21, 44.5)
 (15, [31, 12, 22, 31, 81, 19, 93, 92, 38, 68, 27, 74, 62, 55, 20, 39, 16, 64, 17, 44, 86, 43,  8, 13, 60, 25, 70, 41, 59, 84, 73, 37, 69, 63, 72, 42, 65, 87, 32, 47,  1, 33, 88, 78,  7,  5, 94,  2, 80, 48,  6, 10, 24, 14, 18, 96, 67, 51, 50, 76,  3, 12, 53, 36, 71, 66, 85, 22, 56, 57, 95, 29, 54, 58, 11, 21, 15, 75, 40, 34, 49, 82, 35, 89,  9, 77, 90,  4, 31, 61, 52, 79, 45, 26, 46, 23, 83, 30, 91, 28], 1969.5201654 , 1969.5201654 , 0.,   0.        , 0.       ,  4.        , 35, 14, 42. )
 (15, [29, 19, 18, 30, 81, 19, 93, 92, 38, 68, 27, 74, 62, 55, 20, 39, 16, 64, 17, 44, 86, 43,  8, 13, 60, 25, 70, 41, 59, 84, 73, 37, 69,  9, 72, 42, 65, 87, 32, 47,  1, 33, 88, 78,  7,  5, 94,  2, 80, 48,  6, 10, 24, 14, 18, 96, 67, 51, 50, 76,  3, 12, 53, 36, 71, 66, 85, 22, 56, 57, 95, 29, 54, 58, 11, 21, 15, 75, 40, 34, 49, 82, 35, 89, 63, 77, 90,  4, 31, 61, 52, 79, 45, 26, 46, 23, 83, 30, 91, 28], 1982.75013171, 1982.75013171, 0.,   0.        , 0.       , 12.66666667, 36,  7, 39.5)
 (15, [30, 14, 22, 30, 81, 19, 93, 92, 38, 68, 27, 74, 62, 55, 20, 39, 15, 16, 64, 17, 44, 86, 43,  8, 13, 60, 25, 70, 41, 59, 84, 73, 37, 69,  9, 72, 42, 65, 87, 32, 47,  1, 33, 88, 78,  7,  5, 94,  2, 80, 48,  6, 10, 24, 14, 18, 96, 67, 51, 50, 76,  3, 12, 53, 36, 71, 66, 85, 22, 56, 57, 95, 29, 54, 58, 11, 21, 75, 40, 34, 49, 82, 35, 89, 63, 77, 90,  4, 31, 61, 52, 79, 45, 26, 46, 23, 83, 30, 91, 28], 2021.20518367, 2021.20518367, 0.,   0.        , 0.       ,  7.        , 37, 12, 43. )
 (15, [31, 12, 22, 31, 81, 19, 93, 92, 38, 68, 27, 74, 62, 55, 20, 39, 16, 64, 17, 44, 86, 43,  8, 13, 60, 25, 70, 41, 59, 84, 73, 37, 69,  9, 72, 42, 65, 87, 32, 47,  1, 33, 88, 78,  7,  5, 94,  2, 80, 48,  6, 10, 24, 14, 18, 96, 67, 51, 50, 76,  3, 12, 53, 36, 71, 66, 63, 85, 22, 56, 57, 95, 29, 54, 58, 11, 21, 15, 75, 40, 34, 49, 82, 35, 89, 77, 90,  4, 31, 61, 52, 79, 45, 26, 46, 23, 83, 30, 91, 28], 2044.96812729, 2044.96812729, 0.,   0.        , 0.       ,  3.        , 38, 19, 47.5)
 (15, [33, 14, 19, 30, 81, 19, 93, 92, 38, 68, 27, 74, 55, 20, 39, 16, 64, 17, 44, 86, 43,  8, 13, 60, 62, 25, 70, 41, 59, 84, 73, 37, 69,  9, 72, 42, 65, 87, 32, 47,  1, 33, 88, 78,  7,  5, 94,  2, 80, 48,  6, 10, 24, 14, 18, 96, 67, 51, 50, 76,  3, 12, 53, 36, 71, 66, 85, 22, 56, 57, 95, 29, 54, 58, 11, 21, 15, 75, 40, 34, 49, 82, 35, 89, 63, 77, 90,  4, 31, 61, 52, 79, 45, 26, 46, 23, 83, 30, 91, 28], 2046.04985196, 2046.04985196, 0.,   0.        , 0.       , 11.        , 39,  8, 43. )
 (49, [32, 11, 20, 33, 81, 19, 93, 92, 38, 68, 27, 74, 62, 55, 20, 39, 16, 64, 17, 44, 86, 43,  8, 13, 60, 66, 25, 70, 41, 59, 84, 73, 37, 69,  9, 72, 42, 65, 87, 32, 47,  1, 33, 88, 78,  7,  5, 94,  2, 80, 48,  6, 10, 24, 14, 18, 96, 67, 51, 50, 76,  3, 12, 53, 36, 71, 85, 22, 56, 57, 95, 29, 54, 58, 11, 21, 15, 75, 40, 34, 49, 82, 35, 89, 63, 77, 90,  4, 31, 61, 52, 79, 45, 26, 46, 23, 83, 30, 91, 28], 2057.59651021, 2057.59651021, 0.,   0.        , 0.       ,  9.        , 40,  9, 44.5)
 (49, [31, 12, 22, 31, 81, 19, 93, 92, 38, 68, 74, 62, 55, 20, 39, 16, 64, 17, 44, 86, 43,  8, 13, 60, 25, 70, 41, 59, 84, 73, 37, 69,  9, 72, 42, 65, 87, 27, 32, 47,  1, 33, 88, 78,  7,  5, 94,  2, 80, 48,  6, 10, 24, 14, 18, 96, 67, 51, 50, 76,  3, 12, 53, 36, 71, 66, 85, 22, 56, 57, 95, 29, 54, 58, 11, 21, 15, 75, 40, 34, 49, 82, 35, 89, 63, 77, 90,  4, 31, 61, 52, 79, 45, 26, 46, 23, 83, 30, 91, 28], 2078.10388864, 2299.32867073, 0.,   2.91765245, 5.7516111,  3.        , 41, 18, 50. )
 (44, [25, 23, 24, 24, 63, 53, 85, 52, 60, 21, 96, 29, 89, 64, 14, 25, 47,  5, 68, 38, 17, 83, 72, 20, 24, 32, 13, 82, 16, 93, 39, 58, 11, 42, 65, 43,  8, 37, 27, 95, 49, 70, 28, 66, 94, 86, 22, 74, 54, 61, 15, 30, 81, 90, 57, 62, 46, 44,  6, 75, 51, 10, 92, 35, 59, 23, 79, 76, 55, 67, 77,  2, 48, 56, 91, 78,  3, 45,  4, 33, 88, 80, 19, 50,  1, 18, 71, 84, 26, 40,  9, 34, 41,  7, 87, 36, 69, 73, 31, 12], 2084.80473547, 2116.48614524, 0.,   0.        , 0.       ,  7.        , 42, 11, 47.5)
 (44, [25, 23, 24, 24, 63, 53, 85, 52, 60, 21, 96, 29, 89, 64, 14, 25, 47,  5, 68, 38, 17, 83, 72, 20, 24, 32, 13, 82, 16, 93, 39, 58, 11, 42, 65, 43,  8, 37, 27, 95, 49, 70, 28, 66, 94, 86, 22, 74, 54, 61, 15, 30, 81, 90, 57, 62, 46, 44,  6, 75, 51, 10, 92, 35, 59, 23, 79, 76, 55, 67, 77,  2, 48, 56, 91, 78,  3, 45,  4, 33, 88, 80, 19, 50,  1, 18, 71, 84, 26, 40,  9, 34, 41,  7, 87, 36, 69, 73, 31, 12], 2084.80473547, 2116.48614524, 0.,   0.        , 0.       ,  7.        , 42, 11, 47.5)
 (38, [24, 26, 25, 21, 70, 43, 46, 49, 20, 93, 63, 92, 65, 15, 82, 84, 74, 37, 25, 77,  3, 75, 33,  6, 36, 22, 64, 91, 52, 79, 48, 34, 78, 57, 29, 53, 24,  1, 38, 40, 13, 60, 61, 44, 95, 90, 59, 32, 87, 27, 47, 31, 76, 89, 86, 14, 81, 73, 16, 66, 12, 62,  8, 96,  5,  9,  7, 58, 83, 69, 72, 71,  2, 45, 18, 26, 80, 28, 17, 23, 10, 88, 21, 55, 39, 30,  4, 67, 19, 35, 54, 68, 41, 94, 42, 56, 50, 11, 85, 51], 2118.9560659 , 2187.45118326, 0.,   0.        , 0.       , 31.        , 47,  5, 49.5)
 (38, [24, 26, 25, 21, 70, 43, 46, 49, 20, 93, 63, 92, 65, 15, 82, 84, 74, 37, 25, 77,  3, 75, 33,  6, 36, 22, 64, 91, 52, 79, 48, 34, 78, 57, 29, 53, 24,  1, 38, 40, 13, 60, 61, 44, 95, 90, 59, 32, 87, 27, 47, 31, 76, 89, 86, 14, 81, 73, 16, 66, 12, 62,  8, 96,  5,  9,  7, 58, 83, 69, 72, 71,  2, 45, 18, 26, 80, 28, 17, 23, 10, 88, 21, 55, 39, 30,  4, 67, 19, 35, 54, 68, 41, 94, 42, 56, 50, 11, 85, 51], 2118.9560659 , 2187.45118326, 0.,   0.        , 0.       , 31.        , 47,  5, 49.5)
 (42, [26, 24, 23, 23, 27, 28,  9, 67, 14, 93,  7, 95, 59, 29, 85, 13, 36, 75, 87, 92,  3, 77, 41, 45, 21, 46, 88, 76, 50,  4, 53, 37, 44, 10, 30, 61, 60, 89, 55, 91,  8, 31, 43, 35, 82,  5, 34, 73, 58, 69, 84, 26, 80, 65, 33,  1, 40,  2, 74, 63, 32, 19, 16, 78, 68, 70, 51, 56, 38, 52, 39, 66, 54, 83, 18, 72, 79, 81, 15, 47,  6, 71, 96, 23, 62, 25, 11, 49, 12, 86, 20, 57, 90, 94, 48, 22, 42, 24, 17, 64], 2123.4823049 , 2217.08948443, 0.,   0.        , 0.       ,  3.        , 43, 22, 54. )
 (15, [26, 19, 20, 31, 81, 19, 93, 92, 38, 68, 27, 74, 55, 20, 39, 16, 64, 17, 44, 86, 43,  8, 13, 60, 25, 70, 41, 59, 84, 73, 82, 37, 69,  9, 72, 62, 42, 65, 87, 32, 47,  1, 33, 88, 78,  7,  5, 94,  2, 80, 48,  6, 10, 24, 14, 18, 96, 67, 51, 50, 76,  3, 12, 53, 36, 71, 66, 85, 22, 56, 57, 95, 29, 54, 58, 11, 21, 15, 75, 40, 34, 49, 35, 89, 63, 77, 90,  4, 31, 61, 52, 79, 45, 26, 46, 23, 83, 30, 91, 28], 2215.74970455, 2215.74970455, 0.,   0.        , 0.       , 17.33333333, 44,  6, 47. )
 (15, [31, 13, 21, 31, 81, 19, 93, 92, 38, 68, 27, 74, 62,  3, 20, 39, 16, 64, 17, 44, 86, 43,  8, 13, 60, 25, 70, 41, 59, 84, 73, 37, 69,  9, 72, 42, 65, 87, 32, 47,  1, 33, 88, 78,  7,  5, 94,  2, 80, 48,  6, 10, 24, 14, 18, 96, 67, 51, 50, 76, 55, 12, 53, 36, 71, 66, 85, 22, 56, 57, 95, 29, 54, 58, 11, 21, 15, 75, 40, 34, 49, 82, 35, 89, 63, 77, 90,  4, 31, 61, 52, 79, 45, 26, 46, 23, 83, 30, 91, 28], 2252.14549027, 2252.14549027, 0.,   0.        , 0.       ,  6.        , 45, 13, 51.5)
 (41, [24, 21, 27, 24, 75, 20, 18, 26, 94, 76, 55, 86,  1,  7,  2, 28, 78,  5, 51, 25, 31, 44, 29, 36, 39, 49, 71, 65, 61, 63, 66, 32, 89, 69, 85, 30, 87, 54, 45, 42, 35, 58, 90, 88, 14, 84, 17, 79, 38, 50, 73, 11,  8, 77, 80,  6, 12, 56, 91, 13, 47, 52, 68, 43, 46, 74, 48, 92, 62, 83, 64, 33, 22, 67, 59, 10, 23, 21, 41, 34, 57, 81, 27, 72, 60,  4, 70,  9, 16, 93, 37, 40, 19, 96, 15, 95, 82, 24, 53,  3], 2602.27872474, 2642.67523244, 0.,  14.52121856, 0.       , 49.        , 46,  1, 46.5)
 (41, [24, 21, 27, 24, 75, 20, 18, 26, 94, 76, 55, 86,  1,  7,  2, 28, 78,  5, 51, 25, 31, 44, 29, 36, 39, 49, 71, 65, 61, 63, 66, 32, 89, 69, 85, 30, 87, 54, 45, 42, 35, 58, 90, 88, 14, 84, 17, 79, 38, 50, 73, 11,  8, 77, 80,  6, 12, 56, 91, 13, 47, 52, 68, 43, 46, 74, 48, 92, 62, 83, 64, 33, 22, 67, 59, 10, 23, 21, 41, 34, 57, 81, 27, 72, 60,  4, 70,  9, 16, 93, 37, 40, 19, 96, 15, 95, 82, 24, 53,  3], 2602.27872474, 2642.67523244, 0.,  14.52121856, 0.       , 49.        , 46,  1, 46.5)
 (15, [31, 12, 24, 29, 81, 19, 93, 92, 38, 68, 27, 74, 62, 55,  7, 78, 88, 33,  1, 47, 32, 87, 65, 42, 72,  9, 69, 37, 73, 84, 59, 41, 70, 25, 60, 13,  8, 43, 86, 44, 17, 64, 16, 39, 20,  5, 94,  2, 80, 48,  6, 10, 24, 14, 18, 96, 67, 51, 50, 76,  3, 12, 53, 36, 71, 66, 85, 22, 56, 57, 95, 29, 54, 58, 11, 21, 15, 75, 40, 34, 49, 82, 35, 89, 63, 77, 90,  4, 31, 61, 52, 79, 45, 26, 46, 23, 83, 30, 91, 28], 2659.16719863, 2610.84539367, 0.,  28.56026201, 0.       , 36.        , 48,  4, 50. )
 (15, [31, 12, 22, 31, 81, 19, 93, 92, 38, 68, 27, 74, 62, 55, 63, 89, 35, 82, 49, 34, 40, 75, 15, 21, 11, 58, 54, 29, 95, 57, 56, 22, 85, 66, 71, 36, 53, 12,  3, 76, 50, 51, 67, 96, 18, 14, 24, 10,  6, 48, 80,  2, 94,  5,  7, 78, 88, 33,  1, 47, 32, 87, 65, 42, 72,  9, 69, 37, 73, 84, 59, 41, 70, 25, 60, 13,  8, 43, 86, 44, 17, 64, 16, 39, 20, 77, 90,  4, 31, 61, 52, 79, 45, 26, 46, 23, 83, 30, 91, 28], 3651.44179455, 3871.11256031, 0.,  77.42353586, 0.       , 46.66666667, 49,  2, 50. )
 (15, [33, 13, 21, 29, 81, 53,  3, 80, 76, 50, 51, 67, 66, 12, 96, 18, 14, 24, 10,  6, 48,  2, 94,  5,  7, 78, 88, 33,  1, 47, 32, 87, 65, 42, 72,  9, 69, 37, 73, 84, 59, 41, 70, 25, 60, 13,  8, 43, 86, 44, 17, 64, 16, 39, 20, 55, 62, 74, 27, 68, 38, 92, 93, 19, 36, 71, 85, 22, 56, 57, 95, 29, 54, 58, 11, 21, 15, 75, 40, 34, 49, 82, 35, 89, 63, 77, 90,  4, 31, 61, 52, 79, 45, 26, 46, 23, 83, 30, 91, 28], 4226.32135285, 4888.62206878, 0., 222.63805776, 0.       , 42.33333333, 50,  3, 51.5)]