
Total Runtime in seconds: 1050.3207364082336Parameters:
population_size: 50, max_generations: 30, executed generations: 29, threshold_no_improvement: 15
target feasible proportion: 12
fitness_scaling: power_rank, selection_method: n_tournaments
p_c: 0.9, p_m: 0.4, NOT YET p_education: 0.0
tournament_size: 2, n_elite: 8
survivor_selection_step: 10, p_selection_survival: 0.7
kill clone step: 5
diversify_step: 20, diversify_step: 20, p_diversify_survival: 0.3
n_closest_neighbors: 3, diversity_weight: 0.5, distance_method: broken_pairs_distance
capacity_penalty_factor: 2.3164561507987655, duration_penalty_factor 2.3164561507987655, time_window_penalty: 2
Best fitness all generations, best individual before/after local search: 1838.602441251357, 1838.602441251357 / 1838.602441251357
Best individual found before local search: (25, [31, 12, 22, 31, 81, 19, 93, 92, 38, 68, 16, 64, 17, 44, 86, 43,  8, 13, 62, 55, 20, 39, 27, 74, 73, 37, 69,  9, 25, 60, 72, 41, 70, 59, 84,  7,  5, 94, 33, 65, 87, 32, 47,  1, 42, 88, 78, 80, 24, 14, 18,  2, 48,  6, 10, 96, 67, 51, 50, 76,  3, 12, 53, 36, 71, 66, 85, 22, 56, 57, 95, 29, 54, 58, 89, 63, 77, 90,  4, 31, 61, 52, 79, 45, 26, 46, 23, 83, 30, 91, 28, 11, 21, 15, 75, 40, 34, 49, 82, 35], 1838.60244125, 1838.60244125, 0., 0., 0., 0., 17, 35, 34.5)
Best individual found after local search: (25, [31, 12, 22, 31, 81, 19, 93, 92, 38, 68, 16, 64, 17, 44, 86, 43,  8, 13, 62, 55, 20, 39, 27, 74, 73, 37, 69,  9, 25, 60, 72, 41, 70, 59, 84,  7,  5, 94, 33, 65, 87, 32, 47,  1, 42, 88, 78, 80, 24, 14, 18,  2, 48,  6, 10, 96, 67, 51, 50, 76,  3, 12, 53, 36, 71, 66, 85, 22, 56, 57, 95, 29, 54, 58, 89, 63, 77, 90,  4, 31, 61, 52, 79, 45, 26, 46, 23, 83, 30, 91, 28, 11, 21, 15, 75, 40, 34, 49, 82, 35], 1838.60244125, 1838.60244125, 0., 0., 0., 0., 17, 35, 34.5)
Best feasible individual found: (25, [31, 12, 22, 31, 81, 19, 93, 92, 38, 68, 16, 64, 17, 44, 86, 43,  8, 13, 62, 55, 20, 39, 27, 74, 73, 37, 69,  9, 25, 60, 72, 41, 70, 59, 84,  7,  5, 94, 42, 65, 87, 32, 47,  1, 33, 88, 78, 80, 24, 14, 18,  2, 48,  6, 10, 96, 67, 51, 50, 76,  3, 12, 53, 36, 71, 66, 85, 22, 56, 57, 95, 29, 54, 58, 89, 63, 77, 90,  4, 31, 61, 52, 79, 45, 26, 46, 23, 83, 30, 91, 28, 11, 21, 15, 75, 40, 34, 49, 82, 35], 1839.86673592, 1839.86673592, 0., 0., 0., 0., 17, 35, 34.5)

Fitness stats min: [1951.33248732 1860.84736674 1856.55635988 1854.54040833 1848.98843466
 1848.98843466 1840.60664476 1839.86673592 1839.86673592 1839.86673592
 1839.86673592 1839.86673592 1839.86673592 1839.86673592 1839.86673592
 1839.86673592 1839.86673592 1839.86673592 1839.86673592 1839.86673592
 1839.86673592 1839.86673592 1839.86673592 1839.86673592 1839.86673592
 1839.86673592 1839.86673592 1839.86673592 1839.86673592 1838.60244125] 

Fitness stats feasible min: [1951.33248732 1860.84736674 1856.55635988 1854.54040833 1854.54040833
 1852.37704333 1840.60664476 1839.86673592 1839.86673592 1839.86673592
 1839.86673592 1839.86673592 1839.86673592 1839.86673592 1839.86673592
 1839.86673592 1839.86673592 1839.86673592 1839.86673592 1839.86673592
 1839.86673592 1839.86673592 1839.86673592 1839.86673592 1839.86673592
 1839.86673592 1839.86673592 1839.86673592 1839.86673592 1838.60244125] 

Fitness stats avg: [2974.15067485 2878.22093687 2700.7202031  2489.91095048 2247.66484027
 2268.23283251 2124.09878339 2034.94985961 2127.24623729 2139.94272358
 4290.32299898 3129.29754092 2311.69762513 2056.72142979 2071.69745206
 3589.54810956 2521.83447781 2206.99552412 2229.94392143 2077.31421535
 4696.01237995 3133.65052199 2279.46803419 2070.68323589 2209.49807481
 3293.3142128  2364.50679295 2180.18554565 4452.29721118 2487.88520362] 

Feasible stats: [( 0., 50.) ( 0., 50.) (30., 20.) (30., 20.) (38., 12.) (38., 12.)
 (30., 20.) (30., 20.) (29., 21.) (29., 21.) (30., 20.) (30., 20.)
 (26., 24.) (26., 24.) (35., 15.) (35., 15.) (26., 24.) (26., 24.)
 (36., 14.) (36., 14.) (37., 13.) (37., 13.) (24., 26.) (24., 26.)
 (36., 14.) (36., 14.) (23., 27.) (23., 27.) (35., 15.) (35., 15.)] 
Solution Description: 
p: [  0.           6.37877888  41.15060755  72.96509812  90.40245518
 106.08412631 130.66348101 156.78484654 159.7157216  160.72464109
 162.2639946  196.43332828 236.17679714 376.54320395 389.53864847
 415.99924272 448.227765   469.14761114 577.64936874 619.72063958
 620.29543772 645.27047846 653.94667991 669.16600281 673.4197549
 697.16315121 706.59301841 708.35362962 747.22067242 749.89939509
 749.93778234 755.44506831   0.         138.03005413 148.64878743
 154.19221456 169.2899532  187.77597465 196.40204314 196.55703883
 201.16052159 203.8722818  228.04107557 232.31188314 232.3181174
   0.          45.48898425  48.55883685  51.90715876  53.59072266
  86.63474935 114.94149785 150.61613176 151.94964679 160.84465416
 177.62281168 219.76228223 248.00925458 258.14436515 269.14011089
 269.22807008 294.86039442 295.6577389  306.25594932 330.46047154
 344.68114389 349.37447303 356.94792485   0.          30.8155834
  43.73567644  43.7381115   43.90446628  51.53673866  56.88083634
 138.56279721 144.35820826 144.38334727 159.65423073 161.58359011
 169.36800387 169.65643489 184.15895357 189.15171132 205.8593989
 232.99986225 255.68263642 284.7806419  284.93944802 284.96402463
 286.96720653 296.64472108 310.11880144 351.09050425 428.57097284
 447.13101321 486.29509396 491.1089088  492.00805534 493.8913307 ] 
pred: [ 0  0  0  0  0  0  0  0  0  0  0 10 10 10 10 14 14 14 14 14 14 20 20 20
 20 24 24 24 27 27 27 27  0  0  0  0  3  3  3  3  3  3  9  9  9  0  0  0
  0  0  4  4  4  4  8  8  8  8  8  8  8  8  8  8 18 18 18 18  0  0  0  0
  0  0  5  5  5  5  5  5  5  5 13 13 13 13 13 13 13 13 13 22 22 22 22 22
 22 22 22 22] 
distance [  0.           6.37877888  41.15060755  72.96509812  90.40245518
 106.08412631 130.66348101 156.78484654 159.7157216  160.72464109
 162.2639946   34.16933368  73.91280255 214.27920935 227.27465387
  26.46059425  58.68911653  79.60896267 188.11072027 230.18199111
 230.75678925  24.97504074  33.65124219  48.87056509  53.12431718
  23.7433963   33.17326351  34.93387471  38.8670428   41.54576548
  41.58415272  47.09143869   0.         138.03005413 148.64878743
 154.19221456  15.09773864  33.58376009  42.20982858  42.36482427
  46.96830703  49.68006724  24.16879376  28.43960134  28.44583559
   0.          45.48898425  48.55883685  51.90715876  53.59072266
  33.04402669  61.35077519  97.0254091   98.35892414   8.89500736
  25.67316489  67.81263544  96.05960779 106.19471836 117.1904641
 117.27842329 142.91074763 143.70809211 154.30630252  24.20452222
  38.42519457  43.11852372  50.69197553   0.          30.8155834
  43.73567644  43.7381115   43.90446628  51.53673866   5.34409768
  87.02605855  92.82146959  92.84660861 108.11749206 110.04685145
 117.83126521 118.11969623  14.50251868  19.49527643  36.20296401
  63.34342736  86.02620153 115.12420701 115.28301313 115.30758974
 117.31077164   9.67751456  23.15159492  64.12329773 141.60376631
 160.16380669 199.32788744 204.14170228 205.04084881 206.92412417]
load: [  0  13  29  48  71  83  89 110 133 152 175   8  12  16  25   9  12  30
  37  46  51   3  14  34  59  19  29  53  23  33  34  36   0  21  34  36
  14  28  53  75  84  88  13  31  43   0  20  36  41  43  12  22  42  63
  10  11  24  45  50  53  56  64  69  88   5  28  52  56   0  13  34  49
  69  87   4  17  21  26  41  65  81 106  11  28  40  53  61  64  68  89
  92   7  31  51  64  65  76  98  99 119] 
time: [  0.         106.         213.         231.37636996 243.66015359
 277.77092354 295.16084073 376.         386.73487495 425.26938032
 455.         110.         136.         224.76021669 417.
  95.         126.37011091 206.         285.68982159 387.
 465.11174498 129.         152.39981091 182.95258396 314.
 103.         137.         300.         140.         285.
 313.27835541 350.           0.         257.         422.
 493.75351166 216.         241.31703655 383.         444.
 461.25199257 477.11541186 178.         324.         350.09776622
   0.         248.         402.         418.83844297 445.
 125.         162.         336.         375.38672649 124.
 153.76960324 175.99194442 216.         236.95530789 272.11160563
 282.23770107 318.89836181 375.         457.         222.
 242.66881288 378.         407.15348661   0.         169.
 186.61974315 210.87311616 229.54785008 424.         158.
 221.85226149 264.02932451 291.84323353 382.         408.15780238
 448.1126214  457.3281927  129.         231.         314.
 333.14864991 359.6233031  432.         466.90323688 487.66647824
 514.37979312 143.         161.         187.62067589 244.039433
 287.29970021 324.30362074 439.         489.178036   500.5404654 ] 
time warps: [0 0 0 0 0 0 0 0 0 0 0 0 0 0 0 0 0 0 0 0 0 0 0 0 0 0 0 0 0 0 0 0 0 0 0 0 0
 0 0 0 0 0 0 0 0 0 0 0 0 0 0 0 0 0 0 0 0 0 0 0 0 0 0 0 0 0 0 0 0 0 0 0 0 0
 0 0 0 0 0 0 0 0 0 0 0 0 0 0 0 0 0 0 0 0 0 0 0 0 0 0] 
duration: [  0.          10.37877888 132.74364087 165.55813144 205.9954885
 226.67715963 272.25651433 319.46180065 345.39267571 360.4015952
 395.56182388  37.16933368  90.93886636 247.30527316 406.2979109
  40.46059425  80.68911653 187.69724258 305.19900019 410.37148981
 424.94628796  43.97504074  73.65124219 108.87056509 237.60058348
  40.7433963   69.80229227 250.20337636  47.8670428  204.71805701
 216.75644426 256.8323723    0.         153.03005413 314.11527113
 330.65869826  31.09773864  53.58376009 220.25411496 262.35960654
 279.9630893  294.67484951  44.16879376 187.29453655 192.3007708
   0.          49.48898425 205.01754389 220.3658658  242.24496952
  34.04402669 102.6250112  286.32788078 296.66139581  29.89500736
  47.67316489  98.81263544 148.25848433 180.39359489 192.38934064
 211.47729982 245.10962417 288.52888706 381.99465359  33.20452222
  69.42519457 197.90426289 215.4777147    0.          39.8155834
  71.73567644  84.7381115   89.90446628 300.43181441  28.34409768
 129.02605855 159.82146959 175.84660861 270.41386858 296.34322797
 308.12764172 331.41607275  24.50251868 139.65402328 208.17543252
 247.31589587 287.99867004 378.46364691 383.62245303 396.64702964
 410.65021153  14.67751456  40.387413    94.35911581 182.83958439
 206.39962477 253.56370552 372.24352996 379.1426765  391.02595185]

All individuals: [(41, [22, 24, 27, 23, 42, 88, 41, 50, 93, 48, 52, 84, 32, 22, 81, 49, 96, 47, 10, 14, 94, 54, 56,  6, 15, 21,  5, 78,  1, 61, 25, 55, 37, 18, 80, 13, 11, 72, 68,  9, 12, 38, 67, 31, 85, 89, 30, 66, 79, 82, 58, 34, 59, 74, 57, 60, 73, 23, 70,  4, 83, 90,  3,  7, 24, 77, 27, 92, 40, 44, 46, 33,  8, 51, 95, 29,  2, 62, 53, 87, 64, 65, 16, 20, 76, 36, 91, 19, 43, 75, 63, 17, 45, 28, 26, 71, 69, 86, 35, 39], 1839.86673592, 1839.86673592, 0.,   0.        ,  0.        ,  0.        , 11, 38, 30. )
 (25, [31, 12, 22, 31, 81, 19, 93, 92, 38, 68, 16, 64, 17, 44, 86, 43,  8, 13, 62, 55, 20, 39, 27, 74, 73, 37, 69,  9, 25, 60, 72, 41, 70, 59, 84,  7,  5, 94, 42, 65, 87, 32, 47,  1, 33, 88, 78, 80, 24, 14, 18,  2, 48,  6, 10, 96, 67, 51, 50, 76,  3, 12, 53, 36, 71, 66, 85, 22, 56, 57, 95, 29, 54, 58, 89, 63, 77, 90,  4, 31, 61, 52, 79, 45, 26, 46, 23, 83, 30, 91, 28, 11, 21, 15, 75, 40, 34, 49, 82, 35], 1839.86673592, 1839.86673592, 0.,   0.        ,  0.        ,  0.        , 17, 35, 34.5)
 (39, [28, 23, 24, 21, 71, 17, 42, 92, 53, 64,  3, 14, 89, 72, 37, 87, 59, 80, 69, 21, 93, 41, 35, 33,  2, 75, 50, 85, 26, 27, 24, 29, 61, 58, 20,  1, 38, 63, 30,  5, 65, 19, 91, 68, 96, 28, 52, 88, 86, 55,  7, 45, 47, 74, 57, 31, 23,  8, 22, 54,  6, 44, 66, 25, 15, 84, 18, 70, 56, 82, 83, 11, 46, 60, 51, 36, 12, 48, 16, 32, 34, 94, 13, 39, 81, 79, 40, 49,  9, 62, 78, 10, 76, 73,  4, 77, 95, 43, 90, 67], 1839.86673592, 1839.86673592, 0.,   0.        ,  0.        ,  0.        ,  5, 47, 28.5)
 (25, [31, 12, 22, 31, 81, 19, 93, 92, 38, 68, 16, 64, 17, 44, 86, 43,  8, 13, 62, 55, 20, 39, 27, 74, 73, 37, 69,  9, 25, 60, 72, 41, 70, 59, 84,  7,  5, 94, 42, 65, 87, 32, 47,  1, 33, 88, 78, 80, 24, 14, 18,  2, 48,  6, 10, 96, 67, 51, 50, 76,  3, 12, 53, 36, 71, 66, 85, 22, 56, 57, 95, 29, 54, 58, 89, 63, 77, 90,  4, 31, 61, 52, 79, 45, 26, 46, 23, 83, 30, 91, 28, 11, 21, 15, 75, 40, 34, 49, 82, 35], 1839.86673592, 1839.86673592, 0.,   0.        ,  0.        ,  0.        ,  4, 43, 25.5)
 (25, [31, 12, 22, 31, 81, 19, 93, 92, 38, 68, 16, 64, 17, 44, 86, 43,  8, 13, 62, 55, 20, 39, 27, 74, 73, 37, 69,  9, 25, 60, 72, 41, 70, 59, 84,  7,  5, 94, 42, 65, 87, 32, 47,  1, 33, 88, 78, 80, 24, 14, 18,  2, 48,  6, 10, 96, 67, 51, 50, 76,  3, 12, 53, 36, 71, 66, 85, 22, 56, 57, 95, 29, 54, 58, 89, 63, 77, 90,  4, 31, 61, 52, 79, 45, 26, 46, 23, 83, 30, 91, 28, 11, 21, 15, 75, 40, 34, 49, 82, 35], 1839.86673592, 1839.86673592, 0.,   0.        ,  0.        ,  0.        ,  2, 46, 25. )
 (25, [31, 12, 22, 31, 81, 19, 93, 92, 38, 68, 16, 64, 17, 44, 86, 43,  8, 13, 62, 55, 20, 39, 27, 74, 73, 37, 69,  9, 25, 60, 72, 41, 70, 59, 84,  7,  5, 94, 42, 65, 87, 32, 47,  1, 33, 88, 78, 80, 24, 14, 18,  2, 48,  6, 10, 96, 67, 51, 50, 76,  3, 12, 53, 36, 71, 66, 85, 22, 56, 57, 95, 29, 54, 58, 89, 63, 77, 90,  4, 31, 61, 52, 79, 45, 26, 46, 23, 83, 30, 91, 28, 11, 21, 15, 75, 40, 34, 49, 82, 35], 1839.86673592, 1839.86673592, 0.,   0.        ,  0.        ,  0.        ,  3, 33, 19.5)
 (42, [24, 24, 23, 25, 40, 20, 32, 67, 10, 92, 56, 38, 78, 77, 42, 22, 86, 96,  8, 31, 75, 47, 81,  4, 94,  6,  2, 46, 21, 35, 24, 72, 12, 83, 48, 44, 70, 62, 84, 14, 93, 76, 55, 91, 36, 66, 15, 45, 19, 65, 69, 60,  7, 57, 51, 79, 16, 88, 39, 43, 25, 80, 95, 27, 63, 13, 90, 28, 26, 37, 29, 49, 87, 68, 41, 74,  3, 30, 50, 64,  5, 18, 61, 82, 53, 34, 58, 54,  1, 71, 73, 85, 33,  9, 11, 89, 52, 59, 23, 17], 1839.86673592, 1839.86673592, 0.,   0.        ,  0.        ,  0.        , 14, 37, 32.5)
 (25, [31, 12, 22, 31, 81, 19, 93, 92, 38, 68, 16, 64, 17, 44, 86, 43,  8, 13, 62, 55, 20, 39, 27, 74, 73, 37, 69,  9, 25, 60, 72, 41, 70, 59, 84,  7,  5, 94, 42, 65, 87, 32, 47,  1, 33, 88, 78, 80, 24, 14, 18,  2, 48,  6, 10, 96, 67, 51, 50, 76,  3, 12, 53, 36, 71, 66, 85, 22, 56, 57, 95, 29, 54, 58, 89, 63, 77, 90,  4, 31, 61, 52, 79, 45, 26, 46, 23, 83, 30, 91, 28, 11, 21, 15, 75, 40, 34, 49, 82, 35], 1839.86673592, 1839.86673592, 0.,   0.        ,  0.        ,  0.        , 17, 35, 34.5)
 (45, [24, 24, 24, 24, 41, 37, 40, 95, 38,  6, 44, 82, 72, 43,  5, 76, 71, 28, 42, 67, 79, 61, 13,  8, 56, 90, 25, 18, 59, 65, 75, 80, 36, 87, 51, 60, 77, 12,  1, 73, 30, 70, 50, 88, 69,  7, 57, 35, 84, 85, 92, 48, 94, 52, 27, 31, 78, 96, 21, 93, 81, 29, 58, 63, 53, 46, 19, 49, 86, 68, 62,  3, 47, 17, 33, 14,  2, 34,  9, 20, 15, 22, 39, 11, 54, 10, 66, 26, 64,  4, 91, 16, 89, 23, 55, 45, 74, 24, 32, 83], 1839.86673592, 1839.86673592, 0.,   0.        ,  0.        ,  0.        , 16, 36, 34. )
 (40, [24, 24, 23, 25, 32, 51, 87, 22, 47, 35,  8,  3, 19, 58, 29, 95,  5, 14,  2, 57, 42, 23, 50, 27, 13, 33, 15, 86, 96, 63, 36, 10, 20,  1, 52, 92, 11, 84, 49, 26, 71,  7, 91, 21, 76, 17, 59, 90, 72, 93, 94, 66, 64, 77, 79, 60,  4, 80, 65, 67, 12, 53, 62, 83, 69, 73, 30, 25, 61, 74,  9, 88, 81, 34, 41, 39, 78, 31, 38, 28, 18, 43, 56, 45, 54, 75, 40, 16, 44, 89, 68, 48,  6, 70, 55, 46, 24, 85, 37, 82], 1839.86673592, 1839.86673592, 0.,   0.        ,  0.        ,  0.        ,  7, 40, 27. )
 (25, [31, 12, 22, 31, 81, 19, 93, 92, 38, 68, 16, 64, 17, 44, 86, 43,  8, 13, 62, 55, 20, 39, 27, 74, 73, 37, 69,  9, 25, 60, 72, 41, 70, 59, 84,  7,  5, 42, 65, 87, 32, 47,  1, 94, 88, 78, 33, 80, 24, 14, 18,  2, 48,  6, 10, 96, 67, 51, 50, 76,  3, 12, 53, 36, 71, 66, 85, 22, 56, 57, 95, 29, 54, 58, 89, 63, 77, 90,  4, 31, 61, 52, 79, 45, 26, 46, 23, 83, 30, 91, 28, 11, 21, 15, 75, 40, 34, 49, 82, 35], 1859.27388587, 1859.27388587, 0.,   0.        ,  0.        ,  5.        , 19, 27, 32.5)
 (25, [31, 11, 23, 31, 81, 19, 93, 92, 38, 68, 16, 64, 17, 44, 86, 43,  8, 13, 62, 55, 20, 39, 27, 74, 73, 37, 69,  9, 25, 60, 72, 41, 70, 59, 84,  7,  5, 94, 42, 65, 87, 32, 47,  1, 33, 88, 78, 80, 24, 14, 18,  2, 48,  6, 10, 96, 67, 51, 50, 76,  3, 12, 53, 36, 71, 66, 85, 22, 56, 57, 95, 29, 54, 58, 89, 63, 77, 90,  4, 31, 61, 52, 79, 45, 26, 46, 23, 83, 30, 91, 28, 11, 21, 15, 75, 40, 34, 49, 82, 35], 1872.50400479, 1870.33377824, 0.,   1.08511327,  0.        ,  1.33333333, 20, 32, 36. )
 (35, [24, 24, 25, 23, 27, 89, 34, 43,  4, 78, 69, 93, 60, 61, 85, 53, 25,  7, 67, 82, 88, 29, 38, 94, 57, 31, 74, 32, 70, 36, 37, 68, 79, 16, 92, 72, 15, 35, 45,  9, 55, 11, 24, 59, 18, 64, 10,  6, 56, 96, 62, 58, 12, 66, 87, 49, 65,  8, 52, 13, 95, 51, 14, 90, 20, 63, 48, 23, 50, 80, 19, 71, 83, 81,  5, 22, 30, 47, 39, 44, 26, 28, 86,  1, 33, 21, 17,  3, 46, 73, 54, 41,  2, 75, 77, 76, 84, 40, 42, 91], 1937.20553537, 1935.03530882, 0.,   1.08511327,  0.        ,  3.        , 22, 29, 36.5)
 (35, [24, 24, 25, 23, 27, 89, 34, 43,  4, 78, 69, 93, 60, 61, 85, 53, 25,  7, 67, 82, 88, 29, 38, 94, 57, 31, 74, 32, 70, 36, 37, 68, 79, 16, 92, 72, 15, 35, 45,  9, 55, 11, 24, 59, 18, 64, 10,  6, 56, 96, 62, 58, 12, 66, 87, 49, 65,  8, 52, 13, 95, 51, 14, 90, 20, 63, 48, 23, 50, 80, 19, 71, 83, 81,  5, 22, 30, 47, 39, 44, 26, 28, 86,  1, 33, 21, 17,  3, 46, 73, 54, 41,  2, 75, 77, 76, 84, 40, 42, 91], 1937.20553537, 1935.03530882, 0.,   1.08511327,  0.        ,  3.        , 22, 29, 36.5)
 (25, [31, 10, 23, 32, 81, 19, 93, 92, 38, 68, 16, 64, 17, 44, 86, 43,  8, 13, 62, 55, 20, 39, 27, 74, 73, 37, 69,  9, 25, 60, 72, 41, 70, 59, 84,  7,  5, 94, 65, 42, 85, 66, 56, 36, 71, 12,  3, 53, 96, 67, 76, 50, 51,  6, 24, 10, 18, 14, 22,  2, 80, 48, 78, 88, 33, 47, 32,  1, 29, 57, 95, 87, 58, 89, 63, 77, 90,  4, 31, 61, 52, 54, 79, 45, 26, 46, 23, 83, 30, 91, 28, 11, 21, 15, 75, 40, 34, 49, 82, 35], 1971.4547535 , 1971.4547535 , 0.,   0.        ,  0.        , 25.33333333, 27, 18, 36. )
 (48, [24, 23, 25, 24,  1, 70, 49, 11, 57,  2, 82,  6, 94, 17, 76,  4, 38, 12, 16, 87, 65, 31, 59, 26, 66, 61, 18, 48,  9, 14, 22, 13, 92, 23, 67, 29, 47, 50, 42, 81, 33, 62, 52, 68, 46,  7, 44, 88, 64, 32, 89, 74, 35, 24, 85,  5, 15, 41, 34, 69, 60, 73, 45, 55, 78, 10, 63, 51, 86, 71, 53, 20, 77, 84, 25, 40, 43, 54, 19, 83,  8, 30, 96, 58, 75, 56,  3, 80, 93, 36, 21, 28, 39, 37, 91, 79, 95, 27, 72, 90], 2028.73232015, 2028.73232015, 0.,   0.        ,  0.        ,  3.        , 23, 30, 38. )
 (48, [24, 23, 25, 24,  1, 70, 49, 11, 57,  2, 82,  6, 94, 17, 76,  4, 38, 12, 16, 87, 65, 31, 59, 26, 66, 61, 18, 48,  9, 14, 22, 13, 92, 23, 67, 29, 47, 50, 42, 81, 33, 62, 52, 68, 46,  7, 44, 88, 64, 32, 89, 74, 35, 24, 85,  5, 15, 41, 34, 69, 60, 73, 45, 55, 78, 10, 63, 51, 86, 71, 53, 20, 77, 84, 25, 40, 43, 54, 19, 83,  8, 30, 96, 58, 75, 56,  3, 80, 93, 36, 21, 28, 39, 37, 91, 79, 95, 27, 72, 90], 2028.73232015, 2028.73232015, 0.,   0.        ,  0.        ,  3.        , 23, 30, 38. )
 (25, [31, 12, 22, 31, 81, 19, 93, 92, 38, 68, 16, 64, 23, 44, 86, 43,  8, 13, 62, 55, 20, 39, 27, 74, 73, 37, 69,  9, 25, 60, 72, 41, 70, 59, 84,  7,  5, 94, 42, 65, 87, 32, 47,  1, 33, 88, 78, 80, 24, 14, 18,  2, 48,  6, 10, 96, 67, 51, 50, 76,  3, 12, 53, 36, 71, 66, 85, 22, 56, 57, 95, 29, 54, 58, 89, 63, 77, 90,  4, 31, 61, 52, 79, 45, 26, 46, 17, 83, 30, 91, 28, 11, 21, 15, 75, 40, 34, 49, 82, 35], 2123.81211234, 2202.0382267 , 0.,   0.        ,  0.        ,  4.        , 24, 28, 38. )
 (25, [30, 11, 22, 33, 81, 19, 93, 92, 38, 68, 16, 64, 17, 44, 86, 43,  8, 13, 62, 55, 20, 39, 27, 74, 73, 37, 69,  9, 25, 60, 72, 41, 70, 59, 84,  7,  5, 94, 42, 65, 87, 32, 47,  1, 33, 88, 78, 80, 24, 14, 18,  2, 48,  6, 10, 96, 67, 51, 50, 76,  3, 12, 53, 36, 71, 66, 85, 22, 56, 57, 95, 29, 54, 58, 89, 63, 77, 90,  4, 31, 61, 45, 52, 79, 26, 46, 91, 30, 83, 23, 28, 11, 21, 15, 75, 40, 34, 49, 82, 35], 2157.23417344, 2157.23417344, 0.,   0.        ,  0.        , 12.        , 25, 26, 38. )
 (46, [23, 24, 25, 24,  7, 38, 72, 43, 14, 63, 67, 55, 59, 89, 57, 76, 30, 35, 70, 41, 19, 81, 87, 36,  6, 79, 82, 85, 60, 64, 91, 18, 16, 53, 62, 40, 34, 73, 66, 78, 69, 22, 46, 26,  5, 90, 42, 39,  1,  2, 71, 65, 17, 94, 11, 27, 24, 61, 86, 45, 47, 28, 12, 51, 68, 33, 83, 75, 10, 58, 52, 56,  9, 88, 95, 32, 93, 21, 92, 37,  3, 25, 74,  4, 48, 77, 44, 31,  8, 23, 49, 20, 50, 84, 80, 15, 96, 54, 13, 29], 2181.01453921, 2181.01453921, 0.,   0.        ,  0.        , 18.66666667, 26, 24, 38. )
 (46, [23, 24, 25, 24,  7, 38, 72, 43, 14, 63, 67, 55, 59, 89, 57, 76, 30, 35, 70, 41, 19, 81, 87, 36,  6, 79, 82, 85, 60, 64, 91, 18, 16, 53, 62, 40, 34, 73, 66, 78, 69, 22, 46, 26,  5, 90, 42, 39,  1,  2, 71, 65, 17, 94, 11, 27, 24, 61, 86, 45, 47, 28, 12, 51, 68, 33, 83, 75, 10, 58, 52, 56,  9, 88, 95, 32, 93, 21, 92, 37,  3, 25, 74,  4, 48, 77, 44, 31,  8, 23, 49, 20, 50, 84, 80, 15, 96, 54, 13, 29], 2181.01453921, 2181.01453921, 0.,   0.        ,  0.        , 18.66666667, 26, 24, 38. )
 (25, [31, 11, 23, 31, 81, 19, 32, 92, 38, 68, 16, 64, 17, 44, 86, 43,  8, 13, 62, 55, 20, 39, 27, 74, 73, 37, 69,  9, 25, 60, 72, 93, 41, 70, 59, 84,  7,  5, 94, 42, 65, 87, 47,  1, 33, 88, 78, 80, 24, 14, 18,  2, 48,  6, 10, 96, 67, 51, 50, 76,  3, 12, 53, 36, 71, 66, 85, 22, 56, 90, 77, 63, 89, 58, 54, 29, 95, 57,  4, 31, 61, 52, 79, 45, 26, 46, 23, 83, 30, 91, 28, 11, 21, 15, 75, 40, 34, 49, 82, 35], 2229.52415122, 2238.53703772, 0.,   1.08511327,  0.        , 15.        , 28, 25, 40.5)
 (25, [32, 15, 22, 27, 81, 64, 19, 35, 16, 44, 86, 93, 92, 68, 38, 17, 43,  8, 13, 62, 55, 20, 39, 27, 74, 73, 37, 69,  9, 25, 60, 72, 41, 70, 59, 84,  7,  1, 47, 87, 65, 42, 94,  5, 33, 88, 78, 80, 24, 14, 18,  2, 48,  6, 10, 96, 67, 51, 50, 76,  3, 12, 53, 36, 71, 66, 85, 22, 56, 57, 95, 29, 54, 58, 89, 63, 77, 90,  4, 31, 61, 82, 32, 52, 79, 45, 26, 46, 23, 83, 30, 91, 28, 11, 21, 15, 75, 40, 34, 49], 2460.62256095, 2455.72720898, 0.,   2.44767599,  0.        , 29.        , 29, 15, 36.5)
 (25, [35, 14, 23, 24, 81, 19, 93, 92, 32, 38, 68, 16, 64, 17, 44, 86, 43,  8, 13, 62, 28, 20, 39, 27, 74, 73, 37, 69,  9, 25, 60, 72, 41, 70, 59, 84,  7,  5, 94, 42, 65, 87, 47,  1, 33, 88, 78, 80, 24, 14, 18,  2, 48,  6, 10, 96, 67, 51, 50, 76,  3, 12, 53, 36, 71, 66, 85, 22, 56, 57, 95, 29, 54, 58, 89, 63, 77, 90,  4, 31, 61, 52, 79, 45, 26, 46, 23, 83, 30, 91, 55, 11, 21, 15, 75, 40, 34, 49, 82, 35], 2528.63666276, 2590.46307405, 0.,   0.        ,  0.        , 21.        , 30, 21, 40.5)
 (25, [30, 10, 22, 34, 81, 19, 93, 92, 38, 68, 16, 64, 17, 44, 86, 43,  8, 13, 62, 55, 20, 39, 27, 74, 73, 37, 69,  9, 25, 60, 72, 41, 48,  2, 18, 14, 24, 80, 78, 88, 33,  1, 47, 32, 87, 65, 42, 94,  5,  7, 84, 59, 70,  6, 10, 96, 67, 51, 50,  3, 76, 12, 53, 36, 71, 66, 85, 22, 56, 57, 95, 29, 54, 58, 89, 63, 77, 90,  4, 31, 61, 52, 79, 45, 26, 46, 23, 83, 30, 91, 28, 11, 21, 15, 75, 40, 34, 49, 82, 35], 2564.50102258, 2520.23261009, 0.,  22.13420624,  0.        , 30.33333333, 31, 13, 37.5)
 (25, [31, 12, 22, 31, 81, 19, 93, 92, 38, 68, 16, 64, 17, 44, 86, 43,  8, 13, 62, 55, 20, 39, 27, 74, 73, 37, 69,  9, 25, 60, 72, 41, 70, 59, 84,  7,  5, 94, 42, 65, 87, 32, 47,  1, 33, 88, 78, 80, 24, 14, 18,  2, 48,  6, 10, 96, 67, 51, 50, 76,  3,  4, 90, 77, 63, 89, 58, 54, 29, 95, 57, 56, 22, 85, 66, 71, 36, 53, 12, 31, 61, 52, 79, 45, 26, 46, 23, 83, 30, 91, 28, 11, 21, 15, 75, 40, 34, 49, 82, 35], 2629.23065409, 2850.14741802, 0.,  59.98380588, 10.75493692, 18.66666667, 32, 23, 43.5)
 (36, [22, 25, 23, 26, 73, 89, 85, 57, 42, 43, 26, 74, 21, 60, 59, 93,  6, 48, 94, 24, 27, 82,  1, 15, 23, 66, 77, 28, 10, 61, 41, 18, 69, 88, 40, 62, 19, 72, 56, 54, 30, 68,  5, 81, 76, 95,  7, 25, 87, 71,  3, 75, 84, 65,  8, 33, 58, 34, 92, 49, 63, 51, 17, 45, 38, 78, 39, 96, 52, 46, 32, 31, 55, 90, 29, 14, 86, 44, 64, 50, 79,  4,  2, 35, 70, 47, 53, 13, 80, 20, 22, 11, 67,  9, 16, 83, 36, 12, 37, 91], 2674.98941178, 2591.0539088 , 0.,  41.96775149,  0.        , 45.        , 45,  8, 49. )
 (36, [22, 25, 23, 26, 73, 89, 85, 57, 42, 43, 26, 74, 21, 60, 59, 93,  6, 48, 94, 24, 27, 82,  1, 15, 23, 66, 77, 28, 10, 61, 41, 18, 69, 88, 40, 62, 19, 72, 56, 54, 30, 68,  5, 81, 76, 95,  7, 25, 87, 71,  3, 75, 84, 65,  8, 33, 58, 34, 92, 49, 63, 51, 17, 45, 38, 78, 39, 96, 52, 46, 32, 31, 55, 90, 29, 14, 86, 44, 64, 50, 79,  4,  2, 35, 70, 47, 53, 13, 80, 20, 22, 11, 67,  9, 16, 83, 36, 12, 37, 91], 2674.98941178, 2591.0539088 , 0.,  41.96775149,  0.        , 45.        , 45,  8, 49. )
 (25, [29, 15, 24, 28, 81, 19, 93, 92, 28, 75, 89, 64, 17, 44, 86, 43,  8, 13, 62, 55, 20, 39, 27, 74, 73, 37, 69,  9, 25, 38, 68, 16, 60, 72, 41, 70, 59, 84,  7,  5, 94, 42, 65, 87, 32, 47,  1, 33, 88, 78, 80, 24, 14, 18,  2, 48,  6, 10, 96, 67, 51, 50, 76,  3, 12, 53, 36, 71, 66, 49, 85, 22, 56, 57, 95, 29, 54, 58, 63, 77, 90,  4, 31, 61, 52, 79, 45, 26, 46, 23, 83, 30, 91, 11, 21, 15, 40, 34, 82, 35], 2683.75636008, 2761.39208789, 0.,   0.        ,  0.        , 22.        , 33, 20, 43. )
 (25, [26, 15, 27, 28, 93, 92, 38, 68, 16, 64, 17, 44, 86, 43,  8, 13, 62, 55, 20, 39, 27, 21, 34, 74, 73, 37, 69,  9, 25, 60, 72, 41, 70, 59, 84,  7,  5, 94, 42, 65, 87, 32, 47,  1, 33, 88, 78, 80, 24, 14, 18,  2, 48,  6, 10, 96, 67, 51, 50, 76,  3, 12, 53, 36, 71, 66, 85, 22, 56, 57, 95, 29, 54, 58, 89, 63, 77, 90,  4, 31, 61, 52, 79, 45, 26, 46, 23, 83, 30, 91, 28, 11, 82, 15, 75, 19, 35, 81, 49, 40], 2707.07176265, 2707.07176265, 0.,   0.        ,  0.        , 24.66666667, 34, 19, 43.5)
 (25, [31, 12, 22, 31, 81, 19, 93, 92, 38, 68, 16, 64, 17, 44, 86, 43,  8, 13, 62, 55, 20, 39, 27, 74, 73, 37, 69,  9, 25, 60, 72, 41, 70, 59, 84,  7,  5, 94, 42, 65, 87,  4, 90, 77, 63, 89, 58, 54, 29, 95, 57, 56, 22, 85, 66, 71, 36, 53, 12,  3, 76, 50, 51, 67, 96, 10,  6, 48,  2, 18, 14, 24, 80, 78, 88, 33,  1, 47, 32, 31, 61, 52, 79, 45, 26, 46, 23, 83, 30, 91, 28, 11, 21, 15, 75, 40, 34, 49, 82, 35], 2787.75267291, 3183.49477341, 0.,  79.14010361,  0.        , 19.        , 35, 22, 46. )
 (36, [33, 10, 26, 27, 81, 93, 92, 38, 68, 16, 64, 17, 44, 86, 43,  8, 13, 62, 20, 39, 27, 74, 73, 37, 69,  9, 55, 33,  1, 47, 32, 87, 65, 94,  5,  7, 84, 59, 70, 41, 72, 60, 25, 19, 75, 34, 42, 48,  6, 54, 11, 79, 88, 78, 80, 24, 14, 18,  2, 10, 96, 67, 51, 50, 76,  3, 12, 53, 36, 71, 66, 85, 22, 56, 57, 95, 29, 58, 89, 63, 77, 90,  4, 31, 61, 52, 45, 26, 28, 21, 46, 23, 83, 30, 91, 15, 40, 49, 82, 35], 2805.50451111, 2749.57034819, 0.,  27.96708146,  0.        , 47.66666667, 36,  7, 39.5)
 (25, [28, 11, 21, 36, 21, 19, 93, 92, 38, 68, 16, 64, 17, 44, 86, 43,  8, 13, 62, 55, 20, 39, 27, 74, 73, 37, 69,  9, 25, 60, 72, 41, 70, 59, 84,  7,  5, 94, 42, 65, 87, 32, 47,  1, 33, 88, 78, 80, 24, 14, 18,  2, 48,  6, 10, 96, 67, 51, 50,  3, 76, 12, 53, 36, 71, 66, 85, 22, 56, 57, 95, 29, 54, 58, 89, 63, 77, 90, 91,  4, 35, 15, 26, 30, 79, 11, 34, 75, 28, 40, 82, 31, 45, 83, 61, 52, 81, 23, 46, 49], 2841.32659709, 2985.50308407, 0.,  21.40154679,  0.        , 26.66666667, 37, 17, 45.5)
 (47, [23, 26, 23, 24, 77, 71, 19, 93, 11, 55, 51, 32, 23, 16, 90, 96, 86,  4, 47, 34, 59, 29, 42, 67, 88, 84, 92, 13, 74, 82, 66, 39, 26, 30, 87, 76,  3, 40, 36, 57, 45, 24, 25, 18, 12, 79, 64, 72,  2, 73, 69, 44, 89,  7, 21, 78, 50, 20, 54, 41, 46, 95,  9, 56,  6,  1, 33, 48, 52, 22, 75, 62, 28, 70,  8, 27, 85, 80, 43, 63, 15, 83, 68, 35, 53, 49, 37, 31, 58, 61, 94,  5, 91, 38, 60, 10, 65, 14, 17, 81], 2850.515819  , 3033.00490144, 0.,   2.24524906,  0.        , 28.66666667, 38, 16, 46. )
 (47, [23, 26, 23, 24, 77, 71, 19, 93, 11, 55, 51, 32, 23, 16, 90, 96, 86,  4, 47, 34, 59, 29, 42, 67, 88, 84, 92, 13, 74, 82, 66, 39, 26, 30, 87, 76,  3, 40, 36, 57, 45, 24, 25, 18, 12, 79, 64, 72,  2, 73, 69, 44, 89,  7, 21, 78, 50, 20, 54, 41, 46, 95,  9, 56,  6,  1, 33, 48, 52, 22, 75, 62, 28, 70,  8, 27, 85, 80, 43, 63, 15, 83, 68, 35, 53, 49, 37, 31, 58, 61, 94,  5, 91, 38, 60, 10, 65, 14, 17, 81], 2850.515819  , 3033.00490144, 0.,   2.24524906,  0.        , 28.66666667, 38, 16, 46. )
 (38, [23, 28, 23, 22, 28, 64, 58, 59, 41, 84, 31, 18, 85, 34, 82, 14, 92, 68, 67, 95, 74, 25,  3,  1, 15, 27, 76, 23, 35, 50, 62, 71, 94, 69,  6, 37, 49, 87, 19, 24, 48, 70, 17, 89, 43, 30, 44, 72, 12, 96,  2, 52, 21, 10,  7, 56, 39, 65, 33, 36, 20, 75,  8, 32, 77, 61, 79, 60, 51, 66, 83, 47, 80, 78,  4,  5, 91, 13, 57, 46, 54, 81, 55, 88, 22, 45, 53, 11, 73, 86, 29, 42, 93, 26, 40, 16, 38, 63, 90,  9], 2901.55054343, 2857.08042529, 0.,  44.6627202 ,  0.        , 39.66666667, 39,  9, 43.5)
 (38, [23, 28, 23, 22, 28, 64, 58, 59, 41, 84, 31, 18, 85, 34, 82, 14, 92, 68, 67, 95, 74, 25,  3,  1, 15, 27, 76, 23, 35, 50, 62, 71, 94, 69,  6, 37, 49, 87, 19, 24, 48, 70, 17, 89, 43, 30, 44, 72, 12, 96,  2, 52, 21, 10,  7, 56, 39, 65, 33, 36, 20, 75,  8, 32, 77, 61, 79, 60, 51, 66, 83, 47, 80, 78,  4,  5, 91, 13, 57, 46, 54, 81, 55, 88, 22, 45, 53, 11, 73, 86, 29, 42, 93, 26, 40, 16, 38, 63, 90,  9], 2901.55054343, 2857.08042529, 0.,  44.6627202 ,  0.        , 39.66666667, 39,  9, 43.5)
 (37, [25, 24, 24, 23, 84, 58, 93, 35, 45, 30,  2,  5, 96, 92, 36, 28, 12, 53, 74, 91, 65, 81, 19, 24, 46, 78, 72, 29, 52,  9, 56, 85, 14,  4, 31,  6, 23, 94, 37, 69, 41, 10,  7, 32, 75, 51, 71, 68, 42, 40, 83, 21, 26, 27, 86,  1, 63, 73, 57, 50,  8, 77, 49, 13, 82, 87, 66, 90, 60, 59, 55, 16, 88, 25, 17, 76, 64, 33, 22, 48, 54, 61, 70, 39, 79,  3, 43, 62, 18, 20, 11, 95, 34, 38, 15, 89, 47, 80, 67, 44], 2934.41884573, 2934.41884573, 0.,   0.        ,  0.        , 32.        , 40, 12, 46. )
 (37, [25, 24, 24, 23, 84, 58, 93, 35, 45, 30,  2,  5, 96, 92, 36, 28, 12, 53, 74, 91, 65, 81, 19, 24, 46, 78, 72, 29, 52,  9, 56, 85, 14,  4, 31,  6, 23, 94, 37, 69, 41, 10,  7, 32, 75, 51, 71, 68, 42, 40, 83, 21, 26, 27, 86,  1, 63, 73, 57, 50,  8, 77, 49, 13, 82, 87, 66, 90, 60, 59, 55, 16, 88, 25, 17, 76, 64, 33, 22, 48, 54, 61, 70, 39, 79,  3, 43, 62, 18, 20, 11, 95, 34, 38, 15, 89, 47, 80, 67, 44], 2934.41884573, 2934.41884573, 0.,   0.        ,  0.        , 32.        , 40, 12, 46. )
 (44, [26, 23, 24, 23,  2, 37, 50, 26, 17, 45, 14, 20, 30, 89, 74, 60, 63, 61, 10, 86, 40, 88, 65, 19, 39,  3, 31, 21, 67, 85, 72, 55,  9, 68, 51, 25, 82, 15,  1, 34, 49, 13, 33, 73, 95, 57, 96, 70,  5, 41, 44,  4, 38, 87, 59,  7, 77, 22, 48, 83, 12, 93, 62, 80, 32, 43, 94, 47, 46,  8, 71, 56, 24, 27, 54, 16, 28, 18, 66, 92, 42, 75, 23, 76, 36, 69, 53, 29, 84, 90, 79, 64, 52, 11, 35, 81, 78, 91,  6, 58], 2969.03501958, 2996.68855225, 0.,   0.17503081, 37.67363369, 37.        , 41, 10, 46. )
 (44, [26, 23, 24, 23,  2, 37, 50, 26, 17, 45, 14, 20, 30, 89, 74, 60, 63, 61, 10, 86, 40, 88, 65, 19, 39,  3, 31, 21, 67, 85, 72, 55,  9, 68, 51, 25, 82, 15,  1, 34, 49, 13, 33, 73, 95, 57, 96, 70,  5, 41, 44,  4, 38, 87, 59,  7, 77, 22, 48, 83, 12, 93, 62, 80, 32, 43, 94, 47, 46,  8, 71, 56, 24, 27, 54, 16, 28, 18, 66, 92, 42, 75, 23, 76, 36, 69, 53, 29, 84, 90, 79, 64, 52, 11, 35, 81, 78, 91,  6, 58], 2969.03501958, 2996.68855225, 0.,   0.17503081, 37.67363369, 37.        , 41, 10, 46. )
 (25, [30, 18, 19, 29, 13, 69,  9, 25, 72, 59, 42, 10, 94, 81, 37, 64, 19, 70, 41, 35, 62, 55, 20, 39, 27, 16, 44, 86, 93, 92, 68, 38, 74, 17, 43, 73,  5, 60,  8, 82,  1, 33, 65, 87, 32, 47, 88, 78,  2, 80, 24, 14, 18, 48,  6,  7, 96, 67, 51, 50, 76,  3, 12, 53, 36, 71, 85, 66, 56, 95, 29, 57, 54, 58, 22, 89, 63, 77, 90,  4, 31, 61, 52, 79, 45, 26, 46, 23, 83, 30, 91, 28, 11, 21, 15, 75, 84, 40, 34, 49], 3024.14501731, 3279.12658423, 0.,  57.17596298,  0.        , 56.        , 42,  5, 44.5)
 (49, [22, 23, 23, 28, 79, 52, 92, 76,  5,  6, 61, 93, 37, 68,  4,  7, 24, 72, 71, 11, 74, 31, 78, 26, 21, 13, 23, 48, 47, 20, 85, 18, 45, 63, 57, 44, 16, 41, 80, 88, 75, 59, 30, 40, 58, 56, 32, 94, 19, 17, 96, 86, 95, 91, 22, 15, 34, 77, 36, 33, 53, 69, 28, 46, 43, 64, 87,  1, 14, 66, 51, 90, 54,  8, 29, 62, 60, 83,  3,  2, 73, 49, 81, 39, 38, 35, 25, 50, 89, 42, 10, 27, 55, 82, 67, 70, 65, 12, 84,  9], 3467.25656548, 3783.698572  , 0., 124.49655689, 24.8066493 , 29.33333333, 43, 14, 50. )
 (25, [31, 12, 22, 31, 91, 38, 63, 30, 28, 75, 89, 64, 17, 44, 86, 43,  8, 13, 62, 55, 20, 39, 27, 74, 73, 37, 69,  9, 25, 60, 72, 41, 70, 59, 84,  7,  5, 94, 42, 65, 87, 32, 47,  1, 33, 88, 78, 80, 24, 14, 18,  2, 48,  6, 10, 96, 61, 67, 51, 50, 76,  3, 12, 53, 36, 71, 66, 85, 22, 56, 57, 95, 29, 54, 58, 68, 83, 31, 34, 16, 35, 82, 81, 40, 15, 45, 23, 21, 46, 11,  4, 77, 26, 92, 93, 49, 90, 52, 79, 19], 3566.44352282, 3605.07525842, 0.,  19.50199611,  0.        , 33.        , 44, 11, 49.5)
 (25, [26, 14, 26, 30, 81, 19, 93, 92, 38, 68, 64, 17, 44, 43,  8, 13, 39, 27, 73, 47, 69,  9, 60, 72, 41, 70, 59, 84,  5, 94, 42, 65, 87, 32, 33, 88, 78, 80, 24, 18,  2, 48, 10, 96, 67, 28, 55, 35, 91, 62, 37, 21, 22, 85, 14, 74, 25, 16,  1, 86, 29,  7, 45, 20, 83,  6, 51, 50, 76,  3, 12, 53, 36, 71, 66, 56, 57, 95, 54, 58, 89, 52, 79, 63, 77, 90,  4, 31, 61, 26, 46, 23, 30, 11, 15, 75, 40, 34, 49, 82], 3757.23264168, 3757.23264168, 0.,   0.        ,  0.        , 52.33333333, 46,  6, 49. )
 (25, [31, 18, 21, 26, 60, 45, 61, 52, 93, 15, 73, 63,  8, 72, 16, 56, 44, 58, 27, 17, 79, 21, 26, 74, 57, 46, 25, 91, 68, 70, 37, 20, 49, 59, 84,  7,  5, 94, 42, 65, 87, 32, 47,  1, 33, 88, 78, 80, 24, 14, 18,  2, 48,  6, 10, 96, 67, 51, 50, 76,  3, 12, 53, 36, 71, 66, 85, 22, 35, 77, 38, 64, 92, 39, 34, 29, 54, 41, 89, 95, 19, 23, 28,  9, 30, 43, 62, 55, 86, 31,  4, 69, 11, 82, 13, 75, 40, 83, 81, 90], 4350.87307383, 4611.92682245, 0.,   2.12853585,  0.        , 69.        , 47,  1, 47.5)
 (43, [24, 24, 25, 23,  1,  3, 89, 27, 40, 84, 44,  7, 39, 30, 75, 83, 64, 50, 79, 19, 34, 51, 52, 78, 85,  8, 57, 21, 76, 16, 33, 73,  5, 10, 31, 94, 15, 53, 25, 61,  6, 12, 14, 71,  4, 86, 70, 95, 17, 56, 92, 62, 18, 90, 54, 59, 29, 28, 49, 68, 74, 58, 82, 38, 24, 35, 77, 60, 13, 20, 63, 48, 72, 91, 88, 32, 22, 81, 46, 36, 41, 69, 45, 26, 43, 42, 37,  2, 96, 65, 80, 11, 23, 47, 55,  9, 87, 67, 93, 66], 4603.94118233, 4618.68901369, 0.,  23.53791302, 36.68429194, 57.66666667, 48,  4, 50. )
 (43, [24, 24, 25, 23,  1,  3, 89, 27, 40, 84, 44,  7, 39, 30, 75, 83, 64, 50, 79, 19, 34, 51, 52, 78, 85,  8, 57, 21, 76, 16, 33, 73,  5, 10, 31, 94, 15, 53, 25, 61,  6, 12, 14, 71,  4, 86, 70, 95, 17, 56, 92, 62, 18, 90, 54, 59, 29, 28, 49, 68, 74, 58, 82, 38, 24, 35, 77, 60, 13, 20, 63, 48, 72, 91, 88, 32, 22, 81, 46, 36, 41, 69, 45, 26, 43, 42, 37,  2, 96, 65, 80, 11, 23, 47, 55,  9, 87, 67, 93, 66], 4603.94118233, 4618.68901369, 0.,  23.53791302, 36.68429194, 57.66666667, 48,  4, 50. )
 (25, [25, 15, 23, 33, 93, 92, 38, 68, 16, 64, 17, 44, 86, 43,  8, 13, 62, 55, 20, 39, 27, 74, 73, 37, 69,  9, 25, 60, 10, 47,  7, 83,  1, 21, 59, 18, 79, 34, 96, 66, 51, 82, 65, 33, 71, 32, 15, 91, 50, 12, 75, 11, 84, 87, 70, 53, 67,  5, 41, 14, 45, 24, 94, 36, 80, 19, 72, 35, 56, 57, 95, 29, 54, 58, 89, 63, 77, 90,  4, 31, 61, 52, 88, 28, 78, 81,  2, 48, 49, 30,  3, 22, 76, 23, 46, 26,  6, 42, 40, 85], 4935.30792253, 4918.59634965, 0.,  30.78344757,  0.        , 65.33333333, 49,  3, 50.5)
 (25, [30, 13, 24, 29, 81, 19, 93, 92, 38, 64, 86, 43, 13, 62, 87, 73, 50,  1, 63,  8, 72, 59, 18, 16,  5, 56, 44, 58, 27, 51, 32, 17, 33, 79, 21, 26, 74, 42, 57, 46, 25, 80, 65, 91, 85,  3, 22, 68, 70, 88, 37, 20, 49,  6, 36, 35, 55, 39, 69,  9, 60, 41, 84,  7, 94, 47, 78, 24, 14,  2, 48, 10, 96, 67, 76, 12, 53, 71, 66, 95, 29, 54, 89, 77, 90,  4, 31, 61, 52, 45, 23, 83, 30, 28, 11, 15, 75, 40, 34, 82], 4999.2870839 , 5098.13420814, 0.,   0.        ,  0.        , 66.33333333, 50,  2, 51. )]