
Total Runtime in seconds: 163.6998143196106Parameters:
population_size: 100, max_generations: 1000, executed generations: 1000, threshold_no_improvement: 500
target feasible proportion: 25
fitness_scaling: power_rank, selection_method: n_tournaments
p_c: 0.8, p_m: 0.4
tournament_size: 2, n_elite: 12
survivor_selection_step: 200, p_selection_survival: 0.7
kill clone step: 100
diversify_step: 300, diversify_step: 300, p_diversify_survival: 0.3
n_closest_neighbors: 3, diversity_weight: 0.5, distance_method: broken_pairs_distance
capacity_penalty_factor: 2, duration_penalty_factor 2, time_window_penalty: 2
Best fitness all generations, best individual before/after local search: 1529.8631733497052, 1539.3733393613186 / 1539.3733393613186
Best individual found before local search: (89, [14,  9, 12, 13, 41, 36, 26, 45,  6,  3, 27, 35, 47, 38, 40, 32,  7, 37, 39, 24, 21, 43, 22, 42, 46, 48, 11,  4, 19,  1, 16, 13, 33, 20, 29,  8,  5, 17, 18, 25, 15, 12, 30,  2, 31, 14, 28, 23,  9, 34, 10, 44], 1539.37333936, 1539.37333936, 0., 0., 0., 0., 0, 0, 0.)
Best individual found after local search: (89, [14,  9, 12, 13, 41, 36, 26, 45,  6,  3, 27, 35, 47, 38, 40, 32,  7, 37, 39, 24, 21, 43, 22, 42, 46, 48, 11,  4, 19,  1, 16, 13, 33, 20, 29,  8,  5, 17, 18, 25, 15, 12, 30,  2, 31, 14, 28, 23,  9, 34, 10, 44], 1539.37333936, 1539.37333936, 0., 0., 0., 0., 0, 0, 0.)
Best feasible individual found: (89, [14,  9, 12, 13, 41, 36, 26, 45,  6,  3, 27, 35, 47, 38, 40, 32,  7, 37, 39, 24, 21, 43, 22, 42, 46, 48, 11,  4, 19,  1, 16, 13, 33, 20, 29,  8,  5, 17, 18, 25, 15, 12, 30,  2, 31, 14, 28, 23,  9, 34, 10, 44], 1539.37333936, 1539.37333936, 0., 0., 0., 0., 0, 0, 0.)

Fitness stats min: [3463.54223331 3498.50258311 3371.27066632 3282.77124303 3282.77124303
 3176.50192382 3144.24295077 3089.58765964 3026.13679931 2881.3887855
 2881.3887855  2881.3887855  2881.3887855  2661.3364496  2661.3364496
 2661.3364496  2661.3364496  2661.3364496  2604.60664115 2587.0980008
 2659.25718312 2573.30225367 2460.18251768 2460.18251768 2454.44826395
 2454.44826395 2410.2099297  2380.02972266 2286.88302839 2286.88302839
 2286.88302839 2286.88302839 2286.88302839 2286.88302839 2286.88302839
 2274.09571603 2274.09571603 2237.08472335 2237.08472335 2195.50088671
 2195.50088671 2195.50088671 2168.81773415 2164.36206058 2126.42090462
 2126.42090462 2113.07114347 2107.21126785 2100.13911707 2041.77936823
 2041.77936823 2041.77936823 2041.77936823 2004.73670834 1966.49220753
 1966.49220753 1923.26709263 1923.26709263 1923.26709263 1913.6777535
 1900.64080063 1900.64080063 1900.64080063 1900.64080063 1900.64080063
 1900.64080063 1880.67720362 1880.67720362 1880.67720362 1844.36697657
 1844.36697657 1844.36697657 1844.36697657 1844.36697657 1844.36697657
 1844.36697657 1844.36697657 1844.36697657 1829.76533802 1829.76533802
 1829.76533802 1829.76533802 1807.96896457 1807.96896457 1807.96896457
 1807.96896457 1807.96896457 1807.96896457 1807.96896457 1804.232375
 1772.21651755 1772.21651755 1772.21651755 1772.21651755 1772.21651755
 1772.21651755 1772.21651755 1768.76579523 1768.76579523 1767.19137728
 1767.19137728 1761.89823709 1761.89823709 1761.89823709 1761.50840351
 1746.38623649 1746.38623649 1746.38623649 1738.30975758 1738.30975758
 1738.30975758 1738.30975758 1738.30975758 1738.30975758 1738.30975758
 1738.30975758 1725.94670962 1725.94670962 1725.94670962 1725.94670962
 1711.90290204 1711.90290204 1711.90290204 1710.98944729 1710.98944729
 1710.98944729 1710.98944729 1710.98944729 1710.98944729 1683.52712144
 1683.52712144 1683.52712144 1683.52712144 1683.52712144 1683.52712144
 1683.52712144 1683.52712144 1683.52712144 1683.52712144 1683.52712144
 1683.52712144 1683.52712144 1683.52712144 1683.52712144 1683.52712144
 1683.52712144 1683.52712144 1682.70700139 1670.4875805  1670.4875805
 1650.71999527 1648.47316476 1670.4875805  1670.4875805  1670.4875805
 1670.4875805  1660.42728633 1660.42728633 1660.42728633 1660.42728633
 1660.42728633 1660.42728633 1657.98521638 1657.98521638 1657.98521638
 1657.98521638 1634.66838044 1634.66838044 1634.66838044 1634.66838044
 1634.66838044 1634.66838044 1634.66838044 1634.66838044 1634.66838044
 1634.66838044 1634.66838044 1634.66838044 1634.66838044 1634.66838044
 1634.66838044 1628.65490776 1628.65490776 1628.65490776 1628.65490776
 1626.60612157 1626.60612157 1626.60612157 1626.60612157 1626.60612157
 1626.60612157 1626.60612157 1626.60612157 1626.60612157 1620.59264889
 1620.59264889 1620.59264889 1620.59264889 1620.59264889 1620.59264889
 1620.59264889 1620.59264889 1620.59264889 1620.59264889 1620.59264889
 1620.59264889 1620.59264889 1620.59264889 1620.59264889 1620.59264889
 1620.59264889 1620.59264889 1620.59264889 1620.59264889 1620.59264889
 1620.59264889 1620.59264889 1620.59264889 1620.59264889 1620.59264889
 1620.59264889 1620.59264889 1608.73242446 1608.73242446 1608.73242446
 1608.73242446 1608.73242446 1608.73242446 1608.73242446 1608.73242446
 1608.73242446 1608.73242446 1608.73242446 1608.73242446 1608.73242446
 1608.73242446 1608.73242446 1608.73242446 1608.73242446 1608.73242446
 1608.73242446 1608.73242446 1608.73242446 1608.73242446 1608.73242446
 1608.73242446 1608.73242446 1608.73242446 1608.73242446 1608.73242446
 1606.48559396 1606.48559396 1606.48559396 1606.48559396 1606.48559396
 1606.48559396 1606.48559396 1606.48559396 1606.48559396 1606.48559396
 1606.48559396 1606.48559396 1606.48559396 1606.48559396 1606.48559396
 1606.48559396 1606.48559396 1606.48559396 1606.48559396 1606.48559396
 1606.48559396 1570.11450629 1570.11450629 1570.11450629 1606.48559396
 1606.48559396 1606.48559396 1606.48559396 1606.48559396 1606.48559396
 1606.48559396 1605.58365784 1605.58365784 1605.58365784 1594.50986901
 1594.50986901 1594.50986901 1594.50986901 1594.50986901 1594.50986901
 1594.50986901 1594.50986901 1594.50986901 1594.50986901 1594.50986901
 1594.50986901 1594.50986901 1594.50986901 1594.50986901 1594.50986901
 1594.50986901 1594.50986901 1594.50986901 1594.50986901 1594.50986901
 1594.50986901 1548.57991055 1548.57991055 1594.50986901 1594.50986901
 1594.50986901 1594.50986901 1594.50986901 1594.50986901 1594.50986901
 1594.50986901 1594.50986901 1594.50986901 1594.50986901 1594.50986901
 1594.50986901 1594.50986901 1594.50986901 1594.50986901 1594.50986901
 1594.50986901 1594.50986901 1594.50986901 1594.50986901 1594.50986901
 1594.50986901 1594.50986901 1594.50986901 1594.50986901 1594.50986901
 1594.50986901 1594.50986901 1594.50986901 1594.50986901 1594.50986901
 1594.50986901 1594.50986901 1594.50986901 1594.50986901 1594.50986901
 1594.50986901 1594.50986901 1594.50986901 1594.50986901 1594.50986901
 1594.50986901 1594.50986901 1594.50986901 1594.50986901 1594.50986901
 1594.50986901 1594.50986901 1594.50986901 1594.50986901 1594.50986901
 1594.50986901 1594.50986901 1594.50986901 1594.50986901 1594.50986901
 1548.57991055 1548.57991055 1548.57991055 1548.57991055 1548.57991055
 1548.57991055 1548.57991055 1548.57991055 1548.57991055 1548.57991055
 1548.57991055 1548.57991055 1548.57991055 1548.57991055 1562.73818419
 1562.73818419 1562.73818419 1562.73818419 1562.73818419 1562.73818419
 1562.73818419 1548.57991055 1548.57991055 1548.57991055 1548.57991055
 1548.57991055 1548.57991055 1548.57991055 1548.57991055 1548.57991055
 1548.57991055 1548.57991055 1548.57991055 1548.57991055 1548.57991055
 1548.57991055 1548.57991055 1548.57991055 1548.57991055 1548.57991055
 1548.57991055 1548.57991055 1548.57991055 1548.57991055 1548.57991055
 1548.57991055 1548.57991055 1548.57991055 1548.57991055 1548.57991055
 1548.57991055 1548.57991055 1548.57991055 1548.57991055 1548.57991055
 1548.57991055 1548.57991055 1548.57991055 1548.57991055 1548.57991055
 1548.57991055 1548.57991055 1548.57991055 1548.57991055 1548.57991055
 1548.57991055 1548.57991055 1548.57991055 1548.57991055 1548.57991055
 1548.57991055 1548.57991055 1548.57991055 1548.57991055 1548.57991055
 1548.57991055 1548.57991055 1548.57991055 1548.57991055 1548.57991055
 1548.57991055 1548.57991055 1548.57991055 1548.57991055 1548.57991055
 1548.57991055 1548.57991055 1548.57991055 1548.57991055 1548.57991055
 1548.57991055 1548.57991055 1548.57991055 1548.57991055 1548.57991055
 1548.57991055 1548.57991055 1548.57991055 1548.57991055 1548.57991055
 1548.57991055 1548.57991055 1548.57991055 1548.57991055 1548.57991055
 1548.57991055 1548.57991055 1548.57991055 1548.57991055 1548.57991055
 1548.57991055 1548.57991055 1548.57991055 1548.57991055 1548.57991055
 1548.57991055 1548.57991055 1548.57991055 1548.57991055 1548.57991055
 1548.57991055 1548.57991055 1548.57991055 1548.57991055 1548.57991055
 1548.57991055 1548.57991055 1548.57991055 1536.52996715 1536.52996715
 1548.57991055 1548.57991055 1548.57991055 1548.57991055 1548.57991055
 1548.57991055 1548.57991055 1548.57991055 1548.57991055 1548.57991055
 1548.57991055 1548.57991055 1548.57991055 1548.57991055 1548.57991055
 1548.57991055 1548.57991055 1548.57991055 1548.57991055 1548.57991055
 1548.57991055 1548.57991055 1548.57991055 1548.57991055 1548.57991055
 1548.57991055 1548.57991055 1548.57991055 1548.57991055 1548.57991055
 1548.57991055 1548.57991055 1548.57991055 1548.57991055 1548.57991055
 1548.57991055 1548.57991055 1548.57991055 1548.57991055 1548.57991055
 1548.57991055 1548.57991055 1548.57991055 1548.57991055 1548.57991055
 1548.57991055 1548.57991055 1548.57991055 1548.57991055 1548.57991055
 1548.57991055 1548.57991055 1548.57991055 1548.57991055 1548.57991055
 1548.57991055 1548.57991055 1548.57991055 1548.57991055 1562.9868124
 1562.9868124  1594.50986901 1594.50986901 1594.50986901 1594.50986901
 1594.50986901 1594.50986901 1594.50986901 1594.50986901 1594.50986901
 1594.50986901 1548.57991055 1548.57991055 1594.50986901 1594.50986901
 1594.50986901 1594.50986901 1594.50986901 1594.50986901 1594.50986901
 1594.50986901 1594.50986901 1594.50986901 1594.50986901 1594.50986901
 1594.50986901 1594.50986901 1594.50986901 1594.50986901 1594.50986901
 1594.50986901 1594.50986901 1594.50986901 1594.50986901 1594.50986901
 1594.50986901 1594.50986901 1594.50986901 1594.50986901 1594.50986901
 1594.50986901 1594.50986901 1594.50986901 1594.50986901 1594.50986901
 1594.50986901 1594.50986901 1594.50986901 1594.50986901 1594.50986901
 1594.50986901 1594.50986901 1594.50986901 1594.50986901 1594.50986901
 1594.50986901 1594.50986901 1594.50986901 1594.50986901 1594.50986901
 1594.50986901 1594.50986901 1594.50986901 1594.50986901 1594.50986901
 1594.50986901 1594.50986901 1594.50986901 1594.50986901 1594.50986901
 1594.50986901 1594.50986901 1594.50986901 1594.50986901 1594.50986901
 1594.50986901 1594.50986901 1594.50986901 1594.50986901 1594.50986901
 1594.50986901 1582.4599256  1582.4599256  1582.4599256  1582.4599256
 1582.4599256  1582.4599256  1582.4599256  1582.4599256  1582.4599256
 1582.4599256  1582.4599256  1582.4599256  1582.4599256  1594.50986901
 1594.50986901 1594.50986901 1594.50986901 1594.50986901 1594.50986901
 1594.50986901 1594.50986901 1594.50986901 1594.50986901 1594.50986901
 1594.50986901 1594.50986901 1594.50986901 1594.50986901 1594.50986901
 1594.50986901 1594.50986901 1594.50986901 1594.50986901 1594.50986901
 1594.50986901 1594.50986901 1594.50986901 1594.50986901 1594.50986901
 1594.50986901 1594.50986901 1594.50986901 1594.50986901 1594.50986901
 1594.50986901 1582.4599256  1594.50986901 1594.50986901 1594.50986901
 1594.50986901 1582.4599256  1594.50986901 1594.50986901 1594.50986901
 1594.50986901 1594.50986901 1594.50986901 1594.50986901 1594.50986901
 1594.50986901 1594.50986901 1594.50986901 1594.50986901 1594.50986901
 1594.50986901 1594.50986901 1594.50986901 1594.50986901 1594.50986901
 1594.50986901 1594.50986901 1594.50986901 1594.50986901 1566.69325606
 1566.69325606 1566.69325606 1566.69325606 1566.69325606 1566.69325606
 1566.69325606 1550.84550633 1550.84550633 1550.84550633 1550.84550633
 1550.84550633 1550.84550633 1550.84550633 1550.84550633 1550.84550633
 1550.84550633 1550.84550633 1550.84550633 1541.91311675 1541.91311675
 1541.91311675 1541.91311675 1541.91311675 1541.91311675 1541.91311675
 1541.91311675 1541.91311675 1541.91311675 1541.91311675 1541.91311675
 1541.91311675 1541.91311675 1541.91311675 1541.91311675 1529.86317335
 1541.91311675 1541.91311675 1541.91311675 1541.91311675 1541.91311675
 1541.91311675 1541.91311675 1541.91311675 1541.91311675 1541.91311675
 1541.91311675 1541.91311675 1541.91311675 1541.91311675 1541.91311675
 1541.91311675 1541.91311675 1541.91311675 1541.91311675 1541.91311675
 1541.91311675 1541.91311675 1541.91311675 1541.91311675 1541.91311675
 1541.91311675 1541.91311675 1541.91311675 1541.91311675 1541.91311675
 1541.91311675 1541.91311675 1541.91311675 1541.91311675 1541.91311675
 1541.91311675 1541.91311675 1541.91311675 1541.91311675 1541.91311675
 1541.91311675 1541.91311675 1541.91311675 1541.91311675 1541.91311675
 1541.91311675 1541.91311675 1541.91311675 1541.91311675 1541.91311675
 1541.91311675 1541.91311675 1541.91311675 1541.91311675 1541.91311675
 1541.91311675 1541.91311675 1541.91311675 1541.91311675 1541.91311675
 1541.91311675 1541.91311675 1541.91311675 1541.91311675 1541.91311675
 1541.91311675 1541.91311675 1541.91311675 1541.91311675 1541.91311675
 1541.91311675 1541.91311675 1541.91311675 1541.91311675 1541.91311675
 1541.91311675 1541.91311675 1541.91311675 1541.91311675 1541.91311675
 1541.91311675 1541.91311675 1541.91311675 1541.91311675 1541.91311675
 1541.91311675 1541.91311675 1541.91311675 1541.91311675 1541.91311675
 1541.91311675 1541.91311675 1541.91311675 1541.91311675 1541.91311675
 1541.91311675 1541.91311675 1541.91311675 1541.91311675 1541.91311675
 1541.91311675 1541.91311675 1541.91311675 1541.91311675 1541.91311675
 1541.91311675 1541.91311675 1541.91311675 1541.91311675 1541.91311675
 1541.91311675 1541.91311675 1541.91311675 1541.91311675 1541.91311675
 1541.91311675 1541.91311675 1541.91311675 1541.91311675 1541.91311675
 1541.91311675 1541.91311675 1541.91311675 1541.91311675 1541.91311675
 1541.91311675 1541.91311675 1541.91311675 1541.91311675 1541.91311675
 1541.91311675 1541.91311675 1541.91311675 1541.91311675 1541.91311675
 1541.91311675 1541.91311675 1541.91311675 1541.91311675 1541.91311675
 1541.91311675 1541.91311675 1541.91311675 1541.91311675 1541.91311675
 1541.91311675 1541.91311675 1541.91311675 1541.91311675 1541.91311675
 1541.91311675 1541.91311675 1541.91311675 1541.91311675 1541.91311675
 1541.91311675 1541.91311675 1541.91311675 1541.91311675 1541.91311675
 1529.86317335 1529.86317335 1541.91311675 1541.91311675 1541.91311675
 1541.91311675 1541.91311675 1541.91311675 1541.91311675 1541.91311675
 1541.91311675 1541.91311675 1539.37333936 1539.37333936 1539.37333936
 1539.37333936 1539.37333936 1539.37333936 1539.37333936 1539.37333936
 1539.37333936 1539.37333936 1539.37333936 1539.37333936 1539.37333936
 1539.37333936 1539.37333936 1539.37333936 1539.37333936 1539.37333936
 1539.37333936 1539.37333936 1539.37333936 1539.37333936 1539.37333936
 1539.37333936 1539.37333936 1539.37333936 1539.37333936 1539.37333936
 1539.37333936 1539.37333936 1539.37333936 1539.37333936 1539.37333936
 1539.37333936 1539.37333936 1539.37333936 1539.37333936 1539.37333936
 1539.37333936 1539.37333936 1539.37333936 1539.37333936 1539.37333936
 1539.37333936 1539.37333936 1539.37333936 1539.37333936 1539.37333936
 1539.37333936 1539.37333936 1539.37333936 1539.37333936 1539.37333936
 1539.37333936 1539.37333936 1539.37333936 1539.37333936 1539.37333936
 1539.37333936 1539.37333936 1539.37333936 1539.37333936 1539.37333936
 1539.37333936 1539.37333936 1539.37333936 1539.37333936 1539.37333936
 1539.37333936 1539.37333936 1539.37333936 1539.37333936 1539.37333936
 1539.37333936 1539.37333936 1539.37333936 1539.37333936 1539.37333936
 1539.37333936 1539.37333936 1539.37333936 1539.37333936 1539.37333936
 1539.37333936] 

Fitness stats feasible min: [3629.06844859 3544.51682029 3544.51682029 3282.77124303 3282.77124303
 3176.50192382 3176.50192382 3089.58765964 3026.13679931 2881.3887855
 2881.3887855  2881.3887855  2881.3887855  2661.3364496  2661.3364496
 2661.3364496  2661.3364496  2661.3364496  2661.3364496  2661.3364496
 2659.25718312 2575.62289626 2460.18251768 2460.18251768 2460.18251768
 2460.18251768 2439.06447024 2380.02972266 2286.88302839 2286.88302839
 2286.88302839 2286.88302839 2286.88302839 2286.88302839 2286.88302839
 2274.09571603 2274.09571603 2237.08472335 2237.08472335 2195.50088671
 2195.50088671 2195.50088671 2168.81773415 2164.36206058 2126.42090462
 2126.42090462 2113.07114347 2107.21126785 2100.13911707 2041.77936823
 2041.77936823 2041.77936823 2041.77936823 2004.73670834 1966.49220753
 1966.49220753 1923.26709263 1923.26709263 1923.26709263 1913.6777535
 1900.64080063 1900.64080063 1900.64080063 1900.64080063 1900.64080063
 1900.64080063 1880.67720362 1880.67720362 1880.67720362 1844.36697657
 1844.36697657 1844.36697657 1844.36697657 1844.36697657 1844.36697657
 1844.36697657 1844.36697657 1844.36697657 1829.76533802 1829.76533802
 1829.76533802 1829.76533802 1807.96896457 1807.96896457 1807.96896457
 1807.96896457 1807.96896457 1807.96896457 1807.96896457 1804.232375
 1772.21651755 1772.21651755 1772.21651755 1772.21651755 1772.21651755
 1772.21651755 1772.21651755 1768.76579523 1768.76579523 1767.19137728
 1767.19137728 1761.89823709 1761.89823709 1761.89823709 1761.50840351
 1746.38623649 1746.38623649 1746.38623649 1738.30975758 1738.30975758
 1738.30975758 1738.30975758 1738.30975758 1738.30975758 1738.30975758
 1738.30975758 1725.94670962 1725.94670962 1725.94670962 1725.94670962
 1711.90290204 1711.90290204 1711.90290204 1710.98944729 1710.98944729
 1710.98944729 1710.98944729 1710.98944729 1710.98944729 1683.52712144
 1683.52712144 1683.52712144 1683.52712144 1683.52712144 1683.52712144
 1683.52712144 1683.52712144 1683.52712144 1683.52712144 1683.52712144
 1683.52712144 1683.52712144 1683.52712144 1683.52712144 1683.52712144
 1683.52712144 1683.52712144 1682.70700139 1670.4875805  1670.4875805
 1670.4875805  1670.4875805  1670.4875805  1670.4875805  1670.4875805
 1670.4875805  1660.42728633 1660.42728633 1660.42728633 1660.42728633
 1660.42728633 1660.42728633 1657.98521638 1657.98521638 1657.98521638
 1657.98521638 1634.66838044 1634.66838044 1634.66838044 1634.66838044
 1634.66838044 1634.66838044 1634.66838044 1634.66838044 1634.66838044
 1634.66838044 1634.66838044 1634.66838044 1634.66838044 1634.66838044
 1634.66838044 1628.65490776 1628.65490776 1628.65490776 1628.65490776
 1626.60612157 1626.60612157 1626.60612157 1626.60612157 1626.60612157
 1626.60612157 1626.60612157 1626.60612157 1626.60612157 1620.59264889
 1620.59264889 1620.59264889 1620.59264889 1620.59264889 1620.59264889
 1620.59264889 1620.59264889 1620.59264889 1620.59264889 1620.59264889
 1620.59264889 1620.59264889 1620.59264889 1620.59264889 1620.59264889
 1620.59264889 1620.59264889 1620.59264889 1620.59264889 1620.59264889
 1620.59264889 1620.59264889 1620.59264889 1620.59264889 1620.59264889
 1620.59264889 1620.59264889 1608.73242446 1608.73242446 1608.73242446
 1608.73242446 1608.73242446 1608.73242446 1608.73242446 1608.73242446
 1608.73242446 1608.73242446 1608.73242446 1608.73242446 1608.73242446
 1608.73242446 1608.73242446 1608.73242446 1608.73242446 1608.73242446
 1608.73242446 1608.73242446 1608.73242446 1608.73242446 1608.73242446
 1608.73242446 1608.73242446 1608.73242446 1608.73242446 1608.73242446
 1606.48559396 1606.48559396 1606.48559396 1606.48559396 1606.48559396
 1606.48559396 1606.48559396 1606.48559396 1606.48559396 1606.48559396
 1606.48559396 1606.48559396 1606.48559396 1606.48559396 1606.48559396
 1606.48559396 1606.48559396 1606.48559396 1606.48559396 1606.48559396
 1606.48559396 1606.48559396 1606.48559396 1606.48559396 1606.48559396
 1606.48559396 1606.48559396 1606.48559396 1606.48559396 1606.48559396
 1606.48559396 1605.58365784 1605.58365784 1605.58365784 1594.50986901
 1594.50986901 1594.50986901 1594.50986901 1594.50986901 1594.50986901
 1594.50986901 1594.50986901 1594.50986901 1594.50986901 1594.50986901
 1594.50986901 1594.50986901 1594.50986901 1594.50986901 1594.50986901
 1594.50986901 1594.50986901 1594.50986901 1594.50986901 1594.50986901
 1594.50986901 1594.50986901 1594.50986901 1594.50986901 1594.50986901
 1594.50986901 1594.50986901 1594.50986901 1594.50986901 1594.50986901
 1594.50986901 1594.50986901 1594.50986901 1594.50986901 1594.50986901
 1594.50986901 1594.50986901 1594.50986901 1594.50986901 1594.50986901
 1594.50986901 1594.50986901 1594.50986901 1594.50986901 1594.50986901
 1594.50986901 1594.50986901 1594.50986901 1594.50986901 1594.50986901
 1594.50986901 1594.50986901 1594.50986901 1594.50986901 1594.50986901
 1594.50986901 1594.50986901 1594.50986901 1594.50986901 1594.50986901
 1594.50986901 1594.50986901 1594.50986901 1594.50986901 1594.50986901
 1594.50986901 1594.50986901 1594.50986901 1594.50986901 1594.50986901
 1594.50986901 1594.50986901 1594.50986901 1594.50986901 1594.50986901
 1594.50986901 1594.50986901 1594.50986901 1594.50986901 1594.50986901
 1594.50986901 1594.50986901 1594.50986901 1594.50986901 1594.50986901
 1594.50986901 1594.50986901 1594.50986901 1594.50986901 1594.50986901
 1594.50986901 1594.50986901 1594.50986901 1594.50986901 1594.50986901
 1594.50986901 1594.50986901 1594.50986901 1594.50986901 1594.50986901
 1594.50986901 1594.50986901 1594.50986901 1594.50986901 1594.50986901
 1594.50986901 1594.50986901 1594.50986901 1594.50986901 1594.50986901
 1594.50986901 1594.50986901 1594.50986901 1594.50986901 1594.50986901
 1594.50986901 1594.50986901 1594.50986901 1594.50986901 1594.50986901
 1594.50986901 1594.50986901 1594.50986901 1594.50986901 1594.50986901
 1594.50986901 1594.50986901 1594.50986901 1594.50986901 1594.50986901
 1594.50986901 1594.50986901 1594.50986901 1594.50986901 1594.50986901
 1594.50986901 1594.50986901 1594.50986901 1594.50986901 1594.50986901
 1594.50986901 1594.50986901 1594.50986901 1594.50986901 1594.50986901
 1594.50986901 1594.50986901 1594.50986901 1594.50986901 1594.50986901
 1594.50986901 1594.50986901 1594.50986901 1594.50986901 1594.50986901
 1594.50986901 1594.50986901 1594.50986901 1594.50986901 1594.50986901
 1594.50986901 1594.50986901 1594.50986901 1594.50986901 1594.50986901
 1594.50986901 1594.50986901 1594.50986901 1594.50986901 1594.50986901
 1594.50986901 1594.50986901 1594.50986901 1594.50986901 1594.50986901
 1594.50986901 1594.50986901 1594.50986901 1594.50986901 1594.50986901
 1594.50986901 1594.50986901 1594.50986901 1594.50986901 1594.50986901
 1594.50986901 1594.50986901 1594.50986901 1594.50986901 1594.50986901
 1594.50986901 1594.50986901 1594.50986901 1594.50986901 1594.50986901
 1594.50986901 1594.50986901 1594.50986901 1594.50986901 1594.50986901
 1594.50986901 1594.50986901 1594.50986901 1594.50986901 1594.50986901
 1594.50986901 1594.50986901 1594.50986901 1594.50986901 1594.50986901
 1594.50986901 1594.50986901 1594.50986901 1594.50986901 1594.50986901
 1594.50986901 1594.50986901 1594.50986901 1594.50986901 1594.50986901
 1594.50986901 1594.50986901 1594.50986901 1594.50986901 1594.50986901
 1594.50986901 1594.50986901 1594.50986901 1594.50986901 1594.50986901
 1594.50986901 1594.50986901 1594.50986901 1594.50986901 1594.50986901
 1594.50986901 1594.50986901 1594.50986901 1594.50986901 1594.50986901
 1594.50986901 1594.50986901 1594.50986901 1594.50986901 1594.50986901
 1594.50986901 1594.50986901 1594.50986901 1594.50986901 1594.50986901
 1594.50986901 1594.50986901 1594.50986901 1594.50986901 1594.50986901
 1594.50986901 1594.50986901 1594.50986901 1594.50986901 1594.50986901
 1594.50986901 1594.50986901 1594.50986901 1594.50986901 1594.50986901
 1594.50986901 1594.50986901 1594.50986901 1594.50986901 1594.50986901
 1594.50986901 1594.50986901 1594.50986901 1594.50986901 1594.50986901
 1594.50986901 1594.50986901 1594.50986901 1594.50986901 1594.50986901
 1594.50986901 1594.50986901 1594.50986901 1594.50986901 1594.50986901
 1594.50986901 1594.50986901 1594.50986901 1594.50986901 1594.50986901
 1594.50986901 1594.50986901 1594.50986901 1594.50986901 1594.50986901
 1594.50986901 1594.50986901 1594.50986901 1594.50986901 1594.50986901
 1594.50986901 1594.50986901 1594.50986901 1594.50986901 1594.50986901
 1594.50986901 1594.50986901 1594.50986901 1594.50986901 1594.50986901
 1594.50986901 1594.50986901 1594.50986901 1594.50986901 1594.50986901
 1594.50986901 1594.50986901 1594.50986901 1594.50986901 1594.50986901
 1594.50986901 1594.50986901 1594.50986901 1594.50986901 1594.50986901
 1594.50986901 1594.50986901 1594.50986901 1594.50986901 1594.50986901
 1594.50986901 1594.50986901 1594.50986901 1594.50986901 1594.50986901
 1594.50986901 1594.50986901 1594.50986901 1594.50986901 1594.50986901
 1594.50986901 1594.50986901 1594.50986901 1594.50986901 1594.50986901
 1594.50986901 1594.50986901 1594.50986901 1594.50986901 1594.50986901
 1594.50986901 1594.50986901 1594.50986901 1594.50986901 1594.50986901
 1594.50986901 1594.50986901 1594.50986901 1594.50986901 1594.50986901
 1594.50986901 1594.50986901 1594.50986901 1594.50986901 1594.50986901
 1594.50986901 1594.50986901 1594.50986901 1594.50986901 1594.50986901
 1594.50986901 1594.50986901 1594.50986901 1594.50986901 1594.50986901
 1594.50986901 1594.50986901 1594.50986901 1594.50986901 1594.50986901
 1594.50986901 1594.50986901 1594.50986901 1594.50986901 1594.50986901
 1594.50986901 1594.50986901 1594.50986901 1594.50986901 1594.50986901
 1594.50986901 1594.50986901 1594.50986901 1594.50986901 1594.50986901
 1594.50986901 1594.50986901 1594.50986901 1594.50986901 1594.50986901
 1594.50986901 1594.50986901 1594.50986901 1594.50986901 1594.50986901
 1594.50986901 1594.50986901 1594.50986901 1594.50986901 1594.50986901
 1594.50986901 1594.50986901 1594.50986901 1594.50986901 1594.50986901
 1594.50986901 1594.50986901 1594.50986901 1594.50986901 1594.50986901
 1594.50986901 1594.50986901 1594.50986901 1594.50986901 1566.69325606
 1566.69325606 1566.69325606 1566.69325606 1566.69325606 1566.69325606
 1566.69325606 1550.84550633 1550.84550633 1550.84550633 1550.84550633
 1550.84550633 1550.84550633 1550.84550633 1550.84550633 1550.84550633
 1550.84550633 1550.84550633 1550.84550633 1541.91311675 1541.91311675
 1541.91311675 1541.91311675 1541.91311675 1541.91311675 1541.91311675
 1541.91311675 1541.91311675 1541.91311675 1541.91311675 1541.91311675
 1541.91311675 1541.91311675 1541.91311675 1541.91311675 1541.91311675
 1541.91311675 1541.91311675 1541.91311675 1541.91311675 1541.91311675
 1541.91311675 1541.91311675 1541.91311675 1541.91311675 1541.91311675
 1541.91311675 1541.91311675 1541.91311675 1541.91311675 1541.91311675
 1541.91311675 1541.91311675 1541.91311675 1541.91311675 1541.91311675
 1541.91311675 1541.91311675 1541.91311675 1541.91311675 1541.91311675
 1541.91311675 1541.91311675 1541.91311675 1541.91311675 1541.91311675
 1541.91311675 1541.91311675 1541.91311675 1541.91311675 1541.91311675
 1541.91311675 1541.91311675 1541.91311675 1541.91311675 1541.91311675
 1541.91311675 1541.91311675 1541.91311675 1541.91311675 1541.91311675
 1541.91311675 1541.91311675 1541.91311675 1541.91311675 1541.91311675
 1541.91311675 1541.91311675 1541.91311675 1541.91311675 1541.91311675
 1541.91311675 1541.91311675 1541.91311675 1541.91311675 1541.91311675
 1541.91311675 1541.91311675 1541.91311675 1541.91311675 1541.91311675
 1541.91311675 1541.91311675 1541.91311675 1541.91311675 1541.91311675
 1541.91311675 1541.91311675 1541.91311675 1541.91311675 1541.91311675
 1541.91311675 1541.91311675 1541.91311675 1541.91311675 1541.91311675
 1541.91311675 1541.91311675 1541.91311675 1541.91311675 1541.91311675
 1541.91311675 1541.91311675 1541.91311675 1541.91311675 1541.91311675
 1541.91311675 1541.91311675 1541.91311675 1541.91311675 1541.91311675
 1541.91311675 1541.91311675 1541.91311675 1541.91311675 1541.91311675
 1541.91311675 1541.91311675 1541.91311675 1541.91311675 1541.91311675
 1541.91311675 1541.91311675 1541.91311675 1541.91311675 1541.91311675
 1541.91311675 1541.91311675 1541.91311675 1541.91311675 1541.91311675
 1541.91311675 1541.91311675 1541.91311675 1541.91311675 1541.91311675
 1541.91311675 1541.91311675 1541.91311675 1541.91311675 1541.91311675
 1541.91311675 1541.91311675 1541.91311675 1541.91311675 1541.91311675
 1541.91311675 1541.91311675 1541.91311675 1541.91311675 1541.91311675
 1541.91311675 1541.91311675 1541.91311675 1541.91311675 1541.91311675
 1541.91311675 1541.91311675 1541.91311675 1541.91311675 1541.91311675
 1541.91311675 1541.91311675 1541.91311675 1541.91311675 1541.91311675
 1541.91311675 1541.91311675 1541.91311675 1541.91311675 1541.91311675
 1541.91311675 1541.91311675 1541.91311675 1541.91311675 1541.91311675
 1541.91311675 1541.91311675 1541.91311675 1541.91311675 1541.91311675
 1541.91311675 1541.91311675 1541.91311675 1541.91311675 1541.91311675
 1541.91311675 1541.91311675 1539.37333936 1539.37333936 1539.37333936
 1539.37333936 1539.37333936 1539.37333936 1539.37333936 1539.37333936
 1539.37333936 1539.37333936 1539.37333936 1539.37333936 1539.37333936
 1539.37333936 1539.37333936 1539.37333936 1539.37333936 1539.37333936
 1539.37333936 1539.37333936 1539.37333936 1539.37333936 1539.37333936
 1539.37333936 1539.37333936 1539.37333936 1539.37333936 1539.37333936
 1539.37333936 1539.37333936 1539.37333936 1539.37333936 1539.37333936
 1539.37333936 1539.37333936 1539.37333936 1539.37333936 1539.37333936
 1539.37333936 1539.37333936 1539.37333936 1539.37333936 1539.37333936
 1539.37333936 1539.37333936 1539.37333936 1539.37333936 1539.37333936
 1539.37333936 1539.37333936 1539.37333936 1539.37333936 1539.37333936
 1539.37333936 1539.37333936 1539.37333936 1539.37333936 1539.37333936
 1539.37333936 1539.37333936 1539.37333936 1539.37333936 1539.37333936
 1539.37333936 1539.37333936 1539.37333936 1539.37333936 1539.37333936
 1539.37333936 1539.37333936 1539.37333936 1539.37333936 1539.37333936
 1539.37333936 1539.37333936 1539.37333936 1539.37333936 1539.37333936
 1539.37333936 1539.37333936 1539.37333936 1539.37333936 1539.37333936
 1539.37333936] 

Fitness stats avg: [4044.02050942 3906.80334202 3841.3454899  3767.71793676 3698.50462441
 3678.23345475 3588.38973562 3474.93723328 3407.97102667 3383.29699979
 3337.83964957 3260.19583731 3230.5936937  3168.58087339 3161.2544693
 3094.67898424 3024.59392165 2999.72974752 2978.93577909 2935.36970261
 2899.17593494 2861.49394727 2838.34127495 2818.61669184 2805.73919298
 2796.49159333 2752.95967433 2763.38957946 2710.64575115 2708.67279173
 2679.70002707 2659.06400973 2651.11724259 2568.94937709 2533.48009793
 2543.48356191 2536.4403079  2461.20925173 2454.45059961 2435.98804529
 2423.44124971 2398.10082835 2388.3000909  2321.86694143 2316.56187006
 2281.71302928 2275.53808738 2242.79742373 2256.71648445 2254.64885227
 2261.75542988 2239.77688714 2248.60398646 2199.34228254 2230.41455052
 2221.54360157 2184.20619338 2182.0689973  2118.83227242 2116.65225625
 2101.65514494 2094.68858651 2117.0597987  2084.90680118 2077.11689474
 2074.259537   2042.65462761 2065.33863799 2060.20771574 2074.52495853
 2067.25176202 2058.14294264 2060.3742882  2092.01377326 2054.7959467
 2087.04470493 2051.71116178 2048.1659068  2028.37832509 2051.01599368
 2050.35408646 2013.93357772 1994.82926974 1980.45911465 1960.23109136
 1987.59766655 1947.08140118 1928.52573168 1975.25877855 1943.95220583
 1921.85621191 1906.01707667 1902.75413188 1909.87863412 1895.24886012
 1883.30000434 1896.3000137  1893.76511753 1875.65889746 1908.51951288
 1921.69824533 1920.61535367 1916.36323183 1898.34069193 1884.3570477
 1865.80747635 1871.03204131 1883.1828507  1882.88546635 1847.4258812
 1883.42085492 1912.40220392 1894.32184628 1901.33291334 1927.79603895
 1897.83504815 1869.58794971 1905.43510981 1903.36574009 1880.50204675
 1869.24015758 1875.39780753 1864.96523431 1860.08485827 1846.42157171
 1833.89159861 1854.35644159 1830.25450764 1830.41828009 1806.74561179
 1813.32830749 1839.54191278 1810.7507245  1830.1989666  1801.31726448
 1791.70027179 1794.5718007  1821.94168783 1837.11186848 1802.61605698
 1776.9874254  1779.90714765 1809.33978738 1772.75625222 1788.47500299
 1804.56440341 1792.14628121 1780.49733182 1796.19157421 1779.61846735
 1795.36198643 1790.67610947 1769.13975757 1790.27639841 1773.82226159
 1771.11503388 1817.65470572 1834.23832529 1838.77587027 1793.20542247
 1778.44509228 1782.08415246 1780.98912339 1768.50659911 1742.4360356
 1752.31179994 1762.57463398 1760.38127049 1785.48454351 1782.86685076
 1782.37391574 1792.81378689 1810.20448602 1807.3112855  1782.25790724
 1770.43611738 1759.55494095 1757.16661357 1769.26262567 1786.20694275
 1812.76154875 1730.91376997 1757.310031   1732.35713632 1744.56537865
 1716.86989338 1742.75605677 1745.45402127 1740.02869651 1770.73108156
 1797.78204939 1793.75250385 1781.73257312 1789.42005665 1773.01537071
 1749.89399245 1750.26188539 1722.83907076 1723.33591859 1711.64353753
 1734.22079956 1700.73794937 1741.29198609 1725.76242496 1736.31785206
 1709.98368178 1735.77058201 1723.18913462 1734.26992507 1736.62546959
 1760.82674653 1743.18506074 1721.07062564 1746.49492057 1703.56323603
 1704.255713   1719.70665701 1710.97207428 1695.69540476 1734.28755123
 1718.55866224 1726.15032203 1748.96159604 1702.46331428 1717.54022834
 1696.09202968 1713.51489677 1757.48715859 1727.62246022 1741.88982372
 1749.26966404 1745.57692806 1781.67248866 1798.55343644 1778.38121157
 1791.64612589 1787.55303029 1794.49587361 1749.37109295 1740.90203349
 1723.11901563 1768.97173733 1748.46946669 1736.94668306 1737.04032887
 1706.68493262 1718.76714921 1744.25522555 1688.59642582 1736.83771133
 1708.66129267 1734.99929788 1726.72234819 1724.70922486 1742.86978405
 1743.70948679 1762.40875279 1729.17708162 1723.80225327 1705.56022695
 1718.00187465 1759.72577874 1763.84583049 1749.42189075 1745.58637773
 1714.39513825 1694.08453168 1708.95046848 1735.5972076  1742.61115375
 1756.63844268 1730.79259015 1741.0065839  1750.68503505 1746.87715439
 1742.11065353 1763.23614942 1708.17764333 1720.52097744 1732.35234162
 1715.66566128 1737.34223114 1713.07433731 1687.41735341 1708.47456324
 1716.54144306 1715.79035341 1725.25930881 1750.12617885 1761.00060066
 1752.92844181 1790.8349338  1799.04663597 1717.12893009 1765.54833125
 1760.93297535 1805.21442264 1768.0871286  1727.08597956 1744.064638
 1748.60822105 1764.20256794 1781.33755232 1745.15525903 1716.71678873
 1726.47036084 1716.43176237 1702.33276526 1725.66698711 1729.23276977
 1719.02378403 1709.09486862 1684.66593369 1696.77762002 1703.63994326
 1708.86942296 1724.49847964 1691.99654585 1695.36963649 1717.61694911
 1698.27475775 1703.7062733  1676.81919768 1702.39500468 1690.03547851
 1704.17829341 1699.07085427 1710.77199464 1706.25595282 1716.75498877
 1716.54833243 1680.58585874 1723.03477445 1736.44035375 1728.84329603
 1688.9665173  1696.35696418 1706.79472375 1707.95109385 1668.82190413
 1659.11239553 1697.33210901 1694.53588418 1702.27671857 1682.70143148
 1670.09270562 1648.89491397 1687.15830649 1688.91872478 1708.03431415
 1706.93516953 1705.13438541 1720.52270372 1727.09744735 1718.68427755
 1675.06264716 1717.62631016 1734.6600422  1703.80483823 1691.95454911
 1724.41214621 1718.81015697 1717.52206788 1710.00323871 1698.14859471
 1715.70273576 1700.56981828 1697.9281235  1686.68201354 1678.72671435
 1692.91344835 1690.78163825 1705.79832815 1699.11188467 1716.29539049
 1715.76305152 1741.61703889 1705.80156136 1701.52509884 1694.44129728
 1674.61547517 1717.71402915 1694.82476091 1710.32196752 1692.48899124
 1695.49160583 1701.02859292 1687.69883962 1692.39108534 1700.4456089
 1709.35622409 1691.9307607  1683.31596149 1687.73292304 1690.8931628
 1694.10173868 1697.98025767 1696.95690486 1688.55793632 1690.44048417
 1690.03896986 1711.46168018 1694.87091713 1694.22297117 1700.60495397
 1703.2339907  1670.90349886 1680.48593601 1692.35167789 1676.36850369
 1677.27012819 1677.85597694 1690.84241368 1717.44833432 1710.80588744
 1703.63800438 1711.87674693 1697.64511764 1704.28624153 1702.05721138
 1694.76176382 1709.53118143 1734.19467518 1714.62024192 1731.54472072
 1714.92611969 1725.45173299 1702.69548828 1690.96682973 1686.36401517
 1711.78877294 1668.70643983 1684.9302764  1675.81585587 1711.27553456
 1702.44639418 1683.16245173 1678.84820556 1682.52771367 1704.90887298
 1674.72665722 1661.14237475 1675.24902116 1693.45692492 1709.08674857
 1691.33427199 1719.27727542 1703.62546269 1699.85359822 1695.46136349
 1674.53008345 1680.02200487 1684.08762292 1671.08553105 1692.44118747
 1689.68737585 1670.47384858 1693.60910533 1710.17290392 1690.12542646
 1679.15490489 1666.56469533 1680.03429805 1668.07241151 1682.55291976
 1691.09333301 1696.97390032 1668.19111527 1663.79788359 1669.31221744
 1678.60236198 1673.50754063 1686.98755602 1684.00229232 1664.87527027
 1697.95026829 1687.29619427 1672.68584989 1721.17791145 1691.2245618
 1696.14468192 1697.07493046 1685.29774736 1677.37880173 1703.56740115
 1697.8841762  1714.63059788 1702.56575983 1678.1515621  1698.39234925
 1665.76655129 1693.13962252 1695.70818019 1683.4500514  1719.47990548
 1731.23233882 1730.40699468 1728.28206643 1717.92323109 1703.42538437
 1719.25295349 1718.04891209 1697.91662449 1689.68848222 1722.90604046
 1705.70767795 1700.16786603 1689.0795363  1691.53935604 1695.21424054
 1677.22877823 1674.10055772 1678.63713281 1718.49434561 1688.05694699
 1709.47961539 1722.90676798 1719.48432677 1711.61340964 1717.68843273
 1700.72610981 1678.90684335 1672.76634002 1667.95272026 1704.95768983
 1693.86542568 1688.32914817 1681.31918248 1667.05198607 1651.4535403
 1669.47813788 1679.26236697 1675.31003269 1699.49271978 1687.74234778
 1685.12513527 1700.78195549 1701.80405698 1731.10766542 1691.22209849
 1667.79986012 1687.03133977 1697.83395424 1705.08144803 1709.49710609
 1685.07990899 1696.73723614 1664.37984281 1675.81224397 1705.93374493
 1726.17110985 1734.00772598 1721.16808167 1699.53515649 1725.32608956
 1725.52536241 1694.44961974 1697.64690817 1700.29282593 1720.60089132
 1707.48276045 1693.26589674 1694.10095189 1676.32257876 1690.20591631
 1681.26697417 1668.7464718  1685.85380812 1717.18486225 1707.72554441
 1691.30684451 1695.77858808 1743.75128406 1718.62521188 1713.95706949
 1694.63342299 1702.69537619 1739.33380646 1756.45531827 1704.4780055
 1710.73813377 1688.36389253 1736.7849596  1744.84128047 1691.13685906
 1701.15164962 1686.71930947 1689.43530206 1703.31007704 1677.63502438
 1680.73567433 1669.83120995 1695.65296935 1682.95164383 1692.37821258
 1697.55206828 1692.70803841 1695.58019011 1697.50830624 1692.68865467
 1707.92668769 1699.41984972 1679.17976204 1700.95510945 1683.4093233
 1676.29679137 1696.43949629 1733.58960985 1705.37646581 1710.49361328
 1691.99029503 1701.37581526 1708.33538139 1709.86406349 1697.60086808
 1711.80415599 1723.15166405 1686.84026477 1676.96296685 1691.42233757
 1719.85274176 1732.62974414 1730.91477356 1688.74753531 1694.32902441
 1669.79967989 1696.89934984 1689.45263667 1698.1583676  1714.0452177
 1718.70342337 1700.99107709 1732.60186836 1678.62719495 1697.31102546
 1711.47434827 1713.14764557 1678.354766   1684.49928537 1711.11766676
 1707.75007373 1720.12477448 1714.93466882 1722.48398491 1734.26595835
 1707.95376837 1716.97769782 1747.88750659 1773.29154198 1743.1050703
 1710.01552839 1756.85113391 1699.12616176 1709.9628638  1708.80565282
 1727.84872873 1713.15534638 1748.20128377 1712.33112757 1696.90439856
 1712.04646599 1686.82125038 1691.8440637  1680.07166489 1702.41043499
 1690.76848175 1696.99736225 1679.49546267 1689.7074043  1682.28483846
 1701.95198198 1707.45860793 1697.17988755 1670.41882032 1685.22066807
 1702.48611897 1687.57831644 1686.83034612 1691.91313375 1711.16465477
 1695.65169717 1711.48771579 1700.06774096 1704.97128406 1711.29524043
 1706.13638112 1689.49660785 1721.77195931 1691.18629462 1700.84473721
 1692.20268891 1720.27438452 1691.98817156 1717.01409005 1699.44144219
 1715.20735836 1694.00296309 1716.3006144  1734.25732623 1704.37188215
 1698.1660147  1688.09125866 1682.92143337 1689.89793447 1702.87618143
 1688.31801501 1704.51524457 1674.38849201 1679.23898541 1682.05799391
 1696.16545477 1717.80471863 1718.47795996 1710.9795094  1715.48978153
 1690.33838067 1698.09312364 1694.71609903 1670.03850543 1652.38198662
 1681.03525055 1666.72901367 1653.36035246 1722.26064326 1681.73876146
 1631.07939914 1657.6752123  1644.38051641 1638.95837858 1685.4899649
 1735.41676645 1668.98207935 1666.68606612 1651.10487707 1633.13300275
 1699.82992889 1700.38959554 1667.95129629 1695.70967905 1677.20002344
 1620.9060189  1668.17352951 1667.97596215 1688.21820011 1708.00993841
 1681.2253342  1662.56336546 1680.59113755 1619.64075722 1652.30923174
 1634.89319094 1685.05892066 1693.07156117 1632.1720788  1641.30790331
 1648.1972301  1667.40066594 1661.66890058 1641.78843241 1646.56746016
 1647.36320834 1641.2117169  1653.41865087 1669.44342545 1659.09214908
 1646.67343301 1638.16504354 1662.06001655 1641.65789308 1664.58345303
 1648.86263347 1640.17685318 1668.54225763 1684.37357947 1643.33737392
 1638.19239956 1647.13930995 1649.16089967 1653.7382226  1637.18726706
 1681.4281751  1643.58863312 1630.9634777  1644.7619626  1658.01931343
 1653.00068613 1675.95826873 1685.58322198 1685.61579249 1664.34275948
 1678.22612717 1657.12412118 1692.56046201 1635.04263773 1654.22997196
 1652.97153198 1698.25852824 1668.54602072 1663.52213701 1686.86057748
 1665.69306258 1667.42599589 1658.19174042 1655.04457314 1641.87674588
 1618.96873982 1672.29303438 1648.34296728 1654.99139811 1665.4660905
 1703.6016269  1726.91219193 1703.00580911 1687.55437062 1678.33549874
 1683.01926791 1671.12559393 1677.76740516 1668.47877048 1652.82420203
 1639.53003569 1617.71992161 1638.75810486 1661.60278785 1670.72241983
 1682.45283149 1637.54771567 1627.46776617 1653.09316722 1645.37021258
 1650.54137701 1671.05563363 1670.24300754 1672.5260788  1664.32073154
 1673.1682151  1681.25136237 1697.8698828  1701.28685572 1690.15134993
 1697.41429569 1665.38467778 1675.58622299 1664.85642767 1650.44803494
 1628.5997384  1661.62743197 1656.06259707 1647.57722454 1666.54996591
 1653.26469372 1665.70105711 1643.05095372 1660.19797226 1677.64453276
 1672.84182455 1655.8462202  1659.90660823 1678.81740142 1680.71541967
 1667.88786293 1676.74636704 1643.83138602 1642.78100889 1684.56310965
 1650.32507791 1642.83071632 1670.71323286 1613.50481669 1648.19743074
 1649.13645444 1659.91641071 1671.09613314 1644.05415198 1668.95835665
 1647.02577027 1679.95295375 1641.53426963 1635.34180213 1664.80316339
 1653.50963668 1631.69602016 1652.08270525 1644.37026682 1629.18662168
 1620.53422964 1671.52721569 1662.10488177 1643.77086398 1641.0069967
 1659.7824527  1671.42020743 1653.18815565 1641.02371739 1641.63916439
 1633.0368787  1626.61065454 1664.64836055 1670.89934412 1671.15700769
 1663.28719605 1683.65058083 1668.99769062 1660.05921706 1640.59996775
 1615.22200202 1635.93743705 1674.90301574 1636.30745131 1674.58566842
 1673.72949612 1646.02050377 1658.35302837 1649.86152625 1639.57901465
 1647.76110239 1651.91671578 1659.6614693  1645.94144131 1636.06812548
 1620.63166803 1633.18070171 1645.73735815 1655.75733126 1621.90121335
 1637.07593299 1630.78917025 1646.61822081 1649.92818374 1652.30042977
 1669.79545862 1678.02239564 1658.67893892 1667.52349731 1709.42174573
 1679.90089532 1679.22106186 1668.01503916 1658.36794744 1652.8505819
 1633.52363577 1637.44711928 1643.18878596 1649.00283475 1665.68901636
 1657.95771431 1657.58164041 1636.81317241 1656.24543871 1629.23618679
 1636.68185423 1662.78047205 1659.41477029 1687.05424507 1692.53364206
 1653.51909956 1642.36440133 1654.34599852 1662.47490315 1645.12026032
 1673.52928881 1668.03964353 1651.12308626 1637.44200892 1618.70289245
 1643.37668799 1645.97963517 1650.88213403 1642.09816656 1646.83395463
 1612.8714964  1613.1261058  1631.77324607 1647.88462844 1660.27794507
 1659.44205773 1652.53988416 1635.47104652 1682.14436072 1659.22930925
 1663.55730424 1642.44733704 1676.39033392 1694.57487815 1655.72339579
 1661.51184655 1652.95507589 1647.0949902  1626.26020785 1658.89024396
 1658.28820125 1671.2575842  1652.90263733 1646.16772718 1643.32441319
 1663.42651519 1654.60079236 1687.45386952 1722.18361821 1700.21058001
 1680.06464373] 

Feasible stats: [( 0.,   0.) ( 0., 100.) ( 0., 100.) (51.,  49.) (51.,  49.) (59.,  41.)
 (59.,  41.) (51.,  49.) (51.,  49.) (42.,  58.) (42.,  58.) (42.,  58.)
 (42.,  58.) (49.,  51.) (49.,  51.) (56.,  44.) (56.,  44.) (67.,  33.)
 (67.,  33.) (65.,  35.) (65.,  35.) (58.,  42.) (58.,  42.) (70.,  30.)
 (70.,  30.) (65.,  35.) (65.,  35.) (60.,  40.) (60.,  40.) (69.,  31.)
 (69.,  31.) (67.,  33.) (67.,  33.) (70.,  30.) (70.,  30.) (82.,  18.)
 (82.,  18.) (88.,  12.) (88.,  12.) (88.,  12.) (88.,  12.) (95.,   5.)
 (95.,   5.) (92.,   8.) (92.,   8.) (91.,   9.) (91.,   9.) (95.,   5.)
 (95.,   5.) (90.,  10.) (90.,  10.) (87.,  13.) (87.,  13.) (93.,   7.)
 (93.,   7.) (97.,   3.) (97.,   3.) (92.,   8.) (92.,   8.) (94.,   6.)
 (94.,   6.) (93.,   7.) (93.,   7.) (93.,   7.) (93.,   7.) (87.,  13.)
 (87.,  13.) (93.,   7.) (93.,   7.) (84.,  16.) (84.,  16.) (92.,   8.)
 (92.,   8.) (89.,  11.) (89.,  11.) (86.,  14.) (86.,  14.) (82.,  18.)
 (82.,  18.) (93.,   7.) (93.,   7.) (91.,   9.) (91.,   9.) (84.,  16.)
 (84.,  16.) (98.,   2.) (98.,   2.) (88.,  12.) (88.,  12.) (87.,  13.)
 (87.,  13.) (92.,   8.) (92.,   8.) (95.,   5.) (95.,   5.) (88.,  12.)
 (88.,  12.) (91.,   9.) (91.,   9.) (89.,  11.) (89.,  11.) (90.,  10.)
 (90.,  10.) (85.,  15.) (85.,  15.) (93.,   7.) (93.,   7.) (94.,   6.)
 (94.,   6.) (95.,   5.) (95.,   5.) (90.,  10.) (90.,  10.) (85.,  15.)
 (85.,  15.) (90.,  10.) (90.,  10.) (93.,   7.) (93.,   7.) (93.,   7.)
 (93.,   7.) (92.,   8.) (92.,   8.) (95.,   5.) (95.,   5.) (94.,   6.)
 (94.,   6.) (90.,  10.) (90.,  10.) (93.,   7.) (93.,   7.) (96.,   4.)
 (96.,   4.) (90.,  10.) (90.,  10.) (95.,   5.) (95.,   5.) (91.,   9.)
 (91.,   9.) (85.,  15.) (85.,  15.) (94.,   6.) (94.,   6.) (85.,  15.)
 (85.,  15.) (92.,   8.) (92.,   8.) (94.,   6.) (94.,   6.) (94.,   6.)
 (94.,   6.) (94.,   6.) (94.,   6.) (93.,   7.) (93.,   7.) (97.,   3.)
 (97.,   3.) (91.,   9.) (91.,   9.) (86.,  14.) (86.,  14.) (90.,  10.)
 (90.,  10.) (94.,   6.) (94.,   6.) (93.,   7.) (93.,   7.) (93.,   7.)
 (93.,   7.) (94.,   6.) (94.,   6.) (91.,   9.) (91.,   9.) (84.,  16.)
 (84.,  16.) (93.,   7.) (93.,   7.) (91.,   9.) (91.,   9.) (94.,   6.)
 (94.,   6.) (91.,   9.) (91.,   9.) (93.,   7.) (93.,   7.) (96.,   4.)
 (96.,   4.) (88.,  12.) (88.,  12.) (93.,   7.) (93.,   7.) (94.,   6.)
 (94.,   6.) (94.,   6.) (94.,   6.) (91.,   9.) (91.,   9.) (90.,  10.)
 (90.,  10.) (92.,   8.) (92.,   8.) (95.,   5.) (95.,   5.) (91.,   9.)
 (91.,   9.) (87.,  13.) (87.,  13.) (88.,  12.) (88.,  12.) (92.,   8.)
 (92.,   8.) (94.,   6.) (94.,   6.) (96.,   4.) (96.,   4.) (93.,   7.)
 (93.,   7.) (93.,   7.) (93.,   7.) (97.,   3.) (97.,   3.) (92.,   8.)
 (92.,   8.) (89.,  11.) (89.,  11.) (94.,   6.) (94.,   6.) (91.,   9.)
 (91.,   9.) (96.,   4.) (96.,   4.) (90.,  10.) (90.,  10.) (91.,   9.)
 (91.,   9.) (88.,  12.) (88.,  12.) (86.,  14.) (86.,  14.) (90.,  10.)
 (90.,  10.) (90.,  10.) (90.,  10.) (94.,   6.) (94.,   6.) (96.,   4.)
 (96.,   4.) (91.,   9.) (91.,   9.) (94.,   6.) (94.,   6.) (94.,   6.)
 (94.,   6.) (93.,   7.) (93.,   7.) (91.,   9.) (91.,   9.) (93.,   7.)
 (93.,   7.) (91.,   9.) (91.,   9.) (92.,   8.) (92.,   8.) (90.,  10.)
 (90.,  10.) (93.,   7.) (93.,   7.) (94.,   6.) (94.,   6.) (93.,   7.)
 (93.,   7.) (92.,   8.) (92.,   8.) (88.,  12.) (88.,  12.) (92.,   8.)
 (92.,   8.) (89.,  11.) (89.,  11.) (90.,  10.) (90.,  10.) (97.,   3.)
 (97.,   3.) (95.,   5.) (95.,   5.) (95.,   5.) (95.,   5.) (90.,  10.)
 (90.,  10.) (91.,   9.) (91.,   9.) (91.,   9.) (91.,   9.) (87.,  13.)
 (87.,  13.) (88.,  12.) (88.,  12.) (88.,  12.) (88.,  12.) (88.,  12.)
 (88.,  12.) (85.,  15.) (85.,  15.) (96.,   4.) (96.,   4.) (91.,   9.)
 (91.,   9.) (91.,   9.) (91.,   9.) (90.,  10.) (90.,  10.) (89.,  11.)
 (89.,  11.) (92.,   8.) (92.,   8.) (94.,   6.) (94.,   6.) (92.,   8.)
 (92.,   8.) (94.,   6.) (94.,   6.) (89.,  11.) (89.,  11.) (93.,   7.)
 (93.,   7.) (93.,   7.) (93.,   7.) (95.,   5.) (95.,   5.) (90.,  10.)
 (90.,  10.) (91.,   9.) (91.,   9.) (94.,   6.) (94.,   6.) (94.,   6.)
 (94.,   6.) (88.,  12.) (88.,  12.) (95.,   5.) (95.,   5.) (96.,   4.)
 (96.,   4.) (93.,   7.) (93.,   7.) (93.,   7.) (93.,   7.) (95.,   5.)
 (95.,   5.) (93.,   7.) (93.,   7.) (92.,   8.) (92.,   8.) (92.,   8.)
 (92.,   8.) (95.,   5.) (95.,   5.) (92.,   8.) (92.,   8.) (88.,  12.)
 (88.,  12.) (89.,  11.) (89.,  11.) (95.,   5.) (95.,   5.) (95.,   5.)
 (95.,   5.) (89.,  11.) (89.,  11.) (81.,  19.) (81.,  19.) (76.,  24.)
 (76.,  24.) (83.,  17.) (83.,  17.) (88.,  12.) (88.,  12.) (80.,  20.)
 (80.,  20.) (82.,  18.) (82.,  18.) (90.,  10.) (90.,  10.) (89.,  11.)
 (89.,  11.) (83.,  17.) (83.,  17.) (64.,  36.) (64.,  36.) (58.,  42.)
 (58.,  42.) (54.,  46.) (54.,  46.) (61.,  39.) (61.,  39.) (51.,  49.)
 (51.,  49.) (56.,  44.) (56.,  44.) (63.,  37.) (63.,  37.) (66.,  34.)
 (66.,  34.) (79.,  21.) (79.,  21.) (68.,  32.) (68.,  32.) (71.,  29.)
 (71.,  29.) (57.,  43.) (57.,  43.) (46.,  54.) (46.,  54.) (60.,  40.)
 (60.,  40.) (70.,  30.) (70.,  30.) (81.,  19.) (81.,  19.) (82.,  18.)
 (82.,  18.) (81.,  19.) (81.,  19.) (71.,  29.) (71.,  29.) (71.,  29.)
 (71.,  29.) (66.,  34.) (66.,  34.) (69.,  31.) (69.,  31.) (64.,  36.)
 (64.,  36.) (68.,  32.) (68.,  32.) (59.,  41.) (59.,  41.) (66.,  34.)
 (66.,  34.) (61.,  39.) (61.,  39.) (59.,  41.) (59.,  41.) (57.,  43.)
 (57.,  43.) (59.,  41.) (59.,  41.) (62.,  38.) (62.,  38.) (56.,  44.)
 (56.,  44.) (56.,  44.) (56.,  44.) (52.,  48.) (52.,  48.) (43.,  57.)
 (43.,  57.) (55.,  45.) (55.,  45.) (53.,  47.) (53.,  47.) (72.,  28.)
 (72.,  28.) (63.,  37.) (63.,  37.) (50.,  50.) (50.,  50.) (51.,  49.)
 (51.,  49.) (56.,  44.) (56.,  44.) (46.,  54.) (46.,  54.) (53.,  47.)
 (53.,  47.) (54.,  46.) (54.,  46.) (66.,  34.) (66.,  34.) (75.,  25.)
 (75.,  25.) (81.,  19.) (81.,  19.) (80.,  20.) (80.,  20.) (74.,  26.)
 (74.,  26.) (76.,  24.) (76.,  24.) (70.,  30.) (70.,  30.) (65.,  35.)
 (65.,  35.) (77.,  23.) (77.,  23.) (77.,  23.) (77.,  23.) (71.,  29.)
 (71.,  29.) (62.,  38.) (62.,  38.) (62.,  38.) (62.,  38.) (63.,  37.)
 (63.,  37.) (51.,  49.) (51.,  49.) (71.,  29.) (71.,  29.) (72.,  28.)
 (72.,  28.) (75.,  25.) (75.,  25.) (61.,  39.) (61.,  39.) (70.,  30.)
 (70.,  30.) (76.,  24.) (76.,  24.) (80.,  20.) (80.,  20.) (79.,  21.)
 (79.,  21.) (75.,  25.) (75.,  25.) (70.,  30.) (70.,  30.) (61.,  39.)
 (61.,  39.) (55.,  45.) (55.,  45.) (46.,  54.) (46.,  54.) (46.,  54.)
 (46.,  54.) (58.,  42.) (58.,  42.) (44.,  56.) (44.,  56.) (61.,  39.)
 (61.,  39.) (62.,  38.) (62.,  38.) (67.,  33.) (67.,  33.) (57.,  43.)
 (57.,  43.) (61.,  39.) (61.,  39.) (57.,  43.) (57.,  43.) (71.,  29.)
 (71.,  29.) (80.,  20.) (80.,  20.) (89.,  11.) (89.,  11.) (93.,   7.)
 (93.,   7.) (88.,  12.) (88.,  12.) (96.,   4.) (96.,   4.) (95.,   5.)
 (95.,   5.) (97.,   3.) (97.,   3.) (97.,   3.) (97.,   3.) (90.,  10.)
 (90.,  10.) (97.,   3.) (97.,   3.) (95.,   5.) (95.,   5.) (88.,  12.)
 (88.,  12.) (91.,   9.) (91.,   9.) (87.,  13.) (87.,  13.) (90.,  10.)
 (90.,  10.) (95.,   5.) (95.,   5.) (98.,   2.) (98.,   2.) (95.,   5.)
 (95.,   5.) (92.,   8.) (92.,   8.) (93.,   7.) (93.,   7.) (95.,   5.)
 (95.,   5.) (94.,   6.) (94.,   6.) (92.,   8.) (92.,   8.) (95.,   5.)
 (95.,   5.) (95.,   5.) (95.,   5.) (96.,   4.) (96.,   4.) (97.,   3.)
 (97.,   3.) (92.,   8.) (92.,   8.) (92.,   8.) (92.,   8.) (90.,  10.)
 (90.,  10.) (94.,   6.) (94.,   6.) (92.,   8.) (92.,   8.) (96.,   4.)
 (96.,   4.) (93.,   7.) (93.,   7.) (91.,   9.) (91.,   9.) (88.,  12.)
 (88.,  12.) (93.,   7.) (93.,   7.) (94.,   6.) (94.,   6.) (94.,   6.)
 (94.,   6.) (90.,  10.) (90.,  10.) (93.,   7.) (93.,   7.) (93.,   7.)
 (93.,   7.) (92.,   8.) (92.,   8.) (89.,  11.) (89.,  11.) (90.,  10.)
 (90.,  10.) (86.,  14.) (86.,  14.) (84.,  16.) (84.,  16.) (90.,  10.)
 (90.,  10.) (86.,  14.) (86.,  14.) (91.,   9.) (91.,   9.) (92.,   8.)
 (92.,   8.) (90.,  10.) (90.,  10.) (88.,  12.) (88.,  12.) (91.,   9.)
 (91.,   9.) (93.,   7.) (93.,   7.) (97.,   3.) (97.,   3.) (95.,   5.)
 (95.,   5.) (93.,   7.) (93.,   7.) (92.,   8.) (92.,   8.) (96.,   4.)
 (96.,   4.) (97.,   3.) (97.,   3.) (95.,   5.) (95.,   5.) (92.,   8.)
 (92.,   8.) (95.,   5.) (95.,   5.) (94.,   6.) (94.,   6.) (92.,   8.)
 (92.,   8.) (93.,   7.) (93.,   7.) (91.,   9.) (91.,   9.) (96.,   4.)
 (96.,   4.) (95.,   5.) (95.,   5.) (97.,   3.) (97.,   3.) (95.,   5.)
 (95.,   5.) (93.,   7.) (93.,   7.) (88.,  12.) (88.,  12.) (92.,   8.)
 (92.,   8.) (96.,   4.) (96.,   4.) (87.,  13.) (87.,  13.) (94.,   6.)
 (94.,   6.) (98.,   2.) (98.,   2.) (93.,   7.) (93.,   7.) (96.,   4.)
 (96.,   4.) (88.,  12.) (88.,  12.) (92.,   8.) (92.,   8.) (91.,   9.)
 (91.,   9.) (92.,   8.) (92.,   8.) (89.,  11.) (89.,  11.) (85.,  15.)
 (85.,  15.) (95.,   5.) (95.,   5.) (96.,   4.) (96.,   4.) (87.,  13.)
 (87.,  13.) (91.,   9.) (91.,   9.) (95.,   5.) (95.,   5.) (91.,   9.)
 (91.,   9.) (88.,  12.) (88.,  12.) (89.,  11.) (89.,  11.) (91.,   9.)
 (91.,   9.) (84.,  16.) (84.,  16.) (89.,  11.) (89.,  11.) (98.,   2.)
 (98.,   2.) (98.,   2.) (98.,   2.) (91.,   9.) (91.,   9.) (97.,   3.)
 (97.,   3.) (94.,   6.) (94.,   6.) (89.,  11.) (89.,  11.) (91.,   9.)
 (91.,   9.) (97.,   3.) (97.,   3.) (91.,   9.) (91.,   9.) (91.,   9.)
 (91.,   9.) (93.,   7.) (93.,   7.) (97.,   3.) (97.,   3.) (87.,  13.)
 (87.,  13.) (87.,  13.) (87.,  13.) (90.,  10.) (90.,  10.) (91.,   9.)
 (91.,   9.) (89.,  11.) (89.,  11.) (94.,   6.) (94.,   6.) (94.,   6.)
 (94.,   6.) (86.,  14.) (86.,  14.) (86.,  14.) (86.,  14.) (88.,  12.)
 (88.,  12.) (90.,  10.) (90.,  10.) (92.,   8.) (92.,   8.) (91.,   9.)
 (91.,   9.) (87.,  13.) (87.,  13.) (95.,   5.) (95.,   5.) (91.,   9.)
 (91.,   9.) (93.,   7.) (93.,   7.) (95.,   5.) (95.,   5.) (94.,   6.)
 (94.,   6.) (86.,  14.) (86.,  14.) (89.,  11.) (89.,  11.) (95.,   5.)
 (95.,   5.) (89.,  11.) (89.,  11.) (90.,  10.) (90.,  10.) (90.,  10.)
 (90.,  10.) (90.,  10.) (90.,  10.) (83.,  17.) (83.,  17.) (90.,  10.)
 (90.,  10.) (95.,   5.) (95.,   5.) (90.,  10.) (90.,  10.) (91.,   9.)
 (91.,   9.) (93.,   7.) (93.,   7.) (88.,  12.) (88.,  12.) (88.,  12.)
 (88.,  12.) (90.,  10.) (90.,  10.) (90.,  10.) (90.,  10.) (92.,   8.)
 (92.,   8.) (85.,  15.) (85.,  15.) (88.,  12.) (88.,  12.) (95.,   5.)
 (95.,   5.) (95.,   5.) (95.,   5.) (90.,  10.) (90.,  10.) (92.,   8.)
 (92.,   8.) (93.,   7.) (93.,   7.) (84.,  16.) (84.,  16.) (90.,  10.)
 (90.,  10.) (91.,   9.) (91.,   9.) (91.,   9.) (91.,   9.) (92.,   8.)
 (92.,   8.) (89.,  11.) (89.,  11.) (92.,   8.) (92.,   8.) (88.,  12.)
 (88.,  12.) (86.,  14.) (86.,  14.) (94.,   6.) (94.,   6.) (91.,   9.)
 (91.,   9.) (90.,  10.) (90.,  10.) (92.,   8.) (92.,   8.) (91.,   9.)
 (91.,   9.) (89.,  11.) (89.,  11.) (95.,   5.) (95.,   5.) (90.,  10.)
 (90.,  10.) (95.,   5.) (95.,   5.) (89.,  11.) (89.,  11.) (92.,   8.)
 (92.,   8.) (92.,   8.) (92.,   8.) (92.,   8.) (92.,   8.) (87.,  13.)
 (87.,  13.) (93.,   7.) (93.,   7.) (90.,  10.) (90.,  10.) (88.,  12.)
 (88.,  12.) (92.,   8.) (92.,   8.) (92.,   8.) (92.,   8.) (96.,   4.)
 (96.,   4.) (93.,   7.) (93.,   7.) (91.,   9.) (91.,   9.) (96.,   4.)
 (96.,   4.) (94.,   6.) (94.,   6.) (94.,   6.) (94.,   6.) (85.,  15.)
 (85.,  15.) (87.,  13.) (87.,  13.) (82.,  18.) (82.,  18.) (76.,  24.)
 (76.,  24.) (86.,  14.) (86.,  14.) (88.,  12.) (88.,  12.) (88.,  12.)
 (88.,  12.) (91.,   9.) (91.,   9.) (83.,  17.) (83.,  17.) (83.,  17.)
 (83.,  17.) (93.,   7.) (93.,   7.) (82.,  18.) (82.,  18.) (87.,  13.)
 (87.,  13.) (84.,  16.) (84.,  16.) (86.,  14.) (86.,  14.) (86.,  14.)
 (86.,  14.) (83.,  17.) (83.,  17.) (86.,  14.) (86.,  14.) (89.,  11.)
 (89.,  11.) (94.,   6.) (94.,   6.) (88.,  12.) (88.,  12.) (89.,  11.)
 (89.,  11.) (88.,  12.) (88.,  12.) (83.,  17.) (83.,  17.) (89.,  11.)
 (89.,  11.) (80.,  20.) (80.,  20.) (83.,  17.) (83.,  17.) (90.,  10.)
 (90.,  10.) (87.,  13.) (87.,  13.) (87.,  13.) (87.,  13.) (86.,  14.)
 (86.,  14.) (90.,  10.) (90.,  10.) (88.,  12.) (88.,  12.) (87.,  13.)
 (87.,  13.) (87.,  13.) (87.,  13.) (77.,  23.) (77.,  23.)] 
Solution Description: 
p: [  0.          44.14038373  75.2863381  121.08821224 172.58647648
 211.97631074 217.65744505 242.95154401 256.63295636 353.40808255
 377.34293448 414.15277173 414.9186774  432.45421857 432.45542109
   0.         103.53822407 141.88383696 157.83958858 158.63019943
 183.05452206 269.25506833 330.5192772  347.51752496 349.38325715
   0.          61.19418044 145.07079888 147.15884568 154.04098365
 283.17791023 298.74427373 299.01121894 314.83825041 332.65101474
 338.28797897 408.9349508  410.66965645   0.          54.93751378
  57.50784656  98.97914885 101.40419406 111.9152079  150.52499063
 223.59262399 224.03868398 232.05700357 286.2292877  330.56316854
 344.87156109 346.86500467] 
pred: [ 0  0  0  0  3  3  3  3  7  7  7  7  7 12 12  0  0  0  0  0  4  5  5  5
  5  0  0  0  0  0  4  4  4  4  4  4  4  4  0  0  0  0  0  4  4  4  4  4
  9  9  9  9] 
distance [  0.          44.14038373  75.2863381  121.08821224  51.49826424
  90.88809851  96.56923281 121.86333177  13.68141235 110.45653855
 134.39139047 171.20122772 171.9671334   17.53554117  17.53674369
   0.         103.53822407 141.88383696 157.83958858 158.63019943
  24.42432263  86.20054626 147.46475514 164.4630029  166.32873509
   0.          61.19418044 145.07079888 147.15884568 154.04098365
 129.13692659 144.70329008 144.97023529 160.79726676 178.6100311
 184.24699532 254.89396716 256.6286728    0.          54.93751378
  57.50784656  98.97914885 101.40419406  10.51101384  49.12079657
 122.18842993 122.63448992 130.65280951  54.17228413  98.50616497
 112.81455752 114.8080011 ]
load: [  0   8  18  24  25  30  46  62  14  35  50  65  81  13  24   0  13  32
  57  81  21  22  41  51  58   0   5   8  20  45   9  28  44  64  84  96
 101 118   0  14  18  24  37   8  18  27  36  50  13  35  53  56] 
time: [  0.         203.         321.         357.24520703 130.
 160.         389.         429.23624841 159.         211.76017815
 443.         485.92676098 570.7019432  170.         322.
   0.         207.         308.         414.         459.
 371.          75.         169.         414.         450.70819144
   0.         204.         319.         399.         446.
 108.         140.15799758 192.         220.52726534 237.7678084
 317.         444.         473.95303324   0.         329.
 341.2602819  398.54012228 431.58631021 121.         200.
 340.         359.24049641 405.65049766  80.         182.
 195.18455016 231.13374267] 
time warps: [0 0 0 0 0 0 0 0 0 0 0 0 0 0 0 0 0 0 0 0 0 0 0 0 0 0 0 0 0 0 0 0 0 0 0 0 0
 0 0 0 0 0 0 0 0 0 0 0 0 0 0 0] 
duration: [  0.          54.14038373 187.5576155  235.35948964  60.49826424
 118.08230718 353.91243289 402.20653185  17.68141235 124.45653855
 378.80962923 433.61946648 435.38537216  23.53554117 170.90952231
   0.         125.53822407 233.31810109 340.4934927  384.15130284
  47.42432263 111.20054626 227.58427967 428.50984737 434.37557956
   0.          85.19418044 231.13191211 243.93655365 296.13144592
 131.13692659 167.70329008 193.01987139 216.84690286 239.6596672
 311.29741782 463.3937732  480.12847885   0.          58.93751378
  84.50784656 135.97914885 148.40419406  17.51101384 115.35034637
 298.86581688 305.31187686 333.33019646  61.17228413 183.37839947
 198.68679202 204.6802356 ]

All individuals: [(89, [14,  9, 12, 13, 41, 36, 26, 45,  6,  3, 27, 35, 47, 38, 40, 32,  7, 37, 39, 24, 21, 43, 22, 42, 46, 48, 11,  4, 19,  1, 16, 13, 33, 20, 29,  8,  5, 17, 18, 25, 15, 12, 30,  2, 31, 14, 28, 23,  9, 34, 10, 44], 1539.37333936, 1539.37333936, 0.,  0.        ,  0.        , 0., 0, 0, 0.)
 (89, [14,  9, 12, 13, 41, 36, 26, 45,  6,  3, 27, 35, 47, 38, 40, 32,  7, 37, 39, 24, 21, 43, 22, 42, 46, 48, 11,  4, 19,  1, 16, 13, 33, 20, 29,  8,  5, 17, 18, 25, 15, 12, 30,  2, 31, 14, 28, 23,  9, 34, 10, 44], 1539.37333936, 1539.37333936, 0.,  0.        ,  0.        , 0., 0, 0, 0.)
 (89, [14,  9, 12, 13, 41, 36, 26, 45,  6,  3, 27, 35, 47, 38, 40, 32,  7, 37, 39, 24, 21, 43, 22, 42, 46, 48, 11,  4, 19,  1, 16, 13, 33, 20, 29,  8,  5, 17, 18, 25, 15, 12, 30,  2, 31, 14, 28, 23,  9, 34, 10, 44], 1539.37333936, 1539.37333936, 0.,  0.        ,  0.        , 0., 0, 0, 0.)
 (89, [14,  9, 12, 13, 41, 36, 26, 45,  6,  3, 27, 35, 47, 38, 40, 32,  7, 37, 39, 24, 21, 43, 22, 42, 46, 48, 11,  4, 19,  1, 16, 13, 33, 20, 29,  8,  5, 17, 18, 25, 15, 12, 30,  2, 31, 14, 28, 23,  9, 34, 10, 44], 1539.37333936, 1539.37333936, 0.,  0.        ,  0.        , 0., 0, 0, 0.)
 (89, [14,  9, 12, 13, 41, 36, 26, 45,  6,  3, 27, 35, 47, 38, 40, 32,  7, 37, 39, 24, 21, 43, 22, 42, 46, 48, 11,  4, 19,  1, 16, 13, 33, 20, 29,  8,  5, 17, 18, 25, 15, 12, 30,  2, 31, 14, 28, 23,  9, 34, 10, 44], 1539.37333936, 1539.37333936, 0.,  0.        ,  0.        , 0., 0, 0, 0.)
 (89, [14,  9, 12, 13, 41, 36, 26, 45,  6,  3, 27, 35, 47, 38, 40, 32,  7, 37, 39, 24, 21, 43, 22, 42, 46, 48, 11,  4, 19,  1, 16, 13, 33, 20, 29,  8,  5, 17, 18, 25, 15, 12, 30,  2, 31, 14, 28, 23,  9, 34, 10, 44], 1539.37333936, 1539.37333936, 0.,  0.        ,  0.        , 0., 0, 0, 0.)
 (89, [14,  9, 12, 13, 41, 36, 26, 45,  6,  3, 27, 35, 47, 38, 40, 32,  7, 37, 39, 24, 21, 43, 22, 42, 46, 48, 11,  4, 19,  1, 16, 13, 33, 20, 29,  8,  5, 17, 18, 25, 15, 12, 30,  2, 31, 14, 28, 23,  9, 34, 10, 44], 1539.37333936, 1539.37333936, 0.,  0.        ,  0.        , 0., 0, 0, 0.)
 (89, [14,  9, 12, 13, 41, 36, 26, 45,  6,  3, 27, 35, 47, 38, 40, 32,  7, 37, 39, 24, 21, 43, 22, 42, 46, 48, 11,  4, 19,  1, 16, 13, 33, 20, 29,  8,  5, 17, 18, 25, 15, 12, 30,  2, 31, 14, 28, 23,  9, 34, 10, 44], 1539.37333936, 1539.37333936, 0.,  0.        ,  0.        , 0., 0, 0, 0.)
 (89, [14,  9, 12, 13, 41, 36, 26, 45,  6,  3, 27, 35, 47, 38, 40, 32,  7, 37, 39, 24, 21, 43, 22, 42, 46, 48, 11,  4, 19,  1, 16, 13, 33, 20, 29,  8,  5, 17, 18, 25, 15, 12, 30,  2, 31, 14, 28, 23,  9, 34, 10, 44], 1539.37333936, 1539.37333936, 0.,  0.        ,  0.        , 0., 0, 0, 0.)
 (89, [14,  9, 12, 13, 41, 36, 26, 45,  6,  3, 27, 35, 47, 38, 40, 32,  7, 37, 39, 24, 21, 43, 22, 42, 46, 48, 11,  4, 19,  1, 16, 13, 33, 20, 29,  8,  5, 17, 18, 25, 15, 12, 30,  2, 31, 14, 28, 23,  9, 34, 10, 44], 1539.37333936, 1539.37333936, 0.,  0.        ,  0.        , 0., 0, 0, 0.)
 (89, [14,  9, 12, 13, 41, 36, 26, 45,  6,  3, 27, 35, 47, 38, 40, 32,  7, 37, 39, 24, 21, 43, 22, 42, 46, 48, 11,  4, 19,  1, 16, 13, 33, 20, 29,  8,  5, 17, 18, 25, 15, 12, 30,  2, 31, 14, 28, 23,  9, 34, 10, 44], 1539.37333936, 1539.37333936, 0.,  0.        ,  0.        , 0., 0, 0, 0.)
 (89, [14,  9, 12, 13, 41, 36, 26, 45,  6,  3, 27, 35, 47, 38, 40, 32,  7, 37, 39, 24, 21, 43, 22, 42, 46, 48, 11,  4, 19,  1, 16, 13, 33, 20, 29,  8,  5, 17, 18, 25, 15, 12, 30,  2, 31, 14, 28, 23,  9, 34, 10, 44], 1539.37333936, 1539.37333936, 0.,  0.        ,  0.        , 0., 0, 0, 0.)
 (89, [14,  9, 12, 13, 41, 36, 26, 45,  6,  3, 27, 35, 47, 38, 40, 32,  7, 37, 39, 24, 21, 43, 22, 42, 46, 48, 11,  4, 19,  1, 16, 13, 33, 20, 29,  8,  5, 17, 18, 25, 15, 12, 30,  2, 31, 14, 28, 23,  9, 34, 10, 44], 1539.37333936, 1539.37333936, 0.,  0.        ,  0.        , 0., 0, 0, 0.)
 (89, [14,  9, 12, 13, 41, 36, 26, 45,  6,  3, 27, 35, 47, 38, 40, 32,  7, 37, 39, 24, 21, 43, 22, 42, 46, 48, 11,  4, 19,  1, 16, 13, 33, 20, 29,  8,  5, 17, 18, 25, 15, 12, 30,  2, 31, 14, 28, 23,  9, 34, 10, 44], 1539.37333936, 1539.37333936, 0.,  0.        ,  0.        , 0., 0, 0, 0.)
 (89, [14,  9, 12, 13, 41, 36, 26, 45,  6,  3, 27, 35, 47, 38, 40, 32,  7, 37, 39, 24, 21, 43, 22, 42, 46, 48, 11,  4, 19,  1, 16, 13, 33, 20, 29,  8,  5, 17, 18, 25, 15, 12, 30,  2, 31, 14, 28, 23,  9, 34, 10, 44], 1539.37333936, 1539.37333936, 0.,  0.        ,  0.        , 0., 0, 0, 0.)
 (89, [14,  9, 12, 13, 41, 36, 26, 45,  6,  3, 27, 35, 47, 38, 40, 32,  7, 37, 39, 24, 21, 43, 22, 42, 46, 48, 11,  4, 19,  1, 16, 13, 33, 20, 29,  8,  5, 17, 18, 25, 15, 12, 30,  2, 31, 14, 28, 23,  9, 34, 10, 44], 1539.37333936, 1539.37333936, 0.,  0.        ,  0.        , 0., 0, 0, 0.)
 (89, [14,  9, 12, 13, 41, 36, 26, 45,  6,  3, 27, 35, 47, 38, 40, 32,  7, 37, 39, 24, 21, 43, 22, 42, 46, 48, 11,  4, 19,  1, 16, 13, 33, 20, 29,  8,  5, 17, 18, 25, 15, 12, 30,  2, 31, 14, 28, 23,  9, 34, 10, 44], 1539.37333936, 1539.37333936, 0.,  0.        ,  0.        , 0., 0, 0, 0.)
 (89, [14,  9, 12, 13, 41, 36, 26, 45,  6,  3, 27, 35, 47, 38, 40, 32,  7, 37, 39, 24, 21, 43, 22, 42, 46, 48, 11,  4, 19,  1, 16, 13, 33, 20, 29,  8,  5, 17, 18, 25, 15, 12, 30,  2, 31, 14, 28, 23,  9, 34, 10, 44], 1539.37333936, 1539.37333936, 0.,  0.        ,  0.        , 0., 0, 0, 0.)
 (89, [14,  9, 12, 13, 41, 36, 26, 45,  6,  3, 27, 35, 47, 38, 40, 32,  7, 37, 39, 24, 21, 43, 22, 42, 46, 48, 11,  4, 19,  1, 16, 13, 33, 20, 29,  8,  5, 17, 18, 25, 15, 12, 30,  2, 31, 14, 28, 23,  9, 34, 10, 44], 1539.37333936, 1539.37333936, 0.,  0.        ,  0.        , 0., 0, 0, 0.)
 (89, [14,  9, 12, 13, 41, 36, 26, 45,  6,  3, 27, 35, 47, 38, 40, 32,  7, 37, 39, 24, 21, 43, 22, 42, 46, 48, 11,  4, 19,  1, 16, 13, 33, 20, 29,  8,  5, 17, 18, 25, 15, 12, 30,  2, 31, 14, 28, 23,  9, 34, 10, 44], 1539.37333936, 1539.37333936, 0.,  0.        ,  0.        , 0., 0, 0, 0.)
 (89, [14,  9, 12, 13, 41, 36, 26, 45,  6,  3, 27, 35, 47, 38, 40, 32,  7, 37, 39, 24, 21, 43, 22, 42, 46, 48, 11,  4, 19,  1, 16, 13, 33, 20, 29,  8,  5, 17, 18, 25, 15, 12, 30,  2, 31, 14, 28, 23,  9, 34, 10, 44], 1539.37333936, 1539.37333936, 0.,  0.        ,  0.        , 0., 0, 0, 0.)
 (89, [14,  9, 12, 13, 41, 36, 26, 45,  6,  3, 27, 35, 47, 38, 40, 32,  7, 37, 39, 24, 21, 43, 22, 42, 46, 48, 11,  4, 19,  1, 16, 13, 33, 20, 29,  8,  5, 17, 18, 25, 15, 12, 30,  2, 31, 14, 28, 23,  9, 34, 10, 44], 1539.37333936, 1539.37333936, 0.,  0.        ,  0.        , 0., 0, 0, 0.)
 (89, [14,  9, 12, 13, 41, 36, 26, 45,  6,  3, 27, 35, 47, 38, 40, 32,  7, 37, 39, 24, 21, 43, 22, 42, 46, 48, 11,  4, 19,  1, 16, 13, 33, 20, 29,  8,  5, 17, 18, 25, 15, 12, 30,  2, 31, 14, 28, 23,  9, 34, 10, 44], 1539.37333936, 1539.37333936, 0.,  0.        ,  0.        , 0., 0, 0, 0.)
 (89, [14,  9, 12, 13, 41, 36, 26, 45,  6,  3, 27, 35, 47, 38, 40, 32,  7, 37, 39, 24, 21, 43, 22, 42, 46, 48, 11,  4, 19,  1, 16, 13, 33, 20, 29,  8,  5, 17, 18, 25, 15, 12, 30,  2, 31, 14, 28, 23,  9, 34, 10, 44], 1539.37333936, 1539.37333936, 0.,  0.        ,  0.        , 0., 0, 0, 0.)
 (89, [14,  9, 12, 13, 41, 36, 26, 45,  6,  3, 27, 35, 47, 38, 40, 32,  7, 37, 39, 24, 21, 43, 22, 42, 46, 48, 11,  4, 19,  1, 16, 13, 33, 20, 29,  8,  5, 17, 18, 25, 15, 12, 30,  2, 31, 14, 28, 23,  9, 34, 10, 44], 1539.37333936, 1539.37333936, 0.,  0.        ,  0.        , 0., 0, 0, 0.)
 (89, [14,  9, 12, 13, 41, 36, 26, 45,  6,  3, 27, 35, 47, 38, 40, 32,  7, 37, 39, 24, 21, 43, 22, 42, 46, 48, 11,  4, 19,  1, 16, 13, 33, 20, 29,  8,  5, 17, 18, 25, 15, 12, 30,  2, 31, 14, 28, 23,  9, 34, 10, 44], 1539.37333936, 1539.37333936, 0.,  0.        ,  0.        , 0., 0, 0, 0.)
 (89, [14,  9, 12, 13, 41, 36, 26, 45,  6,  3, 27, 35, 47, 38, 40, 32,  7, 37, 39, 24, 21, 43, 22, 42, 46, 48, 11,  4, 19,  1, 16, 13, 33, 20, 29,  8,  5, 17, 18, 25, 15, 12, 30,  2, 31, 14, 28, 23,  9, 34, 10, 44], 1539.37333936, 1539.37333936, 0.,  0.        ,  0.        , 0., 0, 0, 0.)
 (89, [14,  9, 12, 13, 41, 36, 26, 45,  6,  3, 27, 35, 47, 38, 40, 32,  7, 37, 39, 24, 21, 43, 22, 42, 46, 48, 11,  4, 19,  1, 16, 13, 33, 20, 29,  8,  5, 17, 18, 25, 15, 12, 30,  2, 31, 14, 28, 23,  9, 34, 10, 44], 1539.37333936, 1539.37333936, 0.,  0.        ,  0.        , 0., 0, 0, 0.)
 (89, [14,  9, 12, 13, 41, 36, 26, 45,  6,  3, 27, 35, 47, 38, 40, 32,  7, 37, 39, 24, 21, 43, 22, 42, 46, 48, 11,  4, 19,  1, 16, 13, 33, 20, 29,  8,  5, 17, 18, 25, 15, 12, 30,  2, 31, 14, 28, 23,  9, 34, 10, 44], 1539.37333936, 1539.37333936, 0.,  0.        ,  0.        , 0., 0, 0, 0.)
 (89, [14,  9, 12, 13, 41, 36, 26, 45,  6,  3, 27, 35, 47, 38, 40, 32,  7, 37, 39, 24, 21, 43, 22, 42, 46, 48, 11,  4, 19,  1, 16, 13, 33, 20, 29,  8,  5, 17, 18, 25, 15, 12, 30,  2, 31, 14, 28, 23,  9, 34, 10, 44], 1539.37333936, 1539.37333936, 0.,  0.        ,  0.        , 0., 0, 0, 0.)
 (89, [14,  9, 12, 13, 41, 36, 26, 45,  6,  3, 27, 35, 47, 38, 40, 32,  7, 37, 39, 24, 21, 43, 22, 42, 46, 48, 11,  4, 19,  1, 16, 13, 33, 20, 29,  8,  5, 17, 18, 25, 15, 12, 30,  2, 31, 14, 28, 23,  9, 34, 10, 44], 1539.37333936, 1539.37333936, 0.,  0.        ,  0.        , 0., 0, 0, 0.)
 (89, [14,  9, 12, 13, 41, 36, 26, 45,  6,  3, 27, 35, 47, 38, 40, 32,  7, 37, 39, 24, 21, 43, 22, 42, 46, 48, 11,  4, 19,  1, 16, 13, 33, 20, 29,  8,  5, 17, 18, 25, 15, 12, 30,  2, 31, 14, 28, 23,  9, 34, 10, 44], 1539.37333936, 1539.37333936, 0.,  0.        ,  0.        , 0., 0, 0, 0.)
 (89, [14,  9, 12, 13, 41, 36, 26, 45,  6,  3, 27, 35, 47, 38, 40, 32,  7, 37, 39, 24, 21, 43, 22, 42, 46, 48, 11,  4, 19,  1, 16, 13, 33, 20, 29,  8,  5, 17, 18, 25, 15, 12, 30,  2, 31, 14, 28, 23,  9, 34, 10, 44], 1539.37333936, 1539.37333936, 0.,  0.        ,  0.        , 0., 0, 0, 0.)
 (89, [14,  9, 12, 13, 41, 36, 26, 45,  6,  3, 27, 35, 47, 38, 40, 32,  7, 37, 39, 24, 21, 43, 22, 42, 46, 48, 11,  4, 19,  1, 16, 13, 33, 20, 29,  8,  5, 17, 18, 25, 15, 12, 30,  2, 31, 14, 28, 23,  9, 34, 10, 44], 1539.37333936, 1539.37333936, 0.,  0.        ,  0.        , 0., 0, 0, 0.)
 (89, [14,  9, 12, 13, 41, 36, 26, 45,  6,  3, 27, 35, 47, 38, 40, 32,  7, 37, 39, 24, 21, 43, 22, 42, 46, 48, 11,  4, 19,  1, 16, 13, 33, 20, 29,  8,  5, 17, 18, 25, 15, 12, 30,  2, 31, 14, 28, 23,  9, 34, 10, 44], 1539.37333936, 1539.37333936, 0.,  0.        ,  0.        , 0., 0, 0, 0.)
 (89, [14,  9, 12, 13, 41, 36, 26, 45,  6,  3, 27, 35, 47, 38, 40, 32,  7, 37, 39, 24, 21, 43, 22, 42, 46, 48, 11,  4, 19,  1, 16, 13, 33, 20, 29,  8,  5, 17, 18, 25, 15, 12, 30,  2, 31, 14, 28, 23,  9, 34, 10, 44], 1539.37333936, 1539.37333936, 0.,  0.        ,  0.        , 0., 0, 0, 0.)
 (89, [14,  9, 12, 13, 41, 36, 26, 45,  6,  3, 27, 35, 47, 38, 40, 32,  7, 37, 39, 24, 21, 43, 22, 42, 46, 48, 11,  4, 19,  1, 16, 13, 33, 20, 29,  8,  5, 17, 18, 25, 15, 12, 30,  2, 31, 14, 28, 23,  9, 34, 10, 44], 1539.37333936, 1539.37333936, 0.,  0.        ,  0.        , 0., 0, 0, 0.)
 (89, [14,  9, 12, 13, 41, 36, 26, 45,  6,  3, 27, 35, 47, 38, 40, 32,  7, 37, 39, 24, 21, 43, 22, 42, 46, 48, 11,  4, 19,  1, 16, 13, 33, 20, 29,  8,  5, 17, 18, 25, 15, 12, 30,  2, 31, 14, 28, 23,  9, 34, 10, 44], 1539.37333936, 1539.37333936, 0.,  0.        ,  0.        , 0., 0, 0, 0.)
 (89, [14,  9, 12, 13, 41, 36, 26, 45,  6,  3, 27, 35, 47, 38, 40, 32,  7, 37, 39, 24, 21, 43, 22, 42, 46, 48, 11,  4, 19,  1, 16, 13, 33, 20, 29,  8,  5, 17, 18, 25, 15, 12, 30,  2, 31, 14, 28, 23,  9, 34, 10, 44], 1539.37333936, 1539.37333936, 0.,  0.        ,  0.        , 0., 0, 0, 0.)
 (89, [14,  9, 12, 13, 41, 36, 26, 45,  6,  3, 27, 35, 47, 38, 40, 32,  7, 37, 39, 24, 21, 43, 22, 42, 46, 48, 11,  4, 19,  1, 16, 13, 33, 20, 29,  8,  5, 17, 18, 25, 15, 12, 30,  2, 31, 14, 28, 23,  9, 34, 10, 44], 1539.37333936, 1539.37333936, 0.,  0.        ,  0.        , 0., 0, 0, 0.)
 (89, [14,  9, 12, 13, 41, 36, 26, 45,  6,  3, 27, 35, 47, 38, 40, 32,  7, 37, 39, 24, 21, 43, 22, 42, 46, 48, 11,  4, 19,  1, 16, 13, 33, 20, 29,  8,  5, 17, 18, 25, 15, 12, 30,  2, 31, 14, 28, 23,  9, 34, 10, 44], 1539.37333936, 1539.37333936, 0.,  0.        ,  0.        , 0., 0, 0, 0.)
 (89, [14,  9, 12, 13, 41, 36, 26, 45,  6,  3, 27, 35, 47, 38, 40, 32,  7, 37, 39, 24, 21, 43, 22, 42, 46, 48, 11,  4, 19,  1, 16, 13, 33, 20, 29,  8,  5, 17, 18, 25, 15, 12, 30,  2, 31, 14, 28, 23,  9, 34, 10, 44], 1539.37333936, 1539.37333936, 0.,  0.        ,  0.        , 0., 0, 0, 0.)
 (89, [14,  9, 12, 13, 41, 36, 26, 45,  6,  3, 27, 35, 47, 38, 40, 32,  7, 37, 39, 24, 21, 43, 22, 42, 46, 48, 11,  4, 19,  1, 16, 13, 33, 20, 29,  8,  5, 17, 18, 25, 15, 12, 30,  2, 31, 14, 28, 23,  9, 34, 10, 44], 1539.37333936, 1539.37333936, 0.,  0.        ,  0.        , 0., 0, 0, 0.)
 (89, [14,  9, 12, 13, 41, 36, 26, 45,  6,  3, 27, 35, 47, 38, 40, 32,  7, 37, 39, 24, 21, 43, 22, 42, 46, 48, 11,  4, 19,  1, 16, 13, 33, 20, 29,  8,  5, 17, 18, 25, 15, 12, 30,  2, 31, 14, 28, 23,  9, 34, 10, 44], 1539.37333936, 1539.37333936, 0.,  0.        ,  0.        , 0., 0, 0, 0.)
 (89, [14,  9, 12, 13, 41, 36, 26, 45,  6,  3, 27, 35, 47, 38, 40, 32,  7, 37, 39, 24, 21, 43, 22, 42, 46, 48, 11,  4, 19,  1, 16, 13, 33, 20, 29,  8,  5, 17, 18, 25, 15, 12, 30,  2, 31, 14, 28, 23,  9, 34, 10, 44], 1539.37333936, 1539.37333936, 0.,  0.        ,  0.        , 0., 0, 0, 0.)
 (89, [14,  9, 12, 13, 41, 36, 26, 45,  6,  3, 27, 35, 47, 38, 40, 32,  7, 37, 39, 24, 21, 43, 22, 42, 46, 48, 11,  4, 19,  1, 16, 13, 33, 20, 29,  8,  5, 17, 18, 25, 15, 12, 30,  2, 31, 14, 28, 23,  9, 34, 10, 44], 1539.37333936, 1539.37333936, 0.,  0.        ,  0.        , 0., 0, 0, 0.)
 (89, [14,  9, 12, 13, 41, 36, 26, 45,  6,  3, 27, 35, 47, 38, 40, 32,  7, 37, 39, 24, 21, 43, 22, 42, 46, 48, 11,  4, 19,  1, 16, 13, 33, 20, 29,  8,  5, 17, 18, 25, 15, 12, 30,  2, 31, 14, 28, 23,  9, 34, 10, 44], 1539.37333936, 1539.37333936, 0.,  0.        ,  0.        , 0., 0, 0, 0.)
 (89, [14,  9, 12, 13, 41, 36, 26, 45,  6,  3, 27, 35, 47, 38, 40, 32,  7, 37, 39, 24, 21, 43, 22, 42, 46, 48, 11,  4, 19,  1, 16, 13, 33, 20, 29,  8,  5, 17, 18, 25, 15, 12, 30,  2, 31, 14, 28, 23,  9, 34, 10, 44], 1539.37333936, 1539.37333936, 0.,  0.        ,  0.        , 0., 0, 0, 0.)
 (89, [14,  9, 12, 13, 41, 36, 26, 45,  6,  3, 27, 35, 47, 38, 40, 32,  7, 37, 39, 24, 21, 43, 22, 42, 46, 48, 11,  4, 19,  1, 16, 13, 33, 20, 29,  8,  5, 17, 18, 25, 15, 12, 30,  2, 31, 14, 28, 23,  9, 34, 10, 44], 1539.37333936, 1539.37333936, 0.,  0.        ,  0.        , 0., 0, 0, 0.)
 (89, [14,  9, 12, 13, 41, 36, 26, 45,  6,  3, 27, 35, 47, 38, 40, 32,  7, 37, 39, 24, 21, 43, 22, 42, 46, 48, 11,  4, 19,  1, 16, 13, 33, 20, 29,  8,  5, 17, 18, 25, 15, 12, 30,  2, 31, 14, 28, 23,  9, 34, 10, 44], 1539.37333936, 1539.37333936, 0.,  0.        ,  0.        , 0., 0, 0, 0.)
 (89, [14,  9, 12, 13, 37, 36, 26, 45,  6,  3, 27, 35, 47, 38, 40, 32,  7, 41, 39, 24, 21, 43, 22, 42, 46, 48, 11,  4, 19,  1, 16, 13, 33, 20, 29,  8,  5, 17, 18, 25, 15, 12, 30,  2, 31, 14, 28, 23,  9, 34, 10, 44], 1565.00857123, 1632.50502457, 0.,  0.        ,  0.        , 0., 0, 0, 0.)
 (89, [14,  9, 14, 11, 41, 36, 26, 45,  6,  3, 27, 35, 47, 38, 40, 32,  7, 37, 39, 24, 21, 43, 22, 42, 46, 48, 11,  4, 19,  1, 16, 13, 33, 20, 29,  8,  5, 17, 18, 25, 15, 12, 30,  2, 31, 14, 28, 23,  9, 34, 10, 44], 1591.42105398, 1591.42105398, 0.,  0.        ,  0.        , 0., 0, 0, 0.)
 (89, [14,  9, 13, 12, 41, 36, 26, 45,  6,  3, 27, 35, 47, 38, 40, 32,  7, 37, 39, 24, 21, 43, 22, 42, 46, 48, 11,  4, 19,  1, 16, 13, 33, 20, 29,  8,  5, 17, 18, 25, 15, 12, 30,  2, 31, 14, 28, 23,  9, 34, 10, 44], 1604.25054545, 1604.25054545, 0.,  0.        ,  0.        , 0., 0, 0, 0.)
 (89, [14,  9, 12, 13, 41, 36, 26, 45,  6,  3, 27, 35, 47, 38, 40, 32,  7, 37, 39, 24, 21, 10, 22, 42, 46, 48, 11,  4, 19,  1, 16, 13, 33, 20, 29,  8,  5, 17, 18, 25, 15, 12, 30,  2, 31, 14, 28, 23,  9, 34, 43, 44], 1605.04130357, 1605.04130357, 0.,  0.        ,  0.        , 0., 0, 0, 0.)
 (89, [14,  9, 12, 13, 41, 36, 26, 45,  6,  3, 27, 35, 47, 38, 40, 32,  7, 37, 39, 24, 21, 43, 22, 42, 46, 48, 11,  4, 28,  1, 16, 13, 33, 20, 29,  8,  5, 17, 18, 25, 15, 12, 30,  2, 31, 14, 19, 23,  9, 34, 10, 44], 1610.80054828, 1610.80054828, 0.,  0.        ,  0.        , 0., 0, 0, 0.)
 (89, [14,  9, 12, 13, 41, 36, 26, 45,  6,  3, 27, 35, 47, 38, 40, 32,  7, 37, 39, 24, 21, 43, 22, 42, 44, 48, 11,  4, 19,  1, 16, 13, 33, 20, 29,  8,  5, 17, 18, 25, 15, 12, 30,  2, 31, 14, 28, 23,  9, 34, 10, 46], 1629.71678501, 1629.71678501, 0.,  0.        ,  0.        , 0., 0, 0, 0.)
 (89, [14,  9, 12, 13, 41, 36,  5, 45,  6,  3, 27, 35, 47, 38, 40, 32,  7, 37, 39, 24, 21, 43, 22, 42, 46, 48, 11,  4, 19,  1, 16, 13, 33, 20, 29,  8, 26, 17, 18, 25, 15, 12, 30,  2, 31, 14, 28, 23,  9, 34, 10, 44], 1638.45756159, 1638.45756159, 0.,  0.        ,  0.        , 0., 0, 0, 0.)
 (89, [14,  9, 12, 13, 41, 36, 26, 45,  6,  3, 27, 35, 47, 38, 40, 32,  7, 37, 39, 24, 21, 43, 22, 42, 46, 48, 11,  4, 19,  1,  8, 13, 33, 20, 29, 16,  5, 17, 18, 25, 15, 12, 30,  2, 31, 14, 28, 23,  9, 34, 10, 44], 1664.12146301, 1713.36469772, 0.,  0.        ,  0.        , 0., 0, 0, 0.)
 (89, [14,  9, 12, 13, 41, 36, 26, 27,  6,  3, 45, 35, 47, 38, 40, 32,  7, 37, 39, 24, 21, 43, 22, 42, 46, 48, 11,  4, 19,  1, 16, 13, 33, 20, 29,  8,  5, 17, 18, 25, 15, 12, 30,  2, 31, 14, 28, 23,  9, 34, 10, 44], 1665.9682188 , 1665.9682188 , 0.,  0.        ,  0.        , 0., 0, 0, 0.)
 (89, [14,  9, 12, 13, 41, 36, 26, 45,  6,  3, 27, 35, 47, 44, 40, 32,  7, 37, 39, 24, 21, 43, 22, 42, 46, 48, 11,  4, 19,  1, 16, 13, 33, 20, 29,  8,  5, 17, 18, 25, 15, 12, 30,  2, 31, 14, 28, 23,  9, 34, 10, 38], 1668.93276049, 1668.93276049, 0.,  0.        ,  0.        , 0., 0, 0, 0.)
 (89, [14,  9, 12, 13, 41, 36, 26, 45,  6, 22, 27, 35, 47, 15, 40, 32,  7, 37, 39, 24, 21, 43,  3, 42, 46, 48, 11,  4, 19,  1, 16, 13, 33, 20, 29,  8,  5, 17, 18, 25, 38, 12, 30,  2, 31, 14, 28, 23,  9, 34, 10, 44], 1709.58555495, 1709.58555495, 0.,  0.        ,  0.        , 0., 0, 0, 0.)
 (89, [14,  9, 12, 13, 41, 36, 26, 45,  6,  3, 27, 35, 47, 38, 40, 32,  7, 37, 39, 10, 21, 43, 22, 42, 46, 48, 11,  4, 19,  1, 16, 13, 33, 20, 29,  8,  5, 17, 18, 25, 15, 12, 30,  2, 31, 14, 28, 23,  9, 34, 24, 44], 1711.75287406, 1711.75287406, 0.,  0.        ,  0.        , 0., 0, 0, 0.)
 (89, [14,  9, 12, 13, 41, 36, 26, 45,  6,  3, 27, 35, 47, 38, 40, 32,  7, 37, 39, 24, 21, 43, 22, 42, 46, 48, 11,  4, 19,  1, 16, 13, 33, 20, 29,  8,  5, 30, 17, 18, 25, 15, 12,  2, 31, 14, 28, 23,  9, 34, 10, 44], 1717.66284905, 1718.79799984, 0., 23.93209193,  0.        , 0., 0, 0, 0.)
 (89, [15,  8, 13, 12, 41, 36, 12, 45,  6,  3, 27, 35, 47, 38, 40, 32,  7, 37, 39, 24, 21, 43, 22, 42, 46, 48, 11,  4, 19,  1, 16, 13, 33, 20, 29,  8,  5, 17, 18, 25, 15, 26, 30,  2, 31, 14, 28, 23,  9, 34, 10, 44], 1722.55986452, 1722.55986452, 0.,  0.        ,  0.        , 0., 0, 0, 0.)
 (89, [14,  9, 12, 13, 41, 36, 26, 45,  6,  3, 27, 35, 47, 38, 40, 32,  7, 37, 39, 24, 21, 43, 22, 42, 46, 48, 11,  4, 19,  1, 33, 13, 16, 20, 29,  8,  5, 17, 18, 25, 15, 12, 28, 30,  2, 31, 14, 23,  9, 34, 10, 44], 1724.97652689, 1724.97652689, 0.,  0.        ,  0.        , 0., 0, 0, 0.)
 (89, [13, 10, 13, 12, 41, 36, 26, 45,  6,  3, 27, 35, 47, 38, 40, 32,  7, 37, 39, 24, 21, 43, 22, 42, 46, 48, 11,  4, 19,  1, 16, 25, 33, 20, 29,  8,  5, 17, 18, 13, 15, 12, 30,  2, 31, 14, 28, 23,  9, 34, 10, 44], 1726.1223965 , 1723.04870696, 0.,  0.        ,  1.53684477, 0., 0, 0, 0.)
 (89, [14,  9, 12, 13, 41, 36, 26, 45,  6,  3, 27, 35, 47, 38, 40, 32,  7, 37, 39, 24, 21, 43, 22, 42, 46, 48, 11,  4, 19,  1, 30, 16, 13, 33, 20, 29,  8,  5, 17, 18, 25, 15, 12,  2, 31, 14, 28, 23,  9, 34, 10, 44], 1731.85729443, 1732.99244523, 0., 23.93209193,  0.        , 0., 0, 0, 0.)
 (89, [14,  9, 12, 13, 41, 36, 26, 45,  6,  3, 27, 35, 47, 38, 40, 32,  7, 37, 39, 24, 21, 43, 22, 42, 46, 48, 11,  4, 19,  1, 30, 16, 13, 33, 20, 29,  8,  5, 17, 18, 25, 15, 12,  2, 31, 14, 28, 23,  9, 34, 10, 44], 1731.85729443, 1732.99244523, 0., 23.93209193,  0.        , 0., 0, 0, 0.)
 (89, [14,  9, 12, 13, 41, 36, 26, 45,  6,  3, 27, 35, 47, 38, 40, 32,  7, 37, 39, 24, 21, 43, 22, 42, 46, 48, 11,  4, 19,  1, 30, 16, 13, 33, 20, 29,  8,  5, 17, 18, 25, 15, 12,  2, 31, 14, 28, 23,  9, 34, 10, 44], 1731.85729443, 1732.99244523, 0., 23.93209193,  0.        , 0., 0, 0, 0.)
 (89, [14,  9, 12, 13, 41, 36, 26, 45,  6,  3, 27, 35, 47, 38, 40, 32,  7, 37, 39, 24, 21, 43, 22, 42, 46, 48, 11,  4, 19,  1, 30, 16, 13, 33, 20, 29,  8,  5, 17, 18, 25, 15, 12,  2, 31, 14, 28, 23,  9, 34, 10, 44], 1731.85729443, 1732.99244523, 0., 23.93209193,  0.        , 0., 0, 0, 0.)
 (89, [14,  9, 12, 13, 41, 36, 26, 45,  6,  3, 27, 35, 47, 38, 40, 32,  7, 37, 39, 24, 21, 43, 22, 42, 46, 48, 11,  4, 19,  1, 16, 13, 33, 20, 29, 25,  8,  5, 17, 18, 15, 12, 30,  2, 31, 14, 28, 23,  9, 34, 10, 44], 1743.71791612, 1743.71791612, 0.,  0.        ,  0.        , 0., 0, 0, 0.)
 (89, [14,  9, 13, 12, 41, 36, 26, 45,  6,  3, 27, 35, 47, 38, 40, 32,  7, 37, 39, 24, 21, 43, 22, 42, 46, 48, 11,  4, 19,  1, 16, 13, 33, 20, 29, 14,  5, 17, 18, 25, 15, 12, 30,  2, 31,  8, 28, 23,  9, 34, 10, 44], 1753.75191487, 1753.75191487, 0.,  0.        ,  0.        , 0., 0, 0, 0.)
 (89, [14,  9, 15, 10, 41, 36, 26, 45,  6,  3, 27, 35, 42, 38, 40, 32,  7, 37, 39, 24, 21, 43, 22, 47, 46, 48, 11,  4, 19,  1, 16, 13, 33, 20, 29,  8,  5, 17, 18, 25, 15, 12, 30,  2, 31, 14, 28, 23,  9, 34, 10, 44], 1759.7310338 , 1849.01070165, 0.,  0.        ,  0.        , 0., 0, 0, 0.)
 (89, [15, 11, 11, 11, 41, 36, 26, 45,  6,  3, 22, 35, 47, 38, 40, 32,  7, 37, 39, 24, 21, 43, 27, 42, 46, 48, 11,  4, 19,  1, 16, 13, 33, 20, 29,  8,  5, 17, 18, 25, 15, 12, 30,  2, 31, 14, 28, 23,  9, 34, 10, 44], 1788.32469794, 1788.32469794, 0.,  0.        ,  0.        , 0., 0, 0, 0.)
 (89, [14,  9, 12, 13, 41, 36, 26, 45, 37,  6,  3, 27, 35, 47, 38, 40, 32,  7, 39, 24, 21, 43, 22, 42, 46, 25, 11,  4, 19,  1, 16, 13, 33, 20, 29,  8,  5, 17, 18, 48, 15, 12, 30,  2, 31, 14, 28, 23,  9, 34, 10, 44], 1822.97152662, 1822.97152662, 0.,  0.        ,  0.        , 0., 0, 0, 0.)
 (89, [14,  9, 12, 13, 41, 26, 45,  6,  3, 27, 35, 47, 38,  7, 32, 40, 30, 37, 39, 24, 21, 43, 22, 42, 46, 48, 11,  4, 19,  1, 16, 13, 33, 20, 29,  8,  5, 17, 18, 25, 36, 15, 12,  2, 31, 14, 28, 23,  9, 34, 10, 44], 1828.44698822, 1828.44698822, 0.,  0.        ,  0.        , 0., 0, 0, 0.)
 (89, [14,  9, 12, 13, 41, 36, 26,  6,  3, 27, 35, 47, 38, 40, 32, 45,  7, 37, 39, 24, 21, 43, 15, 42, 46, 48, 11,  4, 19,  1, 16, 13, 33, 20, 29,  8,  5, 17, 18, 25, 22, 12, 30,  2, 31, 14, 28, 23,  9, 34, 10, 44], 1835.25695066, 1835.25695066, 0.,  0.        ,  0.        , 0., 0, 0, 0.)
 (89, [14,  9, 12, 13, 41, 36, 26, 45,  6,  3, 27, 35, 47, 38, 46, 32,  7, 37, 39, 24, 21, 43, 22, 42, 40, 48, 11,  4, 19,  1, 16, 13, 33, 20, 29,  8,  5, 17, 18, 25, 15, 12, 30,  2, 31, 14, 28, 23,  9, 34, 10, 44], 1837.84244771, 1837.84244771, 0.,  0.        ,  0.        , 0., 0, 0, 0.)
 (89, [12,  9, 15, 12, 41, 36, 26, 45,  6,  3, 27, 35, 47, 38, 40, 32,  7, 37, 39, 24, 21, 43, 10, 42, 46, 48, 11,  4, 19,  1, 16, 13, 33, 20, 29,  8,  5, 17, 18, 25, 15, 12, 30,  2, 31, 14, 28, 23,  9, 34, 22, 44], 1838.9405538 , 1838.9405538 , 0.,  0.        ,  0.        , 0., 0, 0, 0.)
 (89, [12, 11, 12, 13, 41, 36, 26, 45,  6,  3, 27, 16, 47, 38, 40, 32,  7, 37, 39, 24, 21, 43, 22, 42, 46, 48, 11,  4, 19,  1, 35, 13, 33, 20, 29,  8,  5, 17, 18, 25, 15, 12, 30,  2, 31, 14, 28, 23,  9, 34, 10, 44], 1840.59283849, 1785.7921981 , 0.,  0.        , 27.4003202 , 0., 0, 0, 0.)
 (89, [14, 11, 12, 11, 41, 36, 26, 45,  6,  3, 27, 35, 47, 38, 40, 32,  7, 37, 39, 24, 34, 43, 22, 42, 46, 48, 11,  4, 19,  1, 16, 13, 33, 20, 29,  8,  5, 17, 18, 25, 15, 12, 30,  2, 31, 14, 28, 23,  9, 21, 10, 44], 1864.91107098, 1864.91107098, 0.,  0.        ,  0.        , 0., 0, 0, 0.)
 (89, [13,  9, 12, 14, 41, 36, 45,  6,  3, 27, 35, 47, 38, 40, 32,  7, 26, 37, 39, 24, 21, 43, 22, 42, 46, 48, 11,  4, 19,  1, 16, 13, 33, 20, 29,  8,  5, 17, 18, 25, 15, 12, 30,  2, 31, 14, 28, 23,  9, 34, 10, 44], 1868.91191579, 1870.04706658, 0., 23.93209193,  0.        , 0., 0, 0, 0.)
 (89, [14,  9, 12, 13, 41, 36, 26, 45,  6,  3, 27, 35, 47, 38, 40, 32,  7, 37, 39, 24, 21, 43, 22, 42, 46, 48, 11,  4, 19,  1, 16, 13, 44, 20, 29,  8,  5, 17, 18, 25, 15, 12, 30,  2, 31, 14, 28, 23,  9, 34, 10, 33], 1875.48997166, 2031.41845628, 0.,  0.        ,  0.        , 0., 0, 0, 0.)
 (89, [14,  9, 12, 13, 41, 36, 26, 45,  6,  3, 27, 35, 47, 15, 40, 32,  7, 37, 39, 24, 18, 43, 22, 42, 46, 48, 11,  4, 19,  1, 16, 13, 33, 20, 29,  8,  5, 17, 21, 25, 38, 12, 30,  2, 31, 14, 28, 23,  9, 34, 10, 44], 1877.11823644, 1987.04196831, 0.,  0.        ,  0.        , 0., 0, 0, 0.)
 (89, [14,  9, 12, 13, 41, 21, 26, 45,  6,  3, 27, 35, 47, 38, 40, 32,  7, 37, 39, 24, 11, 43, 22, 42, 46, 48, 36,  4, 19,  1, 16, 13, 33, 20, 29,  8,  5, 17, 18, 25, 15, 12, 30,  2, 31, 14, 28, 23,  9, 34, 10, 44], 1878.14132376, 1878.14132376, 0.,  0.        ,  0.        , 0., 0, 0, 0.)
 (89, [14,  9, 12, 13, 41, 36, 26, 45,  6,  3, 27, 35, 47, 38, 40, 32,  7, 37, 39, 24, 21, 43, 22, 42, 46, 48, 11,  4, 19,  1, 16, 13,  9, 20, 29,  8,  5, 17, 18, 25, 15, 12, 30,  2, 31, 14, 28, 23, 33, 34, 10, 44], 1887.20881776, 2046.47073402, 0.,  8.81284662,  0.        , 0., 0, 0, 0.)
 (89, [17,  9, 13,  9, 41, 36, 38, 45,  6,  3, 27, 35, 47, 26, 40, 32,  7, 37, 39, 24, 21, 43, 22, 42, 46, 48, 11,  4, 19,  1, 16, 13, 33, 20, 29,  8,  5, 17, 18, 25, 15, 12, 30,  2, 31, 14, 28, 23,  9, 34, 10, 44], 1890.67378825, 1890.67378825, 0.,  0.        ,  0.        , 0., 0, 0, 0.)
 (89, [15,  7, 12, 14, 41, 36, 26, 45,  6,  3, 27, 48, 47, 38, 40, 32,  7, 37, 39, 24, 21, 43, 22, 42, 46, 35, 11,  4, 19,  1, 16, 13, 33, 20, 29,  8,  5, 17, 18, 25, 15, 12, 30,  2, 31, 14, 28, 23,  9, 34, 10, 44], 1915.32904693, 1861.66355732, 0., 23.93209193, 27.4003202 , 0., 0, 0, 0.)
 (89, [14,  9, 12, 13, 41, 36, 26, 45,  6,  3, 27, 35, 47, 38, 40, 32,  7, 37, 39, 20, 21, 43, 22, 42, 46, 48, 11,  4, 19,  1, 16, 13, 33, 24, 29,  8,  5, 17, 18, 25, 15, 12, 30,  2, 31, 14, 28, 23,  9, 34, 10, 44], 1940.72546142, 1917.18692275, 0., 11.76926933,  0.        , 0., 0, 0, 0.)
 (89, [16, 10, 10, 12, 41, 36, 26, 45,  6,  3, 27, 35, 47, 38, 40, 46,  7, 37, 39, 24, 21, 43, 22, 42, 32, 48, 11,  4, 19,  1, 16, 13, 33, 20, 29,  8,  5, 17, 18, 25, 15, 12, 30,  2, 31, 14, 28, 23,  9, 34, 10, 44], 1954.54179192, 1954.54179192, 0.,  0.        ,  0.        , 0., 0, 0, 0.)
 (89, [13,  8, 12, 15, 41, 36, 40, 45,  6,  3, 27, 35, 47, 38, 26, 32,  7, 37, 39, 24, 21, 43, 22, 42, 46, 48, 11,  4, 19,  1, 16, 13, 33, 20, 29,  8,  5, 17, 18, 25, 15, 12, 30,  2, 31, 14, 28, 23,  9, 34, 10, 44], 1956.86664156, 1956.86664156, 0.,  0.        ,  0.        , 0., 0, 0, 0.)
 (89, [14,  9, 12, 13, 41, 36, 26, 45,  6,  3, 27, 35, 47, 38, 40, 32,  7, 37, 39, 24, 21, 43, 22,  5, 46, 48, 11,  4, 19,  1, 16, 13, 33, 20, 29,  8, 42, 17, 18, 25, 15, 12, 30,  2, 31, 14, 28, 23,  9, 34, 10, 44], 1963.72092869, 1963.72092869, 0.,  0.        ,  0.        , 0., 0, 0, 0.)
 (89, [15,  7, 13, 13, 41, 36, 26, 45,  6,  3, 27, 35, 47, 38, 40, 32,  7, 37, 39, 24, 21, 43, 22, 42, 46, 48, 11,  4, 25,  1, 16, 13, 33, 20, 29,  8,  5, 17, 18, 19, 15, 12, 30,  2, 31, 14, 28, 23,  9, 34, 10, 44], 1985.7757903 , 1985.7757903 , 0.,  0.        ,  0.        , 0., 0, 0, 0.)
 (89, [13,  8, 15, 12, 41, 36, 26, 45,  6, 39, 27, 35, 47, 38, 40, 32,  7, 37,  3, 24, 21, 43, 22, 42, 46, 48, 11,  4, 19,  1, 16, 13, 33, 20, 29,  8,  5, 17, 18, 25, 15, 12, 30,  2, 31, 14, 28, 23,  9, 34, 10, 44], 2010.17393724, 2010.17393724, 0.,  0.        ,  0.        , 0., 0, 0, 0.)
 (89, [15, 11, 10, 12, 41, 36, 26, 45,  6,  3, 27, 35, 47, 38, 40, 32,  7, 19, 39, 24, 21, 43, 22, 42, 46, 48, 11,  4, 37,  1, 16, 13, 33, 20, 30, 29,  8,  5, 17, 18, 25, 15, 12,  2, 31, 14, 28, 23,  9, 34, 10, 44], 2018.45069397, 2018.45069397, 0.,  0.        ,  0.        , 0., 0, 0, 0.)
 (89, [14,  9, 12, 13, 41, 36, 26,  8,  6,  3, 27, 35, 47, 38, 40, 32,  7, 37, 39, 24, 21, 43, 22, 42, 46, 48, 11,  4, 19,  1, 16, 13, 33, 20, 25, 45,  5, 17, 18, 29, 15, 12, 30,  2, 31, 14, 28, 23,  9, 34, 10, 44], 2060.63442682, 2106.43630096, 0.,  0.        ,  0.        , 0., 0, 0, 0.)
 (89, [13,  9, 15, 11, 41, 36, 26, 45,  6,  3, 27, 47, 35, 38, 40, 31,  7, 37, 39, 24, 21, 43, 22, 42, 46, 48, 11,  4, 19,  1, 16, 13, 33, 20, 29,  8, 25, 17, 18,  5, 15, 12, 30,  2, 32, 14, 28, 23,  9, 34, 10, 44], 2067.85043194, 2177.93358768, 0.,  4.64089418,  0.        , 0., 0, 0, 0.)
 (89, [12,  8, 14, 14, 41, 36, 26, 45,  6,  3, 27, 35, 47, 38, 40, 32, 46, 37, 39, 24, 21, 23, 22, 42,  7, 48, 11,  4, 19,  1, 16, 13, 33, 20, 29,  8, 43,  5, 17, 18, 25, 15, 12, 30,  2, 31, 14, 28,  9, 34, 10, 44], 2108.68706371, 2108.61508103, 0.,  0.03599134,  0.        , 0., 0, 0, 0.)
 (89, [14,  7, 11, 16, 41, 36, 26, 45,  6,  3, 27, 35, 47, 38, 40, 32,  7, 37, 39, 24, 21, 43, 22, 42, 46, 48, 11,  4, 19,  1, 16, 13, 33, 20, 15, 29,  8,  5, 17, 18, 25, 12, 30,  2, 31, 14,  9, 23, 28, 34, 10, 44], 2159.59145911, 2159.59145911, 0.,  0.        ,  0.        , 0., 0, 0, 0.)
 (89, [14, 11, 11, 12, 30, 36, 26, 45,  6,  3, 27, 35, 47, 38, 40, 32,  7, 37, 39, 24, 21,  8, 22, 42, 46, 48, 11,  4, 19,  1, 16, 13, 33, 20, 29, 43,  5, 17, 18, 25, 15, 12, 41,  2, 31, 14, 28, 23,  9, 34, 10, 44], 2219.6096833 , 2321.94009734, 0.,  0.        ,  0.        , 0., 0, 0, 0.)]