
Total Runtime in seconds: 622.0867700576782Parameters:
population_size: 50, max_generations: 500, executed generations: 135, threshold_no_improvement: 250
target feasible proportion: 10
fitness_scaling: power_rank, selection_method: n_tournaments
p_c: 0.9, p_m: 0.3, NOT YET p_education: 0.0
tournament_size: 2, n_elite: 8
survivor_selection_step: 10, p_selection_survival: 0.7
kill clone step: 5
diversify_step: 20, diversify_step: 20, p_diversify_survival: 0.3
n_closest_neighbors: 3, diversity_weight: 0.5, distance_method: broken_pairs_distance
capacity_penalty_factor: 2, duration_penalty_factor 2, time_window_penalty: 2
Best fitness all generations, best individual before/after local search: 2123.2037014645903, 2123.2037014645903 / 2123.2037014645903
Best individual found before local search: (6, [ 9,  5, 13, 20, 17,  8, 36, 20, 31, 21, 63, 24, 50, 13, 53, 43, 68,  1, 23, 26,  8, 56, 16, 15,  3, 22, 34, 45, 72, 49,  7, 58, 37, 59, 51, 17, 12, 64, 47, 41, 61, 29, 52,  4, 27, 10, 18, 71, 55,  5, 57, 28, 46, 66, 42, 19,  9, 14, 67, 69, 25, 40, 48, 60, 33, 65,  6, 11, 70, 30, 54, 44, 62, 32, 35,  2, 38, 39], 2123.20370146, 2195.95831414, 0., 1.54363191, 0., 1., 4, 49, 28.5)
Best individual found after local search: (6, [ 9,  5, 13, 20, 17,  8, 36, 20, 31, 21, 63, 24, 50, 13, 53, 43, 68,  1, 23, 26,  8, 56, 16, 15,  3, 22, 34, 45, 72, 49,  7, 58, 37, 59, 51, 17, 12, 64, 47, 41, 61, 29, 52,  4, 27, 10, 18, 71, 55,  5, 57, 28, 46, 66, 42, 19,  9, 14, 67, 69, 25, 40, 48, 60, 33, 65,  6, 11, 70, 30, 54, 44, 62, 32, 35,  2, 38, 39], 2123.20370146, 2195.95831414, 0., 1.54363191, 0., 1., 4, 49, 28.5)
Best feasible individual found: (6, [ 9,  5, 13, 20, 17,  8, 36, 20, 31, 27, 63, 24, 50, 13, 53, 43, 68, 17, 23, 26, 44, 56, 16, 15,  3, 22, 57,  5, 72, 49,  7, 58, 55, 59, 51, 12,  1, 64, 47, 41, 61, 37, 52,  4, 21, 10, 18, 71, 29, 45, 69, 28, 46, 66, 42, 19,  9, 14, 67,  8, 25, 40, 48, 60, 33, 65,  6, 11, 70, 30, 54, 34, 62, 32, 35,  2, 38, 39], 2247.34807303, 2247.34807303, 0., 0., 0., 1., 4, 49, 28.5)

Fitness stats min: [3863.41322069 3848.82478724 3552.70299805 3368.45151449 3207.23501666
 3196.13046173 3172.0838505  3149.3924339  3095.54799168 3066.81128278
 3066.81128278 3066.81128278 3066.81128278 3066.81128278 3057.95966262
 3048.26889076 3021.6254302  3010.65871794 2965.59716038 2960.91033569
 2937.01304183 2914.72767491 2914.72767491 2914.72767491 2914.72767491
 2914.72767491 2844.80023941 2844.80023941 2832.37480036 2832.37480036
 2832.37480036 2832.37480036 2832.37480036 2832.37480036 2829.98969001
 2820.72971797 2820.72971797 2755.75933691 2755.75933691 2755.75933691
 2755.75933691 2754.10618404 2723.3395089  2723.3395089  2717.79005357
 2711.59042396 2703.06464503 2696.04813157 2696.04813157 2696.04813157
 2696.04813157 2634.18310054 2593.05249157 2561.5078137  2561.5078137
 2561.5078137  2561.5078137  2561.5078137  2561.5078137  2561.5078137
 2561.5078137  2561.5078137  2561.5078137  2561.5078137  2561.5078137
 2561.5078137  2561.5078137  2561.5078137  2561.5078137  2561.5078137
 2561.5078137  2561.5078137  2519.11045231 2519.11045231 2483.5221564
 2455.8990069  2455.8990069  2455.8990069  2455.8990069  2448.12412359
 2442.64614293 2441.86940416 2436.51532775 2436.51532775 2376.26793323
 2375.93651166 2317.05481996 2317.05481996 2282.84674698 2269.1822335
 2247.34807303 2247.34807303 2247.34807303 2247.34807303 2241.11196488
 2241.11196488 2241.11196488 2241.11196488 2241.11196488 2241.11196488
 2241.11196488 2241.11196488 2241.11196488 2241.11196488 2241.11196488
 2241.11196488 2241.11196488 2241.11196488 2241.11196488 2241.11196488
 2241.11196488 2241.11196488 2241.11196488 2241.11196488 2241.11196488
 2222.91079583 2222.91079583 2222.91079583 2202.8518924  2202.8518924
 2241.11196488 2241.11196488 2241.11196488 2230.3473395  2230.3473395
 2230.3473395  2230.3473395  2230.3473395  2230.3473395  2230.3473395
 2230.3473395  2230.3473395  2230.3473395  2230.3473395  2190.10925876
 2123.20370146] 

Fitness stats feasible min: [6142.31369899 6083.59120417 3702.53982185 3368.45151449 3207.23501666
 3196.13046173 3172.0838505  3149.3924339  3149.3924339  3149.3924339
 3149.3924339  3149.3924339  3149.3924339  3149.3924339  3149.3924339
 3149.3924339  3149.3924339  3010.65871794 2965.59716038 2960.91033569
 2937.01304183 2937.01304183 2937.01304183 2937.01304183 2937.01304183
 2937.01304183 2844.80023941 2844.80023941 2832.37480036 2832.37480036
 2832.37480036 2832.37480036 2832.37480036 2832.37480036 2829.98969001
 2820.72971797 2820.72971797 2820.72971797 2820.72971797 2820.72971797
 2792.55919613 2754.10618404 2723.3395089  2723.3395089  2717.79005357
 2711.59042396 2711.59042396 2711.59042396 2711.59042396 2711.59042396
 2711.59042396 2634.18310054 2634.18310054 2634.18310054 2634.18310054
 2634.18310054 2634.18310054 2634.18310054 2634.18310054 2601.57827049
 2717.79005357 2717.79005357 2717.79005357 2717.79005357 2570.03359262
 2570.03359262 2570.03359262 2570.03359262 2570.03359262 2570.03359262
 2570.03359262 2570.03359262 2519.11045231 2519.11045231 2483.5221564
 2455.8990069  2455.8990069  2455.8990069  2455.8990069  2448.12412359
 2442.64614293 2441.86940416 2436.51532775 2436.51532775 2376.26793323
 2375.93651166 2317.05481996 2317.05481996 2282.84674698 2269.1822335
 2247.34807303 2247.34807303 2247.34807303 2247.34807303 2247.34807303
 2247.34807303 2247.34807303 2247.34807303 2247.34807303 2247.34807303
 2247.34807303 2247.34807303 2247.34807303 2247.34807303 2247.34807303
 2247.34807303 2247.34807303 2247.34807303 2247.34807303 2247.34807303
 2247.34807303 2247.34807303 2247.34807303 2247.34807303 2247.34807303
 2247.34807303 2247.34807303 2247.34807303 2247.34807303 2247.34807303
 2247.34807303 2247.34807303 2247.34807303 2247.34807303 2247.34807303
 2247.34807303 2247.34807303 2247.34807303 2247.34807303 2247.34807303
 2247.34807303 2247.34807303 2247.34807303 2247.34807303 2247.34807303
 2247.34807303] 

Fitness stats avg: [6509.05186315 6264.33469547 5953.79273151 5430.86439518 5049.05890685
 4900.69469647 4502.14430311 4218.63585319 4151.93894179 4000.51132055
 5454.38798549 4759.51943749 4369.22588813 4063.26100976 4020.48101727
 4104.16808478 3742.82459637 3694.66747655 3595.52839766 3546.29649289
 4926.41690628 4114.36435502 3656.90563986 3393.54246654 3446.23919331
 4076.09728696 3569.94735973 3379.88717162 3283.20040655 3394.22973537
 4604.91843239 3897.40672032 3666.00979961 3251.54220582 3020.45472188
 5331.55590919 4463.98577317 3873.29152516 3386.47449553 3196.70919614
 5184.79504465 4073.26475733 3477.80103571 3242.20109487 3286.15136832
 3383.72399286 3226.22121513 3174.90874096 3121.06569733 3190.49540315
 4699.85804908 3744.52397317 3469.59850669 3234.51464972 3281.54111476
 3448.49474602 3370.84410709 3315.66640201 3284.47235955 3205.68679615
 5619.82071461 4662.60791269 3902.51173244 3444.23542305 3249.53401054
 3222.1277312  3054.34494963 2977.73854538 3035.17330463 2871.14258171
 4885.59978642 4079.88077472 3261.66641862 2977.37267169 2811.17872989
 3592.73618023 3007.5018142  2906.77124464 2854.55492741 2805.15664076
 3892.33572248 3027.00613208 2858.01982222 2915.55357782 2800.51663936
 3259.40011565 2943.86218275 2756.37431192 2527.92972269 2582.19096355
 5341.08730352 4431.97456747 3826.14326422 3414.7833311  3057.60165393
 3182.57455004 2825.4691406  2708.13260512 2813.59105849 2700.55484727
 4744.05577271 3468.89631191 2797.66796548 2638.87615781 2512.90211432
 3775.66951582 3187.90627791 2974.17857319 2824.79636732 2801.42179102
 4204.81603446 3219.18883173 2871.55465298 2758.50153888 2710.10286515
 3497.56444981 2734.19700027 2760.56475316 2643.22553826 2616.02162997
 5402.29804284 4398.76172506 3718.5606922  3190.63954048 2863.86599132
 3162.48942817 2820.68531949 2663.73896634 2619.51733507 2540.06536478
 4519.42309392 3593.55664486 2898.56389797 2510.16705995 2478.65076011
 3385.45148288] 

Feasible stats: [( 0., 50.) ( 0., 50.) (16., 34.) (16., 34.) (22., 28.) (22., 28.)
 (17., 33.) (17., 33.) (19., 31.) (19., 31.) (24., 26.) (24., 26.)
 (15., 35.) (15., 35.) (21., 29.) (21., 29.) (14., 36.) (14., 36.)
 (31., 19.) (31., 19.) (24., 26.) (24., 26.) (19., 31.) (19., 31.)
 (32., 18.) (32., 18.) (24., 26.) (24., 26.) (31., 19.) (31., 19.)
 (27., 23.) (27., 23.) (31., 19.) (31., 19.) (35., 15.) (35., 15.)
 (14., 36.) (14., 36.) (23., 27.) (23., 27.) (34., 16.) (34., 16.)
 (20., 30.) (20., 30.) (37., 13.) (37., 13.) (36., 14.) (36., 14.)
 (38., 12.) (38., 12.) (36., 14.) (36., 14.) (27., 23.) (27., 23.)
 (29., 21.) (29., 21.) (16., 34.) (16., 34.) (22., 28.) (22., 28.)
 (26., 24.) (26., 24.) (12., 38.) (12., 38.) (25., 25.) (25., 25.)
 (29., 21.) (29., 21.) (21., 29.) (21., 29.) (24., 26.) (24., 26.)
 (16., 34.) (16., 34.) (24., 26.) (24., 26.) (26., 24.) (26., 24.)
 (36., 14.) (36., 14.) (39., 11.) (39., 11.) (29., 21.) (29., 21.)
 (40., 10.) (40., 10.) (32., 18.) (32., 18.) (38., 12.) (38., 12.)
 (40., 10.) (40., 10.) (15., 35.) (15., 35.) (22., 28.) (22., 28.)
 (26., 24.) (26., 24.) (25., 25.) (25., 25.) (23., 27.) (23., 27.)
 (19., 31.) (19., 31.) (31., 19.) (31., 19.) (22., 28.) (22., 28.)
 (20., 30.) (20., 30.) (28., 22.) (28., 22.) (23., 27.) (23., 27.)
 (29., 21.) (29., 21.) (18., 32.) (18., 32.) (31., 19.) (31., 19.)
 (35., 15.) (35., 15.) (11., 39.) (11., 39.) (24., 26.) (24., 26.)
 (23., 27.) (23., 27.) (30., 20.) (30., 20.) (32., 18.) (32., 18.)
 (21., 29.) (21., 29.) (37., 13.) (37., 13.) ( 0.,  0.) ( 0.,  0.)
 ( 0.,  0.) ( 0.,  0.) ( 0.,  0.) ( 0.,  0.) ( 0.,  0.) ( 0.,  0.)
 ( 0.,  0.) ( 0.,  0.) ( 0.,  0.) ( 0.,  0.) ( 0.,  0.) ( 0.,  0.)
 ( 0.,  0.) ( 0.,  0.) ( 0.,  0.) ( 0.,  0.) ( 0.,  0.) ( 0.,  0.)
 ( 0.,  0.) ( 0.,  0.) ( 0.,  0.) ( 0.,  0.) ( 0.,  0.) ( 0.,  0.)
 ( 0.,  0.) ( 0.,  0.) ( 0.,  0.) ( 0.,  0.) ( 0.,  0.) ( 0.,  0.)
 ( 0.,  0.) ( 0.,  0.) ( 0.,  0.) ( 0.,  0.) ( 0.,  0.) ( 0.,  0.)
 ( 0.,  0.) ( 0.,  0.) ( 0.,  0.) ( 0.,  0.) ( 0.,  0.) ( 0.,  0.)
 ( 0.,  0.) ( 0.,  0.) ( 0.,  0.) ( 0.,  0.) ( 0.,  0.) ( 0.,  0.)
 ( 0.,  0.) ( 0.,  0.) ( 0.,  0.) ( 0.,  0.) ( 0.,  0.) ( 0.,  0.)
 ( 0.,  0.) ( 0.,  0.) ( 0.,  0.) ( 0.,  0.) ( 0.,  0.) ( 0.,  0.)
 ( 0.,  0.) ( 0.,  0.) ( 0.,  0.) ( 0.,  0.) ( 0.,  0.) ( 0.,  0.)
 ( 0.,  0.) ( 0.,  0.) ( 0.,  0.) ( 0.,  0.) ( 0.,  0.) ( 0.,  0.)
 ( 0.,  0.) ( 0.,  0.) ( 0.,  0.) ( 0.,  0.) ( 0.,  0.) ( 0.,  0.)
 ( 0.,  0.) ( 0.,  0.) ( 0.,  0.) ( 0.,  0.) ( 0.,  0.) ( 0.,  0.)
 ( 0.,  0.) ( 0.,  0.) ( 0.,  0.) ( 0.,  0.) ( 0.,  0.) ( 0.,  0.)
 ( 0.,  0.) ( 0.,  0.) ( 0.,  0.) ( 0.,  0.) ( 0.,  0.) ( 0.,  0.)
 ( 0.,  0.) ( 0.,  0.) ( 0.,  0.) ( 0.,  0.) ( 0.,  0.) ( 0.,  0.)
 ( 0.,  0.) ( 0.,  0.) ( 0.,  0.) ( 0.,  0.) ( 0.,  0.) ( 0.,  0.)
 ( 0.,  0.) ( 0.,  0.) ( 0.,  0.) ( 0.,  0.) ( 0.,  0.) ( 0.,  0.)
 ( 0.,  0.) ( 0.,  0.) ( 0.,  0.) ( 0.,  0.) ( 0.,  0.) ( 0.,  0.)
 ( 0.,  0.) ( 0.,  0.) ( 0.,  0.) ( 0.,  0.) ( 0.,  0.) ( 0.,  0.)
 ( 0.,  0.) ( 0.,  0.) ( 0.,  0.) ( 0.,  0.) ( 0.,  0.) ( 0.,  0.)
 ( 0.,  0.) ( 0.,  0.) ( 0.,  0.) ( 0.,  0.) ( 0.,  0.) ( 0.,  0.)
 ( 0.,  0.) ( 0.,  0.) ( 0.,  0.) ( 0.,  0.) ( 0.,  0.) ( 0.,  0.)
 ( 0.,  0.) ( 0.,  0.) ( 0.,  0.) ( 0.,  0.) ( 0.,  0.) ( 0.,  0.)
 ( 0.,  0.) ( 0.,  0.) ( 0.,  0.) ( 0.,  0.) ( 0.,  0.) ( 0.,  0.)
 ( 0.,  0.) ( 0.,  0.) ( 0.,  0.) ( 0.,  0.) ( 0.,  0.) ( 0.,  0.)
 ( 0.,  0.) ( 0.,  0.) ( 0.,  0.) ( 0.,  0.) ( 0.,  0.) ( 0.,  0.)
 ( 0.,  0.) ( 0.,  0.) ( 0.,  0.) ( 0.,  0.) ( 0.,  0.) ( 0.,  0.)
 ( 0.,  0.) ( 0.,  0.) ( 0.,  0.) ( 0.,  0.) ( 0.,  0.) ( 0.,  0.)
 ( 0.,  0.) ( 0.,  0.) ( 0.,  0.) ( 0.,  0.) ( 0.,  0.) ( 0.,  0.)
 ( 0.,  0.) ( 0.,  0.) ( 0.,  0.) ( 0.,  0.) ( 0.,  0.) ( 0.,  0.)
 ( 0.,  0.) ( 0.,  0.) ( 0.,  0.) ( 0.,  0.) ( 0.,  0.) ( 0.,  0.)
 ( 0.,  0.) ( 0.,  0.) ( 0.,  0.) ( 0.,  0.) ( 0.,  0.) ( 0.,  0.)
 ( 0.,  0.) ( 0.,  0.) ( 0.,  0.) ( 0.,  0.) ( 0.,  0.) ( 0.,  0.)
 ( 0.,  0.) ( 0.,  0.) ( 0.,  0.) ( 0.,  0.) ( 0.,  0.) ( 0.,  0.)
 ( 0.,  0.) ( 0.,  0.) ( 0.,  0.) ( 0.,  0.) ( 0.,  0.) ( 0.,  0.)
 ( 0.,  0.) ( 0.,  0.) ( 0.,  0.) ( 0.,  0.) ( 0.,  0.) ( 0.,  0.)
 ( 0.,  0.) ( 0.,  0.) ( 0.,  0.) ( 0.,  0.) ( 0.,  0.) ( 0.,  0.)
 ( 0.,  0.) ( 0.,  0.) ( 0.,  0.) ( 0.,  0.) ( 0.,  0.) ( 0.,  0.)
 ( 0.,  0.) ( 0.,  0.) ( 0.,  0.) ( 0.,  0.) ( 0.,  0.) ( 0.,  0.)
 ( 0.,  0.) ( 0.,  0.) ( 0.,  0.) ( 0.,  0.) ( 0.,  0.) ( 0.,  0.)
 ( 0.,  0.) ( 0.,  0.) ( 0.,  0.) ( 0.,  0.) ( 0.,  0.) ( 0.,  0.)
 ( 0.,  0.) ( 0.,  0.) ( 0.,  0.) ( 0.,  0.) ( 0.,  0.) ( 0.,  0.)
 ( 0.,  0.) ( 0.,  0.) ( 0.,  0.) ( 0.,  0.) ( 0.,  0.) ( 0.,  0.)
 ( 0.,  0.) ( 0.,  0.) ( 0.,  0.) ( 0.,  0.) ( 0.,  0.) ( 0.,  0.)
 ( 0.,  0.) ( 0.,  0.) ( 0.,  0.) ( 0.,  0.) ( 0.,  0.) ( 0.,  0.)
 ( 0.,  0.) ( 0.,  0.) ( 0.,  0.) ( 0.,  0.) ( 0.,  0.) ( 0.,  0.)
 ( 0.,  0.) ( 0.,  0.) ( 0.,  0.) ( 0.,  0.) ( 0.,  0.) ( 0.,  0.)
 ( 0.,  0.) ( 0.,  0.) ( 0.,  0.) ( 0.,  0.) ( 0.,  0.) ( 0.,  0.)
 ( 0.,  0.) ( 0.,  0.) ( 0.,  0.) ( 0.,  0.) ( 0.,  0.) ( 0.,  0.)
 ( 0.,  0.) ( 0.,  0.) ( 0.,  0.) ( 0.,  0.) ( 0.,  0.) ( 0.,  0.)
 ( 0.,  0.) ( 0.,  0.) ( 0.,  0.) ( 0.,  0.) ( 0.,  0.) ( 0.,  0.)
 ( 0.,  0.) ( 0.,  0.) ( 0.,  0.) ( 0.,  0.) ( 0.,  0.) ( 0.,  0.)
 ( 0.,  0.) ( 0.,  0.) ( 0.,  0.) ( 0.,  0.) ( 0.,  0.) ( 0.,  0.)
 ( 0.,  0.) ( 0.,  0.) ( 0.,  0.) ( 0.,  0.) ( 0.,  0.) ( 0.,  0.)
 ( 0.,  0.) ( 0.,  0.) ( 0.,  0.) ( 0.,  0.) ( 0.,  0.) ( 0.,  0.)
 ( 0.,  0.) ( 0.,  0.) ( 0.,  0.) ( 0.,  0.) ( 0.,  0.) ( 0.,  0.)
 ( 0.,  0.) ( 0.,  0.) ( 0.,  0.) ( 0.,  0.) ( 0.,  0.) ( 0.,  0.)
 ( 0.,  0.) ( 0.,  0.) ( 0.,  0.) ( 0.,  0.) ( 0.,  0.) ( 0.,  0.)
 ( 0.,  0.) ( 0.,  0.)] 
Solution Description: 
p: [  0.          11.17897491  35.03555478  40.52641    128.13484914
 272.7547413  312.65737147 362.56717137 364.64877497 406.37288759
   0.          15.46495315  26.73936382 150.38533472 150.42387844
 155.71841413   0.          18.22848068  50.4959      73.2070691
  98.12016467 114.48562158 119.52518123 143.97437835 186.21401348
 219.81625485 341.79617807 360.90316306 374.25167243 380.72957254
   0.          69.00703979  92.44520771 115.39363557 124.35391239
 172.61783052 172.8123883  181.84507759 194.27510447 207.18574582
 207.77219684 228.95172513 354.64912461 406.90527391 421.6587083
 441.06101033 445.03473999 527.41477701 634.36930228 635.57476961
 640.47517234   0.          10.35822321  36.15546659  37.28346359
  39.47631037  50.89176131  69.64337124 118.78565147 132.7314215
 142.76928018 148.4047836  187.73759743 296.27744693 305.86963498
 347.47703834 347.48183548 355.36972008 369.42261003   0.
  87.31820543  89.62651772  89.81488541  96.30480343 130.86247291
 146.46512859 163.85668175 170.48504483] 
pred: [ 0  0  0  0  3  3  3  3  3  3  0  0  1  1  1  1  0  0  0  0  0  0  0  6
  6  6  7  7  7  7  0  0  0  0  0  0  0  0  0  8  8  8  8  8  8  8  8 16
 16 16 16  0  0  0  0  0  4  4  4  4  4  4 10 10 10 10 10 10 16  0  0  0
  0  0  4  4  4  4] 
distance [  0.          11.17897491  35.03555478  40.52641     87.60843914
 232.2283313  272.13096147 322.04076137 324.12236497 365.84647759
   0.          15.46495315  11.27441067 134.92038157 134.95892529
 140.25346098   0.          18.22848068  50.4959      73.2070691
  98.12016467 114.48562158 119.52518123  24.44919712  66.68883225
 100.29107362 197.82179972 216.9287847  230.27729408 236.75519418
   0.          69.00703979  92.44520771 115.39363557 124.35391239
 172.61783052 172.8123883  181.84507759 194.27510447  12.91064135
  13.49709236  34.67662066 160.37402013 212.63016944 224.29634
 243.69864203 247.67237169  82.38003702 189.33456229 190.54002963
 195.44043235   0.          10.35822321  36.15546659  37.28346359
  39.47631037  11.41545093  30.16706086  79.3093411   93.25511112
 103.29296981 108.92847322  39.33281383 147.87266333 157.46485138
 199.07225475 199.07705189 206.96493648  14.05288995   0.
  87.31820543  89.62651772  89.81488541  96.30480343  34.55766948
  50.16032516  67.55187832  74.1802414 ]
load: [  0  10  14  23   6  30  38  53  58  68   0  10   4  24  31  40   0  23
  38  48  73  92 107  18  30  50  45  60  83 106   0   5  18  20  45  58
  80 103 112  22  42  52  56  68  75  94 101  18  20  26  29   0  13  29
  40  53   1  16  36  46  47  68  25  35  55  56  63  71  17   0  25  37
  39  64  21  27  50  61] 
time: [  0.         247.         284.52544116 297.07294588 203.
 333.         355.3771551  427.91797856 493.2443141  546.31839913
   0.         281.         181.         256.87208292 425.
 444.4444974    0.          89.         180.         270.
 366.         475.         512.69400102 197.         244.58298102
 289.89530328 369.31354466 398.3298644  426.63086757 461.3265815
   0.         141.         157.80418117 183.3237552  201.42313617
 258.         322.         353.50292811 398.94484544  60.
 182.         230.         300.35734468 343.48576103 385.
 424.         509.23866357 159.         234.91784831 324.74848466
 351.42948766   0.          67.         123.         475.
 485.50825836  76.         108.         235.         394.
 426.60754544 462.93239524 141.         222.         426.
 495.79652848 534.18453546 576.17004567 267.           0.
 111.         247.         262.82400646 296.36588052 111.
 134.81423573 159.0719625  178.78404537] 
time warps: [0.         0.         0.         0.         0.         0.
 0.         0.         0.         0.         0.         0.
 0.         0.         0.         0.         0.         0.
 0.         0.         0.         0.         0.         0.
 0.         0.         0.         0.         0.         0.
 0.         0.         0.         0.         0.         0.
 0.         0.         0.         0.         0.         0.
 0.         0.         1.54363191 1.54363191 1.54363191 0.
 0.         0.         0.         0.         0.         0.
 0.         0.         0.         0.         0.         0.
 0.         0.         0.         0.         0.         0.
 0.         0.         0.         0.         0.         0.
 0.         0.         0.         0.         0.         0.        ] 
duration: [  0.          34.17897491  64.03555478  79.52641     89.60843914
 289.62863752 352.53126769 408.44106758 428.52267118 478.2467838
   0.          25.46495315  25.27441067 156.92038157 287.56222507
 316.85676076   0.          19.22848068 128.02599323 239.41567959
 328.93269698 445.30984852 454.34940817  45.44919712 107.68883225
 166.29107362 312.50947746 336.61646245 370.96497182 398.44287193
   0.          74.00703979 111.44520771 144.39363557 167.35391239
 258.23707327 300.90277216 315.93546145 331.36548833  37.91064135
 152.49792942 194.21079561 336.90819508 407.16434439 436.83051495
 472.95562398 490.92935364  95.38003702 227.33456229 246.54002963
 260.44043235   0.          31.35822321  93.36366504 436.95983307
 451.15267985  24.41545093  77.43927545 221.66172656 367.37013253
 397.40799121 413.04349463  41.33281383 195.45670992 386.49861875
 434.10602212 459.11081926 480.99870386  36.05288995   0.
  97.31820543 223.80400051 244.9923682  276.48228622  50.55766948
  81.16032516 113.55187832 127.1802414 ]

All individuals: [( 6, [ 8,  5, 12, 22, 17,  8, 36, 20, 31, 27, 63, 24, 50, 13, 43, 68, 17, 23, 26, 44, 56, 16, 15,  3, 22,  5, 57, 49,  7, 58, 55, 53, 59, 51, 12,  1, 64, 47, 41, 61, 37, 52,  4, 21, 10, 18, 71, 29, 69, 45, 72, 46, 28, 66, 42, 19,  9, 14, 67,  8, 25, 40, 48, 60, 33, 65,  6, 11, 70, 30, 54, 34, 62, 32, 35,  2, 38, 39], 2190.10925876, 2179.09169919, 0.,   5.50877979,  0.        ,  7.66666667,  1, 33, 17.5)
 ( 6, [ 8,  5, 12, 22, 17,  8, 36, 20, 31, 27, 63, 24, 50, 13, 43, 68, 17, 23, 26, 44, 56, 16, 15,  3, 22,  5, 57, 49,  7, 58, 55, 53, 59, 51, 12,  1, 64, 47, 41, 61, 37, 52,  4, 21, 10, 18, 71, 29, 69, 45, 72, 46, 28, 66, 42, 19,  9, 14, 67,  8, 25, 40, 48, 60, 33, 65,  6, 11, 70, 30, 54, 34, 62, 32, 35,  2, 38, 39], 2190.10925876, 2179.09169919, 0.,   5.50877979,  0.        ,  7.66666667,  2, 34, 19. )
 ( 6, [ 9,  5, 13, 20, 17,  8, 36, 20, 31, 27, 63, 24, 50, 13, 53, 43, 68, 17, 23, 26, 44, 56, 16, 15,  3, 22, 57,  5, 72, 49,  7, 58, 55, 59, 51, 12,  1, 64, 47, 41, 61, 37, 52,  4, 21, 10, 18, 71, 29, 69, 45, 46, 28, 66, 42, 19,  9, 30, 14, 67,  8, 25, 40, 48, 60, 33, 65,  6, 11, 70, 54, 34, 62, 32, 35,  2, 38, 39], 2241.11196488, 2230.0944053 , 0.,   5.50877979,  0.        ,  1.        ,  4, 49, 28.5)
 ( 6, [ 9,  5, 13, 20, 17,  8, 36, 20, 31, 27, 63, 24, 50, 13, 53, 43, 68, 17, 23, 26, 44, 56, 16, 15,  3, 22, 57,  5, 72, 49,  7, 58, 55, 59, 51, 12,  1, 64, 47, 41, 61, 37, 52,  4, 21, 10, 18, 71, 29, 45, 69, 28, 46, 66, 42, 19,  9, 14, 67,  8, 25, 40, 48, 60, 33, 65,  6, 11, 70, 30, 54, 34, 62, 32, 35,  2, 38, 39], 2247.34807303, 2247.34807303, 0.,   0.        ,  0.        ,  1.        ,  3, 50, 28. )
 ( 6, [ 9,  5, 13, 20, 17,  8, 36, 20, 31, 27, 63, 24, 50, 13, 53, 43, 68, 17, 23, 26, 44, 56, 16, 15,  3, 22, 57,  5, 72, 49,  7, 58, 55, 59, 51, 12,  1, 64, 47, 41, 61, 37, 52,  4, 21, 10, 18, 71, 29, 45, 69, 28, 46, 66, 42, 19,  9, 14, 67,  8, 25, 40, 48, 60, 33, 65,  6, 11, 70, 30, 54, 34, 62, 32, 35,  2, 38, 39], 2247.34807303, 2247.34807303, 0.,   0.        ,  0.        ,  1.        ,  4, 49, 28.5)
 ( 6, [ 9,  5, 13, 20, 17,  8, 36, 20, 31, 27, 63, 24, 50, 13, 53, 43, 68, 17, 23, 26, 44, 56, 16, 15,  3, 22, 57,  5, 72, 49,  7, 58, 55, 59, 51, 12,  1, 64, 47, 41, 61, 37, 52,  4, 21, 10, 18, 71, 29, 45, 69, 28, 46, 66, 42, 19,  9, 14, 67,  8, 25, 40, 48, 60, 33, 65,  6, 11, 70, 30, 54, 34, 62, 32, 35,  2, 38, 39], 2247.34807303, 2247.34807303, 0.,   0.        ,  0.        ,  1.        ,  5, 48, 29. )
 ( 6, [ 9,  5, 13, 20, 17,  8, 36, 20, 31, 27, 63, 24, 50, 13, 53, 43, 68, 17, 23, 26, 44, 56, 16, 15,  3, 22, 57,  5, 72, 49,  7, 58, 55, 59, 51, 12,  1, 64, 47, 41, 61, 37, 52, 46, 28, 21, 10, 18, 71, 29, 45, 69,  4, 66, 42, 19,  9, 14, 67,  8, 25, 40, 48, 60, 33, 65,  6, 11, 70, 30, 54, 34, 62, 32, 35,  2, 38, 39], 2249.20022346, 2249.20022346, 0.,   0.        ,  0.        ,  2.        , 11, 46, 34. )
 ( 6, [ 9,  5, 13, 20, 17,  8, 36, 20, 31, 27, 63, 24, 50, 13, 53, 43, 68, 17, 23, 26, 44, 56, 16, 15,  3, 22, 57,  5, 72, 49,  7, 58, 55, 52, 46, 28, 59, 51, 12,  1, 64, 47, 41, 61, 37, 21, 10, 18, 71, 29, 45, 69,  4, 66, 42, 19,  9, 14, 67,  8, 25, 40, 48, 30, 60, 33, 65,  6, 11, 70, 54, 34, 62, 32, 35,  2, 38, 39], 2249.20022346, 2249.20022346, 0.,   0.        ,  0.        ,  7.        ,  6, 36, 24. )
 ( 6, [ 9,  5, 13, 20, 17,  8, 36, 20, 31, 27, 63, 24, 50, 13, 53, 43, 68, 17, 23, 26, 44, 56, 16, 15,  3, 22, 57,  5, 72, 49,  7, 58, 55, 52, 46, 28, 59, 51, 12,  1, 64, 47, 41, 61, 37,  4, 21, 10, 18, 71, 29, 45, 69, 66, 42, 19,  9, 14, 67,  8, 25, 40, 48, 60, 33, 65,  6, 11, 70, 30, 54, 34, 62, 32, 35,  2, 38, 39], 2249.67958714, 2249.67958714, 0.,   0.        ,  0.        ,  2.66666667,  7, 45, 29.5)
 ( 6, [ 9,  5, 13, 20, 17,  8, 36, 20, 31, 27, 63, 24, 50, 13, 53, 43, 68, 17, 23, 26, 44, 56, 16, 15,  3, 22, 57,  5, 72, 49,  7, 58, 55, 52, 46, 28, 59, 51, 12,  1, 64, 47, 41, 61, 37,  4, 21, 10, 18, 71, 29, 45, 69, 66, 42, 19,  9, 14, 67,  8, 25, 40, 48, 60, 33, 65,  6, 11, 70, 30, 54, 34, 62, 32, 35,  2, 38, 39], 2249.67958714, 2249.67958714, 0.,   0.        ,  0.        ,  2.66666667,  8, 44, 30. )
 ( 6, [ 9,  5, 13, 20, 17,  8, 36, 20, 31, 27, 63, 24, 50, 13, 53, 43, 68, 17, 23, 26, 44, 56, 16, 15,  3, 22, 57,  5, 72, 49,  7, 58, 55, 59, 51, 12,  1, 64, 47, 41, 61, 37, 52,  4, 21, 10, 18, 71, 29, 46, 28, 45, 69, 66, 42, 19,  9, 30, 14, 67,  8, 25, 40, 48, 60, 33, 65,  6, 11, 70, 54, 34, 62, 32, 35,  2, 38, 39], 2256.55631089, 2256.55631089, 0.,   0.        ,  0.        ,  4.66666667,  9, 39, 28.5)
 ( 6, [ 9,  5, 13, 20, 17,  8, 36, 20, 31, 27, 63, 24, 50, 13, 53, 43, 68, 17, 23, 26, 44, 56, 16, 15,  3, 22, 57,  5, 72, 49,  7, 58, 55, 59, 51, 12,  1, 64, 47, 41, 61, 37, 52, 46,  4, 21, 10, 18, 71, 29, 45, 69, 28, 66, 42, 19,  9, 14, 67,  8, 25, 40, 48, 60, 33, 65,  6, 11, 70, 30, 54, 34, 62, 32, 35,  2, 38, 39], 2276.34784018, 2276.34784018, 0.,   0.        ,  0.        ,  2.        , 10, 47, 33.5)
 ( 6, [ 9,  5, 13, 20, 17,  8, 36, 20, 31, 27, 63, 24, 50, 13, 53, 43, 68, 17, 23, 26, 44, 56, 16, 15,  3, 22, 57,  5, 72, 49,  7, 58, 55, 59, 51, 12,  1, 64, 47, 41, 61, 37, 52,  4, 21, 46, 28, 10, 18, 71, 29, 45, 69, 66, 42, 19,  9, 30, 14, 67,  8, 25, 40, 48, 60, 33, 65,  6, 11, 70, 54, 34, 62, 32, 35,  2, 38, 39], 2305.71013744, 2305.71013744, 0.,   0.        ,  0.        ,  4.        , 12, 42, 33. )
 ( 6, [ 9,  5, 12, 21, 16,  9, 36, 20, 31, 27, 63, 24, 50, 13, 53, 43, 68, 17, 23, 26, 44, 56, 16, 15,  3, 22,  5, 57, 49,  7, 58, 55, 59, 51, 12,  1, 64, 47, 41, 61, 37, 21, 10, 18, 71, 52,  4, 29, 69, 45, 72, 46, 28, 66, 42, 19, 14, 67,  8, 25, 40, 48, 33, 65,  6, 11, 30, 60,  9, 54, 34, 62, 32, 70, 35,  2, 38, 39], 2309.65701923, 2298.63945965, 0.,   5.50877979,  0.        , 14.        , 21, 20, 31. )
 ( 6, [ 9,  5, 13, 20, 17,  8, 36, 20, 31, 27, 63, 24, 50, 13, 53, 43, 68, 17, 23, 26, 44, 56, 16, 15,  3, 22, 57,  5, 72, 49,  7, 58, 55, 59, 51, 12,  1, 64, 47, 41, 61, 37, 52, 46,  4, 21, 28, 10, 18, 71, 29, 45, 69, 66, 42, 19,  9, 30, 14, 67,  8, 25, 40, 48, 60, 33, 65,  6, 11, 70, 54, 34, 62, 32, 35,  2, 38, 39], 2334.49595484, 2334.49595484, 0.,   0.        ,  0.        ,  4.66666667, 13, 40, 33. )
 ( 6, [ 9,  5, 13, 20, 17,  8, 36, 20, 31, 27, 63, 24, 50, 13, 53, 43, 68, 17, 23, 26, 44, 56, 16, 15,  3, 22, 57,  5, 49,  7, 58, 55, 59, 51, 12,  1, 64, 47, 41, 61, 37, 52,  4, 21, 10, 18, 71, 29, 69, 45, 72, 46, 28, 66, 42, 19,  9, 14, 67,  8, 25, 40, 48, 60, 33, 65,  6, 11, 70, 30, 54, 34, 62, 32, 35,  2, 38, 39], 2361.74793208, 2350.7303725 , 0.,   5.50877979,  0.        ,  5.66666667, 14, 38, 33. )
 ( 6, [ 9,  5, 13, 20, 17,  8, 36, 20, 31, 27, 63, 24, 50, 13, 53, 43, 68, 17, 23, 26, 44, 56, 16, 15,  3, 22, 57,  5, 49,  7, 58, 55, 59, 51, 12,  1, 64, 47, 41, 61, 37, 52,  4, 21, 10, 18, 71, 29, 69, 45, 72, 46, 28, 66, 42, 19,  9, 14, 67,  8, 25, 40, 48, 30, 60, 33, 65,  6, 11, 70, 54, 34, 62, 32, 35,  2, 38, 39], 2361.74793208, 2350.7303725 , 0.,   5.50877979,  0.        ,  7.33333333, 15, 35, 32.5)
 ( 6, [ 9,  5, 13, 20, 17,  8, 36, 20, 31, 27, 63, 24, 50, 13, 53, 43, 68, 17, 23, 26, 44, 56, 16, 15,  3, 22, 57,  5, 72, 49,  7, 58, 55, 59, 51, 12,  1, 64, 47, 41, 61, 37, 52,  4, 21, 10, 45, 69, 18, 71, 29, 28, 46, 66, 42, 19,  9, 14, 67,  8, 25, 40, 48, 60, 33, 65,  6, 11, 70, 30, 54, 34, 62, 32, 35,  2, 38, 39], 2366.83513317, 2366.83513317, 0.,   0.        ,  0.        ,  3.        , 16, 43, 37.5)
 ( 6, [ 9,  5, 13, 20, 17,  8, 36, 20, 31, 27, 63, 24, 50, 13, 53, 43, 68, 17, 23, 26, 44, 16, 15,  3, 22, 57, 56,  5, 72, 49,  7, 58, 55, 52, 46, 28, 59, 51, 12,  1, 64, 47, 41, 61, 37,  4, 21, 10, 18, 71, 29, 45, 69, 66, 42, 19,  9, 14, 67,  8, 25, 40, 48, 60, 33, 65,  6, 11, 70, 30, 54, 34, 62, 32, 35,  2, 38, 39], 2393.13610533, 2533.9583484 , 0.,   1.0314785 ,  0.        ,  4.66666667, 17, 41, 37.5)
 ( 6, [ 9,  5, 12, 21, 17,  8, 36, 20, 31, 27, 63, 24, 50, 13, 53, 43, 68, 17, 23, 26, 44, 56, 16, 15,  3, 22, 57,  5, 72, 49,  7, 58, 55, 59, 51, 12,  1, 64, 47, 41, 61, 37, 52, 21, 10, 46, 28, 18, 71, 29, 45, 69,  4, 66, 42, 19,  9, 30, 14, 67,  8, 25, 40, 48, 60, 33, 65,  6, 11, 70, 54, 34, 62, 32, 35,  2, 38, 39], 2447.99016466, 2447.99016466, 0.,   0.        ,  0.        ,  8.        , 18, 32, 34. )
 ( 6, [ 9,  5, 13, 20, 17,  8, 36, 20, 31, 27, 63, 24, 50, 13, 53, 43, 68, 17, 23, 26, 44, 56, 16, 15,  3, 22, 57,  5, 72, 49,  7, 58, 55, 59, 51, 12,  1, 64, 47, 41, 61, 37, 52,  4, 21, 10, 18, 71, 29, 45, 46, 28, 69, 66, 42, 19, 35,  9, 30, 14, 67,  8, 25, 40, 48, 60, 33, 65,  6, 11, 70, 54, 34, 62, 32,  2, 38, 39], 2448.00015954, 2448.00015954, 0.,   0.        ,  0.        ,  6.66666667, 19, 37, 37.5)
 ( 6, [ 9,  5, 13, 20, 17,  8, 36, 20, 31, 27, 63, 24, 50, 13, 53, 43, 68, 17, 23, 26, 44, 56, 16, 15,  3, 22, 57,  5, 72, 49,  7, 58, 55, 59, 51, 12,  1, 64, 52, 45, 69, 47, 41, 61, 37,  4, 21, 10, 18, 71, 29, 28, 46, 66, 42, 19,  9, 14, 67, 30, 32,  8, 25, 40, 48, 60, 33, 65,  6, 11, 70, 54, 34, 62, 35,  2, 38, 39], 2517.43974986, 2845.53135362, 0.,   9.77985461,  0.        , 10.        , 20, 29, 34.5)
 ( 6, [ 9,  5, 13, 20, 17,  8, 36, 20, 31, 27, 63, 24, 50, 13, 53, 43, 68, 17, 23, 26, 44, 56, 16, 15,  3, 22, 57,  5, 49,  7, 58, 54, 55, 59, 51, 12,  1, 64, 47, 41, 61, 37, 52, 21, 10, 72, 46, 28, 18, 71, 29, 45, 69,  4, 66, 42, 19,  9, 30, 14, 67,  8, 25, 40, 48, 60, 33, 65,  6, 11, 70, 34, 62, 32, 35,  2, 38, 39], 2649.24184479, 2649.24184479, 0.,   0.        ,  0.        , 10.        , 22, 28, 36. )
 ( 6, [ 9,  5, 13, 20, 17,  8, 36, 20, 31, 27, 63, 24, 50, 13, 53, 43, 68, 17, 23, 26, 44, 56, 16, 15,  3, 22, 57,  5, 72, 49,  7, 58, 55, 59, 51, 12,  1, 64, 52, 45, 69, 47, 41, 61, 37,  4, 21, 10, 42, 66, 28, 46, 29, 71, 18, 19,  9, 14, 67,  8, 25, 40, 48, 30, 60, 33, 65,  6, 11, 70, 54, 34, 62, 32, 35,  2, 38, 39], 2659.28795288, 2912.28323291, 0.,   0.        ,  0.        , 13.33333333, 23, 24, 35. )
 ( 6, [ 9,  5, 13, 20, 17,  8, 36, 20, 31, 27, 63, 24, 50, 13, 53, 43, 68, 17, 23, 26, 44, 56, 16, 15,  3, 22, 57,  5, 72, 49,  7, 58, 55, 59, 51, 12,  1, 64, 52, 45, 69, 47, 41, 61, 37,  4, 21, 10, 18, 71, 29, 28, 46, 66, 42, 19,  9, 62, 34, 54, 70, 11,  6, 14, 67,  8, 25, 40, 48, 60, 33, 65, 30, 32, 35,  2, 38, 39], 2699.57372192, 2883.98012738, 0.,  34.29443729,  0.        , 12.        , 24, 26, 37. )
 ( 6, [ 9,  5, 13, 22, 16,  7, 36, 20, 31, 27, 63, 24, 50, 13, 53, 43, 68, 17, 23, 26, 44, 56, 16, 15,  3, 22, 57,  5, 72, 49, 34, 58, 55, 52, 46, 28, 59, 51, 12,  1, 64, 47, 41, 61, 37,  4, 21, 10, 18, 71, 29, 45, 69, 66, 42, 19,  9, 14, 67,  8, 25, 40, 48, 60, 33, 65,  6, 11, 70, 30, 54,  7, 62, 32, 35,  2, 38, 39], 2736.4612469 , 2736.4612469 , 0.,   0.        ,  0.        ,  9.        , 25, 30, 40. )
 ( 6, [ 9,  5, 11, 23, 15,  9, 36, 20, 31, 27, 63, 24, 50, 13, 53, 43, 68, 17, 23, 26, 44, 56, 16, 15,  3, 22, 57,  5, 49, 65, 72, 58, 55, 59, 51, 12,  1, 64, 47, 41, 61, 37, 52,  4, 21, 10, 18, 48, 71, 29, 45, 69, 28, 46, 66, 42, 19,  9, 14, 67,  8, 25, 40, 60, 33,  7,  6, 11, 70, 30, 54, 34, 62, 32, 35,  2, 38, 39], 2790.9438105 , 2885.75853261, 0.,   0.        ,  0.        , 13.        , 26, 25, 38.5)
 ( 6, [ 9,  5, 13, 20, 17,  8, 36, 20, 31, 27, 63, 24, 50, 13, 53, 43, 68, 17, 23, 26, 44, 56, 16, 15,  3, 22, 57,  5, 72, 49,  7, 58, 55, 59, 51, 12,  1, 64, 52, 47, 41, 61, 37,  4, 21, 10, 18, 71, 29, 45, 69, 54, 34, 62,  9, 19, 42, 66, 46, 28, 70, 11,  6, 14, 67,  8, 25, 40, 48, 60, 33, 65, 30, 32, 35,  2, 38, 39], 2816.6998222 , 2816.6998222 , 0.,   0.        ,  0.        , 14.        , 27, 22, 38. )
 ( 6, [10,  5, 11, 22, 16,  8, 36, 20, 31, 27, 63, 24, 50, 13, 53, 43, 68, 17, 23, 26, 44, 56, 16, 15,  3, 22, 57,  5, 49,  7, 72, 58, 55, 59, 51, 12,  1, 64, 47, 41, 61, 37, 52,  4, 21, 10, 18, 48, 71, 29, 45, 69, 28, 46, 66, 42, 19,  9, 14, 67,  8, 25, 40, 60, 33, 65,  6, 11, 70, 30, 54, 34, 62, 32, 35,  2, 38, 39], 2866.63927842, 2866.63927842, 0.,   0.        ,  0.        ,  8.66666667, 28, 31, 43.5)
 ( 6, [10,  5, 12, 21, 16,  8, 36, 20, 31, 27, 63, 24, 50, 13, 53, 43, 68, 17, 23, 26, 44, 56, 16, 15,  3, 22, 57,  5, 49,  7, 72, 58, 55, 59, 51, 12,  1, 64, 47, 41, 61, 37, 52,  4, 21, 10, 18,  6, 29, 46, 28, 45, 69, 66, 42, 19,  9, 30, 14, 67,  8, 25, 40, 48, 60, 33, 65, 71, 11, 70, 54, 34, 62, 32, 35,  2, 38, 39], 2905.55888883, 2905.55888883, 0.,   0.        ,  0.        , 13.33333333, 29, 23, 40.5)
 ( 6, [ 9,  4, 14, 19, 18,  8, 36, 20, 31, 27, 63, 24, 50, 13, 53, 43, 68, 17, 23, 26, 44, 56, 16, 15,  3, 22, 57,  5, 49,  7, 72, 58, 55, 59, 61, 12,  1, 64, 47, 41, 51, 37, 52,  4, 21, 10, 18, 71, 29, 45, 69, 28, 46, 66, 42, 19,  9, 14, 67,  8, 25, 40, 48, 60, 30, 33, 65,  6, 11, 70, 54, 34, 62, 32, 35,  2, 38, 39], 2917.01583277, 2917.01583277, 0.,   0.        ,  0.        , 14.        , 30, 21, 40.5)
 ( 6, [ 9,  3, 13, 20, 17, 10, 36, 20, 31, 27, 63, 24, 50, 13, 53, 43, 68, 17, 23, 26, 44, 56, 16, 15,  3, 46, 22, 57,  5, 72, 49,  7, 58, 55, 59, 51, 41, 12,  1, 64, 47, 61, 37, 52,  4, 21, 10, 18, 71, 29, 69, 45, 28, 66, 42, 19,  9, 14, 67,  8, 25, 40, 30, 48, 60, 33, 65,  6, 11, 70, 54, 34, 62, 32, 35,  2, 38, 39], 2939.31254936, 3076.14254843, 0.,  48.51659758,  0.        , 15.33333333, 31, 19, 40.5)
 ( 6, [10,  5, 11, 22, 16,  8, 36, 20, 31, 27, 63, 24, 50, 13, 53, 43, 68, 17, 23, 26, 44, 56, 16, 15,  3, 22, 57,  5, 49,  7, 72, 58, 55, 59, 51, 12,  1, 64, 47, 41, 61, 37, 52,  4, 71, 48, 18, 10, 21, 29, 45, 69, 28, 46, 66, 42, 19,  9, 14, 67,  8, 25, 40, 60, 33, 65,  6, 11, 70, 30, 54, 34, 62, 32, 35,  2, 38, 39], 2986.34433405, 2986.34433405, 0.,   0.        ,  0.        , 12.        , 32, 27, 45.5)
 ( 6, [10,  5, 13, 20, 17,  7, 36, 20, 24, 31, 27, 63, 50, 13, 53, 43, 68, 17, 60, 23, 26, 44, 56, 16, 15,  3, 22, 57,  5, 59, 49,  7, 58, 55, 52, 46, 28, 51, 12,  1, 64, 47, 41, 72, 61, 37,  4, 21, 10, 18, 71, 29, 69, 45, 66, 42, 19,  9, 14, 67,  8, 25, 40, 30, 48, 33, 65,  6, 11, 70, 54, 34, 62, 32, 35,  2, 38, 39], 3088.49139548, 3345.83104506, 0.,  25.35777997,  0.        , 19.        , 33, 17, 41.5)
 ( 6, [ 9,  4, 11, 22, 16, 10, 36, 20, 31, 27, 63, 24, 50, 13, 53, 43, 68, 17, 23, 26, 44, 56, 16, 15,  3, 22, 57,  5, 49,  7, 58, 55, 52, 59, 51, 12,  1, 18, 47, 41, 61, 37, 21, 10, 64,  4, 71, 29, 69, 45, 72, 46, 28, 66, 42, 19,  9, 14, 67,  8, 25, 40, 30, 48, 60, 33, 65,  6, 11, 70, 54, 34, 62, 32, 35,  2, 38, 39], 3375.23191082, 3543.9228311 , 0.,   5.50877979,  0.        , 17.        , 34, 18, 43. )
 ( 6, [ 9,  5, 13, 20, 18,  7, 36, 20, 15, 27, 63, 24, 50, 13, 53, 43, 68, 17, 23, 26, 44, 56, 16, 31,  3, 22, 57,  5, 72, 49,  7, 58, 55, 52, 46, 28, 59, 51, 64, 47, 42, 66, 69, 45, 29, 71, 18, 10, 21,  4, 37, 61, 41, 19,  9, 14, 67,  8, 25, 40, 48, 60, 33, 30,  1, 12, 65,  6, 11, 70, 54, 34, 62, 32, 35,  2, 38, 39], 3465.92643956, 3642.4293564 , 0., 168.0728904 ,  0.56407604, 26.        , 35, 15, 42.5)
 (43, [12,  5, 11, 20, 18,  6, 36, 20, 31, 63, 24, 50, 13, 53, 43, 68, 17, 23, 26, 56, 16, 15,  3, 22, 57,  5, 55, 59, 58, 46, 49,  7, 27, 37, 25,  4, 44, 51, 12,  1, 64, 47, 41, 61, 52, 21, 10, 18, 71, 29, 69, 45, 72, 28, 66, 42, 19,  9, 14, 67,  8, 40, 48, 60, 33, 65,  6, 11, 70, 30, 54, 34, 62, 32, 35,  2, 38, 39], 3542.51685782, 3787.77561259, 0.,  21.45075838, 29.81257585, 26.        , 36, 14, 43. )
 ( 6, [ 8,  5, 13, 20, 18,  8, 36, 20, 31, 27, 63, 24, 50, 13, 53, 43, 68, 17, 23, 26, 44, 56, 16, 15,  3, 22, 57,  5, 67,  8, 25, 40, 48, 60, 33, 61, 41, 47, 64,  1, 12, 51, 59, 28, 46, 52, 55, 58,  7, 49, 72, 14, 30,  9, 19, 42, 66, 69, 45, 29, 71, 18, 10, 21,  4, 37, 65,  6, 11, 70, 54, 34, 62, 32, 35,  2, 38, 39], 3556.14113158, 3656.84951843, 0.,  37.5185044 ,  0.        , 24.66666667, 37, 16, 45. )
 ( 6, [10,  6, 14, 20, 17,  5, 36, 20, 31, 27, 63, 24, 50, 13, 53, 43, 68, 17, 23, 26, 44, 56, 16, 15,  3, 22, 57,  5, 14,  9, 19, 42, 66, 69, 45, 29, 71, 18, 10, 21,  4, 37, 61, 41, 47, 64,  1, 12, 51, 59, 28, 46, 52, 55, 58,  7, 49, 72, 67,  8, 25, 40, 48, 60, 33, 65,  6, 11, 70, 30, 54, 34, 62, 32, 35,  2, 38, 39], 3558.8828966 , 3416.66310532, 0.,  97.28691761,  5.92998564, 27.33333333, 38, 13, 44.5)
 ( 6, [14,  5, 11, 12, 18, 12, 24, 31,  2, 63, 36, 62, 32, 39, 50, 27, 20, 53, 23, 26, 44, 56, 16, 15,  3, 22, 57,  5, 72, 49,  7, 58, 55, 59, 51, 12,  1, 64, 47, 41, 61, 37, 52, 46,  4, 21, 10, 18, 71, 29, 45, 69, 28, 66, 42, 19,  9, 14, 67,  8, 25, 40, 48, 60, 33, 65,  6, 11, 70, 30, 54, 34, 13, 35, 68, 43, 17, 38], 4406.21030661, 4547.49617387, 0.,  98.67534822,  0.        , 38.        , 39, 12, 45. )
 ( 6, [ 9,  4, 13, 20, 16, 10, 69, 25, 12,  7, 14,  3, 68, 63, 31, 58, 29,  4, 59, 56, 20, 57, 22, 61, 72, 45, 15, 18, 27, 50, 53, 28, 37,  5, 64, 21, 52, 51, 17, 47, 41, 66, 71, 49, 13, 24, 23, 43, 44, 19, 42,  1, 36,  8, 55, 46, 67,  9, 26, 10, 16, 40, 48, 60, 33, 65,  6, 11, 70, 30, 54, 34, 62, 32, 35,  2, 38, 39], 4967.8610344 , 5084.61656049, 0.,   6.93457118,  0.08945162, 58.        , 40, 10, 45. )
 ( 6, [12,  5, 11, 18, 17,  9, 24, 31, 44, 56,  2, 16, 15, 63,  5, 36, 30, 62, 11, 54, 57, 32, 39,  3, 50, 27, 20, 23, 49,  7, 58, 55, 59, 51, 12,  1, 64, 47, 41, 61, 37, 52,  4, 21, 10, 18, 71, 29, 69, 45, 72, 46, 28, 66, 42, 19,  9, 14, 67,  8, 25, 40, 48, 60, 33, 53, 13, 35, 68, 22, 43, 70, 17, 34, 38,  6, 26, 65], 5141.18987172, 5422.66876949, 0.,  30.82505432,  2.83348162, 42.33333333, 41, 11, 46.5)
 ( 6, [11, 13, 13, 12,  9, 14, 12,  7, 39,  3, 68, 63, 31, 58,  4, 59, 56, 20, 57, 22, 61, 15, 27, 50, 53, 37,  5, 64, 21, 52, 51, 17, 47, 41, 49, 13, 24, 23, 43, 44, 18,  1, 36, 55, 26, 10, 71, 29, 69, 45, 72, 46, 28, 66, 42, 19,  9, 14, 67,  8, 25, 40, 48, 30, 60, 33, 65,  6, 11, 70, 54, 34, 62, 32, 35,  2, 38, 16], 5330.09861338, 5206.23506319, 0., 158.08037658, 20.33151846, 68.66666667, 42,  5, 44.5)
 ( 6, [ 9, 13, 12, 19, 11,  8, 40, 26, 54, 53, 43, 27, 14, 48, 63, 69, 20, 42, 31,  9, 10, 60, 16, 15,  3, 22, 57,  5, 52, 55, 58,  7, 49, 72, 46, 28, 59, 51, 12,  1, 64, 47, 41, 61, 37,  4, 21, 11, 18, 23, 70, 17,  8,  2, 44, 71, 36, 29, 30, 24, 34, 32, 45, 38, 56, 67, 50, 25, 68, 62, 66, 33, 39, 35, 65, 13, 19,  6], 6045.86482586, 6419.59835408, 0.,  42.95921305, 43.73864008, 69.33333333, 44,  4, 46. )
 (39, [11, 13, 13, 11, 13, 11, 11, 33, 30, 44, 66, 64, 61, 40, 42, 12, 26, 47, 14, 57,  3, 29,  4, 16,  1, 48, 22, 55, 45, 51, 63,  5, 70, 54, 68, 50,  8, 71, 34, 62, 37, 36, 72, 28, 41, 18, 10, 53, 43, 59, 15, 17, 65, 23, 32, 25, 67,  2, 52, 60, 56, 20, 69, 58, 35, 24, 19,  9, 39, 38, 31, 13, 27, 46, 21,  7, 49,  6], 6149.07970678, 5918.17853619, 0., 115.4505853 ,  0.        , 60.66666667, 45,  9, 49.5)
 ( 6, [ 8, 10, 12, 18, 11, 13, 18, 26, 42, 21, 45, 72, 22, 63, 52, 34, 50, 14, 23, 67, 11, 35, 60,  9, 16,  1,  3, 57,  5, 49,  7, 58, 55, 59, 19, 46, 27, 37, 25,  4, 44, 51, 56, 41, 47, 13, 32, 68, 24, 66, 36, 61, 71, 20, 62, 31, 40, 15, 38, 39, 70, 29, 43, 69, 28,  8, 12, 33, 10, 54, 65, 30, 53, 17, 48,  2, 64,  6], 6209.32768163, 6078.87511456, 0.,  39.79208283, 25.43420071, 80.66666667, 46,  1, 46.5)
 (41, [12, 11, 11, 13, 13, 12, 11, 30, 44, 66, 64, 61, 40, 42, 12, 26, 47, 14, 57, 29,  4, 16,  1, 48, 22, 45, 51, 63,  5, 70, 54, 68,  8, 71, 34, 62, 36, 28, 41, 18, 10, 43, 59, 15, 39,  3, 50, 46, 13, 31, 38,  9, 19, 24, 35, 58, 69, 56, 60,  2, 67, 32, 65, 17, 55, 53, 33, 52, 23, 37, 20, 72, 25, 27, 21,  7, 49,  6], 6213.83895209, 6163.00177286, 0., 112.10915003, 32.92163342, 65.33333333, 47,  7, 50.5)
 (41, [ 9, 11, 12, 11, 17, 12, 31, 24, 26, 44, 49, 59, 41, 61, 56,  2, 46, 28,  1, 47, 64, 16, 15, 63, 69, 29, 10,  5, 14, 36, 12, 30,  9, 67, 51, 62, 45, 11, 54, 71, 48, 18, 57, 32, 39,  3, 50, 27, 25, 72, 20, 37, 23, 52, 33, 53, 55, 58, 13,  7,  8, 35, 68, 22, 21, 43, 70, 17,  4, 66, 42, 19, 40, 60, 65,  6, 34, 38], 6242.0981632 , 6778.4276534 , 0.,  22.8662224 ,  9.74273772, 67.33333333, 48,  6, 51. )
 (39, [ 9, 12, 14, 13, 13, 11, 24, 40, 42, 49, 61, 31, 44, 46, 28,  1, 47, 64,  3, 63, 29, 10,  5, 14, 36, 12, 30,  9, 51, 62, 45, 11, 54, 71, 48, 18, 57, 39, 16, 50, 27, 72, 37, 33, 53, 55, 13,  7, 43, 59, 15, 17, 65, 23, 32, 25, 67,  2, 52, 60, 56, 20, 69, 58,  8, 35, 68, 22, 21, 70,  4, 41, 34, 66, 38,  6, 26, 19], 6509.64027436, 7014.30958076, 0.,  43.78544635,  0.        , 63.66666667, 49,  8, 53. )
 ( 6, [12,  5, 13, 13, 17, 12, 34, 15, 57, 66, 18, 70, 47, 72, 30, 12, 52, 14,  4, 25, 20, 10, 64, 41, 51, 59, 24, 53, 68, 50, 29, 62, 67, 63, 27, 16,  6, 56, 31, 69, 36, 28, 61, 71, 38, 49, 39, 60,  5, 43, 46, 17, 65, 13, 42, 19,  9, 22, 44,  2,  8, 11, 54,  7, 37, 40,  1, 55, 33, 26, 58, 45,  3, 48, 23, 21, 35, 32], 6511.53659735, 6582.83492707, 0.,   9.92223172, 13.29694406, 78.        , 50,  2, 51. )]