
Total Runtime in seconds: 340.32561802864075Parameters:
population_size: 50, max_generations: 150, executed generations: 149, threshold_no_improvement: 75
target feasible proportion: 12
fitness_scaling: power_rank, selection_method: n_tournaments
p_c: 1.0, p_m: 0.2, NOT YET p_education: 0.0
tournament_size: 2, n_elite: 8
survivor_selection_step: 10, p_selection_survival: 0.7
kill clone step: 5
diversify_step: 20, diversify_step: 20, p_diversify_survival: 0.3
n_closest_neighbors: 3, diversity_weight: 0.5, distance_method: broken_pairs_distance
capacity_penalty_factor: 2, duration_penalty_factor 2, time_window_penalty: 2
Best fitness all generations, best individual before/after local search: 1117.5468490487615, 1117.5468490487615 / 1117.5468490487615
Best individual found before local search: (10, [10,  9, 16, 13,  7, 41, 31, 44, 32,  9, 42, 46, 35, 37, 22, 34, 10, 45,  6, 27,  3, 48, 11, 28,  4, 19, 14,  1, 33, 20, 13,  8, 29,  5, 16, 36, 26, 18, 17, 47, 24, 12, 21, 38, 40,  2, 15, 25, 23, 30, 39, 43], 1117.54684905, 1117.54684905, 0., 0., 0., 0., 1, 50, 26.)
Best individual found after local search: (10, [10,  9, 16, 13,  7, 41, 31, 44, 32,  9, 42, 46, 35, 37, 22, 34, 10, 45,  6, 27,  3, 48, 11, 28,  4, 19, 14,  1, 33, 20, 13,  8, 29,  5, 16, 36, 26, 18, 17, 47, 24, 12, 21, 38, 40,  2, 15, 25, 23, 30, 39, 43], 1117.54684905, 1117.54684905, 0., 0., 0., 0., 1, 50, 26.)
Best feasible individual found: (10, [10,  9, 16, 13,  7, 41, 31, 44, 32,  9, 42, 46, 35, 37, 22, 34, 10, 45,  6, 27,  3, 48, 11, 28,  4, 19, 14,  1, 33, 20, 13,  8, 29,  5, 16, 36, 26, 18, 17, 47, 24, 12, 21, 38, 40,  2, 15, 25, 23, 30, 39, 43], 1117.54684905, 1117.54684905, 0., 0., 0., 0., 1, 50, 26.)

Fitness stats min: [1200.74146209 1153.12077352 1150.79617155 1143.76563554 1118.72957805
 1117.54684905 1117.54684905 1117.54684905 1117.54684905 1117.54684905
 1117.54684905 1117.54684905 1117.54684905 1117.54684905 1117.54684905
 1117.54684905 1117.54684905 1117.54684905 1117.54684905 1117.54684905
 1117.54684905 1117.54684905 1117.54684905 1117.54684905 1117.54684905
 1117.54684905 1117.54684905 1117.54684905 1117.54684905 1117.54684905
 1117.54684905 1117.54684905 1117.54684905 1117.54684905 1117.54684905
 1117.54684905 1117.54684905 1117.54684905 1117.54684905 1117.54684905
 1117.54684905 1117.54684905 1117.54684905 1117.54684905 1117.54684905
 1117.54684905 1117.54684905 1117.54684905 1117.54684905 1117.54684905
 1117.54684905 1117.54684905 1117.54684905 1117.54684905 1117.54684905
 1117.54684905 1117.54684905 1117.54684905 1117.54684905 1117.54684905
 1117.54684905 1117.54684905 1117.54684905 1117.54684905 1117.54684905
 1117.54684905 1117.54684905 1117.54684905 1117.54684905 1117.54684905
 1117.54684905 1117.54684905 1117.54684905 1117.54684905 1117.54684905
 1117.54684905 1117.54684905 1117.54684905 1117.54684905 1117.54684905
 1117.54684905 1117.54684905 1117.54684905 1117.54684905 1117.54684905
 1117.54684905 1117.54684905 1117.54684905 1117.54684905 1117.54684905
 1117.54684905 1117.54684905 1117.54684905 1117.54684905 1117.54684905
 1117.54684905 1117.54684905 1117.54684905 1117.54684905 1117.54684905
 1117.54684905 1117.54684905 1117.54684905 1117.54684905 1117.54684905
 1117.54684905 1117.54684905 1117.54684905 1117.54684905 1117.54684905
 1117.54684905 1117.54684905 1117.54684905 1117.54684905 1117.54684905
 1117.54684905 1117.54684905 1117.54684905 1117.54684905 1117.54684905
 1117.54684905 1117.54684905 1117.54684905 1117.54684905 1117.54684905
 1117.54684905 1117.54684905 1117.54684905 1117.54684905 1117.54684905
 1117.54684905 1117.54684905 1117.54684905 1117.54684905 1117.54684905
 1117.54684905 1117.54684905 1117.54684905 1117.54684905 1117.54684905
 1117.54684905 1117.54684905 1117.54684905 1117.54684905 1117.54684905
 1117.54684905 1117.54684905 1117.54684905 1117.54684905 1117.54684905] 

Fitness stats feasible min: [1200.74146209 1153.12077352 1150.79617155 1143.76563554 1118.72957805
 1117.54684905 1117.54684905 1117.54684905 1117.54684905 1117.54684905
 1117.54684905 1117.54684905 1117.54684905 1117.54684905 1117.54684905
 1117.54684905 1117.54684905 1117.54684905 1117.54684905 1117.54684905
 1117.54684905 1117.54684905 1117.54684905 1117.54684905 1117.54684905
 1117.54684905 1117.54684905 1117.54684905 1117.54684905 1117.54684905
 1117.54684905 1117.54684905 1117.54684905 1117.54684905 1117.54684905
 1117.54684905 1117.54684905 1117.54684905 1117.54684905 1117.54684905
 1117.54684905 1117.54684905 1117.54684905 1117.54684905 1117.54684905
 1117.54684905 1117.54684905 1117.54684905 1117.54684905 1117.54684905
 1117.54684905 1117.54684905 1117.54684905 1117.54684905 1117.54684905
 1117.54684905 1117.54684905 1117.54684905 1117.54684905 1117.54684905
 1117.54684905 1117.54684905 1117.54684905 1117.54684905 1117.54684905
 1117.54684905 1117.54684905 1117.54684905 1117.54684905 1117.54684905
 1117.54684905 1117.54684905 1117.54684905 1117.54684905 1117.54684905
 1117.54684905 1117.54684905 1117.54684905 1117.54684905 1117.54684905
 1117.54684905 1117.54684905 1117.54684905 1117.54684905 1117.54684905
 1117.54684905 1117.54684905 1117.54684905 1117.54684905 1117.54684905
 1117.54684905 1117.54684905 1117.54684905 1117.54684905 1117.54684905
 1117.54684905 1117.54684905 1117.54684905 1117.54684905 1117.54684905
 1117.54684905 1117.54684905 1117.54684905 1117.54684905 1117.54684905
 1117.54684905 1117.54684905 1117.54684905 1117.54684905 1117.54684905
 1117.54684905 1117.54684905 1117.54684905 1117.54684905 1117.54684905
 1117.54684905 1117.54684905 1117.54684905 1117.54684905 1117.54684905
 1117.54684905 1117.54684905 1117.54684905 1117.54684905 1117.54684905
 1117.54684905 1117.54684905 1117.54684905 1117.54684905 1117.54684905
 1117.54684905 1117.54684905 1117.54684905 1117.54684905 1117.54684905
 1117.54684905 1117.54684905 1117.54684905 1117.54684905 1117.54684905
 1117.54684905 1117.54684905 1117.54684905 1117.54684905 1117.54684905
 1117.54684905 1117.54684905 1117.54684905 1117.54684905 1117.54684905] 

Fitness stats avg: [1557.55366007 1537.12109093 1458.04404031 1336.33353306 1317.35672644
 1379.98406325 1285.36397335 1216.7777381  1239.28700292 1236.51219965
 2759.2235521  1990.62105371 1547.19053054 1327.42040588 1272.93681066
 1672.71291103 1386.28840181 1198.21848931 1164.94249567 1186.61053498
 2054.7829704  1395.27979848 1294.87876975 1240.38532846 1247.55745914
 2650.87145548 2569.0626249  1803.96257954 1580.35567544 1387.81345466
 2553.60436719 1898.52272303 1360.5939027  1219.7557739  1182.36040682
 3337.72243576 2790.33145541 2111.19554149 1686.54093903 1466.9283907
 2594.89865926 1800.85931995 1341.55770443 1221.23333271 1224.02228284
 3244.043297   3094.74978853 2396.24998701 1816.03072399 1513.76295874
 2660.85440028 1911.04248657 1457.46023889 1246.66696951 1195.02177372
 3285.74202441 2681.76096455 1885.42079198 1575.59704915 1415.77288718
 2142.12546329 1659.06440211 1423.70537809 1174.86054665 1209.42705201
 3231.27383564 2793.19124702 2185.17640432 1666.67196501 1531.02390075
 3101.76888659 2567.83318797 1964.54158424 1638.91718121 1455.33115713
 1682.04379667 1501.55851004 1332.55240278 1335.51422288 1249.52145992
 2186.60674483 1468.45265846 1256.20014973 1202.25800424 1206.29215636
 3038.79981367 2559.84301241 1909.5773969  1468.86802987 1280.54353029
 2564.80916057 1880.68806659 1435.53551779 1304.4771154  1247.11450471
 2303.87267723 1494.8889268  1357.57979502 1271.28445001 1206.25401285
 2263.45793828 1379.01786123 1263.5428765  1195.53580521 1188.80718298
 3297.93207944 2533.27986787 1784.90411658 1402.26017242 1243.96866802
 1803.45833599 1397.01312426 1228.30310091 1212.91215337 1135.98541855
 3680.72979953 3351.82027338 2826.21777995 2428.96633223 1934.14164572
 2599.95526796 1865.26330539 1461.64431181 1306.31765705 1262.13471615
 2582.53644494 2370.94071862 1636.76388125 1413.50435581 1258.31758396
 2578.0954313  1851.32964112 1373.35775617 1274.89998726 1230.83527461
 2883.04002382 2032.05209439 1599.60744262 1357.94572277 1299.99625191
 2690.29640313 1870.01421091 1502.54211886 1375.97968916 1198.80962991
 2981.104868   2720.53119814 1981.33116938 1555.89901179 1374.40954739] 

Feasible stats: [( 0., 50.) ( 0., 50.) (34., 16.) (34., 16.) (47.,  3.) (47.,  3.)
 (46.,  4.) (46.,  4.) (49.,  1.) (49.,  1.) (45.,  5.) (45.,  5.)
 (29., 21.) (29., 21.) (43.,  7.) (43.,  7.) (30., 20.) (30., 20.)
 (40., 10.) (40., 10.) (47.,  3.) (47.,  3.) (46.,  4.) (46.,  4.)
 (46.,  4.) (46.,  4.) (25., 25.) (25., 25.) (31., 19.) (31., 19.)
 (41.,  9.) (41.,  9.) (30., 20.) (30., 20.) (50.,  0.) (50.,  0.)
 (16., 34.) (16., 34.) (26., 24.) (26., 24.) (43.,  7.) (43.,  7.)
 (31., 19.) (31., 19.) (48.,  2.) (48.,  2.) (15., 35.) (15., 35.)
 (28., 22.) (28., 22.) (43.,  7.) (43.,  7.) (32., 18.) (32., 18.)
 (44.,  6.) (44.,  6.) (16., 34.) (16., 34.) (35., 15.) (35., 15.)
 (37., 13.) (37., 13.) (35., 15.) (35., 15.) (46.,  4.) (46.,  4.)
 (12., 38.) (12., 38.) (24., 26.) (24., 26.) (42.,  8.) (42.,  8.)
 (19., 31.) (19., 31.) (40., 10.) (40., 10.) (32., 18.) (32., 18.)
 (42.,  8.) (42.,  8.) (45.,  5.) (45.,  5.) (41.,  9.) (41.,  9.)
 (45.,  5.) (45.,  5.) (18., 32.) (18., 32.) (24., 26.) (24., 26.)
 (46.,  4.) (46.,  4.) (31., 19.) (31., 19.) (45.,  5.) (45.,  5.)
 (31., 19.) (31., 19.) (44.,  6.) (44.,  6.) (49.,  1.) (49.,  1.)
 (41.,  9.) (41.,  9.) (47.,  3.) (47.,  3.) (11., 39.) (11., 39.)
 (36., 14.) (36., 14.) (45.,  5.) (45.,  5.) (42.,  8.) (42.,  8.)
 (45.,  5.) (45.,  5.) (10., 40.) (10., 40.) (14., 36.) (14., 36.)
 (25., 25.) (25., 25.) (28., 22.) (28., 22.) (39., 11.) (39., 11.)
 (23., 27.) (23., 27.) (36., 14.) (36., 14.) (37., 13.) (37., 13.)
 (30., 20.) (30., 20.) (42.,  8.) (42.,  8.) (19., 31.) (19., 31.)
 (39., 11.) (39., 11.) (41.,  9.) (41.,  9.) (32., 18.) (32., 18.)
 (43.,  7.) (43.,  7.) (17., 33.) (17., 33.) (24., 26.) (24., 26.)] 
Solution Description: 
p: [  0.          17.53554117  47.19996294  62.30053615  65.88026605
  65.92539359 100.47267296 150.80322505 212.26822432 213.37332578
 215.62221757   0.          24.42432263  43.10170885  46.65486999
  57.82812628  97.13902742 123.69930729 138.71301667 147.86729141
 149.7330236    0.          29.55843142  62.28260869 146.15922713
 146.61968006 156.18632911 256.13998753 256.40693274 325.72697665
 326.48007577 327.14839755 344.02642869 344.20284148 387.89578919
 409.83091081 440.00401272 492.17537356   0.          45.72329507
  52.53455008  63.51155902  77.20165447  89.86625057 124.51415848
 135.02517232 172.9519645  186.90219551 196.06758318 205.5602204
 231.71405951 260.01623432] 
pred: [ 0  0  0  0  0  0  5  5  5  5  5  0  0  1  1  1  1  1  1  1  1  0  0  0
  0  0  0  5  5  5  5  5  5  5 12 12 12 12  0  0  0  0  0  0  0  6  6  6
  6  6 11 11] 
distance [  0.          17.53554117  47.19996294  62.30053615  65.88026605
  65.92539359  34.54727937  84.87783147 146.34283074 147.44793219
 149.69682399   0.          24.42432263  18.67738622  22.23054736
  33.40380365  72.71470479  99.27498465 114.28869404 123.44296878
 125.30870097   0.          29.55843142  62.28260869 146.15922713
 146.61968006 156.18632911  99.95365842 100.22060363 169.54064754
 170.29374666 170.96206844 187.84009958 188.01651237  43.69294771
  65.62806933  95.80117124 147.97253208   0.          45.72329507
  52.53455008  63.51155902  77.20165447  89.86625057 124.51415848
  10.51101384  48.43780602  62.38803703  71.55342471  81.04606192
  26.15383911  54.45601392]
load: [  0  13  21  31  34  50  13  35  54  68  79   0  21  22  40  65  70  86
 102 112 119   0   9  14  17  26  38  19  35  44  64  84  96 121  10  16
  33  38   0  21  40  46  71  86 101   8  12  26  40  53  13  37] 
time: [  0.         170.         203.         228.39224704 244.56663558
 456.          80.         115.34683757 171.22731303 252.33358633
 322.           0.         371.         182.         195.18455016
 202.9955528  231.80134413 398.         440.23624841 473.3964008
 510.10459224   0.         257.         279.90630276 345.84518954
 414.06688705 441.06764997  72.         192.         241.20298871
 268.20115563 282.44169868 317.         446.         321.
 357.24520703 434.         475.95303324   0.         115.
 308.         325.46934669 414.         443.         485.92676098
 121.         226.         329.         378.         422.56770213
 207.         459.        ] 
time warps: [0 0 0 0 0 0 0 0 0 0 0 0 0 0 0 0 0 0 0 0 0 0 0 0 0 0 0 0 0 0 0 0 0 0 0 0 0
 0 0 0 0 0 0 0 0 0 0 0 0 0 0 0] 
duration: [  0.          23.53554117  73.83796245  95.93853566 103.51826556
 311.61049336  41.54727937 116.87783147 195.34283074 200.44793219
 269.41539141   0.          47.42432263  24.67738622  29.23054736
  49.40380365 105.71470479 284.97668402 320.99039341 347.14466815
 353.01040033   0.          35.55843142  92.28260869 189.15922713
 205.61968006 217.18632911 120.95365842 214.42823731 285.74828122
 291.50138034 300.16970212 332.70578374 447.51118491  56.69294771
  80.62806933 184.45345617 239.62481701   0.          55.72329507
 251.32425496 272.3012639  360.05582284 403.26861412 455.91652202
  17.51101384 155.03431469 244.72426381 305.6796988  325.17233601
  48.15383911 315.00222923]

All individuals: [(10, [10,  9, 16, 13,  7, 41, 31, 44, 32,  9, 42, 46, 35, 37, 22, 34, 10, 45,  6, 27,  3, 48, 11, 28,  4, 19, 14,  1, 33, 20, 13,  8, 29,  5, 16, 36, 26, 18, 17, 47, 24, 12, 21, 38, 40,  2, 15, 25, 23, 30, 39, 43], 1117.54684905, 1117.54684905, 0.,  0.        ,  0.        ,  0.        ,  1, 50, 26. )
 (46, [11, 16, 11, 10,  7, 13, 40, 15, 20, 17, 11,  4, 48, 43, 33, 42, 24, 46,  3,  5, 29, 25, 36, 10, 26,  6,  1, 34, 16, 38, 37, 31, 27, 39, 41, 32, 19, 28, 23, 22,  2, 47,  9, 18, 35, 21, 45, 14, 12,  8, 44, 30], 1117.54684905, 1117.54684905, 0.,  0.        ,  0.        ,  0.        ,  2, 49, 26.5)
 (43, [10, 15, 10, 13, 45, 35, 43, 12, 22, 24, 26, 36, 20, 38, 18, 33, 42, 19,  4, 41, 15, 16, 11,  5,  6, 47,  9, 13, 23, 48,  8, 31, 39, 14, 44, 40, 17, 32, 10, 46, 30, 21, 37, 28,  2,  3,  7, 27, 34,  1, 29, 25], 1117.54684905, 1117.54684905, 0.,  0.        ,  0.        ,  0.        ,  3, 48, 27. )
 (41, [14, 11, 12, 11, 43, 37, 17, 48, 25, 47, 32, 11, 26, 12, 33, 36,  1,  9, 35, 41, 34, 16, 45, 22, 38, 46,  8, 40,  5,  2, 28, 39, 29, 27, 14, 23, 18, 13,  6, 24, 44, 15, 20, 42, 19, 31, 10, 30,  3,  4,  7, 21], 1117.54684905, 1117.54684905, 0.,  0.        ,  0.        ,  0.        ,  4, 47, 27.5)
 (38, [11, 12, 11, 14,  3,  2, 10, 41, 43, 18,  9, 42,  8, 40,  6, 23,  5, 35, 14, 32, 12, 19, 16, 27, 22, 47, 39, 20, 21, 34, 44, 26, 17,  4, 13, 28, 30, 36, 29, 37, 38, 15, 48, 24,  7,  1, 25, 46, 11, 33, 45, 31], 1117.54684905, 1117.54684905, 0.,  0.        ,  0.        ,  0.        ,  5, 46, 28. )
 (10, [10,  9, 16, 13,  7, 41, 31, 44, 32,  9, 42, 46, 35, 37, 22, 34, 10, 45,  6, 27,  3, 48, 11, 28,  4, 19, 14,  1, 33, 20, 13,  8, 29,  5, 16, 36, 26, 18, 17, 47, 24, 12, 21, 38, 40,  2, 15, 25, 23, 30, 39, 43], 1117.54684905, 1117.54684905, 0.,  0.        ,  0.        ,  0.        ,  7, 44, 29. )
 (10, [10,  9, 16, 13,  7, 41, 31, 44, 32,  9, 42, 46, 35, 37, 22, 34, 10, 45,  6, 27,  3, 48, 11, 28,  4, 19, 14,  1, 33, 20, 13,  8, 29,  5, 16, 36, 26, 18, 17, 47, 24, 12, 21, 38, 40,  2, 15, 25, 23, 30, 39, 43], 1117.54684905, 1117.54684905, 0.,  0.        ,  0.        ,  0.        ,  6, 45, 28.5)
 (10, [10,  9, 16, 13,  7, 41, 31, 44, 32,  9, 42, 46, 35, 37, 22, 34, 10, 45,  6, 27,  3, 48, 11, 28,  4, 19, 14,  1, 33, 20, 13,  8, 29,  5, 16, 36, 26, 18, 17, 47, 24, 12, 21, 38, 40,  2, 15, 25, 23, 30, 39, 43], 1117.54684905, 1117.54684905, 0.,  0.        ,  0.        ,  0.        ,  5, 46, 28. )
 (10, [10,  9, 16, 13,  7, 41, 31, 44, 32,  9, 42, 46, 35, 37, 22, 34, 10, 45,  6, 27,  3, 48, 11, 28,  4, 19, 14,  1, 33, 20, 13,  8, 29,  5, 16, 36, 26, 18, 17, 47, 24, 12, 21, 38, 40,  2, 15, 25, 23, 30, 39, 43], 1117.54684905, 1117.54684905, 0.,  0.        ,  0.        ,  0.        ,  4, 47, 27.5)
 (10, [10,  9, 16, 13,  7, 41, 31, 44, 32,  9, 42, 46, 35, 37, 22, 34, 10, 45,  6, 27,  3, 48, 11, 28,  4, 19, 14,  1, 33, 20, 13,  8, 29,  5, 16, 36, 26, 18, 17, 47, 24, 12, 21, 38, 40,  2, 15, 25, 23, 30, 39, 43], 1117.54684905, 1117.54684905, 0.,  0.        ,  0.        ,  0.        ,  3, 48, 27. )
 (10, [10,  9, 16, 13,  7, 41, 31, 44, 32,  9, 42, 46, 35, 37, 22, 34, 10, 45,  6, 27,  3, 48, 11, 28,  4, 19, 14,  1, 33, 20, 13,  8, 29,  5, 16, 36, 26, 18, 17, 47, 24, 12, 21, 38, 40,  2, 15, 25, 23, 30, 39, 43], 1117.54684905, 1117.54684905, 0.,  0.        ,  0.        ,  0.        ,  2, 49, 26.5)
 (10, [10,  9, 16, 13,  7, 41, 31, 44, 32,  9, 42, 46, 35, 37, 22, 34, 10, 45,  6, 27,  3, 48, 11, 28,  4, 19, 14,  1, 33, 20, 13,  8, 29,  5, 16, 36, 26, 18, 17, 47, 24, 12, 21, 38, 40,  2, 15, 25, 23, 30, 39, 43], 1117.54684905, 1117.54684905, 0.,  0.        ,  0.        ,  0.        ,  1, 50, 26. )
 (48, [13, 13, 11, 11, 25, 19, 42, 35,  5, 32,  4, 24, 22, 28,  7, 12, 46, 40, 20, 14,  9, 26, 21, 38, 37, 15, 45, 17, 48, 23, 34, 43, 39, 27, 33,  1, 44, 11, 29,  2, 31,  8, 13, 41, 30, 36, 18, 16,  3, 10, 47,  6], 1117.54684905, 1117.54684905, 0.,  0.        ,  0.        ,  0.        ,  8, 43, 29.5)
 (49, [11, 10, 12, 15, 10, 38, 28,  5, 24, 40, 46, 27,  9, 26, 15, 22, 25, 11, 34, 41, 18, 13,  8, 33, 31,  1, 32,  3, 12, 45,  2, 17, 19, 36, 16, 47, 39,  7, 48, 29, 44,  4, 14, 20, 23, 21, 35, 42, 37,  6, 30, 43], 1117.54684905, 1117.54684905, 0.,  0.        ,  0.        ,  0.        , 13, 38, 32. )
 (10, [10,  9, 16, 13,  7, 41, 31, 44, 32,  9, 42, 46, 35, 37, 22, 34, 10, 45,  6,  3, 48, 27, 11, 28,  4, 19, 14,  1, 33, 20, 13,  8, 29,  5, 16, 36, 26, 18, 17, 47, 24, 12, 21, 38, 40,  2, 15, 25, 23, 30, 39, 43], 1136.9515569 , 1128.84805823, 0.,  4.05174933,  0.        ,  3.        , 20, 28, 34. )
 (10, [10,  9, 16, 13,  7, 41, 31, 44, 32,  9, 42, 46, 35, 37, 22, 34, 10, 45,  6, 27,  3, 48, 11, 28,  4, 19, 14,  1, 33, 20, 13,  8, 29,  5, 16, 36, 26, 18, 17, 47, 21, 12, 24, 38, 40,  2, 15, 25, 23, 30, 39, 43], 1137.00005966, 1124.06768003, 0.,  6.46618982,  0.        ,  1.33333333, 21, 29, 35.5)
 (10, [10,  9, 16, 13,  7, 41, 31, 44, 32,  9, 42, 46, 35, 37, 22, 34, 10, 45,  6, 27,  3, 48, 11, 28,  4, 19, 14,  1, 33, 20, 13,  8, 29,  5, 16, 36, 26, 18, 17, 47, 24, 12, 30, 15, 23, 25, 40, 21, 38,  2, 39, 43], 1158.9248341 , 1158.9248341 , 0.,  0.        ,  0.        ,  5.33333333, 24, 24, 36. )
 (10, [10,  9, 16, 13,  7, 41, 31, 44, 32,  9, 42, 46, 22, 37, 35, 34, 10, 45,  6, 27,  3, 48, 11, 28,  4, 19, 14,  1, 33, 20, 13,  8, 29,  5, 16, 36, 26, 18, 17, 47, 24, 12, 21, 38, 40,  2, 15, 25, 23, 30, 39, 43], 1158.97085357, 1158.97085357, 0.,  0.        ,  0.        ,  4.        , 26, 27, 39.5)
 (10, [10,  9, 16, 13, 31, 44, 32,  9, 42, 46, 35,  7, 22, 37, 34, 41, 10, 45,  6, 27,  3, 48, 11, 28,  4, 19, 14,  1, 33, 20, 13,  8, 29,  5, 16, 36, 26, 18, 17, 47, 24, 12, 21, 38, 40,  2, 15, 25, 23, 30, 39, 43], 1190.26453409, 1190.26453409, 0.,  0.        ,  0.        ,  6.        , 27, 20, 37. )
 (44, [10, 14, 12, 12, 46, 24,  7,  1, 40, 33, 16, 10, 23, 34, 43, 28,  2,  5, 48, 39, 29, 12, 20, 22,  6, 11, 35, 44,  3, 30, 26, 32, 31, 13, 45, 21,  4, 27, 41, 38, 18, 25, 42, 47, 19, 17, 37, 36, 15,  8,  9, 14], 1200.37210702, 1200.37210702, 0.,  0.        ,  0.        ,  4.        , 28, 26, 41. )
 (44, [10, 14, 12, 12, 46, 24,  7,  1, 40, 33, 16, 10, 23, 34, 43, 28,  2,  5, 48, 39, 29, 12, 20, 22,  6, 11, 35, 44,  3, 30, 26, 32, 31, 13, 45, 21,  4, 27, 41, 38, 18, 25, 42, 47, 19, 17, 37, 36, 15,  8,  9, 14], 1200.37210702, 1200.37210702, 0.,  0.        ,  0.        ,  4.        , 28, 26, 41. )
 (45, [11, 12, 12, 13, 30, 10,  4, 21, 11, 32, 42, 46, 44,  2,  9, 35, 19,  5, 28, 12, 17, 14,  7, 29,  6, 25, 33, 48, 37, 43, 45, 18, 40,  1, 15,  3, 20, 38, 23, 34, 26, 41, 13, 22, 24, 36, 27, 47,  8, 31, 39, 16], 1227.28824129, 1227.28824129, 0.,  0.        ,  0.        ,  5.33333333, 29, 22, 40. )
 (45, [11, 12, 12, 13, 30, 10,  4, 21, 11, 32, 42, 46, 44,  2,  9, 35, 19,  5, 28, 12, 17, 14,  7, 29,  6, 25, 33, 48, 37, 43, 45, 18, 40,  1, 15,  3, 20, 38, 23, 34, 26, 41, 13, 22, 24, 36, 27, 47,  8, 31, 39, 16], 1227.28824129, 1227.28824129, 0.,  0.        ,  0.        ,  5.33333333, 29, 22, 40. )
 (10, [10,  9, 17, 12,  7, 41, 31, 44, 32,  9, 42, 46, 35, 37, 22, 34, 10, 45,  6, 27,  3, 48, 11, 28,  4, 19, 14, 33, 20, 13,  8, 29,  5, 16, 36, 26, 18,  1, 38, 17, 47, 24, 12, 21, 40,  2, 15, 25, 23, 30, 39, 43], 1284.51706433, 1284.51706433, 0.,  0.        ,  0.        ,  7.        , 30, 17, 38.5)
 (47, [14, 13, 10, 11, 24, 29, 30, 45, 44, 20, 23, 40, 32,  5, 27,  7,  4, 16, 48, 43, 15, 36, 17, 39,  8, 46, 47, 21, 10, 13, 31,  3,  2, 11, 19, 41, 28, 18, 12, 26, 34,  1, 35, 38, 42,  9,  6, 25, 22, 33, 37, 14], 1352.81635129, 1352.81635129, 0.,  0.        ,  0.        , 10.        , 31, 15, 38.5)
 (47, [14, 13, 10, 11, 24, 29, 30, 45, 44, 20, 23, 40, 32,  5, 27,  7,  4, 16, 48, 43, 15, 36, 17, 39,  8, 46, 47, 21, 10, 13, 31,  3,  2, 11, 19, 41, 28, 18, 12, 26, 34,  1, 35, 38, 42,  9,  6, 25, 22, 33, 37, 14], 1352.81635129, 1352.81635129, 0.,  0.        ,  0.        , 10.        , 31, 15, 38.5)
 (35, [11, 13, 12, 12, 16, 17, 43, 30,  8, 42,  7, 24, 12, 38, 39,  6, 19, 33, 31, 40, 46, 15, 26, 28, 47, 41, 25, 29, 35, 23, 13, 48, 32,  2, 37, 27,  3, 36, 14,  4, 18, 44,  9, 22,  5, 45, 34, 20, 21, 11,  1, 10], 1398.83894821, 1385.60536028, 0.,  6.61679397,  0.        ,  4.33333333, 32, 25, 44.5)
 (35, [11, 13, 12, 12, 16, 17, 43, 30,  8, 42,  7, 24, 12, 38, 39,  6, 19, 33, 31, 40, 46, 15, 26, 28, 47, 41, 25, 29, 35, 23, 13, 48, 32,  2, 37, 27,  3, 36, 14,  4, 18, 44,  9, 22,  5, 45, 34, 20, 21, 11,  1, 10], 1398.83894821, 1385.60536028, 0.,  6.61679397,  0.        ,  4.33333333, 32, 25, 44.5)
 (42, [11, 13, 12, 12, 33,  9,  1, 30, 27, 29, 17, 37, 36, 41, 25,  7, 12, 14, 48, 10, 28,  3,  4, 11,  8, 45, 26, 23, 22, 15, 43, 39,  2, 24, 18,  6, 47, 13, 38, 46, 40, 32, 35,  5, 44, 31, 21, 20, 19, 16, 34, 42], 1439.22890998, 1439.22890998, 0.,  0.        ,  0.        ,  6.66666667, 33, 18, 42. )
 (42, [11, 13, 12, 12, 33,  9,  1, 30, 27, 29, 17, 37, 36, 41, 25,  7, 12, 14, 48, 10, 28,  3,  4, 11,  8, 45, 26, 23, 22, 15, 43, 39,  2, 24, 18,  6, 47, 13, 38, 46, 40, 32, 35,  5, 44, 31, 21, 20, 19, 16, 34, 42], 1439.22890998, 1439.22890998, 0.,  0.        ,  0.        ,  6.66666667, 33, 18, 42. )
 (10, [10,  9, 16, 13,  7, 31, 44, 32,  9, 41, 42, 46, 35, 37, 22, 34, 10, 45,  6, 27,  3, 48, 11, 28,  4, 19, 14,  1, 33, 20, 13,  8, 29,  5, 16, 36, 15, 30, 12, 24, 47, 17, 18, 26, 23, 25, 40, 21, 38,  2, 39, 43], 1440.02230709, 1522.39488393, 0.,  0.        ,  0.        , 13.66666667, 34,  9, 38.5)
 (10, [10,  9, 16, 13,  7, 41, 31, 44, 32,  9, 42, 27,  3, 48,  6, 45, 11, 46, 35, 37, 22, 34, 28,  4, 19, 14,  1, 33, 20, 13,  8, 29,  5, 16, 36, 26, 18, 17, 10, 47, 24, 12, 21, 38, 40,  2, 15, 25, 23, 30, 39, 43], 1520.78315155, 1520.78315155, 0.,  0.        ,  0.        ,  7.33333333, 35, 16, 43. )
 (10, [10,  9, 16, 13,  7, 31, 44, 32,  9, 42, 46, 35, 22, 34, 41, 10, 28,  6, 27,  3, 48, 11, 45,  4, 19, 14,  1, 33, 13, 29, 37, 20,  8,  5, 16, 36, 26, 18, 17, 47, 24, 12, 21, 38, 40,  2, 15, 25, 23, 30, 39, 43], 1523.04072449, 1565.38431992, 0.,  0.        ,  0.        , 13.66666667, 36, 10, 41. )
 (10, [10,  8, 18, 12,  7, 41, 31, 44, 32,  9, 42, 46, 35, 37, 22, 34, 10, 45,  6, 27,  3, 48, 11, 28,  4, 19, 14, 33, 20, 13,  8, 29,  5, 16, 36, 26, 18,  1, 38, 17, 47, 24, 12, 39, 30, 43, 23, 25, 15,  2, 40, 21], 1547.01819185, 1604.52603841, 0.,  0.        ,  0.        , 13.66666667, 37, 11, 42.5)
 (37, [10, 12, 12, 14, 37, 14,  2,  3,  9, 17, 33, 46, 27, 15, 21, 45,  8, 34,  5, 40, 41, 19, 36, 39,  4, 35, 43,  7, 42, 31, 26, 47, 10, 28, 32, 23, 24, 44, 16, 25,  6,  1, 20, 48, 11, 29, 30, 13, 38, 18, 12, 22], 1552.95790513, 1552.95790513, 0.,  0.        ,  0.        ,  6.        , 38, 21, 48.5)
 (37, [10, 12, 12, 14, 37, 14,  2,  3,  9, 17, 33, 46, 27, 15, 21, 45,  8, 34,  5, 40, 41, 19, 36, 39,  4, 35, 43,  7, 42, 31, 26, 47, 10, 28, 32, 23, 24, 44, 16, 25,  6,  1, 20, 48, 11, 29, 30, 13, 38, 18, 12, 22], 1552.95790513, 1552.95790513, 0.,  0.        ,  0.        ,  6.        , 38, 21, 48.5)
 (10, [10,  9, 16, 13,  7, 41, 44,  9, 42, 46, 35, 37, 22, 34, 10, 45,  6, 27,  3, 48, 31, 32, 28,  4, 19, 14,  1, 16, 33, 20, 13, 11,  8, 29,  5, 36, 26, 18, 17, 47, 24, 12, 21, 38, 40,  2, 15, 25, 23, 30, 39, 43], 1582.32249046, 1672.75997258, 0.,  0.        ,  0.        , 10.        , 39, 14, 46. )
 (10, [10,  9, 16, 13,  7, 41, 31, 44, 32,  9, 42, 46, 35, 18, 37, 22, 34, 27,  3, 48, 11, 28,  4, 19, 14,  1, 33, 20, 13,  8, 29,  5, 16, 36, 26, 17,  6, 45, 10, 47, 24, 12, 21, 38, 40,  2, 15, 25, 23, 30, 39, 43], 1611.36812883, 1598.1345409 , 0.,  6.61679397,  0.        ,  6.33333333, 40, 19, 49.5)
 (10, [10,  9, 16, 13,  7,  6, 45, 10, 32,  9, 42, 46, 35, 37, 22, 34, 27,  3, 48, 11, 28,  4, 19, 14,  1, 44, 31, 16, 33, 20, 13,  8, 29, 17, 18, 26, 36, 41,  2, 23,  5, 47, 24, 12, 21, 38, 40, 15, 25, 30, 39, 43], 1619.18849214, 1715.82599471, 0.,  6.61679397,  1.53684477, 18.33333333, 41,  5, 43.5)
 (10, [12,  8, 15, 13,  7, 31, 44, 32,  9, 42, 41, 46, 35, 37, 17, 22, 34, 11, 48,  3, 27, 28,  4, 19, 14,  1, 33, 20, 13,  8, 29,  5, 16, 36, 26, 18,  6, 45, 10, 47, 24, 12, 21, 38, 40,  2, 15, 25, 23, 30, 39, 43], 1668.33867615, 1655.10508822, 0.,  6.61679397,  0.        , 12.66666667, 42, 12, 48. )
 (10, [10,  9, 16, 13, 44, 32,  9, 42, 46, 35, 31, 41,  7, 37,  6, 47, 24, 12, 17, 34, 45, 10, 22, 26, 18, 29,  8, 13, 20,  5,  1, 16, 33,  4, 19, 11, 36, 28, 14, 48,  3, 27, 30, 43, 21, 38, 40,  2, 15, 25, 23, 39], 1712.30166229, 1745.95649879, 0.,  0.        , 16.65126622, 18.        , 47,  6, 50. )
 (40, [10, 15, 11, 12, 26, 37, 23, 42, 48, 45, 47, 12, 30, 46,  3, 44, 11, 24, 36, 40, 16,  4, 25,  7, 28, 43, 39, 31, 33, 38, 20,  9, 21, 22,  8, 19, 15, 18, 34, 32,  5,  1, 14, 29, 17,  2, 27, 41, 13, 35,  6, 10], 1759.03529996, 1759.03529996, 0.,  0.        ,  0.        , 16.        , 43,  8, 47. )
 (40, [10, 15, 11, 12, 26, 37, 23, 42, 48, 45, 47, 12, 30, 46,  3, 44, 11, 24, 36, 40, 16,  4, 25,  7, 28, 43, 39, 31, 33, 38, 20,  9, 21, 22,  8, 19, 15, 18, 34, 32,  5,  1, 14, 29, 17,  2, 27, 41, 13, 35,  6, 10], 1759.03529996, 1759.03529996, 0.,  0.        ,  0.        , 16.        , 43,  8, 47. )
 (36, [13, 11, 12, 12,  1, 11,  6,  2,  9, 30, 45, 25, 20, 15, 12, 16,  4,  5,  8, 34, 32, 27, 33, 37, 19, 18, 35, 43, 38, 48, 39, 21, 24, 42, 40,  3, 14, 13, 44, 46, 23, 41, 47, 31, 26,  7, 28, 29, 36, 22, 17, 10], 1770.43409201, 1799.54409951, 0.,  6.61679397,  0.        , 12.        , 44, 13, 50.5)
 (39, [12, 13, 11, 12, 36,  7, 28,  5, 27, 11,  3, 46, 15, 43, 20,  8, 45, 10, 25, 22, 39, 32, 21, 24, 17, 30,  9, 19, 31, 47, 18, 33, 48, 26,  4, 42, 16, 34,  2, 35, 13, 23, 44, 37, 29,  6, 38, 40,  1, 41, 14, 12], 1821.89063706, 1851.00064456, 0.,  6.61679397,  0.        , 23.        , 45,  3, 46.5)
 (39, [12, 13, 11, 12, 36,  7, 28,  5, 27, 11,  3, 46, 15, 43, 20,  8, 45, 10, 25, 22, 39, 32, 21, 24, 17, 30,  9, 19, 31, 47, 18, 33, 48, 26,  4, 42, 16, 34,  2, 35, 13, 23, 44, 37, 29,  6, 38, 40,  1, 41, 14, 12], 1821.89063706, 1851.00064456, 0.,  6.61679397,  0.        , 23.        , 45,  3, 46.5)
 (10, [ 9,  9, 17, 13,  7, 41, 31, 44, 32,  9, 42, 46, 35, 37, 22, 34, 27,  3, 48, 11, 24, 47, 10, 45,  6, 17, 18, 26, 36, 16,  5, 29,  8, 13, 20, 33,  1, 14, 19,  4, 28, 12, 21, 38, 40,  2, 15, 25, 23, 30, 39, 43], 1909.23600525, 1914.52986147, 0.,  0.        ,  3.57051029, 16.66666667, 46,  7, 49.5)
 (10, [10,  9, 16, 13,  7, 41, 31, 44, 32,  9, 42,  6, 45, 10, 36, 16,  5, 29,  8, 13, 20, 33,  1, 14, 19,  4, 28, 11, 48,  3, 27, 34, 22, 37, 35, 46, 26, 18, 17, 47, 24, 12, 21, 38, 40,  2, 15, 25, 23, 30, 39, 43], 2175.62571069, 2320.480904  , 0., 73.85010067,  4.07634281, 21.33333333, 48,  4, 50. )
 (10, [10, 10, 14, 14, 42, 46, 35,  7,  9, 44, 31, 32, 41, 37, 22, 34, 10, 39, 30, 25, 15, 40, 38, 21, 23,  2, 12, 24, 47, 17, 18, 26, 36, 16,  5, 29,  8, 13, 20, 33,  1, 14, 19,  4, 28, 11, 48,  3, 27,  6, 45, 43], 2337.9737926 , 2194.38144365, 0., 83.31880939,  0.        , 30.66666667, 49,  2, 50. )
 (10, [11,  7, 14, 16,  2, 31, 35, 22, 10,  6, 27,  3, 48,  4, 19,  8, 29,  5, 17, 47, 24, 12, 21, 15, 23, 38, 40, 25, 30, 13, 20, 33, 42,  7, 26, 32, 18, 45, 11, 46, 16, 34,  1, 14, 36,  9, 41, 28, 44, 37, 43, 39], 2817.45155596, 2844.37543671, 0.,  0.        ,  0.        , 41.66666667, 50,  1, 50.5)]