Parameters:
population_size: 100, max_generations: 1000, executed generations: 956
fitness_scaling: power_rank, selection_method: n_tournaments
p_c: 0.9, p_m: 0.3, NOT YET p_education: 0.25
tournament_size: 2, n_elite: 10.0
NOT YET adaptive_step_size: 100.0, tournament_size_increment: 1, elite_increment: 1
survivor_selection_step: 50.0, p_selection_survival: 0.3 
threshold_no_improvement: 500, 
threshold_no_improvement_diversify: 100, diversify_step: 0.1, p_diversify_survival: 0.3n_closest_neighbors: 3, diversity_weight: 0.5, distance_method: broken_pairs_distance
capacity_penalty_factor: 10.0, duration_penalty_factor 5.0, time_window_penalty: 10.0
Best fitness found before local search: 1245.879961104795
Best fitness found after local search: 1245.88
Best individual found: (39, [10,  9, 16, 13,  9, 42, 46, 35, 37,  7, 41, 31, 44, 32, 34, 11, 22, 10, 45,  6, 48,  3, 27, 29,  8,  5, 26, 28, 14,  1, 16, 17, 18, 13, 33, 20,  4, 19, 36,  2, 15, 39, 43, 47, 24, 12, 30, 23, 25, 40, 38, 21], 1245.8799611, 1245.8799611, 0., 7.02377096, 2., 2, 41, 22.5)
Total Runtime in seconds: 1142.404938697815
Fitness stats min: [8647.06338387 7684.1414602  6873.08370219 6873.08370219 5867.60499564
 5867.60499564 5867.60499564 5350.59785933 4896.86622081 4437.00505387
 3777.52395499 3777.52395499 3402.54295315 3322.60591158 3094.32413525
 2774.32069231 2774.32069231 2774.32069231 2724.00837795 2638.43467724
 2576.42735082 2072.74175031 2072.74175031 1910.12468666 1886.3705863
 1848.66759917 1848.66759917 1848.66759917 1848.66759917 1775.69971702
 1775.69971702 1744.43492013 1740.86388549 1453.86582465 1424.07665937
 1412.34646606 1410.87083446 1405.63033994 1384.22676065 1375.1322021
 1375.1322021  1375.1322021  1375.1322021  1375.1322021  1352.36835994
 1352.36835994 1349.98992751 1349.98992751 1346.41889287 1346.41889287
 1346.41889287 1346.41889287 1346.41889287 1346.41889287 1346.41889287
 1346.41889287 1346.41889287 1346.41889287 1343.36378956 1343.36378956
 1343.36378956 1343.15956136 1343.15956136 1343.15956136 1343.15956136
 1343.15956136 1343.15956136 1343.15956136 1343.15956136 1343.15956136
 1343.15956136 1343.15956136 1343.15956136 1343.15956136 1343.15956136
 1343.15956136 1343.15956136 1343.15956136 1343.15956136 1343.15956136
 1343.15956136 1342.1503198  1342.1503198  1342.1503198  1330.8064738
 1330.8064738  1330.8064738  1329.79723224 1329.79723224 1329.79723224
 1329.79723224 1329.79723224 1329.79723224 1329.79723224 1329.79723224
 1329.79723224 1329.79723224 1329.79723224 1329.79723224 1329.79723224
 1329.79723224 1329.79723224 1329.79723224 1329.79723224 1329.79723224
 1329.79723224 1329.79723224 1329.79723224 1329.79723224 1329.79723224
 1329.79723224 1329.79723224 1329.79723224 1329.79723224 1329.79723224
 1329.79723224 1329.79723224 1329.79723224 1329.79723224 1329.79723224
 1329.79723224 1329.79723224 1329.79723224 1323.38878931 1323.38878931
 1323.38878931 1323.38878931 1323.38878931 1323.38878931 1323.38878931
 1323.38878931 1323.38878931 1323.38878931 1323.38878931 1323.38878931
 1323.38878931 1323.38878931 1323.38878931 1323.38878931 1316.49610261
 1316.49610261 1316.49610261 1316.49610261 1316.49610261 1316.49610261
 1299.36296991 1299.36296991 1299.36296991 1299.36296991 1299.36296991
 1299.36296991 1299.36296991 1299.36296991 1299.36296991 1299.36296991
 1299.36296991 1299.36296991 1299.36296991 1299.36296991 1299.36296991
 1299.36296991 1299.36296991 1299.36296991 1299.36296991 1299.36296991
 1299.36296991 1299.36296991 1299.36296991 1299.36296991 1299.36296991
 1299.36296991 1299.36296991 1299.36296991 1299.36296991 1299.36296991
 1299.36296991 1299.36296991 1299.36296991 1299.36296991 1299.36296991
 1299.36296991 1299.36296991 1285.33017373 1285.33017373 1285.33017373
 1285.33017373 1285.33017373 1285.33017373 1285.33017373 1285.33017373
 1285.33017373 1284.94184285 1284.94184285 1284.94184285 1284.94184285
 1284.94184285 1284.94184285 1284.94184285 1284.94184285 1284.94184285
 1284.94184285 1284.94184285 1284.94184285 1284.94184285 1284.94184285
 1284.94184285 1284.94184285 1284.94184285 1284.94184285 1284.94184285
 1284.94184285 1284.94184285 1284.94184285 1284.94184285 1284.94184285
 1284.94184285 1284.94184285 1284.94184285 1284.94184285 1284.94184285
 1284.94184285 1284.94184285 1284.94184285 1284.94184285 1284.94184285
 1284.94184285 1277.42165352 1277.42165352 1277.42165352 1277.42165352
 1277.42165352 1277.42165352 1277.42165352 1277.42165352 1277.42165352
 1277.42165352 1277.42165352 1277.42165352 1277.42165352 1277.42165352
 1277.42165352 1277.42165352 1277.42165352 1277.42165352 1277.42165352
 1277.42165352 1277.42165352 1277.42165352 1277.42165352 1277.42165352
 1277.42165352 1277.42165352 1277.42165352 1266.82577927 1266.82577927
 1266.82577927 1266.82577927 1266.82577927 1266.82577927 1266.82577927
 1266.82577927 1266.82577927 1266.82577927 1266.82577927 1266.82577927
 1255.58471236 1255.58471236 1255.58471236 1255.58471236 1255.58471236
 1255.58471236 1255.58471236 1255.58471236 1255.58471236 1255.58471236
 1255.58471236 1255.58471236 1255.58471236 1246.76572405 1246.76572405
 1246.76572405 1246.76572405 1246.76572405 1246.76572405 1246.76572405
 1246.76572405 1246.76572405 1246.76572405 1246.76572405 1246.76572405
 1246.76572405 1246.76572405 1246.76572405 1246.76572405 1246.76572405
 1246.76572405 1246.76572405 1246.76572405 1246.76572405 1246.76572405
 1246.76572405 1246.76572405 1246.76572405 1246.76572405 1246.76572405
 1246.76572405 1246.76572405 1246.76572405 1246.76572405 1246.76572405
 1246.76572405 1246.76572405 1246.76572405 1246.76572405 1246.76572405
 1246.76572405 1246.76572405 1246.76572405 1246.76572405 1246.76572405
 1246.76572405 1246.76572405 1246.76572405 1246.76572405 1246.76572405
 1246.76572405 1246.76572405 1246.76572405 1246.76572405 1246.76572405
 1246.76572405 1246.76572405 1246.76572405 1246.76572405 1246.76572405
 1246.76572405 1246.76572405 1246.76572405 1246.76572405 1246.76572405
 1246.76572405 1246.76572405 1246.76572405 1246.76572405 1246.76572405
 1246.76572405 1246.76572405 1246.76572405 1246.76572405 1246.76572405
 1246.76572405 1246.76572405 1246.76572405 1246.76572405 1246.76572405
 1246.76572405 1246.76572405 1246.76572405 1246.76572405 1246.76572405
 1246.76572405 1246.76572405 1246.76572405 1246.76572405 1246.76572405
 1246.76572405 1246.76572405 1246.76572405 1246.76572405 1246.76572405
 1246.76572405 1246.76572405 1246.76572405 1246.76572405 1246.76572405
 1246.76572405 1246.76572405 1246.76572405 1246.76572405 1246.76572405
 1246.76572405 1246.76572405 1246.76572405 1246.76572405 1246.76572405
 1246.76572405 1246.76572405 1246.76572405 1246.76572405 1246.76572405
 1246.76572405 1246.76572405 1246.76572405 1246.76572405 1246.76572405
 1246.76572405 1246.76572405 1246.76572405 1246.76572405 1246.76572405
 1246.76572405 1246.76572405 1246.76572405 1246.76572405 1246.76572405
 1246.76572405 1246.76572405 1246.76572405 1246.76572405 1246.76572405
 1246.76572405 1246.76572405 1246.76572405 1246.76572405 1246.76572405
 1246.76572405 1246.76572405 1246.76572405 1246.76572405 1246.76572405
 1246.76572405 1246.76572405 1246.76572405 1246.76572405 1246.76572405
 1246.76572405 1246.76572405 1246.76572405 1246.76572405 1246.76572405
 1246.76572405 1246.76572405 1246.76572405 1246.76572405 1246.76572405
 1246.76572405 1246.76572405 1246.76572405 1246.76572405 1246.76572405
 1246.76572405 1246.76572405 1246.76572405 1246.76572405 1246.76572405
 1246.76572405 1246.76572405 1246.76572405 1246.76572405 1246.76572405
 1246.76572405 1246.76572405 1246.76572405 1246.76572405 1246.7548188
 1246.7548188  1245.8799611  1245.8799611  1245.8799611  1245.8799611
 1245.8799611  1245.8799611  1245.8799611  1245.8799611  1245.8799611
 1245.8799611  1245.8799611  1245.8799611  1245.8799611  1245.8799611
 1245.8799611  1245.8799611  1245.8799611  1245.8799611  1245.8799611
 1245.8799611  1245.8799611  1245.8799611  1245.8799611  1245.8799611
 1245.8799611  1245.8799611  1245.8799611  1245.8799611  1245.8799611
 1245.8799611  1245.8799611  1245.8799611  1245.8799611  1245.8799611
 1245.8799611  1245.8799611  1245.8799611  1245.8799611  1245.8799611
 1245.8799611  1245.8799611  1245.8799611  1245.8799611  1245.8799611
 1245.8799611  1245.8799611  1245.8799611  1245.8799611  1245.8799611
 1245.8799611  1245.8799611  1245.8799611  1245.8799611  1245.8799611
 1245.8799611  1245.8799611  1245.8799611  1245.8799611  1245.8799611
 1245.8799611  1245.8799611  1245.8799611  1245.8799611  1245.8799611
 1245.8799611  1245.8799611  1245.8799611  1245.8799611  1245.8799611
 1245.8799611  1245.8799611  1245.8799611  1245.8799611  1245.8799611
 1245.8799611  1245.8799611  1245.8799611  1245.8799611  1245.8799611
 1245.8799611  1245.8799611  1245.8799611  1245.8799611  1245.8799611
 1245.8799611  1245.8799611  1245.8799611  1245.8799611  1245.8799611
 1245.8799611  1245.8799611  1245.8799611  1245.8799611  1245.8799611
 1245.8799611  1245.8799611  1245.8799611  1245.8799611  1245.8799611
 1245.8799611  1245.8799611  1245.8799611  1245.8799611  1245.8799611
 1245.8799611  1245.8799611  1245.8799611  1245.8799611  1245.8799611
 1245.8799611  1245.8799611  1245.8799611  1245.8799611  1245.8799611
 1245.8799611  1245.8799611  1245.8799611  1245.8799611  1245.8799611
 1245.8799611  1245.8799611  1245.8799611  1245.8799611  1245.8799611
 1245.8799611  1245.8799611  1245.8799611  1245.8799611  1245.8799611
 1245.8799611  1245.8799611  1245.8799611  1245.8799611  1245.8799611
 1245.8799611  1245.8799611  1245.8799611  1245.8799611  1245.8799611
 1245.8799611  1245.8799611  1245.8799611  1245.8799611  1245.8799611
 1245.8799611  1245.8799611  1245.8799611  1245.8799611  1245.8799611
 1245.8799611  1245.8799611  1245.8799611  1245.8799611  1245.8799611
 1245.8799611  1245.8799611  1245.8799611  1245.8799611  1245.8799611
 1245.8799611  1245.8799611  1245.8799611  1245.8799611  1245.8799611
 1245.8799611  1245.8799611  1245.8799611  1245.8799611  1245.8799611
 1245.8799611  1245.8799611  1245.8799611  1245.8799611  1245.8799611
 1245.8799611  1245.8799611  1245.8799611  1245.8799611  1245.8799611
 1245.8799611  1245.8799611  1245.8799611  1245.8799611  1245.8799611
 1245.8799611  1245.8799611  1245.8799611  1245.8799611  1245.8799611
 1245.8799611  1245.8799611  1245.8799611  1245.8799611  1245.8799611
 1245.8799611  1245.8799611  1245.8799611  1245.8799611  1245.8799611
 1245.8799611  1245.8799611  1245.8799611  1245.8799611  1245.8799611
 1245.8799611  1245.8799611  1245.8799611  1245.8799611  1245.8799611
 1245.8799611  1245.8799611  1245.8799611  1245.8799611  1245.8799611
 1245.8799611  1245.8799611  1245.8799611  1245.8799611  1245.8799611
 1245.8799611  1245.8799611  1245.8799611  1245.8799611  1245.8799611
 1245.8799611  1245.8799611  1245.8799611  1245.8799611  1245.8799611
 1245.8799611  1245.8799611  1245.8799611  1245.8799611  1245.8799611
 1245.8799611  1245.8799611  1245.8799611  1245.8799611  1245.8799611
 1245.8799611  1245.8799611  1245.8799611  1245.8799611  1245.8799611
 1245.8799611  1245.8799611  1245.8799611  1245.8799611  1245.8799611
 1245.8799611  1245.8799611  1245.8799611  1245.8799611  1245.8799611
 1245.8799611  1245.8799611  1245.8799611  1245.8799611  1245.8799611
 1245.8799611  1245.8799611  1245.8799611  1245.8799611  1245.8799611
 1245.8799611  1245.8799611  1245.8799611  1245.8799611  1245.8799611
 1245.8799611  1245.8799611  1245.8799611  1245.8799611  1245.8799611
 1245.8799611  1245.8799611  1245.8799611  1245.8799611  1245.8799611
 1245.8799611  1245.8799611  1245.8799611  1245.8799611  1245.8799611
 1245.8799611  1245.8799611  1245.8799611  1245.8799611  1245.8799611
 1245.8799611  1245.8799611  1245.8799611  1245.8799611  1245.8799611
 1245.8799611  1245.8799611  1245.8799611  1245.8799611  1245.8799611
 1245.8799611  1245.8799611  1245.8799611  1245.8799611  1245.8799611
 1245.8799611  1245.8799611  1245.8799611  1245.8799611  1245.8799611
 1245.8799611  1245.8799611  1245.8799611  1245.8799611  1245.8799611
 1245.8799611  1245.8799611  1245.8799611  1245.8799611  1245.8799611
 1245.8799611  1245.8799611  1245.8799611  1245.8799611  1245.8799611
 1245.8799611  1245.8799611  1245.8799611  1245.8799611  1245.8799611
 1245.8799611  1245.8799611  1245.8799611  1245.8799611  1245.8799611
 1245.8799611  1245.8799611  1245.8799611  1245.8799611  1245.8799611
 1245.8799611  1245.8799611  1245.8799611  1245.8799611  1245.8799611
 1245.8799611  1245.8799611  1245.8799611  1245.8799611  1245.8799611
 1245.8799611  1245.8799611  1245.8799611  1245.8799611  1245.8799611
 1245.8799611  1245.8799611  1245.8799611  1245.8799611  1245.8799611
 1245.8799611  1245.8799611  1245.8799611  1245.8799611  1245.8799611
 1245.8799611  1245.8799611  1245.8799611  1245.8799611  1245.8799611
 1245.8799611  1245.8799611  1245.8799611  1245.8799611  1245.8799611
 1245.8799611  1245.8799611  1245.8799611  1245.8799611  1245.8799611
 1245.8799611  1245.8799611  1245.8799611  1245.8799611  1245.8799611
 1245.8799611  1245.8799611  1245.8799611  1245.8799611  1245.8799611
 1245.8799611  1245.8799611  1245.8799611  1245.8799611  1245.8799611
 1245.8799611  1245.8799611  1245.8799611  1245.8799611  1245.8799611
 1245.8799611  1245.8799611  1245.8799611  1245.8799611  1245.8799611
 1245.8799611  1245.8799611  1245.8799611  1245.8799611  1245.8799611
 1245.8799611  1245.8799611  1245.8799611  1245.8799611  1245.8799611
 1245.8799611  1245.8799611  1245.8799611  1245.8799611  1245.8799611
 1245.8799611  1245.8799611  1245.8799611  1245.8799611  1245.8799611
 1245.8799611  1245.8799611  1245.8799611  1245.8799611  1245.8799611
 1245.8799611  1245.8799611  1245.8799611  1245.8799611  1245.8799611
 1245.8799611  1245.8799611  1245.8799611  1245.8799611  1245.8799611
 1245.8799611  1245.8799611  1245.8799611  1245.8799611  1245.8799611
 1245.8799611  1245.8799611  1245.8799611  1245.8799611  1245.8799611
 1245.8799611  1245.8799611  1245.8799611  1245.8799611  1245.8799611
 1245.8799611  1245.8799611  1245.8799611  1245.8799611  1245.8799611
 1245.8799611  1245.8799611  1245.8799611  1245.8799611  1245.8799611
 1245.8799611  1245.8799611  1245.8799611  1245.8799611  1245.8799611
 1245.8799611  1245.8799611  1245.8799611  1245.8799611  1245.8799611
 1245.8799611  1245.8799611  1245.8799611  1245.8799611  1245.8799611
 1245.8799611  1245.8799611  1245.8799611  1245.8799611  1245.8799611
 1245.8799611  1245.8799611  1245.8799611  1245.8799611  1245.8799611
 1245.8799611  1245.8799611  1245.8799611  1245.8799611  1245.8799611
 1245.8799611  1245.8799611  1245.8799611  1245.8799611  1245.8799611
 1245.8799611  1245.8799611 ] 
Fitness stats avg: [12311.1450539  11696.24806366 11252.54625137 10512.50586205
  9799.14968565  9446.51103639  9164.34094131  9237.77512165
  8881.37293777  8090.16340324  7349.71945194  7045.20103522
  7243.11040623  6644.21441954  6169.26519948  5761.24319389
  5312.46969141  4956.51763364  4799.2865654   4718.71895896
  4176.68245774  4207.21031241  4202.56773481  3812.60824564
  3847.06376208  3772.528414    3370.12855744  3400.02618228
  3080.73400336  3240.20578915  3231.20408246  3121.24686368
  3489.43853136  3786.91464414  3779.84459467  3316.22975258
  3307.01893889  2605.25740006  2922.22286187  3177.58349781
  3514.74526244  2888.264903    3110.90007477  2176.69467501
  2504.09891477  2732.79225943  2730.30603857  2357.30806312
  2701.29157957  2364.24072107 16239.27700002 11765.67581601
  8550.06037225  7077.52437847  5407.83685234  4838.5033429
  4419.48505885  3668.73835879  2692.76275066  2761.63680691
  2710.34101566  2389.33473505  3119.46170149  2794.76428597
  3036.83267112  2772.0913134   2718.72055274  3111.41913351
  2908.57247608  2687.14015658  2945.35184668  2660.67025946
  2555.67046019  2404.90113963  2368.95900451  2492.72969424
  2815.50049826  2567.9805878   2556.53766847  2318.96790271
  2355.18648969  2383.48066709  2637.21829507  2254.47806818
  2440.05063511  2472.64668371  2304.87804127  2790.08825932
  2446.86795114  2162.34537292  2509.78165877  2499.07521564
  2566.58689552  2355.91123471  2642.03972694  2578.25752661
  2273.36313936  2173.30188252  2221.34816169  2694.69930362
 17025.00649934  9866.78419668  6811.33822419  4525.10523793
  4053.17840193  3135.12621186  2895.33980783  2820.66146934
  2333.5280232   2636.22665701  2330.88477749  2386.21844844
  2163.99596236  2436.80029522  2730.09701619  2702.52366196
  2514.45659774  2703.38001438  2567.47023872  2453.95760267
  2246.3032748   2381.73049022  2616.75830935  2549.80638097
  2273.42341562  2914.89489025  2588.11162072  2404.2802083
  2357.89157808  2441.64152741  2288.16504559  1930.40477669
  2629.21162243  2252.47801003  1902.05158734  2182.71241021
  2551.21187512  2036.81756392  2396.94816956  2042.13945816
  2064.22949908  2229.78856779  2092.22293686  2637.88720698
  2489.68184716  2579.02168573  2257.06820671  2530.40246945
  2303.27808903  2231.00335864 16259.53120073 11465.90140522
  7713.04178043  4850.06752427  4269.30123167  3340.18264801
  3143.20639418  2879.52600744  3074.34924307  3048.19812521
  2343.7195553   2360.94278732  2539.97695986  1905.2069858
  2189.13132165  2318.36719247  2283.65178804  2550.59445215
  2624.38158177  2146.45079243  3030.68786262  2157.38274367
  2444.07243979  2238.29441608  2295.89362331  2376.41801536
  2324.72145929  2084.5619796   2382.86673718  2537.04738811
  2423.99943722  2513.96488839  2002.97363986  2843.15061018
  2145.45203664  2262.8916525   2669.2316668   2270.09779081
  2653.59695725  2410.90968208  2503.46175554  2381.77082015
  2198.43224055  1861.48897338  2203.62272799  2339.2203494
  1918.05593609  2313.46642175  2551.24950748  2217.63776196
 16857.80998941 10608.78224085  6092.95129064  3969.06847378
  2948.93155334  2755.99236529  2722.20992853  2748.6976192
  2510.35411629  2465.83476369  2659.82853095  2694.58638972
  2460.72975688  2719.351136    2616.0848888   2397.49137226
  2191.53268589  2292.0250827   2661.1460421   2302.90183856
  2230.06666708  2726.30984062  2743.49467774  2594.11847139
  2343.38148577  2286.0259523   2584.8912753   2607.52261503
  2404.95839709  2594.86441593  2865.56105616  2909.73244741
  2568.68423783  2417.262661    2091.64939381  2582.12980722
  2463.95711044  2556.20265454  2929.49823154  2794.56014925
  2392.48015711  2497.5799933   2636.68839564  2048.29485608
  2502.46794355  2256.92429335  2727.11302967  2302.44601939
  2753.52785864  2369.98194457 17225.85014313 10200.74689492
  4927.32026341  3197.71111424  2911.06774522  2970.61116229
  2380.14407105  3086.28301077  2662.6474104   2725.86333183
  2574.49851273  2774.30038193  2922.09119317  2520.47500757
  2575.61280616  2133.85305879  2574.71707578  1963.86029863
  2293.13210234  2142.65087779  2680.62699582  2224.96114713
  2352.62180819  2281.33400931  2413.81603597  2566.89148227
  2353.00851001  2814.1763282   2306.99382659  2382.6270425
  2426.51799492  2220.62546503  2183.60693966  2617.13235873
  2180.66154361  2672.99258442  2860.22358646  2761.1623603
  2703.36078693  2570.38010054  2590.04656731  2327.60925885
  2237.11651557  2045.14299329  2068.43677243  2016.02544579
  2253.54124861  2462.88086332  2883.53176748  2584.12793598
 17293.02127178 12676.93118943  9933.66183898  7229.30294125
  4721.74723915  3688.65262693  3319.97949727  2785.26211456
  2432.51485813  2539.31905522  2241.24285797  2558.99984182
  2242.47653123  2437.66509497  2193.94933936  2654.78409056
  2325.98130397  2562.88758334  2304.63520379  2366.06217564
  2684.64398398  2489.91319323  3091.17009297  2532.55160481
  2463.46177211  2537.25332523  1834.27941353  2218.48280416
  2511.50438299  1761.91714666  2371.19034344  2241.43997255
  2625.77849827  2299.93761273  2111.18217956  2244.83190003
  2472.44066321  2279.56274679  1812.51871946  2117.43923451
  2381.24128717  2438.96896711  1932.63604368  2540.88546295
  2193.74967876  2373.20852829  2313.53141785  2416.42592472
  2045.86837608  2693.22412097 14132.71099866  8992.30246944
  6217.20186197  4308.46600957  3310.63158845  3268.26445236
  2836.49181704  2300.62918227  2393.37967154  2225.70194551
  2281.96645637  2293.84391467  2644.16277318  2858.80057931
  2749.42456501  2504.00891922  2663.16187084  2876.11942365
  2425.94799825  3002.94505431  2276.0409225   2243.05773018
  2138.4988892   2277.40381913  2174.2164173   2577.19123519
  2314.26136167  2185.67970597  2144.4733773  18498.94628526
 12422.11314955  7472.3245621   4908.61697217  3042.23949636
  2829.22765067  2687.99803659  2121.77392603  2529.34940142
  2254.54100526  2185.80038559  1899.54168595  2144.37572796
  2229.39596757  2147.1818732   2441.27408411  2411.81272379
  2925.25869164  2579.39225396  2318.34558183  2224.90951899
 17342.57682236 12446.54050125  6535.08670371  4056.91374409
  2373.87602801  2288.95156045  2404.58144009  2407.57080762
  2316.9033796   2474.61013907  2276.39542749  1928.96228821
  2216.93836525  2429.61843684  2166.75932831  1936.96251262
  2274.37134087  2344.91592606  2310.02937108  2360.31085851
  2609.94244403  2026.24387974  2285.26468097  2203.16728277
  2182.96907046  2216.02098117  2465.37297013  2217.4711818
  2271.41781706  1881.27045288  2199.98289404  2525.71516302
  2556.86161152  2489.13008754  2405.42790422  2208.33341063
  2497.36855067  2122.22491721  2099.81280451  2135.28648565
  2848.89234722  2448.8401374   2230.14964482  2282.26759176
  1879.71962172  2566.60407473  2377.59132628  2468.8098074
  2319.51841696  2426.20791012 17297.24988628  9594.02070469
  5661.34408805  3506.50414942  2630.13849178  2656.1723453
  2576.41338399  1994.91078261  2332.96768124  2346.11173652
  2326.41127291  2346.7557018   2374.80360933  1891.87105841
  2136.08751522  1992.3398062   1799.57235176  2467.66152035
  2223.78106463  2285.5616923   2422.95028467  2408.26904463
  2764.01084016  2706.60393235  2569.77524833  2157.38035968
  2209.71599339  2039.6329984   2252.50016948  2215.30589211
  2418.53737388  2421.58766929  2343.06289646  2333.09666676
  2621.35277479  2104.98136246  2173.12990149  2620.85136233
  2699.6958219   2480.14960697  2309.4802865   2316.90017386
  2114.46662246  2128.94490422  2030.03045356  2380.42508232
  2280.57133771  2515.05857954  2028.24305507  2388.08760804
 15907.96048321 11486.49806189  7015.70718976  4764.51970259
  3956.49200988  3147.52283649  2429.2141383   2637.7582147
  2404.57530467  1868.5384371   2201.398584    2319.42366465
  1984.32070146  1847.40300575  2008.97313474  1928.71678169
  2067.70358377  2644.54343151  2390.91217788  2938.73190822
  2758.22753366  2629.90499381  3004.87689969  2145.6511665
  2174.31488249  2737.76109326  2306.29919958  2454.92356594
  2389.45780195  2266.09485074  2603.213463    2519.97301936
  2282.32847596  2535.55937403  2216.91951319  2399.23573125
  2243.50080659  2400.40863014  3042.32079456  2517.41248822
  2623.10742087  2159.39266431  2631.58927764  2792.0301938
  1903.68608945  2237.23980019  2430.88631157  2033.96197047
  2519.82429411  2302.90398169 15715.26587882  9029.67417891
  6752.77793649  5605.71873613  4101.95673672  3123.44765
  2123.04135839 19971.63520488 12243.32775413  8319.64566797
  6137.55092309  4888.29757161  3589.37475144  2212.95982515
  2279.38181946  2555.00810098  2356.49876497  2491.65410981
  2757.96231936  2533.72931     2332.90151895  2224.92188865
  1886.30575426  2071.3369388   2064.81908362  2425.502156
  1879.44178852  2239.3779285   2585.47415934  2228.99187427
  2241.56919561  2522.03966367  2055.26305493  2460.78514364
  2224.27812677  2065.74504129  2196.46675263  2064.56238352
  2122.89930968  2560.89899321  2235.89641634  2405.07712809
  2222.15438902  2156.09372513  1950.83331492  2059.00033789
  2300.66699636  2283.52579964  2449.75970415  2564.38898515
 16148.5550327   6846.48907655  4862.97742127  3149.31082617
  2581.21631386  2137.47733491  2094.43092963  2292.33753477
  2578.80660067  2381.2720623   2186.37574867  2274.03362282
  2178.59323391  1926.35871632  2403.52343869  2170.17505187
  2499.63203177  2200.6288502   1967.46753504  2185.68773683
  2253.58752111  2106.52987348  2366.55116426  2305.87205708
  2000.96153796  2194.79526904  2100.26252919  1981.77842127
  2105.08524991  2088.31971153  2245.02270938  2333.55407601
  2439.28735313  2236.63871109  2385.66979698  2150.85952058
  2122.68939846  2075.87635886  2517.38449921  2435.58596384
  2547.38936802  2774.51046407  2590.32979754  2227.66719371
  2144.43014548  2012.65824881  2208.35923599  2976.10009661
  2250.43878468  2614.25512114 16056.20240266  8659.5288861
  5882.81744535  4058.89080866  3102.94726119  3086.48058573
  2742.98399203 18764.26956344 12097.56612006  6801.43082252
  5141.12733072  3977.4316277   3088.46960252  3085.62656319
  2582.03020752  2878.75869594  2328.59393121  2209.37465594
  1826.27739153  2653.90394367  2576.94004708  2700.2070272
  2554.112606    2079.90769393  2080.4596843   2485.37925421
  2631.28111994  2187.02173016  2479.82064152  2137.74780964
  2303.48485449  2201.76268341  2183.40979748  2577.6090556
  2436.26315285  2240.30102726  2296.35861961  2181.97567628
  2424.30901606  2463.80874642  2386.26517827  2215.07831282
  2050.38505152  2699.74930265  2322.67352125  2935.86563684
  2872.38629367  2730.18715922  2840.00735874  2852.44774115
 16825.75788933 12510.42619246  9368.37832426  5169.99355624
  3839.77798287  2905.92317007  2436.37340742  2197.10358623
  2667.89697459  2823.0566699   2780.0112263   2353.0291708
  2212.70754503  2154.41278616  2304.80296583  2207.74820099
  2614.33901172  2809.28631668  2249.45545285  2665.55007638
  2272.87795949  2864.4936699   2498.53645416  3253.89811978
  3050.56156198  2464.72514987  2323.29370875  2292.16187214
  2509.4738601   2439.57826241  2516.27468761  2500.37591836
  2281.15424359  2239.13985669  2260.57251674  2350.01632093
  2404.55274032  2511.89872255  2491.41884259  2280.47183938
  2496.12387391  2340.2452094   2384.60758595  2363.3127408
  2192.17377477  2314.13161101  2459.52987164  2185.90465887
  2597.93379814  2385.5336814  15784.88669664  9740.9762796
  6457.45825164  4003.16594163  2812.32681611  2219.77740643
  2957.49889313 19205.26258237 11650.23573159  6329.80893409
  4490.31086021  3261.77911001  2796.1923655   2426.70765781
  2194.49218612  2195.63317057  2602.08615006  2207.88251402
  2374.55133231  2111.25910335  2136.97395409  2322.97875614
  2212.57443612  1997.3087917   2240.48143696  2086.76592046
  2201.81833616  2068.85698617  2506.45328771  2197.17689461
  2317.74066275  2239.87671599  2637.35597643  2452.83412943
  2124.9916917   2389.05864659  1913.6516858   2262.79048604
  2353.35498214  2292.16788683  2688.68116066  2611.73029332
  2297.52519928  2260.23793629  2023.90093095  2182.63659239
  2411.14429963  2172.66957701  2039.18731431  2218.20525155
 16753.16086051 11070.65334655  6980.29967513  4455.64470337
  3163.75521509  2780.65197647  2837.9273336   2544.88977307
  2515.26775165  2312.6208961   2260.28075691  2482.581889
  2304.66739971  2078.65362868  2149.60814286  2398.53046293
  2418.41160233  2395.01168392  2344.8489092   2443.16701259
  2249.77580415  2215.74711509  2490.62396882  2545.67335423
  2479.53661298  2284.42650383  1882.48755696  1984.41477545
  2014.10293348  2238.29051047  2074.06866342  2061.74871653
  1898.63749255  2376.03257005  2287.05271412  2654.97527445
  2623.99674865  2363.34107724  2386.18037321  2372.00695887
  2433.71927961  2454.13937087  2286.48134386  2061.51145925
  2126.74512798  2292.38653417  2385.69692528  2410.65874773
  2228.81524603  2341.66955315 14727.45161709  8417.66616096
  4789.56069295  2770.63020785  2691.73423062  2564.09182467
  2210.65809038 19001.26896908 15539.27566321 10019.93141514
  7186.0775079   4511.26272866  3583.31613045  2716.34620608
  2966.69073735  2350.14188638  2082.46760865  2533.23009975
  2296.47410245  2388.03719779  1882.91566498  2110.07876331
  2355.38495926  2243.91245334  2339.05184866  2570.11279404
  2207.38778584  2314.60069783  2209.69198979  2424.89198268
  1853.80465133  2083.08779685  2314.20300975  2297.93919232
  1945.08639988  2190.30105117  2144.97943459  1787.1682405
  1890.05850975  2041.44365538  2161.74563792  2116.64672962
  2116.85168293  2069.45644265  2519.15726026  2213.34442777
  2219.55381649  2427.2085612   2274.52574477  2901.22542564
 15246.20879386  9661.73471283  5879.11041207  4248.52406914
  2466.9836973   2677.18213688  2633.9007389   2257.9894027
  2551.73278943  2367.0734655   2708.87298402  2464.13521392
  2458.75468948  2246.73660778  2438.21814766  1888.15114145
  2277.54905355  2062.11024275  2203.06750979  2259.75116922
  2057.42456492  2650.48898097  2261.13910369  2220.82047965
  2389.71593953  2376.44440062  2407.60484909  2226.9876628
  2260.02022161  2368.5896329   2222.03659644  2270.81404542
  2436.65869822  2555.66097492  2507.12563798  2327.00727183
  2446.52912327  2854.97736135  2121.62459293  2460.24984583
  2142.00999948  2813.61213055  2455.37433349  2079.45882825
  2163.35258064  2103.78276479  2139.52963639  1993.84370529
  1980.32787081  2180.27536982 15348.34401185 10999.58752071
  7013.00970768  5605.86063622  4527.84449842  3196.47115529
  2773.83608407] 
Solution Description: 
p: [  0.          34.54727937  84.87783147 146.34283074 147.44793219
 149.69682399 167.23236515 196.89678693 211.99736014 215.57709004
 215.62221757   0.          18.67738622  30.64321524  54.14868242
  65.5632906   76.73654689 116.04744803 126.91259388 142.07862391
 165.53741135   0.          63.50234846  81.31511279  86.95207702
 110.11003388 138.87427163 145.10912963 154.67577868 161.55791665
 271.49896686 273.23367251 402.37059909 417.93696259 418.2039078
 445.39292367 529.26954211 559.44640891   0.          10.51101384
  48.43780602  73.22214776 101.52432258 147.24761765 154.05887266
 165.0358816  167.46092681 207.10369386 224.35821156 277.82929567
 285.03490973 305.27392327] 
pred: [ 0  0  0  0  0  0  5  5  5  5  5  0  0  0  0  3  3  3  3  3  3  0  0  0
  0  0  0  0  0  0  0  0 10 10 10 10 10 10  0  0  0  0  0  4  4  4  4  4
  4  4  4  4] 
distance [  0.          34.54727937  84.87783147 146.34283074 147.44793219
 149.69682399  17.53554117  47.19996294  62.30053615  65.88026605
  65.92539359   0.          18.67738622  30.64321524  54.14868242
  11.41460818  22.58786447  61.89876561  72.76391146  87.92994149
 111.38872893   0.          63.50234846  81.31511279  86.95207702
 110.11003388 138.87427163 145.10912963 154.67577868 161.55791665
 271.49896686 273.23367251 129.13692659 144.70329008 144.97023529
 172.15925116 256.0358696  286.2127364    0.          10.51101384
  48.43780602  73.22214776 101.52432258  45.72329507  52.53455008
  63.51155902  65.93660423 105.57937128 122.83388898 176.3049731
 183.51058715 203.7496007 ]
load: [  0  13  35  54  68  79  13  21  31  34  50   0  22  29  50  18  43  48
  58  74  90   0  20  40  52  58  67  76  88 113 118 135   9  28  44  49
  52  62   0   8  12  25  49  21  40  46  59  73  87 102 117 142] 
time: [  0.          80.         115.34683757 171.22731303 252.33358633
 322.         170.         203.         228.39224704 244.56663558
 456.           0.         182.         397.         423.86042084
  90.         130.         160.         414.         443.16015238
 483.3964008    0.         198.         215.24054306 317.
 357.35052296 393.87193343 403.11242984 430.11319277 449.80043846
 523.45053446 553.4035677  108.         140.15799758 192.
 233.04333374 319.         412.86521483   0.         121.
 226.         282.48622996 459.         115.         308.
 325.46934669 375.         409.56770213 442.77765482 483.58938231
 522.51614329 560.96794811] 
time warps: [0 0 0 0 0 0 0 0 0 0 0 0 0 0 0 0 0 0 0 0 0 0 0 0 0 0 0 0 0 0 0 0 0 0 0 0 0
 0 0 0 0 0 0 0 0 0 0 0 0 0 0 0] 
duration: [  0.          41.54727937 116.87783147 195.34283074 200.44793219
 269.41539141  23.53554117  73.83796245  95.93853566 103.51826556
 311.61049336   0.          24.67738622 239.90580809 286.41127527
  12.41460818  64.77686183 122.28197165 376.11687833 412.28290836
 458.7416958    0.          71.50234846  94.31511279 188.48012876
 213.63808562 248.40232337 270.63718137 282.20383042 307.08596839
 420.0270186  436.76172425 131.13692659 167.70329008 193.01987139
 244.20888726 361.10328518 404.28015198   0.          17.51101384
 155.03431469 201.81865644 393.18081659  55.72329507 251.32425496
 272.3012639  301.2107745  360.85354154 382.10805924 453.57914336
 482.78475741 507.02377096]

All individuals: [(39, [10,  9, 16, 13,  9, 42, 46, 35, 37,  7, 41, 31, 44, 32, 34, 11, 22, 10, 45,  6, 48,  3, 27, 29,  8,  5, 26, 28, 14,  1, 16, 17, 18, 13, 33, 20,  4, 19, 36,  2, 15, 39, 43, 47, 24, 12, 30, 23, 25, 40, 38, 21],  1245.8799611 , 1245.8799611 ,   0.        ,   7.02377096,  0.        ,   1, 100,  51. )
 (58, [11, 10, 17, 10, 35,  7, 25, 36, 32, 31, 10, 43,  2, 17,  3, 16, 18, 27, 40, 41,  6, 33, 42, 30, 20,  4, 21, 11, 39, 15, 24, 34, 47, 44,  8, 26,  9, 48, 19,  1, 45, 28, 14, 46, 29,  5, 22, 38, 37, 23, 13, 12],  1245.8799611 , 1245.8799611 ,   0.        ,   7.02377096,  0.        ,   2,  99,  51.5)
 (57, [16, 11, 10, 11, 33, 42, 22, 19, 47, 41, 45, 15,  7, 48, 29, 14, 37,  4, 17, 40, 18, 21, 24, 30,  8, 32, 11, 10, 38,  6, 26,  9, 28, 16,  5,  1, 44, 27, 35, 23, 43, 39, 46, 20, 13, 25,  2,  3, 12, 36, 34, 31],  1245.8799611 , 1245.8799611 ,   0.        ,   7.02377096,  0.        ,   3,  98,  52. )
 (56, [10, 10, 11, 17,  6, 11, 15, 14, 36, 30, 47, 22, 21,  5, 28, 27,  9, 41, 26, 12, 19,  1, 16, 33, 25, 45, 13, 10, 23, 17, 35, 29, 48, 32, 34, 37,  4, 40, 38, 46, 42, 20,  3, 39, 24,  8, 43,  7,  2, 31, 44, 18],  1245.8799611 , 1245.8799611 ,   0.        ,   7.02377096,  0.        ,   4,  97,  52.5)
 (54, [11, 10, 12, 15, 13,  5, 44, 22, 27, 29, 15, 37,  2, 34, 32, 30, 20, 18, 36, 33, 39,  6, 26, 40,  3, 31,  4, 12,  1, 41, 47, 28, 25, 43,  9, 42, 48, 16, 45,  8, 10, 46, 14, 23, 35, 24, 17,  7, 21, 11, 19, 38],  1245.8799611 , 1245.8799611 ,   0.        ,   7.02377096,  0.        ,   5,  96,  53. )
 (52, [14, 12, 10, 12, 38, 28, 48, 46, 26,  3, 22, 10,  8, 18,  5, 31, 41,  2, 37, 29,  9, 17, 21,  6,  1, 11, 13, 27, 25, 47, 45, 19, 33, 30, 36, 39, 42, 32, 44, 23,  7, 34, 12, 43, 24, 14, 15, 35,  4, 20, 16, 40],  1245.8799611 , 1245.8799611 ,   0.        ,   7.02377096,  0.        ,   6,  95,  53.5)
 (51, [12, 12, 11, 13, 13, 11, 28, 34, 14, 23, 16,  5, 42, 33,  2, 48, 20, 45, 35,  8, 25, 21, 46, 44, 24, 36, 37,  4,  9, 26, 39,  1, 10, 18, 19, 40,  3, 27, 17, 12, 29, 32, 38, 31, 15, 41, 47, 43,  6, 30, 22,  7],  1245.8799611 , 1245.8799611 ,   0.        ,   7.02377096,  0.        ,   7,  94,  54. )
 (60, [11, 11, 13, 13, 35, 48, 33,  1, 21,  6, 20, 29, 11,  4, 37, 19, 17, 28, 45, 38, 47, 23, 41, 22, 40, 24, 44, 14, 46, 26,  7, 39, 27,  2, 15, 25, 31, 36, 16, 42, 12, 34, 30, 43, 32,  9,  5, 13,  3, 10, 18,  8],  1245.8799611 , 1245.8799611 ,   0.        ,   7.02377096,  0.        ,   8,  93,  54.5)
 (50, [16, 12, 10, 10, 22, 18, 47, 42, 41, 13,  9, 28, 23, 16, 29, 31, 36, 34,  8, 10, 43, 11, 48, 20,  1, 35, 38, 12, 27, 45, 14, 17, 32, 46,  3, 37, 30,  5, 40,  6,  4, 39, 26, 44, 25, 24,  2, 33, 15, 19, 21,  7],  1245.8799611 , 1245.8799611 ,   0.        ,   7.02377096,  0.        ,   9,  92,  55. )
 (46, [14, 12, 11, 11,  7, 38, 17, 24, 25, 36, 32, 23, 20, 15, 19, 39, 18, 45, 48, 41,  4, 22,  9, 30, 31, 40, 21,  3, 12, 29, 33, 47, 11,  8,  2, 37, 42,  5, 13, 26,  1, 44, 34, 35, 46,  6, 16, 28, 43, 27, 10, 14],  1245.8799611 , 1245.8799611 ,   0.        ,   7.02377096,  0.        ,  10,  91,  55.5)
 (45, [11, 14, 11, 12,  6,  1,  8,  5, 24, 34, 40, 32,  7, 25, 42,  9, 28, 29, 23, 17, 14, 46,  4, 45, 30, 12, 26, 33, 11, 35, 39, 43, 10, 15, 41, 38, 21, 37, 36, 27, 19, 18, 20, 44,  3, 47,  2, 31, 22, 16, 13, 48],  1245.8799611 , 1245.8799611 ,   0.        ,   7.02377096,  0.        ,  11,  90,  56. )
 (44, [11,  9, 11, 17,  5,  2, 35, 28,  1, 13, 14, 18, 24, 34, 29, 10,  6, 43, 33, 26, 41, 37, 48, 15, 47, 25, 46, 19, 23, 20, 44, 21, 16, 30, 32, 31, 38,  4, 11,  8,  9, 17, 12, 40, 22, 42, 39,  3, 36, 45,  7, 27],  1245.8799611 , 1245.8799611 ,   0.        ,   7.02377096,  0.        ,  12,  89,  56.5)
 (43, [11, 12, 14, 11, 35, 40, 18, 38, 16, 36, 34, 47, 44, 37, 11, 33,  9,  5, 10,  2,  4, 22, 46, 19,  8, 42, 39, 45, 48, 28, 21, 20,  7, 24, 27,  3, 26, 41, 14, 13, 31, 15, 23, 29, 43, 12,  1,  6, 25, 17, 30, 32],  1245.8799611 , 1245.8799611 ,   0.        ,   7.02377096,  0.        ,  13,  88,  57. )
 (40, [12, 11, 12, 13, 25, 35, 15, 43, 46, 30,  4, 34, 16, 18,  2, 24, 36,  1,  9, 37, 39, 26, 27,  8, 23, 22, 47, 41,  3, 19, 13, 28,  6,  5, 29, 48, 12, 44,  7, 42, 33, 14, 20, 32, 10, 40, 38, 45, 21, 31, 17, 11],  1245.8799611 , 1245.8799611 ,   0.        ,   7.02377096,  0.        ,  14,  87,  57.5)
 (38, [10, 12, 14, 12, 48, 31, 23, 15, 47,  1, 43, 44, 18, 45, 39, 10,  5, 46, 33, 17, 41, 29, 22, 26, 24, 40, 37, 12, 16, 19,  2, 28, 20, 36, 34,  7, 27,  6,  4, 32,  3, 14, 11, 21, 13,  8, 38, 35, 25,  9, 42, 30],  1245.8799611 , 1245.8799611 ,   0.        ,   7.02377096,  0.        ,  15,  86,  58. )
 (98, [12, 11, 13, 12,  3, 31, 46, 35, 44, 43, 45, 15, 25, 34, 42, 28, 21,  9, 11, 19, 37, 32,  1, 17, 14, 39, 24, 47, 16, 33, 36, 41,  8, 22, 18, 29, 30,  5,  2, 13, 26, 48, 27,  7, 20, 10,  4, 23, 40,  6, 38, 12],  1245.8799611 , 1245.8799611 ,   0.        ,   7.02377096,  0.        ,  16,  85,  58.5)
 (37, [11, 12, 13, 12, 27, 16, 14, 41, 45, 44, 22, 12, 15, 47, 28, 18, 37, 48,  7, 24,  5,  9,  8, 34, 25, 46, 19, 39,  2, 30,  3, 36, 40, 20, 31, 23, 38, 21, 29, 35, 11, 10,  6,  4, 13, 33, 42, 17, 26, 43,  1, 32],  1245.8799611 , 1245.8799611 ,   0.        ,   7.02377096,  0.        ,  17,  84,  59. )
 (62, [10, 16,  9, 13, 24, 14, 15, 37, 11, 47, 45, 31, 48,  4, 32,  6, 25,  3, 43, 35, 23,  9, 34, 42, 13, 22, 39, 29, 33,  1, 40, 27, 19,  5, 38, 17, 20,  7, 12, 36, 18, 44,  8,  2, 26, 30, 46, 16, 10, 41, 28, 21],  1245.8799611 , 1245.8799611 ,   0.        ,   7.02377096,  0.        ,  18,  83,  59.5)
 (65, [10, 16, 11, 11, 26, 17, 39, 29, 22,  8,  9, 25, 21,  7, 32, 15, 23, 20, 41, 37, 18, 24, 35,  4, 31,  6, 44,  2, 30, 12, 46, 13, 33, 43,  5, 19, 10, 16, 28, 48,  3,  1, 14, 34, 47, 45, 36, 38, 27, 42, 11, 40],  1245.8799611 , 1245.8799611 ,   0.        ,   7.02377096,  0.        ,  19,  82,  60. )
 (97, [13, 12, 13, 10, 41, 24, 47,  1, 32, 18, 17, 38,  2, 13, 25, 26,  7, 12, 35, 31, 21, 15, 43,  3, 33, 23, 30, 11, 34, 42,  9, 19, 20, 36, 40, 28, 14, 39,  4, 44, 22,  6, 37, 46, 48,  5, 29, 16, 27, 45, 10,  8],  1245.8799611 , 1245.8799611 ,   0.        ,   7.02377096,  0.        ,  20,  81,  60.5)
 (94, [11, 13, 12, 12, 42, 34, 29,  7, 46, 44, 13, 43, 32, 47,  9, 16, 21, 12, 33, 25, 17, 19,  3,  8, 39, 20,  2, 37, 22, 45, 30, 24,  1, 28, 14,  6, 35, 15,  4, 38, 48, 40, 23, 11, 31, 10, 41, 36, 18, 26,  5, 27],  1245.8799611 , 1245.8799611 ,   0.        ,   7.02377096,  0.        ,  21,  80,  61. )
 (91, [ 9, 11, 11, 17, 23, 21, 30,  4,  1, 40, 47, 26,  6, 42, 45, 33,  9, 41, 10, 39, 11, 20, 37, 16, 32,  5, 28, 38, 13, 48,  3, 31,  7, 46, 43, 22, 17, 24, 34,  8, 35, 36, 27, 44, 14, 18, 19, 12, 15, 29,  2, 25],  1245.8799611 , 1245.8799611 ,   0.        ,   7.02377096,  0.        ,  22,  79,  61.5)
 (90, [10, 14, 13, 11, 35, 39, 29, 20, 32,  2, 42, 47, 21, 16,  5, 37, 12, 22, 36, 23, 40, 11, 28, 38, 48, 43, 34, 30, 19,  6, 45,  1, 14, 10, 33,  4,  7, 13,  3, 27,  9, 15, 17, 26,  8, 18, 44, 24, 46, 25, 41, 31],  1245.8799611 , 1245.8799611 ,   0.        ,   7.02377096,  0.        ,  23,  78,  62. )
 (88, [12, 12, 13, 11, 45,  7, 24,  8, 44, 16, 46, 38, 10, 15, 26, 36, 18, 41, 29,  2, 39, 28, 32, 14, 30, 43,  4, 37, 19, 40, 20, 27, 12, 11, 35, 17,  9, 22, 42, 33,  5,  1, 23,  6,  3, 31, 13, 34, 48, 47, 25, 21],  1245.8799611 , 1245.8799611 ,   0.        ,   7.02377096,  0.        ,  24,  77,  62.5)
 (87, [14, 12, 10, 12, 19, 31, 12, 46, 10,  4,  1, 22, 15, 40, 26, 24, 38, 16, 13, 27, 43, 20, 21, 14, 18, 30, 29, 25, 44, 48, 33, 32, 17, 35, 11,  2, 39, 28,  3, 42,  8,  5, 23, 45,  9, 37,  7, 34,  6, 41, 36, 47],  1245.8799611 , 1245.8799611 ,   0.        ,   7.02377096,  0.        ,  25,  76,  63. )
 (64, [14, 12, 11, 11, 33,  1, 11, 32,  5, 20, 26, 12, 28, 36, 10, 43, 23, 42, 16, 14, 19, 25, 30, 34, 38,  8, 47, 48, 35, 24, 29, 37, 22, 44, 27, 15,  2,  4,  6,  9,  7, 13, 31, 39, 17, 41, 21, 40, 46, 45,  3, 18],  1245.8799611 , 1245.8799611 ,   0.        ,   7.02377096,  0.        ,  26,  75,  63.5)
 (83, [10, 13, 13, 12, 21, 10, 39,  2,  8, 48, 19, 42, 33, 29, 34, 14, 47, 30, 23, 32, 16,  6, 27, 11, 43, 22, 25, 40, 37, 20, 17, 18,  7, 41,  4, 35, 12, 31,  1,  9, 45, 38, 13, 36, 44, 28, 15,  5, 24,  3, 46, 26],  1245.8799611 , 1245.8799611 ,   0.        ,   7.02377096,  0.        ,  27,  74,  64. )
 (78, [11, 13, 11, 13, 36, 14, 46,  8, 47, 43, 37,  2, 38, 27, 22, 28, 29,  7, 21,  5, 35, 30, 33, 25, 15, 17, 45, 40, 34, 32, 11, 19, 24,  1, 31, 13,  3, 39, 48,  4, 42, 20,  6, 44, 10, 23, 12, 26, 16, 41,  9, 18],  1245.8799611 , 1245.8799611 ,   0.        ,   7.02377096,  0.        ,  28,  73,  64.5)
 (73, [13, 13, 11, 11, 21,  3, 24, 25, 46, 19, 29, 17,  8, 35, 11,  2, 13, 36, 30, 48, 14, 43, 23, 44, 41, 39, 47, 37, 45, 16, 10,  5,  4, 22, 34, 20, 33, 27, 31, 32, 40, 26, 42, 28, 12,  9, 15, 38, 18,  7,  1,  6],  1245.8799611 , 1245.8799611 ,   0.        ,   7.02377096,  0.        ,  29,  72,  65. )
 (70, [11, 12, 12, 13, 36, 14, 18, 10, 38, 47,  8, 20, 30, 16, 45, 39, 28,  4, 27, 21, 29, 44, 48, 34, 24,  1,  9, 13, 46,  2, 43, 35, 26, 31, 42,  5, 19, 37, 11,  7, 32, 33, 40,  3, 22, 25, 41, 17, 23, 12,  6, 15],  1245.8799611 , 1245.8799611 ,   0.        ,   7.02377096,  0.        ,  30,  71,  65.5)
 (69, [11, 12, 13, 12, 42, 37, 44, 35,  4, 46, 19, 17, 48,  9, 32, 36, 20, 26, 31,  1, 21, 34, 11, 41,  6, 14, 33, 18,  8, 45,  7, 39, 30,  5, 25, 12, 28, 23, 16, 22, 13, 38, 47, 29,  3, 10, 24, 27, 40,  2, 15, 43],  1245.8799611 , 1245.8799611 ,   0.        ,   7.02377096,  0.        ,  31,  70,  66. )
 (67, [12, 11, 15, 10, 41, 44, 40, 15, 22, 39, 28, 12,  2,  7, 13, 37,  6, 46, 20, 35, 32,  4, 31, 36, 19, 14, 33, 29, 17, 21, 43, 45, 16, 18, 34,  3, 47, 26, 48, 11,  5, 38,  8, 24, 23, 10,  1, 42, 30, 25, 27,  9],  1245.8799611 , 1245.8799611 ,   0.        ,   7.02377096,  0.        ,  32,  69,  66.5)
 (66, [12, 15, 11, 10,  7, 23, 45,  4, 33, 29,  8, 11, 36, 26, 14, 34,  3, 25, 19, 47, 30, 31,  1, 15, 16, 18, 41, 44, 48, 24, 37, 12,  5,  6, 46, 10, 20, 43,  2, 27, 17,  9, 38, 22, 28, 39, 42, 32, 13, 35, 21, 40],  1245.8799611 , 1245.8799611 ,   0.        ,   7.02377096,  0.        ,  33,  68,  67. )
 (82, [13, 14, 11, 10, 14, 10, 46, 38, 22,  3, 40, 48, 32, 31,  2, 17,  1, 20, 11, 26, 41, 30, 16, 29, 23,  4, 45, 24, 12, 19, 18,  8, 27, 47,  6,  7, 44, 37,  5, 15, 28, 36,  9, 25, 39, 13, 42, 33, 43, 21, 34, 35],  1245.8799611 , 1245.8799611 ,   0.        ,   7.02377096,  0.        ,  34,  67,  67.5)
 (35, [12, 12, 13, 11, 39, 29, 17, 44, 10,  5, 37, 19, 30, 22, 33, 34, 41, 18, 25,  4, 27,  7, 42, 11,  9, 31, 48,  6, 15, 43, 40, 38, 21, 16, 45, 20,  1, 28, 26, 47, 14, 24, 36, 35,  3,  2,  8, 46, 12, 13, 23, 32],  1245.8799611 , 1245.8799611 ,   0.        ,   7.02377096,  0.        ,  35,  66,  68. )
 (49, [11, 11, 14, 12, 25, 29,  1, 13, 24, 14, 36, 21, 39,  7, 12,  5, 16, 45,  4, 30, 40, 34, 35, 43, 38, 37, 41, 46, 18, 17, 11, 19, 26, 28, 44, 47,  3,  6, 15,  8, 27, 10,  2, 31, 23, 48, 22, 33, 42, 20,  9, 32],  1245.8799611 , 1245.8799611 ,   0.        ,   7.02377096,  0.        ,   1, 100,  51. )
 (39, [10,  9, 16, 13,  9, 42, 46, 35, 37,  7, 41, 31, 44, 32, 34, 11, 22, 10, 45,  6, 48,  3, 27, 29,  8,  5, 26, 28, 14,  1, 16, 17, 18, 13, 33, 20,  4, 19, 36,  2, 15, 39, 43, 47, 24, 12, 30, 23, 25, 40, 38, 21],  1245.8799611 , 1245.8799611 ,   0.        ,   7.02377096,  0.        ,  14,  87,  57.5)
 (39, [10,  9, 16, 13,  9, 42, 46, 35, 37,  7, 41, 31, 44, 32, 34, 11, 22, 10, 45,  6, 48,  3, 27, 29,  8,  5, 26, 28, 14,  1, 16, 17, 18, 13, 33, 20,  4, 19, 36,  2, 15, 39, 43, 47, 24, 12, 30, 23, 25, 40, 38, 21],  1245.8799611 , 1245.8799611 ,   0.        ,   7.02377096,  0.        ,  19,  82,  60. )
 (39, [10,  9, 16, 13,  9, 42, 46, 35, 37,  7, 41, 31, 44, 32, 34, 11, 22, 10, 45,  6, 48,  3, 27, 29,  8,  5, 26, 28, 14,  1, 16, 17, 18, 13, 33, 20,  4, 19, 36,  2, 15, 39, 43, 47, 24, 12, 30, 23, 25, 40, 38, 21],  1245.8799611 , 1245.8799611 ,   0.        ,   7.02377096,  0.        ,  18,  83,  59.5)
 (39, [10,  9, 16, 13,  9, 42, 46, 35, 37,  7, 41, 31, 44, 32, 34, 11, 22, 10, 45,  6, 48,  3, 27, 29,  8,  5, 26, 28, 14,  1, 16, 17, 18, 13, 33, 20,  4, 19, 36,  2, 15, 39, 43, 47, 24, 12, 30, 23, 25, 40, 38, 21],  1245.8799611 , 1245.8799611 ,   0.        ,   7.02377096,  0.        ,  17,  84,  59. )
 (39, [10,  9, 16, 13,  9, 42, 46, 35, 37,  7, 41, 31, 44, 32, 34, 11, 22, 10, 45,  6, 48,  3, 27, 29,  8,  5, 26, 28, 14,  1, 16, 17, 18, 13, 33, 20,  4, 19, 36,  2, 15, 39, 43, 47, 24, 12, 30, 23, 25, 40, 38, 21],  1245.8799611 , 1245.8799611 ,   0.        ,   7.02377096,  0.        ,  16,  85,  58.5)
 (39, [10,  9, 16, 13,  9, 42, 46, 35, 37,  7, 41, 31, 44, 32, 34, 11, 22, 10, 45,  6, 48,  3, 27, 29,  8,  5, 26, 28, 14,  1, 16, 17, 18, 13, 33, 20,  4, 19, 36,  2, 15, 39, 43, 47, 24, 12, 30, 23, 25, 40, 38, 21],  1245.8799611 , 1245.8799611 ,   0.        ,   7.02377096,  0.        ,  15,  86,  58. )
 (39, [10,  9, 16, 13,  9, 42, 46, 35, 37,  7, 41, 31, 44, 32, 34, 11, 22, 10, 45,  6, 48,  3, 27, 29,  8,  5, 26, 28, 14,  1, 16, 17, 18, 13, 33, 20,  4, 19, 36,  2, 15, 39, 43, 47, 24, 12, 30, 23, 25, 40, 38, 21],  1245.8799611 , 1245.8799611 ,   0.        ,   7.02377096,  0.        ,  13,  88,  57. )
 (39, [10,  9, 16, 13,  9, 42, 46, 35, 37,  7, 41, 31, 44, 32, 34, 11, 22, 10, 45,  6, 48,  3, 27, 29,  8,  5, 26, 28, 14,  1, 16, 17, 18, 13, 33, 20,  4, 19, 36,  2, 15, 39, 43, 47, 24, 12, 30, 23, 25, 40, 38, 21],  1245.8799611 , 1245.8799611 ,   0.        ,   7.02377096,  0.        ,  12,  89,  56.5)
 (39, [10,  9, 16, 13,  9, 42, 46, 35, 37,  7, 41, 31, 44, 32, 34, 11, 22, 10, 45,  6, 48,  3, 27, 29,  8,  5, 26, 28, 14,  1, 16, 17, 18, 13, 33, 20,  4, 19, 36,  2, 15, 39, 43, 47, 24, 12, 30, 23, 25, 40, 38, 21],  1245.8799611 , 1245.8799611 ,   0.        ,   7.02377096,  0.        ,  11,  90,  56. )
 (39, [10,  9, 16, 13,  9, 42, 46, 35, 37,  7, 41, 31, 44, 32, 34, 11, 22, 10, 45,  6, 48,  3, 27, 29,  8,  5, 26, 28, 14,  1, 16, 17, 18, 13, 33, 20,  4, 19, 36,  2, 15, 39, 43, 47, 24, 12, 30, 23, 25, 40, 38, 21],  1245.8799611 , 1245.8799611 ,   0.        ,   7.02377096,  0.        ,  10,  91,  55.5)
 (39, [10,  9, 16, 13,  9, 42, 46, 35, 37,  7, 41, 31, 44, 32, 34, 11, 22, 10, 45,  6, 48,  3, 27, 29,  8,  5, 26, 28, 14,  1, 16, 17, 18, 13, 33, 20,  4, 19, 36,  2, 15, 39, 43, 47, 24, 12, 30, 23, 25, 40, 38, 21],  1245.8799611 , 1245.8799611 ,   0.        ,   7.02377096,  0.        ,   9,  92,  55. )
 (39, [10,  9, 16, 13,  9, 42, 46, 35, 37,  7, 41, 31, 44, 32, 34, 11, 22, 10, 45,  6, 48,  3, 27, 29,  8,  5, 26, 28, 14,  1, 16, 17, 18, 13, 33, 20,  4, 19, 36,  2, 15, 39, 43, 47, 24, 12, 30, 23, 25, 40, 38, 21],  1245.8799611 , 1245.8799611 ,   0.        ,   7.02377096,  0.        ,   8,  93,  54.5)
 (39, [10,  9, 16, 13,  9, 42, 46, 35, 37,  7, 41, 31, 44, 32, 34, 11, 22, 10, 45,  6, 48,  3, 27, 29,  8,  5, 26, 28, 14,  1, 16, 17, 18, 13, 33, 20,  4, 19, 36,  2, 15, 39, 43, 47, 24, 12, 30, 23, 25, 40, 38, 21],  1245.8799611 , 1245.8799611 ,   0.        ,   7.02377096,  0.        ,   7,  94,  54. )
 (39, [10,  9, 16, 13,  9, 42, 46, 35, 37,  7, 41, 31, 44, 32, 34, 11, 22, 10, 45,  6, 48,  3, 27, 29,  8,  5, 26, 28, 14,  1, 16, 17, 18, 13, 33, 20,  4, 19, 36,  2, 15, 39, 43, 47, 24, 12, 30, 23, 25, 40, 38, 21],  1245.8799611 , 1245.8799611 ,   0.        ,   7.02377096,  0.        ,   6,  95,  53.5)
 (39, [10,  9, 16, 13,  9, 42, 46, 35, 37,  7, 41, 31, 44, 32, 34, 11, 22, 10, 45,  6, 48,  3, 27, 29,  8,  5, 26, 28, 14,  1, 16, 17, 18, 13, 33, 20,  4, 19, 36,  2, 15, 39, 43, 47, 24, 12, 30, 23, 25, 40, 38, 21],  1245.8799611 , 1245.8799611 ,   0.        ,   7.02377096,  0.        ,   5,  96,  53. )
 (39, [10,  9, 16, 13,  9, 42, 46, 35, 37,  7, 41, 31, 44, 32, 34, 11, 22, 10, 45,  6, 48,  3, 27, 29,  8,  5, 26, 28, 14,  1, 16, 17, 18, 13, 33, 20,  4, 19, 36,  2, 15, 39, 43, 47, 24, 12, 30, 23, 25, 40, 38, 21],  1245.8799611 , 1245.8799611 ,   0.        ,   7.02377096,  0.        ,   4,  97,  52.5)
 (39, [10,  9, 16, 13,  9, 42, 46, 35, 37,  7, 41, 31, 44, 32, 34, 11, 22, 10, 45,  6, 48,  3, 27, 29,  8,  5, 26, 28, 14,  1, 16, 17, 18, 13, 33, 20,  4, 19, 36,  2, 15, 39, 43, 47, 24, 12, 30, 23, 25, 40, 38, 21],  1245.8799611 , 1245.8799611 ,   0.        ,   7.02377096,  0.        ,   3,  98,  52. )
 (39, [10,  9, 16, 13,  9, 42, 46, 35, 37,  7, 41, 31, 44, 32, 34, 11, 22, 10, 45,  6, 48,  3, 27, 29,  8,  5, 26, 28, 14,  1, 16, 17, 18, 13, 33, 20,  4, 19, 36,  2, 15, 39, 43, 47, 24, 12, 30, 23, 25, 40, 38, 21],  1245.8799611 , 1245.8799611 ,   0.        ,   7.02377096,  0.        ,   2,  99,  51.5)
 (39, [10,  9, 16, 13,  9, 42, 46, 35, 37,  7, 41, 31, 44, 32, 34, 11, 22, 10, 45,  6, 48,  3, 27, 29,  8,  5, 26, 28, 14,  1, 16, 17, 18, 13, 33, 20,  4, 19, 36,  2, 15, 39, 43, 47, 24, 12, 30, 23, 25, 40, 38, 21],  1245.8799611 , 1245.8799611 ,   0.        ,   7.02377096,  0.        ,  20,  81,  60.5)
 (39, [10,  9, 16, 13,  9, 42, 46, 35, 37,  7, 41, 31, 44, 32, 34, 11, 22, 10, 45,  6, 48,  3, 27, 29,  8,  5, 26, 28, 14,  1, 16, 17, 18, 13, 33, 20,  4, 19, 36,  2, 15, 39, 43, 47, 24, 12, 30, 23, 25, 40, 38, 21],  1245.8799611 , 1245.8799611 ,   0.        ,   7.02377096,  0.        ,  21,  80,  61. )
 (99, [11, 13, 13, 11,  2, 39, 14, 38, 13,  1, 34, 21, 45,  3, 20, 41, 25, 15, 28,  9, 31, 12, 11, 26, 48, 33, 40, 42, 30, 24, 47, 32, 27,  7, 17, 36,  8, 37, 18,  5, 43, 22,  4, 46, 29, 10, 44,  6, 16, 19, 35, 23],  1245.8799611 , 1245.8799611 ,   0.        ,   7.02377096,  0.        ,  36,  65,  68.5)
 (39, [10,  9, 16, 13,  9, 42, 46, 35, 37,  7, 41, 31, 44, 32, 34, 11, 22, 10, 45,  6, 48,  3, 27, 29,  8,  5, 26, 28, 14,  1, 16, 17, 18, 13, 33, 20,  4, 19, 36,  2, 15, 39, 43, 47, 24, 12, 30, 23, 25, 40, 38, 21],  1245.8799611 , 1245.8799611 ,   0.        ,   7.02377096,  0.        ,  29,  72,  65. )
 (39, [10,  9, 16, 13,  9, 42, 46, 35, 37,  7, 41, 31, 44, 32, 34, 11, 22, 10, 45,  6, 48,  3, 27, 29,  8,  5, 26, 28, 14,  1, 16, 17, 18, 13, 33, 20,  4, 19, 36,  2, 15, 39, 43, 47, 24, 12, 30, 23, 25, 40, 38, 21],  1245.8799611 , 1245.8799611 ,   0.        ,   7.02377096,  0.        ,  23,  78,  62. )
 (39, [10,  9, 16, 13,  9, 42, 46, 35, 37,  7, 41, 31, 44, 32, 34, 11, 22, 10, 45,  6, 48,  3, 27, 29,  8,  5, 26, 28, 14,  1, 16, 17, 18, 13, 33, 20,  4, 19, 36,  2, 15, 39, 43, 47, 24, 12, 30, 23, 25, 40, 38, 21],  1245.8799611 , 1245.8799611 ,   0.        ,   7.02377096,  0.        ,  22,  79,  61.5)
 (30, [11, 12, 14, 11, 19, 46, 18, 25,  1, 24, 15, 17, 32, 20, 47, 41, 26, 14, 13,  9, 11, 21, 29, 34, 35, 48, 30, 27, 23, 40,  6, 36,  2, 37, 45, 28, 12, 38, 44, 43, 16,  8,  3,  4, 39, 22, 31, 33,  7,  5, 42, 10],  1245.8799611 , 1245.8799611 ,   0.        ,   7.02377096,  0.        ,  50,  51,  75.5)
 (39, [10,  9, 16, 13,  9, 42, 46, 35, 37,  7, 41, 31, 44, 32, 34, 11, 22, 10, 45,  6, 48,  3, 27, 29,  8,  5, 26, 28, 14,  1, 16, 17, 18, 13, 33, 20,  4, 19, 36,  2, 15, 39, 43, 47, 24, 12, 30, 23, 25, 40, 38, 21],  1245.8799611 , 1245.8799611 ,   0.        ,   7.02377096,  0.        ,  24,  77,  62.5)
 (33, [13, 11, 11, 13,  3, 13, 15, 18, 21, 31, 34, 11,  5, 45, 24, 28, 42,  7, 43, 23,  9, 48, 14, 33,  2, 36, 22, 44,  1, 29, 12, 16, 41, 35, 10, 17, 19,  6, 46, 39, 38,  8, 47, 30, 25, 20, 26, 37, 32, 40,  4, 27],  1245.8799611 , 1245.8799611 ,   0.        ,   7.02377096,  0.        ,  54,  48,  78. )
 (39, [10,  9, 16, 13,  9, 42, 46, 35, 37,  7, 41, 31, 44, 32, 34, 11, 22, 10, 45,  6, 48,  3, 27, 29,  8,  5, 26, 28, 14,  1, 16, 17, 18, 13, 33, 20,  4, 19, 36,  2, 15, 39, 43, 47, 24, 12, 30, 23, 25, 40, 38, 21],  1245.8799611 , 1245.8799611 ,   0.        ,   7.02377096,  0.        ,  25,  76,  63. )
 (39, [10,  9, 16, 13,  9, 42, 46, 35, 37,  7, 41, 31, 44, 32, 34, 11, 22, 10, 45,  6, 48,  3, 27, 29,  8,  5, 26, 28, 14,  1, 16, 17, 18, 13, 33, 20,  4, 19, 36,  2, 15, 39, 43, 47, 24, 12, 30, 23, 25, 40, 38, 21],  1245.8799611 , 1245.8799611 ,   0.        ,   7.02377096,  0.        ,  26,  75,  63.5)
 (39, [10,  9, 16, 13,  9, 42, 46, 35, 37,  7, 41, 31, 44, 32, 34, 11, 22, 10, 45,  6, 48,  3, 27, 29,  8,  5, 26, 28, 14,  1, 16, 17, 18, 13, 33, 20,  4, 19, 36,  2, 15, 39, 43, 47, 24, 12, 30, 23, 25, 40, 38, 21],  1245.8799611 , 1245.8799611 ,   0.        ,   7.02377096,  0.        ,  27,  74,  64. )
 (39, [10,  9, 16, 13,  9, 42, 46, 35, 37,  7, 41, 31, 44, 32, 34, 11, 22, 10, 45,  6, 48,  3, 27, 29,  8,  5, 26, 28, 14,  1, 16, 17, 18, 13, 33, 20,  4, 19, 36,  2, 15, 39, 43, 47, 24, 12, 30, 23, 25, 40, 38, 21],  1245.8799611 , 1245.8799611 ,   0.        ,   7.02377096,  0.        ,  28,  73,  64.5)
 (39, [10,  9, 16, 13,  9, 42, 46, 35, 37,  7, 41, 31, 44, 32, 34, 11, 22, 10, 45,  6, 48,  3, 27, 29,  8,  5, 26, 28, 14,  1, 16, 17, 18, 13, 33, 20,  4, 19, 36,  2, 15, 39, 43, 47, 24, 12, 30, 23, 25, 40, 38, 21],  1245.8799611 , 1245.8799611 ,   0.        ,   7.02377096,  0.        ,  30,  71,  65.5)
 (53, [11, 11, 16, 10, 36, 18, 19, 13, 34, 39, 43, 30, 40, 45, 37, 28,  1, 31, 33, 32, 22,  8, 14, 25, 20, 44, 27, 29, 15,  4, 35, 21, 48, 47,  2,  5,  3,  6, 38, 24, 42, 16, 12, 10, 26,  7, 17,  9, 11, 41, 46, 23],  1275.81629083, 1275.81629083,   0.        ,   7.02377096,  4.        ,  57,  24,  69. )
 (77, [11, 13, 12, 12, 20, 38, 26, 15, 40,  8,  1, 45,  6, 43, 37, 35, 44, 47, 33, 19,  9,  3, 10, 25, 13,  5, 12, 32, 34, 42, 21, 30, 17, 28,  4, 46, 31,  7, 11, 36, 41, 14, 16, 24, 48, 23, 39, 22,  2, 27, 29, 18],  1319.1846706 , 1319.1846706 ,   0.        ,   7.02377096,  2.        ,  58,  45,  80.5)
 (92, [11, 14, 12, 11, 36, 10,  2, 27,  1, 22, 43, 21, 29, 41,  4,  3, 37, 28,  7, 31, 47, 45, 12, 40,  8, 46, 17, 13, 30, 35, 16, 48,  9, 44, 38, 33, 42, 20, 23,  6, 14,  5, 24, 32, 18, 39, 26, 34, 15, 25, 11, 19],  1319.1846706 , 1319.1846706 ,   0.        ,   7.02377096,  2.        ,  59,  46,  82. )
 (32, [12, 16,  9, 11, 11, 18, 44,  7, 48,  5,  1, 13, 15, 36, 33, 19, 37, 26, 30,  6, 17,  4, 47, 46, 32,  3, 10, 25, 22, 43, 20, 27, 16,  9, 29, 24, 45, 21, 41, 40,  8, 42, 12, 34, 14, 23, 28, 31, 38, 39,  2, 35],  1544.40891084, 1360.96015304,  18.34487578,   7.02377096,  4.        ,  62,  27,  75.5)
 (68, [11, 10, 15, 12, 28, 30, 17, 39,  6, 31, 16, 22, 40, 18,  9, 26, 35, 37, 20, 33, 15, 44, 25, 24, 13,  4, 32, 38,  5, 46, 21, 34, 36, 42, 10,  2, 14, 23, 43, 29,  3,  1, 12,  8, 45, 48, 47, 27, 11, 19,  7, 41],  1685.03404557, 1261.81116317,   0.        ,   0.        ,  3.        ,  63,  41,  83.5)
 (48, [13, 11, 10, 14, 25, 36, 14,  6, 31,  8,  9,  4, 23, 43, 35, 18, 37,  2, 27, 21,  1, 34, 40, 38, 47, 19,  3, 24, 15, 41, 48, 30, 44, 39, 12, 13, 11, 17, 29, 16, 22,  5, 28, 45, 46, 33, 32,  7, 10, 42, 26, 20],  1774.68192748, 1423.26666739,  35.14152601,   0.        ,  4.33333333,  64,  22,  75. )
 (80, [17, 11, 10, 10, 47, 21, 42, 32, 27,  6, 34, 36, 33, 26, 14, 19, 35, 31, 45, 12, 28,  3,  9, 38, 44, 46,  2,  1, 40,  5, 25, 39, 29,  7, 17, 13, 48,  4, 11, 43, 16, 15,  8, 23, 20, 24, 18, 22, 10, 41, 37, 30],  2502.3356474 , 1488.77103541,  16.16315217,   0.        ,  3.        ,  69,  38,  88. )
 (95, [11, 12, 13, 12, 23, 20, 22, 42, 40, 16, 47, 44, 10, 12, 33, 36, 39, 28, 31,  9, 35, 27,  4, 21, 43, 30, 26,  1, 37, 41, 48,  3, 25,  5, 13, 32,  7,  2,  6, 45, 18, 46, 14, 34, 15, 29, 11, 17,  8, 24, 38, 19],  2976.5968293 , 1346.51146229,   0.        ,   7.02377096,  6.        ,  72,  16,  80. )
 (34, [11, 12, 14, 11, 29, 25, 18,  4, 35,  8, 23,  5,  6,  7, 14, 39, 43, 21, 33, 44, 11,  3, 15, 34,  2, 26, 28, 46, 37, 42, 27, 13, 41, 19, 45, 48, 32, 38, 31, 30,  9, 17, 10, 16, 36, 20, 47, 22,  1, 24, 12, 40],  3299.30676433, 1315.7228268 ,   0.        ,   7.02377096,  4.        ,  73,  28,  87. )
 (76, [12, 12, 13, 11,  6,  9, 16, 21, 31,  3, 18, 47, 14, 23, 35,  1, 33, 44, 22, 13, 28, 20, 24,  7, 48, 36, 38,  8, 37, 29, 34,  2, 42, 45, 40, 43, 27, 32, 19,  5, 26, 39, 30, 46, 41, 25,  4, 15, 12, 17, 11, 10],  3514.99004608, 1635.71292461, 165.80410161,  42.88517342,  7.66666667,  74,  13,  80.5)
 (72, [11, 13, 13, 11, 11, 10,  5, 47, 33, 35, 25, 26, 15, 18, 22, 48,  1,  8, 12, 42,  7, 19,  2, 39, 13, 27, 21, 44, 37, 20, 38, 31, 28, 30, 23,  4, 17, 16, 29, 41, 46, 43, 36,  9, 32,  6, 34, 40, 24,  3, 45, 14],  3592.75023733, 1485.27248564, 215.18378054,  34.54507728,  3.        ,  75,  42,  96. )
 (41, [15, 11, 11, 11, 19, 21, 42, 17, 27, 13, 20, 44, 33, 34, 26, 24,  4, 29, 16, 31,  8,  3, 48, 11, 15, 23, 32, 14, 38, 22, 40, 45,  6, 12, 10, 41, 36, 39, 37,  7,  1,  5, 28,  9, 25, 43, 30, 18, 47, 35,  2, 46],  3621.67396323, 1510.00705516, 222.81792059,   7.02377096,  8.33333333,  76,  11,  81.5)
 (96, [12, 11, 14, 11, 31, 25,  8,  9, 41, 39, 23, 18, 37, 46, 26,  3, 15, 28, 27, 32, 22, 36,  5, 48,  7, 45, 43, 30, 44,  6, 19, 33, 21, 11, 40, 29,  1, 13, 47,  4, 16, 35, 34, 24, 38, 20, 10,  2, 14, 42, 12, 17],  3869.80220854, 1337.5689381 , 208.54323986,   7.02377096,  4.        ,  77,  30,  92. )
 (59, [13, 13, 12, 10, 10, 48, 31, 37, 44, 19, 16,  2,  4, 45, 25,  6, 20, 26, 18, 29,  7,  1, 41, 28, 13, 34,  5, 15, 38, 43, 30, 22,  8, 32, 17, 23, 27, 21, 46,  3, 24, 36, 12, 47, 35, 39, 14,  9, 40, 11, 33, 42],  4111.24710644, 1528.45048854,   0.        ,   7.02377096,  3.        ,  78,  33,  94.5)
 (74, [10, 12, 12, 14, 38,  7, 18, 19,  3, 33, 32, 24, 39, 14,  9, 22, 40, 36,  6, 15,  8, 17,  4,  5, 37, 35, 11, 34, 41, 27, 12, 30, 21, 42, 26, 13,  1, 46, 47, 48, 29,  2, 23, 28, 16, 45, 20, 43, 44, 25, 31, 10],  4245.57316419, 1674.72459371,   0.        ,   0.        ,  6.        ,  79,  17,  87.5)
 (93, [11, 12, 15, 10, 42, 21, 45, 17, 13, 46,  6, 24, 20, 27, 32, 23, 22, 47, 31, 18, 44, 10,  7,  5,  2, 48, 19, 28, 16, 38, 35, 36, 29, 12, 39, 15,  1, 41, 37,  8, 40, 26,  3, 33,  4, 11, 34, 30, 25,  9, 43, 14],  4966.77501235, 1512.8450616 ,   0.        ,   0.        ,  4.        ,  80,  31,  95.5)
 (81, [12, 10, 16, 10, 25, 11,  9, 13, 21, 14, 24, 16, 44, 47, 33, 39, 42, 41,  6, 46,  3, 43, 31,  4, 29, 10, 37, 22, 38, 19, 40, 18, 45, 12, 36, 48,  5, 15, 23, 30, 34, 35, 32, 28, 26, 27,  8,  2,  7, 17,  1, 20],  4980.12340887, 1537.51654579,  74.9693152 ,   7.02377096,  3.        ,  81,  40, 101. )
 (61, [15, 12, 10, 11, 17, 12, 37, 40,  3,  2, 27,  5, 11, 10, 47, 45,  7, 14, 19,  1, 25, 20, 26,  6, 16, 46, 43, 18, 35,  4, 39, 24, 48, 13, 32, 36, 31, 33, 30, 23,  9, 29,  8, 15, 44, 34, 38, 22, 42, 41, 21, 28],  4988.2914124 , 1592.41820946, 232.38355866,  70.83696829, 16.        ,  82,   4,  84. )
 (89, [11, 11, 12, 14, 28, 16, 29, 20, 38, 45, 40,  2,  6, 43, 23, 12, 46, 17,  7, 10, 41, 35, 30, 32, 48,  4, 14, 42, 25, 21, 39, 26,  9, 27,  8, 11, 33, 36,  1, 15, 24, 44,  3,  5, 47, 37, 22, 31, 18, 34, 19, 13],  5219.27780956, 1541.08277368, 106.42791434,  25.73459366,  3.        ,  83,  34, 100. )
 (31, [12, 13, 13, 10, 39, 32,  9,  6, 47, 15, 37, 40, 48, 45, 20,  2, 33, 34,  3, 24,  8, 27, 23, 16, 18,  7, 10, 42, 25, 43, 44, 35, 38, 36, 17, 30, 11, 26,  4, 12, 22,  5, 14, 28, 21, 13, 19, 29,  1, 46, 41, 31],  5275.2289805 , 2068.36153829,  12.84819917,   7.02377096, 19.66666667,  84,   2,  85. )
 (36, [12, 11, 14, 11, 18,  5,  1, 24, 40, 17, 32, 30, 44, 28, 35, 23, 26, 13, 46, 36, 42, 43, 20,  7, 12, 33, 38, 47,  9, 16,  8, 22, 14, 11, 29, 19, 27, 15, 31,  6, 45, 48, 10, 37,  4, 41,  2, 39,  3, 21, 25, 34],  5281.45474886, 1503.15522232, 291.41157361, 228.87740726,  4.        ,  85,  29,  99.5)
 (63, [12, 15, 11, 10,  1, 44,  4, 45, 26, 24, 43, 10, 22,  6, 23, 37, 20, 17, 47, 41, 33, 35, 32, 16, 11,  7, 38, 15, 21, 31,  2, 25,  3, 39,  9, 40,  5, 46, 30, 36, 29, 28, 18, 48, 34, 13, 19, 27, 42,  8, 14, 12],  5666.7766329 , 1812.64622668, 283.9829855 , 109.78797348, 20.33333333,  86,   1,  86.5)
 (84, [12, 12, 14, 10, 44, 23,  9, 31, 27, 13,  4, 42, 15, 20, 14, 10, 37,  5,  7, 33, 43,  1, 25, 21,  2, 22, 47, 48,  3, 41, 39, 36, 18, 11, 30, 24, 46, 12, 32,  8, 29, 34,  6, 35, 16, 19, 28, 17, 40, 26, 38, 45],  6113.8034335 , 1517.02710146,   0.        ,   7.02377096,  3.        ,  87,  36, 105. )
 (79, [11,  9, 17, 11,  4,  6, 38, 48, 18, 41, 27, 16,  2, 45, 13, 34, 33, 31, 42, 35, 19, 28,  1, 44, 24, 26, 21,  8, 11,  5, 22, 47, 37, 29, 10,  9, 25, 23, 46, 43,  3, 39,  7, 36, 30, 32, 15, 40, 17, 12, 20, 14],  6802.71598024, 1651.99792983,  51.62722138,   7.02377096,  3.        ,  88,  39, 107.5)
 (47, [10, 11, 16, 11, 12, 44, 41, 10, 28, 25,  7, 48, 37, 45, 42, 29, 15, 21, 17, 47, 31, 11, 24,  3,  5,  8, 40, 27, 26, 14, 23, 46, 22, 18, 36, 19, 35, 32,  6, 33, 20,  9, 34, 43, 30, 16,  1, 39, 13,  4,  2, 38],  7435.17862471, 2108.32382213, 408.92074563, 144.21393486, 13.33333333,  92,   7,  95.5)
 (55, [12, 12, 12, 12, 26, 44,  7, 36, 40,  6, 43, 27, 28, 15, 24, 47,  2,  8, 38, 34, 21, 18,  1, 25,  9, 46, 19, 37, 31, 14, 30,  3, 39, 20, 48, 41, 12, 42, 11, 45, 32, 29, 35, 23, 22,  4, 16, 33, 10, 13,  5, 17],  7477.21730402, 1587.17970059, 425.70601978,  82.68953986, 11.        ,  93,   9,  97.5)
 (42, [11, 14, 11, 12, 41,  3, 12, 26,  8, 22, 27,  4, 44, 18, 10, 32, 47, 37, 20, 28, 43, 14,  1, 19, 17,  5,  2, 25, 48, 11, 30, 38,  7, 33, 29, 42,  6, 39, 15, 40, 31, 35, 21, 46, 24,  9, 36, 34, 13, 45, 16, 23],  7500.88968838, 2098.15814286, 204.55828261,  64.25483882, 12.66666667,  94,   8,  98. )
 (71, [12, 12, 11, 13, 24,  7, 23, 18, 48,  6, 43,  4,  2, 20, 19, 37, 44,  8, 17,  5, 28, 12, 14, 45, 31, 39, 22, 27, 34, 47, 11, 30,  9, 32, 42, 35, 15, 16, 46, 36, 13, 33, 10, 21, 40, 29, 41, 38,  1,  3, 26, 25],  7543.8648091 , 1685.14785217, 484.25971183, 100.62703061, 14.66666667,  95,   6,  98. )
 (75, [11, 14, 11, 12,  4, 15, 26, 11, 10,  8, 18,  7,  3, 42, 21, 19, 30, 27,  1, 29, 35, 22, 46, 48, 28, 37, 36,  6, 14, 25, 33, 31, 47, 45, 32, 40, 43, 12, 20, 41, 38,  9, 34, 17, 39, 23, 44, 24, 13,  5,  2, 16],  8552.45596033, 1859.10214773, 363.99472274, 166.02484585,  5.        ,  97,  18, 106. )
 (85, [13, 11, 12, 12,  3, 24,  1, 30, 31,  5, 22, 21, 17, 39, 34, 27, 47, 36, 14, 38,  2, 41, 18, 43, 12, 19, 46, 45, 40, 28,  6, 16,  9,  8, 44, 23, 29, 48, 42, 10, 25, 15, 20, 11,  7, 26,  4, 35, 32, 37, 33, 13], 10642.22119715, 2468.46363459, 548.05666632, 233.10635284, 17.66666667,  98,   3,  99.5)
 (86, [10, 12, 11, 15, 29, 48, 46,  1, 15, 21, 23, 11, 22, 24, 14,  8, 42, 41, 20,  4, 25, 45, 17, 39,  5,  7, 38, 37, 19, 31, 16, 18, 33, 47, 32, 12, 26, 30,  2, 36, 28, 35, 43, 44, 10, 27, 34,  3,  6, 13,  9, 40], 10751.96501136, 1983.66847542, 368.69102804, 147.11467612,  8.        ,  99,  12, 105. )
 (39, [11, 12, 13, 12,  2, 17, 45, 38, 24, 12, 29,  4, 41, 23, 14, 20, 26, 44, 33, 37, 42, 40,  6, 27, 46, 19, 32, 28, 10, 18,  9, 47, 22, 31,  5,  8, 21, 34, 13,  3, 30, 11, 15, 16, 35,  7, 39, 36, 48, 25,  1, 43], 11685.12707876, 2147.04724395, 576.47812575,  72.07081088,  9.33333333, 100,  10, 105. )]