
Total Runtime in seconds: 325.8212230205536Parameters:
population_size: 50, max_generations: 150, executed generations: 149, threshold_no_improvement: 75
target feasible proportion: 12
fitness_scaling: power_rank, selection_method: n_tournaments
p_c: 0.0, p_m: 0.2, NOT YET p_education: 0.0
tournament_size: 2, n_elite: 8
survivor_selection_step: 10, p_selection_survival: 0.7
kill clone step: 5
diversify_step: 20, diversify_step: 20, p_diversify_survival: 0.3
n_closest_neighbors: 3, diversity_weight: 0.5, distance_method: broken_pairs_distance
capacity_penalty_factor: 2, duration_penalty_factor 2, time_window_penalty: 2
Best fitness all generations, best individual before/after local search: 1137.9820722207714, 1137.9820722207714 / 1137.9820722207714
Best individual found before local search: (21, [10,  9, 16, 13,  9, 42, 46, 35, 37,  7, 41, 31, 44, 32, 34, 11, 22, 10, 45,  6, 48,  3, 27, 13, 33, 20,  4, 19, 14, 28,  1, 26, 36, 29,  8,  5, 17, 18, 16, 47, 24, 12, 21, 38, 40,  2, 15, 25, 23, 30, 39, 43], 1137.98207222, 1137.98207222, 0., 0., 0., 0., 1, 50, 26.)
Best individual found after local search: (21, [10,  9, 16, 13,  9, 42, 46, 35, 37,  7, 41, 31, 44, 32, 34, 11, 22, 10, 45,  6, 48,  3, 27, 13, 33, 20,  4, 19, 14, 28,  1, 26, 36, 29,  8,  5, 17, 18, 16, 47, 24, 12, 21, 38, 40,  2, 15, 25, 23, 30, 39, 43], 1137.98207222, 1137.98207222, 0., 0., 0., 0., 1, 50, 26.)
Best feasible individual found: (21, [10,  9, 16, 13,  9, 42, 46, 35, 37,  7, 41, 31, 44, 32, 34, 11, 22, 10, 45,  6, 48,  3, 27, 13, 33, 20,  4, 19, 14, 28,  1, 26, 36, 29,  8,  5, 17, 18, 16, 47, 24, 12, 21, 38, 40,  2, 15, 25, 23, 30, 39, 43], 1137.98207222, 1137.98207222, 0., 0., 0., 0., 1, 50, 26.)

Fitness stats min: [1195.19496948 1145.75288693 1145.75288693 1145.75288693 1145.75288693
 1145.75288693 1145.75288693 1145.75288693 1145.75288693 1145.75288693
 1145.75288693 1145.75288693 1145.75288693 1145.75288693 1145.75288693
 1145.75288693 1145.75288693 1145.75288693 1145.75288693 1145.75288693
 1145.75288693 1145.75288693 1145.75288693 1145.75288693 1145.75288693
 1145.75288693 1145.75288693 1145.75288693 1145.75288693 1145.75288693
 1145.75288693 1145.75288693 1145.75288693 1145.75288693 1145.75288693
 1145.75288693 1145.75288693 1145.75288693 1145.75288693 1145.75288693
 1145.75288693 1145.75288693 1145.75288693 1145.75288693 1145.75288693
 1145.75288693 1145.75288693 1145.75288693 1145.75288693 1145.75288693
 1145.75288693 1145.75288693 1145.75288693 1145.75288693 1145.75288693
 1145.75288693 1145.75288693 1145.75288693 1145.75288693 1145.75288693
 1145.75288693 1145.75288693 1145.75288693 1145.75288693 1145.75288693
 1145.75288693 1145.75288693 1145.75288693 1145.75288693 1145.75288693
 1145.75288693 1145.75288693 1145.75288693 1145.75288693 1145.75288693
 1145.75288693 1145.75288693 1145.75288693 1145.75288693 1145.75288693
 1145.75288693 1145.75288693 1145.75288693 1145.75288693 1145.75288693
 1145.75288693 1145.75288693 1145.75288693 1145.75288693 1145.75288693
 1145.75288693 1145.75288693 1145.75288693 1145.75288693 1145.75288693
 1145.75288693 1145.75288693 1145.75288693 1145.75288693 1145.75288693
 1145.75288693 1145.75288693 1145.75288693 1145.75288693 1145.75288693
 1145.75288693 1145.75288693 1145.75288693 1145.75288693 1145.75288693
 1145.75288693 1145.75288693 1145.75288693 1145.75288693 1145.75288693
 1145.75288693 1145.75288693 1145.75288693 1145.75288693 1145.75288693
 1145.75288693 1145.75288693 1145.75288693 1145.75288693 1145.75288693
 1145.75288693 1145.75288693 1145.75288693 1145.75288693 1145.75288693
 1145.75288693 1145.75288693 1145.75288693 1145.75288693 1145.75288693
 1145.75288693 1145.75288693 1141.36964257 1137.98207222 1137.98207222
 1137.98207222 1137.98207222 1137.98207222 1137.98207222 1137.98207222
 1137.98207222 1137.98207222 1137.98207222 1137.98207222 1137.98207222] 

Fitness stats feasible min: [1195.19496948 1145.75288693 1145.75288693 1145.75288693 1145.75288693
 1145.75288693 1145.75288693 1145.75288693 1145.75288693 1145.75288693
 1145.75288693 1145.75288693 1145.75288693 1145.75288693 1145.75288693
 1145.75288693 1145.75288693 1145.75288693 1145.75288693 1145.75288693
 1145.75288693 1145.75288693 1145.75288693 1145.75288693 1145.75288693
 1145.75288693 1145.75288693 1145.75288693 1145.75288693 1145.75288693
 1145.75288693 1145.75288693 1145.75288693 1145.75288693 1145.75288693
 1145.75288693 1145.75288693 1145.75288693 1145.75288693 1145.75288693
 1145.75288693 1145.75288693 1145.75288693 1145.75288693 1145.75288693
 1145.75288693 1145.75288693 1145.75288693 1145.75288693 1145.75288693
 1145.75288693 1145.75288693 1145.75288693 1145.75288693 1145.75288693
 1145.75288693 1145.75288693 1145.75288693 1145.75288693 1145.75288693
 1145.75288693 1145.75288693 1145.75288693 1145.75288693 1145.75288693
 1145.75288693 1145.75288693 1145.75288693 1145.75288693 1145.75288693
 1145.75288693 1145.75288693 1145.75288693 1145.75288693 1145.75288693
 1145.75288693 1145.75288693 1145.75288693 1145.75288693 1145.75288693
 1145.75288693 1145.75288693 1145.75288693 1145.75288693 1145.75288693
 1145.75288693 1145.75288693 1145.75288693 1145.75288693 1145.75288693
 1145.75288693 1145.75288693 1145.75288693 1145.75288693 1145.75288693
 1145.75288693 1145.75288693 1145.75288693 1145.75288693 1145.75288693
 1145.75288693 1145.75288693 1145.75288693 1145.75288693 1145.75288693
 1145.75288693 1145.75288693 1145.75288693 1145.75288693 1145.75288693
 1145.75288693 1145.75288693 1145.75288693 1145.75288693 1145.75288693
 1145.75288693 1145.75288693 1145.75288693 1145.75288693 1145.75288693
 1145.75288693 1145.75288693 1145.75288693 1145.75288693 1145.75288693
 1145.75288693 1145.75288693 1145.75288693 1145.75288693 1145.75288693
 1145.75288693 1145.75288693 1145.75288693 1145.75288693 1145.75288693
 1145.75288693 1145.75288693 1141.36964257 1137.98207222 1137.98207222
 1137.98207222 1137.98207222 1137.98207222 1137.98207222 1137.98207222
 1137.98207222 1137.98207222 1137.98207222 1137.98207222 1137.98207222] 

Fitness stats avg: [1517.05338092 1411.93327748 1405.75881508 1300.27369299 1240.57658805
 2557.04618348 1460.86005258 1260.86354108 1198.18674083 1262.87308903
 1792.15047907 1249.17845717 1252.73473288 1200.51641127 1202.17948232
 3163.644899   2271.86252238 1489.80455947 1239.82853306 1214.96235547
 1574.62502069 1276.4666503  2066.53781799 1255.87015441 1220.97127237
 3607.45094901 3116.76816042 2252.89118635 1578.80012771 1293.93173799
 1615.38333935 1193.39445069 1254.45585175 1207.13236652 1230.37055481
 3338.36704734 2407.48255794 1521.37734036 1236.31888663 1194.42263117
 1693.33994402 1267.85853826 2057.36029227 1331.38138506 1205.74807036
 3388.81305012 2479.44266728 1497.61203885 1216.47583224 1206.47569193
 2039.03877526 1301.08516995 1217.35668089 1208.39086661 1216.36434362
 3526.92839342 2763.46225069 1773.12870908 1216.41948937 1242.02456076
 1928.4070486  1265.35298684 1962.72853282 1270.13907814 1271.39195583
 3149.31983147 2085.89334756 1462.46605392 1277.3759567  1198.21085722
 1792.62507061 1278.45835644 1260.72934142 1278.61460623 1207.85208668
 3315.8926606  2644.6435315  1651.92685276 1272.86729538 1224.30113168
 2126.6424755  1305.29940296 2446.12075333 1343.89762108 1254.54824084
 3439.98707258 2548.49514115 1683.96450109 1271.08364977 1240.14847273
 2013.06260862 1208.7110289  1182.75281762 1259.60185929 1250.49010916
 3492.32822254 2850.96490678 2063.71901597 1324.50393832 1278.74734215
 1875.97202236 1314.84353944 1830.62361116 1299.25409441 1192.46436284
 3156.71921341 2336.16440474 1459.30014945 1200.74608654 1232.87001137
 1834.56659672 1243.77163362 1218.06678288 1232.80748984 1240.65524179
 3265.06833211 2427.63803719 1478.99579714 1290.63358909 1272.24420011
 1814.45162972 1213.36396844 2567.59996646 1662.83035861 1273.57989043
 3469.30317903 2978.84106279 2278.90641567 1625.54879205 1248.08646766
 1958.38578198 1252.32241231 1236.74773424 1225.34170083 1229.48220121
 3233.13432721 2523.82407427 1453.43679349 1249.15379759 1287.78963237
 1725.74130589 1271.51257895 1182.17377226 1222.09505521 1172.40099717
 3405.5623774  2640.05580518 1493.99836241 1237.71119158 1184.66243905] 

Feasible stats: [( 0., 50.) ( 0., 50.) (36., 14.) (36., 14.) (48.,  2.) (48.,  2.)
 (27., 23.) (27., 23.) (46.,  4.) (46.,  4.) (46.,  4.) (46.,  4.)
 (48.,  2.) (48.,  2.) (47.,  3.) (47.,  3.) (13., 37.) (13., 37.)
 (31., 19.) (31., 19.) (47.,  3.) (47.,  3.) (46.,  4.) (46.,  4.)
 (48.,  2.) (48.,  2.) (12., 38.) (12., 38.) (27., 23.) (27., 23.)
 (46.,  4.) (46.,  4.) (49.,  1.) (49.,  1.) (49.,  1.) (49.,  1.)
 (20., 30.) (20., 30.) (42.,  8.) (42.,  8.) (48.,  2.) (48.,  2.)
 (48.,  2.) (48.,  2.) (44.,  6.) (44.,  6.) (22., 28.) (22., 28.)
 (43.,  7.) (43.,  7.) (48.,  2.) (48.,  2.) (47.,  3.) (47.,  3.)
 (48.,  2.) (48.,  2.) (13., 37.) (13., 37.) (36., 14.) (36., 14.)
 (47.,  3.) (47.,  3.) (47.,  3.) (47.,  3.) (47.,  3.) (47.,  3.)
 (19., 31.) (19., 31.) (42.,  8.) (42.,  8.) (49.,  1.) (49.,  1.)
 (45.,  5.) (45.,  5.) (42.,  8.) (42.,  8.) (20., 30.) (20., 30.)
 (33., 17.) (33., 17.) (47.,  3.) (47.,  3.) (46.,  4.) (46.,  4.)
 (47.,  3.) (47.,  3.) (10., 40.) (10., 40.) (36., 14.) (36., 14.)
 (46.,  4.) (46.,  4.) (47.,  3.) (47.,  3.) (47.,  3.) (47.,  3.)
 (15., 35.) (15., 35.) (31., 19.) (31., 19.) (47.,  3.) (47.,  3.)
 (46.,  4.) (46.,  4.) (46.,  4.) (46.,  4.) (18., 32.) (18., 32.)
 (40., 10.) (40., 10.) (45.,  5.) (45.,  5.) (46.,  4.) (46.,  4.)
 (48.,  2.) (48.,  2.) (19., 31.) (19., 31.) (41.,  9.) (41.,  9.)
 (45.,  5.) (45.,  5.) (47.,  3.) (47.,  3.) (37., 13.) (37., 13.)
 (10., 40.) (10., 40.) (19., 31.) (19., 31.) (47.,  3.) (47.,  3.)
 (48.,  2.) (48.,  2.) (47.,  3.) (47.,  3.) (15., 35.) (15., 35.)
 (32., 18.) (32., 18.) (47.,  3.) (47.,  3.) (47.,  3.) (47.,  3.)
 (46.,  4.) (46.,  4.) (17., 33.) (17., 33.) (34., 16.) (34., 16.)] 
Solution Description: 
p: [  0.          34.54727937  84.87783147 146.34283074 147.44793219
 149.69682399 167.23236515 196.89678693 211.99736014 215.57709004
 215.62221757   0.          18.67738622  30.64321524  54.14868242
  65.5632906   76.73654689 116.04744803 126.91259388 142.07862391
 165.53741135   0.         129.13692659 144.70329008 144.97023529
 172.15925116 256.0358696  256.49632252 256.74245735 269.4760018
 310.54877867 335.10407113 398.60641959 416.41918392 422.05614815
 492.70311998 494.43782563 496.80620898   0.          45.72329507
  52.53455008  63.51155902  77.20165447  89.86625057 124.51415848
 135.02517232 172.9519645  186.90219551 196.06758318 205.5602204
 231.71405951 260.01623432] 
pred: [ 0  0  0  0  0  0  5  5  5  5  5  0  0  0  0  3  3  3  3  3  3  0  0  0
  0  0  0  0  0  0  8  8 10 10 10 10 10 10  0  0  0  0  0  0  0  6  6  6
  6  6 11 11] 
distance [  0.          34.54727937  84.87783147 146.34283074 147.44793219
 149.69682399  17.53554117  47.19996294  62.30053615  65.88026605
  65.92539359   0.          18.67738622  30.64321524  54.14868242
  11.41460818  22.58786447  61.89876561  72.76391146  87.92994149
 111.38872893   0.         129.13692659 144.70329008 144.97023529
 172.15925116 256.0358696  256.49632252 256.74245735 269.4760018
  41.07277687  65.62806933  63.50234846  81.31511279  86.95207702
 157.59904885 159.3337545  161.70213785   0.          45.72329507
  52.53455008  63.51155902  77.20165447  89.86625057 124.51415848
  10.51101384  48.43780602  62.38803703  71.55342471  81.04606192
  26.15383911  54.45601392]
load: [  0  13  35  54  68  79  13  21  31  34  50   0  22  29  50  18  43  48
  58  74  90   0   9  28  44  49  52  61  70  82   6  16  20  40  52  57
  74  99   0  21  40  46  71  86 101   8  12  26  40  53  13  37] 
time: [  0.          80.         115.34683757 171.22731303 252.33358633
 322.         170.         203.         228.39224704 244.56663558
 456.           0.         182.         397.         423.86042084
  90.         130.         160.         414.         443.16015238
 483.3964008    0.         108.         140.15799758 192.
 233.04333374 319.         387.22169751 406.46219392 423.63549066
 269.         321.         198.         215.24054306 317.
 444.         473.95303324 520.39404321   0.         115.
 308.         325.46934669 414.         443.         485.92676098
 121.         226.         329.         378.         422.56770213
 207.         459.        ] 
time warps: [0 0 0 0 0 0 0 0 0 0 0 0 0 0 0 0 0 0 0 0 0 0 0 0 0 0 0 0 0 0 0 0 0 0 0 0 0
 0 0 0 0 0 0 0 0 0 0 0 0 0 0 0] 
duration: [  0.          41.54727937 116.87783147 195.34283074 200.44793219
 269.41539141  23.53554117  73.83796245  95.93853566 103.51826556
 311.61049336   0.          24.67738622 239.90580809 286.41127527
  12.41460818  64.77686183 122.28197165 376.11687833 412.28290836
 458.7416958    0.         131.13692659 167.70329008 193.01987139
 244.20888726 361.10328518 377.5637381  383.80987293 398.54341738
  43.07277687 107.38286229  71.50234846  94.31511279 188.48012876
 340.57648414 357.31118979 377.67957314   0.          55.72329507
 251.32425496 272.3012639  360.05582284 403.26861412 455.91652202
  17.51101384 155.03431469 244.72426381 305.6796988  325.17233601
  48.15383911 315.00222923]

All individuals: [(21, [10,  9, 16, 13,  9, 42, 46, 35, 37,  7, 41, 31, 44, 32, 34, 11, 22, 10, 45,  6, 48,  3, 27, 13, 33, 20,  4, 19, 14, 28,  1, 26, 36, 29,  8,  5, 17, 18, 16, 47, 24, 12, 21, 38, 40,  2, 15, 25, 23, 30, 39, 43], 1137.98207222, 1137.98207222, 0.,  0.        , 0.        ,  0.        ,  1, 50, 26. )
 (21, [10,  9, 16, 13,  9, 42, 46, 35, 37,  7, 41, 31, 44, 32, 34, 11, 22, 10, 45,  6, 48,  3, 27, 13, 33, 20,  4, 19, 14, 28,  1, 26, 36, 29,  8,  5, 17, 18, 16, 47, 24, 12, 21, 38, 40,  2, 15, 25, 23, 30, 39, 43], 1137.98207222, 1137.98207222, 0.,  0.        , 0.        ,  0.        , 21, 30, 36. )
 (21, [10,  9, 16, 13,  9, 42, 46, 35, 37,  7, 41, 31, 44, 32, 34, 11, 22, 10, 45,  6, 48,  3, 27, 13, 33, 20,  4, 19, 14, 28,  1, 26, 36, 29,  8,  5, 17, 18, 16, 47, 24, 12, 21, 38, 40,  2, 15, 25, 23, 30, 39, 43], 1137.98207222, 1137.98207222, 0.,  0.        , 0.        ,  0.        , 22, 29, 36.5)
 (21, [10,  9, 16, 13,  9, 42, 46, 35, 37,  7, 41, 31, 44, 32, 34, 11, 22, 10, 45,  6, 48,  3, 27, 13, 33, 20,  4, 19, 14, 28,  1, 26, 36, 29,  8,  5, 17, 18, 16, 47, 24, 12, 21, 38, 40,  2, 15, 25, 23, 30, 39, 43], 1137.98207222, 1137.98207222, 0.,  0.        , 0.        ,  0.        , 23, 28, 37. )
 (21, [10,  9, 16, 13,  9, 42, 46, 35, 37,  7, 41, 31, 44, 32, 34, 11, 22, 10, 45,  6, 48,  3, 27, 13, 33, 20,  4, 19, 14, 28,  1, 26, 36, 29,  8,  5, 17, 18, 16, 47, 24, 12, 21, 38, 40,  2, 15, 25, 23, 30, 39, 43], 1137.98207222, 1137.98207222, 0.,  0.        , 0.        ,  0.        , 24, 27, 37.5)
 (21, [10,  9, 16, 13,  9, 42, 46, 35, 37,  7, 41, 31, 44, 32, 34, 11, 22, 10, 45,  6, 48,  3, 27, 13, 33, 20,  4, 19, 14, 28,  1, 26, 36, 29,  8,  5, 17, 18, 16, 47, 24, 12, 21, 38, 40,  2, 15, 25, 23, 30, 39, 43], 1137.98207222, 1137.98207222, 0.,  0.        , 0.        ,  0.        , 25, 26, 38. )
 (21, [10,  9, 16, 13,  9, 42, 46, 35, 37,  7, 41, 31, 44, 32, 34, 11, 22, 10, 45,  6, 48,  3, 27, 13, 33, 20,  4, 19, 14, 28,  1, 26, 36, 29,  8,  5, 17, 18, 16, 47, 24, 12, 21, 38, 40,  2, 15, 25, 23, 30, 39, 43], 1137.98207222, 1137.98207222, 0.,  0.        , 0.        ,  0.        , 26, 25, 38.5)
 (21, [10,  9, 16, 13,  9, 42, 46, 35, 37,  7, 41, 31, 44, 32, 34, 11, 22, 10, 45,  6, 48,  3, 27, 13, 33, 20,  4, 19, 14, 28,  1, 26, 36, 29,  8,  5, 17, 18, 16, 47, 24, 12, 21, 38, 40,  2, 15, 25, 23, 30, 39, 43], 1137.98207222, 1137.98207222, 0.,  0.        , 0.        ,  0.        , 27, 24, 39. )
 (21, [10,  9, 16, 13,  9, 42, 46, 35, 37,  7, 41, 31, 44, 32, 34, 11, 22, 10, 45,  6, 48,  3, 27, 13, 33, 20,  4, 19, 14, 28,  1, 26, 36, 29,  8,  5, 17, 18, 16, 47, 24, 12, 21, 38, 40,  2, 15, 25, 23, 30, 39, 43], 1137.98207222, 1137.98207222, 0.,  0.        , 0.        ,  0.        , 28, 23, 39.5)
 (21, [10,  9, 16, 13,  9, 42, 46, 35, 37,  7, 41, 31, 44, 32, 34, 11, 22, 10, 45,  6, 48,  3, 27, 13, 33, 20,  4, 19, 14, 28,  1, 26, 36, 29,  8,  5, 17, 18, 16, 47, 24, 12, 21, 38, 40,  2, 15, 25, 23, 30, 39, 43], 1137.98207222, 1137.98207222, 0.,  0.        , 0.        ,  0.        , 29, 22, 40. )
 (21, [10,  9, 16, 13,  9, 42, 46, 35, 37,  7, 41, 31, 44, 32, 34, 11, 22, 10, 45,  6, 48,  3, 27, 13, 33, 20,  4, 19, 14, 28,  1, 26, 36, 29,  8,  5, 17, 18, 16, 47, 24, 12, 21, 38, 40,  2, 15, 25, 23, 30, 39, 43], 1137.98207222, 1137.98207222, 0.,  0.        , 0.        ,  0.        , 20, 31, 35.5)
 (35, [11, 13, 12, 12, 28, 22,  6, 18, 20, 10, 14, 31, 41,  5, 46,  9, 17, 47, 19,  3, 23, 25, 48, 37, 33, 13, 24, 34,  8, 30,  7, 40, 39, 42, 26, 16, 45, 29,  1, 36, 43, 15, 32, 38, 44, 11, 21,  4, 35, 12, 27,  2], 1137.98207222, 1137.98207222, 0.,  0.        , 0.        ,  0.        , 22, 29, 36.5)
 (38, [13, 12, 12, 11, 24, 15, 31, 46, 40, 39, 23,  2, 18, 45, 35, 44,  5, 38, 11, 48, 43, 14, 36, 25, 29, 47, 32, 27, 19, 20, 10, 42, 34,  4,  9, 28, 33,  8, 16, 26,  6, 37, 12, 21, 17,  3,  7, 30, 13, 41,  1, 22], 1137.98207222, 1137.98207222, 0.,  0.        , 0.        ,  0.        , 13, 38, 32. )
 (39, [11, 13, 12, 12, 25, 46, 21, 31, 14, 38, 45, 26, 33,  2, 47, 19, 43,  9, 10,  6, 18, 13,  8, 36, 42, 17,  1,  4, 29, 40, 22,  3, 12, 24, 27, 32, 39,  7, 44, 37, 15,  5, 11, 20, 28, 16, 34, 30, 48, 35, 41, 23], 1137.98207222, 1137.98207222, 0.,  0.        , 0.        ,  0.        , 14, 37, 32.5)
 (40, [10, 12, 12, 14, 32, 33, 12,  5, 38, 16, 19,  2, 34,  8, 24, 26, 43, 39, 11, 23,  6, 18, 13, 14, 25,  9, 47, 20, 48, 36, 41, 42, 27, 17,  4, 30, 29,  3, 31, 44, 45, 40,  7, 37, 15, 46, 21, 28, 22,  1, 35, 10], 1137.98207222, 1137.98207222, 0.,  0.        , 0.        ,  0.        , 15, 36, 33. )
 (41, [13, 12, 12, 11, 30, 29, 28, 16, 12, 17,  3,  9, 24, 11,  1, 23, 13, 32, 48, 27, 40,  6,  8, 35, 20, 46,  2, 19, 21,  5,  4, 41, 37, 39, 26, 45, 18,  7, 31, 22, 42, 47, 38, 44, 34, 15, 25, 43, 36, 14, 33, 10], 1137.98207222, 1137.98207222, 0.,  0.        , 0.        ,  0.        , 16, 35, 33.5)
 (42, [13, 11, 11, 13, 27, 42,  8, 10, 20, 17,  7, 32, 48,  6, 45, 19, 22, 46, 23, 43,  2, 26, 38, 21, 41, 25, 29, 24, 34,  4, 33, 30, 28, 36,  5, 37,  3, 47,  1, 11, 18, 31, 40, 44, 14,  9, 39, 35, 13, 12, 15, 16], 1137.98207222, 1137.98207222, 0.,  0.        , 0.        ,  0.        , 17, 34, 34. )
 (43, [13, 13, 11, 11, 23, 30, 34, 11,  8, 38, 45,  7,  3, 32, 40, 26, 21, 22,  2, 41, 18, 13,  4, 17, 27,  9, 15, 20, 25, 35, 10, 24, 42, 12, 19, 16,  1, 39, 37, 29, 33, 31, 14,  5, 43, 48,  6, 36, 28, 46, 44, 47], 1137.98207222, 1137.98207222, 0.,  0.        , 0.        ,  0.        , 18, 33, 34.5)
 (45, [11, 12, 11, 14,  4, 45, 40, 34,  7, 13, 36, 29, 28, 27, 26,  6,  5,  1,  9, 15, 22, 25, 39, 23, 20, 47, 38, 37, 46, 21, 17,  8, 16,  2, 35, 30, 14, 18, 43, 44, 42, 11, 41, 10, 48, 19, 24, 33,  3, 12, 31, 32], 1137.98207222, 1137.98207222, 0.,  0.        , 0.        ,  0.        , 19, 32, 35. )
 (46, [13, 10, 13, 12, 35,  3, 48, 29, 22, 33, 38, 15, 10, 30, 21, 47, 37, 43, 16,  2,  5,  7, 13, 11, 18, 34, 23, 45, 17, 41,  4, 42,  9, 26, 27, 25, 46, 31, 36, 32,  6,  1, 14, 12, 24, 44, 19, 20, 28, 40, 39,  8], 1137.98207222, 1137.98207222, 0.,  0.        , 0.        ,  0.        , 20, 31, 35.5)
 (47, [11, 13, 13, 11,  9, 19, 45, 42, 28,  8, 35, 33, 34, 16, 17, 47, 24, 40, 48, 32, 13, 41, 46, 18, 29,  6, 21, 15, 14,  1,  5, 20, 11, 31, 30, 26, 36, 12,  3,  2,  7, 39, 25, 10, 43, 44, 38, 22, 27, 37, 23,  4], 1137.98207222, 1137.98207222, 0.,  0.        , 0.        ,  0.        , 21, 30, 36. )
 (21, [10,  9, 16, 13,  9, 42, 46, 35, 37,  7, 41, 31, 44, 32, 34, 11, 22, 10, 45,  6, 48,  3, 27, 13, 33, 20,  4, 19, 14, 28,  1, 26, 36, 29,  8,  5, 17, 18, 16, 47, 24, 12, 21, 38, 40,  2, 15, 25, 23, 30, 39, 43], 1137.98207222, 1137.98207222, 0.,  0.        , 0.        ,  0.        ,  1, 50, 26. )
 (48, [10, 13, 11, 14, 35, 11,  5, 37, 17,  1, 30, 46, 12, 33, 36,  9, 22, 14, 39, 31, 43, 44, 40,  6, 18, 38, 19, 10,  2,  7, 42, 23,  8, 16,  3, 21, 27, 48, 24, 15, 26, 41, 28, 34, 13, 29, 20,  4, 45, 47, 32, 25], 1137.98207222, 1137.98207222, 0.,  0.        , 0.        ,  0.        , 11, 40, 31. )
 (21, [10,  9, 16, 13,  9, 42, 46, 35, 37,  7, 41, 31, 44, 32, 34, 11, 22, 10, 45,  6, 48,  3, 27, 13, 33, 20,  4, 19, 14, 28,  1, 26, 36, 29,  8,  5, 17, 18, 16, 47, 24, 12, 21, 38, 40,  2, 15, 25, 23, 30, 39, 43], 1137.98207222, 1137.98207222, 0.,  0.        , 0.        ,  0.        , 19, 32, 35. )
 (21, [10,  9, 16, 13,  9, 42, 46, 35, 37,  7, 41, 31, 44, 32, 34, 11, 22, 10, 45,  6, 48,  3, 27, 13, 33, 20,  4, 19, 14, 28,  1, 26, 36, 29,  8,  5, 17, 18, 16, 47, 24, 12, 21, 38, 40,  2, 15, 25, 23, 30, 39, 43], 1137.98207222, 1137.98207222, 0.,  0.        , 0.        ,  0.        , 17, 34, 34. )
 (21, [10,  9, 16, 13,  9, 42, 46, 35, 37,  7, 41, 31, 44, 32, 34, 11, 22, 10, 45,  6, 48,  3, 27, 13, 33, 20,  4, 19, 14, 28,  1, 26, 36, 29,  8,  5, 17, 18, 16, 47, 24, 12, 21, 38, 40,  2, 15, 25, 23, 30, 39, 43], 1137.98207222, 1137.98207222, 0.,  0.        , 0.        ,  0.        ,  2, 49, 26.5)
 (21, [10,  9, 16, 13,  9, 42, 46, 35, 37,  7, 41, 31, 44, 32, 34, 11, 22, 10, 45,  6, 48,  3, 27, 13, 33, 20,  4, 19, 14, 28,  1, 26, 36, 29,  8,  5, 17, 18, 16, 47, 24, 12, 21, 38, 40,  2, 15, 25, 23, 30, 39, 43], 1137.98207222, 1137.98207222, 0.,  0.        , 0.        ,  0.        ,  3, 48, 27. )
 (21, [10,  9, 16, 13,  9, 42, 46, 35, 37,  7, 41, 31, 44, 32, 34, 11, 22, 10, 45,  6, 48,  3, 27, 13, 33, 20,  4, 19, 14, 28,  1, 26, 36, 29,  8,  5, 17, 18, 16, 47, 24, 12, 21, 38, 40,  2, 15, 25, 23, 30, 39, 43], 1137.98207222, 1137.98207222, 0.,  0.        , 0.        ,  0.        ,  4, 47, 27.5)
 (21, [10,  9, 16, 13,  9, 42, 46, 35, 37,  7, 41, 31, 44, 32, 34, 11, 22, 10, 45,  6, 48,  3, 27, 13, 33, 20,  4, 19, 14, 28,  1, 26, 36, 29,  8,  5, 17, 18, 16, 47, 24, 12, 21, 38, 40,  2, 15, 25, 23, 30, 39, 43], 1137.98207222, 1137.98207222, 0.,  0.        , 0.        ,  0.        ,  5, 46, 28. )
 (21, [10,  9, 16, 13,  9, 42, 46, 35, 37,  7, 41, 31, 44, 32, 34, 11, 22, 10, 45,  6, 48,  3, 27, 13, 33, 20,  4, 19, 14, 28,  1, 26, 36, 29,  8,  5, 17, 18, 16, 47, 24, 12, 21, 38, 40,  2, 15, 25, 23, 30, 39, 43], 1137.98207222, 1137.98207222, 0.,  0.        , 0.        ,  0.        , 18, 33, 34.5)
 (21, [10,  9, 16, 13,  9, 42, 46, 35, 37,  7, 41, 31, 44, 32, 34, 11, 22, 10, 45,  6, 48,  3, 27, 13, 33, 20,  4, 19, 14, 28,  1, 26, 36, 29,  8,  5, 17, 18, 16, 47, 24, 12, 21, 38, 40,  2, 15, 25, 23, 30, 39, 43], 1137.98207222, 1137.98207222, 0.,  0.        , 0.        ,  0.        ,  6, 45, 28.5)
 (21, [10,  9, 16, 13,  9, 42, 46, 35, 37,  7, 41, 31, 44, 32, 34, 11, 22, 10, 45,  6, 48,  3, 27, 13, 33, 20,  4, 19, 14, 28,  1, 26, 36, 29,  8,  5, 17, 18, 16, 47, 24, 12, 21, 38, 40,  2, 15, 25, 23, 30, 39, 43], 1137.98207222, 1137.98207222, 0.,  0.        , 0.        ,  0.        ,  7, 44, 29. )
 (21, [10,  9, 16, 13,  9, 42, 46, 35, 37,  7, 41, 31, 44, 32, 34, 11, 22, 10, 45,  6, 48,  3, 27, 13, 33, 20,  4, 19, 14, 28,  1, 26, 36, 29,  8,  5, 17, 18, 16, 47, 24, 12, 21, 38, 40,  2, 15, 25, 23, 30, 39, 43], 1137.98207222, 1137.98207222, 0.,  0.        , 0.        ,  0.        ,  8, 43, 29.5)
 (49, [14, 12, 11, 11, 39,  9, 25, 40, 16, 11, 15, 44, 13, 34,  3, 26,  7, 14, 17,  6, 46, 38, 37, 45,  5, 32, 24, 20, 31, 48, 23, 21, 10,  1, 12,  2, 27,  8, 33, 30, 22, 19, 28, 47, 43, 42,  4, 18, 41, 35, 29, 36], 1137.98207222, 1137.98207222, 0.,  0.        , 0.        ,  0.        , 35, 16, 43. )
 (21, [10,  9, 16, 13,  9, 42, 46, 35, 37,  7, 41, 31, 44, 32, 34, 11, 22, 10, 45,  6, 48,  3, 27, 13, 33, 20,  4, 19, 14, 28,  1, 26, 36, 29,  8,  5, 17, 18, 16, 47, 24, 12, 21, 38, 40,  2, 15, 25, 23, 30, 39, 43], 1137.98207222, 1137.98207222, 0.,  0.        , 0.        ,  0.        , 10, 41, 30.5)
 (21, [10,  9, 16, 13,  9, 42, 46, 35, 37,  7, 41, 31, 44, 32, 34, 11, 22, 10, 45,  6, 48,  3, 27, 13, 33, 20,  4, 19, 14, 28,  1, 26, 36, 29,  8,  5, 17, 18, 16, 47, 24, 12, 21, 38, 40,  2, 15, 25, 23, 30, 39, 43], 1137.98207222, 1137.98207222, 0.,  0.        , 0.        ,  0.        , 11, 40, 31. )
 (21, [10,  9, 16, 13,  9, 42, 46, 35, 37,  7, 41, 31, 44, 32, 34, 11, 22, 10, 45,  6, 48,  3, 27, 13, 33, 20,  4, 19, 14, 28,  1, 26, 36, 29,  8,  5, 17, 18, 16, 47, 24, 12, 21, 38, 40,  2, 15, 25, 23, 30, 39, 43], 1137.98207222, 1137.98207222, 0.,  0.        , 0.        ,  0.        , 12, 39, 31.5)
 (21, [10,  9, 16, 13,  9, 42, 46, 35, 37,  7, 41, 31, 44, 32, 34, 11, 22, 10, 45,  6, 48,  3, 27, 13, 33, 20,  4, 19, 14, 28,  1, 26, 36, 29,  8,  5, 17, 18, 16, 47, 24, 12, 21, 38, 40,  2, 15, 25, 23, 30, 39, 43], 1137.98207222, 1137.98207222, 0.,  0.        , 0.        ,  0.        , 13, 38, 32. )
 (21, [10,  9, 16, 13,  9, 42, 46, 35, 37,  7, 41, 31, 44, 32, 34, 11, 22, 10, 45,  6, 48,  3, 27, 13, 33, 20,  4, 19, 14, 28,  1, 26, 36, 29,  8,  5, 17, 18, 16, 47, 24, 12, 21, 38, 40,  2, 15, 25, 23, 30, 39, 43], 1137.98207222, 1137.98207222, 0.,  0.        , 0.        ,  0.        , 14, 37, 32.5)
 (21, [10,  9, 16, 13,  9, 42, 46, 35, 37,  7, 41, 31, 44, 32, 34, 11, 22, 10, 45,  6, 48,  3, 27, 13, 33, 20,  4, 19, 14, 28,  1, 26, 36, 29,  8,  5, 17, 18, 16, 47, 24, 12, 21, 38, 40,  2, 15, 25, 23, 30, 39, 43], 1137.98207222, 1137.98207222, 0.,  0.        , 0.        ,  0.        , 15, 36, 33. )
 (21, [10,  9, 16, 13,  9, 42, 46, 35, 37,  7, 41, 31, 44, 32, 34, 11, 22, 10, 45,  6, 48,  3, 27, 13, 33, 20,  4, 19, 14, 28,  1, 26, 36, 29,  8,  5, 17, 18, 16, 47, 24, 12, 21, 38, 40,  2, 15, 25, 23, 30, 39, 43], 1137.98207222, 1137.98207222, 0.,  0.        , 0.        ,  0.        , 16, 35, 33.5)
 (21, [10,  9, 16, 13,  9, 42, 46, 35, 37,  7, 41, 31, 44, 32, 34, 11, 22, 10, 45,  6, 48,  3, 27, 13, 33, 20,  4, 19, 14, 28,  1, 26, 36, 29,  8,  5, 17, 18, 16, 47, 24, 12, 21, 38, 40,  2, 15, 25, 23, 30, 39, 43], 1137.98207222, 1137.98207222, 0.,  0.        , 0.        ,  0.        ,  9, 42, 30. )
 (21, [10,  9, 16, 13,  9, 42, 46, 35, 37,  7, 41, 31, 44, 32, 34, 11, 22, 10, 45,  6, 48,  3, 27, 26, 36,  1,  4, 19, 14, 28, 13, 33, 20, 29,  8,  5, 17, 18, 16, 47, 24, 12, 21, 38, 40,  2, 15, 25, 23, 30, 39, 43], 1141.8315491 , 1140.83782469, 0.,  0.        , 0.49686221, 11.        , 45,  2, 46. )
 (37, [15, 11, 11, 11, 24, 47, 33, 25,  6,  1, 15, 48, 43, 22,  2, 19, 12, 32, 14, 40, 28,  9, 41, 34, 21, 36, 20, 18, 45, 37, 16, 11, 31,  4,  7, 35, 39, 17,  8, 42, 27, 26, 46, 44, 30, 10, 38, 23, 29,  5, 13,  3], 1431.90066833, 1619.3843006 , 0.,  0.        , 0.16191189,  9.        , 46,  4, 48. )
 (21, [10,  9, 16, 13,  9, 42, 46, 35, 37,  7, 41, 31, 44, 32, 34, 11, 22, 10, 45, 13, 27,  3, 48,  6, 33, 20,  4, 19, 14, 28,  1, 26, 36, 29,  8,  5, 17, 18, 16, 47, 24, 12, 21, 38, 40,  2, 15, 25, 23, 30, 39, 43], 1548.23142888, 1610.77300675, 0.,  0.        , 0.        ,  6.        , 47,  5, 49.5)
 (44, [11, 12, 11, 14, 33,  6,  5, 18, 17, 37, 29, 11, 32, 42, 40, 10, 34,  7, 31, 48, 16, 36, 22, 41,  4, 30, 35, 15, 39, 14, 28,  8, 12, 21,  3, 46, 20, 45, 23, 19,  9, 25, 13, 26, 24, 27, 44, 47,  1,  2, 38, 43], 1567.81208945, 1567.81208945, 0.,  0.        , 0.        ,  6.        , 48,  6, 51. )
 (44, [11, 12, 11, 14, 33,  6,  5, 18, 17, 37, 29, 11, 32, 42, 40, 10, 34,  7, 31, 48, 16, 36, 22, 41,  4, 30, 35, 15, 39, 14, 28,  8, 12, 21,  3, 46, 20, 45, 23, 19,  9, 25, 13, 26, 24, 27, 44, 47,  1,  2, 38, 43], 1567.81208945, 1567.81208945, 0.,  0.        , 0.        ,  6.        , 48,  6, 51. )
 (21, [12,  8, 16, 12,  9, 42, 46, 35, 37,  7, 41, 11, 34, 32, 44, 31, 22, 10, 45,  6, 48,  3, 27, 13, 33, 20,  4, 19, 14, 28,  1, 26, 36, 29,  8,  5, 17, 18, 16, 47, 24, 12, 21, 38, 40,  2, 15, 25, 23, 30, 39, 43], 1586.84429566, 1586.84429566, 0.,  0.        , 0.        , 10.        , 49,  3, 50.5)
 (36, [12, 12, 13, 11, 31, 44, 26, 14, 16, 17, 37, 38, 28, 15, 46, 48, 29,  6, 36, 23,  9, 41, 30, 43, 40, 35, 32,  5, 27, 42, 21, 13, 11,  1, 12,  8, 24, 22, 45, 18,  7, 47, 33, 34, 19,  4, 10,  2,  3, 20, 25, 39], 1885.29074355, 1807.70601091, 0., 38.79236632, 0.        , 15.66666667, 50,  1, 50.5)
 (36, [12, 12, 13, 11, 31, 44, 26, 14, 16, 17, 37, 38, 28, 15, 46, 48, 29,  6, 36, 23,  9, 41, 30, 43, 40, 35, 32,  5, 27, 42, 21, 13, 11,  1, 12,  8, 24, 22, 45, 18,  7, 47, 33, 34, 19,  4, 10,  2,  3, 20, 25, 39], 1885.29074355, 1807.70601091, 0., 38.79236632, 0.        , 15.66666667, 50,  1, 50.5)]