
Total Runtime in seconds: 304.6545627117157Parameters:
population_size: 50, max_generations: 500, executed generations: 140, threshold_no_improvement: 250
target feasible proportion: 12
fitness_scaling: power_rank, selection_method: n_tournaments
p_c: 0.9, p_m: 0.4, NOT YET p_education: 0.0
tournament_size: 2, n_elite: 8
survivor_selection_step: 10, p_selection_survival: 0.7
kill clone step: 5
diversify_step: 20, diversify_step: 20, p_diversify_survival: 0.3
n_closest_neighbors: 3, diversity_weight: 0.5, distance_method: broken_pairs_distance
capacity_penalty_factor: 2, duration_penalty_factor 2, time_window_penalty: 2
Best fitness all generations, best individual before/after local search: 1113.9537447891776, 1113.9537447891776 / 1113.9537447891776
Best individual found before local search: (32, [10,  9, 16, 13,  9, 42, 46, 35, 37,  7, 41, 31, 44, 32, 34, 10, 45,  6, 27,  3, 48, 11, 22, 36, 26, 18, 17, 13, 33, 20, 29,  8,  5, 16, 28,  4, 19, 14,  1, 47, 24, 12, 21, 38, 40,  2, 15, 25, 23, 30, 39, 43], 1113.95374479, 1113.95374479, 0., 0., 0., 1., 2, 48, 26.)
Best individual found after local search: (32, [10,  9, 16, 13,  9, 42, 46, 35, 37,  7, 41, 31, 44, 32, 34, 10, 45,  6, 27,  3, 48, 11, 22, 36, 26, 18, 17, 13, 33, 20, 29,  8,  5, 16, 28,  4, 19, 14,  1, 47, 24, 12, 21, 38, 40,  2, 15, 25, 23, 30, 39, 43], 1113.95374479, 1113.95374479, 0., 0., 0., 1., 2, 48, 26.)
Best feasible individual found: (32, [10,  9, 16, 13,  9, 42, 46, 35, 37,  7, 41, 31, 44, 32, 34, 10, 45,  6, 27,  3, 48, 11, 22, 36, 26, 18, 17, 13, 33, 20, 29,  8,  5, 16, 28,  4, 19, 14,  1, 47, 24, 12, 21, 38, 40,  2, 15, 25, 23, 30, 39, 43], 1113.95374479, 1113.95374479, 0., 0., 0., 1., 2, 48, 26.)

Fitness stats min: [1164.14633279 1154.3897032  1129.94849918 1129.94849918 1129.94849918
 1129.94849918 1129.94849918 1129.94849918 1129.94849918 1129.94849918
 1129.94849918 1129.94849918 1129.94849918 1129.94849918 1129.94849918
 1129.94849918 1129.94849918 1117.54684905 1117.54684905 1117.54684905
 1117.54684905 1117.54684905 1117.54684905 1117.54684905 1117.54684905
 1117.54684905 1117.54684905 1117.54684905 1117.54684905 1113.95374479
 1113.95374479 1113.95374479 1113.95374479 1113.95374479 1113.95374479
 1113.95374479 1113.95374479 1113.95374479 1113.95374479 1113.95374479
 1113.95374479 1113.95374479 1113.95374479 1113.95374479 1113.95374479
 1113.95374479 1113.95374479 1113.95374479 1113.95374479 1113.95374479
 1113.95374479 1113.95374479 1113.95374479 1113.95374479 1113.95374479
 1113.95374479 1113.95374479 1113.95374479 1113.95374479 1113.95374479
 1113.95374479 1113.95374479 1113.95374479 1113.95374479 1113.95374479
 1113.95374479 1113.95374479 1113.95374479 1113.95374479 1113.95374479
 1113.95374479 1113.95374479 1113.95374479 1113.95374479 1113.95374479
 1113.95374479 1113.95374479 1113.95374479 1113.95374479 1113.95374479
 1113.95374479 1113.95374479 1113.95374479 1113.95374479 1113.95374479
 1113.95374479 1113.95374479 1113.95374479 1113.95374479 1113.95374479
 1113.95374479 1113.95374479 1113.95374479 1113.95374479 1113.95374479
 1113.95374479 1113.95374479 1113.95374479 1113.95374479 1113.95374479
 1113.95374479 1113.95374479 1113.95374479 1113.95374479 1113.95374479
 1113.95374479 1113.95374479 1113.95374479 1113.95374479 1113.95374479
 1113.95374479 1113.95374479 1113.95374479 1113.95374479 1113.95374479
 1113.95374479 1113.95374479 1113.95374479 1113.95374479 1113.95374479
 1113.95374479 1113.95374479 1113.95374479 1113.95374479 1113.95374479
 1113.95374479 1113.95374479 1113.95374479 1113.95374479 1113.95374479
 1113.95374479 1113.95374479 1113.95374479 1113.95374479 1113.95374479
 1113.95374479 1113.95374479 1113.95374479 1113.95374479 1113.95374479
 1113.95374479] 

Fitness stats feasible min: [1164.14633279 1154.3897032  1129.94849918 1129.94849918 1129.94849918
 1129.94849918 1129.94849918 1129.94849918 1129.94849918 1129.94849918
 1129.94849918 1129.94849918 1129.94849918 1129.94849918 1129.94849918
 1129.94849918 1129.94849918 1117.54684905 1117.54684905 1117.54684905
 1117.54684905 1117.54684905 1117.54684905 1117.54684905 1117.54684905
 1117.54684905 1117.54684905 1117.54684905 1117.54684905 1113.95374479
 1113.95374479 1113.95374479 1113.95374479 1113.95374479 1113.95374479
 1113.95374479 1113.95374479 1113.95374479 1113.95374479 1113.95374479
 1113.95374479 1113.95374479 1113.95374479 1113.95374479 1113.95374479
 1113.95374479 1113.95374479 1113.95374479 1113.95374479 1113.95374479
 1113.95374479 1113.95374479 1113.95374479 1113.95374479 1113.95374479
 1113.95374479 1113.95374479 1113.95374479 1113.95374479 1113.95374479
 1113.95374479 1113.95374479 1113.95374479 1113.95374479 1113.95374479
 1113.95374479 1113.95374479 1113.95374479 1113.95374479 1113.95374479
 1113.95374479 1113.95374479 1113.95374479 1113.95374479 1113.95374479
 1113.95374479 1113.95374479 1113.95374479 1113.95374479 1113.95374479
 1113.95374479 1113.95374479 1113.95374479 1113.95374479 1113.95374479
 1113.95374479 1113.95374479 1113.95374479 1113.95374479 1113.95374479
 1113.95374479 1113.95374479 1113.95374479 1113.95374479 1113.95374479
 1113.95374479 1113.95374479 1113.95374479 1113.95374479 1113.95374479
 1113.95374479 1113.95374479 1113.95374479 1113.95374479 1113.95374479
 1113.95374479 1113.95374479 1113.95374479 1113.95374479 1113.95374479
 1113.95374479 1113.95374479 1113.95374479 1113.95374479 1113.95374479
 1113.95374479 1113.95374479 1113.95374479 1113.95374479 1113.95374479
 1113.95374479 1113.95374479 1113.95374479 1113.95374479 1113.95374479
 1113.95374479 1113.95374479 1113.95374479 1113.95374479 1113.95374479
 1113.95374479 1113.95374479 1113.95374479 1113.95374479 1113.95374479
 1113.95374479 1113.95374479 1113.95374479 1113.95374479 1113.95374479
 1113.95374479] 

Fitness stats avg: [1683.36933665 1523.27386808 1563.39222319 1507.90140301 1445.42929958
 1488.24742221 1356.21128284 1421.6182867  1437.82350546 1354.24886528
 2868.8376568  1976.30401648 1605.39310797 1405.98921619 1370.36263598
 1803.02374395 1497.31046272 1502.96141447 1385.51847797 1349.781811
 2797.48036727 1974.34406608 1495.19943254 1383.19849606 1367.33777237
 2310.43368677 1766.53357428 1454.2200785  1420.4812477  1327.92339741
 2001.5084792  1519.75530766 1434.6486486  1394.94157959 1304.86819107
 2275.42309738 1698.74321948 1441.93459711 1375.84740321 1376.47114016
 2369.32573162 1636.42976682 1391.48493076 1252.20109603 1333.14569918
 2633.30797907 1735.22512217 1433.66340386 1345.08771304 1358.64055598
 1927.19573574 1527.69038729 1397.70909532 1307.2990607  1288.61025165
 1942.26263912 1457.80282714 1387.33888077 1311.58726598 1303.52200027
 2201.83016281 1393.21418686 1392.36687592 1329.92858109 1253.45604876
 2545.68692709 1867.93786741 1650.70921154 1413.19605045 1295.39803982
 1841.44497534 1323.00338333 1279.32831021 1265.61462391 1276.25482033
 2754.50908117 1849.75160182 1500.0694519  1372.83367068 1319.81713515
 2798.58684434 1951.45340148 1670.22041501 1413.39787714 1372.76896897
 1548.73235969 1402.92413524 1401.9022305  1344.04359328 1343.25683665
 2161.33490713 1480.12495395 1323.80003198 1279.7013847  1248.66476349
 2216.72683152 1429.40985996 1319.66434618 1314.65165117 1286.76375212
 2766.01182694 2144.60983143 1645.11781081 1453.65104108 1379.0693911
 2399.18220498 1849.66869141 1496.98459625 1434.66066542 1370.17292022
 2267.9190552  1618.79327605 1338.73073834 1393.69688911 1356.30182951
 1740.85347265 1493.80109571 1444.70919775 1474.54413663 1366.65827249
 2601.48874538 1786.00260838 1468.71659414 1326.89316507 1291.72564365
 2362.08809112 1612.28523042 1520.80533399 1356.67052643 1327.41751253
 2107.64350385 1538.01679041 1341.10083682 1343.51339244 1359.65777391
 2708.46434347 2081.67685276 1623.41574861 1459.43918468 1454.98301311
 2985.17608484] 

Feasible stats: [( 0., 50.) ( 0., 50.) (43.,  7.) (43.,  7.) (46.,  4.) (46.,  4.)
 (44.,  6.) (44.,  6.) (41.,  9.) (41.,  9.) (43.,  7.) (43.,  7.)
 (29., 21.) (29., 21.) (38., 12.) (38., 12.) (24., 26.) (24., 26.)
 (37., 13.) (37., 13.) (41.,  9.) (41.,  9.) (32., 18.) (32., 18.)
 (39., 11.) (39., 11.) (21., 29.) (21., 29.) (33., 17.) (33., 17.)
 (43.,  7.) (43.,  7.) (36., 14.) (36., 14.) (40., 10.) (40., 10.)
 (30., 20.) (30., 20.) (42.,  8.) (42.,  8.) (40., 10.) (40., 10.)
 (32., 18.) (32., 18.) (43.,  7.) (43.,  7.) (21., 29.) (21., 29.)
 (42.,  8.) (42.,  8.) (40., 10.) (40., 10.) (36., 14.) (36., 14.)
 (44.,  6.) (44.,  6.) (37., 13.) (37., 13.) (44.,  6.) (44.,  6.)
 (41.,  9.) (41.,  9.) (41.,  9.) (41.,  9.) (37., 13.) (37., 13.)
 (17., 33.) (17., 33.) (29., 21.) (29., 21.) (42.,  8.) (42.,  8.)
 (44.,  6.) (44.,  6.) (46.,  4.) (46.,  4.) (17., 33.) (17., 33.)
 (42.,  8.) (42.,  8.) (42.,  8.) (42.,  8.) (29., 21.) (29., 21.)
 (36., 14.) (36., 14.) (40., 10.) (40., 10.) (32., 18.) (32., 18.)
 (37., 13.) (37., 13.) (30., 20.) (30., 20.) (40., 10.) (40., 10.)
 (30., 20.) (30., 20.) (40., 10.) (40., 10.) (37., 13.) (37., 13.)
 (32., 18.) (32., 18.) (40., 10.) (40., 10.) (29., 21.) (29., 21.)
 (33., 17.) (33., 17.) (38., 12.) (38., 12.) (31., 19.) (31., 19.)
 (40., 10.) (40., 10.) (34., 16.) (34., 16.) (32., 18.) (32., 18.)
 (35., 15.) (35., 15.) (32., 18.) (32., 18.) (36., 14.) (36., 14.)
 (26., 24.) (26., 24.) (31., 19.) (31., 19.) (41.,  9.) (41.,  9.)
 (35., 15.) (35., 15.) (42.,  8.) (42.,  8.) (18., 32.) (18., 32.)
 (32., 18.) (32., 18.) (39., 11.) ( 0.,  0.) ( 0.,  0.) ( 0.,  0.)
 ( 0.,  0.) ( 0.,  0.) ( 0.,  0.) ( 0.,  0.) ( 0.,  0.) ( 0.,  0.)
 ( 0.,  0.) ( 0.,  0.) ( 0.,  0.) ( 0.,  0.) ( 0.,  0.) ( 0.,  0.)
 ( 0.,  0.) ( 0.,  0.) ( 0.,  0.) ( 0.,  0.) ( 0.,  0.) ( 0.,  0.)
 ( 0.,  0.) ( 0.,  0.) ( 0.,  0.) ( 0.,  0.) ( 0.,  0.) ( 0.,  0.)
 ( 0.,  0.) ( 0.,  0.) ( 0.,  0.) ( 0.,  0.) ( 0.,  0.) ( 0.,  0.)
 ( 0.,  0.) ( 0.,  0.) ( 0.,  0.) ( 0.,  0.) ( 0.,  0.) ( 0.,  0.)
 ( 0.,  0.) ( 0.,  0.) ( 0.,  0.) ( 0.,  0.) ( 0.,  0.) ( 0.,  0.)
 ( 0.,  0.) ( 0.,  0.) ( 0.,  0.) ( 0.,  0.) ( 0.,  0.) ( 0.,  0.)
 ( 0.,  0.) ( 0.,  0.) ( 0.,  0.) ( 0.,  0.) ( 0.,  0.) ( 0.,  0.)
 ( 0.,  0.) ( 0.,  0.) ( 0.,  0.) ( 0.,  0.) ( 0.,  0.) ( 0.,  0.)
 ( 0.,  0.) ( 0.,  0.) ( 0.,  0.) ( 0.,  0.) ( 0.,  0.) ( 0.,  0.)
 ( 0.,  0.) ( 0.,  0.) ( 0.,  0.) ( 0.,  0.) ( 0.,  0.) ( 0.,  0.)
 ( 0.,  0.) ( 0.,  0.) ( 0.,  0.) ( 0.,  0.) ( 0.,  0.) ( 0.,  0.)
 ( 0.,  0.) ( 0.,  0.) ( 0.,  0.) ( 0.,  0.) ( 0.,  0.) ( 0.,  0.)
 ( 0.,  0.) ( 0.,  0.) ( 0.,  0.) ( 0.,  0.) ( 0.,  0.) ( 0.,  0.)
 ( 0.,  0.) ( 0.,  0.) ( 0.,  0.) ( 0.,  0.) ( 0.,  0.) ( 0.,  0.)
 ( 0.,  0.) ( 0.,  0.) ( 0.,  0.) ( 0.,  0.) ( 0.,  0.) ( 0.,  0.)
 ( 0.,  0.) ( 0.,  0.) ( 0.,  0.) ( 0.,  0.) ( 0.,  0.) ( 0.,  0.)
 ( 0.,  0.) ( 0.,  0.) ( 0.,  0.) ( 0.,  0.) ( 0.,  0.) ( 0.,  0.)
 ( 0.,  0.) ( 0.,  0.) ( 0.,  0.) ( 0.,  0.) ( 0.,  0.) ( 0.,  0.)
 ( 0.,  0.) ( 0.,  0.) ( 0.,  0.) ( 0.,  0.) ( 0.,  0.) ( 0.,  0.)
 ( 0.,  0.) ( 0.,  0.) ( 0.,  0.) ( 0.,  0.) ( 0.,  0.) ( 0.,  0.)
 ( 0.,  0.) ( 0.,  0.) ( 0.,  0.) ( 0.,  0.) ( 0.,  0.) ( 0.,  0.)
 ( 0.,  0.) ( 0.,  0.) ( 0.,  0.) ( 0.,  0.) ( 0.,  0.) ( 0.,  0.)
 ( 0.,  0.) ( 0.,  0.) ( 0.,  0.) ( 0.,  0.) ( 0.,  0.) ( 0.,  0.)
 ( 0.,  0.) ( 0.,  0.) ( 0.,  0.) ( 0.,  0.) ( 0.,  0.) ( 0.,  0.)
 ( 0.,  0.) ( 0.,  0.) ( 0.,  0.) ( 0.,  0.) ( 0.,  0.) ( 0.,  0.)
 ( 0.,  0.) ( 0.,  0.) ( 0.,  0.) ( 0.,  0.) ( 0.,  0.) ( 0.,  0.)
 ( 0.,  0.) ( 0.,  0.) ( 0.,  0.) ( 0.,  0.) ( 0.,  0.) ( 0.,  0.)
 ( 0.,  0.) ( 0.,  0.) ( 0.,  0.) ( 0.,  0.) ( 0.,  0.) ( 0.,  0.)
 ( 0.,  0.) ( 0.,  0.) ( 0.,  0.) ( 0.,  0.) ( 0.,  0.) ( 0.,  0.)
 ( 0.,  0.) ( 0.,  0.) ( 0.,  0.) ( 0.,  0.) ( 0.,  0.) ( 0.,  0.)
 ( 0.,  0.) ( 0.,  0.) ( 0.,  0.) ( 0.,  0.) ( 0.,  0.) ( 0.,  0.)
 ( 0.,  0.) ( 0.,  0.) ( 0.,  0.) ( 0.,  0.) ( 0.,  0.) ( 0.,  0.)
 ( 0.,  0.) ( 0.,  0.) ( 0.,  0.) ( 0.,  0.) ( 0.,  0.) ( 0.,  0.)
 ( 0.,  0.) ( 0.,  0.) ( 0.,  0.) ( 0.,  0.) ( 0.,  0.) ( 0.,  0.)
 ( 0.,  0.) ( 0.,  0.) ( 0.,  0.) ( 0.,  0.) ( 0.,  0.) ( 0.,  0.)
 ( 0.,  0.) ( 0.,  0.) ( 0.,  0.) ( 0.,  0.) ( 0.,  0.) ( 0.,  0.)
 ( 0.,  0.) ( 0.,  0.) ( 0.,  0.) ( 0.,  0.) ( 0.,  0.) ( 0.,  0.)
 ( 0.,  0.) ( 0.,  0.) ( 0.,  0.) ( 0.,  0.) ( 0.,  0.) ( 0.,  0.)
 ( 0.,  0.) ( 0.,  0.) ( 0.,  0.) ( 0.,  0.) ( 0.,  0.) ( 0.,  0.)
 ( 0.,  0.) ( 0.,  0.) ( 0.,  0.) ( 0.,  0.) ( 0.,  0.) ( 0.,  0.)
 ( 0.,  0.) ( 0.,  0.) ( 0.,  0.) ( 0.,  0.) ( 0.,  0.) ( 0.,  0.)
 ( 0.,  0.) ( 0.,  0.) ( 0.,  0.) ( 0.,  0.) ( 0.,  0.) ( 0.,  0.)
 ( 0.,  0.) ( 0.,  0.) ( 0.,  0.) ( 0.,  0.) ( 0.,  0.) ( 0.,  0.)
 ( 0.,  0.) ( 0.,  0.) ( 0.,  0.) ( 0.,  0.) ( 0.,  0.) ( 0.,  0.)
 ( 0.,  0.) ( 0.,  0.) ( 0.,  0.) ( 0.,  0.) ( 0.,  0.) ( 0.,  0.)
 ( 0.,  0.) ( 0.,  0.) ( 0.,  0.) ( 0.,  0.) ( 0.,  0.) ( 0.,  0.)
 ( 0.,  0.) ( 0.,  0.) ( 0.,  0.) ( 0.,  0.) ( 0.,  0.) ( 0.,  0.)
 ( 0.,  0.) ( 0.,  0.) ( 0.,  0.) ( 0.,  0.) ( 0.,  0.) ( 0.,  0.)
 ( 0.,  0.) ( 0.,  0.) ( 0.,  0.) ( 0.,  0.) ( 0.,  0.) ( 0.,  0.)
 ( 0.,  0.) ( 0.,  0.) ( 0.,  0.) ( 0.,  0.) ( 0.,  0.) ( 0.,  0.)
 ( 0.,  0.) ( 0.,  0.) ( 0.,  0.) ( 0.,  0.) ( 0.,  0.) ( 0.,  0.)
 ( 0.,  0.) ( 0.,  0.) ( 0.,  0.) ( 0.,  0.) ( 0.,  0.) ( 0.,  0.)
 ( 0.,  0.) ( 0.,  0.) ( 0.,  0.) ( 0.,  0.) ( 0.,  0.) ( 0.,  0.)
 ( 0.,  0.) ( 0.,  0.) ( 0.,  0.) ( 0.,  0.) ( 0.,  0.) ( 0.,  0.)
 ( 0.,  0.) ( 0.,  0.) ( 0.,  0.) ( 0.,  0.) ( 0.,  0.) ( 0.,  0.)
 ( 0.,  0.) ( 0.,  0.) ( 0.,  0.) ( 0.,  0.) ( 0.,  0.) ( 0.,  0.)
 ( 0.,  0.) ( 0.,  0.) ( 0.,  0.) ( 0.,  0.) ( 0.,  0.) ( 0.,  0.)
 ( 0.,  0.) ( 0.,  0.)] 
Solution Description: 
p: [  0.          34.54727937  84.87783147 146.34283074 147.44793219
 149.69682399 167.23236515 196.89678693 211.99736014 215.57709004
 215.62221757   0.          18.67738622  22.23054736  33.40380365
  72.71470479  99.27498465 114.28869404 123.44296878 125.30870097
 149.7330236    0.          43.69294771  65.62806933  95.80117124
 147.97253208 277.10945866 292.67582216 292.94276737 308.76979884
 326.58256317 332.2195274  332.39594019 361.95437161 394.67854888
 478.55516732 479.01562024 488.5822693    0.          45.72329507
  52.53455008  63.51155902  77.20165447  89.86625057 124.51415848
 135.02517232 172.9519645  186.90219551 196.06758318 205.5602204
 231.71405951 260.01623432] 
pred: [ 0  0  0  0  0  0  5  5  5  5  5  0  0  0  0  0  0  0  0  0  8  0  0  0
  0  0  4  4  4  4  4  4  4 11 11 11 11 11  0  0  0  0  0  0  0  6  6  6
  6  6 11 11] 
distance [  0.          34.54727937  84.87783147 146.34283074 147.44793219
 149.69682399  17.53554117  47.19996294  62.30053615  65.88026605
  65.92539359   0.          18.67738622  22.23054736  33.40380365
  72.71470479  99.27498465 114.28869404 123.44296878 125.30870097
  24.42432263   0.          43.69294771  65.62806933  95.80117124
 147.97253208 129.13692659 144.70329008 144.97023529 160.79726676
 178.6100311  184.24699532 184.42340811  29.55843142  62.28260869
 146.15922713 146.61968006 156.18632911   0.          45.72329507
  52.53455008  63.51155902  77.20165447  89.86625057 124.51415848
  10.51101384  48.43780602  62.38803703  71.55342471  81.04606192
  26.15383911  54.45601392]
load: [  0  13  35  54  68  79  13  21  31  34  50   0  22  40  65  70  86 102
 112 119  21   0  10  16  33  38   9  28  44  64  84  96 121   9  14  17
  26  38   0  21  40  46  71  86 101   8  12  26  40  53  13  37] 
time: [  0.          80.         115.34683757 171.22731303 252.33358633
 322.         170.         203.         228.39224704 244.56663558
 456.           0.         182.         195.18455016 202.9955528
 231.80134413 398.         440.23624841 473.3964008  510.10459224
 371.           0.         321.         357.24520703 434.
 475.95303324 108.         140.15799758 192.         220.52726534
 237.7678084  317.         446.         257.         279.90630276
 345.84518954 414.06688705 441.06764997   0.         115.
 308.         325.46934669 414.         443.         485.92676098
 121.         226.         329.         378.         422.56770213
 207.         459.        ] 
time warps: [0 0 0 0 0 0 0 0 0 0 0 0 0 0 0 0 0 0 0 0 0 0 0 0 0 0 0 0 0 0 0 0 0 0 0 0 0
 0 0 0 0 0 0 0 0 0 0 0 0 0 0 0] 
duration: [  0.          41.54727937 116.87783147 195.34283074 200.44793219
 269.41539141  23.53554117  73.83796245  95.93853566 103.51826556
 311.61049336   0.          24.67738622  29.23054736  49.40380365
 105.71470479 284.97668402 320.99039341 347.14466815 353.01040033
  47.42432263   0.          56.69294771  80.62806933 184.45345617
 239.62481701 131.13692659 167.70329008 193.01987139 216.84690286
 239.6596672  311.29741782 426.10281899  35.55843142  92.28260869
 189.15922713 205.61968006 217.18632911   0.          55.72329507
 251.32425496 272.3012639  360.05582284 403.26861412 455.91652202
  17.51101384 155.03431469 244.72426381 305.6796988  325.17233601
  48.15383911 315.00222923]

All individuals: [(32, [10,  9, 16, 13,  9, 42, 46, 35, 37,  7, 41, 31, 44, 32, 34, 10, 45,  6, 27,  3, 48, 11, 22, 36, 26, 18, 17, 13, 33, 20, 29,  8,  5, 16, 28,  4, 19, 14,  1, 47, 24, 12, 21, 38, 40,  2, 15, 25, 23, 30, 39, 43], 1113.95374479, 1113.95374479, 0., 0.00000000e+00,  0.        ,  1.        ,  1, 50, 26. )
 (32, [10,  9, 16, 13,  9, 42, 46, 35, 37,  7, 41, 31, 44, 32, 34, 10, 45,  6, 27,  3, 48, 11, 22, 36, 26, 18, 17, 13, 33, 20, 29,  8,  5, 16, 28,  4, 19, 14,  1, 47, 24, 12, 21, 38, 40,  2, 15, 25, 23, 30, 39, 43], 1113.95374479, 1113.95374479, 0., 0.00000000e+00,  0.        ,  1.        ,  3, 49, 27.5)
 (32, [10,  9, 16, 13,  9, 42, 46, 35, 37,  7, 41, 31, 44, 32, 34, 10, 45,  6, 27,  3, 48, 11, 22, 36, 26, 18, 17, 13, 33, 20, 29,  8,  5, 16, 28,  4, 19, 14,  1, 47, 24, 12, 21, 38, 40,  2, 15, 25, 23, 30, 39, 43], 1113.95374479, 1113.95374479, 0., 0.00000000e+00,  0.        ,  1.        ,  2, 48, 26. )
 (32, [10,  9, 16, 13,  9, 42, 46, 35, 37,  7, 41, 31, 44, 32, 34, 10, 45,  6, 27,  3, 48, 11, 22, 36, 26, 18, 17, 13, 33, 20, 29,  8,  5, 16, 28,  4, 19, 14,  1, 47, 24, 12, 21, 38, 40,  2, 15, 25, 23, 30, 39, 43], 1113.95374479, 1113.95374479, 0., 0.00000000e+00,  0.        ,  1.        ,  2, 48, 26. )
 (32, [10,  9, 16, 13, 35,  7, 37, 42, 46,  9, 41, 31, 44, 32, 34, 10, 45,  6, 27,  3, 48, 11, 22, 36, 26, 18, 17, 13, 33, 20, 29,  8,  5, 16, 28,  4, 19, 14,  1, 47, 24, 12, 21, 38, 40,  2, 15, 25, 23, 30, 39, 43], 1150.181265  , 1130.82224572, 0., 9.67950964e+00,  0.        ,  5.        ,  4, 45, 26.5)
 (32, [10,  8, 17, 13,  9, 42, 46, 35, 37,  7, 41, 31, 44, 32, 34, 10, 45,  6, 27,  3, 48, 11, 36, 14, 26, 18, 17, 13, 33, 20, 29,  8,  5, 16, 28,  4, 19, 22,  1, 47, 24, 12, 21, 38, 40,  2, 15, 25, 23, 30, 39, 43], 1199.09636854, 1199.09636854, 0., 0.00000000e+00,  0.        ,  5.        ,  5, 44, 27. )
 (32, [10,  9, 16, 13,  9, 42, 46, 35, 28,  7, 41, 31, 44, 32, 34, 10, 45,  6, 27,  3, 48, 11, 22, 36, 26, 18, 17, 13, 33, 20, 29,  8,  5, 16, 37,  4, 19, 14,  1, 47, 24, 12, 21, 38,  2, 40, 15, 25, 23, 30, 39, 43], 1370.43667626, 1370.43667626, 0., 0.00000000e+00,  0.        ,  7.        ,  6, 43, 27.5)
 (32, [10,  9, 16, 13,  9, 42, 46, 35, 37,  7, 41, 31, 44, 32, 34, 10, 45, 18,  6, 27,  3, 48, 11, 22, 36, 26, 17, 13, 33, 20, 29,  8,  5, 16, 28,  4, 19, 14,  1, 47, 24, 12, 21, 38, 40,  2, 15, 25, 23, 30, 39, 43], 1394.10363226, 1394.10363226, 0., 0.00000000e+00,  0.        ,  3.        ,  7, 47, 30.5)
 (32, [10,  9, 16, 13,  9, 42, 46, 35, 37,  7, 41, 48,  3, 27,  6, 45, 10, 34, 32, 44, 31, 11, 22, 36, 26, 18, 17, 13, 33, 20, 29,  8,  4, 28, 16,  5, 19, 14,  1, 47, 24, 12, 21, 38, 40,  2, 15, 25, 23, 30, 39, 43], 1446.87577043, 1573.25692442, 0., 0.00000000e+00,  0.        , 15.        ,  8, 42, 29. )
 (32, [10,  9, 16, 13,  9, 42, 46, 35, 37,  7, 41, 31, 44, 32, 34, 10, 45,  6, 27, 33,  3, 48, 11, 22, 36, 26, 18, 17, 13, 20, 29,  8,  5, 16, 28,  4, 19, 14,  1, 47, 24, 12, 21, 38, 40,  2, 15, 25, 23, 30, 39, 43], 1454.43452951, 1516.13432128, 0., 0.00000000e+00,  0.        ,  3.        ,  9, 46, 32. )
 (42, [10,  8, 15, 15, 35,  7, 37, 42, 46,  9, 41, 31, 44, 32, 34, 10, 45,  6, 27,  3, 48, 11, 22, 16,  4,  8, 47, 21, 36, 26, 18, 17, 13, 33, 20, 29,  5, 28, 19, 14,  1, 24, 12, 38, 40,  2, 15, 25, 23, 30, 39, 43], 1593.69643349, 1574.33741421, 0., 9.67950964e+00,  0.        , 18.        , 10, 39, 29.5)
 (32, [10,  8, 18, 12,  9, 42, 46, 35, 37,  7, 41, 31, 44, 32, 22, 33, 10, 45,  6, 27,  3, 48, 11, 34, 36, 26, 18, 29, 20,  1, 16, 13,  8,  5, 17,  4, 19, 14, 28, 47, 24, 12, 21, 38, 40, 39, 30, 43, 23, 25, 15,  2], 1810.22293175, 1955.74695406, 0., 0.00000000e+00,  0.        , 25.66666667, 11, 34, 28. )
 (32, [ 9,  8, 17, 14,  9, 42, 46, 17, 37,  7, 41, 48,  3, 27,  6, 45, 10, 34, 32, 44, 31, 11, 22, 36, 26, 18, 35, 13, 33, 20, 29,  8,  5, 16, 28,  4, 19, 14,  1, 47, 24, 12, 21, 38, 40,  2, 15, 25, 23, 30, 39, 43], 1816.70029581, 1816.70029581, 0., 0.00000000e+00,  0.        , 17.        , 12, 41, 32.5)
 (32, [10, 11, 11, 16, 30, 15, 14, 35, 28,  7, 41, 31, 44, 32, 34, 10, 45,  6, 27,  3, 48, 11, 22, 36, 26, 18, 17, 13, 33, 20, 29,  8,  5, 16, 37,  4, 24, 38, 42, 46, 47, 21, 39,  9, 25, 40, 43,  1,  2, 23, 12, 19], 2131.49620201, 2246.34608694, 0., 3.96877461e+01,  0.        , 29.33333333, 13, 29, 27.5)
 (42, [10,  9, 15, 14, 35,  7, 42, 46, 41, 31, 44, 34, 45,  6, 27,  3, 48, 11, 22, 36, 29, 18, 10, 16,  4,  8, 47, 21, 37, 39, 32,  9, 17, 13, 33, 20, 26,  5, 28, 19, 14,  1, 24, 12, 38, 40,  2, 15, 25, 23, 30, 43], 2199.23890389, 2160.04805129, 0., 1.95954263e+01,  0.        , 24.        , 14, 36, 32. )
 (40, [11, 10, 14, 13, 41, 36, 26, 30, 40, 35, 20, 14, 28, 22, 11, 19, 45, 10, 42, 47, 12, 39, 43, 44,  3,  2, 29, 17, 18, 25, 15, 21, 23, 34, 27, 33, 13,  8,  5, 46, 24, 38,  9,  6, 48, 31,  4,  1, 16,  7, 37, 32], 2312.39356074, 2314.77032706, 0., 3.59913391e-02,  0.        , 22.33333333, 32, 38, 51. )
 (32, [13,  7, 14, 14,  9, 42, 46, 35, 37,  7, 41, 31, 44, 32, 34, 10, 45,  6, 27, 28, 16,  5,  8, 29, 20, 33, 13, 17, 18, 43, 39, 30, 23, 25, 15,  2, 40, 38, 21, 12, 24, 47,  1, 14, 19,  4,  3, 48, 11, 22, 36, 26], 2451.23102454, 2534.99069149, 0., 1.38260375e+02,  1.53684477, 36.        , 15, 19, 24.5)
 (32, [13, 10, 12, 13, 41, 30, 35, 11, 40, 36, 22, 44, 43, 10, 45,  3, 39,  2, 42, 25, 15, 27, 34, 23, 26, 18, 17, 13, 33, 20, 29,  8,  5, 16, 28,  4, 19, 14,  1, 47, 24, 12, 21, 31,  7, 38, 48,  6, 32, 46,  9, 37], 2460.96563642, 2344.28867656, 0., 5.83384799e+01,  0.        , 35.66666667, 16, 20, 26. )
 (32, [ 9, 12, 14, 13, 14, 42, 46, 35, 37,  7, 41, 31, 44, 32, 34, 10, 47, 45,  6, 27,  3, 48, 11, 22, 36, 26, 18, 17, 13, 33, 30, 20, 28, 40, 19, 29, 43, 12, 39,  2,  5, 25, 15, 21,  8, 23, 16, 38,  4,  1,  9, 24], 2643.12605851, 2625.76566453, 0., 8.68019699e+00,  0.        , 31.        , 17, 27, 30.5)
 (32, [11, 13, 15,  9, 23, 47, 46, 35, 37,  7, 41, 48,  3, 27,  6, 45, 10, 34, 32, 44, 31, 11, 22, 36, 26, 18, 17, 13, 33, 20, 29,  8,  5, 14, 16, 40, 12, 28, 19,  9,  2, 43, 15,  1, 24, 39, 42, 30, 38, 21, 25,  4], 2776.68407435, 2800.21467084, 0., 0.00000000e+00, 36.72338461, 37.66666667, 18, 15, 25.5)
 (32, [ 9, 11, 15, 13, 30, 48, 15, 24, 36, 38, 34, 42, 35, 46, 31, 17, 18, 26, 10, 21, 37, 39, 32,  9, 25, 44,  3, 13, 33, 20, 29,  8,  5, 16, 28,  4, 19, 14,  1, 47,  7, 27, 40, 43,  6, 22,  2, 45, 23, 11, 12, 41], 2959.0516358 , 2959.0516358 , 0., 0.00000000e+00,  0.        , 36.33333333, 19, 18, 28. )
 (48, [10,  9, 17, 12,  9, 46, 37, 41, 48,  6, 45, 10, 32, 44, 31, 33, 22, 36, 26, 18, 17, 13,  8,  5, 16, 28,  4, 19, 14, 47, 12, 40, 34, 35,  7,  1,  3, 24, 39, 11, 42, 30, 20, 38, 21, 29, 27,  2, 15, 25, 23, 43], 2991.03831686, 3031.9878452 , 0., 3.17060059e+01,  6.94871301, 34.33333333, 20, 21, 30.5)
 (32, [10, 12, 12, 14, 30, 29, 15, 14, 24, 38, 42, 31, 44, 32, 34, 10, 45,  6, 27,  3, 48, 11, 22, 36, 35, 20, 46, 17, 28, 18, 26, 16,  4,  8, 47, 21, 37, 39,  9, 25,  7, 13, 40, 43,  5,  1,  2, 33, 23, 12, 19, 41], 3164.94075415, 3561.44110644, 0., 6.19170562e+01,  0.        , 26.33333333, 21, 32, 37. )
 (32, [11, 10, 13, 14, 30, 29, 15, 14, 35, 37,  7, 41, 31, 44, 32, 34, 10, 45,  6,  3, 48, 11, 22, 24, 36, 38, 42, 20, 46, 17, 28, 18, 26, 16,  4,  8, 47, 21, 39,  9, 25, 27, 13, 40, 43,  5,  1,  2, 33, 23, 12, 19], 3175.51259056, 3367.27768791, 0., 0.00000000e+00,  0.        , 26.33333333, 22, 33, 38.5)
 (42, [10,  9, 15, 14,  9, 27, 29, 15, 14, 24, 36, 38, 34, 42, 35, 20, 46, 31, 17, 28, 18, 26, 10, 16,  4,  8, 47, 21, 37,  7, 41, 44, 32, 45,  6,  3, 48, 11, 22, 13, 33,  5, 19,  1, 12, 40,  2, 25, 23, 30, 39, 43], 3217.66517536, 3212.38569112, 0., 0.00000000e+00, 46.81611405, 32.33333333, 23, 25, 35.5)
 (49, [10,  9, 16, 13,  7, 41, 34, 15, 19, 13, 44, 32,  9,  4, 17, 40, 12, 27, 35, 48, 31, 42, 30, 38, 36, 25, 20, 46, 37,  3, 33,  2, 29,  5, 10, 45,  6, 11, 22, 26, 18,  8, 16, 28, 14,  1, 47, 24, 21, 23, 39, 43], 3223.22742575, 3223.15544308, 0., 3.59913391e-02,  0.        , 33.66666667, 24, 22, 35. )
 (42, [ 9, 10, 14, 15, 42, 46, 35, 41, 34, 45, 48, 11, 36, 33, 20, 29, 19, 31, 17, 28, 18, 26, 10, 16,  4,  8, 47, 21, 37, 39, 32,  9, 25, 44,  3,  7, 27, 13, 40, 43,  6,  5, 22,  1, 14, 24, 12, 38,  2, 15, 23, 30], 3264.71707974, 3357.63101437, 0., 2.85543147e+01,  0.        , 32.        , 25, 26, 38. )
 (40, [13,  9, 12, 14,  9, 46, 37, 26, 20, 28, 35, 11, 40, 36, 22, 19, 44, 29, 43, 10, 47, 45,  3, 12, 39,  2, 42, 18,  5, 25, 15, 27,  7, 41, 31, 32, 34,  6, 48, 17, 13, 33,  8, 16,  4, 14,  1, 24, 21, 38, 23, 30], 3322.7403938 , 3379.78027619, 0., 2.00463306e+01, 16.64160116, 33.66666667, 26, 23, 37.5)
 (40, [11, 10, 12, 15, 35, 37, 41, 44, 10, 45,  3, 11, 22, 36, 26, 20, 29, 28, 19, 14, 47, 12, 40,  2, 30, 39, 42, 18,  5, 25, 15, 27, 21, 33, 34, 13,  8, 17, 23, 31,  7, 16, 38, 48,  4,  6, 32,  1, 46,  9, 24, 43], 3342.14682589, 3540.91198931, 0., 1.93929134e+01, 29.98298571, 33.        , 27, 24, 39. )
 (48, [ 9, 13, 15, 11,  9, 42, 18,  6,  8, 47, 10, 13, 14, 16, 25, 15,  2, 38, 21, 12, 24,  1, 19,  4, 37,  5, 29, 20, 33, 17, 26, 36, 22, 11,  3, 27, 45, 34, 32, 44, 31, 41,  7, 28, 35, 46, 40, 48, 23, 30, 39, 43], 3437.94825168, 3410.08481184, 0., 1.39317199e+01,  0.        , 46.33333333, 28,  9, 32.5)
 (46, [11, 14, 11, 12,  3, 18, 45, 47, 40, 28, 35, 21, 37, 32, 15, 25, 27, 11, 46,  6, 41, 19, 43, 22,  7, 24,  5, 14,  1,  4,  8,  9, 16, 23, 48, 33, 36, 29,  2, 13, 17, 44, 30, 42, 20, 38, 39, 31, 12, 26, 10, 34], 3558.14086442, 3873.72742962, 0., 4.57601720e+00,  0.        , 46.33333333, 29,  8, 33. )
 (32, [10,  9, 16, 13, 45, 23, 18,  6,  8, 10, 13, 16, 48, 26, 46, 36, 28, 19, 44,  5, 22,  9,  2, 32, 37, 43, 11, 15, 34, 35,  7,  3, 39, 33, 42, 30, 20, 14,  1, 47, 24, 12, 21, 38, 40, 29, 27, 25,  4, 17, 31, 41], 3566.92026512, 3545.71616874, 0., 1.06020482e+01,  0.        , 39.33333333, 30, 13, 36.5)
 (32, [10, 14, 11, 13, 43, 23, 34, 15, 19, 13, 44, 32,  9,  4, 17, 10, 45,  6, 27,  3, 40, 12, 35, 48, 31, 42, 30, 38, 36, 25, 20, 46, 37, 33,  2, 29,  5, 18, 26, 28, 11, 24,  8,  1, 39, 47, 16,  7, 22, 21, 14, 41], 3581.14868066, 3544.24741726, 0., 2.82748862e+00, 15.62314308, 23.66666667, 31, 37, 49.5)
 (46, [14, 13, 11, 10, 35, 45, 28, 34, 10, 18, 26, 21, 37, 17, 13,  2, 29, 36, 33, 48, 23, 16,  9,  8,  4,  1, 14,  5, 24,  7, 22, 43, 19, 41,  6, 46, 11, 27, 25, 15, 32, 44, 30, 42, 20, 38, 39, 31, 12, 40, 47,  3], 3768.71422819, 4229.269433  , 0., 3.64524092e+01,  0.        , 47.66666667, 33,  6, 36. )
 (44, [10, 11, 16, 11, 27, 47, 48, 20, 13,  6, 26, 21, 32,  2, 43, 34, 18, 38, 25,  4, 30, 22, 19,  7,  5, 29, 33, 31, 46, 24, 14, 44, 16, 17,  9, 35,  1, 28, 45, 23, 39, 15, 40, 10,  3,  8, 37, 42, 41, 11, 36, 12], 3846.72419625, 3852.73849819, 0., 6.58332894e+00,  0.        , 48.33333333, 34,  3, 35.5)
 (40, [11, 12, 12, 13, 43, 23, 34, 15, 19, 13, 44,  9, 17, 40, 12, 27, 35, 42, 30, 36, 25, 20, 46, 37,  3, 33,  2, 29,  5, 18, 26, 28, 11, 24,  8,  1, 39, 47, 22, 31,  7, 16, 38, 48,  4,  6, 32, 21, 14, 45, 10, 41], 3887.05205296, 4014.61206909, 0., 4.30354930e+01, 13.82971878, 25.33333333, 35, 35, 52.5)
 (49, [11, 14, 12, 11, 43, 23, 34, 15, 19, 13, 44, 32,  9,  4, 17, 40, 12, 27, 35, 48, 31, 42, 30, 38, 36, 25, 20, 46, 37,  3, 33,  2, 29,  5, 18, 26, 28, 11, 24,  8,  1,  6, 39, 47, 16,  7, 22, 21, 14, 45, 10, 41], 3930.45533176, 4092.90567056, 0., 2.29753840e+01, 15.62314308, 18.        , 36, 40, 56. )
 (49, [11, 12, 13, 12, 41, 14, 30, 26, 28, 35, 11, 40, 36, 22, 19, 44, 29, 43, 10, 47, 45,  3, 12, 39,  2, 25, 20, 46, 42, 18,  5, 15, 27, 21, 33, 34, 13,  8, 17, 23, 48,  7, 16, 38, 31,  4,  6, 32,  1,  9, 24, 37], 3943.91982408, 3953.51429289, 0., 5.63516843e+01,  0.        , 28.33333333, 37, 30, 52. )
 (48, [12, 14, 13,  9, 12, 48, 10, 14, 25,  8, 19,  4, 20, 26, 40, 13, 28, 41, 27, 46, 18,  6, 47,  5, 23, 31,  2, 32, 37, 43, 11, 15, 34, 35,  7,  1,  3, 24, 39, 33, 42, 21, 30, 22, 16,  9, 36, 45, 29, 17, 38, 44], 3976.91418989, 3997.56222403, 0., 2.50892119e+01, 23.71625408, 41.        , 38, 12, 44. )
 (37, [14, 11, 12, 11, 11, 44, 20, 25, 13,  8,  4,  7, 29,  1, 12, 17, 28, 34, 38, 48, 15, 10, 27, 26,  2, 41, 40, 46, 18,  6, 47,  5, 23, 31, 42, 39, 21, 30, 22, 32, 16, 37,  9, 35, 36, 45, 43, 24, 19, 14,  3, 33], 3997.86090468, 4063.91127426, 0., 5.13239886e+01, 23.71625408, 42.66666667, 39, 11, 44.5)
 (49, [10, 13, 11, 14, 30, 48, 29, 15, 14, 36, 38, 34, 42, 35, 20, 46,  5, 43, 40, 13, 27,  7,  3, 44, 25,  9, 32, 37, 21,  4, 16, 10, 17, 31, 18, 26, 28, 11, 24,  8,  1,  6, 39, 47, 22,  2, 33, 45, 23, 12, 19, 41], 4016.42680219, 4429.27903939, 0., 1.98425306e+01,  0.        , 38.66666667, 40, 14, 47. )
 (43, [11, 13, 12, 12,  7, 44, 41, 42, 30, 40,  5, 35, 13, 10, 18, 34,  8, 14, 17, 11, 43, 16,  4, 24, 26, 23, 22, 29, 37, 33, 47, 48,  2, 12, 46, 38,  1, 27, 25, 31, 21, 36, 39, 20, 45,  6,  3, 32, 15, 28, 19,  9], 4068.40992321, 4331.16497566, 0., 8.10091310e+01,  0.        , 48.        , 41,  4, 43. )
 (32, [10, 11, 16, 11,  1,  4,  5,  3, 15, 33, 30, 32, 42, 23,  8,  9, 31, 27, 39, 41, 48, 11, 22, 36, 26, 18, 29, 14, 34, 16, 25, 45, 28,  2, 40,  7, 44, 10, 13, 12, 47, 19, 38,  6, 17, 37, 43, 35, 46, 24, 20, 21], 4084.88115372, 4002.69708966, 0., 8.47621948e+01,  0.        , 45.33333333, 42, 10, 47. )
 (36, [10, 10, 13, 15, 30, 48, 15, 24, 36, 38, 34, 42, 35, 20, 46, 31, 17, 28, 18, 26, 10, 11, 23, 45,  2,  1,  5,  6, 43, 40, 13, 27,  7,  3, 44, 22,  8, 14, 41, 29,  9, 33, 47, 25, 32, 39, 37, 21,  4, 16, 12, 19], 4118.39935517, 4254.69467063, 0., 2.82748862e+00,  0.        , 37.        , 44, 17, 52.5)
 (36, [12, 14, 10, 12, 20,  9,  1, 44, 10, 16, 39, 38, 13,  2, 30,  4, 19,  6, 40, 12, 34, 18, 46, 11, 42, 27,  7, 26, 47, 31, 32, 29, 21, 17, 24, 14, 45, 23, 25, 33, 22, 43, 48, 15, 36,  3, 28, 41, 37,  8,  5, 35], 4126.7513655 , 4126.7513655 , 0., 0.00000000e+00,  0.        , 48.66666667, 45,  2, 46. )
 (42, [11, 13, 13, 11, 43, 23, 34, 15, 19, 13, 44, 32,  9, 42, 35, 20, 46, 31, 17, 28, 18, 26, 10, 16,  4,  8, 40, 12, 27, 48, 30, 38, 36, 25, 37,  3, 33,  2, 29,  5, 11, 24,  1,  6, 39, 47,  7, 22, 21, 14, 45, 41], 4161.52112441, 4154.64573001, 0., 3.43769720e+00,  0.        , 27.66666667, 46, 31, 61.5)
 (41, [13, 12, 13, 10,  6, 42, 22, 41, 35, 23, 29, 43, 33, 25, 30, 17, 24,  9, 39, 44, 20, 31,  5, 37, 48, 32, 12,  1, 34, 28, 45, 13, 21, 46,  7, 16, 26, 11,  8, 36,  2, 15, 40,  4, 38, 27, 10,  3, 19, 18, 47, 14], 4163.73217949, 4337.83677855, 0., 3.03058696e+01,  0.        , 49.33333333, 47,  1, 47.5)
 (47, [12, 12, 11, 13, 24, 36, 10,  1, 44,  5, 31,  4, 47, 26, 13,  7, 27, 42,  2, 11, 46, 39, 18, 34, 12, 40,  8, 37, 38, 41, 28, 16, 30, 19,  6, 23, 48, 21, 35, 25, 33,  9, 29, 14, 22, 45, 43,  3, 20, 17, 32, 15], 4177.7463184 , 4552.96969609, 0., 5.62936962e+00,  0.        , 48.        , 48,  5, 50.5)
 (42, [11, 11, 12, 14, 12, 30, 19, 23, 14, 24, 36, 38, 34, 42, 35, 20, 46, 31, 17, 28, 18, 26, 10, 16,  4,  8, 47, 21, 37, 39, 32,  9, 25, 44,  3,  7, 27, 13, 40, 43,  6,  5, 22,  1,  2, 48, 33, 29, 41, 45, 11, 15], 4183.50279341, 4395.64035903, 0., 1.95954263e+01,  0.        , 30.66666667, 49, 28, 63. )
 (37, [13, 13, 13,  9, 12, 48, 10,  1, 14, 25,  8, 19,  7,  4, 11, 20, 26, 40, 15, 13, 28, 34, 41, 27, 24,  2, 33, 46, 18,  6, 47,  5, 23, 31, 42, 39, 21, 30, 22, 32, 16, 37,  9, 35, 36, 45, 43, 29,  3, 17, 38, 44], 4347.92115455, 4433.00502906, 0., 0.00000000e+00, 23.71625408, 37.        , 50, 16, 58. )]