
Total Runtime in seconds: 993.8487300872803Parameters:
population_size: 50, max_generations: 500, executed generations: 27, threshold_no_improvement: 250
target feasible proportion: 12
fitness_scaling: power_rank, selection_method: n_tournaments
p_c: 0.9, p_m: 0.2, NOT YET p_education: 0.0
tournament_size: 2, n_elite: 8
survivor_selection_step: 10, p_selection_survival: 0.7
kill clone step: 5
diversify_step: 20, diversify_step: 20, p_diversify_survival: 0.3
n_closest_neighbors: 3, diversity_weight: 0.5, distance_method: broken_pairs_distance
capacity_penalty_factor: 2.438374895577648, duration_penalty_factor 2.438374895577648, time_window_penalty: 2
Best fitness all generations, best individual before/after local search: 1802.7923650497069, 1802.7923650497069 / 1802.7923650497069
Best individual found before local search: (18, [31, 12, 22, 31, 81, 19, 93, 38, 68, 39, 27, 74, 73, 37, 69,  9, 62, 55, 92, 20, 16, 64, 17, 44, 86, 43,  8, 13, 41, 70, 59, 84, 25, 60, 72, 42, 65, 87, 32, 47,  1, 78, 88, 33,  7,  5, 94, 96, 67, 51, 50, 76,  3, 12, 53, 36, 71, 66, 56,  2, 80, 48,  6, 10, 24, 14, 18, 85, 22, 57, 95, 29, 54, 58, 11, 21, 15, 75, 40, 34, 49, 82, 35, 79, 45, 26, 46, 23, 83, 30, 91, 28, 89, 63, 77, 90,  4, 31, 61, 52], 1802.79236505, 1802.79236505, 0., 0., 0., 0., 7, 41, 27.5)
Best individual found after local search: (18, [31, 12, 22, 31, 81, 19, 93, 38, 68, 39, 27, 74, 73, 37, 69,  9, 62, 55, 92, 20, 16, 64, 17, 44, 86, 43,  8, 13, 41, 70, 59, 84, 25, 60, 72, 42, 65, 87, 32, 47,  1, 78, 88, 33,  7,  5, 94, 96, 67, 51, 50, 76,  3, 12, 53, 36, 71, 66, 56,  2, 80, 48,  6, 10, 24, 14, 18, 85, 22, 57, 95, 29, 54, 58, 11, 21, 15, 75, 40, 34, 49, 82, 35, 79, 45, 26, 46, 23, 83, 30, 91, 28, 89, 63, 77, 90,  4, 31, 61, 52], 1802.79236505, 1802.79236505, 0., 0., 0., 0., 7, 41, 27.5)
Best feasible individual found: (18, [31, 12, 22, 31, 81, 19, 93, 38, 68, 39, 27, 74, 73, 37, 69,  9, 62, 55, 92, 20, 16, 64, 17, 44, 86, 43,  8, 13, 41, 70, 59, 84, 25, 60, 72, 42, 65, 87, 32, 47,  1, 78, 88, 33,  7,  5, 94, 96, 67, 51, 50, 76,  3, 12, 53, 36, 71, 66, 56,  2, 80, 48,  6, 10, 24, 14, 18, 85, 22, 57, 95, 29, 54, 58, 11, 21, 15, 75, 40, 34, 49, 82, 35, 79, 45, 26, 46, 23, 83, 30, 91, 28, 89, 63, 77, 90,  4, 31, 61, 52], 1802.79236505, 1802.79236505, 0., 0., 0., 0., 7, 41, 27.5)

Fitness stats min: [1993.63045704 1878.5570962  1853.46404195 1853.46404195 1852.72413311
 1852.72413311 1852.72413311 1834.06007529 1827.48923218 1822.73053935
 1822.73053935 1822.73053935 1822.50659291 1812.15619616 1812.15619616
 1812.15619616 1812.15619616 1812.15619616 1812.15619616 1803.53227389
 1803.53227389 1803.53227389 1802.79236505 1802.79236505 1802.79236505
 1802.79236505 1802.79236505 1802.79236505] 

Fitness stats feasible min: [1993.63045704 1878.5570962  1853.46404195 1853.46404195 1852.72413311
 1852.72413311 1852.72413311 1834.06007529 1827.48923218 1822.73053935
 1822.73053935 1822.73053935 1822.50659291 1812.15619616 1812.15619616
 1812.15619616 1812.15619616 1812.15619616 1812.15619616 1803.53227389
 1803.53227389 1803.53227389 1802.79236505 1802.79236505 1802.79236505
 1802.79236505 1802.79236505 1802.79236505] 

Fitness stats avg: [2828.7955148  2672.09710544 2483.19191235 2370.0197164  2237.17218674
 2314.10578328 2036.54595702 2063.83573932 2103.80535446 1904.74296536
 3532.32092895 2303.70006719 2062.4787355  1929.26527481 1939.07641904
 5240.72673344 3600.54545401 2494.86398347 2196.21928671 2024.23148554
 5062.37114275 3552.24357957 2543.56229457 2059.78854246 1914.62454899
 5214.92131981 3732.26423536 2527.03192534] 

Feasible stats: [( 0., 50.) ( 0., 50.) (22., 28.) (22., 28.) (39., 11.) (39., 11.)
 (43.,  7.) (43.,  7.) (45.,  5.) (45.,  5.) (43.,  7.) (43.,  7.)
 (40., 10.) (40., 10.) (42.,  8.) (42.,  8.) (15., 35.) (15., 35.)
 (31., 19.) (31., 19.) (42.,  8.) (42.,  8.) (19., 31.) (19., 31.)
 (37., 13.) (37., 13.) (14., 36.) (14., 36.) ( 0.,  0.) ( 0.,  0.)
 ( 0.,  0.) ( 0.,  0.) ( 0.,  0.) ( 0.,  0.) ( 0.,  0.) ( 0.,  0.)
 ( 0.,  0.) ( 0.,  0.) ( 0.,  0.) ( 0.,  0.) ( 0.,  0.) ( 0.,  0.)
 ( 0.,  0.) ( 0.,  0.) ( 0.,  0.) ( 0.,  0.) ( 0.,  0.) ( 0.,  0.)
 ( 0.,  0.) ( 0.,  0.) ( 0.,  0.) ( 0.,  0.) ( 0.,  0.) ( 0.,  0.)
 ( 0.,  0.) ( 0.,  0.) ( 0.,  0.) ( 0.,  0.) ( 0.,  0.) ( 0.,  0.)
 ( 0.,  0.) ( 0.,  0.) ( 0.,  0.) ( 0.,  0.) ( 0.,  0.) ( 0.,  0.)
 ( 0.,  0.) ( 0.,  0.) ( 0.,  0.) ( 0.,  0.) ( 0.,  0.) ( 0.,  0.)
 ( 0.,  0.) ( 0.,  0.) ( 0.,  0.) ( 0.,  0.) ( 0.,  0.) ( 0.,  0.)
 ( 0.,  0.) ( 0.,  0.) ( 0.,  0.) ( 0.,  0.) ( 0.,  0.) ( 0.,  0.)
 ( 0.,  0.) ( 0.,  0.) ( 0.,  0.) ( 0.,  0.) ( 0.,  0.) ( 0.,  0.)
 ( 0.,  0.) ( 0.,  0.) ( 0.,  0.) ( 0.,  0.) ( 0.,  0.) ( 0.,  0.)
 ( 0.,  0.) ( 0.,  0.) ( 0.,  0.) ( 0.,  0.) ( 0.,  0.) ( 0.,  0.)
 ( 0.,  0.) ( 0.,  0.) ( 0.,  0.) ( 0.,  0.) ( 0.,  0.) ( 0.,  0.)
 ( 0.,  0.) ( 0.,  0.) ( 0.,  0.) ( 0.,  0.) ( 0.,  0.) ( 0.,  0.)
 ( 0.,  0.) ( 0.,  0.) ( 0.,  0.) ( 0.,  0.) ( 0.,  0.) ( 0.,  0.)
 ( 0.,  0.) ( 0.,  0.) ( 0.,  0.) ( 0.,  0.) ( 0.,  0.) ( 0.,  0.)
 ( 0.,  0.) ( 0.,  0.) ( 0.,  0.) ( 0.,  0.) ( 0.,  0.) ( 0.,  0.)
 ( 0.,  0.) ( 0.,  0.) ( 0.,  0.) ( 0.,  0.) ( 0.,  0.) ( 0.,  0.)
 ( 0.,  0.) ( 0.,  0.) ( 0.,  0.) ( 0.,  0.) ( 0.,  0.) ( 0.,  0.)
 ( 0.,  0.) ( 0.,  0.) ( 0.,  0.) ( 0.,  0.) ( 0.,  0.) ( 0.,  0.)
 ( 0.,  0.) ( 0.,  0.) ( 0.,  0.) ( 0.,  0.) ( 0.,  0.) ( 0.,  0.)
 ( 0.,  0.) ( 0.,  0.) ( 0.,  0.) ( 0.,  0.) ( 0.,  0.) ( 0.,  0.)
 ( 0.,  0.) ( 0.,  0.) ( 0.,  0.) ( 0.,  0.) ( 0.,  0.) ( 0.,  0.)
 ( 0.,  0.) ( 0.,  0.) ( 0.,  0.) ( 0.,  0.) ( 0.,  0.) ( 0.,  0.)
 ( 0.,  0.) ( 0.,  0.) ( 0.,  0.) ( 0.,  0.) ( 0.,  0.) ( 0.,  0.)
 ( 0.,  0.) ( 0.,  0.) ( 0.,  0.) ( 0.,  0.) ( 0.,  0.) ( 0.,  0.)
 ( 0.,  0.) ( 0.,  0.) ( 0.,  0.) ( 0.,  0.) ( 0.,  0.) ( 0.,  0.)
 ( 0.,  0.) ( 0.,  0.) ( 0.,  0.) ( 0.,  0.) ( 0.,  0.) ( 0.,  0.)
 ( 0.,  0.) ( 0.,  0.) ( 0.,  0.) ( 0.,  0.) ( 0.,  0.) ( 0.,  0.)
 ( 0.,  0.) ( 0.,  0.) ( 0.,  0.) ( 0.,  0.) ( 0.,  0.) ( 0.,  0.)
 ( 0.,  0.) ( 0.,  0.) ( 0.,  0.) ( 0.,  0.) ( 0.,  0.) ( 0.,  0.)
 ( 0.,  0.) ( 0.,  0.) ( 0.,  0.) ( 0.,  0.) ( 0.,  0.) ( 0.,  0.)
 ( 0.,  0.) ( 0.,  0.) ( 0.,  0.) ( 0.,  0.) ( 0.,  0.) ( 0.,  0.)
 ( 0.,  0.) ( 0.,  0.) ( 0.,  0.) ( 0.,  0.) ( 0.,  0.) ( 0.,  0.)
 ( 0.,  0.) ( 0.,  0.) ( 0.,  0.) ( 0.,  0.) ( 0.,  0.) ( 0.,  0.)
 ( 0.,  0.) ( 0.,  0.) ( 0.,  0.) ( 0.,  0.) ( 0.,  0.) ( 0.,  0.)
 ( 0.,  0.) ( 0.,  0.) ( 0.,  0.) ( 0.,  0.) ( 0.,  0.) ( 0.,  0.)
 ( 0.,  0.) ( 0.,  0.) ( 0.,  0.) ( 0.,  0.) ( 0.,  0.) ( 0.,  0.)
 ( 0.,  0.) ( 0.,  0.) ( 0.,  0.) ( 0.,  0.) ( 0.,  0.) ( 0.,  0.)
 ( 0.,  0.) ( 0.,  0.) ( 0.,  0.) ( 0.,  0.) ( 0.,  0.) ( 0.,  0.)
 ( 0.,  0.) ( 0.,  0.) ( 0.,  0.) ( 0.,  0.) ( 0.,  0.) ( 0.,  0.)
 ( 0.,  0.) ( 0.,  0.) ( 0.,  0.) ( 0.,  0.) ( 0.,  0.) ( 0.,  0.)
 ( 0.,  0.) ( 0.,  0.) ( 0.,  0.) ( 0.,  0.) ( 0.,  0.) ( 0.,  0.)
 ( 0.,  0.) ( 0.,  0.) ( 0.,  0.) ( 0.,  0.) ( 0.,  0.) ( 0.,  0.)
 ( 0.,  0.) ( 0.,  0.) ( 0.,  0.) ( 0.,  0.) ( 0.,  0.) ( 0.,  0.)
 ( 0.,  0.) ( 0.,  0.) ( 0.,  0.) ( 0.,  0.) ( 0.,  0.) ( 0.,  0.)
 ( 0.,  0.) ( 0.,  0.) ( 0.,  0.) ( 0.,  0.) ( 0.,  0.) ( 0.,  0.)
 ( 0.,  0.) ( 0.,  0.) ( 0.,  0.) ( 0.,  0.) ( 0.,  0.) ( 0.,  0.)
 ( 0.,  0.) ( 0.,  0.) ( 0.,  0.) ( 0.,  0.) ( 0.,  0.) ( 0.,  0.)
 ( 0.,  0.) ( 0.,  0.) ( 0.,  0.) ( 0.,  0.) ( 0.,  0.) ( 0.,  0.)
 ( 0.,  0.) ( 0.,  0.) ( 0.,  0.) ( 0.,  0.) ( 0.,  0.) ( 0.,  0.)
 ( 0.,  0.) ( 0.,  0.) ( 0.,  0.) ( 0.,  0.) ( 0.,  0.) ( 0.,  0.)
 ( 0.,  0.) ( 0.,  0.) ( 0.,  0.) ( 0.,  0.) ( 0.,  0.) ( 0.,  0.)
 ( 0.,  0.) ( 0.,  0.) ( 0.,  0.) ( 0.,  0.) ( 0.,  0.) ( 0.,  0.)
 ( 0.,  0.) ( 0.,  0.) ( 0.,  0.) ( 0.,  0.) ( 0.,  0.) ( 0.,  0.)
 ( 0.,  0.) ( 0.,  0.) ( 0.,  0.) ( 0.,  0.) ( 0.,  0.) ( 0.,  0.)
 ( 0.,  0.) ( 0.,  0.) ( 0.,  0.) ( 0.,  0.) ( 0.,  0.) ( 0.,  0.)
 ( 0.,  0.) ( 0.,  0.) ( 0.,  0.) ( 0.,  0.) ( 0.,  0.) ( 0.,  0.)
 ( 0.,  0.) ( 0.,  0.) ( 0.,  0.) ( 0.,  0.) ( 0.,  0.) ( 0.,  0.)
 ( 0.,  0.) ( 0.,  0.) ( 0.,  0.) ( 0.,  0.) ( 0.,  0.) ( 0.,  0.)
 ( 0.,  0.) ( 0.,  0.) ( 0.,  0.) ( 0.,  0.) ( 0.,  0.) ( 0.,  0.)
 ( 0.,  0.) ( 0.,  0.) ( 0.,  0.) ( 0.,  0.) ( 0.,  0.) ( 0.,  0.)
 ( 0.,  0.) ( 0.,  0.) ( 0.,  0.) ( 0.,  0.) ( 0.,  0.) ( 0.,  0.)
 ( 0.,  0.) ( 0.,  0.) ( 0.,  0.) ( 0.,  0.) ( 0.,  0.) ( 0.,  0.)
 ( 0.,  0.) ( 0.,  0.) ( 0.,  0.) ( 0.,  0.) ( 0.,  0.) ( 0.,  0.)
 ( 0.,  0.) ( 0.,  0.) ( 0.,  0.) ( 0.,  0.) ( 0.,  0.) ( 0.,  0.)
 ( 0.,  0.) ( 0.,  0.) ( 0.,  0.) ( 0.,  0.) ( 0.,  0.) ( 0.,  0.)
 ( 0.,  0.) ( 0.,  0.) ( 0.,  0.) ( 0.,  0.) ( 0.,  0.) ( 0.,  0.)
 ( 0.,  0.) ( 0.,  0.) ( 0.,  0.) ( 0.,  0.) ( 0.,  0.) ( 0.,  0.)
 ( 0.,  0.) ( 0.,  0.) ( 0.,  0.) ( 0.,  0.) ( 0.,  0.) ( 0.,  0.)
 ( 0.,  0.) ( 0.,  0.) ( 0.,  0.) ( 0.,  0.) ( 0.,  0.) ( 0.,  0.)
 ( 0.,  0.) ( 0.,  0.) ( 0.,  0.) ( 0.,  0.) ( 0.,  0.) ( 0.,  0.)
 ( 0.,  0.) ( 0.,  0.) ( 0.,  0.) ( 0.,  0.) ( 0.,  0.) ( 0.,  0.)
 ( 0.,  0.) ( 0.,  0.) ( 0.,  0.) ( 0.,  0.) ( 0.,  0.) ( 0.,  0.)
 ( 0.,  0.) ( 0.,  0.) ( 0.,  0.) ( 0.,  0.) ( 0.,  0.) ( 0.,  0.)
 ( 0.,  0.) ( 0.,  0.) ( 0.,  0.) ( 0.,  0.) ( 0.,  0.) ( 0.,  0.)
 ( 0.,  0.) ( 0.,  0.) ( 0.,  0.) ( 0.,  0.) ( 0.,  0.) ( 0.,  0.)
 ( 0.,  0.) ( 0.,  0.) ( 0.,  0.) ( 0.,  0.) ( 0.,  0.) ( 0.,  0.)
 ( 0.,  0.) ( 0.,  0.)] 
Solution Description: 
p: [  0.           6.37877888  41.15060755  72.96509812  94.4310163
 119.010371   213.78740159 255.85867242 256.43347057 281.40851131
 290.08471275 305.30403566 309.55778775 336.018382   368.24690428
 398.30985477 406.4229591  420.15860881 423.08948386 424.09840336
 425.63775686 459.80709054 499.55055941 639.91696621 652.91241073
 691.77945353 694.45817621 694.49656346 700.00384943 723.74724573
 733.17711293 734.93772414   0.          24.16879376  46.43458646
  55.06065495  55.21565064  59.8191334   62.53089361  68.76810902
  76.9574072   79.3901975  217.42025164 228.03898493 233.58241206
   0.           8.89500736  25.67316489  67.81263544  96.05960779
 106.19471836 117.1904641  117.27842329 142.91074763 143.70809211
 154.30630252 178.51082475 178.60159156 211.64561825 225.76669823
 248.18481704 283.85945095 285.19296599 301.34744204 304.69576394
 306.37932784 335.687569   340.38089815   0.          30.8155834
  43.73567644  43.7381115   43.90446628  51.53673866  61.21425322
  74.68833358 115.66003639 193.14050497 211.70054535 250.8646261
 255.67844094 256.57758748 258.46086283 272.96338151 277.95613926
 294.66382684 321.80429019 344.48706436 373.58506985 373.74387597
 373.76845257 375.77163447 381.11573215 462.79769302 468.59310406
 468.61824308 483.88912653 485.81848592 493.60289968 493.8913307 ] 
pred: [ 0  0  0  0  0  0  0  0  0  8  8  8  8 12 12 12 12 12 12 12 12 20 20 20
 20 24 24 24 24 28 28 28  0  0  0  0  0  0  0  6  6  6  9  9  9  0  0  0
  0  0  0  0  0  0  0  0 10 10 12 12 12 12 12 12 12 12 20 20  0  0  0  0
  0  0  5  5  5  5  5  5  5  5  5 14 14 14 14 14 14 14 14 14 23 23 23 23
 23 23 23 23] 
distance [  0.           6.37877888  41.15060755  72.96509812  94.4310163
 119.010371   213.78740159 255.85867242 256.43347057  24.97504074
  33.65124219  48.87056509  53.12431718  26.46059425  58.68911653
  88.75206702  96.86517135 110.60082106 113.53169611 114.54061561
 116.07996912  34.16933368  73.91280255 214.27920935 227.27465387
  38.8670428   41.54576548  41.58415272  47.09143869  23.7433963
  33.17326351  34.93387471   0.          24.16879376  46.43458646
  55.06065495  55.21565064  59.8191334   62.53089361   6.2372154
  14.42651359  16.85930389 138.03005413 148.64878743 154.19221456
   0.           8.89500736  25.67316489  67.81263544  96.05960779
 106.19471836 117.1904641  117.27842329 142.91074763 143.70809211
 154.30630252  24.20452222  24.29528903  33.04402669  47.16510668
  69.58322548 105.25785939 106.59137443 122.74585048 126.09417239
 127.77773628  29.30824116  34.00157031   0.          30.8155834
  43.73567644  43.7381115   43.90446628  51.53673866   9.67751456
  23.15159492  64.12329773 141.60376631 160.16380669 199.32788744
 204.14170228 205.04084881 206.92412417  14.50251868  19.49527643
  36.20296401  63.34342736  86.02620153 115.12420701 115.28301313
 115.30758974 117.31077164   5.34409768  87.02605855  92.82146959
  92.84660861 108.11749206 110.04685145 117.83126521 118.11969623]
load: [  0  13  29  48  60  66  73  82  87   3  14  34  59   9  12  35  53  74
  97 116 139   8  12  16  25  23  33  34  36  19  29  53   0  13  27  52
  74  83  87  12  30  44  21  34  36   0  10  11  24  45  50  53  56  64
  69  88   5   9  12  32  42  62  83  99 104 106  23  47   0  13  34  49
  69  87   7  31  51  64  65  76  98  99 119  11  28  40  53  61  64  68
  89  92   4  17  21  26  41  65  81 106] 
time: [  0.         106.         213.         231.37636996 243.11781353
 260.50773072 342.912164   403.12112361 481.2328686  129.
 152.39981091 182.95258396 314.          95.         126.37011091
 150.37582442 206.         376.         386.73487495 425.26938032
 455.         110.         136.         224.76021669 417.
 140.         285.         313.27835541 350.         103.
 137.         300.           0.         178.         215.63233535
 383.         444.         461.25199257 477.11541186 306.
 324.         348.09406065 257.         422.         493.75351166
   0.         124.         153.76960324 175.99194442 216.
 236.95530789 272.11160563 282.23770107 318.89836181 375.
 457.         222.         370.         125.         248.
 267.05961308 336.         375.38672649 402.         418.83844297
 445.         190.         378.           0.         169.
 186.61974315 210.87311616 229.54785008 424.         143.
 161.         187.62067589 244.039433   287.29970021 324.30362074
 439.         489.178036   500.5404654  129.         231.
 314.         333.14864991 359.6233031  432.         466.90323688
 487.66647824 514.37979312 158.         221.85226149 264.02932451
 291.84323353 382.         408.15780238 448.1126214  457.3281927 ] 
time warps: [0 0 0 0 0 0 0 0 0 0 0 0 0 0 0 0 0 0 0 0 0 0 0 0 0 0 0 0 0 0 0 0 0 0 0 0 0
 0 0 0 0 0 0 0 0 0 0 0 0 0 0 0 0 0 0 0 0 0 0 0 0 0 0 0 0 0 0 0 0 0 0 0 0 0
 0 0 0 0 0 0 0 0 0 0 0 0 0 0 0 0 0 0 0 0 0 0 0 0 0 0] 
duration: [  0.          10.37877888 132.74364087 165.55813144 192.02404962
 237.60340432 341.3804349  405.45170574 420.02650389  43.97504074
  73.65124219 108.87056509 237.60058348  40.46059425  80.68911653
 133.75206702 187.69724258 340.50270834 366.43358339 381.44250288
 416.60273156  37.16933368  90.93886636 247.30527316 406.2979109
  47.8670428  204.71805701 216.75644426 256.8323723   40.7433963
  69.80229227 250.20337636   0.          44.16879376  70.43458646
 262.78964252 304.8951341  322.49861686 337.21037707  11.2372154
  50.32874737  68.76153767 153.03005413 314.11527113 330.65869826
   0.          29.89500736  47.67316489  98.81263544 148.25848433
 180.39359489 192.38934064 211.47729982 245.10962417 288.52888706
 381.99465359  33.20452222 178.32422809  34.04402669 166.26650547
 207.68462428 286.32788078 296.66139581 321.79506511 337.14338702
 359.02249074  51.30824116 232.45612236   0.          39.8155834
  71.73567644  84.7381115   89.90446628 300.43181441  14.67751456
  40.387413    94.35911581 182.83958439 206.39962477 253.56370552
 372.24352996 379.1426765  391.02595185  24.50251868 139.65402328
 208.17543252 247.31589587 287.99867004 378.46364691 383.62245303
 396.64702964 410.65021153  28.34409768 129.02605855 159.82146959
 175.84660861 270.41386858 296.34322797 308.12764172 331.41607275]

All individuals: [(18, [31, 12, 22, 31, 81, 19, 93, 38, 68, 39, 27, 74, 73, 37, 69,  9, 62, 55, 92, 20, 16, 64, 17, 44, 86, 43,  8, 13, 41, 70, 59, 84, 25, 60, 72, 42, 65, 87, 32, 47,  1, 78, 88, 33,  7,  5, 94, 96, 67, 51, 50, 76,  3, 12, 53, 36, 71, 66, 56,  2, 80, 48,  6, 10, 24, 14, 18, 85, 22, 57, 95, 29, 54, 58, 11, 21, 15, 75, 40, 34, 49, 82, 35, 79, 45, 26, 46, 23, 83, 30, 91, 28, 89, 63, 77, 90,  4, 31, 61, 52], 1802.79236505, 1802.79236505, 0., 0.00000000e+00,  0.        ,  0.        ,  6, 48, 30. )
 (18, [31, 12, 22, 31, 81, 19, 93, 38, 68, 39, 27, 74, 73, 37, 69,  9, 62, 55, 92, 20, 16, 64, 17, 44, 86, 43,  8, 13, 41, 70, 59, 84, 25, 60, 72, 42, 65, 87, 32, 47,  1, 78, 88, 33,  7,  5, 94, 96, 67, 51, 50, 76,  3, 12, 53, 36, 71, 66, 56,  2, 80, 48,  6, 10, 24, 14, 18, 85, 22, 57, 95, 29, 54, 58, 11, 21, 15, 75, 40, 34, 49, 82, 35, 79, 45, 26, 46, 23, 83, 30, 91, 28, 89, 63, 77, 90,  4, 31, 61, 52], 1802.79236505, 1802.79236505, 0., 0.00000000e+00,  0.        ,  0.        ,  7, 41, 27.5)
 (18, [31, 12, 22, 31, 81, 19, 93, 38, 68, 39, 27, 74, 73, 37, 69,  9, 62, 55, 92, 20, 16, 64, 17, 44, 86, 43,  8, 13, 41, 70, 59, 84, 25, 60, 72, 42, 65, 87, 32, 47,  1, 78, 88, 33,  7,  5, 94, 96, 67, 51, 50, 76,  3, 12, 53, 36, 71, 66, 56,  2, 80, 48,  6, 10, 24, 14, 18, 85, 22, 57, 95, 29, 54, 58, 11, 21, 15, 75, 40, 34, 49, 82, 35, 79, 45, 26, 46, 23, 83, 30, 91, 28, 89, 63, 77, 90,  4, 31, 61, 52], 1802.79236505, 1802.79236505, 0., 0.00000000e+00,  0.        ,  0.        ,  1, 50, 26. )
 (18, [31, 12, 22, 31, 81, 19, 93, 38, 68, 39, 27, 74, 73, 37, 69,  9, 62, 55, 92, 20, 16, 64, 17, 44, 86, 43,  8, 13, 41, 70, 59, 84, 25, 60, 72, 42, 65, 87, 32, 47,  1, 78, 88, 33,  7,  5, 94, 96, 67, 51, 50, 76,  3, 12, 53, 36, 71, 66, 56,  2, 80, 48,  6, 10, 24, 14, 18, 85, 22, 57, 95, 29, 54, 58, 11, 21, 15, 75, 40, 34, 49, 82, 35, 79, 45, 26, 46, 23, 83, 30, 91, 28, 89, 63, 77, 90,  4, 31, 61, 52], 1802.79236505, 1802.79236505, 0., 0.00000000e+00,  0.        ,  0.        ,  2, 46, 25. )
 (18, [31, 12, 22, 31, 81, 19, 93, 38, 68, 39, 27, 74, 73, 37, 69,  9, 62, 55, 92, 20, 16, 64, 17, 44, 86, 43,  8, 13, 41, 70, 59, 84, 25, 60, 72, 42, 65, 87, 32, 47,  1, 78, 88, 33,  7,  5, 94, 96, 67, 51, 50, 76,  3, 12, 53, 36, 71, 66, 56,  2, 80, 48,  6, 10, 24, 14, 18, 85, 22, 57, 95, 29, 54, 58, 11, 21, 15, 75, 40, 34, 49, 82, 35, 79, 45, 26, 46, 23, 83, 30, 91, 28, 89, 63, 77, 90,  4, 31, 61, 52], 1802.79236505, 1802.79236505, 0., 0.00000000e+00,  0.        ,  0.        ,  5, 49, 29.5)
 (18, [31, 12, 22, 31, 81, 19, 93, 38, 68, 39, 27, 74, 73, 37, 69,  9, 62, 55, 92, 20, 16, 64, 17, 44, 86, 43,  8, 13, 41, 70, 59, 84, 25, 60, 72, 42, 65, 87, 32, 47,  1, 78, 88, 33,  7,  5, 94, 96, 67, 51, 50, 76,  3, 12, 53, 36, 71, 66, 56,  2, 80, 48,  6, 10, 24, 14, 18, 85, 22, 57, 95, 29, 54, 58, 11, 21, 15, 75, 40, 34, 49, 82, 35, 79, 45, 26, 46, 23, 83, 30, 91, 28, 89, 63, 77, 90,  4, 31, 61, 52], 1802.79236505, 1802.79236505, 0., 0.00000000e+00,  0.        ,  0.        ,  3, 43, 24.5)
 (18, [31, 12, 22, 31, 81, 19, 93, 38, 68, 39, 27, 74, 73, 37, 69,  9, 62, 55, 92, 20, 16, 64, 17, 44, 86, 43,  8, 13, 41, 70, 59, 84, 25, 60, 72, 42, 65, 87, 32, 47,  1, 78, 88, 33,  7,  5, 94, 96, 67, 51, 50, 76,  3, 12, 53, 36, 71, 66, 56,  2, 80, 48,  6, 10, 24, 14, 18, 85, 22, 57, 95, 29, 54, 58, 11, 21, 15, 75, 40, 34, 49, 82, 35, 79, 45, 26, 46, 23, 83, 30, 91, 28, 89, 63, 77, 90,  4, 31, 61, 52], 1802.79236505, 1802.79236505, 0., 0.00000000e+00,  0.        ,  0.        ,  4, 42, 25. )
 (18, [31, 12, 22, 31, 81, 19, 93, 38, 68, 39, 27, 74, 73, 37, 69,  9, 62, 55, 92, 20, 16, 64, 17, 44, 86, 43,  8, 13, 41, 70, 59, 84, 25, 60, 72, 42, 65, 87, 32, 47,  1, 78, 88, 33,  7,  5, 94, 96, 67, 51, 50, 76,  3, 12, 53, 36, 71, 66, 56,  2, 80, 48,  6, 10, 24, 14, 18, 85, 22, 57, 95, 29, 54, 58, 11, 21, 15, 75, 40, 34, 49, 82, 35, 79, 45, 26, 46, 23, 83, 30, 91, 28, 89, 63, 77, 90,  4, 31, 61, 52], 1802.79236505, 1802.79236505, 0., 0.00000000e+00,  0.        ,  0.        ,  1, 50, 26. )
 (18, [31, 12, 22, 31, 81, 19, 93, 38, 68, 39, 27, 74, 73, 37, 69,  9, 62, 55, 92, 20, 16, 64, 17, 44, 86, 43,  8, 13, 41, 70, 59, 84, 25, 60, 72, 42, 65, 87, 32, 47,  1, 78, 88, 33,  7,  5, 94, 96, 67, 51, 50, 76,  3, 12, 53, 36, 71, 66, 56,  2, 80, 48,  6, 10, 24, 14, 18, 85, 22, 29, 95, 57, 54, 58, 11, 21, 15, 75, 40, 34, 49, 82, 35, 79, 45, 26, 46, 23, 83, 30, 91, 28, 89, 63, 77, 90,  4, 31, 61, 52], 1803.53227389, 1803.53227389, 0., 0.00000000e+00,  0.        ,  0.        , 10, 45, 32.5)
 (18, [31, 12, 22, 31, 81, 19, 93, 38, 68, 39, 27, 74, 73, 37, 69,  9, 62, 55, 92, 20, 16, 64, 17, 44, 86, 43,  8, 13, 41, 70, 59, 84, 25, 60, 72, 42, 65, 87, 32, 47,  1, 78, 88, 33,  7,  5, 94, 96, 67, 51, 50, 76,  3, 12, 53, 36, 71, 66, 56,  2, 80, 48,  6, 10, 24, 14, 18, 85, 22, 29, 95, 57, 54, 58, 11, 21, 15, 75, 40, 34, 49, 82, 35, 79, 45, 26, 46, 23, 83, 30, 91, 28, 89, 63, 77, 90,  4, 31, 61, 52], 1803.53227389, 1803.53227389, 0., 0.00000000e+00,  0.        ,  0.        ,  9, 47, 32.5)
 (18, [31, 12, 22, 31, 81, 19, 93, 38, 68, 39, 27, 74, 73, 37, 69,  9, 62, 55, 92, 20, 16, 64, 17, 44, 86, 43,  8, 13, 41, 70, 59, 84, 25, 60, 72, 42, 65, 87, 32, 47,  1, 78, 88, 33,  7,  5, 94, 96, 67, 51, 50, 76,  3, 12, 53, 36, 71, 66, 56,  2, 80, 48,  6, 10, 24, 14, 18, 85, 22, 29, 95, 57, 54, 58, 11, 21, 15, 75, 40, 34, 49, 82, 35, 79, 45, 26, 46, 23, 83, 30, 91, 28, 89, 63, 77, 90,  4, 31, 61, 52], 1803.53227389, 1803.53227389, 0., 0.00000000e+00,  0.        ,  0.        ,  8, 44, 30. )
 (18, [31, 12, 22, 31, 81, 19, 93, 38, 68, 39, 27, 74, 73, 37, 69,  9, 62, 55, 92, 20, 16, 64, 17, 44, 86, 43,  8, 13, 41, 70, 59, 84, 25, 60, 72, 42, 65, 87, 32, 47,  1, 78, 88, 33,  7,  5, 94, 96, 67, 51, 50, 76,  3, 12, 53, 36, 71, 66, 56,  2, 80, 48,  6, 10, 24, 14, 18, 85, 22, 29, 95, 57, 54, 58, 11, 21, 15, 75, 40, 34, 49, 82, 35, 79, 45, 26, 46, 23, 83, 30, 91, 28, 89, 63, 77, 90,  4, 31, 61, 52], 1803.53227389, 1803.53227389, 0., 0.00000000e+00,  0.        ,  0.        , 11, 40, 31. )
 (18, [31, 12, 22, 31, 81, 19, 93, 38, 68, 39, 27, 74, 73, 37, 69,  9, 62, 55, 92, 20, 16, 64, 17, 44, 86, 43,  8, 13, 41, 70, 59, 84, 25, 60, 72, 42, 65, 87, 32, 47,  1, 78, 88, 33,  7,  5, 94, 96, 67,  2, 80, 48,  6, 24, 10, 51, 50, 76,  3, 12, 53, 36, 71, 66, 56, 14, 18, 85, 22, 29, 95, 57, 54, 58, 11, 21, 15, 75, 40, 34, 49, 82, 35, 79, 45, 26, 46, 23, 83, 30, 91, 28, 89, 63, 77, 90,  4, 31, 61, 52], 1822.18509247, 1822.18509247, 0., 0.00000000e+00,  0.        ,  5.        , 12, 37, 30.5)
 (18, [31, 12, 22, 31, 19, 93, 38, 68, 39, 27, 74, 73, 62, 37, 69,  9, 81, 55, 92, 20, 16, 64, 17, 44, 86, 43,  8, 13, 41, 70, 59, 84, 25, 60, 72, 42, 65, 87, 32, 47,  1, 78, 88, 33,  7,  5, 94, 96, 67, 51, 50, 76,  3, 12, 53, 56,  2, 80, 48,  6, 24, 10, 66, 36, 71, 14, 18, 85, 22, 29, 95, 57, 54, 58, 11, 21, 15, 75, 40, 34, 49, 82, 35, 79, 45, 26, 46, 23, 83, 30, 91, 28, 89, 63, 77, 90,  4, 31, 61, 52], 1824.67586285, 1824.67586285, 0., 0.00000000e+00,  0.        , 10.        , 13, 27, 26.5)
 (18, [31, 12, 22, 31, 81, 19, 93, 38, 68, 39, 27, 74, 73, 37, 69,  9, 62, 55, 92, 20, 16, 64, 17, 44, 86, 43,  8, 13, 41, 70, 59, 84, 25, 60, 72, 78, 88, 33, 47,  1, 42, 65, 87, 32,  7,  5, 94,  2, 80, 48,  6, 24, 10, 96, 67, 51, 50, 76,  3, 12, 53, 36, 71, 66, 56, 14, 18, 85, 22, 29, 95, 57, 54, 58, 11, 21, 15, 75, 40, 34, 49, 82, 35, 79, 45, 26, 46, 23, 83, 30, 91, 28, 89, 63, 77, 90,  4, 31, 61, 52], 1825.21566041, 1825.21566041, 0., 0.00000000e+00,  0.        ,  7.        , 14, 32, 30. )
 (18, [31, 12, 22, 31, 81, 19, 93, 38, 68, 39, 27, 74, 73, 37, 69,  9, 62, 55, 92, 20, 16, 64, 17, 44, 86, 43,  8, 13, 41, 70, 59, 84, 25, 60, 72, 42, 65, 87, 32, 47,  1, 78, 88, 33,  7,  5, 94, 96, 67, 51, 50, 76,  3, 12, 53, 36, 71, 66, 56,  2, 80, 48,  6, 10, 24, 14, 18, 85, 22, 29, 95, 57, 54, 58, 11, 21, 45, 79, 26, 46, 23, 83, 30, 91, 15, 75, 40, 34, 49, 82, 35, 28, 89, 63, 77, 90,  4, 31, 61, 52], 1833.3895171 , 1833.3895171 , 0., 0.00000000e+00,  0.        ,  5.        , 15, 36, 33. )
 (18, [31, 12, 22, 31, 81, 19, 93, 38, 68, 39, 27, 74, 73, 37, 69,  9, 62, 55, 92, 20, 16, 64, 17, 44, 86, 43,  8, 13, 41, 70, 59, 84, 25, 60, 72, 42, 65, 87, 32, 47,  1, 78, 88, 33,  7,  5, 56, 94, 96, 67, 51, 50, 76,  3, 12, 53, 36, 71, 66,  2, 80, 48,  6, 10, 24, 14, 18, 85, 22, 57, 95, 29, 54, 58, 11, 21, 15, 75, 40, 34, 49, 82, 35, 79, 45, 26, 46, 23, 83, 30, 91, 28, 89, 63, 77, 90,  4, 31, 61, 52], 1900.17228254, 1900.17228254, 0., 0.00000000e+00,  0.        ,  3.        , 16, 39, 35.5)
 (18, [31, 12, 22, 31, 73, 81, 19, 93, 38, 68, 39, 27, 74, 37, 69,  9, 62, 55, 92, 20, 16, 64, 17, 44, 86, 43,  8, 13, 41, 70, 59, 84, 25, 60, 72, 42, 65, 87, 32, 47,  1, 78, 88, 33,  7,  5, 94, 96, 67, 51, 50, 76,  3, 12, 53, 36, 71, 66, 56,  2, 80, 48,  6, 10, 24, 14, 18, 85, 22, 57, 95, 29, 54, 58, 11, 21, 79, 26, 15, 75, 40, 34, 49, 82, 35, 63, 46, 23, 83, 30, 91, 28, 89, 77, 90,  4, 31, 61, 45, 52], 1914.88003721, 1914.88003721, 0., 0.00000000e+00,  0.        , 10.        , 17, 25, 29.5)
 (18, [31, 12, 22, 31, 81, 19, 93, 38, 68, 39, 27, 74, 73, 37, 69,  9, 62, 55, 92, 20, 16, 64, 17, 44, 86, 43,  8, 13, 41, 70, 59, 84, 25, 60, 72, 78, 88, 33, 47,  1, 42, 65, 87, 32,  7,  5, 94,  2, 80, 48,  6, 24, 10, 96, 67, 51, 50, 76,  3, 12, 53, 36, 71, 66, 56, 14, 18, 85, 22, 29, 95, 57, 54, 58, 11, 21, 15, 75, 40, 34, 45, 79, 26, 46, 23, 83, 30, 91, 49, 82, 35, 28, 89, 63, 77, 90,  4, 31, 61, 52], 1932.66548177, 1932.66548177, 0., 0.00000000e+00,  0.        ,  9.66666667, 18, 28, 32. )
 (18, [31, 13, 20, 32, 81, 19, 61, 93, 38, 68, 39, 27, 74, 73, 37, 69,  9, 62, 55, 92, 20, 16, 64, 17, 44, 86, 43,  8, 13, 41, 70, 59, 84, 25, 60, 72, 42, 65, 87, 32, 47,  1, 78, 88, 33,  7,  5, 94, 96, 67, 51, 50, 76,  3, 12, 53, 36, 71, 66, 56,  2, 80, 48,  6, 10, 24, 14, 18, 85, 22, 57, 95, 29, 54, 58, 11, 21, 15, 75, 40, 34, 49, 82, 35, 79, 45, 26, 46, 23, 83, 30, 91, 28, 89, 63, 77, 90,  4, 31, 52], 2013.33382708, 2013.33382708, 0., 0.00000000e+00,  0.        ,  7.        , 19, 33, 35.5)
 (34, [31, 14, 25, 26, 93, 73, 69,  9, 81, 19, 38, 68, 39, 27, 74, 62, 55, 37, 92, 20, 16, 64, 17, 44, 86, 43,  8, 13, 41, 70, 59, 84, 25, 60, 72, 42, 65, 87, 32, 47,  1, 78, 88, 33,  7,  5, 94, 96, 67, 51, 50, 76,  3, 12, 53, 36, 71, 66, 56,  2, 80, 48,  6, 10, 24, 14, 18, 85, 22, 29, 95, 57, 54, 58, 11, 21, 15, 75, 40, 34, 49, 82, 35, 79, 45, 26, 46, 23, 83, 30, 91, 28, 89, 63, 77, 90,  4, 31, 61, 52], 2026.56441573, 2026.56441573, 0., 0.00000000e+00,  0.        , 17.        , 20, 21, 30.5)
 (18, [31, 12, 22, 31, 81, 19, 93, 38, 68, 39, 27, 90, 73, 37, 69,  9, 62, 55, 92, 20, 16, 64, 17, 44, 86, 43,  8, 13, 41, 70, 59, 84, 25, 60, 72, 42, 65, 87, 32, 47,  1, 78, 88, 33,  7,  5, 94, 96, 67, 51, 50, 76,  3, 12, 53, 36, 71, 66, 56,  2, 80, 48,  6, 10, 24, 14, 18, 85, 22, 29, 95, 57, 54, 58, 11, 21, 15, 75, 40, 34, 49, 82, 35, 79, 45, 26, 46, 23, 83, 30, 91, 28, 89, 63, 77, 74,  4, 31, 61, 52], 2036.07931886, 2083.75340707, 0., 0.00000000e+00,  0.        ,  4.        , 21, 38, 40. )
 (18, [31, 12, 20, 33, 81, 19, 93, 38, 68, 39, 27, 74, 73, 37, 69,  9, 62, 43, 86, 44, 17, 64, 16, 20, 92, 55,  8, 13, 41, 70, 59, 84, 25, 60, 72, 42, 65, 87, 32, 47,  1, 78, 88, 33,  7,  5, 94, 96, 67, 51, 50, 76,  3, 12, 53, 36, 71, 66, 56,  2, 80, 48,  6, 10, 24, 14, 18, 85, 22, 57, 95, 29, 54, 58, 11, 21, 15, 75, 40, 34, 49, 82, 35, 79, 45, 26, 46, 23, 83, 30, 91, 28, 89, 63, 77, 90,  4, 31, 61, 52], 2047.75674133, 2248.62599712, 0., 2.79781786e+00,  0.        , 14.        , 22, 23, 33.5)
 (18, [29, 12, 22, 33, 81, 19, 93, 38, 68, 39, 27, 74, 73, 37, 69,  9, 62, 55, 92, 20, 16, 64, 17, 44, 86, 43,  8, 13, 41, 70, 59, 56, 84, 25, 60, 72, 42, 47,  1, 78, 88, 33, 65, 87, 32,  7,  5, 94, 96, 67, 51, 50, 76,  3, 12, 53, 36, 71, 66,  2, 80, 48,  6, 10, 24, 14, 18, 85, 22, 57, 95, 29, 54, 58, 11, 21, 15, 75, 40, 34, 49, 82, 35, 79, 45, 26, 46, 23, 83, 30, 91, 28, 89, 63, 77, 90,  4, 31, 61, 52], 2059.32776176, 2061.76055206, 0., 0.00000000e+00,  0.        , 10.        , 23, 26, 36. )
 (34, [30, 12, 21, 33, 93, 73, 69,  9, 81, 19, 38, 68, 39, 27, 74, 62, 55, 92, 20, 16, 64, 17, 44, 86, 43,  8, 13, 41, 70, 59, 84, 25, 37, 72, 42, 65, 87, 60, 32, 47,  1, 78, 88, 33,  7,  5, 94, 96, 67, 51, 50, 76,  3, 12, 53, 36, 71, 66, 56,  2, 80, 48,  6, 10, 24, 14, 18, 85, 22, 57, 95, 29, 54, 58, 11, 21, 15, 75, 40, 34, 49, 82, 35, 79, 45, 26, 46, 23, 83, 30, 91, 28, 89, 63, 77, 90,  4, 31, 61, 52], 2062.04621735, 2062.04621735, 0., 0.00000000e+00,  0.        , 13.        , 24, 24, 36. )
 (18, [32, 12, 21, 31, 81, 19, 93, 38, 68, 39, 27, 74, 73, 37, 69,  9, 62, 55, 92, 20, 16, 64, 17, 44, 86, 43,  8, 13, 41, 70, 59, 84, 25, 60, 72, 42, 65, 24, 32, 47,  1, 78, 88, 33,  7,  5, 94, 96, 67, 51, 50, 76,  3, 12, 53, 36, 71, 66, 56,  2, 80, 48,  6, 10, 87, 14, 18, 85, 22, 29, 95, 57, 54, 58, 11, 21, 15, 75, 40, 34, 49, 82, 35, 79, 45, 26, 46, 23, 83, 30, 91, 28, 89, 63, 77, 90,  4, 31, 61, 52], 2077.91055331, 2051.10940622, 0., 1.34005735e+01,  0.        ,  6.        , 25, 35, 42.5)
 (18, [30, 14, 22, 30, 81, 19, 93, 38, 68, 39, 27, 74, 73, 37, 69,  9, 62, 55, 92, 20, 16, 64, 59, 44, 86, 43,  8, 13, 41, 70, 17, 84, 25, 60, 72, 42, 65, 87, 32, 47,  1, 78, 88, 33,  7,  5, 94, 96, 67, 51, 50, 76,  3, 12, 53, 36, 71, 66, 56,  2, 80, 48,  6, 10, 24, 14, 18, 85, 22, 57, 95, 29, 54, 58, 11, 21, 15, 75, 40, 34, 49, 82, 35, 79, 45, 26, 46, 23, 83, 30, 91, 28, 89, 63, 77, 90,  4, 31, 61, 52], 2096.9051442 , 2096.9051442 , 0., 0.00000000e+00,  0.        ,  8.        , 26, 31, 41.5)
 (45, [32, 12, 22, 30, 81, 19, 93, 38, 39, 27, 74, 73, 37, 69,  9, 62, 55, 92, 96, 68, 20, 16, 64, 17, 44, 86, 43,  8, 13, 41, 70, 59, 84, 25, 60, 72, 42, 65, 87, 32, 47,  1, 78, 88, 33,  7,  5, 94, 67, 51, 50, 76,  3, 12, 53, 36, 71, 66, 56,  2, 80, 48,  6, 10, 24, 14, 18, 85, 22, 29, 95, 57, 54, 58, 11, 21, 15, 75, 40, 34, 49, 82, 35, 79, 45, 26, 46, 23, 83, 30, 91, 28, 89, 63, 77, 90,  4, 31, 61, 52], 2118.4640644 , 2118.03455492, 0., 2.14754741e-01,  0.        ,  7.        , 27, 34, 44. )
 (18, [32, 12, 22, 30, 81, 19, 93, 38, 39, 27, 74, 73, 37, 69,  9, 62, 55, 92, 16, 64, 17, 44, 86, 43,  8, 13, 68, 20, 41, 70, 59, 84, 25, 60, 72, 42, 65, 87, 32, 47,  1, 78, 88, 33,  7,  5, 94, 96, 67, 51, 50, 76,  3, 12, 53, 36, 71, 66, 56,  2, 80, 48,  6, 24, 10, 14, 18, 85, 22, 29, 95, 57, 54, 58, 11, 21, 15, 75, 40, 34, 49, 82, 35, 79, 45, 26, 46, 23, 83, 30, 91, 28, 89, 63, 77, 90,  4, 31, 61, 52], 2127.71060676, 2100.90945967, 0., 1.34005735e+01,  0.        ,  9.33333333, 28, 29, 42.5)
 (18, [31, 13, 21, 31, 73, 69,  9, 81, 19, 38, 68, 39, 27, 74, 62, 55, 92, 20, 16, 37, 52, 64, 17, 44, 86, 43,  8, 13, 41, 70, 59, 84, 25, 60, 72, 42, 65, 87, 32, 47,  1, 78, 88, 33,  7,  5, 94, 96, 67, 51, 50, 76,  3, 12, 53, 36, 71, 66, 56,  2, 80, 48,  6, 10, 24, 14, 18, 85, 22, 29, 95, 57, 54, 58, 11, 21, 15, 75, 40, 34, 49, 82, 93, 89, 45, 79, 26, 46, 23, 83, 30, 91, 35, 28, 63, 77, 90,  4, 31, 61], 2165.68415944, 2165.68415944, 0., 0.00000000e+00,  0.        , 16.33333333, 29, 22, 40. )
 (18, [31, 11, 23, 31, 69,  9, 81, 19, 38, 68, 39, 27, 74, 55, 92, 20, 16, 64, 17, 44, 73, 62, 37, 86, 43,  8, 13, 41, 70, 59, 84, 25, 60, 72,  1, 42, 65, 87, 32, 47, 78, 88, 33,  7,  5, 94, 96, 67, 51, 50, 76,  3, 12, 53, 36, 93, 89, 52, 22, 80, 10,  6, 24, 56, 71, 14, 18, 66, 85, 29, 95, 58, 11, 21, 15, 75, 40, 34, 49, 82, 35, 57,  2, 48, 54, 79, 45, 26, 46, 23, 83, 30, 91, 28, 63, 77, 90,  4, 31, 61], 2257.17369208, 2324.20445217, 0., 0.00000000e+00,  0.        , 23.66666667, 35, 15, 42.5)
 (18, [32, 11, 21, 32, 81, 19, 93, 38, 68, 39, 27, 74, 73, 37, 69,  9, 62, 55, 92, 20, 16, 64, 17, 44, 86, 43,  8, 50, 41, 70, 59, 84, 25, 60, 72, 42, 65, 87, 32, 47,  1, 78, 88, 33,  7,  5, 94, 96, 67, 51, 13, 76,  3, 12, 53, 36, 71, 66, 56,  2, 80, 48,  6, 10, 24, 14, 18, 85, 22, 57, 95, 29, 54, 58, 11, 21, 15, 75, 40, 34, 49, 82, 35, 79, 45, 26, 46, 23, 83, 30, 91, 28, 89, 63, 77, 90,  4, 31, 61, 52], 2441.37864636, 2414.57749926, 0., 1.34005735e+01,  0.        ,  8.        , 30, 30, 45. )
 (18, [21, 12, 28, 35, 81, 19, 93, 38, 68, 39, 27, 74, 73, 37, 69,  9, 62, 55, 92, 20, 16, 64, 17, 44, 86, 43,  8, 13, 41, 70, 59, 84, 25, 60, 72, 78, 88, 33, 47,  1,  7, 65, 87, 32, 42,  5, 94,  2, 80, 48,  6, 24, 10, 96, 67, 51, 50, 76,  3, 12, 53, 36, 71, 66, 56, 14, 18, 85, 22, 29, 95, 57, 54, 58, 11, 21, 15, 75, 40, 34, 49, 82, 35, 79, 45, 26, 46, 23, 83, 30, 91, 28, 89, 63, 77, 90,  4, 31, 61, 52], 2454.07372583, 2454.07372583, 0., 0.00000000e+00,  0.        , 26.        , 31, 13, 37.5)
 (34, [25, 14, 25, 32, 81, 19, 38, 68, 39, 27, 74, 73, 37, 69,  9, 62, 55, 16, 64, 17, 44, 86, 43, 13, 59, 70, 84, 25, 60, 88, 32, 33, 65, 87, 72, 47,  1, 78,  7,  5, 94, 42, 96, 67, 51, 50, 76,  3, 12, 53, 36, 71, 20, 92, 41, 61, 52,  8, 93, 54, 89, 66,  2, 80, 48,  6, 24, 10, 29, 95, 22, 56, 14, 18, 58, 57, 85, 46, 28, 11, 21, 15, 75, 40, 34, 49, 82, 35, 79, 45, 26, 23, 83, 30, 91, 63, 77, 90,  4, 31], 2499.34907394, 2481.41206104, 0., 8.96850645e+00,  0.        , 32.        , 40, 11, 45.5)
 (18, [31, 11, 23, 31, 81, 19, 93, 38, 68, 39, 27, 74, 37, 69,  9, 62, 55, 92, 20, 16, 64, 17, 44, 86, 43,  8, 13, 41, 70, 84, 25, 60, 72, 42, 87, 32, 47,  1, 33,  7,  5, 94, 96, 67, 51, 50, 76,  3, 12, 53, 36, 71, 66, 56,  2, 80, 48,  6, 10, 24, 14, 18, 26, 91, 63, 77, 90, 85, 22, 29, 95, 57, 54, 58, 11, 21, 15, 75, 40, 34, 49, 82, 35, 79, 73, 46, 31, 59, 78, 88, 65, 45, 23, 83, 30, 28, 89,  4, 61, 52], 2547.70153703, 2560.15390795, 0., 1.34005735e+01,  0.        , 21.        , 32, 18, 41. )
 (34, [30, 24, 19, 23, 73, 60, 69,  9, 81, 19, 38, 68, 39, 27, 74, 62, 55, 92, 20, 16, 64, 17, 44, 86, 43,  8, 13, 41, 70, 59, 84, 25, 37, 72, 42, 65, 87, 32, 47,  1, 78, 88, 33,  7,  5, 94, 96, 67, 51, 50, 76,  3, 12, 53, 36, 71, 66, 56, 52, 93, 80, 89, 54,  2, 48,  6, 10, 24, 14, 18, 85, 22, 29, 95, 57, 58, 11, 21, 45, 79, 26, 46, 23, 83, 30, 91, 15, 75, 40, 34, 49, 82, 35, 28, 63, 77, 90,  4, 31, 61], 2585.09262515, 2585.09262515, 0., 0.00000000e+00,  0.        , 18.33333333, 33, 20, 43. )
 (34, [30, 24, 19, 23, 73, 60, 69,  9, 81, 19, 38, 68, 39, 27, 74, 62, 55, 92, 20, 16, 64, 17, 44, 86, 43,  8, 13, 41, 70, 59, 84, 25, 37, 72, 42, 65, 87, 32, 47,  1, 78, 88, 33,  7,  5, 94, 96, 67, 51, 50, 76,  3, 12, 53, 36, 71, 66, 56, 52, 93, 80, 89, 54,  2, 48,  6, 10, 24, 14, 18, 85, 22, 29, 95, 57, 58, 11, 21, 45, 79, 26, 46, 23, 83, 30, 91, 15, 75, 40, 34, 49, 82, 35, 28, 63, 77, 90,  4, 31, 61], 2585.09262515, 2585.09262515, 0., 0.00000000e+00,  0.        , 18.33333333, 34, 19, 43.5)
 (18, [31, 11, 23, 31, 81, 38, 39, 27, 93, 68, 77, 74, 73, 37, 69,  9, 62, 55, 92, 20, 16, 64, 17, 44, 86, 43,  8, 13, 41, 70, 59, 84, 25, 60, 72, 78, 88, 33, 47,  1, 42, 65, 87, 32,  7,  5, 94,  2, 80, 48,  6, 24, 10, 90, 63, 26, 91, 19, 96, 67, 51, 50, 76,  3, 12, 53, 36, 71, 66, 56, 14, 18, 85, 22, 29, 95, 57, 54, 58, 11, 21, 15, 75, 40, 34, 49, 82, 35, 79, 46, 31, 45, 23, 83, 30, 28, 89,  4, 61, 52], 2735.53960586, 2692.39478743, 0., 4.11133852e+01,  0.        , 21.33333333, 36, 17, 44.5)
 (18, [22, 16, 24, 34, 81, 19, 93, 38, 68, 39, 27, 74, 73, 37, 69,  9, 62, 55, 92, 20, 16, 64, 17, 44, 86, 43,  8, 13, 41, 70, 59, 56, 84, 25, 60, 72, 42, 47,  1, 78, 88, 65, 87, 33,  7,  5, 32, 94, 96, 67, 51,  2, 80, 48,  6, 24, 10, 50, 76,  3, 12, 53, 36, 71, 66, 14, 18, 85, 22, 29, 95, 57, 54, 58, 11, 21, 15, 75, 40, 34, 49, 82, 35, 79, 45, 26, 46, 23, 83, 30, 91, 28, 89, 63, 77, 90,  4, 31, 61, 52], 2786.34109643, 2786.34109643, 0., 0.00000000e+00,  0.        , 27.33333333, 37, 12, 43. )
 (18, [30, 20, 18, 28, 73, 60, 69,  9, 81, 19, 38, 68, 39, 27, 74, 62, 55, 92, 23, 16, 64, 17, 44, 86, 43,  8, 13, 41, 70, 59, 84, 25, 37, 72, 42, 65, 87, 32, 47,  1, 78, 88, 56, 33,  7,  5, 94, 96, 67, 51, 50, 76,  3, 12, 53, 36, 71, 66, 52, 93, 80, 89, 54,  2, 48,  6, 10, 24, 14, 18, 85, 22, 29, 95, 57, 58, 11, 21, 45, 79, 26, 46, 20, 83, 30, 91, 15, 75, 40, 34, 49, 82, 35, 28, 63, 77, 90,  4, 31, 61], 2803.47557716, 2996.65852417, 0., 0.00000000e+00,  0.        , 23.33333333, 38, 16, 46. )
 (18, [32, 11, 22, 31, 81, 38, 39, 27, 74, 37, 69,  9, 62, 55, 92, 20, 93, 68, 77, 90, 16, 64, 17, 44, 86, 43,  8, 13, 41, 70, 59, 84, 25, 60, 72, 42, 65, 87, 32, 47,  1, 78, 63, 26, 91, 19, 33,  7,  5, 94, 96, 67, 51, 50, 76,  3, 12,  2, 80, 48,  6, 24, 10, 53, 36, 71, 66, 56, 14, 18, 85, 22, 29, 95, 57, 54, 58, 11, 21, 15, 75, 40, 34, 49, 82, 35, 79, 73, 46, 31, 88, 45, 23, 83, 30, 28, 89,  4, 61, 52], 2830.83611225, 2879.76979468, 0., 1.34005735e+01,  0.        , 23.66666667, 39, 14, 46. )
 (18, [32, 12, 21, 31, 73, 81, 39, 44, 80, 86, 43, 69, 50, 67, 51, 41, 60,  9, 19, 38, 68, 27, 74, 62, 55, 92, 20, 16, 64, 17,  8, 13, 70, 59, 84, 25, 37, 72, 42, 65, 32, 47,  1, 78, 88, 33,  7,  5, 94, 96, 76,  3, 12, 53, 36, 71, 66, 56, 52, 93, 89,  2, 48, 10, 87, 14, 18, 85, 22, 29, 95, 57, 54, 58, 11, 21, 15, 75, 40, 34,  6, 24, 45, 79, 26, 46, 23, 83, 30, 91, 49, 82, 35, 28, 63, 77, 90,  4, 31, 61], 3384.04036698, 3390.55668405, 0., 3.45801656e+01, 37.67363369, 35.        , 41, 10, 46. )
 (18, [31, 11, 22, 32, 81, 38, 39, 27, 74, 37, 69,  9, 62, 55, 92, 20, 64, 44, 43, 13, 84, 17, 93, 86,  1, 47, 42, 72, 60, 25, 68, 77, 90, 41,  8, 70, 63, 87, 32, 16, 19, 33,  7,  5, 94, 96, 67, 51, 50, 76,  3, 12,  2, 80, 48,  6, 24, 10, 53, 36, 71, 66, 56, 14, 54, 49, 82, 35, 73, 18, 85, 22, 29, 95, 57, 58, 11, 21, 45, 79, 26, 46, 23, 83, 30, 91, 15, 75, 40, 34, 31, 59, 78, 88, 65, 28, 89,  4, 61, 52], 3494.30115081, 3704.34434987, 0., 0.00000000e+00,  0.        , 45.        , 42,  9, 46.5)
 (18, [29, 24, 20, 23, 39, 15, 89, 38, 37, 61, 46, 81, 52, 28, 23, 63, 62, 55, 92, 20, 16, 64, 17, 44, 86, 43,  8, 13, 41, 70, 59, 56, 84, 25, 60, 72, 42, 47,  1, 78, 88, 33, 65, 87, 32,  7,  5, 94,  2, 80, 48,  6, 24, 10, 96, 67, 51, 50, 76,  3, 12, 53, 36, 71, 66, 14, 18, 85, 22, 29, 95, 57, 54, 58, 11, 27, 26, 40, 91,  9, 30, 82, 93, 75, 74, 69, 21, 31, 79, 45, 77, 34, 73, 19, 90, 68, 35, 49, 83,  4], 4141.58904507, 4215.75028528, 0., 1.45420843e+01,  0.        , 59.        , 44,  6, 47. )
 (18, [24, 23, 22, 27, 81, 19, 93, 68, 74, 73, 69,  9, 62, 16, 17, 43,  8, 13, 41, 44,  1, 72, 75, 92, 70, 40, 25, 38, 37, 29, 20, 24, 59, 77,  4, 45, 82, 55, 87, 86,  6, 39, 64, 83, 11, 60, 27, 35, 22, 57, 84, 42, 65, 32, 47, 78, 88, 76,  3, 12, 53, 36, 71, 66, 56, 14, 18, 85, 33,  7,  5, 94, 96, 67, 51, 50,  2, 80, 48, 10, 95, 54, 58, 21, 15, 34, 49, 79, 26, 46, 23, 30, 91, 28, 89, 63, 90, 31, 61, 52], 4159.2748377 , 4233.52192198, 0., 5.52014820e+01,  0.        , 74.66666667, 45,  2, 46. )
 (18, [31, 12, 22, 31, 81, 19, 46, 26, 45, 79, 35, 82, 49, 34, 40, 75, 15, 21, 11, 58, 54, 29, 95, 57, 22, 85, 18, 14, 24, 10,  6, 48, 80,  2, 66, 71, 36, 53, 12,  3, 76, 50, 51, 67, 96, 94,  5,  7, 32, 87, 65, 33, 88, 78,  1, 47, 42, 72, 60, 25, 84, 56, 59, 70, 41, 13,  8, 43, 86, 44, 17, 64, 16, 20, 92, 55, 62,  9, 69, 37, 73, 74, 27, 39, 68, 38, 93, 23, 83, 30, 91, 28, 89, 63, 77, 90,  4, 31, 61, 52], 4376.11685473, 5003.24005247, 0., 2.39262676e+02,  0.        , 62.        , 46,  4, 48. )
 (18, [31, 12, 22, 31, 73, 81, 29, 95, 57, 22, 85, 18, 14, 24, 10,  6, 48, 80,  2, 56, 66, 71, 36, 53, 12,  3, 76, 50, 51, 67, 96, 94,  5,  7, 33, 88, 78,  1, 47, 32, 87, 65, 42, 72, 60, 25, 84, 59, 70, 41, 13,  8, 43, 86, 44, 17, 64, 16, 20, 92, 55, 62,  9, 69, 37, 74, 27, 39, 68, 38, 93, 19, 54, 58, 11, 21, 79, 26, 15, 75, 40, 34, 49, 82, 35, 63, 46, 23, 83, 30, 91, 28, 89, 77, 90,  4, 31, 61, 45, 52], 4400.65104847, 4927.52626284, 0., 2.85381739e+02,  0.        , 56.        , 47,  8, 51. )
 (18, [22, 24, 20, 30, 16,  1,  4, 31, 72, 55, 69,  9, 87, 13, 59, 67, 43, 25, 39, 38, 42, 78, 90, 94, 60,  7, 88, 65, 27, 47, 37, 73, 19, 68, 96, 17, 33,  5, 32, 44, 81, 84, 20, 61, 92, 41,  8, 52, 93, 80,  2, 48,  6, 24, 10, 51, 50, 76,  3, 12, 53, 36, 71, 66, 56, 14, 18, 85, 22, 29, 95, 57, 54, 58, 11, 21, 15, 75, 40, 34, 49, 82, 35, 79, 45, 26, 46, 23, 83, 30, 91, 28, 89, 63, 77, 64, 70, 62, 74, 86], 4417.27332724, 5136.30096674, 0., 3.45406494e+01,  0.        , 66.66666667, 48,  3, 49.5)
 (18, [30, 27, 20, 19, 16,  1,  4, 31, 72, 55, 69,  9, 87, 13, 77, 59, 43, 25, 66, 39, 38, 42, 78, 56, 90, 60, 88, 65, 27, 47, 37, 73, 68, 71, 17, 32, 44, 81, 84, 20, 61, 92, 19, 33,  7,  5, 94, 96, 67, 51, 50, 76,  3, 12,  2, 80, 48,  6, 24, 10, 53, 36, 41,  8, 52, 93, 89, 54, 14, 18, 85, 22, 29, 95, 57, 58, 11, 21, 45, 79, 26, 46, 23, 83, 30, 91, 15, 75, 40, 34, 49, 82, 35, 28, 64, 63, 70, 62, 74, 86], 4720.89561161, 4942.30560985, 0., 3.32915333e+01,  0.        , 61.33333333, 49,  5, 51.5)
 (18, [20, 24, 22, 30, 27, 45, 37, 55, 59, 46, 16, 70, 41, 77, 68,  4, 84, 60, 72, 28, 39, 38, 92, 42, 62, 25, 20,  8, 86, 83, 64, 49, 34, 40, 75, 15, 21, 11, 58, 54, 57, 95, 29, 22, 85, 18, 14, 24, 10,  6, 48, 80,  2, 56, 66, 74, 89, 93, 52, 17, 71, 36, 53, 12,  3, 76, 50, 51, 67, 96, 94,  5,  7, 33, 88, 78,  1, 47, 32, 87, 65, 82, 35, 79, 26, 61, 69, 30, 43, 90, 31, 73, 81, 19,  9, 91, 63, 13, 44, 23], 5016.01708287, 5392.79045844, 0., 1.25463558e+02,  0.        , 86.66666667, 50,  1, 50.5)]