
Total Runtime in seconds: 412.36528992652893Parameters:
population_size: 100, max_generations: 1000, executed generations: 1000, threshold_no_improvement: 500
target feasible proportion: 25
fitness_scaling: power_rank, selection_method: n_tournaments
p_c: 0.8, p_m: 0.4
tournament_size: 2, n_elite: 10
survivor_selection_step: 200, p_selection_survival: 0.7
kill clone step: 100
diversify_step: 300, diversify_step: 300, p_diversify_survival: 0.3
n_closest_neighbors: 3, diversity_weight: 0.5, distance_method: broken_pairs_distance
capacity_penalty_factor: 3.6372457807195234e-11, duration_penalty_factor 3.6372457807195234e-11, time_window_penalty: 196616309136.09354
Best fitness all generations, best individual before/after local search: 2021.1453250983004, 2021.1453250983004 / 2021.1453250983004
Best individual found before local search: (87, [14,  7, 21,  6, 31, 39, 35,  7, 27,  3, 11,  6, 22, 44, 32,  9, 41, 37, 48, 19, 45, 10, 42, 46, 34, 24, 12, 40, 25, 17, 33, 13, 29,  5,  1, 14, 26, 18, 28,  4, 36, 15, 23, 20,  8, 16,  2, 30, 38, 21, 47, 43], 2021.1453251, 2021.1453251, 0., 0., 0., 0., 0, 0, 0.)
Best individual found after local search: (87, [14,  7, 21,  6, 31, 39, 35,  7, 27,  3, 11,  6, 22, 44, 32,  9, 41, 37, 48, 19, 45, 10, 42, 46, 34, 24, 12, 40, 25, 17, 33, 13, 29,  5,  1, 14, 26, 18, 28,  4, 36, 15, 23, 20,  8, 16,  2, 30, 38, 21, 47, 43], 2021.1453251, 2021.1453251, 0., 0., 0., 0., 0, 0, 0.)
Best feasible individual found: (87, [14,  7, 21,  6, 31, 39, 35,  7, 27,  3, 11,  6, 22, 44, 32,  9, 41, 37, 48, 19, 45, 10, 42, 46, 34, 24, 12, 40, 25, 17, 33, 13, 29,  5,  1, 14, 26, 18, 28,  4, 36, 15, 23, 20,  8, 16,  2, 30, 38, 21, 47, 43], 2021.1453251, 2021.1453251, 0., 0., 0., 0., 0, 0, 0.)

Fitness stats min: [4477.32256785 4382.43649269 4324.03433699 4296.36875654 4166.93119867
 4066.77865168 4066.77865168 3875.39579609 3875.39579609 3825.36811562
 3721.24981729 3702.13942018 3546.88999914 3546.88999914 3518.99404875
 3518.99404875 3437.93890662 3437.93890662 3190.61659429 3190.61659429
 3190.61659429 3190.61659429 3188.42881101 3188.42881101 3104.29361766
 3088.83332897 3034.64332683 3023.38226561 2994.37323899 2968.63159107
 2945.06902821 2909.84009762 2899.60927854 2899.60927854 2899.60927854
 2871.2258394  2854.44972012 2840.49968554 2840.49968554 2745.41166556
 2745.41166556 2745.41166556 2713.33326019 2713.33326019 2713.33326019
 2713.33326019 2652.178962   2649.70151128 2625.2033918  2617.26726472
 2611.46358841 2611.46358841 2574.68222318 2574.68222318 2559.43863935
 2559.43863935 2559.43863935 2513.65293401 2513.65293401 2501.79228381
 2416.29748623 2416.29748623 2416.29748623 2416.29748623 2416.29748623
 2416.29748623 2416.29748623 2411.13207658 2333.71431911 2333.71431911
 2333.71431911 2333.71431911 2333.71431911 2333.71431911 2333.71431911
 2333.71431911 2323.22376185 2323.22376185 2323.22376185 2323.22376185
 2282.21595793 2282.21595793 2282.21595793 2282.21595793 2282.19218718
 2282.19218718 2282.19218718 2282.19218718 2259.0707571  2259.0707571
 2259.0707571  2259.0707571  2259.0707571  2259.0707571  2252.73855154
 2252.73855154 2252.73855154 2252.73855154 2252.73855154 2252.73855154
 2252.73855154 2252.73855154 2244.17333828 2244.17333828 2244.17333828
 2244.17333828 2244.17333828 2244.17333828 2236.45199043 2236.45199043
 2236.45199043 2236.45199043 2236.45199043 2236.45199043 2236.45199043
 2234.94820892 2233.99704529 2233.99704529 2233.99704529 2233.99704529
 2233.99704529 2233.99704529 2233.99704529 2233.99704529 2233.99704529
 2211.50661135 2211.50661135 2211.50661135 2211.50661135 2211.50661135
 2211.50661135 2211.50661135 2203.7852635  2203.7852635  2203.7852635
 2203.7852635  2202.34774327 2202.34774327 2202.34774327 2183.60332607
 2183.60332607 2183.60332607 2144.61616246 2144.61616246 2144.61616246
 2144.61616246 2144.61616246 2143.11238094 2143.11238094 2133.59309311
 2133.59309311 2133.59309311 2133.59309311 2133.59309311 2133.59309311
 2133.59309311 2133.59309311 2132.0893116  2132.0893116  2132.0893116
 2132.0893116  2132.0893116  2126.49192239 2126.49192239 2126.49192239
 2126.49192239 2126.49192239 2126.49192239 2126.49192239 2126.49192239
 2126.49192239 2126.49192239 2112.81051003 2112.81051003 2112.81051003
 2112.81051003 2112.81051003 2112.81051003 2112.81051003 2112.81051003
 2112.81051003 2112.81051003 2112.81051003 2112.81051003 2112.81051003
 2112.81051003 2112.81051003 2112.81051003 2112.81051003 2112.81051003
 2112.81051003 2112.81051003 2112.81051003 2112.81051003 2112.81051003
 2112.81051003 2112.81051003 2112.81051003 2112.81051003 2112.81051003
 2112.81051003 2112.81051003 2112.81051003 2112.81051003 2112.81051003
 2112.81051003 2112.81051003 2112.81051003 2112.81051003 2112.81051003
 2112.81051003 2112.81051003 2112.81051003 2100.41470734 2100.41470734
 2100.41470734 2100.41470734 2100.41470734 2100.41470734 2092.26045014
 2046.89359223 2046.89359223 2046.89359223 2046.89359223 2030.19533831
 2030.19533831 2030.19533831 2030.19533831 2030.19533831 2030.19533831
 2030.19533831 2030.19533831 2030.19533831 2030.19533831 2030.19533831
 2030.19533831 2030.19533831 2030.19533831 2030.19533831 2030.19533831
 2030.19533831 2030.19533831 2030.19533831 2030.19533831 2030.19533831
 2030.19533831 2030.19533831 2030.19533831 2030.19533831 2030.19533831
 2030.19533831 2030.19533831 2030.19533831 2030.19533831 2030.19533831
 2030.19533831 2030.19533831 2030.19533831 2030.19533831 2030.19533831
 2030.19533831 2030.19533831 2030.19533831 2030.19533831 2030.19533831
 2030.19533831 2030.19533831 2030.19533831 2030.19533831 2030.19533831
 2030.19533831 2030.19533831 2030.19533831 2030.19533831 2030.19533831
 2030.19533831 2030.19533831 2030.19533831 2030.19533831 2030.19533831
 2030.19533831 2030.19533831 2030.19533831 2030.19533831 2030.19533831
 2030.19533831 2030.19533831 2030.19533831 2030.19533831 2030.19533831
 2030.19533831 2030.19533831 2030.19533831 2030.19533831 2030.19533831
 2030.19533831 2030.19533831 2030.19533831 2030.19533831 2030.19533831
 2030.19533831 2030.19533831 2030.19533831 2030.19533831 2030.19533831
 2030.19533831 2030.19533831 2030.19533831 2030.19533831 2030.19533831
 2030.19533831 2030.19533831 2030.19533831 2030.19533831 2030.19533831
 2030.19533831 2030.19533831 2030.19533831 2030.19533831 2030.19533831
 2030.19533831 2030.19533831 2030.19533831 2030.19533831 2030.19533831
 2030.19533831 2030.19533831 2030.19533831 2030.19533831 2030.19533831
 2030.19533831 2030.19533831 2030.19533831 2030.19533831 2030.19533831
 2030.19533831 2030.19533831 2030.19533831 2030.19533831 2030.19533831
 2030.19533831 2030.19533831 2030.19533831 2030.19533831 2030.19533831
 2030.19533831 2030.19533831 2030.19533831 2030.19533831 2030.19533831
 2030.19533831 2030.19533831 2030.19533831 2030.19533831 2030.19533831
 2030.19533831 2030.19533831 2030.19533831 2030.19533831 2030.19533831
 2030.19533831 2030.19533831 2030.19533831 2030.19533831 2030.19533831
 2030.19533831 2030.19533831 2030.19533831 2030.19533831 2030.19533831
 2030.19533831 2030.19533831 2030.19533831 2030.19533831 2030.19533831
 2030.19533831 2030.19533831 2030.19533831 2030.19533831 2030.19533831
 2030.19533831 2030.19533831 2030.19533831 2030.19533831 2030.19533831
 2030.19533831 2030.19533831 2030.19533831 2030.19533831 2030.19533831
 2030.19533831 2030.19533831 2030.19533831 2026.82650057 2026.82650057
 2026.82650057 2026.82650057 2026.82650057 2026.82650057 2026.82650057
 2026.82650057 2026.82650057 2026.82650057 2026.82650057 2026.82650057
 2026.82650057 2026.82650057 2026.82650057 2026.82650057 2026.82650057
 2026.82650057 2026.82650057 2026.82650057 2026.82650057 2026.82650057
 2026.82650057 2026.82650057 2026.82650057 2026.82650057 2026.82650057
 2026.82650057 2026.82650057 2026.82650057 2026.82650057 2026.82650057
 2026.82650057 2026.82650057 2026.82650057 2026.82650057 2026.82650057
 2026.82650057 2026.82650057 2026.82650057 2026.82650057 2026.82650057
 2026.82650057 2026.82650057 2026.82650057 2026.82650057 2026.82650057
 2026.82650057 2026.82650057 2026.82650057 2026.82650057 2026.82650057
 2026.82650057 2026.82650057 2026.82650057 2026.82650057 2026.82650057
 2026.82650057 2026.82650057 2026.82650057 2026.82650057 2026.82650057
 2026.82650057 2026.82650057 2026.82650057 2026.82650057 2026.82650057
 2026.82650057 2026.82650057 2026.82650057 2026.82650057 2026.82650057
 2026.82650057 2026.82650057 2026.82650057 2026.82650057 2025.3024499
 2025.3024499  2025.3024499  2025.3024499  2025.3024499  2025.3024499
 2025.3024499  2025.3024499  2025.3024499  2025.3024499  2025.3024499
 2025.3024499  2025.3024499  2025.3024499  2025.3024499  2025.3024499
 2025.3024499  2025.3024499  2025.3024499  2025.3024499  2025.3024499
 2025.3024499  2025.3024499  2025.3024499  2025.3024499  2025.3024499
 2025.3024499  2025.3024499  2025.3024499  2025.3024499  2025.3024499
 2025.3024499  2025.3024499  2025.3024499  2025.3024499  2025.3024499
 2025.3024499  2025.3024499  2025.3024499  2025.3024499  2025.3024499
 2025.3024499  2025.3024499  2025.3024499  2025.3024499  2025.3024499
 2025.3024499  2025.3024499  2025.3024499  2025.3024499  2025.3024499
 2025.3024499  2025.3024499  2025.3024499  2025.3024499  2025.3024499
 2025.3024499  2025.3024499  2025.3024499  2025.3024499  2025.3024499
 2025.3024499  2025.3024499  2025.3024499  2025.3024499  2025.3024499
 2025.3024499  2025.3024499  2025.3024499  2025.3024499  2025.3024499
 2025.3024499  2025.3024499  2025.3024499  2025.3024499  2025.3024499
 2025.3024499  2025.3024499  2025.3024499  2025.3024499  2025.3024499
 2025.3024499  2025.3024499  2025.3024499  2025.3024499  2025.3024499
 2025.3024499  2025.3024499  2025.3024499  2025.3024499  2025.3024499
 2025.3024499  2025.3024499  2025.3024499  2025.3024499  2025.3024499
 2025.3024499  2025.3024499  2025.3024499  2025.3024499  2025.3024499
 2025.3024499  2025.3024499  2025.3024499  2025.3024499  2025.3024499
 2025.3024499  2025.3024499  2025.3024499  2025.3024499  2025.3024499
 2025.3024499  2025.3024499  2025.3024499  2025.3024499  2025.3024499
 2025.3024499  2025.3024499  2025.3024499  2025.3024499  2025.3024499
 2025.3024499  2025.3024499  2025.3024499  2025.3024499  2025.3024499
 2025.3024499  2025.3024499  2025.3024499  2025.3024499  2025.3024499
 2025.3024499  2025.3024499  2025.3024499  2025.3024499  2025.3024499
 2025.3024499  2025.3024499  2025.3024499  2025.3024499  2025.3024499
 2025.3024499  2025.3024499  2023.01894646 2023.01894646 2023.01894646
 2023.01894646 2023.01894646 2023.01894646 2023.01894646 2023.01894646
 2023.01894646 2023.01894646 2023.01894646 2023.01894646 2023.01894646
 2023.01894646 2023.01894646 2023.01894646 2023.01894646 2023.01894646
 2023.01894646 2023.01894646 2023.01894646 2023.01894646 2023.01894646
 2023.01894646 2023.01894646 2023.01894646 2023.01894646 2023.01894646
 2023.01894646 2023.01894646 2023.01894646 2023.01894646 2023.01894646
 2023.01894646 2023.01894646 2023.01894646 2023.01894646 2023.01894646
 2023.01894646 2023.01894646 2023.01894646 2023.01894646 2023.01894646
 2023.01894646 2023.01894646 2023.01894646 2023.01894646 2023.01894646
 2023.01894646 2023.01894646 2023.01894646 2023.01894646 2023.01894646
 2023.01894646 2023.01894646 2023.01894646 2023.01894646 2023.01894646
 2023.01894646 2023.01894646 2023.01894646 2023.01894646 2023.01894646
 2023.01894646 2023.01894646 2023.01894646 2023.01894646 2023.01894646
 2023.01894646 2023.01894646 2023.01894646 2023.01894646 2023.01894646
 2023.01894646 2023.01894646 2023.01894646 2023.01894646 2023.01894646
 2023.01894646 2023.01894646 2023.01894646 2023.01894646 2023.01894646
 2023.01894646 2023.01894646 2023.01894646 2023.01894646 2023.01894646
 2023.01894646 2023.01894646 2023.01894646 2023.01894646 2023.01894646
 2023.01894646 2023.01894646 2023.01894646 2023.01894646 2023.01894646
 2023.01894646 2023.01894646 2023.01894646 2023.01894646 2023.01894646
 2023.01894646 2023.01894646 2023.01894646 2023.01894646 2023.01894646
 2023.01894646 2023.01894646 2023.01894646 2023.01894646 2023.01894646
 2023.01894646 2023.01894646 2023.01894646 2023.01894646 2023.01894646
 2023.01894646 2023.01894646 2023.01894646 2023.01894646 2023.01894646
 2023.01894646 2023.01894646 2023.01894646 2023.01894646 2023.01894646
 2023.01894646 2023.01894646 2023.01894646 2023.01894646 2023.01894646
 2023.01894646 2023.01894646 2023.01894646 2023.01894646 2023.01894646
 2023.01894646 2023.01894646 2023.01894646 2023.01894646 2023.01894646
 2023.01894646 2023.01894646 2023.01894646 2023.01894646 2023.01894646
 2023.01894646 2023.01894646 2023.01894646 2023.01894646 2023.01894646
 2023.01894646 2023.01894646 2023.01894646 2023.01894646 2023.01894646
 2023.01894646 2023.01894646 2023.01894646 2023.01894646 2023.01894646
 2023.01894646 2023.01894646 2023.01894646 2023.01894646 2023.01894646
 2023.01894646 2023.01894646 2023.01894646 2023.01894646 2023.01894646
 2023.01894646 2023.01894646 2023.01894646 2023.01894646 2023.01894646
 2023.01894646 2023.01894646 2023.01894646 2023.01894646 2023.01894646
 2023.01894646 2023.01894646 2023.01894646 2023.01894646 2023.01894646
 2023.01894646 2023.01894646 2023.01894646 2021.1453251  2021.1453251
 2021.1453251  2021.1453251  2021.1453251  2021.1453251  2021.1453251
 2021.1453251  2021.1453251  2021.1453251  2021.1453251  2021.1453251
 2021.1453251  2021.1453251  2021.1453251  2021.1453251  2021.1453251
 2021.1453251  2021.1453251  2021.1453251  2021.1453251  2021.1453251
 2021.1453251  2021.1453251  2021.1453251  2021.1453251  2021.1453251
 2021.1453251  2021.1453251  2021.1453251  2021.1453251  2021.1453251
 2021.1453251  2021.1453251  2021.1453251  2021.1453251  2021.1453251
 2021.1453251  2021.1453251  2021.1453251  2021.1453251  2021.1453251
 2021.1453251  2021.1453251  2021.1453251  2021.1453251  2021.1453251
 2021.1453251  2021.1453251  2021.1453251  2021.1453251  2021.1453251
 2021.1453251  2021.1453251  2021.1453251  2021.1453251  2021.1453251
 2021.1453251  2021.1453251  2021.1453251  2021.1453251  2021.1453251
 2021.1453251  2021.1453251  2021.1453251  2021.1453251  2021.1453251
 2021.1453251  2021.1453251  2021.1453251  2021.1453251  2021.1453251
 2021.1453251  2021.1453251  2021.1453251  2021.1453251  2021.1453251
 2021.1453251  2021.1453251  2021.1453251  2021.1453251  2021.1453251
 2021.1453251  2021.1453251  2021.1453251  2021.1453251  2021.1453251
 2021.1453251  2021.1453251  2021.1453251  2021.1453251  2021.1453251
 2021.1453251  2021.1453251  2021.1453251  2021.1453251  2021.1453251
 2021.1453251  2021.1453251  2021.1453251  2021.1453251  2021.1453251
 2021.1453251  2021.1453251  2021.1453251  2021.1453251  2021.1453251
 2021.1453251  2021.1453251  2021.1453251  2021.1453251  2021.1453251
 2021.1453251  2021.1453251  2021.1453251  2021.1453251  2021.1453251
 2021.1453251  2021.1453251  2021.1453251  2021.1453251  2021.1453251
 2021.1453251  2021.1453251  2021.1453251  2021.1453251  2021.1453251
 2021.1453251  2021.1453251  2021.1453251  2021.1453251  2021.1453251
 2021.1453251  2021.1453251  2021.1453251  2021.1453251  2021.1453251
 2021.1453251  2021.1453251  2021.1453251  2021.1453251  2021.1453251
 2021.1453251  2021.1453251  2021.1453251  2021.1453251  2021.1453251
 2021.1453251  2021.1453251  2021.1453251  2021.1453251  2021.1453251
 2021.1453251  2021.1453251  2021.1453251  2021.1453251  2021.1453251
 2021.1453251  2021.1453251  2021.1453251  2021.1453251  2021.1453251
 2021.1453251  2021.1453251  2021.1453251  2021.1453251  2021.1453251
 2021.1453251  2021.1453251  2021.1453251  2021.1453251  2021.1453251
 2021.1453251  2021.1453251  2021.1453251  2021.1453251  2021.1453251
 2021.1453251  2021.1453251  2021.1453251  2021.1453251  2021.1453251
 2021.1453251  2021.1453251  2021.1453251  2021.1453251  2021.1453251
 2021.1453251  2021.1453251  2021.1453251  2021.1453251  2021.1453251
 2021.1453251  2021.1453251  2021.1453251  2021.1453251  2021.1453251
 2021.1453251 ] 

Fitness stats feasible min: [4477.32256785 4477.32256785 4373.99602962 4296.36875654 4166.93119867
 4088.09676394 4088.09676394 3875.39579609 3875.39579609 3825.36811562
 3721.24981729 3721.24981729 3546.88999914 3546.88999914 3518.99404875
 3518.99404875 3437.93890662 3437.93890662 3190.61659429 3190.61659429
 3190.61659429 3190.61659429 3188.42881101 3188.42881101 3104.29361766
 3088.83332897 3034.64332683 3023.38226561 2994.37323899 2968.63159107
 2945.06902821 2909.84009762 2899.60927854 2899.60927854 2899.60927854
 2871.2258394  2854.44972012 2840.49968554 2840.49968554 2745.41166556
 2745.41166556 2745.41166556 2713.33326019 2713.33326019 2713.33326019
 2713.33326019 2652.178962   2649.70151128 2625.2033918  2617.26726472
 2611.46358841 2611.46358841 2574.68222318 2574.68222318 2559.43863935
 2559.43863935 2559.43863935 2513.65293401 2513.65293401 2501.79228381
 2416.29748623 2416.29748623 2416.29748623 2416.29748623 2416.29748623
 2416.29748623 2416.29748623 2411.13207658 2333.71431911 2333.71431911
 2333.71431911 2333.71431911 2333.71431911 2333.71431911 2333.71431911
 2333.71431911 2323.22376185 2323.22376185 2323.22376185 2323.22376185
 2282.21595793 2282.21595793 2282.21595793 2282.21595793 2282.19218718
 2282.19218718 2282.19218718 2282.19218718 2259.0707571  2259.0707571
 2259.0707571  2259.0707571  2259.0707571  2259.0707571  2252.73855154
 2252.73855154 2252.73855154 2252.73855154 2252.73855154 2252.73855154
 2252.73855154 2252.73855154 2244.17333828 2244.17333828 2244.17333828
 2244.17333828 2244.17333828 2244.17333828 2236.45199043 2236.45199043
 2236.45199043 2236.45199043 2236.45199043 2236.45199043 2236.45199043
 2234.94820892 2233.99704529 2233.99704529 2233.99704529 2233.99704529
 2233.99704529 2233.99704529 2233.99704529 2233.99704529 2233.99704529
 2211.50661135 2211.50661135 2211.50661135 2211.50661135 2211.50661135
 2211.50661135 2211.50661135 2203.7852635  2203.7852635  2203.7852635
 2203.7852635  2202.34774327 2202.34774327 2202.34774327 2183.60332607
 2183.60332607 2183.60332607 2144.61616246 2144.61616246 2144.61616246
 2144.61616246 2144.61616246 2143.11238094 2143.11238094 2133.59309311
 2133.59309311 2133.59309311 2133.59309311 2133.59309311 2133.59309311
 2133.59309311 2133.59309311 2132.0893116  2132.0893116  2132.0893116
 2132.0893116  2132.0893116  2126.49192239 2126.49192239 2126.49192239
 2126.49192239 2126.49192239 2126.49192239 2126.49192239 2126.49192239
 2126.49192239 2126.49192239 2112.81051003 2112.81051003 2112.81051003
 2112.81051003 2112.81051003 2112.81051003 2112.81051003 2112.81051003
 2112.81051003 2112.81051003 2112.81051003 2112.81051003 2112.81051003
 2112.81051003 2112.81051003 2112.81051003 2112.81051003 2112.81051003
 2112.81051003 2112.81051003 2112.81051003 2112.81051003 2112.81051003
 2112.81051003 2112.81051003 2112.81051003 2112.81051003 2112.81051003
 2112.81051003 2112.81051003 2112.81051003 2112.81051003 2112.81051003
 2112.81051003 2112.81051003 2112.81051003 2112.81051003 2112.81051003
 2112.81051003 2112.81051003 2112.81051003 2100.41470734 2100.41470734
 2100.41470734 2100.41470734 2100.41470734 2100.41470734 2092.26045014
 2046.89359223 2046.89359223 2046.89359223 2046.89359223 2030.19533831
 2030.19533831 2030.19533831 2030.19533831 2030.19533831 2030.19533831
 2030.19533831 2030.19533831 2030.19533831 2030.19533831 2030.19533831
 2030.19533831 2030.19533831 2030.19533831 2030.19533831 2030.19533831
 2030.19533831 2030.19533831 2030.19533831 2030.19533831 2030.19533831
 2030.19533831 2030.19533831 2030.19533831 2030.19533831 2030.19533831
 2030.19533831 2030.19533831 2030.19533831 2030.19533831 2030.19533831
 2030.19533831 2030.19533831 2030.19533831 2030.19533831 2030.19533831
 2030.19533831 2030.19533831 2030.19533831 2030.19533831 2030.19533831
 2030.19533831 2030.19533831 2030.19533831 2030.19533831 2030.19533831
 2030.19533831 2030.19533831 2030.19533831 2030.19533831 2030.19533831
 2030.19533831 2030.19533831 2030.19533831 2030.19533831 2030.19533831
 2030.19533831 2030.19533831 2030.19533831 2030.19533831 2030.19533831
 2030.19533831 2030.19533831 2030.19533831 2030.19533831 2030.19533831
 2030.19533831 2030.19533831 2030.19533831 2030.19533831 2030.19533831
 2030.19533831 2030.19533831 2030.19533831 2030.19533831 2030.19533831
 2030.19533831 2030.19533831 2030.19533831 2030.19533831 2030.19533831
 2030.19533831 2030.19533831 2030.19533831 2030.19533831 2030.19533831
 2030.19533831 2030.19533831 2030.19533831 2030.19533831 2030.19533831
 2030.19533831 2030.19533831 2030.19533831 2030.19533831 2030.19533831
 2030.19533831 2030.19533831 2030.19533831 2030.19533831 2030.19533831
 2030.19533831 2030.19533831 2030.19533831 2030.19533831 2030.19533831
 2030.19533831 2030.19533831 2030.19533831 2030.19533831 2030.19533831
 2030.19533831 2030.19533831 2030.19533831 2030.19533831 2030.19533831
 2030.19533831 2030.19533831 2030.19533831 2030.19533831 2030.19533831
 2030.19533831 2030.19533831 2030.19533831 2030.19533831 2030.19533831
 2030.19533831 2030.19533831 2030.19533831 2030.19533831 2030.19533831
 2030.19533831 2030.19533831 2030.19533831 2030.19533831 2030.19533831
 2030.19533831 2030.19533831 2030.19533831 2030.19533831 2030.19533831
 2030.19533831 2030.19533831 2030.19533831 2030.19533831 2030.19533831
 2030.19533831 2030.19533831 2030.19533831 2030.19533831 2030.19533831
 2030.19533831 2030.19533831 2030.19533831 2030.19533831 2030.19533831
 2030.19533831 2030.19533831 2030.19533831 2030.19533831 2030.19533831
 2030.19533831 2030.19533831 2030.19533831 2030.19533831 2030.19533831
 2030.19533831 2030.19533831 2030.19533831 2026.82650057 2026.82650057
 2026.82650057 2026.82650057 2026.82650057 2026.82650057 2026.82650057
 2026.82650057 2026.82650057 2026.82650057 2026.82650057 2026.82650057
 2026.82650057 2026.82650057 2026.82650057 2026.82650057 2026.82650057
 2026.82650057 2026.82650057 2026.82650057 2026.82650057 2026.82650057
 2026.82650057 2026.82650057 2026.82650057 2026.82650057 2026.82650057
 2026.82650057 2026.82650057 2026.82650057 2026.82650057 2026.82650057
 2026.82650057 2026.82650057 2026.82650057 2026.82650057 2026.82650057
 2026.82650057 2026.82650057 2026.82650057 2026.82650057 2026.82650057
 2026.82650057 2026.82650057 2026.82650057 2026.82650057 2026.82650057
 2026.82650057 2026.82650057 2026.82650057 2026.82650057 2026.82650057
 2026.82650057 2026.82650057 2026.82650057 2026.82650057 2026.82650057
 2026.82650057 2026.82650057 2026.82650057 2026.82650057 2026.82650057
 2026.82650057 2026.82650057 2026.82650057 2026.82650057 2026.82650057
 2026.82650057 2026.82650057 2026.82650057 2026.82650057 2026.82650057
 2026.82650057 2026.82650057 2026.82650057 2026.82650057 2025.3024499
 2025.3024499  2025.3024499  2025.3024499  2025.3024499  2025.3024499
 2025.3024499  2025.3024499  2025.3024499  2025.3024499  2025.3024499
 2025.3024499  2025.3024499  2025.3024499  2025.3024499  2025.3024499
 2025.3024499  2025.3024499  2025.3024499  2025.3024499  2025.3024499
 2025.3024499  2025.3024499  2025.3024499  2025.3024499  2025.3024499
 2025.3024499  2025.3024499  2025.3024499  2025.3024499  2025.3024499
 2025.3024499  2025.3024499  2025.3024499  2025.3024499  2025.3024499
 2025.3024499  2025.3024499  2025.3024499  2025.3024499  2025.3024499
 2025.3024499  2025.3024499  2025.3024499  2025.3024499  2025.3024499
 2025.3024499  2025.3024499  2025.3024499  2025.3024499  2025.3024499
 2025.3024499  2025.3024499  2025.3024499  2025.3024499  2025.3024499
 2025.3024499  2025.3024499  2025.3024499  2025.3024499  2025.3024499
 2025.3024499  2025.3024499  2025.3024499  2025.3024499  2025.3024499
 2025.3024499  2025.3024499  2025.3024499  2025.3024499  2025.3024499
 2025.3024499  2025.3024499  2025.3024499  2025.3024499  2025.3024499
 2025.3024499  2025.3024499  2025.3024499  2025.3024499  2025.3024499
 2025.3024499  2025.3024499  2025.3024499  2025.3024499  2025.3024499
 2025.3024499  2025.3024499  2025.3024499  2025.3024499  2025.3024499
 2025.3024499  2025.3024499  2025.3024499  2025.3024499  2025.3024499
 2025.3024499  2025.3024499  2025.3024499  2025.3024499  2025.3024499
 2025.3024499  2025.3024499  2025.3024499  2025.3024499  2025.3024499
 2025.3024499  2025.3024499  2025.3024499  2025.3024499  2025.3024499
 2025.3024499  2025.3024499  2025.3024499  2025.3024499  2025.3024499
 2025.3024499  2025.3024499  2025.3024499  2025.3024499  2025.3024499
 2025.3024499  2025.3024499  2025.3024499  2025.3024499  2025.3024499
 2025.3024499  2025.3024499  2025.3024499  2025.3024499  2025.3024499
 2025.3024499  2025.3024499  2025.3024499  2025.3024499  2025.3024499
 2025.3024499  2025.3024499  2025.3024499  2025.3024499  2025.3024499
 2025.3024499  2025.3024499  2023.01894646 2023.01894646 2023.01894646
 2023.01894646 2023.01894646 2023.01894646 2023.01894646 2023.01894646
 2023.01894646 2023.01894646 2023.01894646 2023.01894646 2023.01894646
 2023.01894646 2023.01894646 2023.01894646 2023.01894646 2023.01894646
 2023.01894646 2023.01894646 2023.01894646 2023.01894646 2023.01894646
 2023.01894646 2023.01894646 2023.01894646 2023.01894646 2023.01894646
 2023.01894646 2023.01894646 2023.01894646 2023.01894646 2023.01894646
 2023.01894646 2023.01894646 2023.01894646 2023.01894646 2023.01894646
 2023.01894646 2023.01894646 2023.01894646 2023.01894646 2023.01894646
 2023.01894646 2023.01894646 2023.01894646 2023.01894646 2023.01894646
 2023.01894646 2023.01894646 2023.01894646 2023.01894646 2023.01894646
 2023.01894646 2023.01894646 2023.01894646 2023.01894646 2023.01894646
 2023.01894646 2023.01894646 2023.01894646 2023.01894646 2023.01894646
 2023.01894646 2023.01894646 2023.01894646 2023.01894646 2023.01894646
 2023.01894646 2023.01894646 2023.01894646 2023.01894646 2023.01894646
 2023.01894646 2023.01894646 2023.01894646 2023.01894646 2023.01894646
 2023.01894646 2023.01894646 2023.01894646 2023.01894646 2023.01894646
 2023.01894646 2023.01894646 2023.01894646 2023.01894646 2023.01894646
 2023.01894646 2023.01894646 2023.01894646 2023.01894646 2023.01894646
 2023.01894646 2023.01894646 2023.01894646 2023.01894646 2023.01894646
 2023.01894646 2023.01894646 2023.01894646 2023.01894646 2023.01894646
 2023.01894646 2023.01894646 2023.01894646 2023.01894646 2023.01894646
 2023.01894646 2023.01894646 2023.01894646 2023.01894646 2023.01894646
 2023.01894646 2023.01894646 2023.01894646 2023.01894646 2023.01894646
 2023.01894646 2023.01894646 2023.01894646 2023.01894646 2023.01894646
 2023.01894646 2023.01894646 2023.01894646 2023.01894646 2023.01894646
 2023.01894646 2023.01894646 2023.01894646 2023.01894646 2023.01894646
 2023.01894646 2023.01894646 2023.01894646 2023.01894646 2023.01894646
 2023.01894646 2023.01894646 2023.01894646 2023.01894646 2023.01894646
 2023.01894646 2023.01894646 2023.01894646 2023.01894646 2023.01894646
 2023.01894646 2023.01894646 2023.01894646 2023.01894646 2023.01894646
 2023.01894646 2023.01894646 2023.01894646 2023.01894646 2023.01894646
 2023.01894646 2023.01894646 2023.01894646 2023.01894646 2023.01894646
 2023.01894646 2023.01894646 2023.01894646 2023.01894646 2023.01894646
 2023.01894646 2023.01894646 2023.01894646 2023.01894646 2023.01894646
 2023.01894646 2023.01894646 2023.01894646 2023.01894646 2023.01894646
 2023.01894646 2023.01894646 2023.01894646 2023.01894646 2023.01894646
 2023.01894646 2023.01894646 2023.01894646 2023.01894646 2023.01894646
 2023.01894646 2023.01894646 2023.01894646 2021.1453251  2021.1453251
 2021.1453251  2021.1453251  2021.1453251  2021.1453251  2021.1453251
 2021.1453251  2021.1453251  2021.1453251  2021.1453251  2021.1453251
 2021.1453251  2021.1453251  2021.1453251  2021.1453251  2021.1453251
 2021.1453251  2021.1453251  2021.1453251  2021.1453251  2021.1453251
 2021.1453251  2021.1453251  2021.1453251  2021.1453251  2021.1453251
 2021.1453251  2021.1453251  2021.1453251  2021.1453251  2021.1453251
 2021.1453251  2021.1453251  2021.1453251  2021.1453251  2021.1453251
 2021.1453251  2021.1453251  2021.1453251  2021.1453251  2021.1453251
 2021.1453251  2021.1453251  2021.1453251  2021.1453251  2021.1453251
 2021.1453251  2021.1453251  2021.1453251  2021.1453251  2021.1453251
 2021.1453251  2021.1453251  2021.1453251  2021.1453251  2021.1453251
 2021.1453251  2021.1453251  2021.1453251  2021.1453251  2021.1453251
 2021.1453251  2021.1453251  2021.1453251  2021.1453251  2021.1453251
 2021.1453251  2021.1453251  2021.1453251  2021.1453251  2021.1453251
 2021.1453251  2021.1453251  2021.1453251  2021.1453251  2021.1453251
 2021.1453251  2021.1453251  2021.1453251  2021.1453251  2021.1453251
 2021.1453251  2021.1453251  2021.1453251  2021.1453251  2021.1453251
 2021.1453251  2021.1453251  2021.1453251  2021.1453251  2021.1453251
 2021.1453251  2021.1453251  2021.1453251  2021.1453251  2021.1453251
 2021.1453251  2021.1453251  2021.1453251  2021.1453251  2021.1453251
 2021.1453251  2021.1453251  2021.1453251  2021.1453251  2021.1453251
 2021.1453251  2021.1453251  2021.1453251  2021.1453251  2021.1453251
 2021.1453251  2021.1453251  2021.1453251  2021.1453251  2021.1453251
 2021.1453251  2021.1453251  2021.1453251  2021.1453251  2021.1453251
 2021.1453251  2021.1453251  2021.1453251  2021.1453251  2021.1453251
 2021.1453251  2021.1453251  2021.1453251  2021.1453251  2021.1453251
 2021.1453251  2021.1453251  2021.1453251  2021.1453251  2021.1453251
 2021.1453251  2021.1453251  2021.1453251  2021.1453251  2021.1453251
 2021.1453251  2021.1453251  2021.1453251  2021.1453251  2021.1453251
 2021.1453251  2021.1453251  2021.1453251  2021.1453251  2021.1453251
 2021.1453251  2021.1453251  2021.1453251  2021.1453251  2021.1453251
 2021.1453251  2021.1453251  2021.1453251  2021.1453251  2021.1453251
 2021.1453251  2021.1453251  2021.1453251  2021.1453251  2021.1453251
 2021.1453251  2021.1453251  2021.1453251  2021.1453251  2021.1453251
 2021.1453251  2021.1453251  2021.1453251  2021.1453251  2021.1453251
 2021.1453251  2021.1453251  2021.1453251  2021.1453251  2021.1453251
 2021.1453251  2021.1453251  2021.1453251  2021.1453251  2021.1453251
 2021.1453251  2021.1453251  2021.1453251  2021.1453251  2021.1453251
 2021.1453251  2021.1453251  2021.1453251  2021.1453251  2021.1453251
 2021.1453251 ] 

Fitness stats avg: [5231.0295521  5051.05315705 4911.6455375  4800.10179031 4718.38071849
 4579.41701838 4519.26989421 4473.59995289 4419.99506059 4299.27830094
 4245.58200123 4190.99046621 4126.91976632 4053.79678827 4001.42584577
 3923.65228018 3881.67082095 3839.7805277  3819.86751148 3754.24103583
 3774.71655189 3657.82290103 3544.23215759 3514.24204702 3447.68204995
 3355.16457944 3314.91375159 3250.4537137  3241.92802348 3221.61877212
 3172.04506915 3163.85305357 3150.70562849 3126.02317122 3122.71256824
 3112.15623742 3108.29191678 3090.24209778 3093.07415397 3081.17626657
 3042.69908251 3008.99695642 2991.92302171 3008.1852613  2982.70120808
 2971.50111611 2920.73360614 2912.93212617 2907.6908597  2892.30014705
 2893.4158762  2885.81985041 2883.48143268 2876.78709625 2848.60260148
 2838.39386947 2788.98785247 2782.77506144 2783.66995177 2804.3007352
 2814.32785777 2784.1685884  2734.30511325 2766.59181532 2765.6696214
 2734.25811925 2695.28548435 2679.40437686 2645.29434346 2638.32047064
 2650.62513902 2644.93521565 2652.4542197  2636.51043736 2586.06497344
 2567.43581022 2560.77811767 2531.39050753 2517.60770811 2525.31363397
 2530.90080014 2490.95237825 2457.10264069 2460.50011048 2475.87894825
 2476.7798225  2473.76241493 2450.50928951 2434.25720247 2397.40071538
 2418.05365908 2389.26973644 2424.14389458 2405.93382986 2404.05100836
 2401.98976245 2408.70450311 2383.78314591 2412.53429699 2386.98272535
 2404.6383752  2420.88043118 2435.31554223 2406.75203794 2404.74350313
 2396.22086396 2372.94605966 2396.22670643 2383.33620491 2383.00203623
 2336.74193431 2352.04891631 2400.1000653  2402.98188798 2366.00344299
 2373.89416153 2347.69339292 2358.09746383 2368.47337807 2339.91862601
 2364.01247125 2365.05745546 2360.43555586 2394.72373929 2390.23160559
 2408.33332551 2409.13637122 2405.56011348 2397.11162193 2408.61294249
 2370.32961584 2358.56799531 2385.97212183 2399.14691015 2398.49625507
 2371.32729731 2370.66497575 2354.12295963 2325.62746054 2339.42931934
 2327.18374501 2325.8453081  2310.70385559 2297.18155554 2315.4938054
 2318.36339216 2304.85161151 2302.02577852 2317.5616308  2273.79634688
 2305.10867149 2288.65454609 2325.43376554 2334.91831174 2315.62059932
 2317.58828534 2301.37157209 2249.26814818 2239.76449428 2278.25475085
 2250.10729095 2275.71168732 2278.04687143 2281.43602046 2276.69397196
 2277.60811859 2274.29249044 2257.3323251  2253.60525853 2258.2675151
 2268.33326895 2284.58761621 2261.7455644  2245.34441216 2256.96032685
 2264.92378375 2250.98815003 2261.02230852 2262.25826107 2271.52622545
 2270.42616234 2234.46162351 2241.98715872 2211.69784475 2220.19519343
 2237.25524133 2271.98222038 2269.08342884 2286.85323835 2275.23718251
 2307.27845516 2243.50838797 2245.42233442 2250.40558394 2272.74708747
 2233.66151877 2237.54036513 2220.27144429 2232.13782077 2226.01669097
 2250.60562451 2215.76281804 2224.49832323 2244.07344935 2255.19111664
 2269.27979462 2266.73965325 2267.71903607 2252.57578777 2240.58992428
 2241.4120508  2229.59301749 2232.70253752 2230.74748134 2241.81474182
 2225.18950709 2241.24341268 2267.96610985 2255.90876975 2244.14380107
 2290.85778899 2305.04385285 2318.02758424 2299.45396362 2280.96586511
 2241.99208708 2220.70164065 2184.7423786  2189.4087804  2188.29298765
 2167.93496831 2177.20694609 2200.22105238 2190.2944015  2171.12822562
 2186.82635229 2195.96512657 2189.56639725 2202.37107509 2197.31131981
 2192.56449306 2220.33892973 2254.26641389 2209.01010085 2168.60563735
 2192.45940524 2170.03523888 2152.69577471 2207.3570185  2196.53825321
 2161.17236753 2194.7612189  2190.28051124 2190.69037572 2138.24581662
 2182.39498358 2172.2931847  2157.32045152 2170.53225026 2173.38418744
 2153.94187288 2174.00479398 2185.89280216 2150.0019134  2148.28790989
 2151.55798728 2162.37391923 2158.7061579  2195.33225444 2175.50333665
 2196.74215775 2197.04881765 2187.50958416 2177.30779166 2164.82805401
 2167.504249   2153.98448637 2147.97526504 2170.05954023 2195.97418477
 2247.17964667 2201.9201735  2163.5121195  2173.78743802 2162.85183978
 2175.75271419 2181.22028679 2164.95192418 2185.32093354 2202.1023005
 2188.41070934 2192.62714503 2194.13485484 2210.26801349 2197.72172458
 2196.19444122 2194.3185619  2144.29909957 2154.15264307 2162.6350741
 2186.88291462 2165.60251636 2173.98051672 2175.41094151 2173.6141424
 2150.02835703 2154.23616257 2155.95841399 2177.51728337 2179.18070281
 2202.44902779 2187.46849233 2182.66144926 2151.37329739 2143.17357329
 2182.48443038 2157.98321551 2188.38808614 2162.71862575 2144.45468918
 2177.16948547 2206.74637322 2183.78359272 2182.07124101 2198.66421361
 2173.98427591 2202.31186649 2181.80228224 2186.54107556 2183.65556979
 2189.81862517 2186.17553201 2161.09713982 2169.1100979  2194.86112381
 2172.18857419 2168.58604622 2149.60506713 2219.81035568 2138.86592986
 2192.45457346 2145.96492596 2142.11165597 2144.61238774 2155.79677868
 2137.65491408 2133.44832165 2171.98786048 2190.48913708 2135.44392252
 2149.60680324 2160.1520787  2180.60062076 2155.57272245 2185.70376463
 2192.90681572 2164.45109443 2193.25180989 2210.09035003 2191.12557657
 2203.2676258  2231.8749325  2170.96557797 2212.213988   2212.69959609
 2186.38085135 2193.12107348 2207.66386169 2189.84709152 2191.15598074
 2200.53420123 2173.42810675 2135.32291127 2154.57921923 2145.9296249
 2156.00219741 2145.32671799 2184.53311022 2191.98332981 2183.50907776
 2193.43210913 2156.79751585 2178.84799971 2171.53781389 2163.36046122
 2164.79708591 2168.68717053 2128.62536695 2140.0840702  2164.23201814
 2128.39855541 2149.47979087 2174.66965012 2163.79374471 2195.44611426
 2196.72062141 2173.84484268 2156.56239797 2150.96737295 2179.77935456
 2149.21333534 2194.40012478 2154.8655975  2138.19458784 2154.89249217
 2195.04681075 2157.82831888 2116.81791739 2134.33210224 2155.82450349
 2198.58388676 2146.12981586 2136.85475149 2179.46563757 2152.37044582
 2165.25213867 2141.58927562 2136.41313703 2171.37534341 2155.19855375
 2144.79529872 2173.58766624 2158.9739035  2197.42711101 2170.1238286
 2173.88700743 2176.2534105  2182.17311153 2205.7575536  2174.20622875
 2172.04710882 2166.68818956 2150.98964488 2151.36949727 2150.18060445
 2134.56924186 2153.55971635 2161.85836396 2164.39789405 2156.4472944
 2160.15076914 2162.82686955 2174.07075193 2168.46769218 2206.39407928
 2189.78491394 2207.39223802 2193.65391594 2187.4441231  2170.23760536
 2158.91824307 2164.6141623  2185.00157371 2155.45669638 2170.57748463
 2183.45012988 2199.26351529 2147.42275827 2150.91905033 2148.24533982
 2161.85480338 2143.3887417  2143.63028643 2141.98827926 2172.75253032
 2161.42170604 2136.71352043 2189.22242278 2184.53604539 2164.35236683
 2203.12664059 2192.06244758 2159.98952445 2140.10151726 2166.53779922
 2161.16186031 2146.59440567 2165.36958759 2171.60313927 2162.11609118
 2156.90841308 2165.02373903 2167.53808846 2147.28814381 2157.54728602
 2159.2763901  2141.08120209 2183.23081476 2177.68463566 2158.95963678
 2166.15493581 2171.52559661 2150.57926135 2183.23563672 2237.32604865
 2285.7628259  2222.41297698 2217.46625283 2183.24511489 2126.30099981
 2156.59510174 2149.05465987 2154.43171957 2168.78488281 2170.36383334
 2184.18711489 2185.67312113 2194.31866497 2159.11006819 2135.64299798
 2151.35778043 2166.30881666 2151.14680708 2181.08709983 2159.63171796
 2208.1266459  2180.73804878 2176.90403076 2177.48731127 2161.27838353
 2178.05657642 2148.82196752 2155.23065039 2199.12585871 2181.48401195
 2142.21173105 2174.64780772 2192.0612045  2163.51953217 2152.71314543
 2168.91903834 2134.50505662 2168.40040473 2156.76334167 2160.54131842
 2136.22184714 2154.87370998 2167.66879918 2148.71036965 2165.44017646
 2173.28292045 2178.54392466 2189.70411858 2222.21300936 2202.19474026
 2199.78419818 2189.10415835 2184.67703165 2188.76256675 2151.58106595
 2151.37258633 2142.21285996 2143.48323236 2197.27772471 2167.06388276
 2157.53034071 2169.67265343 2158.80619462 2180.51069102 2150.42180674
 2128.09463394 2127.66564534 2176.11057127 2178.46420937 2152.30027028
 2180.25950584 2189.74462097 2183.23163979 2188.07240121 2169.11830966
 2194.37492968 2189.77257254 2162.25519295 2190.59417136 2189.38200503
 2149.32415313 2174.46471846 2135.27332952 2178.41149287 2153.65356728
 2165.85514212 2212.68292926 2195.03201846 2176.75541897 2169.27022442
 2181.17420378 2184.98865496 2167.8012182  2146.48521737 2143.98417979
 2136.88230307 2142.77920144 2147.48871221 2157.0827101  2120.72720797
 2150.18881384 2147.09709365 2168.10618111 2162.69807223 2178.76672484
 2204.70503023 2201.06165932 2228.45016588 2196.6785183  2214.66067299
 2196.61005857 2169.78469597 2166.94757315 2173.63793876 2177.92976102
 2151.81912056 2164.1145666  2149.51862873 2148.91654357 2142.67214973
 2174.32879841 2172.52620601 2150.50177841 2193.25406351 2156.12143739
 2166.92872057 2179.09403594 2177.64802952 2180.58446031 2156.73040292
 2174.00909982 2171.59932443 2155.45717661 2157.10172951 2163.70430428
 2216.08327437 2197.60766954 2214.21386139 2188.62222487 2145.37528835
 2142.89031825 2137.64369965 2165.05841546 2206.14416426 2174.2270544
 2209.66383987 2184.89546136 2183.88662116 2145.74917592 2151.20008929
 2185.65489792 2172.78014796 2162.47429978 2152.31384134 2175.52162913
 2159.64203161 2159.9314957  2195.47549918 2192.91735029 2201.10128022
 2175.5767852  2166.67424729 2160.64823412 2153.51182707 2165.88390562
 2181.14713793 2173.39710698 2158.95526796 2147.47746255 2167.663328
 2166.23237134 2187.35419511 2166.06034672 2168.92563427 2183.50063281
 2138.95360272 2135.04015225 2138.57599734 2141.00532662 2142.0692535
 2137.63923854 2189.89428039 2198.95679154 2149.49532789 2161.19017105
 2185.32510355 2205.43612862 2188.84253526 2176.7345333  2168.60317118
 2168.20026142 2164.66605507 2182.04170408 2195.35285219 2217.81987938
 2201.01443216 2198.37311512 2154.86284109 2187.27564765 2181.39072839
 2201.19273802 2170.92074565 2129.30122204 2160.42314672 2178.94712943
 2187.82852519 2211.4815487  2185.322701   2194.81354513 2197.82167227
 2165.02902858 2199.43007834 2152.92476716 2160.73828328 2193.92320485
 2227.74580726 2195.80538261 2183.56880012 2171.65810764 2180.77631772
 2207.71916652 2189.37085602 2164.3256136  2189.95392616 2198.68363077
 2199.35129188 2189.83887801 2164.93361911 2201.47425439 2211.27617632
 2181.29003316 2174.13878002 2166.22641871 2182.72425976 2189.04973455
 2187.99125244 2190.51595978 2154.72829656 2173.13413297 2184.24084685
 2181.81627859 2153.95168279 2162.61351691 2160.63090738 2174.74708578
 2184.61776494 2174.84122146 2198.12832003 2206.1910683  2206.07502113
 2193.88509372 2216.84863255 2188.82727934 2189.30262165 2191.25662752
 2169.10308454 2173.71045812 2140.32678148 2160.49475222 2173.11741015
 2148.53432288 2165.81380456 2156.55714697 2143.71583637 2124.09129032
 2125.7858289  2131.06703943 2132.21934701 2153.44604145 2129.78402959
 2149.33515358 2167.62868708 2174.71073595 2198.13539535 2179.74314494
 2180.15067953 2168.33677455 2150.55940858 2187.57612759 2184.37845251
 2179.53336847 2173.39517944 2182.88607503 2171.38713341 2163.30117726
 2166.72936064 2143.77946294 2153.97944332 2173.79710157 2157.10577659
 2167.74988238 2192.91300255 2182.17363414 2166.0507102  2107.36752311
 2147.06574857 2138.39183638 2133.17428177 2160.74276562 2160.95474422
 2112.58808924 2124.15346258 2127.38861506 2131.19765679 2156.16065945
 2152.72226857 2166.8253543  2161.75453363 2138.92895921 2159.55765431
 2156.68997851 2171.41658497 2187.58909063 2193.83806636 2169.19142976
 2187.00357633 2187.15468573 2229.92433662 2232.09518867 2197.36369547
 2178.48873773 2153.83098542 2130.38231954 2143.31338451 2160.92034302
 2177.69641687 2190.2759938  2166.75422508 2181.89678233 2175.70317614
 2152.17232314 2189.65649521 2190.82976548 2163.80299392 2164.81901953
 2150.91929756 2157.19031978 2188.28224607 2175.88017907 2160.00392741
 2170.41767004 2195.88658196 2155.82117896 2157.77559358 2155.54460053
 2166.76174435 2156.52447887 2143.77766965 2155.77448495 2150.42136277
 2168.9718023  2177.68821733 2191.75602485 2167.23733984 2180.89784887
 2150.41526733 2182.25487815 2190.80474666 2173.34123562 2191.21414641
 2215.38845988 2153.82930395 2146.60440364 2142.25793443 2117.27018849
 2140.444293   2160.28847237 2166.49523843 2187.57969442 2176.89925067
 2162.86511968 2167.24460382 2160.29822885 2163.42815741 2158.21081371
 2178.73775093 2174.6431789  2149.91480479 2167.25935335 2192.64437777
 2174.95745874 2144.41944114 2162.39749702 2159.59187511 2152.50549375
 2139.98313514 2159.94740155 2166.19700118 2171.35423202 2176.02867798
 2174.3769456  2178.08001478 2105.94386984 2176.69784277 2164.2662283
 2172.5674814  2179.85789101 2151.91627561 2145.47235182 2182.87227099
 2150.09032284 2175.27374746 2143.0942424  2142.29425512 2135.97926571
 2154.86512671 2152.12856179 2170.59673234 2191.21955606 2185.95989163
 2162.28768165 2192.34587537 2183.02516759 2165.65659951 2170.3911543
 2154.38450108 2165.15021104 2181.72799053 2167.82722608 2153.02360972
 2136.61648016 2127.04768254 2144.53251098 2144.61419162 2122.81724389
 2163.06709621 2194.5453922  2187.05949176 2158.56313852 2179.79766446
 2160.46262519 2138.71717793 2119.58717699 2170.11762413 2152.171565
 2182.86746743 2173.97446614 2163.92015381 2174.17332249 2162.84204211
 2161.54265937 2167.52423281 2164.32276208 2184.85502518 2167.63986276
 2166.13737597 2193.17311623 2153.58566579 2174.25918587 2150.28978039
 2144.76991624 2160.52247914 2199.66687834 2179.84339388 2183.77281689
 2171.27427449 2157.75856779 2163.60431725 2149.43292929 2182.73470158
 2193.81382077 2204.61900139 2169.41680994 2181.76283912 2190.25424159
 2152.07844523 2132.31145069 2114.99210418 2122.4477237  2135.98753141
 2146.1154301  2123.83750045 2169.47303734 2185.79650532 2141.29421662
 2168.95137373 2181.87796793 2153.12624557 2163.93816463 2196.82159689
 2170.97194667 2162.4066686  2158.91719221 2160.50986534 2175.99513411
 2187.33958269 2211.83356219 2185.91280778 2196.39774488 2179.53328653
 2191.66084244 2159.45084323 2183.31274331 2200.62276171 2197.29344391
 2178.54339203 2165.08533638 2164.85494882 2164.87224465 2172.78578915
 2174.32688915 2211.43537455 2161.20011415 2120.50025287 2128.00840941
 2154.2035744 ] 

Feasible stats: [(  0.,   0.) (  0., 100.) (  0., 100.) ( 81.,  19.) ( 81.,  19.)
 ( 84.,  16.) ( 84.,  16.) ( 92.,   8.) ( 92.,   8.) ( 94.,   6.)
 ( 94.,   6.) ( 84.,  16.) ( 84.,  16.) ( 86.,  14.) ( 86.,  14.)
 ( 87.,  13.) ( 87.,  13.) ( 91.,   9.) ( 91.,   9.) ( 96.,   4.)
 ( 96.,   4.) ( 96.,   4.) ( 96.,   4.) ( 97.,   3.) ( 97.,   3.)
 ( 95.,   5.) ( 95.,   5.) ( 97.,   3.) ( 97.,   3.) ( 98.,   2.)
 ( 98.,   2.) ( 97.,   3.) ( 97.,   3.) ( 98.,   2.) ( 98.,   2.)
 ( 98.,   2.) ( 98.,   2.) ( 98.,   2.) ( 98.,   2.) ( 98.,   2.)
 ( 98.,   2.) ( 99.,   1.) ( 99.,   1.) (100.,   0.) (100.,   0.)
 ( 98.,   2.) ( 98.,   2.) ( 97.,   3.) ( 97.,   3.) ( 95.,   5.)
 ( 95.,   5.) ( 97.,   3.) ( 97.,   3.) ( 99.,   1.) ( 99.,   1.)
 ( 99.,   1.) ( 99.,   1.) ( 98.,   2.) ( 98.,   2.) ( 97.,   3.)
 ( 97.,   3.) ( 97.,   3.) ( 97.,   3.) ( 97.,   3.) ( 97.,   3.)
 ( 99.,   1.) ( 99.,   1.) ( 96.,   4.) ( 96.,   4.) ( 99.,   1.)
 ( 99.,   1.) ( 99.,   1.) ( 99.,   1.) ( 98.,   2.) ( 98.,   2.)
 ( 97.,   3.) ( 97.,   3.) ( 98.,   2.) ( 98.,   2.) ( 98.,   2.)
 ( 98.,   2.) (100.,   0.) (100.,   0.) (100.,   0.) (100.,   0.)
 (100.,   0.) (100.,   0.) (100.,   0.) (100.,   0.) (100.,   0.)
 (100.,   0.) (100.,   0.) (100.,   0.) ( 99.,   1.) ( 99.,   1.)
 ( 98.,   2.) ( 98.,   2.) ( 99.,   1.) ( 99.,   1.) (100.,   0.)
 (100.,   0.) ( 99.,   1.) ( 99.,   1.) ( 98.,   2.) ( 98.,   2.)
 ( 99.,   1.) ( 99.,   1.) ( 98.,   2.) ( 98.,   2.) ( 98.,   2.)
 ( 98.,   2.) (100.,   0.) (100.,   0.) (100.,   0.) (100.,   0.)
 (100.,   0.) (100.,   0.) (100.,   0.) (100.,   0.) ( 98.,   2.)
 ( 98.,   2.) (100.,   0.) (100.,   0.) (100.,   0.) (100.,   0.)
 ( 99.,   1.) ( 99.,   1.) ( 99.,   1.) ( 99.,   1.) ( 97.,   3.)
 ( 97.,   3.) ( 99.,   1.) ( 99.,   1.) ( 99.,   1.) ( 99.,   1.)
 ( 99.,   1.) ( 99.,   1.) (100.,   0.) (100.,   0.) (100.,   0.)
 (100.,   0.) (100.,   0.) (100.,   0.) (100.,   0.) (100.,   0.)
 ( 99.,   1.) ( 99.,   1.) (100.,   0.) (100.,   0.) (100.,   0.)
 (100.,   0.) (100.,   0.) (100.,   0.) (100.,   0.) (100.,   0.)
 (100.,   0.) (100.,   0.) (100.,   0.) (100.,   0.) (100.,   0.)
 (100.,   0.) (100.,   0.) (100.,   0.) ( 99.,   1.) ( 99.,   1.)
 ( 99.,   1.) ( 99.,   1.) ( 98.,   2.) ( 98.,   2.) (100.,   0.)
 (100.,   0.) (100.,   0.) (100.,   0.) ( 99.,   1.) ( 99.,   1.)
 (100.,   0.) (100.,   0.) (100.,   0.) (100.,   0.) ( 99.,   1.)
 ( 99.,   1.) (100.,   0.) (100.,   0.) ( 99.,   1.) ( 99.,   1.)
 ( 99.,   1.) ( 99.,   1.) (100.,   0.) (100.,   0.) (100.,   0.)
 (100.,   0.) (100.,   0.) (100.,   0.) (100.,   0.) (100.,   0.)
 ( 99.,   1.) ( 99.,   1.) (100.,   0.) (100.,   0.) ( 98.,   2.)
 ( 98.,   2.) (100.,   0.) (100.,   0.) (100.,   0.) (100.,   0.)
 ( 99.,   1.) ( 99.,   1.) ( 99.,   1.) ( 99.,   1.) ( 99.,   1.)
 ( 99.,   1.) ( 99.,   1.) ( 99.,   1.) (100.,   0.) (100.,   0.)
 (100.,   0.) (100.,   0.) (100.,   0.) (100.,   0.) (100.,   0.)
 (100.,   0.) (100.,   0.) (100.,   0.) ( 99.,   1.) ( 99.,   1.)
 (100.,   0.) (100.,   0.) (100.,   0.) (100.,   0.) (100.,   0.)
 (100.,   0.) (100.,   0.) (100.,   0.) (100.,   0.) (100.,   0.)
 (100.,   0.) (100.,   0.) ( 99.,   1.) ( 99.,   1.) ( 99.,   1.)
 ( 99.,   1.) ( 99.,   1.) ( 99.,   1.) ( 99.,   1.) ( 99.,   1.)
 (100.,   0.) (100.,   0.) (100.,   0.) (100.,   0.) (100.,   0.)
 (100.,   0.) (100.,   0.) (100.,   0.) (100.,   0.) (100.,   0.)
 (100.,   0.) (100.,   0.) ( 99.,   1.) ( 99.,   1.) (100.,   0.)
 (100.,   0.) ( 98.,   2.) ( 98.,   2.) ( 99.,   1.) ( 99.,   1.)
 ( 99.,   1.) ( 99.,   1.) ( 99.,   1.) ( 99.,   1.) (100.,   0.)
 (100.,   0.) ( 99.,   1.) ( 99.,   1.) ( 99.,   1.) ( 99.,   1.)
 ( 98.,   2.) ( 98.,   2.) ( 98.,   2.) ( 98.,   2.) ( 99.,   1.)
 ( 99.,   1.) (100.,   0.) (100.,   0.) ( 99.,   1.) ( 99.,   1.)
 ( 99.,   1.) ( 99.,   1.) ( 99.,   1.) ( 99.,   1.) (100.,   0.)
 (100.,   0.) (100.,   0.) (100.,   0.) (100.,   0.) (100.,   0.)
 (100.,   0.) (100.,   0.) (100.,   0.) (100.,   0.) (100.,   0.)
 (100.,   0.) (100.,   0.) (100.,   0.) (100.,   0.) (100.,   0.)
 (100.,   0.) (100.,   0.) (100.,   0.) (100.,   0.) ( 99.,   1.)
 ( 99.,   1.) (100.,   0.) (100.,   0.) (100.,   0.) (100.,   0.)
 ( 99.,   1.) ( 99.,   1.) (100.,   0.) (100.,   0.) (100.,   0.)
 (100.,   0.) (100.,   0.) (100.,   0.) (100.,   0.) (100.,   0.)
 (100.,   0.) (100.,   0.) (100.,   0.) (100.,   0.) ( 97.,   3.)
 ( 97.,   3.) ( 99.,   1.) ( 99.,   1.) (100.,   0.) (100.,   0.)
 (100.,   0.) (100.,   0.) (100.,   0.) (100.,   0.) (100.,   0.)
 (100.,   0.) (100.,   0.) (100.,   0.) (100.,   0.) (100.,   0.)
 (100.,   0.) (100.,   0.) (100.,   0.) (100.,   0.) (100.,   0.)
 (100.,   0.) (100.,   0.) (100.,   0.) (100.,   0.) (100.,   0.)
 ( 99.,   1.) ( 99.,   1.) (100.,   0.) (100.,   0.) ( 99.,   1.)
 ( 99.,   1.) ( 97.,   3.) ( 97.,   3.) ( 99.,   1.) ( 99.,   1.)
 ( 99.,   1.) ( 99.,   1.) ( 99.,   1.) ( 99.,   1.) ( 99.,   1.)
 ( 99.,   1.) ( 99.,   1.) ( 99.,   1.) ( 99.,   1.) ( 99.,   1.)
 ( 99.,   1.) ( 99.,   1.) ( 99.,   1.) ( 99.,   1.) (100.,   0.)
 (100.,   0.) ( 99.,   1.) ( 99.,   1.) ( 99.,   1.) ( 99.,   1.)
 ( 98.,   2.) ( 98.,   2.) ( 98.,   2.) ( 98.,   2.) (100.,   0.)
 (100.,   0.) (100.,   0.) (100.,   0.) (100.,   0.) (100.,   0.)
 (100.,   0.) (100.,   0.) (100.,   0.) (100.,   0.) ( 98.,   2.)
 ( 98.,   2.) ( 99.,   1.) ( 99.,   1.) ( 98.,   2.) ( 98.,   2.)
 ( 99.,   1.) ( 99.,   1.) ( 98.,   2.) ( 98.,   2.) ( 99.,   1.)
 ( 99.,   1.) (100.,   0.) (100.,   0.) ( 98.,   2.) ( 98.,   2.)
 ( 99.,   1.) ( 99.,   1.) (100.,   0.) (100.,   0.) (100.,   0.)
 (100.,   0.) ( 98.,   2.) ( 98.,   2.) ( 99.,   1.) ( 99.,   1.)
 ( 99.,   1.) ( 99.,   1.) ( 98.,   2.) ( 98.,   2.) ( 96.,   4.)
 ( 96.,   4.) ( 98.,   2.) ( 98.,   2.) ( 99.,   1.) ( 99.,   1.)
 ( 99.,   1.) ( 99.,   1.) ( 99.,   1.) ( 99.,   1.) (100.,   0.)
 (100.,   0.) (100.,   0.) (100.,   0.) (100.,   0.) (100.,   0.)
 (100.,   0.) (100.,   0.) ( 99.,   1.) ( 99.,   1.) ( 99.,   1.)
 ( 99.,   1.) ( 99.,   1.) ( 99.,   1.) ( 99.,   1.) ( 99.,   1.)
 ( 98.,   2.) ( 98.,   2.) ( 99.,   1.) ( 99.,   1.) ( 99.,   1.)
 ( 99.,   1.) (100.,   0.) (100.,   0.) (100.,   0.) (100.,   0.)
 ( 99.,   1.) ( 99.,   1.) ( 99.,   1.) ( 99.,   1.) ( 99.,   1.)
 ( 99.,   1.) ( 99.,   1.) ( 99.,   1.) ( 99.,   1.) ( 99.,   1.)
 ( 99.,   1.) ( 99.,   1.) ( 99.,   1.) ( 99.,   1.) ( 99.,   1.)
 ( 99.,   1.) ( 99.,   1.) ( 99.,   1.) ( 99.,   1.) ( 99.,   1.)
 ( 99.,   1.) ( 99.,   1.) ( 99.,   1.) ( 99.,   1.) ( 99.,   1.)
 ( 99.,   1.) ( 99.,   1.) ( 99.,   1.) (100.,   0.) (100.,   0.)
 (100.,   0.) (100.,   0.) (100.,   0.) (100.,   0.) (100.,   0.)
 (100.,   0.) (100.,   0.) (100.,   0.) (100.,   0.) (100.,   0.)
 (100.,   0.) (100.,   0.) (100.,   0.) (100.,   0.) (100.,   0.)
 (100.,   0.) (100.,   0.) (100.,   0.) (100.,   0.) (100.,   0.)
 ( 99.,   1.) ( 99.,   1.) ( 99.,   1.) ( 99.,   1.) (100.,   0.)
 (100.,   0.) (100.,   0.) (100.,   0.) ( 99.,   1.) ( 99.,   1.)
 (100.,   0.) (100.,   0.) ( 99.,   1.) ( 99.,   1.) (100.,   0.)
 (100.,   0.) (100.,   0.) (100.,   0.) (100.,   0.) (100.,   0.)
 ( 99.,   1.) ( 99.,   1.) ( 99.,   1.) ( 99.,   1.) ( 99.,   1.)
 ( 99.,   1.) ( 99.,   1.) ( 99.,   1.) ( 99.,   1.) ( 99.,   1.)
 (100.,   0.) (100.,   0.) (100.,   0.) (100.,   0.) (100.,   0.)
 (100.,   0.) ( 99.,   1.) ( 99.,   1.) ( 99.,   1.) ( 99.,   1.)
 ( 99.,   1.) ( 99.,   1.) ( 99.,   1.) ( 99.,   1.) ( 99.,   1.)
 ( 99.,   1.) (100.,   0.) (100.,   0.) (100.,   0.) (100.,   0.)
 ( 99.,   1.) ( 99.,   1.) ( 98.,   2.) ( 98.,   2.) ( 99.,   1.)
 ( 99.,   1.) ( 99.,   1.) ( 99.,   1.) ( 98.,   2.) ( 98.,   2.)
 ( 98.,   2.) ( 98.,   2.) (100.,   0.) (100.,   0.) (100.,   0.)
 (100.,   0.) (100.,   0.) (100.,   0.) (100.,   0.) (100.,   0.)
 (100.,   0.) (100.,   0.) ( 99.,   1.) ( 99.,   1.) (100.,   0.)
 (100.,   0.) (100.,   0.) (100.,   0.) ( 99.,   1.) ( 99.,   1.)
 ( 99.,   1.) ( 99.,   1.) ( 99.,   1.) ( 99.,   1.) ( 99.,   1.)
 ( 99.,   1.) ( 98.,   2.) ( 98.,   2.) (100.,   0.) (100.,   0.)
 (100.,   0.) (100.,   0.) (100.,   0.) (100.,   0.) (100.,   0.)
 (100.,   0.) ( 99.,   1.) ( 99.,   1.) (100.,   0.) (100.,   0.)
 (100.,   0.) (100.,   0.) ( 99.,   1.) ( 99.,   1.) (100.,   0.)
 (100.,   0.) ( 99.,   1.) ( 99.,   1.) ( 98.,   2.) ( 98.,   2.)
 (100.,   0.) (100.,   0.) ( 99.,   1.) ( 99.,   1.) (100.,   0.)
 (100.,   0.) (100.,   0.) (100.,   0.) ( 99.,   1.) ( 99.,   1.)
 ( 99.,   1.) ( 99.,   1.) (100.,   0.) (100.,   0.) (100.,   0.)
 (100.,   0.) ( 99.,   1.) ( 99.,   1.) ( 99.,   1.) ( 99.,   1.)
 ( 96.,   4.) ( 96.,   4.) ( 99.,   1.) ( 99.,   1.) ( 96.,   4.)
 ( 96.,   4.) ( 99.,   1.) ( 99.,   1.) (100.,   0.) (100.,   0.)
 (100.,   0.) (100.,   0.) ( 99.,   1.) ( 99.,   1.) (100.,   0.)
 (100.,   0.) ( 97.,   3.) ( 97.,   3.) ( 98.,   2.) ( 98.,   2.)
 ( 97.,   3.) ( 97.,   3.) ( 99.,   1.) ( 99.,   1.) ( 97.,   3.)
 ( 97.,   3.) ( 99.,   1.) ( 99.,   1.) (100.,   0.) (100.,   0.)
 (100.,   0.) (100.,   0.) (100.,   0.) (100.,   0.) ( 99.,   1.)
 ( 99.,   1.) ( 95.,   5.) ( 95.,   5.) ( 97.,   3.) ( 97.,   3.)
 ( 99.,   1.) ( 99.,   1.) ( 98.,   2.) ( 98.,   2.) ( 98.,   2.)
 ( 98.,   2.) ( 99.,   1.) ( 99.,   1.) ( 98.,   2.) ( 98.,   2.)
 ( 99.,   1.) ( 99.,   1.) ( 99.,   1.) ( 99.,   1.) ( 99.,   1.)
 ( 99.,   1.) (100.,   0.) (100.,   0.) (100.,   0.) (100.,   0.)
 ( 99.,   1.) ( 99.,   1.) (100.,   0.) (100.,   0.) (100.,   0.)
 (100.,   0.) (100.,   0.) (100.,   0.) ( 99.,   1.) ( 99.,   1.)
 ( 99.,   1.) ( 99.,   1.) ( 99.,   1.) ( 99.,   1.) (100.,   0.)
 (100.,   0.) (100.,   0.) (100.,   0.) (100.,   0.) (100.,   0.)
 (100.,   0.) (100.,   0.) (100.,   0.) (100.,   0.) (100.,   0.)
 (100.,   0.) (100.,   0.) (100.,   0.) (100.,   0.) (100.,   0.)
 (100.,   0.) (100.,   0.) ( 99.,   1.) ( 99.,   1.) ( 99.,   1.)
 ( 99.,   1.) ( 99.,   1.) ( 99.,   1.) (100.,   0.) (100.,   0.)
 (100.,   0.) (100.,   0.) (100.,   0.) (100.,   0.) (100.,   0.)
 (100.,   0.) ( 99.,   1.) ( 99.,   1.) ( 99.,   1.) ( 99.,   1.)
 ( 98.,   2.) ( 98.,   2.) (100.,   0.) (100.,   0.) (100.,   0.)
 (100.,   0.) (100.,   0.) (100.,   0.) (100.,   0.) (100.,   0.)
 (100.,   0.) (100.,   0.) (100.,   0.) (100.,   0.) (100.,   0.)
 (100.,   0.) (100.,   0.) (100.,   0.) (100.,   0.) (100.,   0.)
 (100.,   0.) (100.,   0.) (100.,   0.) (100.,   0.) (100.,   0.)
 (100.,   0.) ( 99.,   1.) ( 99.,   1.) (100.,   0.) (100.,   0.)
 (100.,   0.) (100.,   0.) (100.,   0.) (100.,   0.) (100.,   0.)
 (100.,   0.) (100.,   0.) (100.,   0.) (100.,   0.) (100.,   0.)
 (100.,   0.) (100.,   0.) (100.,   0.) (100.,   0.) (100.,   0.)
 (100.,   0.) (100.,   0.) (100.,   0.) (100.,   0.) (100.,   0.)
 (100.,   0.) (100.,   0.) (100.,   0.) (100.,   0.) (100.,   0.)
 (100.,   0.) (100.,   0.) (100.,   0.) (100.,   0.) (100.,   0.)
 (100.,   0.) (100.,   0.) (100.,   0.) (100.,   0.) ( 99.,   1.)
 ( 99.,   1.) ( 98.,   2.) ( 98.,   2.) (100.,   0.) (100.,   0.)
 (100.,   0.) (100.,   0.) (100.,   0.) (100.,   0.) ( 99.,   1.)
 ( 99.,   1.) ( 99.,   1.) ( 99.,   1.) ( 99.,   1.) ( 99.,   1.)
 ( 99.,   1.) ( 99.,   1.) ( 99.,   1.) ( 99.,   1.) ( 99.,   1.)
 ( 99.,   1.) ( 99.,   1.) ( 99.,   1.) ( 99.,   1.) ( 99.,   1.)
 (100.,   0.) (100.,   0.) (100.,   0.) (100.,   0.) (100.,   0.)
 (100.,   0.) (100.,   0.) (100.,   0.) (100.,   0.) (100.,   0.)
 (100.,   0.) (100.,   0.) (100.,   0.) (100.,   0.) (100.,   0.)
 (100.,   0.) (100.,   0.) (100.,   0.) (100.,   0.) (100.,   0.)
 (100.,   0.) (100.,   0.) (100.,   0.) (100.,   0.) (100.,   0.)
 (100.,   0.) (100.,   0.) (100.,   0.) (100.,   0.) (100.,   0.)
 (100.,   0.) (100.,   0.) (100.,   0.) (100.,   0.) (100.,   0.)
 (100.,   0.) (100.,   0.) (100.,   0.) ( 99.,   1.) ( 99.,   1.)
 ( 99.,   1.) ( 99.,   1.) ( 99.,   1.) ( 99.,   1.) ( 99.,   1.)
 ( 99.,   1.) ( 98.,   2.) ( 98.,   2.) ( 99.,   1.) ( 99.,   1.)
 ( 98.,   2.) ( 98.,   2.) (100.,   0.) (100.,   0.) (100.,   0.)
 (100.,   0.) (100.,   0.) (100.,   0.) (100.,   0.) (100.,   0.)
 (100.,   0.) (100.,   0.) (100.,   0.) (100.,   0.) (100.,   0.)
 (100.,   0.) ( 99.,   1.) ( 99.,   1.) (100.,   0.) (100.,   0.)
 (100.,   0.) (100.,   0.) (100.,   0.) (100.,   0.) (100.,   0.)
 (100.,   0.) (100.,   0.) (100.,   0.) (100.,   0.) (100.,   0.)
 (100.,   0.) (100.,   0.) (100.,   0.) (100.,   0.) (100.,   0.)
 (100.,   0.) (100.,   0.) (100.,   0.) ( 99.,   1.) ( 99.,   1.)
 (100.,   0.) (100.,   0.) (100.,   0.) (100.,   0.) (100.,   0.)
 (100.,   0.) ( 99.,   1.) ( 99.,   1.) ( 98.,   2.) ( 98.,   2.)
 (100.,   0.) (100.,   0.) (100.,   0.) (100.,   0.) (100.,   0.)
 (100.,   0.) ( 99.,   1.) ( 99.,   1.) ( 98.,   2.) ( 98.,   2.)
 (100.,   0.) (100.,   0.) (100.,   0.) (100.,   0.) (100.,   0.)
 (100.,   0.) (100.,   0.) (100.,   0.) (100.,   0.) (100.,   0.)
 (100.,   0.) (100.,   0.) (100.,   0.) (100.,   0.) (100.,   0.)
 (100.,   0.) (100.,   0.) (100.,   0.) (100.,   0.) (100.,   0.)
 (100.,   0.) (100.,   0.) (100.,   0.) (100.,   0.) (100.,   0.)
 (100.,   0.) (100.,   0.) (100.,   0.) (100.,   0.) (100.,   0.)
 (100.,   0.) (100.,   0.) (100.,   0.) (100.,   0.) (100.,   0.)
 (100.,   0.) (100.,   0.) (100.,   0.) (100.,   0.) (100.,   0.)
 (100.,   0.) (100.,   0.) (100.,   0.) (100.,   0.) ( 99.,   1.)
 ( 99.,   1.)] 
Solution Description: 
p: [  0.          50.65869462  96.37700112  96.37700112 113.91494733
 215.83893482 227.59320718 230.24917957 323.39602437 343.61455716
 376.07253103 376.07253103 410.67672379 458.48372584 458.48372584
   0.          59.29269258 219.37764456 239.51676003 250.93136821
 329.59992343 391.36087436 391.36087436   0.         173.881155
 181.38403316 201.13746682 281.74096653 344.49905416 452.96970515
 495.85755153 495.85755153 511.93670536 533.59256286 569.6319871
 610.70476397 642.90978004 672.46821146 706.31671349 739.51910395
 836.64316745 839.54457629 916.43049463 947.72235125 947.72235125
   0.          10.51101384  25.70548625  71.47262948 149.99027984
 202.52661993 223.57837365] 
pred: [ 0  0  0  0  3  3  3  3  7  7  9  9 11 11 11  0  0  1  2  3  3  3  3  0
  0  0  0  3  3  5  5  5  5  5  5 11 11 13 13 13 16 16 18 18 18  0  0  0
  0  0  4  4] 
distance [  0.          50.65869462  96.37700112  96.37700112  17.53794621
 119.4619337  131.21620607 133.87217845  93.1468448  113.36537759
  32.45797387  32.45797387  34.60419276  82.41119481  82.41119481
   0.          59.29269258 160.08495198  20.13911547  11.41460818
  90.0831634  151.84411433 151.84411433   0.         173.881155
 181.38403316 201.13746682  80.60349971 143.36158734 108.47065099
 151.35849738 151.35849738 167.4376512  189.0935087  225.13293294
  41.07277687  73.27779294  29.55843142  63.40693345  96.60932391
  97.1240635  100.02547234  76.88591835 108.17777496 108.17777496
   0.          10.51101384  25.70548625  71.47262948 149.99027984
  52.53634009  73.58809381]
load: [ 0 10 23 37 13 29 45 52  5 26  3 19 13 21 32  0 10  3 25 18 40 59 81  0
 19 25 40 14 19 19 28 48 60 72  0  6 23  9 14 24  4 18 16 36 61  0  8 21
 36  0 21 45] 
time: [  0.         200.         240.34700383 293.20694763 170.
 398.         440.23624841 490.79028546 160.         371.
 174.         456.          80.         203.         322.
   0.         414.         319.         130.          90.
 131.5088023  187.38927777 269.79811712   0.         308.
 325.46934669 457.         329.         444.          72.
 123.15799758 198.         317.         399.         437.35917555
 269.         434.         257.         279.92425101 346.98363434
 226.         378.         192.         229.7678084  446.
   0.         121.         375.         443.         537.49152376
 115.         459.        ] 
time warps: [0 0 0 0 0 0 0 0 0 0 0 0 0 0 0 0 0 0 0 0 0 0 0 0 0 0 0 0 0 0 0 0 0 0 0 0 0
 0 0 0 0 0 0 0 0 0 0 0 0 0 0 0] 
duration: [  0.          57.65869462 125.37700112 129.37700112  23.53794621
 316.67538015 349.42965251 356.0856249  110.1468448  309.08301112
  36.45797387 315.07170971  41.60419276 175.43306998 269.44384811
   0.          76.29269258 173.08495198  29.13911547  12.41460818
 116.0831634  194.84411433 200.84411433   0.         183.881155
 201.38403316 331.05405485  84.60349971 221.89367957 129.47065099
 174.35849738 220.96178983 337.14069281 399.57478892 453.61421316
  43.07277687 237.17528491  35.55843142  93.40693345 139.60932391
 120.1240635  255.47303816  86.88591835 123.17777496 315.97731487
   0.          17.51101384 277.60463388 380.4882055  465.00585586
  62.53634009 420.79887429]

All individuals: [(87, [14,  7, 21,  6, 31, 39, 35,  7, 27,  3, 11,  6, 22, 44, 32,  9, 41, 37, 48, 19, 45, 10, 42, 46, 34, 24, 12, 40, 25, 17, 33, 13, 29,  5,  1, 14, 26, 18, 28,  4, 36, 15, 23, 20,  8, 16,  2, 30, 38, 21, 47, 43], 2021.1453251 , 2021.1453251 , 0., 0.,  0.        , 0., 0, 0, 0.)
 (87, [14,  7, 21,  6, 31, 39, 35,  7, 27,  3, 11,  6, 22, 44, 32,  9, 41, 37, 48, 19, 45, 10, 42, 46, 34, 24, 12, 40, 25, 17, 33, 13, 29,  5,  1, 14, 26, 18, 28,  4, 36, 15, 23, 20,  8, 16,  2, 30, 38, 21, 47, 43], 2021.1453251 , 2021.1453251 , 0., 0.,  0.        , 0., 0, 0, 0.)
 (87, [14,  7, 21,  6, 31, 39, 35,  7, 27,  3, 11,  6, 22, 44, 32,  9, 41, 37, 48, 19, 45, 10, 42, 46, 34, 24, 12, 40, 25, 17, 33, 13, 29,  5,  1, 14, 26, 18, 28,  4, 36, 15, 23, 20,  8, 16,  2, 30, 38, 21, 47, 43], 2021.1453251 , 2021.1453251 , 0., 0.,  0.        , 0., 0, 0, 0.)
 (87, [14,  7, 21,  6, 31, 39, 35,  7, 27,  3, 11,  6, 22, 44, 32,  9, 41, 37, 48, 19, 45, 10, 42, 46, 34, 24, 12, 40, 25, 17, 33, 13, 29,  5,  1, 14, 26, 18, 28,  4, 36, 15, 23, 20,  8, 16,  2, 30, 38, 21, 47, 43], 2021.1453251 , 2021.1453251 , 0., 0.,  0.        , 0., 0, 0, 0.)
 (87, [14,  7, 21,  6, 31, 39, 35,  7, 27,  3, 11,  6, 22, 44, 32,  9, 41, 37, 48, 19, 45, 10, 42, 46, 34, 24, 12, 40, 25, 17, 33, 13, 29,  5,  1, 14, 26, 18, 28,  4, 36, 15, 23,  8, 20, 16,  2, 30, 38, 21, 47, 43], 2021.1453251 , 2021.1453251 , 0., 0.,  0.        , 0., 0, 0, 0.)
 (87, [14,  7, 21,  6, 31, 39, 35,  7, 27,  3, 11,  6, 22, 44, 32,  9, 41, 37, 48, 19, 45, 10, 42, 46, 34, 24, 12, 40, 25, 17, 33, 13, 29,  5,  1, 14, 26, 18, 28,  4, 36, 15, 23, 20,  8, 16,  2, 30, 38, 21, 47, 43], 2021.1453251 , 2021.1453251 , 0., 0.,  0.        , 0., 0, 0, 0.)
 (87, [14,  7, 21,  6, 31, 39, 35,  7, 27,  3, 11,  6, 22, 44, 32,  9, 41, 37, 48, 19, 45, 10, 42, 46, 34, 24, 12, 40, 25, 17, 33, 13, 29,  5,  1, 14, 26, 18, 28,  4, 36, 15, 23,  8, 20, 16,  2, 30, 38, 21, 47, 43], 2021.1453251 , 2021.1453251 , 0., 0.,  0.        , 0., 0, 0, 0.)
 (87, [14,  7, 21,  6, 31, 39, 35,  7, 27,  3, 11,  6, 22, 44, 32,  9, 41, 37, 48, 19, 45, 10, 42, 46, 34, 24, 12, 40, 25, 17, 33, 13, 29,  5,  1, 14, 26, 18, 28,  4, 36, 15, 23, 20,  8, 16,  2, 30, 38, 21, 47, 43], 2021.1453251 , 2021.1453251 , 0., 0.,  0.        , 0., 0, 0, 0.)
 (87, [14,  7, 21,  6, 31, 39, 35,  7, 27,  3, 11,  6, 22, 44, 32,  9, 41, 37, 48, 19, 45, 10, 42, 46, 34, 24, 12, 40, 25, 17, 33, 13, 29,  5,  1, 14, 26, 18, 28,  4, 36, 15, 23, 20,  8, 16,  2, 30, 38, 21, 47, 43], 2021.1453251 , 2021.1453251 , 0., 0.,  0.        , 0., 0, 0, 0.)
 (87, [14,  7, 21,  6, 31, 39, 35,  7, 27,  3, 11,  6, 22, 44, 32,  9, 41, 37, 48, 19, 45, 10, 42, 46, 34, 24, 12, 40, 25, 17, 33, 13, 29,  5,  1, 14, 26, 18, 28,  4, 36, 15, 23, 20,  8, 16,  2, 30, 38, 21, 47, 43], 2021.1453251 , 2021.1453251 , 0., 0.,  0.        , 0., 0, 0, 0.)
 (87, [14,  7, 21,  6, 31, 39, 35,  7, 27,  3, 11,  6, 22, 44, 32,  9, 41, 37, 48, 19, 45, 10, 42, 46, 34, 24, 12, 40, 25, 17, 33, 13, 29,  5,  1, 14, 26, 18, 28,  4, 36, 15, 23, 20,  8, 16,  2, 30, 38, 21, 47, 43], 2021.1453251 , 2021.1453251 , 0., 0.,  0.        , 0., 0, 0, 0.)
 (87, [14,  7, 21,  6, 31, 39, 35,  7, 27,  3, 11,  6, 22, 44, 32,  9, 41, 37, 48, 19, 45, 10, 42, 46, 34, 24, 12, 40, 25, 17, 33, 13, 29,  5,  1, 14, 26, 18, 28,  4, 36, 15, 23, 20,  8, 16,  2, 30, 38, 21, 47, 43], 2021.1453251 , 2021.1453251 , 0., 0.,  0.        , 0., 0, 0, 0.)
 (87, [14,  7, 21,  6, 31, 39, 35,  7, 27,  3, 11,  6, 22, 44, 32,  9, 41, 37, 48, 19, 45, 10, 42, 46, 34, 24, 12, 40, 25, 17, 33, 13, 29,  5,  1, 14, 26, 18, 28,  4, 36, 15, 23, 20,  8, 16,  2, 30, 38, 21, 47, 43], 2021.1453251 , 2021.1453251 , 0., 0.,  0.        , 0., 0, 0, 0.)
 (87, [14,  7, 21,  6, 31, 39, 35,  7, 27,  3, 11,  6, 22, 44, 32,  9, 41, 37, 48, 19, 45, 10, 42, 46, 34, 24, 12, 40, 25, 17, 33, 13, 29,  5,  1, 14, 26, 18, 28,  4, 36, 15, 23, 20,  8, 16,  2, 30, 38, 21, 47, 43], 2021.1453251 , 2021.1453251 , 0., 0.,  0.        , 0., 0, 0, 0.)
 (87, [14,  7, 21,  6, 31, 39, 35,  7, 27,  3, 11,  6, 22, 44, 32,  9, 41, 37, 48, 19, 45, 10, 42, 46, 34, 24, 12, 40, 25, 17, 33, 13, 29,  5,  1, 14, 26, 18, 28,  4, 36, 15, 23, 20,  8, 16,  2, 30, 38, 21, 47, 43], 2021.1453251 , 2021.1453251 , 0., 0.,  0.        , 0., 0, 0, 0.)
 (87, [14,  7, 21,  6, 31, 39, 35,  7, 27,  3, 11,  6, 22, 44, 32,  9, 41, 37, 48, 19, 45, 10, 42, 46, 34, 24, 12, 40, 25, 17, 33, 13, 29,  5,  1, 14, 26, 18, 28,  4, 36, 15, 23, 20,  8, 16,  2, 30, 38, 21, 47, 43], 2021.1453251 , 2021.1453251 , 0., 0.,  0.        , 0., 0, 0, 0.)
 (87, [14,  7, 21,  6, 31, 39, 35,  7, 27,  3, 11,  6, 22, 44, 32,  9, 41, 37, 48, 19, 45, 10, 42, 46, 34, 24, 12, 40, 25, 17, 33, 13, 29,  5,  1, 14, 26, 18, 28,  4, 36, 15, 23, 20,  8, 16,  2, 30, 38, 21, 47, 43], 2021.1453251 , 2021.1453251 , 0., 0.,  0.        , 0., 0, 0, 0.)
 (87, [14,  7, 21,  6, 31, 39, 35,  7, 27,  3, 11,  6, 22, 44, 32,  9, 41, 37, 48, 19, 45, 10, 42, 46, 34, 24, 12, 40, 25, 17, 33, 13, 29,  5,  1, 14, 26, 18, 28,  4, 36, 15, 23, 20,  8, 16,  2, 30, 38, 21, 47, 43], 2021.1453251 , 2021.1453251 , 0., 0.,  0.        , 0., 0, 0, 0.)
 (87, [14,  7, 21,  6, 31, 39, 35,  7, 27,  3, 11,  6, 22, 44, 32,  9, 41, 37, 48, 19, 45, 10, 42, 46, 34, 24, 12, 40, 25, 17, 33, 13, 29,  5,  1, 14, 26, 18, 28,  4, 36, 15, 23, 20,  8, 16,  2, 30, 38, 21, 47, 43], 2021.1453251 , 2021.1453251 , 0., 0.,  0.        , 0., 0, 0, 0.)
 (87, [14,  7, 21,  6, 31, 39, 35,  7, 27,  3, 11,  6, 22, 44, 32,  9, 41, 37, 48, 19, 45, 10, 42, 46, 34, 24, 12, 40, 25, 17, 33, 13, 29,  5,  1, 14, 26, 18, 28,  4, 36, 15, 23, 20,  8, 16,  2, 30, 38, 21, 47, 43], 2021.1453251 , 2021.1453251 , 0., 0.,  0.        , 0., 0, 0, 0.)
 (87, [14,  7, 21,  6, 31, 39, 35,  7, 27,  3, 11,  6, 22, 44, 32,  9, 41, 37, 48, 19, 45, 10, 42, 46, 34, 24, 12, 40, 25, 17, 33, 13, 29,  5,  1, 14, 26, 18, 28,  4, 36, 15, 23, 20,  8, 16,  2, 30, 38, 21, 47, 43], 2021.1453251 , 2021.1453251 , 0., 0.,  0.        , 0., 0, 0, 0.)
 (87, [14,  7, 21,  6, 31, 39, 35,  7, 27,  3, 11,  6, 22, 44, 32,  9, 41, 37, 48, 19, 45, 10, 42, 46, 34, 24, 12, 40, 25, 17, 33, 13, 29,  5,  1, 14, 26, 18, 28,  4, 36, 15, 23, 20,  8, 16,  2, 30, 38, 21, 47, 43], 2021.1453251 , 2021.1453251 , 0., 0.,  0.        , 0., 0, 0, 0.)
 (87, [14,  7, 21,  6, 31, 39, 35,  7, 27,  3, 11,  6, 22, 44, 32,  9, 41, 37, 48, 19, 45, 10, 42, 46, 34, 24, 12, 40, 25, 17, 33, 13, 29,  5,  1, 14, 26, 18, 28,  4, 36, 15, 23, 20,  8, 16,  2, 30, 38, 21, 47, 43], 2021.1453251 , 2021.1453251 , 0., 0.,  0.        , 0., 0, 0, 0.)
 (87, [14,  7, 21,  6, 31, 39, 35,  7, 27,  3, 11,  6, 22, 44, 32,  9, 41, 37, 48, 19, 45, 10, 42, 46, 34, 24, 12, 40, 25, 17, 33, 13, 29,  5,  1, 14, 26, 18, 28,  4, 36, 15, 23, 20,  8, 16,  2, 30, 38, 21, 47, 43], 2021.1453251 , 2021.1453251 , 0., 0.,  0.        , 0., 0, 0, 0.)
 (87, [14,  7, 21,  6, 31, 39, 35,  7, 27,  3, 11,  6, 22, 44, 32,  9, 41, 37, 48, 19, 45, 10, 42, 46, 34, 24, 12, 40, 25, 17, 33, 13, 29,  5,  1, 14, 26, 18, 28,  4, 36, 15, 23, 20,  8, 16,  2, 30, 38, 21, 47, 43], 2021.1453251 , 2021.1453251 , 0., 0.,  0.        , 0., 0, 0, 0.)
 (87, [14,  7, 21,  6, 31, 39, 35,  7, 27,  3, 11,  6, 22, 44, 32,  9, 41, 37, 48, 19, 45, 10, 42, 46, 34, 24, 12, 40, 25, 17, 33, 13, 29,  5,  1, 14, 26, 18, 28,  4, 36, 15, 23, 20,  8, 16,  2, 30, 38, 21, 47, 43], 2021.1453251 , 2021.1453251 , 0., 0.,  0.        , 0., 0, 0, 0.)
 (87, [14,  7, 21,  6, 31, 39, 35,  7, 27,  3, 11,  6, 22, 44, 32,  9, 41, 37, 48, 19, 45, 10, 42, 46, 34, 24, 12, 40, 25, 17, 33, 13, 29,  5,  1, 14, 26, 18, 28,  4, 36, 15, 23, 20,  8, 16,  2, 30, 38, 21, 47, 43], 2021.1453251 , 2021.1453251 , 0., 0.,  0.        , 0., 0, 0, 0.)
 (87, [14,  7, 21,  6, 31, 39, 35,  7, 27,  3, 11,  6, 22, 44, 32,  9, 41, 37, 48, 19, 45, 10, 42, 46, 34, 24, 12, 40, 25, 17, 33, 13, 29,  5,  1, 14, 26, 18, 28,  4, 36, 15, 23, 20,  8, 16,  2, 30, 38, 21, 47, 43], 2021.1453251 , 2021.1453251 , 0., 0.,  0.        , 0., 0, 0, 0.)
 (87, [14,  7, 21,  6, 31, 39, 35,  7, 27,  3, 11,  6, 22, 44, 32,  9, 41, 37, 48, 19, 45, 10, 42, 46, 34, 24, 12, 40, 25, 17, 33, 13, 29,  5,  1, 14, 26, 18, 28,  4, 36, 15, 23, 20,  8, 16,  2, 30, 38, 21, 47, 43], 2021.1453251 , 2021.1453251 , 0., 0.,  0.        , 0., 0, 0, 0.)
 (87, [14,  7, 21,  6, 31, 39, 35,  7, 27,  3, 11,  6, 22, 44, 32,  9, 41, 37, 48, 19, 45, 10, 42, 46, 34, 24, 12, 40, 25, 17, 33, 13, 29,  5,  1, 14, 26, 18, 28,  4, 36, 15, 23, 20,  8, 16,  2, 30, 38, 21, 47, 43], 2021.1453251 , 2021.1453251 , 0., 0.,  0.        , 0., 0, 0, 0.)
 (87, [14,  7, 21,  6, 31, 39, 35,  7, 27,  3, 11,  6, 22, 44, 32,  9, 41, 37, 48, 19, 45, 10, 42, 46, 34, 24, 12, 40, 25, 17, 33, 13, 29,  5,  1, 14, 26, 18, 28,  4, 36, 15, 23, 20,  8, 16,  2, 30, 38, 21, 47, 43], 2021.1453251 , 2021.1453251 , 0., 0.,  0.        , 0., 0, 0, 0.)
 (87, [14,  7, 21,  6, 31, 39, 35,  7, 27,  3, 11,  6, 22, 44, 32,  9, 41, 37, 48, 19, 45, 10, 42, 46, 34, 24, 12, 40, 25, 17, 33, 13, 29,  5,  1, 14, 26, 18, 28,  4, 36, 15, 23,  8, 20, 16,  2, 30, 38, 21, 47, 43], 2021.1453251 , 2021.1453251 , 0., 0.,  0.        , 0., 0, 0, 0.)
 (87, [14,  7, 21,  6, 31, 39, 35,  7, 27,  3, 11,  6, 22, 44, 32,  9, 41, 37, 48, 19, 45, 10, 42, 46, 34, 24, 12, 40, 25, 17, 33, 13, 29,  5,  1, 14, 26, 18, 28,  4, 36, 15, 23, 20,  8, 16,  2, 30, 38, 21, 47, 43], 2021.1453251 , 2021.1453251 , 0., 0.,  0.        , 0., 0, 0, 0.)
 (87, [14,  7, 21,  6, 31, 39, 35,  7, 27,  3, 11,  6, 22, 44, 32,  9, 41, 37, 48, 19, 45, 10, 42, 46, 34, 24, 12, 40, 25, 17, 33, 13, 29,  5,  1, 14, 26, 18, 28,  4, 36, 15, 23, 20,  8, 16,  2, 30, 38, 21, 47, 43], 2021.1453251 , 2021.1453251 , 0., 0.,  0.        , 0., 0, 0, 0.)
 (87, [14,  7, 21,  6, 31, 39, 35,  7, 27,  3, 11,  6, 22, 44, 32,  9, 41, 37, 48, 19, 45, 10, 42, 46, 34, 24, 12, 40, 25, 17, 33, 13, 29,  5,  1, 14, 26, 18, 28,  4, 36, 15, 23,  8, 20, 16,  2, 30, 38, 21, 47, 43], 2021.1453251 , 2021.1453251 , 0., 0.,  0.        , 0., 0, 0, 0.)
 (87, [14,  7, 21,  6, 31, 39, 35,  7, 27,  3, 11,  6, 22, 44, 32,  9, 41, 37, 48, 19, 45, 10, 42, 46, 34, 24, 12, 40, 25, 17, 33, 13, 29,  5,  1, 14, 26, 18, 28,  4, 36, 15, 23, 20,  8, 16,  2, 30, 38, 21, 47, 43], 2021.1453251 , 2021.1453251 , 0., 0.,  0.        , 0., 0, 0, 0.)
 (87, [14,  7, 21,  6, 31, 39, 35,  7, 27,  3, 11,  6, 22, 44, 32,  9, 41, 37, 48, 19, 45, 10, 42, 46, 34, 24, 12, 40, 25, 17, 33, 13, 29,  5,  1, 14, 26, 18, 28,  4, 36, 15, 23, 20,  8, 16,  2, 30, 38, 21, 47, 43], 2021.1453251 , 2021.1453251 , 0., 0.,  0.        , 0., 0, 0, 0.)
 (87, [14,  7, 21,  6, 31, 39, 35,  7, 27,  3, 11,  6, 22, 44, 32,  9, 41, 37, 48, 19, 45, 10, 42, 46, 34, 24, 12, 40, 25, 17, 33, 13, 29,  5,  1, 14, 26, 18, 28,  4, 36, 15, 23, 20,  8, 16,  2, 30, 38, 21, 47, 43], 2021.1453251 , 2021.1453251 , 0., 0.,  0.        , 0., 0, 0, 0.)
 (87, [14,  7, 21,  6, 31, 39, 35,  7, 27,  3, 11,  6, 22, 44, 32,  9, 41, 37, 48, 19, 45, 10, 42, 46, 34, 24, 12, 40, 25, 17, 33, 13, 29,  5,  1, 14, 26, 18, 28,  4, 36, 15, 23, 20,  8, 16,  2, 30, 38, 21, 47, 43], 2021.1453251 , 2021.1453251 , 0., 0.,  0.        , 0., 0, 0, 0.)
 (87, [14,  7, 21,  6, 31, 39, 35,  7, 27,  3, 11,  6, 22, 44, 32,  9, 41, 37, 48, 19, 45, 10, 42, 46, 34, 24, 12, 40, 25, 17, 33, 13, 29,  5,  1, 14, 26, 18, 28,  4, 36, 15, 23, 20,  8, 16,  2, 30, 38, 21, 47, 43], 2021.1453251 , 2021.1453251 , 0., 0.,  0.        , 0., 0, 0, 0.)
 (87, [14,  7, 21,  6, 31, 39, 35,  7, 27,  3, 11,  6, 22, 44, 32,  9, 41, 37, 48, 19, 45, 10, 42, 46, 34, 24, 12, 40, 25, 17, 33, 13, 29,  5,  1, 14, 26, 18, 28,  4, 36, 15, 23, 20,  8, 16,  2, 30, 38, 21, 47, 43], 2021.1453251 , 2021.1453251 , 0., 0.,  0.        , 0., 0, 0, 0.)
 (87, [14,  7, 21,  6, 31, 39, 35,  7, 27,  3, 11,  6, 22, 44, 32,  9, 41, 37, 48, 19, 45, 10, 42, 46, 34, 24, 12, 40, 25, 17, 33, 13, 29,  5,  1, 14, 26, 18, 28,  4, 36, 15, 23, 20,  8, 16,  2, 30, 38, 21, 47, 43], 2021.1453251 , 2021.1453251 , 0., 0.,  0.        , 0., 0, 0, 0.)
 (87, [14,  7, 21,  6, 31, 39, 35,  7, 27,  3, 11,  6, 22, 44, 32,  9, 41, 37, 48, 19, 45, 10, 42, 46, 34, 24, 12, 40, 25, 17, 33, 13, 29,  5,  1, 14, 26, 18, 28,  4, 36, 15, 23, 20,  8, 16,  2, 30, 38, 21, 47, 43], 2021.1453251 , 2021.1453251 , 0., 0.,  0.        , 0., 0, 0, 0.)
 (87, [14,  7, 21,  6, 31, 39, 35,  7, 27,  3, 11,  6, 22, 44, 32,  9, 41, 37, 48, 19, 45, 10, 42, 46, 34, 24, 12, 40, 25, 17, 33, 13, 29,  5,  1, 14, 26, 18, 28,  4, 36, 15, 23, 20,  8, 16,  2, 30, 38, 21, 47, 43], 2021.1453251 , 2021.1453251 , 0., 0.,  0.        , 0., 0, 0, 0.)
 (87, [14,  7, 21,  6, 31, 39, 35,  7, 27,  3, 11,  6, 22, 44, 32,  9, 41, 37, 48, 19, 45, 10, 42, 46, 34, 24, 12, 40, 25, 17, 33, 13, 29,  5,  1, 14, 26, 18, 28,  4, 36, 15, 23, 20,  8, 16,  2, 30, 38, 21, 47, 43], 2021.1453251 , 2021.1453251 , 0., 0.,  0.        , 0., 0, 0, 0.)
 (87, [14,  7, 21,  6, 31, 39, 35,  7, 27,  3, 11,  6, 22, 44, 32,  9, 41, 37, 48, 19, 45, 10, 42, 46, 34, 24, 12, 40, 25, 17, 33, 13, 29,  5,  1, 14, 26, 18, 28,  4, 36, 15, 23, 20,  8, 16,  2, 30, 38, 21, 47, 43], 2021.1453251 , 2021.1453251 , 0., 0.,  0.        , 0., 0, 0, 0.)
 (87, [14,  7, 21,  6, 31, 39, 35,  7, 27,  3, 11,  6, 22, 44, 32,  9, 41, 37, 48, 19, 45, 10, 42, 46, 34, 24, 12, 40, 25, 17, 33, 13, 29,  5,  1, 14, 26, 18, 28,  4, 36, 15, 23, 20,  8, 16,  2, 30, 38, 21, 47, 43], 2021.1453251 , 2021.1453251 , 0., 0.,  0.        , 0., 0, 0, 0.)
 (87, [14,  7, 21,  6, 31, 39, 35,  7, 27,  3, 11,  6, 22, 44, 32,  9, 41, 37, 48, 19, 45, 10, 42, 46, 34, 24, 12, 40, 25, 17, 33, 13, 29,  5,  1, 14, 26, 18, 28,  4, 36, 15, 23, 20,  8, 16,  2, 30, 38, 21, 47, 43], 2021.1453251 , 2021.1453251 , 0., 0.,  0.        , 0., 0, 0, 0.)
 (87, [14,  7, 21,  6, 31, 39, 35,  7, 27,  3, 11,  6, 22, 44, 32,  9, 41, 37, 48, 45, 10, 42, 46, 19, 34, 24, 12, 40, 25, 17, 33, 13, 29,  5,  1, 14, 26, 18, 28,  4, 36, 15, 23, 20,  8, 16,  2, 30, 38, 21, 47, 43], 2039.82271132, 2051.2373195 , 0., 0.,  0.        , 0., 0, 0, 0.)
 (87, [14,  7, 21,  6, 31, 39, 35,  7, 27,  3, 11,  6, 48, 44, 32,  9, 41, 37, 22, 19, 45, 10, 42, 46, 34, 24, 12, 40, 25, 17, 33, 13, 29,  5,  1, 14, 26, 18, 28,  4, 36, 15, 23, 20,  8, 16,  2, 30, 38, 21, 47, 43], 2050.52753792, 2050.52753792, 0., 0.,  0.        , 0., 0, 0, 0.)
 (87, [14,  7, 21,  6, 31, 39, 35,  7, 27,  3, 11,  6, 22, 44, 32,  9, 48, 37, 41, 19, 45, 10, 42, 46, 34, 24, 12, 40, 25, 17, 33, 13, 29,  5,  1, 14, 26, 18, 28,  4, 36, 15, 23, 20,  8, 16,  2, 30, 38, 21, 47, 43], 2067.41636564, 2067.41636564, 0., 0.,  0.        , 0., 0, 0, 0.)
 (87, [14,  7, 21,  6, 31, 39, 35,  7, 27,  3, 11,  6, 22, 44, 32,  9, 21, 37, 48, 19, 45, 10, 42, 46, 34, 24, 12, 40, 25, 17, 33, 13, 29,  5,  1, 14, 26, 18, 28,  4, 36, 15, 23, 20,  8, 16,  2, 30, 38, 41, 47, 43], 2073.45020621, 2073.45020621, 0., 0.,  0.        , 0., 0, 0, 0.)
 (87, [14,  7, 21,  6, 31, 39, 35,  7, 27,  3, 11,  6, 22, 44, 32,  9, 41, 37, 48, 19, 45, 10, 42, 46, 34, 24, 12, 40, 25, 17, 33, 13, 29,  5,  1, 14, 26, 18, 28,  8, 36, 15, 23, 20,  4, 16,  2, 30, 38, 21, 47, 43], 2077.59692244, 2077.59692244, 0., 0.,  0.        , 0., 0, 0, 0.)
 (87, [14,  7, 21,  6, 31, 39, 35,  7, 27,  3, 11,  6, 22, 44, 32,  9, 41, 37, 48, 36, 45, 10, 42, 46, 34, 24, 12, 40, 25, 17, 33, 13, 29,  5,  1, 14, 26, 18, 28,  4, 19, 15, 23, 20,  8, 16,  2, 30, 38, 21, 47, 43], 2079.218251  , 2079.218251  , 0., 0.,  0.        , 0., 0, 0, 0.)
 (87, [14,  7, 21,  6, 31, 39, 35,  7, 27,  3, 11,  6, 22, 44, 32,  9, 41, 37, 48, 36, 45, 10, 42, 46, 34, 24, 12, 40, 25, 17, 33, 13, 29,  5,  1, 14, 26, 18, 28,  4, 19, 15, 23, 20,  8, 16,  2, 30, 38, 21, 47, 43], 2079.218251  , 2079.218251  , 0., 0.,  0.        , 0., 0, 0, 0.)
 (87, [14,  7, 21,  6, 31, 39, 35,  7, 27,  3, 11, 41, 22, 44, 32,  9,  6, 37, 34, 19, 45, 10, 42, 46, 48, 24, 12, 40, 25, 17, 33, 13, 29,  5,  1, 14, 26, 18, 28,  4, 36, 15, 23, 20,  8, 16,  2, 30, 38, 21, 47, 43], 2081.36180457, 2081.36180457, 0., 0.,  0.        , 0., 0, 0, 0.)
 (87, [14,  7, 21,  6, 31, 36, 35,  7, 27,  3, 11,  6, 22, 44, 32,  9, 41, 37, 48, 19, 45, 10, 42, 46, 34, 24, 12, 40, 25, 17, 33, 13, 29,  5,  1, 14, 26, 18, 28,  4, 39, 15, 23, 20,  8, 16,  2, 30, 38, 21, 47, 43], 2088.63640074, 2239.31769301, 0., 0.,  0.        , 0., 0, 0, 0.)
 (87, [14,  7, 21,  6, 31, 39, 35,  7, 27,  3, 11,  6, 22, 44, 32,  9, 41, 37, 48, 19, 45, 10, 42, 46, 34, 24, 12, 40, 25, 17, 33, 13, 29,  5,  1, 14, 28, 18, 26,  4, 36, 15, 23, 20,  8, 16,  2, 30, 38, 21, 47, 43], 2091.77653339, 2091.77653339, 0., 0.,  0.        , 0., 0, 0, 0.)
 (87, [14,  7, 21,  6, 31, 39, 35,  7, 27,  3, 11,  6, 22, 44, 32,  9, 41, 37, 48, 19, 45, 10, 42, 46, 34, 24, 12, 40, 25, 17, 33, 13, 29,  4,  1, 14, 26, 18, 28,  5, 36, 15, 23, 20,  8, 16,  2, 30, 38, 21, 47, 43], 2129.94896393, 2162.62789078, 0., 0.,  0.        , 0., 0, 0, 0.)
 (87, [14,  7, 21,  6, 31, 39, 35,  7, 27,  3, 11,  6, 22, 44, 32,  9, 41, 37, 48, 19, 45, 10, 42, 46, 34, 24, 12, 40, 25, 17, 33, 13, 29,  5,  1, 14, 30, 18, 28,  4, 36, 15, 23, 20,  8, 16,  2, 26, 38, 21, 47, 43], 2140.60222377, 2176.64164801, 0., 0.,  0.        , 0., 0, 0, 0.)
 (87, [14,  7, 21,  6, 31, 39, 35,  7, 27, 48, 11,  6, 22, 44, 32,  9, 41, 37,  3, 19, 45, 10, 42, 46, 34, 24, 12, 40, 25, 17, 33, 13, 29,  5,  1, 14, 26, 18, 28,  4, 36, 15, 23, 20,  8, 16,  2, 30, 38, 21, 47, 43], 2142.4169513 , 2226.88606686, 0., 0.,  0.        , 0., 0, 0, 0.)
 (87, [14,  7, 21,  6, 31, 39, 35,  7, 27,  3, 11, 46, 22, 44, 32,  9, 41, 37, 48, 36, 45, 10, 42,  6, 34, 24, 12, 40, 25, 17, 33, 13, 29,  5,  1, 14, 26, 18, 28,  4, 19, 15, 23, 20,  8, 16,  2, 30, 38, 21, 47, 43], 2144.37591505, 2144.37591505, 0., 0.,  0.        , 0., 0, 0, 0.)
 (87, [15,  9, 19,  5, 31, 39, 35,  7, 11,  3, 27,  6, 22, 44, 32,  9, 41, 37, 48, 19, 45, 10, 42, 46, 34, 24, 12, 40, 25, 17, 33, 13, 29,  5,  1, 14, 26, 18, 28,  4, 36, 15, 23, 20,  8, 16,  2, 30, 38, 21, 47, 43], 2166.6126405 , 2166.6126405 , 0., 0.,  0.        , 0., 0, 0, 0.)
 (87, [14,  7, 21,  6, 31, 39, 35,  7, 27,  3, 11,  6, 22, 44, 32,  9, 41, 37, 48, 19, 45, 10, 42, 46, 34, 24, 12, 40, 25, 17,  8, 13, 29,  5,  1, 14, 26, 18, 28,  4, 36, 15, 23, 20, 33, 16,  2, 30, 38, 21, 47, 43], 2175.89869688, 2175.89869688, 0., 0.,  0.        , 0., 0, 0, 0.)
 (87, [14,  7, 21,  6, 31, 39, 35,  7, 27,  3, 11,  6, 22, 44, 32,  9, 41, 37, 48, 19, 45, 10, 42, 46, 34, 24, 12, 40, 25, 17, 33, 13, 29,  4,  1, 14, 26, 18, 28,  5, 36, 15, 23, 20,  8, 16,  2, 30, 47, 21, 38, 43], 2180.65687263, 2354.31884699, 0., 0.,  0.        , 0., 0, 0, 0.)
 (87, [14,  7, 21,  6, 31, 39, 35,  7, 27,  3, 11,  6, 22, 44, 32,  9, 41, 37, 48, 19, 45, 10, 42, 38, 34, 24, 12, 40, 25, 17, 33, 13, 29,  5,  1, 14, 26, 18, 28,  4, 36, 15, 23, 20,  8, 16,  2, 30, 46, 21, 47, 43], 2181.27154962, 2181.27154962, 0., 0.,  0.        , 0., 0, 0, 0.)
 (87, [14,  7, 21,  6, 31, 39, 35,  7, 27,  3, 11,  6, 22, 44, 32,  9, 40, 37, 48, 19, 45, 10, 42, 46, 34, 24, 12, 41, 25, 17, 33, 13, 29,  5,  1, 14, 26, 18, 28,  4, 36, 15, 23, 20,  8, 16,  2, 30, 38, 21, 47, 43], 2184.99777562, 2184.99777562, 0., 0.,  0.        , 0., 0, 0, 0.)
 (87, [14,  7, 21,  6, 31, 39, 35,  7, 27,  3, 11,  6, 22, 44, 32,  9, 41, 37, 48, 19, 45, 10, 42, 46, 34, 24, 12, 28, 25, 17, 33, 13, 29,  5,  1, 14, 26, 18, 40,  4, 36, 15, 23, 20,  8, 16,  2, 30, 38, 21, 47, 43], 2185.17727756, 2185.17727756, 0., 0.,  0.        , 0., 0, 0, 0.)
 (87, [14,  7, 21,  6, 31, 39, 35,  7, 27,  3, 11,  6, 22, 44, 32,  9, 41, 37, 48, 19, 45, 10, 42, 46, 34, 14, 12, 40, 25, 17, 33, 13, 29,  5,  1, 24, 26, 18, 28,  4, 36, 15, 23, 20,  8, 16,  2, 30, 38, 21, 47, 43], 2187.59066487, 2187.59066487, 0., 0.,  0.        , 0., 0, 0, 0.)
 (87, [14,  7, 21,  6, 31, 39, 35,  7, 27,  3, 11,  6, 22, 44, 32,  9, 41, 37, 48, 45, 10, 42, 46, 34, 24, 12, 40, 25, 17, 33, 13, 29, 36,  5,  1, 14, 26, 18, 28,  4, 19, 15, 23, 20,  8, 16,  2, 30, 38, 21, 47, 43], 2214.03911093, 2515.97175635, 0., 0.,  0.        , 0., 0, 0, 0.)
 (87, [14,  7, 21,  6, 31, 39, 35,  7, 27,  3, 11,  6, 22, 34, 32,  9, 41, 37, 19, 45, 44, 10, 42, 46, 48, 24, 12, 40, 25, 17, 33, 13, 29,  4,  1, 14, 26, 18, 28,  5, 36, 15, 23, 20,  8, 16,  2, 30, 38, 21, 47, 43], 2222.34985352, 2255.02878037, 0., 0.,  0.        , 0., 0, 0, 0.)
 (87, [14,  7, 21,  6, 31, 39, 35,  7, 27,  3, 11,  6, 22, 44, 32,  9, 41, 37, 48, 19, 45, 10, 42, 46, 34, 24, 12, 40, 25, 17, 33, 13, 29,  5,  1, 14, 26, 18, 28,  4, 36, 15, 23,  8, 20,  2, 16, 30, 38, 21, 47, 43], 2236.16651466, 2236.16651466, 0., 0.,  0.        , 0., 0, 0, 0.)
 (87, [15,  6, 22,  5, 31, 39, 35,  7, 27,  3, 11,  6, 22, 44, 32,  9, 41, 37, 48, 42, 45, 10, 19, 46, 34, 24, 12, 40, 25, 17, 33, 13, 29,  5,  1, 14, 26, 18, 28,  4, 36, 15, 23, 20,  8, 16,  2, 30, 38, 21, 47, 43], 2239.5349624 , 2239.5349624 , 0., 0.,  0.        , 0., 0, 0, 0.)
 (87, [14,  7, 21,  6, 31, 39, 35,  7, 27,  3, 11,  6, 22, 44, 32,  9, 37, 48, 41, 19, 45, 10, 42, 46, 34, 24, 12, 40, 30, 17, 33, 13, 29,  5,  1, 14, 26, 18, 28,  4, 36, 15, 23, 20,  8, 16,  2, 25, 38, 21, 47, 43], 2249.47433449, 2379.0491683 , 0., 0.,  0.        , 0., 0, 0, 0.)
 (87, [14,  7, 21,  6, 31, 39, 35, 18, 27,  3, 11,  6, 22, 44, 32,  9, 41, 37, 48, 19, 45, 10, 42, 46, 34, 24, 12, 40, 25, 17, 33, 13, 29,  5,  1, 14, 26,  7, 28,  4, 36, 15, 23, 20,  8, 16,  2, 30, 38, 21, 47, 43], 2254.26719002, 2283.82562144, 0., 0.,  0.        , 0., 0, 0, 0.)
 (87, [14,  9, 20,  5, 31, 39, 35,  7, 27,  3, 11,  6, 22, 44, 32,  9, 41, 37, 48, 19, 45, 10, 42, 46, 34, 24, 12, 40, 25, 17, 33, 13, 29,  5,  1, 14, 26, 18, 28,  4, 36, 15, 23,  8, 20, 16,  2, 30, 38, 47, 21, 43], 2263.29966319, 2263.29966319, 0., 0.,  0.        , 0., 0, 0, 0.)
 (87, [14,  6, 22,  6, 31, 39, 35,  7, 27,  3, 11,  6, 22, 44, 32,  9, 41, 37, 48, 15, 45, 10, 42, 46, 34, 24, 12, 40, 25, 17, 33, 13, 29,  5,  1, 14, 26, 18, 28,  4, 36, 19, 23, 20,  8, 16,  2, 30, 38, 21, 47, 43], 2271.10420679, 2418.38891379, 0., 0.,  0.        , 0., 0, 0, 0.)
 (87, [15,  6, 21,  6, 31, 39, 35,  7, 27,  3, 11,  6, 22, 44, 32,  9, 41, 37, 30, 36, 45, 10, 42, 46, 34, 24, 12, 40, 25, 17, 33, 13, 29,  5,  1, 14, 26, 18, 28,  4, 19, 15, 23, 20,  8, 16,  2, 48, 38, 21, 47, 43], 2284.56705594, 2347.0324531 , 0., 0.,  0.        , 0., 0, 0, 0.)
 (87, [14,  7, 21,  6, 31, 40, 35,  7, 27,  3, 11,  6, 22, 44, 32,  9, 41, 37, 48, 19, 45, 10, 42, 46, 34, 24, 12, 39, 25, 17, 33, 13, 29,  5,  1, 14, 26, 18, 28,  4, 36, 15, 23,  8, 20, 16,  2, 30, 38, 21, 47, 43], 2285.46474073, 2366.06824044, 0., 0.,  0.        , 0., 0, 0, 0.)
 (87, [15,  7, 20,  6, 31, 39, 35,  7, 27,  3, 11,  6, 22, 44, 32,  9, 43, 37, 48, 19, 45, 10, 42, 46, 34, 24, 12, 40, 25, 17, 33, 13, 29,  5,  1, 14, 26, 18, 28,  4, 36, 15, 23, 20,  8, 16,  2, 30, 38, 21, 47, 41], 2285.90300991, 2285.90300991, 0., 0.,  0.        , 0., 0, 0, 0.)
 (87, [14,  7, 21,  6, 31, 39, 35,  7, 27,  3, 24,  6, 22, 44, 32,  9, 41, 37, 48, 19, 45, 10, 42, 46, 34, 11, 12, 40, 25, 17, 33, 13, 29,  5,  1, 14, 26, 18, 28,  4, 36, 15, 23, 20,  8, 16,  2, 30, 38, 21, 47, 43], 2292.73683648, 2292.73683648, 0., 0.,  0.        , 0., 0, 0, 0.)
 (87, [16,  6, 20,  6, 31, 39, 35,  7, 27,  3, 11,  6, 22, 44, 32,  9, 41, 37, 48, 16, 45, 10, 42, 46, 34, 24, 12, 40, 25, 17, 33, 13, 29,  5,  1, 14, 26, 18, 28,  4, 36, 15, 23, 20,  8, 19,  2, 30, 38, 21, 47, 43], 2304.1374608 , 2400.02118454, 0., 0.,  0.        , 0., 0, 0, 0.)
 (87, [14,  7, 21,  6, 31, 39, 35,  7, 27,  3, 11,  6, 22, 44, 32,  9, 41, 37, 48, 19, 45, 10, 42, 26, 34, 24, 12, 40, 25, 17, 33, 13, 29,  5,  1, 14, 46, 18, 28,  4, 36, 15, 23,  8, 20, 16,  2, 30, 38, 21, 47, 43], 2309.76602587, 2309.76602587, 0., 0.,  0.        , 0., 0, 0, 0.)
 (87, [14,  7, 21,  6, 31, 39, 35,  7, 27,  3, 16,  6, 22, 44, 32,  9, 41, 37, 48, 19, 45, 10, 42, 46, 34, 24, 12, 40, 25, 17, 33, 13, 29,  5,  1, 14, 26, 18, 28,  4, 36, 15, 23, 20,  8, 11,  2, 30, 38, 21, 47, 43], 2318.76150389, 2318.76150389, 0., 0.,  0.        , 0., 0, 0, 0.)
 (87, [14,  7, 21,  6, 31, 39, 35,  7, 27,  3, 11,  6, 22, 44, 32,  9, 41, 37, 48, 19, 26, 10, 42, 46, 34, 24, 12, 40, 25, 17, 33, 13, 29,  5,  1, 14, 45, 18, 28,  4, 36, 15, 23, 20,  8, 16,  2, 30, 38, 21, 47, 43], 2319.47980957, 2319.47980957, 0., 0.,  0.        , 0., 0, 0, 0.)
 (87, [15,  7, 19,  7, 31, 39, 35,  7, 27,  3, 11,  6, 22, 44, 32,  9, 41, 37, 48, 19, 45, 10, 42, 46, 34, 24, 12, 40, 25, 17, 33, 13, 29,  5,  1, 14, 26, 18, 20,  4, 36, 15, 23, 28,  8, 16,  2, 30, 38, 21, 47, 43], 2339.48791354, 2339.48791354, 0., 0.,  0.        , 0., 0, 0, 0.)
 (87, [14,  8, 20,  6, 31, 39, 35,  7, 27,  3, 11,  6, 22, 44, 32,  9, 41, 37, 48, 19, 45, 10, 42, 46, 34, 24, 25, 40, 12, 17, 33, 13, 29,  5,  1, 14, 26, 18, 28,  4, 36, 15, 23, 20,  8, 16,  2, 30, 38, 21, 47, 43], 2357.51651068, 2357.51651068, 0., 0.,  0.        , 0., 0, 0, 0.)
 (87, [13,  8, 23,  4, 31, 39, 35,  7, 27,  3, 11,  6, 22, 44, 32,  9, 41, 37, 48, 19, 45, 10, 42, 46, 34, 24, 12, 40, 25, 17, 33, 13, 29,  5,  1, 14, 26, 18, 28, 38, 36, 15, 23, 20,  8, 16,  2, 30,  4, 21, 47, 43], 2403.03960121, 2414.45420939, 0., 0.,  0.        , 0., 0, 0, 0.)
 (87, [12,  9, 22,  5, 31, 39, 35,  7, 27,  3, 11,  6, 33, 44, 32,  9, 41, 37, 48, 19, 45, 10, 42, 46, 34, 24, 12, 40, 25, 17, 22, 13, 29,  5,  1, 14, 26, 18, 28,  4, 36, 15, 23, 20,  8, 16,  2, 30, 38, 21, 47, 43], 2456.87850655, 2468.29311474, 0., 0.,  0.        , 0., 0, 0, 0.)
 (87, [14,  6, 22,  6, 31, 39, 35,  7, 27,  3, 11,  6, 28, 44, 32,  9, 41, 37, 48, 19, 45, 10, 42, 46, 34, 24, 12, 40, 25, 17, 33, 13, 29,  4,  1, 14, 26, 18, 22,  5, 36, 15, 23, 20,  8, 16,  2, 30, 38, 21, 47, 43], 2458.23963936, 2490.91856621, 0., 0.,  0.        , 0., 0, 0, 0.)
 (87, [14,  6, 22,  6, 31, 39, 35,  8, 27,  3, 11,  6, 22, 44, 32,  9, 41, 37, 48, 19, 45, 10, 42, 46, 34, 24, 12, 40, 25, 17, 33, 13, 29,  5,  1, 14, 26, 18, 28,  4, 36, 15, 23, 20,  7, 16,  2, 30, 38, 21, 47, 43], 2462.81009441, 2462.81009441, 0., 0.,  0.        , 0., 0, 0, 0.)
 (87, [12,  8, 23,  5, 31, 39, 35,  7, 27, 46, 11,  6, 22, 44, 32,  9, 41, 37, 48, 19, 45, 10, 42,  3, 34, 24, 12, 40, 25, 17, 33, 13, 29,  5,  1, 14, 26, 18, 28,  4, 36, 15, 23, 20,  8, 16,  2, 30, 38, 21, 47, 43], 2479.27875139, 2490.69335957, 0., 0.,  0.        , 0., 0, 0, 0.)
 (87, [14,  7, 21,  6, 31, 39, 35,  7, 27,  3, 11,  6, 22, 44, 32,  9, 41, 37, 48, 19, 45, 10, 13, 46, 34, 24, 12, 40, 25, 17, 33, 42, 29,  5,  1, 14, 26, 18, 28,  4, 36, 15, 23, 20,  8, 16,  2, 30, 38, 21, 47, 43], 2503.54331087, 2503.54331087, 0., 0.,  0.        , 0., 0, 0, 0.)
 (87, [14,  7, 21,  6, 31, 39, 35,  7, 27,  3, 11,  6, 22, 44, 32,  9, 41, 37, 48, 19, 45, 10, 42, 46, 34, 24, 12, 40, 25, 17, 33, 30, 18,  5,  1, 20, 26, 29, 28,  4, 36, 15, 23, 14,  8, 16,  2, 13, 38, 21, 47, 43], 2510.44001611, 2639.29987822, 0., 0.,  0.        , 0., 0, 0, 0.)
 (87, [14,  8, 21,  5, 31, 39, 35,  7, 27,  3, 11,  6, 22, 44, 32,  9, 41, 37, 48, 19, 28, 10, 42, 46, 34, 24, 12, 40, 25, 17, 33, 13, 29,  5,  1, 14, 26, 18, 45,  4, 36, 15, 23, 20,  8, 16,  2, 30, 38, 21, 47, 43], 2524.79371821, 2756.1082762 , 0., 0.,  0.        , 0., 0, 0, 0.)
 (87, [11,  8, 22,  7, 31, 39, 35,  7, 27,  3, 21,  6, 22, 44, 32,  9, 41, 37, 48, 19, 45, 10, 42, 46, 34, 24, 12, 40, 25, 17, 33, 13, 29,  5,  1, 14, 26, 18, 28,  4, 36, 15, 23,  8, 20, 16,  2, 30, 38, 11, 47, 43], 2544.43577132, 2729.73153451, 0., 0.,  0.        , 0., 0, 0, 0.)
 (87, [13,  7, 20,  8, 31, 39, 35,  7, 27,  3, 11,  6, 22, 44, 32,  9, 41, 37, 48, 19, 45, 10, 42, 46, 34, 24, 12, 28, 25, 17, 33, 13, 29,  5,  1, 14, 26, 18, 40,  4, 36, 15, 23, 20,  8, 16,  2, 47, 38, 21, 30, 43], 2579.61163284, 2653.49163818, 0., 0.,  0.        , 0., 0, 0, 0.)
 (87, [14,  7, 20,  7, 31, 39, 35,  7, 27,  3, 11,  6, 22, 44, 32,  9, 41, 37, 48, 19, 45, 10, 42, 46, 34, 24, 12, 40, 25, 17, 33, 13, 29, 47,  5,  1, 21, 26, 18, 28,  4, 36, 15, 23, 20,  8, 16,  2, 30, 38, 14, 43], 2591.89039535, 2591.89039535, 0., 0., 78.53523816, 0., 0, 0, 0.)
 (87, [16,  7, 20,  5, 31, 39, 35,  3, 27,  7, 11,  6, 22, 44, 32,  9, 41,  8, 48, 19, 45, 10, 42, 46, 34, 24, 12, 40, 25, 17, 33, 13, 29,  5,  1, 14, 26, 18, 28,  4, 36, 15, 23, 20, 37, 16,  2, 30, 38, 21, 47, 43], 2641.57863397, 2652.99324216, 0., 0.,  0.        , 0., 0, 0, 0.)
 (87, [11,  7, 23,  7, 31, 39, 35,  7, 27,  3, 11,  6, 22, 44, 32,  9, 41, 37, 46, 19, 45, 10, 42, 48, 34, 24, 12, 40, 25, 17, 33, 13, 29,  5,  1, 14, 26, 18, 28,  4, 36, 15, 23, 20,  8, 16,  2, 30, 38, 21, 47, 43], 2652.21054434, 2652.21054434, 0., 0.,  0.        , 0., 0, 0, 0.)]