
Total Runtime in seconds: 339.4442141056061Parameters:
population_size: 50, max_generations: 150, executed generations: 149, threshold_no_improvement: 75
target feasible proportion: 12
fitness_scaling: power_rank, selection_method: n_tournaments
p_c: 0.9, p_m: 0.0, NOT YET p_education: 0.0
tournament_size: 2, n_elite: 8
survivor_selection_step: 10, p_selection_survival: 0.7
kill clone step: 5
diversify_step: 20, diversify_step: 20, p_diversify_survival: 0.3
n_closest_neighbors: 3, diversity_weight: 0.5, distance_method: broken_pairs_distance
capacity_penalty_factor: 2, duration_penalty_factor 2, time_window_penalty: 2
Best fitness all generations, best individual before/after local search: 1108.557016743855, 1108.557016743855 / 1108.557016743855
Best individual found before local search: (25, [ 7,  9, 16, 16, 37, 35,  7, 41, 31, 44, 32, 34, 10, 45,  6, 27,  3, 48, 11, 22, 13, 33, 20, 29,  8,  5, 16, 28,  4, 19, 14,  1, 36, 26, 18, 17, 47, 24, 12, 21, 38, 40, 39,  2, 15, 25, 23, 30,  9, 42, 46, 43], 1108.55701674, 1148.83048695, 0., 0., 0., 0., 1, 50, 26.)
Best individual found after local search: (25, [ 7,  9, 16, 16, 37, 35,  7, 41, 31, 44, 32, 34, 10, 45,  6, 27,  3, 48, 11, 22, 13, 33, 20, 29,  8,  5, 16, 28,  4, 19, 14,  1, 36, 26, 18, 17, 47, 24, 12, 21, 38, 40, 39,  2, 15, 25, 23, 30,  9, 42, 46, 43], 1108.55701674, 1148.83048695, 0., 0., 0., 0., 1, 50, 26.)
Best feasible individual found: (25, [ 7,  9, 16, 16, 37, 35,  7, 41, 31, 44, 32, 34, 10, 45,  6, 27,  3, 48, 11, 22, 13, 33, 20, 29,  8,  5, 16, 28,  4, 19, 14,  1, 36, 26, 18, 17, 47, 24, 12, 21, 38, 40, 39,  2, 15, 25, 23, 30,  9, 42, 46, 43], 1108.55701674, 1148.83048695, 0., 0., 0., 0., 1, 50, 26.)

Fitness stats min: [1201.75763364 1151.715027   1150.79617155 1146.63864987 1145.75288693
 1129.75813254 1129.75813254 1129.75813254 1129.75813254 1129.75813254
 1129.75813254 1129.75813254 1129.75813254 1129.75813254 1129.75813254
 1129.75813254 1129.75813254 1129.75813254 1129.75813254 1129.75813254
 1129.75813254 1129.75813254 1129.75813254 1129.75813254 1129.75813254
 1129.75813254 1129.75813254 1129.75813254 1129.75813254 1129.75813254
 1125.67547728 1124.36140449 1124.36140449 1124.36140449 1124.36140449
 1124.36140449 1124.36140449 1124.36140449 1124.36140449 1124.36140449
 1124.36140449 1124.36140449 1124.36140449 1124.36140449 1124.36140449
 1124.36140449 1124.36140449 1124.36140449 1124.36140449 1124.36140449
 1124.36140449 1124.36140449 1124.36140449 1124.36140449 1124.36140449
 1124.36140449 1124.36140449 1124.36140449 1124.36140449 1124.36140449
 1124.36140449 1124.36140449 1124.36140449 1124.36140449 1124.36140449
 1124.36140449 1124.36140449 1124.36140449 1124.36140449 1124.36140449
 1124.36140449 1124.36140449 1124.36140449 1124.36140449 1124.36140449
 1117.06301476 1116.01938501 1108.55701674 1108.55701674 1108.55701674
 1108.55701674 1108.55701674 1108.55701674 1108.55701674 1108.55701674
 1108.55701674 1108.55701674 1108.55701674 1108.55701674 1108.55701674
 1108.55701674 1108.55701674 1108.55701674 1108.55701674 1108.55701674
 1108.55701674 1108.55701674 1108.55701674 1108.55701674 1108.55701674
 1108.55701674 1108.55701674 1108.55701674 1108.55701674 1108.55701674
 1108.55701674 1108.55701674 1108.55701674 1108.55701674 1108.55701674
 1108.55701674 1108.55701674 1108.55701674 1108.55701674 1108.55701674
 1108.55701674 1108.55701674 1108.55701674 1108.55701674 1108.55701674
 1108.55701674 1108.55701674 1108.55701674 1108.55701674 1108.55701674
 1108.55701674 1108.55701674 1108.55701674 1108.55701674 1108.55701674
 1108.55701674 1108.55701674 1108.55701674 1108.55701674 1108.55701674
 1108.55701674 1108.55701674 1108.55701674 1108.55701674 1108.55701674
 1108.55701674 1108.55701674 1108.55701674 1108.55701674 1108.55701674
 1108.55701674 1108.55701674 1108.55701674 1108.55701674 1108.55701674] 

Fitness stats feasible min: [1201.75763364 1151.715027   1150.79617155 1146.63864987 1145.75288693
 1129.75813254 1129.75813254 1129.75813254 1129.75813254 1129.75813254
 1129.75813254 1129.75813254 1129.75813254 1129.75813254 1129.75813254
 1129.75813254 1129.75813254 1129.75813254 1129.75813254 1129.75813254
 1129.75813254 1129.75813254 1129.75813254 1129.75813254 1129.75813254
 1129.75813254 1129.75813254 1129.75813254 1129.75813254 1129.75813254
 1125.67547728 1124.36140449 1124.36140449 1124.36140449 1124.36140449
 1124.36140449 1124.36140449 1124.36140449 1124.36140449 1124.36140449
 1124.36140449 1124.36140449 1124.36140449 1124.36140449 1124.36140449
 1124.36140449 1124.36140449 1124.36140449 1124.36140449 1124.36140449
 1124.36140449 1124.36140449 1124.36140449 1124.36140449 1124.36140449
 1124.36140449 1124.36140449 1124.36140449 1124.36140449 1124.36140449
 1124.36140449 1124.36140449 1124.36140449 1124.36140449 1124.36140449
 1124.36140449 1124.36140449 1124.36140449 1124.36140449 1124.36140449
 1124.36140449 1124.36140449 1124.36140449 1124.36140449 1124.36140449
 1117.06301476 1116.01938501 1108.55701674 1108.55701674 1108.55701674
 1108.55701674 1108.55701674 1108.55701674 1108.55701674 1108.55701674
 1108.55701674 1108.55701674 1108.55701674 1108.55701674 1108.55701674
 1108.55701674 1108.55701674 1108.55701674 1108.55701674 1108.55701674
 1108.55701674 1108.55701674 1108.55701674 1108.55701674 1108.55701674
 1108.55701674 1108.55701674 1108.55701674 1108.55701674 1108.55701674
 1108.55701674 1108.55701674 1108.55701674 1108.55701674 1108.55701674
 1108.55701674 1108.55701674 1108.55701674 1108.55701674 1108.55701674
 1108.55701674 1108.55701674 1108.55701674 1108.55701674 1108.55701674
 1108.55701674 1108.55701674 1108.55701674 1108.55701674 1108.55701674
 1108.55701674 1108.55701674 1108.55701674 1108.55701674 1108.55701674
 1108.55701674 1108.55701674 1108.55701674 1108.55701674 1108.55701674
 1108.55701674 1108.55701674 1108.55701674 1108.55701674 1108.55701674
 1108.55701674 1108.55701674 1108.55701674 1108.55701674 1108.55701674
 1108.55701674 1108.55701674 1108.55701674 1108.55701674 1108.55701674] 

Fitness stats avg: [1453.47009339 1399.33555238 1318.70526432 1277.04929245 1227.55684197
 1336.54628369 1194.74375304 1173.47044515 1172.17806033 1159.44582577
 2335.59187138 1728.29610229 1368.52348447 1240.99972862 1150.5461818
 3439.6804218  2645.62437252 1983.52641263 1648.40864548 1313.08170612
 2359.81711418 1666.53146134 1220.13456911 1133.02467921 1133.02467921
 3600.11644904 3131.23959651 2435.88800779 1725.14039983 1361.88384878
 2390.50075302 1330.07195202 1205.45890875 1262.7798431  1260.02508276
 2485.06585195 1720.10704461 1405.90603583 1367.52123465 1252.52871582
 2179.41417647 1457.15130781 1234.04262569 1136.04233921 1133.36743134
 3510.83811309 2771.60894505 2265.95474986 1752.4792931  1458.40869865
 3251.00147282 2216.3913788  2442.08864747 1810.45899381 1444.00984523
 2629.87401174 1942.97961759 1431.12444919 1174.18676592 1142.02528809
 1438.18182055 1124.59241486 1124.36140449 1124.36140449 1124.36140449
 3612.22172725 2880.60564409 2368.95712914 1822.09747989 1419.41553161
 2613.67015854 1796.56277959 2499.44382646 1726.04452732 1288.77732755
 3064.74990907 2316.6847441  1673.99685892 1366.91915113 1212.7612335
 2104.4841822  1402.8633234  1201.96005455 1138.19168115 1121.35919237
 3511.2834308  2935.35049987 2148.99843143 1594.20949686 1262.28722075
 2577.80485494 1840.98486502 1334.35393199 1218.03468773 1154.87869336
 3505.50356975 2974.59707989 2334.02614394 2523.72992195 1784.48101934
 2767.40555963 1911.00736119 1575.79863508 1336.99433098 1175.54141002
 3487.92944314 2973.07928409 2028.52232609 1504.79315569 1330.84229298
 2490.5137076  1476.07529359 1222.45975454 1139.16102102 1123.88922313
 3678.03614553 3370.98063116 2717.97057273 2440.1768035  1727.56726703
 2940.25237253 2330.4767501  2127.17721366 1769.4375969  1427.34524191
 1881.48382707 1443.84434162 1308.96061483 1166.34197772 1114.78237255
 1921.51572535 1206.21985956 1119.30785107 1108.55701674 1108.55701674
 3693.7269797  3303.31126705 2758.901125   2448.38285979 1653.05348266
 2506.76505266 1893.29787015 1433.29273285 1230.96062863 1127.7938127
 3542.44229062 2987.28033835 2312.87750435 1762.51288591 1450.54917893] 

Feasible stats: [( 0., 50.) ( 0., 50.) (46.,  4.) (46.,  4.) (49.,  1.) (49.,  1.)
 (47.,  3.) (47.,  3.) (48.,  2.) (48.,  2.) (49.,  1.) (49.,  1.)
 (38., 12.) (38., 12.) (47.,  3.) (47.,  3.) (16., 34.) (16., 34.)
 (31., 19.) (31., 19.) (45.,  5.) (45.,  5.) (37., 13.) (37., 13.)
 (49.,  1.) (49.,  1.) (13., 37.) (13., 37.) (26., 24.) (26., 24.)
 (45.,  5.) (45.,  5.) (45.,  5.) (45.,  5.) (49.,  1.) (49.,  1.)
 (20., 30.) (20., 30.) (40., 10.) (40., 10.) (48.,  2.) (48.,  2.)
 (45.,  5.) (45.,  5.) (49.,  1.) (49.,  1.) (18., 32.) (18., 32.)
 (27., 23.) (27., 23.) (45.,  5.) (45.,  5.) (27., 23.) (27., 23.)
 (34., 16.) (34., 16.) (25., 25.) (25., 25.) (47.,  3.) (47.,  3.)
 (49.,  1.) (49.,  1.) (50.,  0.) (50.,  0.) (50.,  0.) (50.,  0.)
 (11., 39.) (11., 39.) (20., 30.) (20., 30.) (41.,  9.) (41.,  9.)
 (33., 17.) (33., 17.) (31., 19.) (31., 19.) (17., 33.) (17., 33.)
 (38., 12.) (38., 12.) (47.,  3.) (47.,  3.) (42.,  8.) (42.,  8.)
 (49.,  1.) (49.,  1.) (13., 37.) (13., 37.) (26., 24.) (26., 24.)
 (47.,  3.) (47.,  3.) (29., 21.) (29., 21.) (49.,  1.) (49.,  1.)
 (12., 38.) (12., 38.) (24., 26.) (24., 26.) (35., 15.) (35., 15.)
 (34., 16.) (34., 16.) (49.,  1.) (49.,  1.) (11., 39.) (11., 39.)
 (30., 20.) (30., 20.) (48.,  2.) (48.,  2.) (40., 10.) (40., 10.)
 (49.,  1.) (49.,  1.) ( 9., 41.) ( 9., 41.) (14., 36.) (14., 36.)
 (32., 18.) (32., 18.) (19., 31.) (19., 31.) (28., 22.) (28., 22.)
 (39., 11.) (39., 11.) (46.,  4.) (46.,  4.) (50.,  0.) (50.,  0.)
 (48.,  2.) (48.,  2.) (50.,  0.) (50.,  0.) ( 6., 44.) ( 6., 44.)
 (17., 33.) (17., 33.) (36., 14.) (36., 14.) (30., 20.) (30., 20.)
 (46.,  4.) (46.,  4.) (14., 36.) (14., 36.) (24., 26.) (24., 26.)] 
Solution Description: 
p: [  0.           2.28350345  15.9649158   33.3170417   62.98146347
  78.08203669  81.66176658  81.70689412   0.          18.67738622
  22.23054736  33.40380365  72.71470479  99.27498465 114.28869404
 123.44296878 125.30870097 149.7330236    0.         129.13692659
 144.70329008 144.97023529 160.79726676 178.6100311  184.24699532
 184.42340811 213.98183953 246.7060168  330.58263524 331.04308817
 340.60973722 380.88320742 406.23780655 436.41090846 488.5822693
   0.          45.72329507  52.53455008  63.51155902  77.20165447
  89.86625057 124.51415848 150.66799758 160.01374226 197.94053444
 211.89076545 221.05615312 230.54879034 284.72107447 335.8730749
 387.78973007 388.53482973] 
pred: [ 0  0  1  1  1  1  1  1  0  0  0  0  0  0  0  0  0  8  0  0  0  0  0  0
  0  0  7  7  7  7  7  7 12 12 12  0  0  0  0  0  0  0  6  6  6  6  6  6
 12 12 12 12] 
distance [  0.           2.28350345  13.68141235  31.03353825  60.69796002
  75.79853324  79.37826313  79.42339067   0.          18.67738622
  22.23054736  33.40380365  72.71470479  99.27498465 114.28869404
 123.44296878 125.30870097  24.42432263   0.         129.13692659
 144.70329008 144.97023529 160.79726676 178.6100311  184.24699532
 184.42340811  29.55843142  62.28260869 146.15922713 146.61968006
 156.18632911 196.45979931  65.62806933  95.80117124 147.97253208
   0.          45.72329507  52.53455008  63.51155902  77.20165447
  89.86625057 124.51415848  26.15383911  35.49958378  73.42637596
  87.37660697  96.54199465 106.03463186  54.17228413 105.32428457
 157.24093974 157.98603939]
load: [  0  11  14  27  35  45  48  64   0  22  40  65  70  86 102 112 119  21
   0   9  28  44  64  84  96 121   9  14  17  26  38  48  16  33  38   0
  21  40  46  71  86 101  13  21  25  39  53  66  13  35  54  78] 
time: [  0.         322.         159.         178.42506149 203.
 228.39224704 244.56663558 456.           0.         182.
 195.18455016 202.9955528  231.80134413 398.         440.23624841
 473.3964008  510.10459224 371.           0.         108.
 140.15799758 192.         220.52726534 237.7678084  317.
 446.         257.         279.90630276 345.84518954 414.06688705
 441.06764997 477.83410975 357.24520703 434.         475.95303324
   0.         115.         308.         325.46934669 414.
 443.         485.92676098 207.         246.16715731 274.57064863
 329.         378.         422.56770213  80.         115.34683757
 171.22731303 459.        ] 
time warps: [0 0 0 0 0 0 0 0 0 0 0 0 0 0 0 0 0 0 0 0 0 0 0 0 0 0 0 0 0 0 0 0 0 0 0 0 0
 0 0 0 0 0 0 0 0 0 0 0 0 0 0 0] 
duration: [  0.          11.28350345  17.68141235  41.03353825  82.91089804
 105.01147126 112.59120115 320.68342895   0.          24.67738622
  29.23054736  49.40380365 105.71470479 284.97668402 320.99039341
 347.14466815 353.01040033  47.42432263   0.         131.13692659
 167.70329008 193.01987139 216.84690286 239.6596672  311.29741782
 426.10281899  35.55843142  92.28260869 189.15922713 205.61968006
 217.18632911 270.45979931  80.62806933 184.45345617 239.62481701
   0.          55.72329507 251.32425496 272.3012639  360.05582284
 403.26861412 455.91652202  48.15383911  64.49958378 125.42637596
 166.54567644 227.50111143 246.99374864  61.17228413 137.32428457
 206.24093974 456.01145174]

All individuals: [(25, [ 7,  9, 16, 16, 37, 35,  7, 41, 31, 44, 32, 34, 10, 45,  6, 27,  3, 48, 11, 22, 13, 33, 20, 29,  8,  5, 16, 28,  4, 19, 14,  1, 36, 26, 18, 17, 47, 24, 12, 21, 38, 40, 39,  2, 15, 25, 23, 30,  9, 42, 46, 43], 1108.55701674, 1148.83048695, 0.,  0.        ,  0.        ,  0.        ,  1, 50, 26. )
 (48, [13, 11, 14, 10,  7, 45, 33,  5, 19, 13, 34, 17, 22, 15, 16,  3, 26,  1, 10, 41, 42, 39, 24, 28, 37, 30, 29, 12, 35, 32, 23, 11, 20, 43, 46, 27,  4, 38, 25,  2, 48, 44, 47, 40,  8, 31, 18,  9, 21, 14, 36,  6], 1108.55701674, 1148.83048695, 0.,  0.        ,  0.        ,  0.        , 14, 37, 32.5)
 (46, [13, 12, 12, 11, 29,  4, 22, 11, 45, 35, 19, 36, 41,  9, 31, 28,  2, 37, 12, 10, 16, 44, 13,  8, 26, 38, 42, 33, 15, 40,  5, 30,  6, 46,  7, 34, 47, 27, 20, 18, 32, 21, 14, 39, 25,  3, 24, 17, 48, 43,  1, 23], 1108.55701674, 1148.83048695, 0.,  0.        ,  0.        ,  0.        ,  3, 48, 27. )
 (25, [ 7,  9, 16, 16, 37, 35,  7, 41, 31, 44, 32, 34, 10, 45,  6, 27,  3, 48, 11, 22, 13, 33, 20, 29,  8,  5, 16, 28,  4, 19, 14,  1, 36, 26, 18, 17, 47, 24, 12, 21, 38, 40, 39,  2, 15, 25, 23, 30,  9, 42, 46, 43], 1108.55701674, 1148.83048695, 0.,  0.        ,  0.        ,  0.        ,  2, 49, 26.5)
 (25, [ 7,  9, 16, 16, 37, 35,  7, 41, 31, 44, 32, 34, 10, 45,  6, 27,  3, 48, 11, 22, 13, 33, 20, 29,  8,  5, 16, 28,  4, 19, 14,  1, 36, 26, 18, 17, 47, 24, 12, 21, 38, 40, 39,  2, 15, 25, 23, 30,  9, 42, 46, 43], 1108.55701674, 1148.83048695, 0.,  0.        ,  0.        ,  0.        ,  3, 48, 27. )
 (25, [ 7,  9, 16, 16, 37, 35,  7, 41, 31, 44, 32, 34, 10, 45,  6, 27,  3, 48, 11, 22, 13, 33, 20, 29,  8,  5, 16, 28,  4, 19, 14,  1, 36, 26, 18, 17, 47, 24, 12, 21, 38, 40, 39,  2, 15, 25, 23, 30,  9, 42, 46, 43], 1108.55701674, 1148.83048695, 0.,  0.        ,  0.        ,  0.        ,  4, 47, 27.5)
 (25, [ 7,  9, 16, 16, 37, 35,  7, 41, 31, 44, 32, 34, 10, 45,  6, 27,  3, 48, 11, 22, 13, 33, 20, 29,  8,  5, 16, 28,  4, 19, 14,  1, 36, 26, 18, 17, 47, 24, 12, 21, 38, 40, 39,  2, 15, 25, 23, 30,  9, 42, 46, 43], 1108.55701674, 1148.83048695, 0.,  0.        ,  0.        ,  0.        ,  5, 46, 28. )
 (25, [ 7,  9, 16, 16, 37, 35,  7, 41, 31, 44, 32, 34, 10, 45,  6, 27,  3, 48, 11, 22, 13, 33, 20, 29,  8,  5, 16, 28,  4, 19, 14,  1, 36, 26, 18, 17, 47, 24, 12, 21, 38, 40, 39,  2, 15, 25, 23, 30,  9, 42, 46, 43], 1108.55701674, 1148.83048695, 0.,  0.        ,  0.        ,  0.        ,  6, 45, 28.5)
 (25, [ 7,  9, 16, 16, 37, 35,  7, 41, 31, 44, 32, 34, 10, 45,  6, 27,  3, 48, 11, 22, 13, 33, 20, 29,  8,  5, 16, 28,  4, 19, 14,  1, 36, 26, 18, 17, 47, 24, 12, 21, 38, 40, 39,  2, 15, 25, 23, 30,  9, 42, 46, 43], 1108.55701674, 1148.83048695, 0.,  0.        ,  0.        ,  0.        ,  7, 44, 29. )
 (25, [ 7,  9, 16, 16, 37, 35,  7, 41, 31, 44, 32, 34, 10, 45,  6, 27,  3, 48, 11, 22, 13, 33, 20, 29,  8,  5, 16, 28,  4, 19, 14,  1, 36, 26, 18, 17, 47, 24, 12, 21, 38, 40, 39,  2, 15, 25, 23, 30,  9, 42, 46, 43], 1108.55701674, 1148.83048695, 0.,  0.        ,  0.        ,  0.        ,  8, 43, 29.5)
 (25, [ 7,  9, 16, 16, 37, 35,  7, 41, 31, 44, 32, 34, 10, 45,  6, 27,  3, 48, 11, 22, 13, 33, 20, 29,  8,  5, 16, 28,  4, 19, 14,  1, 36, 26, 18, 17, 47, 24, 12, 21, 38, 40, 39,  2, 15, 25, 23, 30,  9, 42, 46, 43], 1108.55701674, 1148.83048695, 0.,  0.        ,  0.        ,  0.        ,  9, 42, 30. )
 (35, [14, 10, 12, 12,  7, 43, 33, 30, 21, 32, 35, 31, 41, 37, 16, 36, 10, 34, 14,  9, 18, 40, 38, 28, 13, 39, 44, 26, 23, 22, 27, 12, 19, 25, 42, 17,  8,  2,  3, 11, 46, 15, 20,  1, 24, 47, 45,  4,  6,  5, 48, 29], 1108.55701674, 1148.83048695, 0.,  0.        ,  0.        ,  0.        ,  9, 42, 30. )
 (36, [12, 13, 12, 11, 12, 10,  3, 21, 42,  7,  8, 43, 47, 34, 39, 35, 28, 38, 44, 45,  9, 18, 37, 30, 36, 20, 16, 41, 19, 40, 32, 46, 27, 23,  6,  2, 13, 31, 48, 29, 33, 15,  4, 22,  1, 24, 25, 17,  5, 11, 26, 14], 1108.55701674, 1148.83048695, 0.,  0.        ,  0.        ,  0.        ,  8, 43, 29.5)
 (37, [13, 12, 13, 10,  2, 26, 23, 11,  9, 15, 21, 14, 25, 31, 45, 19, 48,  4, 38, 12, 13, 34, 40, 17, 28, 46,  8, 35, 30,  7, 29, 44, 39,  5, 18, 43, 33, 47, 37,  6,  3, 16, 24, 22, 10, 32, 27, 42,  1, 20, 36, 41], 1108.55701674, 1148.83048695, 0.,  0.        ,  0.        ,  0.        ,  7, 44, 29. )
 (39, [11, 10, 10, 17, 25, 18,  2, 11, 22, 33, 19,  5, 46, 39, 13,  9, 21, 30, 26, 41,  4, 24, 48, 43,  8,  6, 35, 28,  1, 23, 15, 45, 10, 20, 14, 44,  7, 17, 34, 27, 37, 42, 40, 38, 36,  3, 47, 32, 29, 31, 16, 12], 1108.55701674, 1148.83048695, 0.,  0.        ,  0.        ,  0.        ,  6, 45, 28.5)
 (42, [11, 15, 11, 11, 20, 42,  8, 43,  4,  2, 45, 29, 21, 16,  3, 36, 24, 48,  7, 19, 14, 33, 25, 22, 46, 28, 40, 18,  5, 17, 15, 44, 39, 32, 10,  1, 47, 12, 11, 13, 31, 37,  6, 38, 41, 30, 26, 34,  9, 35, 23, 27], 1108.55701674, 1148.83048695, 0.,  0.        ,  0.        ,  0.        ,  5, 46, 28. )
 (47, [13, 11, 12, 12, 20, 37, 40, 32, 29, 21, 13,  3, 15, 44, 30, 34, 43,  2, 42, 12, 22, 14,  6,  7, 38, 46,  8, 33, 16, 45, 19, 23, 11, 26, 41,  9, 31, 39, 17, 27,  1, 48,  4, 28, 10, 36,  5, 18, 47, 25, 24, 35], 1108.55701674, 1148.83048695, 0.,  0.        ,  0.        ,  0.        ,  2, 49, 26.5)
 (43, [16, 11, 10, 11, 24, 26,  1, 16,  5, 17, 42, 37, 15, 40, 10, 19, 38, 46, 47,  9, 21, 48,  2, 32, 41, 35, 12, 27, 14, 22, 31, 28, 34, 45, 30, 18, 33,  4, 25,  8, 36, 44, 23, 43, 39,  3, 20,  6,  7, 29, 11, 13], 1108.55701674, 1148.83048695, 0.,  0.        ,  0.        ,  0.        ,  4, 47, 27.5)
 (25, [ 7,  9, 16, 16, 37, 35,  7, 41, 31, 44, 32, 34, 10, 45,  6, 27,  3, 48, 11, 22, 13, 33, 20, 29,  8,  5, 16, 28,  4, 19, 14,  1, 36, 26, 18, 17, 47, 24, 12, 21, 38, 40, 39,  2, 15, 25, 23, 30,  9, 42, 46, 43], 1108.55701674, 1148.83048695, 0.,  0.        ,  0.        ,  0.        ,  1, 50, 26. )
 (25, [ 7,  9, 15, 17, 37, 35,  7, 41, 31, 44, 32, 34, 10, 45,  6, 27,  3, 48, 11, 22, 13, 33, 20, 29,  8,  5, 16, 28,  4, 19, 14,  1, 36, 26, 18, 17, 47, 24, 12, 21, 38, 40, 39,  2, 15, 25, 23, 30,  9, 42, 46, 43], 1189.61894263, 1229.89241284, 0.,  0.        ,  0.        ,  2.        , 25, 26, 38. )
 (25, [ 7,  8, 16, 17, 37, 35,  7, 41, 31, 44, 32, 34, 10, 45,  6, 27,  3, 48, 11, 22, 13, 33, 20, 29,  8,  5, 16, 28,  4, 19, 14,  1, 36, 26, 18, 17, 47, 24, 12, 21, 38, 40, 39,  2, 15, 25, 23, 30,  9, 42, 46, 43], 1291.47642266, 1331.74989287, 0.,  0.        ,  0.        ,  2.        , 26, 24, 38. )
 (27, [ 6,  9, 17, 16, 37, 35,  7, 41, 31, 44, 32, 34, 10, 45,  6, 27,  3, 48, 11, 22, 13, 33, 20, 29,  8,  5, 16, 19, 14, 28,  4,  1, 36, 26, 18, 17, 47, 24, 12, 21, 38, 40, 39,  2, 15, 25, 23, 30,  9, 42, 46, 43], 1331.05464817, 1371.32811837, 0.,  0.        ,  0.        ,  5.        , 27, 23, 38.5)
 (25, [ 8,  9, 15, 16, 37, 35,  7, 41, 31, 44, 32, 34, 10, 45,  6, 27,  3, 48, 11, 22, 13, 33, 20, 29,  8,  5, 16, 28,  4, 19, 14,  1, 36, 26, 18, 17, 47, 24, 12, 21, 38, 40, 39,  2, 15, 25, 23, 30,  9, 42, 46, 43], 1334.52504151, 1374.79851171, 0.,  0.        ,  0.        ,  2.        , 28, 25, 40.5)
 (25, [ 7,  9, 16, 16, 37, 35,  7, 41, 31, 44, 32, 34, 10, 45,  6, 27,  3, 48, 11, 22, 13, 33, 20, 29,  8,  5, 16, 28,  4, 19, 14,  1, 36, 26, 18, 24, 30, 47, 12, 21, 38, 40, 39,  2, 17, 15, 25, 23,  9, 42, 46, 43], 1338.73982497, 1379.01329518, 0.,  0.        ,  0.        ,  7.        , 29, 22, 40. )
 (40, [10, 11, 15, 12, 40,  2, 43, 22, 41, 21, 33, 46, 14, 17, 23,  8, 35,  9, 12, 29, 34, 26, 13, 39, 24, 15, 31, 25, 44, 36, 18, 47, 16, 48, 11,  7, 28,  3, 19, 27, 42,  1, 32, 45,  6,  4, 20, 30, 37, 38, 10,  5], 1357.10729306, 1397.38076326, 0.,  0.        ,  0.        ,  7.        , 30, 20, 40. )
 (40, [10, 11, 15, 12, 40,  2, 43, 22, 41, 21, 33, 46, 14, 17, 23,  8, 35,  9, 12, 29, 34, 26, 13, 39, 24, 15, 31, 25, 44, 36, 18, 47, 16, 48, 11,  7, 28,  3, 19, 27, 42,  1, 32, 45,  6,  4, 20, 30, 37, 38, 10,  5], 1357.10729306, 1397.38076326, 0.,  0.        ,  0.        ,  7.        , 30, 20, 40. )
 (25, [ 4,  9, 18, 17,  7, 41, 15, 37, 34, 31, 44, 32, 10, 45,  6,  3, 27, 36, 22, 48, 11, 13, 33, 20, 29,  8,  5, 16, 28,  4, 19, 14,  1, 26, 18, 47, 24, 12, 21, 38, 39, 35,  2, 30, 23, 25, 17, 40,  9, 42, 46, 43], 1434.79918935, 1434.79918935, 0.,  0.        ,  0.        , 10.        , 33, 18, 42. )
 (25, [ 5, 13, 16, 14,  7, 41, 31, 35, 37, 44, 30, 32, 10, 33, 20, 19, 22, 34, 45,  6,  3, 27, 36, 24, 11, 48, 29,  8, 13,  5, 16, 28,  4, 14,  1, 26, 18, 17,  2, 39, 12, 21, 38, 40, 47, 15, 25, 23,  9, 42, 46, 43], 1562.46572278, 1562.46572278, 0.,  0.        ,  0.        , 22.66666667, 42,  6, 45. )
 (25, [ 4, 14, 14, 16, 37,  7, 41, 31, 44, 32, 34, 10, 45,  6, 27,  3, 48, 11, 22, 13, 33, 20, 29,  8,  5, 16, 28,  4, 19, 14,  1, 36, 26, 18, 17, 47, 24, 15, 12, 21, 38, 40, 39,  2, 35, 25, 23, 30,  9, 42, 46, 43], 1587.5884154 , 1627.8618856 , 0.,  0.        ,  0.        , 13.66666667, 31, 13, 37.5)
 (25, [ 6, 10, 15, 17, 41,  7, 37, 47, 38, 43, 46, 31, 44, 32, 10, 34, 45, 35,  6, 27, 22,  3, 48, 11, 13, 33, 20, 29,  8,  5, 16,  4, 19, 14, 28,  2, 36,  1, 18, 17, 40, 30, 12, 21, 24, 15, 25, 26, 23,  9, 42, 39], 1597.54904525, 1631.76447504, 0.,  0.        ,  3.45846644, 33.33333333, 32,  2, 33. )
 (45, [16, 11, 11, 10, 33, 30, 42, 39, 21, 27, 17, 37, 41, 26, 25, 32, 31, 45,  5, 12, 13,  9,  1,  8, 24, 14, 35, 34, 48, 38,  7, 10, 47, 16, 19, 28,  3, 36, 46, 18, 11, 40,  4,  2, 20, 23, 22,  6, 43, 29, 44, 15], 1630.20113344, 1670.47460364, 0.,  0.        ,  0.        ,  7.        , 34, 21, 44.5)
 (45, [16, 11, 11, 10, 33, 30, 42, 39, 21, 27, 17, 37, 41, 26, 25, 32, 31, 45,  5, 12, 13,  9,  1,  8, 24, 14, 35, 34, 48, 38,  7, 10, 47, 16, 19, 28,  3, 36, 46, 18, 11, 40,  4,  2, 20, 23, 22,  6, 43, 29, 44, 15], 1630.20113344, 1670.47460364, 0.,  0.        ,  0.        ,  7.        , 34, 21, 44.5)
 (41, [11, 12, 16,  9, 46, 31, 14, 22, 20, 36, 29, 42, 19, 26, 33, 37, 44,  3, 10, 32, 12, 48, 35,  9, 41,  1, 25, 28, 45,  5, 47,  4, 18, 17, 13, 34,  7,  2, 39, 40, 21, 15, 16, 23, 24, 30,  6, 43, 11, 27,  8, 38], 1630.91423248, 1630.91423248, 0.,  0.        ,  0.        , 10.33333333, 35, 17, 43.5)
 (41, [11, 12, 16,  9, 46, 31, 14, 22, 20, 36, 29, 42, 19, 26, 33, 37, 44,  3, 10, 32, 12, 48, 35,  9, 41,  1, 25, 28, 45,  5, 47,  4, 18, 17, 13, 34,  7,  2, 39, 40, 21, 15, 16, 23, 24, 30,  6, 43, 11, 27,  8, 38], 1630.91423248, 1630.91423248, 0.,  0.        ,  0.        , 10.33333333, 35, 17, 43.5)
 (25, [ 7,  8, 17, 16,  7, 41, 31, 44, 32, 34, 10, 45,  6, 27,  3, 48, 11, 22, 13, 20, 29,  8, 37, 35, 33,  5, 16, 28,  4, 19, 14,  1, 36, 26, 18, 17, 47, 24, 12, 21, 38, 40, 39,  2, 15, 25, 23, 30, 43,  9, 42, 46], 1644.56391323, 1725.13440542, 0., 32.94784625,  0.        ,  8.        , 36, 19, 45.5)
 (44, [12, 14, 12, 10, 30, 14, 26, 48, 47,  9,  2, 13, 20, 19, 40, 11, 44,  8,  5, 17, 25, 37, 46, 21,  3, 38, 45, 12, 43, 24, 15, 35, 28,  6, 16, 34, 22, 10,  7, 23, 29, 31, 33, 41, 39, 36, 32, 18,  1, 27, 42,  4], 1644.65619572, 1684.92966593, 0.,  0.        ,  0.        , 12.33333333, 37, 15, 44.5)
 (44, [12, 14, 12, 10, 30, 14, 26, 48, 47,  9,  2, 13, 20, 19, 40, 11, 44,  8,  5, 17, 25, 37, 46, 21,  3, 38, 45, 12, 43, 24, 15, 35, 28,  6, 16, 34, 22, 10,  7, 23, 29, 31, 33, 41, 39, 36, 32, 18,  1, 27, 42,  4], 1644.65619572, 1684.92966593, 0.,  0.        ,  0.        , 12.33333333, 37, 15, 44.5)
 ( 9, [11,  8, 13, 16,  7, 41, 31, 44, 32, 34, 10, 45,  6, 27,  3, 48, 11, 22, 13, 20, 29,  8,  5, 16, 28,  4, 37, 21, 35, 24, 33, 19, 14,  1, 36, 26, 18, 17, 47, 12, 38, 40, 39,  2, 15, 25, 23, 30,  9, 42, 46, 43], 1785.95558708, 1826.22905729, 0.,  0.        ,  0.        , 12.66666667, 38, 14, 45. )
 (25, [ 7,  9, 16, 16, 37, 35,  7, 41, 31, 44, 32, 34, 10, 45,  6, 33, 30, 22, 20, 27,  3, 48, 11, 13, 29,  8,  5, 16,  4, 19, 14,  1, 36, 26, 18, 17, 28, 47, 24, 12, 21, 38, 40, 39,  2, 15, 25, 23,  9, 42, 46, 43], 1843.70347173, 1883.97694193, 0.,  0.        ,  0.        , 11.        , 39, 16, 47. )
 (27, [11,  8, 13, 16,  7, 41, 31, 44, 32, 34, 28,  4, 10, 45,  6, 27,  3, 48, 11, 22, 13, 33, 20, 29,  8,  5, 16, 37, 21, 35, 24, 19, 14,  1, 36, 26, 18, 17, 47, 12, 38, 40, 39,  2, 15, 25, 23, 30, 43,  9, 42, 46], 1931.95098873, 2103.78067891, 0.,  0.        ,  0.        , 14.66666667, 40, 12, 46. )
 (25, [ 7,  8, 16, 17, 37, 35,  7, 41, 31, 44, 32, 34, 45, 27,  3, 16, 28, 48, 11, 22, 13, 33, 20, 29,  8,  5,  4, 19,  1, 36, 26, 18, 10, 15, 21,  6, 14, 17, 47, 24, 12, 38, 40, 39,  2, 25, 23, 30,  9, 42, 46, 43], 2009.42374863, 2049.69721884, 0.,  0.        ,  0.        , 15.33333333, 41, 11, 46.5)
 (38, [12, 13, 11, 12, 22, 20, 13, 35,  3,  4,  1, 23, 34, 30, 38, 37, 29, 12, 21, 32, 24, 33, 47, 44, 26, 41, 15, 39, 31, 27, 14, 46, 48, 10, 43,  2, 18, 36, 25,  7,  6, 16,  8, 42,  9, 17, 45, 28, 19, 40,  5, 11], 2015.53362151, 2055.80709171, 0.,  0.        ,  0.        , 18.33333333, 43,  9, 47.5)
 (38, [12, 13, 11, 12, 22, 20, 13, 35,  3,  4,  1, 23, 34, 30, 38, 37, 29, 12, 21, 32, 24, 33, 47, 44, 26, 41, 15, 39, 31, 27, 14, 46, 48, 10, 43,  2, 18, 36, 25,  7,  6, 16,  8, 42,  9, 17, 45, 28, 19, 40,  5, 11], 2015.53362151, 2055.80709171, 0.,  0.        ,  0.        , 18.33333333, 43,  9, 47.5)
 (27, [ 7, 11, 11, 19, 37, 35,  7, 41, 31, 44, 32, 34, 10, 45,  6, 33, 19, 30, 22,  4, 27,  3, 48, 11, 13, 20, 29,  8,  5, 16, 28, 21, 24, 14,  1, 36, 26, 18, 17, 47, 12, 38, 40, 39,  2, 15, 25, 23, 43, 46, 42,  9], 2086.12212941, 2086.12212941, 0.,  0.        ,  0.        , 24.33333333, 45,  5, 47.5)
 (25, [12, 10, 10, 16, 37, 35,  7, 41, 31, 44, 32, 34, 10, 45,  6, 27,  3, 11, 22, 28,  4, 20,  5, 42, 48,  8, 13, 19, 14,  1,  9, 46, 43, 26, 18, 17, 47, 24, 12, 21, 38, 40, 15, 25, 23, 30,  2, 29, 16, 39, 33, 36], 2161.75806365, 2042.41202142, 0., 22.9496365 , 36.72338461, 27.66666667, 46,  4, 48. )
 (49, [11, 12, 13, 12, 27, 48, 40, 16, 38,  8, 26, 37, 14, 32,  3, 13, 24, 35, 45, 11, 33, 23,  9,  7, 12, 15, 31, 17,  5, 29, 22,  4, 39, 34, 46, 36, 10, 20,  6, 18, 44, 25, 21,  2,  1, 41, 19, 43, 30, 42, 28, 47], 2235.20657569, 2241.45679769, 0., 17.0116241 ,  0.        , 22.33333333, 47,  7, 50.5)
 (49, [11, 12, 13, 12, 27, 48, 40, 16, 38,  8, 26, 37, 14, 32,  3, 13, 24, 35, 45, 11, 33, 23,  9,  7, 12, 15, 31, 17,  5, 29, 22,  4, 39, 34, 46, 36, 10, 20,  6, 18, 44, 25, 21,  2,  1, 41, 19, 43, 30, 42, 28, 47], 2235.20657569, 2241.45679769, 0., 17.0116241 ,  0.        , 22.33333333, 47,  7, 50.5)
 (25, [ 7, 11, 16, 14,  7, 41, 31, 44, 32, 34, 20, 29, 10, 45,  6, 27,  3, 48, 11, 22, 13,  8,  5, 16, 28,  4, 37, 21, 35, 24, 33,  1, 36, 19, 14, 26, 18, 17, 47, 12, 38, 40, 39,  2, 15, 25, 23, 30, 43, 46, 42,  9], 2248.88535742, 2424.13186799, 0.,  0.        ,  0.        , 21.        , 48,  8, 52. )
 (25, [12, 10,  9, 17, 41, 31, 45,  6,  3, 11, 22, 28,  4, 37, 34, 44, 20,  5, 32, 48,  8, 13, 19, 27, 14,  1, 35,  9, 46, 43, 15, 25, 36, 26, 18, 17, 47, 24, 12, 21, 38, 40, 39,  2, 42, 10, 23, 30, 29, 16,  7, 33], 2478.44960559, 2476.38319202, 0.,  1.03320678,  0.        , 34.        , 49,  1, 49.5)
 (25, [ 9, 11, 14, 14, 44, 25, 27, 43, 45,  3, 40, 32, 10, 23, 34,  9,  7, 48, 11, 22, 13, 33, 20, 29,  8,  5, 16, 28,  4, 19, 14,  1, 36, 26, 18, 17, 47, 24, 12, 46, 42, 15, 39, 21, 41, 31,  2, 30, 37, 38, 35,  6], 2529.03527135, 2569.30874156, 0.,  0.        ,  0.        , 32.33333333, 50,  3, 51.5)]