
Total Runtime in seconds: 165.45233368873596Parameters:
population_size: 100, max_generations: 1000, executed generations: 1000, threshold_no_improvement: 500
target feasible proportion: 25
fitness_scaling: power_rank, selection_method: n_tournaments
p_c: 0.8, p_m: 0.4
tournament_size: 2, n_elite: 10
survivor_selection_step: 200, p_selection_survival: 0.7
kill clone step: 100
diversify_step: 300, diversify_step: 300, p_diversify_survival: 0.3
n_closest_neighbors: 3, diversity_weight: 0.5, distance_method: broken_pairs_distance
capacity_penalty_factor: 3.6372457807195234e-11, duration_penalty_factor 3.6372457807195234e-11, time_window_penalty: 196616309136.09354
Best fitness all generations, best individual before/after local search: 1135.8174718534888, 1137.0002008565657 / 1137.0002008565657
Best individual found before local search: (52, [10,  9, 16, 13,  7, 41, 31, 44, 32,  9, 42, 46, 35, 37, 22, 34, 10, 45,  6, 27,  3, 48, 11, 33, 20, 13,  8, 29,  5, 36, 26, 18, 17, 16, 28,  4, 19, 14,  1, 15, 25, 23, 30,  2, 39, 24, 21, 43, 47, 12, 38, 40], 1137.00020086, 1178.56869464, 0., 0., 0., 0., 0, 0, 0.)
Best individual found after local search: (52, [10,  9, 16, 13,  7, 41, 31, 44, 32,  9, 42, 46, 35, 37, 22, 34, 10, 45,  6, 27,  3, 48, 11, 33, 20, 13,  8, 29,  5, 36, 26, 18, 17, 16, 28,  4, 19, 14,  1, 15, 25, 23, 30,  2, 39, 24, 21, 43, 47, 12, 38, 40], 1137.00020086, 1178.56869464, 0., 0., 0., 0., 0, 0, 0.)
Best feasible individual found: (52, [10,  9, 16, 13,  7, 41, 31, 44, 32,  9, 42, 46, 35, 37, 22, 34, 10, 45,  6, 27,  3, 48, 11, 33, 20, 13,  8, 29,  5, 36, 26, 18, 17, 16, 28,  4, 19, 14,  1, 15, 25, 23, 30,  2, 39, 24, 21, 43, 47, 12, 38, 40], 1137.00020086, 1178.56869464, 0., 0., 0., 0., 0, 0, 0.)

Fitness stats min: [1370.47424908 1370.47424908 1370.47424908 1332.43646981 1332.43646981
 1332.43646981 1332.43646981 1332.43646981 1325.72034369 1323.40403921
 1323.40403921 1323.40403921 1323.40403921 1294.00224883 1294.00224883
 1294.00224883 1294.00224883 1294.00224883 1294.00224883 1287.13514448
 1287.13514448 1287.13514448 1287.13514448 1286.61751975 1286.61751975
 1286.42033233 1286.42033233 1286.23300429 1268.13551701 1260.49806618
 1260.49806618 1260.49806618 1260.49806618 1260.49806618 1247.64125976
 1248.60498541 1248.60498541 1248.9856567  1228.82090874 1228.82090874
 1216.27920949 1216.27920949 1216.27920949 1216.27920949 1216.27920949
 1216.27920949 1213.55020657 1207.01222282 1207.01222282 1204.28321991
 1204.28321991 1204.28321991 1204.28321991 1204.28321991 1204.28321991
 1204.28321991 1202.52305425 1202.52305425 1202.52305425 1202.52305425
 1201.8165974  1201.8165974  1201.8165974  1201.8165974  1200.05643174
 1200.05643174 1200.05643174 1200.02182009 1200.02182009 1200.02182009
 1200.02182009 1200.02182009 1200.02182009 1200.02182009 1200.02182009
 1200.02182009 1200.02182009 1200.02182009 1200.02182009 1200.02182009
 1197.69721811 1197.69721811 1196.65807942 1196.65807942 1196.65807942
 1196.65807942 1194.33347744 1194.33347744 1194.33347744 1194.33347744
 1194.33347744 1194.33347744 1194.33347744 1194.33347744 1194.33347744
 1194.33347744 1194.33347744 1194.33347744 1194.33347744 1182.35905356
 1182.35905356 1182.35905356 1182.35905356 1182.35905356 1182.35905356
 1182.35905356 1182.35905356 1182.35905356 1182.35905356 1182.35905356
 1182.35905356 1182.35905356 1182.35905356 1182.35905356 1182.35905356
 1182.35905356 1182.35905356 1182.35905356 1182.35905356 1182.35905356
 1182.35905356 1182.35905356 1182.35905356 1182.35905356 1182.35905356
 1182.35905356 1182.35905356 1182.35905356 1182.35905356 1182.35905356
 1182.35905356 1182.35905356 1182.35905356 1182.35905356 1182.35905356
 1182.35905356 1182.35905356 1182.35905356 1182.35905356 1182.35905356
 1182.35905356 1182.35905356 1182.35905356 1182.35905356 1182.35905356
 1182.35905356 1182.35905356 1182.35905356 1182.35905356 1182.35905356
 1182.35905356 1167.87801308 1167.87801308 1164.51427241 1164.51427241
 1164.51427241 1163.3315434  1163.3315434  1163.3315434  1163.3315434
 1163.3315434  1163.3315434  1163.17922276 1163.17922276 1163.17922276
 1163.10806157 1163.10806157 1163.10806157 1163.10806157 1153.28211913
 1153.28211913 1153.28211913 1153.28211913 1153.28211913 1152.09939013
 1152.09939013 1152.09939013 1152.09939013 1152.09939013 1152.09939013
 1152.09939013 1152.09939013 1152.09939013 1152.09939013 1152.09939013
 1152.09939013 1152.09939013 1152.09939013 1152.09939013 1152.09939013
 1152.09939013 1152.09939013 1152.09939013 1152.09939013 1152.09939013
 1152.09939013 1145.75482709 1145.75482709 1145.75482709 1145.75482709
 1145.75482709 1145.75482709 1144.57209808 1144.57209808 1144.57209808
 1144.57209808 1144.57209808 1144.57209808 1144.57209808 1144.57209808
 1144.57209808 1144.57209808 1144.57209808 1144.57209808 1144.57209808
 1144.57209808 1144.57209808 1144.57209808 1144.57209808 1144.57209808
 1144.57209808 1144.57209808 1144.57209808 1144.57209808 1144.57209808
 1144.57209808 1144.57209808 1144.57209808 1144.57209808 1144.57209808
 1144.57209808 1144.57209808 1144.57209808 1144.57209808 1144.57209808
 1144.57209808 1144.57209808 1144.57209808 1144.57209808 1144.57209808
 1144.57209808 1144.57209808 1144.57209808 1144.57209808 1144.57209808
 1144.57209808 1144.57209808 1144.57209808 1144.57209808 1144.57209808
 1144.57209808 1144.57209808 1144.57209808 1144.57209808 1144.57209808
 1144.57209808 1144.57209808 1144.57209808 1144.57209808 1144.57209808
 1144.57209808 1144.57209808 1144.57209808 1144.57209808 1144.57209808
 1144.57209808 1144.57209808 1144.57209808 1144.57209808 1144.57209808
 1144.57209808 1144.57209808 1144.57209808 1144.57209808 1144.57209808
 1144.57209808 1144.57209808 1144.57209808 1144.57209808 1144.57209808
 1144.57209808 1144.57209808 1144.57209808 1144.57209808 1144.57209808
 1144.57209808 1144.57209808 1144.57209808 1144.57209808 1144.57209808
 1144.57209808 1144.57209808 1144.57209808 1144.57209808 1143.52846833
 1143.52846833 1143.52846833 1143.52846833 1143.52846833 1143.52846833
 1143.52846833 1137.24882907 1136.06610007 1136.06610007 1136.06610007
 1136.06610007 1136.06610007 1136.06610007 1136.06610007 1136.06610007
 1136.06610007 1136.06610007 1136.06610007 1136.06610007 1136.06610007
 1136.06610007 1136.06610007 1136.06610007 1136.06610007 1136.06610007
 1136.06610007 1136.06610007 1136.06610007 1136.06610007 1136.06610007
 1136.06610007 1136.06610007 1136.06610007 1136.06610007 1136.06610007
 1136.06610007 1136.06610007 1136.06610007 1136.06610007 1136.06610007
 1136.06610007 1136.06610007 1136.06610007 1136.06610007 1136.06610007
 1136.06610007 1136.06610007 1136.06610007 1136.06610007 1136.06610007
 1136.06610007 1136.06610007 1136.06610007 1136.06610007 1136.06610007
 1136.06610007 1136.06610007 1136.06610007 1136.06610007 1136.06610007
 1136.06610007 1136.06610007 1136.06610007 1136.06610007 1136.06610007
 1136.06610007 1136.06610007 1136.06610007 1136.06610007 1136.06610007
 1136.06610007 1136.06610007 1136.06610007 1136.06610007 1136.06610007
 1136.06610007 1136.06610007 1136.06610007 1136.06610007 1136.06610007
 1136.06610007 1136.06610007 1136.06610007 1136.06610007 1136.06610007
 1136.06610007 1136.06610007 1136.06610007 1136.06610007 1136.06610007
 1136.06610007 1136.06610007 1136.06610007 1136.06610007 1136.06610007
 1136.06610007 1136.06610007 1136.06610007 1136.06610007 1136.06610007
 1136.06610007 1136.06610007 1136.06610007 1136.06610007 1136.06610007
 1136.06610007 1136.06610007 1136.06610007 1136.06610007 1136.06610007
 1136.06610007 1136.06610007 1136.06610007 1136.06610007 1136.06610007
 1136.06610007 1136.06610007 1136.06610007 1136.06610007 1136.06610007
 1136.06610007 1136.06610007 1136.06610007 1136.06610007 1136.06610007
 1136.06610007 1136.06610007 1136.06610007 1136.06610007 1136.06610007
 1136.06610007 1136.06610007 1136.06610007 1136.06610007 1136.06610007
 1136.06610007 1136.06610007 1136.06610007 1136.06610007 1136.06610007
 1136.06610007 1136.06610007 1136.06610007 1136.06610007 1136.06610007
 1136.06610007 1136.06610007 1136.06610007 1136.06610007 1136.06610007
 1136.06610007 1136.06610007 1136.06610007 1136.06610007 1136.06610007
 1136.06610007 1136.06610007 1136.06610007 1136.06610007 1136.06610007
 1136.06610007 1136.06610007 1136.06610007 1136.06610007 1136.06610007
 1136.06610007 1136.06610007 1136.06610007 1136.06610007 1136.06610007
 1136.06610007 1136.06610007 1136.06610007 1136.06610007 1136.06610007
 1136.06610007 1136.06610007 1136.06610007 1136.06610007 1136.06610007
 1136.06610007 1136.06610007 1136.06610007 1136.06610007 1136.06610007
 1136.06610007 1136.06610007 1136.06610007 1136.06610007 1136.06610007
 1136.06610007 1136.06610007 1136.06610007 1136.06610007 1136.06610007
 1136.06610007 1136.06610007 1136.06610007 1136.06610007 1136.06610007
 1136.06610007 1136.06610007 1136.06610007 1136.06610007 1136.06610007
 1136.06610007 1136.06610007 1136.06610007 1136.06610007 1136.06610007
 1136.06610007 1136.06610007 1136.06610007 1136.06610007 1136.06610007
 1136.06610007 1136.06610007 1136.06610007 1136.06610007 1136.06610007
 1136.06610007 1136.06610007 1136.06610007 1136.06610007 1136.06610007
 1136.06610007 1136.06610007 1136.06610007 1136.06610007 1136.06610007
 1136.06610007 1136.06610007 1136.06610007 1136.06610007 1136.06610007
 1136.06610007 1136.06610007 1136.06610007 1136.06610007 1136.06610007
 1136.06610007 1136.06610007 1136.06610007 1136.06610007 1136.06610007
 1136.06610007 1136.06610007 1136.06610007 1136.06610007 1136.06610007
 1136.06610007 1136.06610007 1136.06610007 1136.06610007 1136.06610007
 1136.06610007 1136.06610007 1136.06610007 1136.06610007 1136.06610007
 1136.06610007 1136.06610007 1136.06610007 1136.06610007 1136.06610007
 1136.06610007 1136.06610007 1136.06610007 1136.06610007 1136.06610007
 1136.06610007 1136.06610007 1136.06610007 1136.06610007 1136.06610007
 1136.06610007 1136.06610007 1136.06610007 1136.06610007 1136.06610007
 1136.06610007 1136.06610007 1136.06610007 1136.06610007 1136.06610007
 1136.06610007 1136.06610007 1136.06610007 1136.06610007 1136.06610007
 1136.06610007 1136.06610007 1136.06610007 1136.06610007 1136.06610007
 1136.06610007 1136.06610007 1136.06610007 1136.06610007 1136.06610007
 1136.06610007 1136.06610007 1136.06610007 1136.06610007 1136.06610007
 1136.06610007 1136.06610007 1136.06610007 1136.06610007 1136.06610007
 1136.06610007 1136.06610007 1136.06610007 1136.06610007 1136.06610007
 1136.06610007 1136.06610007 1136.06610007 1136.06610007 1136.06610007
 1136.06610007 1136.06610007 1136.06610007 1136.06610007 1136.06610007
 1136.06610007 1136.06610007 1136.06610007 1136.06610007 1136.06610007
 1136.06610007 1136.06610007 1136.06610007 1136.06610007 1136.06610007
 1136.06610007 1136.06610007 1136.06610007 1136.06610007 1136.06610007
 1136.06610007 1136.06610007 1136.06610007 1136.06610007 1136.06610007
 1136.06610007 1136.06610007 1136.06610007 1136.06610007 1136.06610007
 1136.06610007 1136.06610007 1136.06610007 1136.06610007 1136.06610007
 1136.06610007 1136.06610007 1136.06610007 1136.06610007 1136.06610007
 1136.06610007 1136.06610007 1136.06610007 1136.06610007 1136.06610007
 1136.06610007 1136.06610007 1136.06610007 1136.06610007 1136.06610007
 1136.06610007 1136.06610007 1136.06610007 1136.06610007 1136.06610007
 1136.06610007 1136.06610007 1136.06610007 1136.06610007 1136.06610007
 1136.06610007 1136.06610007 1136.06610007 1136.06610007 1136.06610007
 1136.06610007 1136.06610007 1136.06610007 1136.06610007 1136.06610007
 1136.06610007 1136.06610007 1136.06610007 1136.06610007 1136.06610007
 1136.06610007 1136.06610007 1136.06610007 1136.06610007 1136.06610007
 1136.06610007 1136.06610007 1136.06610007 1136.06610007 1136.06610007
 1136.06610007 1136.06610007 1136.06610007 1136.06610007 1136.06610007
 1136.06610007 1136.06610007 1136.06610007 1136.06610007 1136.06610007
 1136.06610007 1136.06610007 1136.06610007 1136.06610007 1136.06610007
 1136.06610007 1136.06610007 1136.06610007 1136.06610007 1136.06610007
 1136.06610007 1135.81747185 1135.81747185 1135.81747185 1135.81747185
 1135.81747185 1135.81747185 1135.81747185 1135.81747185 1135.81747185
 1135.81747185 1135.81747185 1135.81747185 1135.81747185 1135.81747185
 1135.81747185 1135.81747185 1135.81747185 1135.81747185 1135.81747185
 1135.81747185 1135.81747185 1135.81747185 1135.81747185 1135.81747185
 1135.81747185 1135.81747185 1135.81747185 1135.81747185 1135.81747185
 1135.81747185 1135.81747185 1135.81747185 1135.81747185 1135.81747185
 1135.81747185 1135.81747185 1135.81747185 1135.81747185 1135.81747185
 1135.81747185 1135.81747185 1135.81747185 1135.81747185 1135.81747185
 1135.81747185 1135.81747185 1135.81747185 1135.81747185 1135.81747185
 1135.81747185 1135.81747185 1135.81747185 1135.81747185 1135.81747185
 1135.81747185 1135.81747185 1135.81747185 1135.81747185 1135.81747185
 1135.81747185 1135.81747185 1135.81747185 1135.81747185 1135.81747185
 1135.81747185 1135.81747185 1135.81747185 1135.81747185 1135.81747185
 1135.81747185 1135.81747185 1135.81747185 1135.81747185 1135.81747185
 1135.81747185 1135.81747185 1135.81747185 1135.81747185 1135.81747185
 1135.81747185 1135.81747185 1135.81747185 1135.81747185 1135.81747185
 1135.81747185 1135.81747185 1135.81747185 1135.81747185 1135.81747185
 1135.81747185 1135.81747185 1135.81747185 1135.81747185 1135.81747185
 1135.81747185 1135.81747185 1135.81747185 1135.81747185 1135.81747185
 1135.81747185 1135.81747185 1135.81747185 1135.81747185 1135.81747185
 1135.81747185 1135.81747185 1135.81747185 1135.81747185 1135.81747185
 1135.81747185 1135.81747185 1135.81747185 1135.81747185 1135.81747185
 1135.81747185 1135.81747185 1135.81747185 1135.81747185 1135.81747185
 1135.81747185 1135.81747185 1135.81747185 1135.81747185 1135.81747185
 1135.81747185 1135.81747185 1135.81747185 1135.81747185 1135.81747185
 1135.81747185 1135.81747185 1135.81747185 1135.81747185 1135.81747185
 1135.81747185 1135.81747185 1135.81747185 1135.81747185 1135.81747185
 1135.81747185 1135.81747185 1135.81747185 1135.81747185 1135.81747185
 1135.81747185 1135.81747185 1135.81747185 1135.81747185 1135.81747185
 1135.81747185 1135.81747185 1135.81747185 1135.81747185 1135.81747185
 1135.81747185 1135.81747185 1135.81747185 1135.81747185 1135.81747185
 1135.81747185 1135.81747185 1135.81747185 1135.81747185 1135.81747185
 1135.81747185 1135.81747185 1135.81747185 1135.81747185 1135.81747185
 1135.81747185 1135.81747185 1135.81747185 1135.81747185 1135.81747185
 1135.81747185 1135.81747185 1135.81747185 1135.81747185 1135.81747185
 1135.81747185 1135.81747185 1135.81747185 1135.81747185 1135.81747185
 1135.81747185 1135.81747185 1135.81747185 1135.81747185 1135.81747185
 1135.81747185 1135.81747185 1135.81747185 1135.81747185 1135.81747185
 1135.81747185 1135.81747185 1135.81747185 1135.81747185 1135.81747185
 1135.81747185 1135.81747185 1135.81747185 1135.81747185 1135.81747185
 1135.81747185 1135.81747185 1135.81747185 1135.81747185 1135.81747185
 1135.81747185 1135.81747185 1135.81747185 1135.81747185 1135.81747185
 1135.81747185 1135.81747185 1135.81747185 1135.81747185 1135.81747185
 1135.81747185 1135.81747185 1135.81747185 1135.81747185 1135.81747185
 1135.81747185 1135.81747185 1135.81747185 1135.81747185 1135.81747185
 1135.81747185 1135.81747185 1135.81747185 1135.81747185 1135.81747185
 1135.81747185 1135.81747185 1135.81747185 1135.81747185 1135.81747185
 1135.81747185 1135.81747185 1135.81747185 1135.81747185 1135.81747185
 1135.81747185 1135.81747185 1135.81747185 1135.81747185 1135.81747185
 1135.81747185 1135.81747185 1135.81747185 1135.81747185 1135.81747185
 1135.81747185 1135.81747185 1135.81747185 1135.81747185 1135.81747185
 1135.81747185 1135.81747185 1135.81747185 1135.81747185 1135.81747185
 1135.81747185 1135.81747185 1135.81747185 1135.81747185 1135.81747185
 1135.81747185 1135.81747185 1135.81747185 1135.81747185 1135.81747185
 1135.81747185 1135.81747185 1135.81747185 1135.81747185 1135.81747185
 1137.00020086] 

Fitness stats feasible min: [1370.47424908 1370.47424908 1370.47424908 1332.43646981 1332.43646981
 1332.43646981 1332.43646981 1332.43646981 1325.72034369 1323.40403921
 1323.40403921 1323.40403921 1323.40403921 1294.00224883 1294.00224883
 1294.00224883 1294.00224883 1294.00224883 1294.00224883 1287.13514448
 1287.13514448 1287.13514448 1287.13514448 1287.13514448 1287.13514448
 1287.13514448 1287.13514448 1287.13514448 1268.13551701 1260.49806618
 1260.49806618 1260.49806618 1260.49806618 1260.49806618 1248.9856567
 1248.9856567  1248.9856567  1248.9856567  1228.82090874 1228.82090874
 1216.27920949 1216.27920949 1216.27920949 1216.27920949 1216.27920949
 1216.27920949 1213.55020657 1207.01222282 1207.01222282 1204.28321991
 1204.28321991 1204.28321991 1204.28321991 1204.28321991 1204.28321991
 1204.28321991 1202.52305425 1202.52305425 1202.52305425 1202.52305425
 1201.8165974  1201.8165974  1201.8165974  1201.8165974  1200.05643174
 1200.05643174 1200.05643174 1200.02182009 1200.02182009 1200.02182009
 1200.02182009 1200.02182009 1200.02182009 1200.02182009 1200.02182009
 1200.02182009 1200.02182009 1200.02182009 1200.02182009 1200.02182009
 1197.69721811 1197.69721811 1196.65807942 1196.65807942 1196.65807942
 1196.65807942 1194.33347744 1194.33347744 1194.33347744 1194.33347744
 1194.33347744 1194.33347744 1194.33347744 1217.65149072 1215.64090833
 1215.64090833 1215.64090833 1215.64090833 1215.64090833 1215.64090833
 1215.64090833 1215.64090833 1195.51620644 1195.51620644 1195.51620644
 1195.51620644 1195.51620644 1183.54178257 1183.54178257 1183.54178257
 1183.54178257 1183.54178257 1183.54178257 1183.54178257 1183.54178257
 1183.54178257 1183.54178257 1183.54178257 1183.54178257 1183.54178257
 1183.54178257 1183.54178257 1183.54178257 1183.54178257 1183.54178257
 1183.54178257 1183.54178257 1183.54178257 1183.54178257 1183.54178257
 1183.54178257 1183.54178257 1183.54178257 1183.54178257 1183.54178257
 1183.54178257 1183.54178257 1183.54178257 1183.54178257 1183.54178257
 1183.54178257 1183.54178257 1183.54178257 1183.54178257 1183.54178257
 1183.54178257 1183.54178257 1183.54178257 1183.54178257 1183.54178257
 1183.54178257 1167.87801308 1167.87801308 1164.51427241 1164.51427241
 1164.51427241 1164.51427241 1164.51427241 1164.51427241 1164.51427241
 1164.51427241 1164.51427241 1164.51427241 1164.51427241 1164.36195176
 1163.10806157 1163.10806157 1163.10806157 1163.10806157 1153.28211913
 1153.28211913 1153.28211913 1153.28211913 1153.28211913 1153.28211913
 1153.28211913 1153.28211913 1153.28211913 1153.28211913 1153.28211913
 1153.28211913 1153.28211913 1153.28211913 1153.28211913 1153.28211913
 1153.28211913 1153.28211913 1153.28211913 1153.28211913 1153.28211913
 1153.28211913 1153.28211913 1153.28211913 1153.28211913 1153.28211913
 1153.28211913 1145.75482709 1145.75482709 1145.75482709 1145.75482709
 1145.75482709 1145.75482709 1145.75482709 1145.75482709 1145.75482709
 1145.75482709 1145.75482709 1145.75482709 1145.75482709 1145.75482709
 1145.75482709 1145.75482709 1145.75482709 1145.75482709 1145.75482709
 1145.75482709 1145.75482709 1145.75482709 1145.75482709 1145.75482709
 1145.75482709 1145.75482709 1145.75482709 1145.75482709 1145.75482709
 1145.75482709 1145.75482709 1145.75482709 1145.75482709 1145.75482709
 1145.75482709 1145.75482709 1145.75482709 1145.75482709 1145.75482709
 1145.75482709 1145.75482709 1145.75482709 1145.75482709 1145.75482709
 1145.75482709 1145.75482709 1145.75482709 1145.75482709 1145.75482709
 1145.75482709 1145.75482709 1145.75482709 1145.75482709 1145.75482709
 1145.75482709 1145.75482709 1145.75482709 1145.75482709 1145.75482709
 1145.75482709 1145.75482709 1145.75482709 1145.75482709 1145.75482709
 1145.75482709 1145.75482709 1145.75482709 1145.75482709 1145.75482709
 1145.75482709 1145.75482709 1145.75482709 1145.75482709 1145.75482709
 1145.75482709 1145.75482709 1145.75482709 1145.75482709 1145.75482709
 1145.75482709 1145.75482709 1145.75482709 1145.75482709 1145.75482709
 1145.75482709 1145.75482709 1145.75482709 1145.75482709 1145.75482709
 1145.75482709 1145.75482709 1145.75482709 1144.71119734 1144.71119734
 1144.71119734 1144.71119734 1144.71119734 1144.71119734 1144.71119734
 1144.71119734 1144.71119734 1144.71119734 1144.71119734 1144.71119734
 1144.71119734 1137.24882907 1137.24882907 1137.24882907 1137.24882907
 1137.24882907 1137.24882907 1137.24882907 1137.24882907 1137.24882907
 1137.24882907 1137.24882907 1137.24882907 1137.24882907 1137.24882907
 1137.24882907 1137.24882907 1137.24882907 1137.24882907 1137.24882907
 1137.24882907 1137.24882907 1137.24882907 1137.24882907 1137.24882907
 1137.24882907 1137.24882907 1137.24882907 1137.24882907 1137.24882907
 1137.24882907 1137.24882907 1137.24882907 1137.24882907 1137.24882907
 1137.24882907 1137.24882907 1137.24882907 1137.24882907 1137.24882907
 1137.24882907 1137.24882907 1137.24882907 1137.24882907 1137.24882907
 1137.24882907 1137.24882907 1137.24882907 1137.24882907 1137.24882907
 1137.24882907 1137.24882907 1137.24882907 1137.24882907 1137.24882907
 1137.24882907 1137.24882907 1137.24882907 1137.24882907 1137.24882907
 1137.24882907 1137.24882907 1137.24882907 1137.24882907 1137.24882907
 1137.24882907 1137.24882907 1137.24882907 1137.24882907 1137.24882907
 1137.24882907 1137.24882907 1137.24882907 1137.24882907 1137.24882907
 1137.24882907 1137.24882907 1137.24882907 1137.24882907 1137.24882907
 1137.24882907 1137.24882907 1137.24882907 1137.24882907 1137.24882907
 1137.24882907 1137.24882907 1137.24882907 1137.24882907 1137.24882907
 1137.24882907 1137.24882907 1137.24882907 1137.24882907 1137.24882907
 1137.24882907 1137.24882907 1137.24882907 1137.24882907 1137.24882907
 1137.24882907 1137.24882907 1137.24882907 1137.24882907 1137.24882907
 1137.24882907 1137.24882907 1137.24882907 1137.24882907 1137.24882907
 1137.24882907 1137.24882907 1137.24882907 1137.24882907 1137.24882907
 1137.24882907 1137.24882907 1137.24882907 1137.24882907 1137.24882907
 1137.24882907 1137.24882907 1137.24882907 1137.24882907 1137.24882907
 1137.24882907 1137.24882907 1137.24882907 1137.24882907 1137.24882907
 1137.24882907 1137.24882907 1137.24882907 1137.24882907 1137.24882907
 1137.24882907 1137.24882907 1137.24882907 1137.24882907 1137.24882907
 1137.24882907 1137.24882907 1137.24882907 1137.24882907 1137.24882907
 1137.24882907 1137.24882907 1137.24882907 1137.24882907 1137.24882907
 1137.24882907 1137.24882907 1137.24882907 1137.24882907 1137.24882907
 1137.24882907 1137.24882907 1137.24882907 1137.24882907 1137.24882907
 1137.24882907 1137.24882907 1137.24882907 1137.24882907 1137.24882907
 1137.24882907 1137.24882907 1137.24882907 1137.24882907 1137.24882907
 1137.24882907 1137.24882907 1137.24882907 1137.24882907 1137.24882907
 1137.24882907 1137.24882907 1137.24882907 1137.24882907 1137.24882907
 1137.24882907 1137.24882907 1137.24882907 1137.24882907 1137.24882907
 1137.24882907 1137.24882907 1137.24882907 1137.24882907 1137.24882907
 1137.24882907 1137.24882907 1137.24882907 1137.24882907 1137.24882907
 1137.24882907 1137.24882907 1137.24882907 1137.24882907 1137.24882907
 1137.24882907 1137.24882907 1137.24882907 1137.24882907 1137.24882907
 1137.24882907 1137.24882907 1137.24882907 1137.24882907 1137.24882907
 1137.24882907 1137.24882907 1137.24882907 1137.24882907 1137.24882907
 1137.24882907 1137.24882907 1137.24882907 1137.24882907 1137.24882907
 1137.24882907 1137.24882907 1137.24882907 1137.24882907 1137.24882907
 1137.24882907 1137.24882907 1137.24882907 1137.24882907 1137.24882907
 1137.24882907 1137.24882907 1137.24882907 1137.24882907 1137.24882907
 1137.24882907 1137.24882907 1137.24882907 1137.24882907 1137.24882907
 1137.24882907 1137.24882907 1137.24882907 1137.24882907 1137.24882907
 1137.24882907 1137.24882907 1137.24882907 1137.24882907 1137.24882907
 1137.24882907 1137.24882907 1137.24882907 1137.24882907 1137.24882907
 1137.24882907 1137.24882907 1137.24882907 1137.24882907 1137.24882907
 1137.24882907 1137.24882907 1137.24882907 1137.24882907 1137.24882907
 1137.24882907 1137.24882907 1137.24882907 1137.24882907 1137.24882907
 1137.24882907 1137.24882907 1137.24882907 1137.24882907 1137.24882907
 1137.24882907 1137.24882907 1137.24882907 1137.24882907 1137.24882907
 1137.24882907 1137.24882907 1137.24882907 1137.24882907 1137.24882907
 1137.24882907 1137.24882907 1137.24882907 1137.24882907 1137.24882907
 1137.24882907 1137.24882907 1137.24882907 1137.24882907 1137.24882907
 1137.24882907 1137.24882907 1137.24882907 1137.24882907 1137.24882907
 1137.24882907 1137.24882907 1137.24882907 1137.24882907 1137.24882907
 1137.24882907 1137.24882907 1137.24882907 1137.24882907 1137.24882907
 1137.24882907 1137.24882907 1137.24882907 1137.24882907 1137.24882907
 1137.24882907 1137.24882907 1137.24882907 1137.24882907 1137.24882907
 1137.24882907 1137.24882907 1137.24882907 1137.24882907 1137.24882907
 1137.24882907 1137.24882907 1137.24882907 1137.24882907 1137.24882907
 1137.24882907 1137.24882907 1137.24882907 1137.24882907 1137.24882907
 1137.24882907 1137.24882907 1137.24882907 1137.24882907 1137.24882907
 1137.24882907 1137.24882907 1137.24882907 1137.24882907 1137.24882907
 1137.24882907 1137.24882907 1137.24882907 1137.24882907 1137.24882907
 1137.24882907 1137.24882907 1137.24882907 1137.24882907 1137.24882907
 1137.24882907 1137.24882907 1137.24882907 1137.24882907 1137.24882907
 1137.24882907 1137.24882907 1137.24882907 1137.24882907 1137.24882907
 1137.24882907 1137.24882907 1137.24882907 1137.24882907 1137.24882907
 1137.24882907 1137.24882907 1137.24882907 1137.24882907 1137.24882907
 1137.24882907 1137.24882907 1137.24882907 1137.24882907 1137.24882907
 1137.24882907 1137.24882907 1137.24882907 1137.24882907 1137.24882907
 1137.24882907 1137.24882907 1137.24882907 1137.24882907 1137.24882907
 1137.24882907 1137.24882907 1137.24882907 1137.24882907 1137.24882907
 1137.24882907 1137.24882907 1137.24882907 1137.24882907 1137.24882907
 1137.24882907 1137.24882907 1137.24882907 1137.24882907 1137.24882907
 1137.24882907 1137.24882907 1137.24882907 1137.24882907 1137.24882907
 1137.24882907 1137.24882907 1137.24882907 1137.24882907 1137.24882907
 1137.24882907 1137.24882907 1137.24882907 1137.24882907 1137.24882907
 1137.24882907 1137.24882907 1137.24882907 1137.24882907 1137.24882907
 1137.24882907 1137.00020086 1137.00020086 1137.00020086 1137.00020086
 1137.00020086 1137.00020086 1137.00020086 1137.00020086 1137.00020086
 1137.00020086 1137.00020086 1137.00020086 1137.00020086 1137.00020086
 1137.00020086 1137.00020086 1137.00020086 1137.00020086 1137.00020086
 1137.00020086 1137.00020086 1137.00020086 1137.00020086 1137.00020086
 1137.00020086 1137.00020086 1137.00020086 1137.00020086 1137.00020086
 1137.00020086 1137.00020086 1137.00020086 1137.00020086 1137.00020086
 1137.00020086 1137.00020086 1137.00020086 1137.00020086 1137.00020086
 1137.00020086 1137.00020086 1137.00020086 1137.00020086 1137.00020086
 1137.00020086 1137.00020086 1137.00020086 1137.00020086 1137.00020086
 1137.00020086 1137.00020086 1137.00020086 1137.00020086 1137.00020086
 1137.00020086 1137.00020086 1137.00020086 1137.00020086 1137.00020086
 1137.00020086 1137.00020086 1137.00020086 1137.00020086 1137.00020086
 1137.00020086 1137.00020086 1137.00020086 1137.00020086 1137.00020086
 1137.00020086 1137.00020086 1137.00020086 1137.00020086 1137.00020086
 1137.00020086 1137.00020086 1137.00020086 1137.00020086 1137.00020086
 1137.00020086 1137.00020086 1137.00020086 1137.00020086 1137.00020086
 1137.00020086 1137.00020086 1137.00020086 1137.00020086 1137.00020086
 1137.00020086 1137.00020086 1137.00020086 1137.00020086 1137.00020086
 1137.00020086 1137.00020086 1137.00020086 1137.00020086 1137.00020086
 1137.00020086 1137.00020086 1137.00020086 1137.00020086 1137.00020086
 1137.00020086 1137.00020086 1137.00020086 1137.00020086 1137.00020086
 1137.00020086 1137.00020086 1137.00020086 1137.00020086 1137.00020086
 1137.00020086 1137.00020086 1137.00020086 1137.00020086 1137.00020086
 1137.00020086 1137.00020086 1137.00020086 1137.00020086 1137.00020086
 1137.00020086 1137.00020086 1137.00020086 1137.00020086 1137.00020086
 1137.00020086 1137.00020086 1137.00020086 1137.00020086 1137.00020086
 1137.00020086 1137.00020086 1137.00020086 1137.00020086 1137.00020086
 1137.00020086 1137.00020086 1137.00020086 1137.00020086 1137.00020086
 1137.00020086 1137.00020086 1137.00020086 1137.00020086 1137.00020086
 1137.00020086 1137.00020086 1137.00020086 1137.00020086 1137.00020086
 1137.00020086 1137.00020086 1137.00020086 1137.00020086 1137.00020086
 1137.00020086 1137.00020086 1137.00020086 1137.00020086 1137.00020086
 1137.00020086 1137.00020086 1137.00020086 1137.00020086 1137.00020086
 1137.00020086 1137.00020086 1137.00020086 1137.00020086 1137.00020086
 1137.00020086 1137.00020086 1137.00020086 1137.00020086 1137.00020086
 1137.00020086 1137.00020086 1137.00020086 1137.00020086 1137.00020086
 1137.00020086 1137.00020086 1137.00020086 1137.00020086 1137.00020086
 1137.00020086 1137.00020086 1137.00020086 1137.00020086 1137.00020086
 1137.00020086 1137.00020086 1137.00020086 1137.00020086 1137.00020086
 1137.00020086 1137.00020086 1137.00020086 1137.00020086 1137.00020086
 1137.00020086 1137.00020086 1137.00020086 1137.00020086 1137.00020086
 1137.00020086 1137.00020086 1137.00020086 1137.00020086 1137.00020086
 1137.00020086 1137.00020086 1137.00020086 1137.00020086 1137.00020086
 1137.00020086 1137.00020086 1137.00020086 1137.00020086 1137.00020086
 1137.00020086 1137.00020086 1137.00020086 1137.00020086 1137.00020086
 1137.00020086 1137.00020086 1137.00020086 1137.00020086 1137.00020086
 1137.00020086 1137.00020086 1137.00020086 1137.00020086 1137.00020086
 1137.00020086 1137.00020086 1137.00020086 1137.00020086 1137.00020086
 1137.00020086 1137.00020086 1137.00020086 1137.00020086 1137.00020086
 1137.00020086 1137.00020086 1137.00020086 1137.00020086 1137.00020086
 1137.00020086 1137.00020086 1137.00020086 1137.00020086 1137.00020086
 1137.00020086 1137.00020086 1137.00020086 1137.00020086 1137.00020086
 1137.00020086 1137.00020086 1137.00020086 1137.00020086 1137.00020086
 1137.00020086 1137.00020086 1137.00020086 1137.00020086 1137.00020086
 1137.00020086] 

Fitness stats avg: [1532.82396188 1571.38269298 1570.79215547 1560.99601029 1541.45825274
 1541.6148659  1533.56063285 1538.62638393 1514.75165743 1524.86601493
 1499.16855488 1527.84353223 1483.78139565 1470.73232465 1443.41922649
 1484.41226637 1453.79345413 1449.75517632 1400.42685035 1423.96282696
 1446.41888207 1439.84521127 1429.36311209 1417.77684052 1409.93458342
 1402.95866355 1440.55082315 1406.11749186 1423.74476388 1434.98882278
 1405.83514652 1435.37575717 1426.22739377 1438.0897716  1427.69703361
 1422.32357733 1417.97771513 1436.39576466 1440.47031653 1469.23761297
 1452.71494676 1473.18605961 1428.19253257 1368.91153526 1360.93929539
 1359.78462167 1341.87084957 1397.84850493 1397.41077908 1360.4421986
 1355.07492524 1343.63203796 1371.20915001 1347.43040461 1332.07803144
 1352.92542142 1345.22608047 1347.10528129 1374.03160744 1337.93993519
 1328.63763497 1354.96991934 1386.35291021 1338.23618756 1329.15047842
 1348.6755936  1308.61494246 1344.90863083 1342.12409092 1346.14743718
 1377.29944429 1343.51984427 1374.02248842 1376.57166536 1393.50851489
 1385.78264283 1352.17150382 1337.46147633 1339.07508284 1329.46502997
 1364.33784891 1328.99167315 1300.80067035 1339.8727438  1354.88454855
 1368.17912953 1357.81747508 1357.78510964 1339.22450121 1334.14070612
 1362.93859735 1383.2016565  1361.30248611 1337.01505429 1320.64237578
 1331.576657   1362.3527623  1358.31652621 1343.12007577 1351.22727278
 1385.36087926 1356.97385882 1321.25040912 1321.20739758 1344.49502803
 1337.38180999 1313.23543792 1309.71937277 1323.35382067 1343.41622275
 1381.87571175 1332.62943751 1341.06006044 1338.15223293 1322.77323693
 1331.21567823 1315.76455738 1283.82804939 1338.96201868 1347.92712247
 1349.46764332 1328.73586778 1328.34781119 1344.78090176 1319.08383164
 1335.68653337 1324.32810272 1301.59650608 1329.51002379 1329.69021755
 1306.49532535 1296.46830593 1319.40818215 1301.3189195  1312.84071131
 1327.79424338 1326.24418989 1354.12427175 1329.37750571 1314.79707741
 1324.83680872 1343.6903675  1317.13992311 1334.67097316 1360.66061051
 1313.1222961  1289.90165778 1300.97375456 1327.24597412 1304.01192697
 1311.27396411 1341.4086522  1314.19398851 1340.78144214 1347.92759586
 1331.31593771 1343.85814268 1329.36289617 1392.22680432 1351.52310172
 1308.23291928 1315.74749487 1333.6725003  1278.37089092 1285.55621884
 1310.72124847 1294.84955191 1321.3689686  1314.00109712 1323.31346083
 1318.17946807 1341.52745563 1327.66570534 1303.60128965 1316.40622049
 1317.75121585 1286.76869025 1322.38482094 1275.10625815 1292.20116416
 1301.62899532 1279.92943563 1264.83132612 1299.1228791  1267.66897191
 1265.51745802 1257.78492022 1301.76338333 1292.88009313 1295.35945791
 1307.54556633 1322.45419023 1322.62712506 1275.73474932 1308.13450424
 1316.34261657 1282.87650027 1262.48444093 1278.06931967 1272.32641297
 1283.62598708 1275.13853104 1256.03170199 1251.37833465 1278.2659903
 1282.92548127 1272.23359804 1269.59502601 1286.11705251 1317.64187556
 1276.74145368 1246.07654812 1279.11000821 1251.27780475 1264.52688579
 1279.93050092 1282.29578426 1278.86150352 1271.93896093 1281.64756273
 1302.56292057 1270.10996917 1300.45526881 1297.51714632 1296.26218939
 1272.92425928 1294.70027688 1289.60083972 1296.33114522 1294.29733278
 1292.4026257  1266.86067626 1301.48383912 1285.66711951 1255.42175098
 1313.03899034 1316.59696408 1270.38411012 1294.30434142 1261.96107934
 1276.34426537 1287.61736674 1285.04105713 1300.42348293 1305.42871237
 1261.47590746 1293.4231791  1297.49096923 1303.22044691 1277.6251158
 1284.12766215 1293.70465827 1293.79128989 1316.475094   1255.49669682
 1250.9167443  1254.04489363 1265.273924   1263.84971962 1289.5203651
 1271.63335062 1296.53921336 1297.57963126 1301.72620479 1273.30107483
 1318.67455957 1327.5333633  1279.81888971 1287.27227779 1300.57383772
 1340.81325894 1325.97361445 1308.38428808 1292.3206791  1286.522456
 1320.77809325 1279.38806231 1281.31856876 1312.8967964  1328.89843375
 1269.04137743 1252.23368205 1273.38346545 1292.49630158 1331.314477
 1318.60465745 1310.42279929 1299.06780319 1334.8533022  1337.6328307
 1348.4686579  1354.34527056 1296.78803846 1291.57408741 1278.32752457
 1282.09812484 1242.62234951 1261.23551841 1268.45911176 1246.73259703
 1285.96830556 1287.63722032 1286.86116864 1268.42385004 1264.72949327
 1252.06365895 1250.16205855 1285.34099276 1313.0114909  1301.66998169
 1301.05248194 1282.29327641 1284.61291679 1283.17003647 1263.14795152
 1240.53130583 1248.41954431 1251.43610616 1269.67480507 1281.96627773
 1290.03193195 1251.77032778 1254.73759925 1258.51955308 1223.34207193
 1254.18339984 1257.54540462 1273.22367963 1267.0001399  1275.10916843
 1295.92635443 1280.92970711 1265.96305626 1267.36066526 1257.08503918
 1243.53326604 1255.40449778 1277.99976545 1255.66892462 1293.46236471
 1266.11921173 1275.18440812 1315.46317811 1299.38097879 1269.36340351
 1303.59620797 1301.13354471 1288.05345849 1255.11144087 1265.65272944
 1262.65866847 1264.52734083 1305.3222345  1296.13053909 1283.51383761
 1308.55865386 1338.55951861 1290.20342234 1275.6454364  1299.10851629
 1288.19466292 1284.52870102 1294.42913635 1305.15816418 1281.61202036
 1289.55880959 1275.42174155 1275.57444636 1294.49571204 1281.16031853
 1276.07504786 1285.21331988 1306.62833571 1297.59020185 1302.73851608
 1279.36221816 1270.51214501 1251.62157295 1238.58546594 1254.98997654
 1266.31271063 1255.69601392 1265.55292946 1273.04924148 1269.71021076
 1274.10839744 1267.16879854 1246.15080182 1269.85410635 1321.32631705
 1254.33048857 1256.11864772 1265.70088131 1254.56090423 1259.79232124
 1270.63790968 1280.28940232 1314.54647324 1303.24275518 1265.68260258
 1258.00588865 1263.68604307 1267.44811724 1270.42899861 1248.35224232
 1236.34634995 1262.82248085 1273.56152319 1289.84700945 1259.15197204
 1245.81086327 1261.75985947 1282.52626399 1246.60968421 1279.49657987
 1258.04529898 1279.57849762 1238.44164225 1234.32155708 1260.51466271
 1276.85825325 1255.55463545 1283.85416069 1300.42537193 1294.89631923
 1279.09236947 1265.85388776 1244.16416578 1243.11802809 1238.58509007
 1234.82138046 1248.85658347 1288.80546917 1278.97748637 1254.91852134
 1259.77173382 1263.16538432 1282.3503795  1234.8987454  1265.38459118
 1303.04407636 1304.38626352 1250.23275599 1257.50751441 1245.90484803
 1266.56115875 1265.53441598 1258.4324008  1266.78782099 1265.40413326
 1226.73565284 1256.01282656 1241.13826135 1283.61304359 1278.85065176
 1255.94741807 1268.50999094 1307.15045487 1302.23863443 1290.21888635
 1314.49456417 1298.74614616 1292.5169057  1260.97411062 1286.99283409
 1281.67573619 1267.15573486 1285.92296729 1266.86495767 1267.11569895
 1256.1862822  1299.14690914 1314.41121167 1298.34496221 1242.71419671
 1274.12315493 1262.02024691 1277.15358514 1273.31114114 1259.46376017
 1265.17067662 1257.5047042  1238.20769645 1267.91101152 1245.66983307
 1271.54914476 1283.24820028 1291.28354441 1301.61294262 1301.81350118
 1280.86799773 1302.31804551 1308.35204214 1277.6689698  1255.86419749
 1285.59395938 1289.59901569 1253.46263912 1237.1912643  1264.54140319
 1267.76209281 1316.3815447  1320.85583388 1288.65097428 1276.59106606
 1287.18079478 1258.92301196 1299.62003456 1278.76423288 1295.42597705
 1292.89209367 1299.31474752 1296.94691953 1265.82033074 1285.78240058
 1276.44160994 1254.22838936 1245.72882135 1246.1712398  1310.40238612
 1251.3699214  1273.01366515 1296.03246532 1319.86580496 1272.13829007
 1290.21115983 1277.99924637 1276.85148388 1293.12479104 1289.37143071
 1283.76963766 1293.20783729 1293.78658733 1305.71469303 1250.1206786
 1289.07359358 1301.78500591 1286.84254293 1252.23398343 1302.99380032
 1288.56661738 1281.24416462 1309.07188042 1270.32351856 1249.99222794
 1271.53022846 1266.11128928 1277.56494102 1275.20128246 1302.96860392
 1302.27996885 1290.53245057 1290.61780736 1273.32767209 1284.18463789
 1265.4748073  1279.69249684 1305.87322631 1305.19936968 1301.86512107
 1309.71368973 1302.89077813 1294.97877629 1300.60962231 1286.61576121
 1276.681534   1261.2203717  1259.20963846 1232.31465564 1244.09151266
 1242.11590974 1277.96399897 1279.81802817 1307.4761971  1310.33624637
 1308.03845185 1282.0838271  1292.78912518 1290.76435815 1302.32929857
 1259.78202688 1284.84361057 1280.37081066 1275.23628491 1230.70722847
 1282.30976252 1274.51940381 1286.70406835 1289.47269242 1297.87019778
 1299.10073805 1282.72847928 1313.65155501 1293.70087194 1309.33939135
 1319.69500322 1274.32360664 1266.09652109 1257.60151715 1271.26946082
 1244.42114681 1268.52762867 1269.28148885 1299.35644276 1311.01181026
 1271.04683377 1272.17538932 1290.71889971 1289.23167723 1263.83644094
 1232.19270244 1272.70663997 1332.40624271 1304.23724803 1277.3891175
 1259.60162466 1275.44382856 1326.3146095  1283.44505064 1287.54125906
 1265.10604328 1231.74207464 1271.10275491 1283.03245273 1282.63178342
 1276.02201625 1258.55402867 1250.03589069 1271.33327314 1286.11784886
 1227.61528758 1268.1817708  1252.38008969 1279.55068689 1265.53728094
 1267.16779703 1288.51953306 1255.63812226 1276.03726096 1295.00392819
 1300.78152694 1275.0144652  1293.04292096 1290.9299503  1261.60046061
 1246.88376593 1275.27260265 1243.74684307 1271.42250238 1298.44929916
 1238.52558011 1285.92940567 1269.28384662 1272.21002332 1252.4884582
 1257.90744749 1272.15611648 1275.50269508 1268.76695936 1268.09201727
 1271.59464224 1275.05876831 1275.31651165 1275.75726012 1264.47589259
 1242.69916968 1253.09377897 1280.42284657 1266.10997848 1274.17363215
 1250.74960545 1253.23541195 1256.30329445 1257.76891988 1268.24102424
 1264.87980845 1251.37892798 1251.2856731  1258.62190924 1280.23410653
 1272.94576353 1273.31907673 1284.34052931 1261.12598874 1278.66583464
 1267.24535103 1277.71118974 1283.15524411 1280.7734425  1299.53137975
 1284.33011375 1286.24727831 1308.03586185 1263.50923801 1264.10788889
 1275.08859725 1284.89851448 1275.51864849 1259.68518947 1271.75973133
 1273.94795646 1252.20737185 1235.91759844 1242.41020802 1300.94652852
 1299.75824746 1321.05281046 1328.95071948 1315.0175199  1290.38498257
 1310.85386617 1318.37382147 1346.84517489 1315.37390017 1280.89251052
 1288.70421842 1296.67589917 1298.6414953  1310.47104705 1305.09493962
 1266.98782752 1267.24621422 1259.99679457 1276.6412395  1288.32909033
 1277.73890522 1303.98642657 1283.71414411 1277.27177897 1255.93047429
 1272.39791676 1252.83568738 1281.28410346 1285.09175879 1288.31644935
 1269.30498428 1284.45395073 1308.28627655 1302.18264139 1284.28303099
 1256.37277894 1263.15929693 1273.8508992  1291.9575677  1284.77501493
 1313.74401999 1308.30635981 1320.63324299 1302.37198888 1279.66817102
 1273.9516338  1274.77019114 1273.26755696 1273.06180691 1264.56419276
 1309.98824787 1279.80511265 1287.90892653 1279.1522737  1294.76337412
 1312.4339413  1322.98841607 1269.57762024 1283.44159717 1270.42908651
 1273.93825174 1261.39985905 1275.56099248 1316.4755632  1313.89920949
 1281.81666925 1288.68259022 1293.88278312 1286.28824094 1252.31072619
 1273.29664944 1265.08218119 1242.69249374 1266.20183089 1296.58543754
 1284.57919193 1294.06067218 1265.03704117 1273.93661618 1277.25455724
 1282.60025853 1306.76786603 1256.0383381  1263.81117628 1303.58223945
 1275.74264711 1278.54783921 1288.69129957 1245.62392428 1302.95192492
 1310.09718163 1318.74467594 1297.43066214 1293.44020987 1269.62756956
 1292.83117993 1268.46629909 1257.46629707 1285.55225393 1295.28456636
 1294.53440109 1278.90823566 1281.36746041 1294.9188648  1298.32882815
 1268.88656112 1247.8440756  1286.92074553 1260.92161133 1298.24686686
 1269.76961442 1255.65563071 1266.64038366 1269.98147431 1255.01006485
 1261.49785243 1273.00585629 1269.86760565 1243.84617937 1257.74650462
 1266.44555021 1245.86960605 1280.66360913 1272.05665614 1254.26489439
 1217.58027245 1252.41035136 1259.06867965 1272.44935161 1288.92185662
 1292.76518766 1276.43789744 1298.39298353 1285.82037579 1286.68107938
 1278.32981764 1322.7564196  1322.14044239 1266.24512583 1289.92034724
 1261.88300699 1277.97917605 1267.4594425  1293.03115638 1287.66753305
 1264.57438502 1259.32687983 1272.54797818 1283.22917965 1283.54613642
 1271.29296574 1233.14599499 1253.71124613 1287.68028571 1265.7162872
 1258.0020401  1268.36391455 1278.14537834 1301.12864979 1280.46799147
 1267.65618829 1251.69453661 1272.37281297 1255.32331985 1270.73254726
 1277.3578238  1280.38718888 1283.2687052  1278.95994927 1247.0442035
 1248.29314883 1265.71463358 1280.4033805  1290.48071228 1278.61819158
 1274.4538922  1288.04403848 1269.68277865 1255.68468918 1251.76908306
 1278.4921815  1248.42216608 1253.95723374 1258.9536117  1249.25393245
 1252.3410706  1262.20834402 1278.06211591 1280.27334682 1270.70800396
 1313.0502165  1329.21946074 1308.57809799 1286.6120551  1304.36610991
 1290.13048234 1249.89377136 1246.29246738 1278.04657195 1275.27013094
 1261.31673622 1259.95916302 1300.63642758 1289.71365885 1267.92557332
 1312.90285499 1286.28141884 1262.97661831 1303.81398365 1287.79039835
 1250.60825344 1271.61247046 1249.06256895 1239.93591626 1281.08837416
 1301.11303157 1288.76008107 1283.33068771 1297.49627806 1280.58754225
 1251.11809293 1249.464701   1249.23884973 1252.90606354 1283.57796909
 1269.30479616 1256.98402455 1257.56462667 1261.63192513 1275.45058111
 1258.39903164 1267.8331628  1257.45869775 1288.13677853 1267.09162323
 1251.5279515  1296.25080267 1248.07206918 1267.89736523 1253.76413231
 1246.08632322 1255.75816506 1258.19270697 1243.7755113  1270.17928692
 1296.77080332 1268.70102666 1284.03258777 1273.65473577 1275.25834231
 1293.49148833 1270.00036233 1261.43639385 1282.69885427 1286.4869101
 1293.03565338 1208.78486874 1246.37915822 1273.7313681  1252.49982408
 1333.76486657 1300.87421007 1286.47209534 1308.6854413  1301.40657715
 1282.00474568 1278.66179066 1242.21957349 1260.23857218 1281.56858833
 1251.30877302 1242.16953638 1251.81843472 1263.3926643  1276.71945077
 1249.60064759 1252.05496724 1258.26299891 1241.49996707 1284.61987274
 1252.16752141 1279.74298485 1292.35621088 1296.35785062 1275.7288836
 1304.33520796 1291.67008651 1252.29794155 1270.60145877 1263.42032377
 1236.81310654 1273.05263767 1285.02748414 1287.60381165 1306.3573321
 1272.24437714] 

Feasible stats: [( 0.,   0.) ( 0., 100.) ( 0., 100.) (69.,  31.) (69.,  31.) (88.,  12.)
 (88.,  12.) (89.,  11.) (89.,  11.) (95.,   5.) (95.,   5.) (92.,   8.)
 (92.,   8.) (92.,   8.) (92.,   8.) (96.,   4.) (96.,   4.) (96.,   4.)
 (96.,   4.) (94.,   6.) (94.,   6.) (93.,   7.) (93.,   7.) (96.,   4.)
 (96.,   4.) (97.,   3.) (97.,   3.) (95.,   5.) (95.,   5.) (86.,  14.)
 (86.,  14.) (79.,  21.) (79.,  21.) (79.,  21.) (79.,  21.) (81.,  19.)
 (81.,  19.) (81.,  19.) (81.,  19.) (86.,  14.) (86.,  14.) (79.,  21.)
 (79.,  21.) (92.,   8.) (92.,   8.) (96.,   4.) (96.,   4.) (98.,   2.)
 (98.,   2.) (94.,   6.) (94.,   6.) (96.,   4.) (96.,   4.) (95.,   5.)
 (95.,   5.) (99.,   1.) (99.,   1.) (99.,   1.) (99.,   1.) (96.,   4.)
 (96.,   4.) (99.,   1.) (99.,   1.) (88.,  12.) (88.,  12.) (96.,   4.)
 (96.,   4.) (94.,   6.) (94.,   6.) (92.,   8.) (92.,   8.) (95.,   5.)
 (95.,   5.) (97.,   3.) (97.,   3.) (95.,   5.) (95.,   5.) (98.,   2.)
 (98.,   2.) (97.,   3.) (97.,   3.) (94.,   6.) (94.,   6.) (97.,   3.)
 (97.,   3.) (96.,   4.) (96.,   4.) (95.,   5.) (95.,   5.) (93.,   7.)
 (93.,   7.) (97.,   3.) (97.,   3.) (98.,   2.) (98.,   2.) (31.,  69.)
 (31.,  69.) (42.,  58.) (42.,  58.) (39.,  61.) (39.,  61.) (48.,  52.)
 (48.,  52.) (61.,  39.) (61.,  39.) (61.,  39.) (61.,  39.) (49.,  51.)
 (49.,  51.) (49.,  51.) (49.,  51.) (54.,  46.) (54.,  46.) (63.,  37.)
 (63.,  37.) (61.,  39.) (61.,  39.) (69.,  31.) (69.,  31.) (52.,  48.)
 (52.,  48.) (42.,  58.) (42.,  58.) (46.,  54.) (46.,  54.) (56.,  44.)
 (56.,  44.) (56.,  44.) (56.,  44.) (55.,  45.) (55.,  45.) (56.,  44.)
 (56.,  44.) (54.,  46.) (54.,  46.) (54.,  46.) (54.,  46.) (71.,  29.)
 (71.,  29.) (75.,  25.) (75.,  25.) (76.,  24.) (76.,  24.) (85.,  15.)
 (85.,  15.) (82.,  18.) (82.,  18.) (76.,  24.) (76.,  24.) (63.,  37.)
 (63.,  37.) (82.,  18.) (82.,  18.) (67.,  33.) (67.,  33.) (60.,  40.)
 (60.,  40.) (75.,  25.) (75.,  25.) (82.,  18.) (82.,  18.) (87.,  13.)
 (87.,  13.) (84.,  16.) (84.,  16.) (90.,  10.) (90.,  10.) (82.,  18.)
 (82.,  18.) (83.,  17.) (83.,  17.) (80.,  20.) (80.,  20.) (86.,  14.)
 (86.,  14.) (94.,   6.) (94.,   6.) (70.,  30.) (70.,  30.) (67.,  33.)
 (67.,  33.) (62.,  38.) (62.,  38.) (61.,  39.) (61.,  39.) (47.,  53.)
 (47.,  53.) (47.,  53.) (47.,  53.) (60.,  40.) (60.,  40.) (62.,  38.)
 (62.,  38.) (74.,  26.) (74.,  26.) (68.,  32.) (68.,  32.) (56.,  44.)
 (56.,  44.) (50.,  50.) (50.,  50.) (55.,  45.) (55.,  45.) (68.,  32.)
 (68.,  32.) (79.,  21.) (79.,  21.) (91.,   9.) (91.,   9.) (90.,  10.)
 (90.,  10.) (94.,   6.) (94.,   6.) (91.,   9.) (91.,   9.) (84.,  16.)
 (84.,  16.) (85.,  15.) (85.,  15.) (86.,  14.) (86.,  14.) (72.,  28.)
 (72.,  28.) (73.,  27.) (73.,  27.) (63.,  37.) (63.,  37.) (59.,  41.)
 (59.,  41.) (52.,  48.) (52.,  48.) (58.,  42.) (58.,  42.) (64.,  36.)
 (64.,  36.) (57.,  43.) (57.,  43.) (83.,  17.) (83.,  17.) (93.,   7.)
 (93.,   7.) (92.,   8.) (92.,   8.) (77.,  23.) (77.,  23.) (80.,  20.)
 (80.,  20.) (62.,  38.) (62.,  38.) (62.,  38.) (62.,  38.) (68.,  32.)
 (68.,  32.) (72.,  28.) (72.,  28.) (84.,  16.) (84.,  16.) (63.,  37.)
 (63.,  37.) (54.,  46.) (54.,  46.) (55.,  45.) (55.,  45.) (65.,  35.)
 (65.,  35.) (75.,  25.) (75.,  25.) (84.,  16.) (84.,  16.) (81.,  19.)
 (81.,  19.) (83.,  17.) (83.,  17.) (94.,   6.) (94.,   6.) (95.,   5.)
 (95.,   5.) (87.,  13.) (87.,  13.) (82.,  18.) (82.,  18.) (81.,  19.)
 (81.,  19.) (79.,  21.) (79.,  21.) (85.,  15.) (85.,  15.) (93.,   7.)
 (93.,   7.) (79.,  21.) (79.,  21.) (74.,  26.) (74.,  26.) (71.,  29.)
 (71.,  29.) (76.,  24.) (76.,  24.) (65.,  35.) (65.,  35.) (68.,  32.)
 (68.,  32.) (67.,  33.) (67.,  33.) (68.,  32.) (68.,  32.) (76.,  24.)
 (76.,  24.) (71.,  29.) (71.,  29.) (67.,  33.) (67.,  33.) (80.,  20.)
 (80.,  20.) (78.,  22.) (78.,  22.) (67.,  33.) (67.,  33.) (68.,  32.)
 (68.,  32.) (60.,  40.) (60.,  40.) (67.,  33.) (67.,  33.) (66.,  34.)
 (66.,  34.) (62.,  38.) (62.,  38.) (44.,  56.) (44.,  56.) (43.,  57.)
 (43.,  57.) (56.,  44.) (56.,  44.) (55.,  45.) (55.,  45.) (48.,  52.)
 (48.,  52.) (44.,  56.) (44.,  56.) (51.,  49.) (51.,  49.) (46.,  54.)
 (46.,  54.) (51.,  49.) (51.,  49.) (48.,  52.) (48.,  52.) (61.,  39.)
 (61.,  39.) (71.,  29.) (71.,  29.) (84.,  16.) (84.,  16.) (85.,  15.)
 (85.,  15.) (78.,  22.) (78.,  22.) (75.,  25.) (75.,  25.) (69.,  31.)
 (69.,  31.) (68.,  32.) (68.,  32.) (68.,  32.) (68.,  32.) (86.,  14.)
 (86.,  14.) (81.,  19.) (81.,  19.) (69.,  31.) (69.,  31.) (67.,  33.)
 (67.,  33.) (82.,  18.) (82.,  18.) (82.,  18.) (82.,  18.) (81.,  19.)
 (81.,  19.) (60.,  40.) (60.,  40.) (51.,  49.) (51.,  49.) (62.,  38.)
 (62.,  38.) (64.,  36.) (64.,  36.) (64.,  36.) (64.,  36.) (61.,  39.)
 (61.,  39.) (53.,  47.) (53.,  47.) (57.,  43.) (57.,  43.) (59.,  41.)
 (59.,  41.) (59.,  41.) (59.,  41.) (72.,  28.) (72.,  28.) (78.,  22.)
 (78.,  22.) (79.,  21.) (79.,  21.) (82.,  18.) (82.,  18.) (59.,  41.)
 (59.,  41.) (51.,  49.) (51.,  49.) (56.,  44.) (56.,  44.) (61.,  39.)
 (61.,  39.) (68.,  32.) (68.,  32.) (59.,  41.) (59.,  41.) (56.,  44.)
 (56.,  44.) (54.,  46.) (54.,  46.) (71.,  29.) (71.,  29.) (72.,  28.)
 (72.,  28.) (68.,  32.) (68.,  32.) (64.,  36.) (64.,  36.) (63.,  37.)
 (63.,  37.) (70.,  30.) (70.,  30.) (52.,  48.) (52.,  48.) (51.,  49.)
 (51.,  49.) (46.,  54.) (46.,  54.) (53.,  47.) (53.,  47.) (60.,  40.)
 (60.,  40.) (63.,  37.) (63.,  37.) (57.,  43.) (57.,  43.) (47.,  53.)
 (47.,  53.) (46.,  54.) (46.,  54.) (47.,  53.) (47.,  53.) (61.,  39.)
 (61.,  39.) (57.,  43.) (57.,  43.) (57.,  43.) (57.,  43.) (54.,  46.)
 (54.,  46.) (63.,  37.) (63.,  37.) (68.,  32.) (68.,  32.) (58.,  42.)
 (58.,  42.) (53.,  47.) (53.,  47.) (50.,  50.) (50.,  50.) (57.,  43.)
 (57.,  43.) (61.,  39.) (61.,  39.) (59.,  41.) (59.,  41.) (68.,  32.)
 (68.,  32.) (66.,  34.) (66.,  34.) (59.,  41.) (59.,  41.) (56.,  44.)
 (56.,  44.) (57.,  43.) (57.,  43.) (58.,  42.) (58.,  42.) (74.,  26.)
 (74.,  26.) (75.,  25.) (75.,  25.) (62.,  38.) (62.,  38.) (65.,  35.)
 (65.,  35.) (59.,  41.) (59.,  41.) (47.,  53.) (47.,  53.) (60.,  40.)
 (60.,  40.) (63.,  37.) (63.,  37.) (73.,  27.) (73.,  27.) (62.,  38.)
 (62.,  38.) (69.,  31.) (69.,  31.) (68.,  32.) (68.,  32.) (54.,  46.)
 (54.,  46.) (57.,  43.) (57.,  43.) (44.,  56.) (44.,  56.) (45.,  55.)
 (45.,  55.) (52.,  48.) (52.,  48.) (56.,  44.) (56.,  44.) (52.,  48.)
 (52.,  48.) (54.,  46.) (54.,  46.) (53.,  47.) (53.,  47.) (83.,  17.)
 (83.,  17.) (76.,  24.) (76.,  24.) (78.,  22.) (78.,  22.) (72.,  28.)
 (72.,  28.) (70.,  30.) (70.,  30.) (71.,  29.) (71.,  29.) (77.,  23.)
 (77.,  23.) (67.,  33.) (67.,  33.) (65.,  35.) (65.,  35.) (68.,  32.)
 (68.,  32.) (71.,  29.) (71.,  29.) (67.,  33.) (67.,  33.) (78.,  22.)
 (78.,  22.) (68.,  32.) (68.,  32.) (76.,  24.) (76.,  24.) (70.,  30.)
 (70.,  30.) (79.,  21.) (79.,  21.) (68.,  32.) (68.,  32.) (61.,  39.)
 (61.,  39.) (52.,  48.) (52.,  48.) (63.,  37.) (63.,  37.) (73.,  27.)
 (73.,  27.) (73.,  27.) (73.,  27.) (79.,  21.) (79.,  21.) (82.,  18.)
 (82.,  18.) (87.,  13.) (87.,  13.) (83.,  17.) (83.,  17.) (77.,  23.)
 (77.,  23.) (64.,  36.) (64.,  36.) (65.,  35.) (65.,  35.) (62.,  38.)
 (62.,  38.) (71.,  29.) (71.,  29.) (82.,  18.) (82.,  18.) (89.,  11.)
 (89.,  11.) (93.,   7.) (93.,   7.) (83.,  17.) (83.,  17.) (69.,  31.)
 (69.,  31.) (71.,  29.) (71.,  29.) (63.,  37.) (63.,  37.) (54.,  46.)
 (54.,  46.) (40.,  60.) (40.,  60.) (46.,  54.) (46.,  54.) (55.,  45.)
 (55.,  45.) (65.,  35.) (65.,  35.) (65.,  35.) (65.,  35.) (68.,  32.)
 (68.,  32.) (57.,  43.) (57.,  43.) (52.,  48.) (52.,  48.) (56.,  44.)
 (56.,  44.) (54.,  46.) (54.,  46.) (58.,  42.) (58.,  42.) (62.,  38.)
 (62.,  38.) (45.,  55.) (45.,  55.) (66.,  34.) (66.,  34.) (79.,  21.)
 (79.,  21.) (74.,  26.) (74.,  26.) (79.,  21.) (79.,  21.) (77.,  23.)
 (77.,  23.) (70.,  30.) (70.,  30.) (80.,  20.) (80.,  20.) (71.,  29.)
 (71.,  29.) (74.,  26.) (74.,  26.) (77.,  23.) (77.,  23.) (70.,  30.)
 (70.,  30.) (60.,  40.) (60.,  40.) (53.,  47.) (53.,  47.) (49.,  51.)
 (49.,  51.) (41.,  59.) (41.,  59.) (41.,  59.) (41.,  59.) (41.,  59.)
 (41.,  59.) (45.,  55.) (45.,  55.) (44.,  56.) (44.,  56.) (54.,  46.)
 (54.,  46.) (47.,  53.) (47.,  53.) (58.,  42.) (58.,  42.) (43.,  57.)
 (43.,  57.) (54.,  46.) (54.,  46.) (47.,  53.) (47.,  53.) (53.,  47.)
 (53.,  47.) (40.,  60.) (40.,  60.) (56.,  44.) (56.,  44.) (70.,  30.)
 (70.,  30.) (74.,  26.) (74.,  26.) (66.,  34.) (66.,  34.) (64.,  36.)
 (64.,  36.) (46.,  54.) (46.,  54.) (55.,  45.) (55.,  45.) (50.,  50.)
 (50.,  50.) (60.,  40.) (60.,  40.) (64.,  36.) (64.,  36.) (70.,  30.)
 (70.,  30.) (79.,  21.) (79.,  21.) (84.,  16.) (84.,  16.) (77.,  23.)
 (77.,  23.) (86.,  14.) (86.,  14.) (75.,  25.) (75.,  25.) (79.,  21.)
 (79.,  21.) (60.,  40.) (60.,  40.) (69.,  31.) (69.,  31.) (60.,  40.)
 (60.,  40.) (63.,  37.) (63.,  37.) (68.,  32.) (68.,  32.) (59.,  41.)
 (59.,  41.) (63.,  37.) (63.,  37.) (46.,  54.) (46.,  54.) (45.,  55.)
 (45.,  55.) (46.,  54.) (46.,  54.) (48.,  52.) (48.,  52.) (64.,  36.)
 (64.,  36.) (65.,  35.) (65.,  35.) (69.,  31.) (69.,  31.) (62.,  38.)
 (62.,  38.) (62.,  38.) (62.,  38.) (73.,  27.) (73.,  27.) (73.,  27.)
 (73.,  27.) (85.,  15.) (85.,  15.) (79.,  21.) (79.,  21.) (81.,  19.)
 (81.,  19.) (81.,  19.) (81.,  19.) (81.,  19.) (81.,  19.) (76.,  24.)
 (76.,  24.) (76.,  24.) (76.,  24.) (71.,  29.) (71.,  29.) (53.,  47.)
 (53.,  47.) (49.,  51.) (49.,  51.) (61.,  39.) (61.,  39.) (63.,  37.)
 (63.,  37.) (63.,  37.) (63.,  37.) (52.,  48.) (52.,  48.) (57.,  43.)
 (57.,  43.) (56.,  44.) (56.,  44.) (64.,  36.) (64.,  36.) (68.,  32.)
 (68.,  32.) (64.,  36.) (64.,  36.) (64.,  36.) (64.,  36.) (70.,  30.)
 (70.,  30.) (75.,  25.) (75.,  25.) (73.,  27.) (73.,  27.) (75.,  25.)
 (75.,  25.) (72.,  28.) (72.,  28.) (72.,  28.) (72.,  28.) (68.,  32.)
 (68.,  32.) (70.,  30.) (70.,  30.) (61.,  39.) (61.,  39.) (42.,  58.)
 (42.,  58.) (45.,  55.) (45.,  55.) (63.,  37.) (63.,  37.) (58.,  42.)
 (58.,  42.) (35.,  65.) (35.,  65.) (41.,  59.) (41.,  59.) (45.,  55.)
 (45.,  55.) (34.,  66.) (34.,  66.) (46.,  54.) (46.,  54.) (50.,  50.)
 (50.,  50.) (52.,  48.) (52.,  48.) (70.,  30.) (70.,  30.) (74.,  26.)
 (74.,  26.) (75.,  25.) (75.,  25.) (72.,  28.) (72.,  28.) (69.,  31.)
 (69.,  31.) (49.,  51.) (49.,  51.) (65.,  35.) (65.,  35.) (67.,  33.)
 (67.,  33.) (57.,  43.) (57.,  43.) (61.,  39.) (61.,  39.) (57.,  43.)
 (57.,  43.) (50.,  50.) (50.,  50.) (55.,  45.) (55.,  45.) (53.,  47.)
 (53.,  47.) (41.,  59.) (41.,  59.) (51.,  49.) (51.,  49.) (56.,  44.)
 (56.,  44.) (52.,  48.) (52.,  48.) (60.,  40.) (60.,  40.) (63.,  37.)
 (63.,  37.) (63.,  37.) (63.,  37.) (69.,  31.) (69.,  31.) (60.,  40.)
 (60.,  40.) (56.,  44.) (56.,  44.) (63.,  37.) (63.,  37.) (59.,  41.)
 (59.,  41.) (66.,  34.) (66.,  34.) (68.,  32.) (68.,  32.) (67.,  33.)
 (67.,  33.) (72.,  28.) (72.,  28.) (65.,  35.) (65.,  35.) (82.,  18.)
 (82.,  18.) (75.,  25.) (75.,  25.) (71.,  29.) (71.,  29.) (59.,  41.)
 (59.,  41.) (58.,  42.) (58.,  42.) (69.,  31.) (69.,  31.) (73.,  27.)
 (73.,  27.) (79.,  21.) (79.,  21.) (66.,  34.) (66.,  34.) (77.,  23.)
 (77.,  23.) (77.,  23.) (77.,  23.) (69.,  31.) (69.,  31.) (69.,  31.)
 (69.,  31.) (65.,  35.) (65.,  35.) (72.,  28.) (72.,  28.) (68.,  32.)
 (68.,  32.) (71.,  29.) (71.,  29.) (75.,  25.) (75.,  25.) (69.,  31.)
 (69.,  31.) (66.,  34.) (66.,  34.) (80.,  20.) (80.,  20.) (75.,  25.)
 (75.,  25.) (76.,  24.) (76.,  24.) (71.,  29.) (71.,  29.) (62.,  38.)
 (62.,  38.) (44.,  56.) (44.,  56.) (46.,  54.) (46.,  54.) (55.,  45.)
 (55.,  45.) (58.,  42.) (58.,  42.) (60.,  40.) (60.,  40.) (51.,  49.)
 (51.,  49.) (65.,  35.) (65.,  35.) (78.,  22.) (78.,  22.) (88.,  12.)
 (88.,  12.) (84.,  16.) (84.,  16.) (83.,  17.) (83.,  17.) (86.,  14.)
 (86.,  14.) (80.,  20.) (80.,  20.) (69.,  31.) (69.,  31.) (76.,  24.)
 (76.,  24.) (77.,  23.) (77.,  23.) (67.,  33.) (67.,  33.) (64.,  36.)
 (64.,  36.) (63.,  37.) (63.,  37.) (59.,  41.) (59.,  41.) (60.,  40.)
 (60.,  40.) (60.,  40.) (60.,  40.) (75.,  25.) (75.,  25.)] 
Solution Description: 
p: [  0.          17.53554117  47.19996294  62.30053615  65.88026605
  65.92539359 100.47267296 150.80322505 212.26822432 213.37332578
 215.62221757   0.          24.42432263  43.10170885  46.65486999
  57.82812628  97.13902742 123.69930729 138.71301667 147.86729141
 149.7330236    0.          99.95365842 100.22060363 169.54064754
 170.29374666 170.96206844 187.84009958 229.40859337 253.46816891
 283.64127082 335.81263166 337.17177345 366.73020487 399.45438214
 483.33100058 483.79145351 493.35810256   0.          43.55761555
  57.50784656  66.67323423  76.16587145  86.67688529 111.66545523
 143.61687897 161.12880687 174.99274194 220.71603701 233.51494801
 243.63894922 278.28685712] 
pred: [ 0  0  0  0  0  0  5  5  5  5  5  0  0  1  1  1  1  1  1  1  1  0  0  0
  0  0  0  0  0  6  6  6  6 11 11 11 11 11  0  0  0  0  0  4  4  4  4  4
  9  9  9  9] 
distance [  0.          17.53554117  47.19996294  62.30053615  65.88026605
  65.92539359  34.54727937  84.87783147 146.34283074 147.44793219
 149.69682399   0.          24.42432263  18.67738622  22.23054736
  33.40380365  72.71470479  99.27498465 114.28869404 123.44296878
 125.30870097   0.          99.95365842 100.22060363 169.54064754
 170.29374666 170.96206844 187.84009958 229.40859337  65.62806933
  95.80117124 147.97253208 149.33167387  29.55843142  62.28260869
 146.15922713 146.61968006 156.18632911   0.          43.55761555
  57.50784656  66.67323423  76.16587145  10.51101384  35.49958378
  67.45100752  84.96293542  98.8268705   45.72329507  58.52220607
  68.64620728 103.29411518]
load: [  0  13  21  31  34  50  13  35  54  68  79   0  21  22  40  65  70  86
 102 112 119   0  19  35  44  64  84  96 106  16  33  38  63   9  14  17
  26  38   0   4  18  32  45   8  21  40  65  89  21  27  42  57] 
time: [  0.         170.         203.         228.39224704 244.56663558
 456.          80.         115.34683757 171.22731303 252.33358633
 322.           0.         371.         182.         195.18455016
 202.9955528  231.80134413 398.         440.23624841 473.3964008
 510.10459224   0.          72.         192.         241.20298871
 268.20115563 282.44169868 317.         374.45097446 357.24520703
 434.         475.95303324 534.60312924 257.         279.90630276
 345.84518954 414.06688705 441.06764997   0.         226.
 329.         378.         422.56770213 121.         207.
 308.         414.         459.         115.         271.
 443.         485.92676098] 
time warps: [0 0 0 0 0 0 0 0 0 0 0 0 0 0 0 0 0 0 0 0 0 0 0 0 0 0 0 0 0 0 0 0 0 0 0 0 0
 0 0 0 0 0 0 0 0 0 0 0 0 0 0 0] 
duration: [  0.          23.53554117  73.83796245  95.93853566 103.51826556
 311.61049336  41.54727937 116.87783147 195.34283074 200.44793219
 269.41539141   0.          47.42432263  24.67738622  29.23054736
  49.40380365 105.71470479 284.97668402 320.99039341 347.14466815
 353.01040033   0.         120.95365842 214.42823731 285.74828122
 291.50138034 300.16970212 332.70578374 387.27427752  80.62806933
 184.45345617 239.62481701 258.9839588   35.55843142  92.28260869
 189.15922713 205.61968006 217.18632911   0.          66.55761555
 156.24756466 217.20299965 236.69563686  17.51101384 126.33242647
 227.71811435 336.44968223 393.18081659  55.72329507 217.83191721
 403.26861412 455.91652202]

All individuals: [(52, [10,  9, 16, 13,  7, 41, 31, 44, 32,  9, 42, 46, 35, 37, 22, 34, 10, 45,  6, 27,  3, 48, 11, 33, 20, 13,  8, 29,  5, 16, 36, 26, 18, 17, 28,  4, 19, 14,  1, 15, 25, 23, 30,  2, 39, 24, 21, 43, 47, 12, 38, 40], 1135.81747185, 1178.16106728, 0., 0.,  2.85478034, 0., 0, 0, 0.)
 (52, [10,  9, 16, 13,  7, 41, 31, 44, 32,  9, 42, 46, 35, 37, 22, 34, 10, 45,  6, 27,  3, 48, 11, 33, 20, 13,  8, 29,  5, 16, 36, 26, 18, 17, 28,  4, 19, 14,  1, 15, 25, 23, 30,  2, 39, 24, 21, 43, 47, 12, 38, 40], 1135.81747185, 1178.16106728, 0., 0.,  2.85478034, 0., 0, 0, 0.)
 (52, [10,  9, 16, 13,  7, 41, 31, 44, 32,  9, 42, 46, 35, 37, 22, 34, 10, 45,  6, 27,  3, 48, 11, 33, 20, 13,  8, 29,  5, 16, 36, 26, 18, 17, 28,  4, 19, 14,  1, 15, 25, 23, 30,  2, 39, 24, 21, 43, 47, 12, 38, 40], 1135.81747185, 1178.16106728, 0., 0.,  2.85478034, 0., 0, 0, 0.)
 (52, [10,  9, 16, 13,  7, 41, 31, 44, 32,  9, 42, 46, 35, 37, 22, 34, 10, 45,  6, 27,  3, 48, 11, 33, 20, 13,  8, 29,  5, 16, 36, 26, 18, 17, 28,  4, 19, 14,  1, 15, 25, 23, 30,  2, 39, 24, 21, 43, 47, 12, 38, 40], 1135.81747185, 1178.16106728, 0., 0.,  2.85478034, 0., 0, 0, 0.)
 (52, [10,  9, 16, 13,  7, 41, 31, 44, 32,  9, 42, 46, 35, 37, 22, 34, 10, 45,  6, 27,  3, 48, 11, 33, 20, 13,  8, 29,  5, 16, 36, 26, 18, 17, 28,  4, 19, 14,  1, 15, 25, 23, 30,  2, 39, 24, 21, 43, 47, 12, 38, 40], 1135.81747185, 1178.16106728, 0., 0.,  2.85478034, 0., 0, 0, 0.)
 (52, [10,  9, 16, 13,  7, 41, 31, 44, 32,  9, 42, 46, 35, 37, 22, 34, 10, 45,  6, 27,  3, 48, 11, 33, 20, 13,  8, 29,  5, 16, 36, 26, 18, 17, 28,  4, 19, 14,  1, 15, 25, 23, 30,  2, 39, 24, 21, 43, 47, 12, 38, 40], 1135.81747185, 1178.16106728, 0., 0.,  2.85478034, 0., 0, 0, 0.)
 (52, [10,  9, 16, 13,  7, 41, 31, 44, 32,  9, 42, 46, 35, 37, 22, 34, 10, 45,  6, 27,  3, 48, 11, 33, 20, 13,  8, 29,  5, 16, 36, 26, 18, 17, 28,  4, 19, 14,  1, 15, 25, 23, 30,  2, 39, 24, 21, 43, 47, 12, 38, 40], 1135.81747185, 1178.16106728, 0., 0.,  2.85478034, 0., 0, 0, 0.)
 (52, [10,  9, 16, 13,  7, 41, 31, 44, 32,  9, 42, 46, 35, 37, 22, 34, 10, 45,  6, 27,  3, 48, 11, 33, 20, 13,  8, 29,  5, 16, 36, 26, 18, 17, 28,  4, 19, 14,  1, 15, 25, 23, 30,  2, 39, 24, 21, 43, 47, 12, 38, 40], 1135.81747185, 1178.16106728, 0., 0.,  2.85478034, 0., 0, 0, 0.)
 (52, [10,  9, 16, 13,  7, 41, 31, 44, 32,  9, 42, 46, 35, 37, 22, 34, 10, 45,  6, 27,  3, 48, 11, 33, 20, 13,  8, 29,  5, 16, 36, 26, 18, 17, 28,  4, 19, 14,  1, 15, 25, 23, 30,  2, 39, 24, 21, 43, 47, 12, 38, 40], 1135.81747185, 1178.16106728, 0., 0.,  2.85478034, 0., 0, 0, 0.)
 (52, [10,  9, 16, 13,  7, 41, 31, 44, 32,  9, 42, 46, 35, 37, 22, 34, 10, 45,  6, 27,  3, 48, 11, 33, 20, 13,  8, 29,  5, 16, 36, 26, 18, 17, 28,  4, 19, 14,  1, 15, 25, 23, 30,  2, 39, 24, 21, 43, 47, 12, 38, 40], 1135.81747185, 1178.16106728, 0., 0.,  2.85478034, 0., 0, 0, 0.)
 (52, [10,  9, 16, 13,  7, 41, 31, 44, 32,  9, 42, 46, 35, 37, 22, 34, 10, 45,  6, 27,  3, 48, 11, 33, 20, 13,  8, 29,  5, 16, 36, 26, 18, 17, 28,  4, 19, 14,  1, 15, 25, 23, 30,  2, 39, 24, 21, 43, 47, 12, 38, 40], 1135.81747185, 1178.16106728, 0., 0.,  2.85478034, 0., 0, 0, 0.)
 (52, [10,  9, 16, 13,  7, 41, 31, 44, 32,  9, 42, 46, 35, 37, 22, 34, 10, 45,  6, 27,  3, 48, 11, 33, 20, 13,  8, 29,  5, 16, 36, 26, 18, 17, 28,  4, 19, 14,  1, 15, 25, 23, 30,  2, 39, 24, 21, 43, 47, 12, 38, 40], 1135.81747185, 1178.16106728, 0., 0.,  2.85478034, 0., 0, 0, 0.)
 (52, [10,  9, 16, 13,  7, 41, 31, 44, 32,  9, 42, 46, 35, 37, 22, 34, 10, 45,  6, 27,  3, 48, 11, 33, 20, 13,  8, 29,  5, 16, 36, 26, 18, 17, 28,  4, 19, 14,  1, 15, 25, 23, 30,  2, 39, 24, 21, 43, 47, 12, 38, 40], 1135.81747185, 1178.16106728, 0., 0.,  2.85478034, 0., 0, 0, 0.)
 (52, [10,  9, 16, 13,  7, 41, 31, 44, 32,  9, 42, 46, 35, 37, 22, 34, 10, 45,  6, 27,  3, 48, 11, 33, 20, 13,  8, 29,  5, 16, 36, 26, 18, 17, 28,  4, 19, 14,  1, 15, 25, 23, 30,  2, 39, 24, 21, 43, 47, 12, 38, 40], 1135.81747185, 1178.16106728, 0., 0.,  2.85478034, 0., 0, 0, 0.)
 (52, [10,  9, 16, 13,  7, 41, 31, 44, 32,  9, 42, 46, 35, 37, 22, 34, 10, 45,  6, 27,  3, 48, 11, 33, 20, 13,  8, 29,  5, 16, 36, 26, 18, 17, 28,  4, 19, 14,  1, 15, 25, 23, 30,  2, 39, 24, 21, 43, 47, 12, 38, 40], 1135.81747185, 1178.16106728, 0., 0.,  2.85478034, 0., 0, 0, 0.)
 (52, [10,  9, 16, 13,  7, 41, 31, 44, 32,  9, 42, 46, 35, 37, 22, 34, 10, 45,  6, 27,  3, 48, 11, 33, 20, 13,  8, 29,  5, 16, 36, 26, 18, 17, 28,  4, 19, 14,  1, 15, 25, 23, 30,  2, 39, 24, 21, 43, 47, 12, 38, 40], 1135.81747185, 1178.16106728, 0., 0.,  2.85478034, 0., 0, 0, 0.)
 (52, [10,  9, 16, 13,  7, 41, 31, 44, 32,  9, 42, 46, 35, 37, 22, 34, 10, 45,  6, 27,  3, 48, 11, 33, 20, 13,  8, 29,  5, 16, 36, 26, 18, 17, 28,  4, 19, 14,  1, 15, 25, 23, 30,  2, 39, 24, 21, 43, 47, 12, 38, 40], 1135.81747185, 1178.16106728, 0., 0.,  2.85478034, 0., 0, 0, 0.)
 (52, [10,  9, 16, 13,  7, 41, 31, 44, 32,  9, 42, 46, 35, 37, 22, 34, 10, 45,  6, 27,  3, 48, 11, 33, 20, 13,  8, 29,  5, 16, 36, 26, 18, 17, 28,  4, 19, 14,  1, 15, 25, 23, 30,  2, 39, 24, 21, 43, 47, 12, 38, 40], 1135.81747185, 1178.16106728, 0., 0.,  2.85478034, 0., 0, 0, 0.)
 (52, [10,  9, 16, 13,  7, 41, 31, 44, 32,  9, 42, 46, 35, 37, 22, 34, 10, 45,  6, 27,  3, 48, 11, 33, 20, 13,  8, 29,  5, 16, 36, 26, 18, 17, 28,  4, 19, 14,  1, 15, 25, 23, 30,  2, 39, 24, 21, 43, 47, 12, 38, 40], 1135.81747185, 1178.16106728, 0., 0.,  2.85478034, 0., 0, 0, 0.)
 (52, [10,  9, 16, 13,  7, 41, 31, 44, 32,  9, 42, 46, 35, 37, 22, 34, 10, 45,  6, 27,  3, 48, 11, 33, 20, 13,  8, 29,  5, 36, 26, 18, 17, 16, 28,  4, 19, 14,  1, 15, 25, 23, 30,  2, 39, 24, 21, 43, 47, 12, 38, 40], 1137.00020086, 1178.56869464, 0., 0.,  0.        , 0., 0, 0, 0.)
 (52, [10,  9, 16, 13,  7, 41, 31, 44, 32,  9, 42, 46, 35, 37, 22, 34, 10, 45,  6, 27,  3, 48, 11, 33, 20, 13,  8, 29,  5, 36, 26, 18, 17, 16, 28,  4, 19, 14,  1, 15, 25, 23, 30,  2, 39, 24, 21, 43, 47, 12, 38, 40], 1137.00020086, 1178.56869464, 0., 0.,  0.        , 0., 0, 0, 0.)
 (52, [10,  9, 16, 13,  7, 41, 31, 44, 32,  9, 42, 46, 35, 37, 22, 34, 10, 45,  6, 27,  3, 48, 11, 33, 20, 13,  8, 29,  5, 36, 26, 18, 17, 16, 28,  4, 19, 14,  1, 15, 25, 23, 30,  2, 39, 24, 21, 43, 47, 12, 38, 40], 1137.00020086, 1178.56869464, 0., 0.,  0.        , 0., 0, 0, 0.)
 (52, [10,  9, 16, 13,  7, 41, 31, 44, 32,  9, 42, 46, 35, 37, 22, 34, 10, 45,  6, 27,  3, 48, 11, 33, 20, 13,  8, 29,  5, 36, 26, 18, 17, 16, 28,  4, 19, 14,  1, 15, 25, 23, 30,  2, 39, 24, 21, 43, 47, 12, 38, 40], 1137.00020086, 1178.56869464, 0., 0.,  0.        , 0., 0, 0, 0.)
 (52, [10,  9, 16, 13,  7, 41, 31, 44, 32,  9, 42, 46, 35, 37, 22, 34, 10, 45,  6, 27,  3, 48, 11, 33, 20, 13,  8, 29,  5, 36, 26, 18, 17, 16, 28,  4, 19, 14,  1, 15, 25, 23, 30,  2, 39, 24, 21, 43, 47, 12, 38, 40], 1137.00020086, 1178.56869464, 0., 0.,  0.        , 0., 0, 0, 0.)
 (52, [10,  9, 16, 13,  7, 41, 31, 44, 32,  9, 42, 46, 35, 37, 22, 34, 10, 45,  6, 27,  3, 48, 11, 33, 20, 13,  8, 29,  5, 36, 26, 18, 17, 16, 28,  4, 19, 14,  1, 15, 25, 23, 30,  2, 39, 24, 21, 43, 47, 12, 38, 40], 1137.00020086, 1178.56869464, 0., 0.,  0.        , 0., 0, 0, 0.)
 (52, [10,  9, 16, 13,  7, 41, 31, 44, 32,  9, 42, 46, 35, 37, 22, 34, 10, 45,  6, 27,  3, 48, 11, 33, 20, 13,  8, 29,  5, 36, 26, 18, 17, 16, 28,  4, 19, 14,  1, 15, 25, 23, 30,  2, 39, 24, 21, 43, 47, 12, 38, 40], 1137.00020086, 1178.56869464, 0., 0.,  0.        , 0., 0, 0, 0.)
 (52, [10,  9, 16, 13,  7, 41, 31, 44, 32,  9, 42, 46, 35, 37, 22, 34, 10, 45,  6, 27,  3, 48, 11, 33, 20, 13,  8, 29,  5, 36, 26, 18, 17, 16, 28,  4, 19, 14,  1, 15, 25, 23, 30,  2, 39, 24, 21, 43, 47, 12, 38, 40], 1137.00020086, 1178.56869464, 0., 0.,  0.        , 0., 0, 0, 0.)
 (52, [10,  9, 16, 13,  7, 41, 31, 44, 32,  9, 42, 46, 35, 37, 22, 34, 10, 45,  6, 27,  3, 48, 11, 33, 20, 13,  8, 29,  5, 36, 26, 18, 17, 16, 28,  4, 19, 14,  1, 15, 25, 23, 30,  2, 39, 24, 21, 43, 47, 12, 38, 40], 1137.00020086, 1178.56869464, 0., 0.,  0.        , 0., 0, 0, 0.)
 (52, [10,  9, 16, 13,  7, 41, 31, 44, 32,  9, 42, 46, 35, 37, 22, 34, 10, 45,  6, 27,  3, 48, 11, 33, 20, 13,  8, 29,  5, 36, 26, 18, 17, 16, 28,  4, 19, 14,  1, 15, 25, 23, 30,  2, 39, 24, 21, 43, 47, 12, 38, 40], 1137.00020086, 1178.56869464, 0., 0.,  0.        , 0., 0, 0, 0.)
 (52, [10,  9, 16, 13,  7, 41, 31, 44, 32,  9, 42, 46, 35, 37, 22, 34, 10, 45,  6, 27,  3, 48, 11, 33, 20, 13,  8, 29,  5, 36, 26, 18, 17, 16, 28,  4, 19, 14,  1, 15, 25, 23, 30,  2, 39, 24, 21, 43, 47, 12, 38, 40], 1137.00020086, 1178.56869464, 0., 0.,  0.        , 0., 0, 0, 0.)
 (52, [10,  9, 16, 13,  7, 41, 31, 44, 32,  9, 42, 46, 35, 37, 22, 34, 10, 45,  6, 27,  3, 48, 11, 33, 20, 13,  8, 29,  5, 36, 26, 18, 17, 16, 28,  4, 19, 14,  1, 15, 25, 23, 30,  2, 39, 24, 21, 43, 47, 12, 38, 40], 1137.00020086, 1178.56869464, 0., 0.,  0.        , 0., 0, 0, 0.)
 (52, [10,  9, 16, 13,  7, 41, 31, 44, 32,  9, 42, 46, 35, 37, 22, 34, 10, 45,  6, 27,  3, 48, 11, 33, 20, 13,  8, 29,  5, 36, 26, 18, 17, 16, 28,  4, 19, 14,  1, 15, 25, 23, 30,  2, 39, 24, 21, 43, 47, 12, 38, 40], 1137.00020086, 1178.56869464, 0., 0.,  0.        , 0., 0, 0, 0.)
 (52, [10,  9, 16, 13,  7, 41, 31, 44, 32,  9, 42, 46, 35, 37, 22, 34, 10, 45,  6, 27,  3, 48, 11, 33, 20, 13,  8, 29,  5, 36, 26, 18, 17, 16, 28,  4, 19, 14,  1, 15, 25, 23, 30,  2, 39, 24, 21, 43, 47, 12, 38, 40], 1137.00020086, 1178.56869464, 0., 0.,  0.        , 0., 0, 0, 0.)
 (52, [10,  9, 16, 13,  7, 41, 31, 44, 32,  9, 42, 46, 35, 37, 22, 34, 10, 45,  6, 27,  3, 48, 11, 33, 20, 13,  8, 29,  5, 36, 26, 18, 17, 16, 28,  4, 19, 14,  1, 15, 25, 23, 30,  2, 39, 24, 21, 43, 47, 12, 38, 40], 1137.00020086, 1178.56869464, 0., 0.,  0.        , 0., 0, 0, 0.)
 (52, [10,  9, 16, 13,  7, 41, 31, 44, 32,  9, 42, 46, 35, 37, 22, 34, 10, 45,  6, 27,  3, 48, 11, 33, 20, 13,  8, 29,  5, 36, 26, 18, 17, 16, 28,  4, 19, 14,  1, 15, 25, 23, 30,  2, 39, 24, 21, 43, 47, 12, 38, 40], 1137.00020086, 1178.56869464, 0., 0.,  0.        , 0., 0, 0, 0.)
 (52, [10,  9, 16, 13,  7, 41, 31, 44, 32,  9, 42, 46, 35, 37, 22, 34, 10, 45,  6, 27,  3, 48, 11, 33, 20, 13,  8, 29,  5, 36, 26, 18, 17, 16, 28,  4, 19, 14,  1, 15, 25, 23, 30,  2, 39, 24, 21, 43, 47, 12, 38, 40], 1137.00020086, 1178.56869464, 0., 0.,  0.        , 0., 0, 0, 0.)
 (52, [10,  9, 16, 13,  7, 41, 31, 44, 32,  9, 42, 46, 35, 37, 22, 34, 10, 45,  6, 27,  3, 48, 11, 33, 20, 13,  8, 29,  5, 36, 26, 18, 17, 16, 28,  4, 19, 14,  1, 15, 25, 23, 30,  2, 39, 24, 21, 43, 47, 12, 38, 40], 1137.00020086, 1178.56869464, 0., 0.,  0.        , 0., 0, 0, 0.)
 (52, [10,  9, 16, 13,  7, 41, 31, 44, 32,  9, 42, 46, 35, 37, 22, 34, 10, 45,  6, 27,  3, 48, 11, 33, 20, 13,  8, 29,  5, 36, 26, 18, 17, 16, 28,  4, 19, 14,  1, 15, 25, 23, 30,  2, 39, 24, 21, 43, 47, 12, 38, 40], 1137.00020086, 1178.56869464, 0., 0.,  0.        , 0., 0, 0, 0.)
 (52, [10,  9, 16, 13,  7, 41, 31, 44, 32,  9, 42, 46, 35, 37, 22, 34, 10, 45,  6, 27,  3, 48, 11, 33, 20, 13,  8, 29,  5, 36, 26, 18, 17, 16, 28,  4, 19, 14,  1, 15, 25, 23, 30,  2, 39, 24, 21, 43, 47, 12, 38, 40], 1137.00020086, 1178.56869464, 0., 0.,  0.        , 0., 0, 0, 0.)
 (52, [10,  9, 16, 13,  7, 41, 31, 44, 32,  9, 42, 46, 35, 37, 22, 34, 10, 45,  6, 27,  3, 48, 11, 33, 20, 13,  8, 29,  5, 36, 26, 18, 17, 16, 28,  4, 19, 14,  1, 15, 25, 23, 30,  2, 39, 24, 21, 43, 47, 12, 38, 40], 1137.00020086, 1178.56869464, 0., 0.,  0.        , 0., 0, 0, 0.)
 (52, [10,  9, 16, 13,  7, 41, 31, 44, 32,  9, 42, 46, 35, 37, 22, 34, 10, 45,  6, 27,  3, 48, 11, 33, 20, 13,  8, 29,  5, 36, 26, 18, 17, 16, 28,  4, 19, 14,  1, 15, 25, 23, 30,  2, 39, 24, 21, 43, 47, 12, 38, 40], 1137.00020086, 1178.56869464, 0., 0.,  0.        , 0., 0, 0, 0.)
 (52, [10,  9, 16, 13,  7, 41, 31, 44, 32,  9, 42, 46, 35, 37, 22, 34, 10, 45,  6, 27,  3, 48, 11, 33, 20, 13,  8, 29,  5, 36, 26, 18, 17, 16, 28,  4, 19, 14,  1, 15, 25, 23, 30,  2, 39, 24, 21, 43, 47, 12, 38, 40], 1137.00020086, 1178.56869464, 0., 0.,  0.        , 0., 0, 0, 0.)
 (52, [10,  9, 16, 13,  7, 41, 31, 44, 32,  9, 42, 46, 35, 37, 22, 34, 10, 45,  6, 27,  3, 48, 11, 33, 20, 13,  8, 29,  5, 36, 26, 18, 17, 16, 28,  4, 19, 14,  1, 15, 25, 23, 30,  2, 39, 24, 21, 43, 47, 12, 38, 40], 1137.00020086, 1178.56869464, 0., 0.,  0.        , 0., 0, 0, 0.)
 (52, [10,  9, 16, 13,  7, 41, 31, 44, 32,  9, 42, 46, 35, 37, 22, 34, 10, 45,  6, 27,  3, 48, 11, 33, 20, 13,  8, 29,  5, 36, 26, 18, 17, 16, 28,  4, 19, 14,  1, 15, 25, 23, 30,  2, 39, 24, 21, 43, 47, 12, 38, 40], 1137.00020086, 1178.56869464, 0., 0.,  0.        , 0., 0, 0, 0.)
 (52, [10,  9, 16, 13,  7, 41, 31, 44, 32,  9, 42, 46, 35, 37, 22, 34, 10, 45,  6, 27,  3, 48, 11, 33, 20, 13,  8, 29,  5, 36, 26, 18, 17, 16, 28,  4, 19, 14,  1, 15, 25, 23, 30,  2, 39, 24, 21, 43, 47, 12, 38, 40], 1137.00020086, 1178.56869464, 0., 0.,  0.        , 0., 0, 0, 0.)
 (52, [10,  9, 16, 13,  7, 41, 31, 44, 32,  9, 42, 46, 35, 37, 22, 34, 10, 45,  6, 27,  3, 48, 11, 33, 20, 13,  8, 29,  5, 36, 26, 18, 17, 16, 28,  4, 19, 14,  1, 15, 25, 23, 30,  2, 39, 24, 21, 43, 47, 12, 38, 40], 1137.00020086, 1178.56869464, 0., 0.,  0.        , 0., 0, 0, 0.)
 (52, [10,  9, 16, 13,  7, 41, 31, 44, 32,  9, 42, 46, 35, 37, 22, 34, 10, 45,  6, 27,  3, 48, 11, 33, 20, 13,  8, 29,  5, 36, 26, 18, 17, 16, 28,  4, 19, 14,  1, 15, 25, 23, 30,  2, 39, 24, 21, 43, 47, 12, 38, 40], 1137.00020086, 1178.56869464, 0., 0.,  0.        , 0., 0, 0, 0.)
 (52, [10,  9, 16, 13,  7, 41, 31, 44, 32,  9, 42, 46, 35, 37, 22, 34, 10, 45,  6, 27,  3, 48, 11, 33, 20, 13,  8, 29,  5, 36, 26, 18, 17, 16, 28,  4, 19, 14,  1, 15, 25, 23, 30,  2, 39, 24, 21, 43, 47, 12, 38, 40], 1137.00020086, 1178.56869464, 0., 0.,  0.        , 0., 0, 0, 0.)
 (52, [10,  9, 16, 13,  7, 41, 31, 44, 32,  9, 42, 46, 35, 37, 22, 34, 10, 45,  6, 27,  3, 48, 11, 33, 20, 13,  8, 29,  5, 36, 26, 18, 17, 16, 28,  4, 19, 14,  1, 15, 25, 23, 30,  2, 39, 24, 21, 43, 47, 12, 38, 40], 1137.00020086, 1178.56869464, 0., 0.,  0.        , 0., 0, 0, 0.)
 (52, [10,  9, 16, 13,  7, 41, 31, 44, 32,  9, 42, 46, 35, 37, 22, 34, 10, 45,  6, 27,  3, 48, 11, 33, 20, 13,  8, 29,  5, 36, 26, 18, 17, 16, 28,  4, 19, 14,  1, 15, 25, 23, 30,  2, 39, 24, 21, 43, 47, 12, 38, 40], 1137.00020086, 1178.56869464, 0., 0.,  0.        , 0., 0, 0, 0.)
 (52, [10,  9, 16, 13,  7, 41, 31, 44, 32,  9, 42, 46, 35, 37, 22, 34, 10, 45,  6, 27,  3, 48, 11, 33, 20, 13,  8, 29,  5, 36, 26, 18, 17, 16, 28,  4, 19, 14,  1, 15, 25, 23, 30,  2, 39, 24, 21, 43, 47, 12, 38, 40], 1137.00020086, 1178.56869464, 0., 0.,  0.        , 0., 0, 0, 0.)
 (52, [10,  9, 16, 13,  7, 41, 31, 44, 32,  9, 42, 46, 35, 37, 10, 34, 22, 45,  6, 27,  3, 48, 11, 33, 20, 13,  8, 29,  5, 36, 26, 18, 17, 16, 28,  4, 19, 14,  1, 15, 25, 23, 30,  2, 39, 24, 21, 43, 47, 12, 38, 40], 1145.56698126, 1187.13547504, 0., 0.,  0.        , 0., 0, 0, 0.)
 (52, [10,  9, 16, 13,  7, 41, 31, 44, 32,  9, 42, 46, 35, 37, 22, 34, 10, 45,  6, 27,  3, 48, 11, 33, 20, 13,  8, 29,  5, 28, 36, 26, 18, 17, 16,  4, 19, 14,  1, 15, 25, 23, 30,  2, 39, 24, 21, 43, 47, 12, 38, 40], 1154.97964677, 1212.72125953, 0., 0.,  0.        , 0., 0, 0, 0.)
 (52, [10,  9, 16, 13,  7, 41, 31, 44, 32,  9, 42, 46, 35, 37, 22, 34, 10, 45,  6, 27,  3, 48, 11, 33, 20, 13,  8, 29,  5, 28, 36, 26, 18, 17, 16,  4, 19, 14,  1, 15, 25, 23, 30,  2, 39, 24, 21, 43, 47, 12, 38, 40], 1154.97964677, 1212.72125953, 0., 0.,  0.        , 0., 0, 0, 0.)
 (52, [10,  9, 16, 13,  7, 41, 31, 44, 32,  9, 42, 46, 35, 37, 22, 34, 10, 45,  6, 27,  3, 48, 11, 33, 20, 13,  8, 29,  5, 17, 36, 26, 18, 16, 28,  4, 19, 14,  1, 15, 25, 23, 30,  2, 39, 24, 21, 43, 47, 12, 38, 40], 1156.48505341, 1156.48505341, 0., 0.,  0.        , 0., 0, 0, 0.)
 (52, [10,  9, 16, 13,  7, 41, 31, 44, 32,  9, 42, 46, 35, 37, 22, 34, 10, 45,  6, 27,  3, 48, 11, 33, 20, 13,  8, 29,  5, 36, 16, 26, 18, 17, 28,  4, 19, 14,  1, 15, 25, 23, 30,  2, 39, 24, 21, 43, 47, 12, 38, 40], 1162.37361951, 1162.37361951, 0., 0.,  0.        , 0., 0, 0, 0.)
 (52, [10,  9, 16, 13,  7, 41, 31, 44, 32,  9, 42, 46, 35, 37, 22, 34, 10, 45,  6, 27,  3, 48, 11, 33, 20, 13,  8, 29,  5, 36, 26, 16, 18, 17, 28,  4, 19, 14,  1, 15, 25, 23, 30,  2, 39, 24, 21, 43, 47, 12, 38, 40], 1170.15644055, 1211.72493433, 0., 0.,  0.        , 0., 0, 0, 0.)
 (52, [10,  9, 16, 13,  7, 41, 31, 44, 32,  9, 42, 46, 35, 37, 22, 34, 10, 45,  6, 27,  3, 48, 11, 33, 20, 13,  8, 29,  5, 36, 26, 16, 18, 17, 28,  4, 19, 14,  1, 15, 25, 23, 30,  2, 39, 24, 21, 43, 47, 12, 38, 40], 1170.15644055, 1211.72493433, 0., 0.,  0.        , 0., 0, 0, 0.)
 (52, [10,  9, 16, 13,  7, 31, 44, 32, 41,  9, 42, 46, 35, 37, 22, 34, 10, 45,  6, 27,  3, 48, 11, 33, 20, 13,  8, 29,  5, 36, 26, 18, 17, 16, 28,  4, 19, 14,  1, 15, 25, 23, 30,  2, 39, 24, 21, 43, 47, 12, 38, 40], 1171.57604668, 1213.14454046, 0., 0.,  0.        , 0., 0, 0, 0.)
 (52, [10,  9, 16, 13,  7, 31, 44, 32, 41,  9, 42, 46, 35, 37, 22, 34, 10, 45,  6, 27,  3, 48, 11, 33, 20, 13,  8, 29,  5, 36, 26, 18, 17, 16, 28,  4, 14, 19,  1, 15, 25, 23, 30,  2, 39, 24, 21, 43, 47, 12, 38, 40], 1190.60355684, 1232.17205062, 0., 0.,  0.        , 0., 0, 0, 0.)
 (52, [10,  9, 16, 13,  7, 31, 44, 32, 41,  9, 42, 46, 35, 37, 22, 34, 10, 45,  6, 27,  3, 48, 11, 33, 20, 13,  8, 29,  5, 36, 26, 18, 17, 16, 28,  4, 14, 19,  1, 15, 25, 23, 30,  2, 39, 24, 21, 43, 47, 12, 38, 40], 1190.60355684, 1232.17205062, 0., 0.,  0.        , 0., 0, 0, 0.)
 (52, [10,  9, 16, 13,  7, 41, 31, 44, 32,  9, 42, 46, 35, 37, 22, 34, 10, 45,  6, 27,  3, 48, 11, 33, 20, 13,  8, 29,  5, 36, 26, 18, 16, 17, 28,  4, 19, 14,  1, 15, 25, 23, 30,  2, 39, 24, 21, 43, 47, 12, 38, 40], 1195.7791318 , 1237.34762558, 0., 0.,  0.        , 0., 0, 0, 0.)
 (52, [10,  9, 16, 13,  7, 41, 31, 44, 32,  9, 42, 46, 35, 37, 22, 34, 10, 45,  6, 27,  3, 48, 11, 33, 20, 13,  8, 29,  5, 16, 36, 26, 18, 17, 28,  4, 19, 14,  1, 15, 25, 40, 30,  2, 39, 24, 21, 43, 47, 12, 38, 23], 1199.52926085, 1241.87285628, 0., 0.,  2.85478034, 0., 0, 0, 0.)
 (52, [10,  9, 16, 13,  7, 41, 31, 43, 32,  9, 42, 46, 35, 37, 22, 34, 10, 45,  6, 27,  3, 48, 11, 33, 20, 13,  8, 29,  5, 36, 26, 18, 17, 16, 28,  4, 19, 14,  1, 15, 25, 23, 30,  2, 39, 24, 21, 44, 47, 12, 38, 40], 1234.90876523, 1276.47725902, 0., 0.,  0.        , 0., 0, 0, 0.)
 (52, [10,  9, 16, 13,  7, 15, 31, 44, 32,  9, 42, 46, 35, 37, 22, 34, 10, 45,  6, 27,  3, 48, 11, 33, 20, 13,  8, 29,  5, 16, 36, 26, 18, 17, 28,  4, 19, 14,  1, 41, 25, 23, 30,  2, 39, 24, 21, 43, 47, 12, 38, 40], 1260.6078774 , 1302.95147283, 0., 0.,  2.85478034, 0., 0, 0, 0.)
 (52, [10,  9, 16, 13,  7, 41, 31, 44, 32,  9, 42, 46, 35,  2, 22, 34, 10, 45,  6, 27,  3, 48, 11, 33, 20, 13,  8, 29,  5, 36, 26, 18, 17, 16, 28,  4, 19, 14,  1, 15, 25, 23, 30, 37, 39, 24, 21, 43, 47, 12, 38, 40], 1263.08872196, 1304.65721574, 0., 0.,  0.        , 0., 0, 0, 0.)
 (52, [ 8, 11, 16, 13,  7, 31, 44, 32, 41,  9, 42, 46, 35, 37, 22, 34, 10, 45,  6, 27,  3, 48, 11, 33, 20, 13,  8, 29,  5, 16, 39, 26, 18, 17, 28,  4, 19, 14,  1, 15, 25, 23, 30,  2, 36, 24, 21, 43, 47, 12, 38, 40], 1318.1030643 , 1318.1030643 , 0., 0.,  0.        , 0., 0, 0, 0.)
 (52, [10,  9, 16, 13,  7, 41, 31, 44,  9, 42, 11, 46, 35, 37, 22, 34, 10, 45,  6, 27,  3, 48, 32, 33, 20, 13,  8, 29,  5, 36, 25, 18, 17, 16, 28,  4, 19, 14,  1, 15, 26, 23, 30,  2, 39, 24, 21, 43, 47, 12, 38, 40], 1320.44306029, 1320.44306029, 0., 0., 44.64757684, 0., 0, 0, 0.)
 (52, [10,  9, 16, 13,  7, 41, 31, 44, 21,  9, 42, 46, 35, 37, 22, 34, 10, 45,  6, 27, 11, 48,  3, 33, 20, 13,  8, 29,  5, 16, 36, 26, 18, 17, 28,  4, 19, 14,  1, 15, 25, 23, 30,  2, 39, 24, 32, 43, 47, 12, 38, 40], 1333.99587595, 1425.24026082, 0., 0.,  2.85478034, 0., 0, 0, 0.)
 (52, [10,  9, 16, 13, 17, 41, 31, 44, 32,  9, 42, 46, 35, 37, 22, 34, 10, 45,  6, 27,  3, 48, 11, 33, 20, 13,  8, 29,  5,  7, 36, 26, 18, 16, 28,  4, 19, 14,  1, 15, 25, 23, 30,  2, 39, 24, 21, 43, 47, 12, 38, 40], 1336.95692047, 1336.95692047, 0., 0.,  0.        , 0., 0, 0, 0.)
 (52, [10,  9, 17, 12,  7, 41, 31, 44, 32,  9, 42, 46, 35, 37, 22, 34, 10,  3,  6, 27, 45, 48, 11, 33, 20, 13,  8, 29,  5, 28, 36, 26, 18, 17, 16,  4, 19, 14,  1, 15, 25, 23, 30,  2, 39, 24, 21, 43, 47, 12, 38, 40], 1342.76590255, 1400.5075153 , 0., 0.,  0.        , 0., 0, 0, 0.)
 (52, [10,  9, 16, 13,  7, 41, 31, 44, 32,  9, 42, 46, 35, 37, 22, 34, 10, 45,  6, 27,  3, 48, 11, 33, 20, 13,  8, 29,  5, 36, 26, 18, 17, 16, 28, 30,  4, 19, 14,  1, 15, 25, 23,  2, 39, 24, 21, 43, 47, 12, 38, 40], 1373.51628364, 1415.08477742, 0., 0.,  0.        , 0., 0, 0, 0.)
 (52, [10, 10, 15, 13,  7, 41, 31, 44, 32,  9, 42, 46, 35, 37, 22, 10, 34, 45,  6, 27,  3, 48, 11, 33, 20, 13,  8, 29,  5, 36, 26, 18, 16, 17, 28,  4, 19, 14,  1, 15, 25, 23, 30,  2, 39, 24, 21, 43, 47, 12, 38, 40], 1379.05530811, 1420.62380189, 0., 0.,  0.        , 0., 0, 0, 0.)
 (52, [10,  9, 16, 13,  7, 41, 31, 44, 32,  9, 42, 46, 35, 37, 22, 34, 10, 45,  6, 27,  3, 48, 11, 33, 20, 13,  8, 29,  5, 19, 36, 26, 18, 15, 28, 16,  4, 14,  1, 17, 25, 23, 30,  2, 39, 24, 21, 43, 47, 12, 38, 40], 1383.02095265, 1383.02095265, 0., 0.,  0.        , 0., 0, 0, 0.)
 (52, [10,  9, 16, 13,  7, 41, 31, 44, 32,  9, 42, 46, 35, 37, 22, 34, 10, 45,  6, 27,  3, 48, 11, 33, 20, 13,  8, 29,  5, 19, 36, 26, 18, 15, 28, 16,  4, 14,  1, 17, 25, 23, 30,  2, 39, 24, 21, 43, 47, 12, 38, 40], 1383.02095265, 1383.02095265, 0., 0.,  0.        , 0., 0, 0, 0.)
 (52, [10,  9, 16, 13,  7, 41, 44, 32,  9, 42, 46, 35, 37, 22, 34, 10, 45,  6, 27, 15,  3, 48, 11, 33, 20, 13,  8, 29,  5, 14, 36, 26, 18, 17, 16, 28,  4, 19,  1, 31, 25, 23, 30,  2, 39, 24, 21, 43, 47, 12, 38, 40], 1405.41187076, 1438.42097526, 0., 0.,  0.        , 0., 0, 0, 0.)
 (52, [10,  9, 16, 13,  7, 41, 31, 44, 32,  9, 42, 46, 35, 37, 22, 34, 10, 45,  6, 36,  3, 48, 11, 33, 20, 13,  8, 29,  5, 27, 26, 18, 17, 16, 28,  4, 19, 14,  1, 15, 25, 23, 30,  2, 39, 24, 21, 43, 47, 12, 38, 40], 1426.86279005, 1426.86279004, 0., 0., 48.36674584, 0., 0, 0, 0.)
 (52, [11,  9, 15, 13,  7, 41, 31, 44, 32,  2, 42, 46, 35, 37, 22, 34, 10, 45,  6, 27,  3, 48, 11, 33, 20, 13,  8, 29,  5, 16, 36, 26, 18, 17, 28,  4, 19, 14,  1, 15, 25, 23, 30,  9, 39, 24, 21, 43, 47, 12, 38, 40], 1429.55138334, 1471.89497877, 0., 0.,  0.        , 0., 0, 0, 0.)
 (52, [ 9, 12, 15, 12,  7, 41, 31, 44, 32,  9, 42, 46, 35, 37, 22, 34, 10, 45,  6, 27,  3, 48, 11, 33, 20, 13,  8, 29,  5, 36, 26, 18, 17, 15, 28,  4, 19, 14,  1, 16, 25, 23, 30,  2, 39, 24, 21, 43, 47, 12, 38, 40], 1429.55246898, 1497.43567746, 0., 0.,  0.        , 0., 0, 0, 0.)
 (52, [10,  9, 16, 13,  7, 41, 31, 44, 32,  9, 42, 46, 35, 37, 22, 34, 10, 45,  6, 27,  3, 48, 11, 33, 20, 13,  8, 29,  5, 36, 26, 16, 18, 17, 28, 19, 14,  1, 15, 25, 23, 30,  2, 39, 24, 21,  4, 43, 47, 12, 38, 40], 1435.73400585, 1477.30249963, 0., 0.,  0.        , 0., 0, 0, 0.)
 (52, [11,  6, 18, 13,  7, 41, 31, 44, 34,  9, 42, 46, 35, 37, 22, 32, 10, 45,  6, 27,  3, 48, 11, 33, 20, 13,  8, 29,  5, 36, 26, 18, 17, 16, 28,  4, 14, 19,  1, 15, 25, 23, 30,  2, 39, 24, 21, 43, 47, 12, 38, 40], 1438.75643554, 1533.5152937 , 0., 0.,  0.        , 0., 0, 0, 0.)
 (52, [10,  9, 16, 13,  7, 41, 31, 44, 32,  9, 42, 46, 35, 37, 22, 34, 10, 45,  6, 27,  3, 48, 11, 33, 20, 13,  8, 29,  5, 17, 36, 26, 18, 16, 28,  4, 19, 12,  1, 15, 25, 23, 30,  2, 39, 24, 21, 43, 47, 14, 38, 40], 1482.3763919 , 1482.3763919 , 0., 0.,  0.        , 0., 0, 0, 0.)
 (52, [ 8,  9, 17, 14,  7, 41, 31, 44,  9, 42, 46, 35, 37, 22, 34, 10, 45,  6, 27,  3, 48, 11, 33, 20, 13,  8, 29,  5, 16, 36, 30, 18, 17, 28,  4, 19, 14,  1, 15, 25, 23, 26,  2, 39, 24, 21, 32, 43, 47, 12, 38, 40], 1483.0129423 , 1525.35653773, 0., 0.,  2.85478034, 0., 0, 0, 0.)
 (52, [10,  9, 16, 13,  7, 41, 44, 32,  9, 42, 46, 35, 37, 22, 34, 10, 45,  6, 27,  3, 48, 11, 33, 20, 13, 31,  8, 29,  5, 16, 36, 26, 18, 17, 28,  4, 19, 14,  1, 15, 25, 23, 30,  2, 39, 24, 21, 43, 47, 12, 38, 40], 1486.03923505, 1608.57790229, 0., 0.,  0.        , 0., 0, 0, 0.)
 (52, [10,  8, 17, 13,  7, 41, 31, 44, 32,  9, 42, 46, 35, 37, 22, 14, 10, 45,  6, 27,  3, 48, 11, 33, 20, 13,  8, 29,  5, 16, 36, 26, 18, 17, 28,  4, 19, 34,  1, 15, 25, 23, 30,  2, 39, 24, 21, 43, 47, 12, 38, 40], 1516.09418608, 1558.43778151, 0., 0.,  2.85478034, 0., 0, 0, 0.)
 (52, [10,  9, 18, 11,  7, 41, 31, 44, 32,  9, 42, 46, 35, 37, 22, 34, 10, 45,  6, 27,  3, 48, 11, 20, 13,  8, 29,  5, 24, 26, 18, 33, 16, 17, 28,  4, 19, 14,  1, 15, 25, 23, 30,  2, 39, 36, 21, 43, 47, 12, 38, 40], 1524.63720582, 1524.63720582, 0., 0., 60.45223512, 0., 0, 0, 0.)
 (52, [10,  8, 17, 13,  7, 41, 31, 44, 32,  9, 42, 46, 35, 37, 22, 34,  1, 45,  6, 27,  3, 48, 11, 33, 20, 13,  8, 29,  5, 16, 36, 26, 18, 17, 28,  4, 14, 19, 10, 15, 25, 23, 30,  2, 39, 24, 21, 43, 47, 12, 38, 40], 1578.01088061, 1620.35447604, 0., 0.,  2.85478034, 0., 0, 0, 0.)
 (52, [ 9, 11, 16, 12,  7, 31, 44,  9, 32, 42, 46, 35, 37, 22, 34, 10, 45,  6, 41, 27,  3, 48, 11, 33, 20, 13,  8, 29,  5, 36, 26, 18, 17, 16, 28,  4, 19, 14,  1, 15, 25, 23, 30, 24,  2, 39, 21, 43, 47, 12, 38, 40], 1584.09818427, 1625.66667805, 0., 0.,  0.        , 0., 0, 0, 0.)
 (52, [12,  7, 15, 14,  7, 31, 44, 32, 41,  9, 42, 46, 35, 37, 22, 34, 10, 45,  6, 27,  3, 48, 11, 33, 20, 13,  8, 29,  5, 16, 36, 26, 18, 17, 28,  4, 19, 47,  1, 15, 25, 23, 30,  2, 39, 24, 21, 43, 14, 12, 38, 40], 1584.68089168, 1627.02448711, 0., 0.,  2.85478034, 0., 0, 0, 0.)
 (52, [10, 10, 15, 13,  7, 41, 31, 44, 32,  9, 28, 46, 35, 37, 22, 34, 10, 45,  6, 27,  3, 48, 11, 33, 20, 13,  8, 29,  5, 16, 36, 26, 18, 17, 42,  4, 19, 14,  1, 15, 25, 23, 30,  2, 39, 24, 21, 43, 47, 12, 38, 40], 1590.11334557, 1632.456941  , 0., 0.,  0.        , 0., 0, 0, 0.)
 (52, [10,  9, 16, 13,  7, 41, 31, 44, 32, 42, 46, 35, 37, 23, 34, 10, 45,  6, 27,  3, 48, 11, 33, 20, 13,  8, 29,  5, 36, 26, 18, 17, 16,  9, 28,  4, 19, 14,  1, 15, 25, 22, 30,  2, 39, 24, 21, 43, 47, 12, 38, 40], 1597.99285004, 1639.56134382, 0., 0.,  0.        , 0., 0, 0, 0.)
 (52, [10,  7, 16, 15,  7, 41, 31, 44, 32,  9, 42, 46, 35, 37, 22, 34, 10, 45,  6, 27,  3, 48, 11, 33, 20, 13,  8, 29,  5, 28, 36, 26, 18, 17, 16,  4, 19, 14, 43, 15, 25, 23, 30,  2, 39, 24, 21,  1, 47, 12, 38, 40], 1604.09629267, 1661.83790543, 0., 0.,  0.        , 0., 0, 0, 0.)
 (52, [10,  9, 16, 13,  7, 41, 31, 44,  9, 42, 46, 35, 37, 22, 34, 10, 45,  6, 27, 32,  3, 48, 11, 33, 20, 13, 43, 29,  5, 36, 26, 18, 17, 16, 28,  4, 19, 14,  1, 15, 25, 23, 30,  2, 39, 24, 21,  8, 47, 12, 38, 40], 1639.78725136, 1681.35574514, 0., 0., 34.80531583, 0., 0, 0, 0.)
 (52, [12,  5, 18, 13,  7, 41, 31, 44, 32,  9, 42, 46, 35, 37, 22, 34, 10, 45,  6, 27,  3, 48, 29, 33, 20, 13,  8, 11,  5, 36, 26, 18, 17, 16, 28,  4, 14, 19,  1, 15, 25, 23, 30,  2, 39, 24, 21, 43, 47, 12, 38, 40], 1641.69540548, 1683.26389927, 0., 0.,  0.        , 0., 0, 0, 0.)
 (52, [10,  8, 18, 12,  7, 41, 31,  9, 32, 44, 42, 46, 35, 37, 22, 34, 10, 45,  6, 27,  3, 48, 11, 33, 20, 13,  8, 29,  5, 36, 21, 18, 17, 16, 28,  4, 14, 19,  1, 15, 25, 23, 30,  2, 39, 24, 26, 43, 47, 12, 38, 40], 1654.77077747, 1842.14893409, 0., 0., 52.08394036, 0., 0, 0, 0.)
 (52, [10, 11, 14, 13,  7, 41, 31, 44, 32,  9, 42, 46, 35,  8, 22, 34, 10, 45,  6, 27,  3, 48, 11, 33, 20, 13, 37, 29,  5, 16, 36, 26, 18, 17, 28,  4, 19, 14,  1, 15, 25, 23, 30,  2, 39, 24, 21, 43, 47, 12, 38, 40], 1661.26852473, 1703.61212016, 0., 0.,  0.        , 0., 0, 0, 0.)
 (52, [12,  8, 15, 13,  7, 41, 31, 44, 32,  9, 42, 46, 35, 37, 22, 34, 10, 45,  6, 27,  3, 48, 11, 33, 20, 38,  8, 29,  5, 36, 26, 18, 17, 16, 28,  4, 19, 14,  1, 15, 25, 23, 30,  2, 39, 24, 21, 43, 47, 12, 13, 40], 1738.344435  , 1779.91292878, 0., 0., 20.16760671, 0., 0, 0, 0.)
 (52, [ 9, 11, 17, 11,  7, 41, 31, 44, 32,  9, 18, 46, 35, 37, 22, 34, 10, 45,  6, 27,  3, 48, 11, 33, 20, 13,  8, 29,  5, 36, 26, 42, 17, 16, 28,  4, 19, 14,  1, 15, 25, 23, 30,  2, 39, 24, 21, 43, 47, 12, 38, 40], 1749.74751545, 1791.31600923, 0., 0., 39.41121025, 0., 0, 0, 0.)
 (52, [ 9, 11, 17, 11,  7, 41, 31, 44, 32,  9, 42, 46, 35, 37, 22, 34, 10, 45,  6, 27,  3, 48,  4, 33, 20, 13,  8, 29,  5, 36, 26, 18, 16, 17, 28, 11, 19, 14,  1, 15, 25, 23, 30,  2, 39, 24, 21, 43, 47, 12, 38, 40], 1756.80981308, 1798.37830686, 0., 0.,  0.        , 0., 0, 0, 0.)
 (52, [10,  8, 17, 13,  7, 31, 44, 32,  9, 42, 46, 35, 37, 22, 34, 10, 40,  6, 27, 41,  3, 48, 11, 33,  1, 13,  8, 29,  5, 36, 26, 18, 17, 16, 28,  4, 19, 14, 20, 15, 25, 23, 30,  2, 39, 24, 21, 43, 47, 12, 38, 45], 1828.18117134, 1869.74966512, 0., 0.,  0.        , 0., 0, 0, 0.)]