
Total Runtime in seconds: 985.1424608230591Parameters:
population_size: 50, max_generations: 500, executed generations: 27, threshold_no_improvement: 250
target feasible proportion: 10
fitness_scaling: power_rank, selection_method: n_tournaments
p_c: 0.9, p_m: 0.3, NOT YET p_education: 0.0
tournament_size: 2, n_elite: 8
survivor_selection_step: 10, p_selection_survival: 0.7
kill clone step: 5
diversify_step: 20, diversify_step: 20, p_diversify_survival: 0.3
n_closest_neighbors: 3, diversity_weight: 0.5, distance_method: broken_pairs_distance
capacity_penalty_factor: 2.438374895577648, duration_penalty_factor 2.438374895577648, time_window_penalty: 2
Best fitness all generations, best individual before/after local search: 1834.9265423594347, 1834.9265423594347 / 1834.9265423594347
Best individual found before local search: (32, [31, 12, 22, 31, 81, 19, 93, 92, 38, 68, 27, 74, 62, 55, 20, 39, 16, 64, 17, 44, 86, 43,  8, 13, 25, 60, 72, 41, 70, 59, 84, 73, 37, 69,  9, 78, 88, 33, 47,  1, 42, 65, 87, 32,  7,  5, 94,  2, 80, 48,  6, 10, 24, 14, 18, 96, 67, 51, 50, 76,  3, 12, 53, 36, 71, 66, 85, 22, 56, 57, 95, 29, 54, 58, 89, 79, 45, 31,  4, 61, 52, 63, 77, 90, 26, 46, 23, 83, 30, 91, 28, 11, 21, 15, 75, 40, 34, 49, 82, 35], 1834.92654236, 1834.92654236, 0., 0., 0., 0., 1, 50, 26.)
Best individual found after local search: (32, [31, 12, 22, 31, 81, 19, 93, 92, 38, 68, 27, 74, 62, 55, 20, 39, 16, 64, 17, 44, 86, 43,  8, 13, 25, 60, 72, 41, 70, 59, 84, 73, 37, 69,  9, 78, 88, 33, 47,  1, 42, 65, 87, 32,  7,  5, 94,  2, 80, 48,  6, 10, 24, 14, 18, 96, 67, 51, 50, 76,  3, 12, 53, 36, 71, 66, 85, 22, 56, 57, 95, 29, 54, 58, 89, 79, 45, 31,  4, 61, 52, 63, 77, 90, 26, 46, 23, 83, 30, 91, 28, 11, 21, 15, 75, 40, 34, 49, 82, 35], 1834.92654236, 1834.92654236, 0., 0., 0., 0., 1, 50, 26.)
Best feasible individual found: (32, [31, 12, 22, 31, 81, 19, 93, 92, 38, 68, 27, 74, 62, 55, 20, 39, 16, 64, 17, 44, 86, 43,  8, 13, 25, 60, 72, 41, 70, 59, 84, 73, 37, 69,  9, 78, 88, 33, 47,  1, 42, 65, 87, 32,  7,  5, 94,  2, 80, 48,  6, 10, 24, 14, 18, 96, 67, 51, 50, 76,  3, 12, 53, 36, 71, 66, 85, 22, 56, 29, 95, 57, 54, 58, 89, 79, 45, 31,  4, 61, 52, 63, 77, 90, 26, 46, 23, 83, 30, 91, 28, 11, 21, 15, 75, 40, 34, 49, 82, 35], 1835.6664512, 1835.6664512, 0., 0., 0., 0., 1, 50, 26.)

Fitness stats min: [1934.71370928 1876.38248475 1876.38248475 1876.38248475 1876.38248475
 1876.38248475 1868.59933068 1842.26045843 1842.26045843 1842.26045843
 1842.26045843 1841.60541721 1841.60541721 1835.45526468 1835.45526468
 1837.87317651 1837.87317651 1837.87317651 1837.21813529 1837.21813529
 1837.21813529 1837.21813529 1837.21813529 1837.21813529 1837.21813529
 1835.6664512  1835.6664512  1834.92654236] 

Fitness stats feasible min: [1934.71370928 1876.38248475 1876.38248475 1876.38248475 1876.38248475
 1876.38248475 1876.38248475 1842.26045843 1842.26045843 1842.26045843
 1842.26045843 1841.60541721 1841.60541721 1838.848003   1837.87317651
 1837.87317651 1837.87317651 1837.87317651 1837.21813529 1837.21813529
 1837.21813529 1837.21813529 1837.21813529 1837.21813529 1837.21813529
 1835.6664512  1835.6664512  1834.92654236] 

Fitness stats avg: [2873.50853225 2699.13219073 2503.19130638 2276.21426028 2261.48473154
 2582.97757792 2196.14582764 2117.7266991  2118.62199414 2012.17552885
 4136.63576998 2574.16442662 2082.38997716 2069.99174811 1919.66569979
 4537.37739427 3247.25256946 2626.80441758 2140.93828351 1985.42896464
 4486.99861756 2752.76246816 2312.53885226 2009.56638069 1957.63794909
 4184.87769778 3009.91896726 2217.67953156] 

Feasible stats: [( 0., 50.) ( 0., 50.) (22., 28.) (22., 28.) (29., 21.) (29., 21.)
 (34., 16.) (34., 16.) (41.,  9.) (41.,  9.) (37., 13.) (37., 13.)
 (31., 19.) (31., 19.) (40., 10.) (40., 10.) (13., 37.) (13., 37.)
 (30., 20.) (30., 20.) (38., 12.) (38., 12.) (23., 27.) (23., 27.)
 (40., 10.) (40., 10.) (15., 35.) (15., 35.) ( 0.,  0.) ( 0.,  0.)
 ( 0.,  0.) ( 0.,  0.) ( 0.,  0.) ( 0.,  0.) ( 0.,  0.) ( 0.,  0.)
 ( 0.,  0.) ( 0.,  0.) ( 0.,  0.) ( 0.,  0.) ( 0.,  0.) ( 0.,  0.)
 ( 0.,  0.) ( 0.,  0.) ( 0.,  0.) ( 0.,  0.) ( 0.,  0.) ( 0.,  0.)
 ( 0.,  0.) ( 0.,  0.) ( 0.,  0.) ( 0.,  0.) ( 0.,  0.) ( 0.,  0.)
 ( 0.,  0.) ( 0.,  0.) ( 0.,  0.) ( 0.,  0.) ( 0.,  0.) ( 0.,  0.)
 ( 0.,  0.) ( 0.,  0.) ( 0.,  0.) ( 0.,  0.) ( 0.,  0.) ( 0.,  0.)
 ( 0.,  0.) ( 0.,  0.) ( 0.,  0.) ( 0.,  0.) ( 0.,  0.) ( 0.,  0.)
 ( 0.,  0.) ( 0.,  0.) ( 0.,  0.) ( 0.,  0.) ( 0.,  0.) ( 0.,  0.)
 ( 0.,  0.) ( 0.,  0.) ( 0.,  0.) ( 0.,  0.) ( 0.,  0.) ( 0.,  0.)
 ( 0.,  0.) ( 0.,  0.) ( 0.,  0.) ( 0.,  0.) ( 0.,  0.) ( 0.,  0.)
 ( 0.,  0.) ( 0.,  0.) ( 0.,  0.) ( 0.,  0.) ( 0.,  0.) ( 0.,  0.)
 ( 0.,  0.) ( 0.,  0.) ( 0.,  0.) ( 0.,  0.) ( 0.,  0.) ( 0.,  0.)
 ( 0.,  0.) ( 0.,  0.) ( 0.,  0.) ( 0.,  0.) ( 0.,  0.) ( 0.,  0.)
 ( 0.,  0.) ( 0.,  0.) ( 0.,  0.) ( 0.,  0.) ( 0.,  0.) ( 0.,  0.)
 ( 0.,  0.) ( 0.,  0.) ( 0.,  0.) ( 0.,  0.) ( 0.,  0.) ( 0.,  0.)
 ( 0.,  0.) ( 0.,  0.) ( 0.,  0.) ( 0.,  0.) ( 0.,  0.) ( 0.,  0.)
 ( 0.,  0.) ( 0.,  0.) ( 0.,  0.) ( 0.,  0.) ( 0.,  0.) ( 0.,  0.)
 ( 0.,  0.) ( 0.,  0.) ( 0.,  0.) ( 0.,  0.) ( 0.,  0.) ( 0.,  0.)
 ( 0.,  0.) ( 0.,  0.) ( 0.,  0.) ( 0.,  0.) ( 0.,  0.) ( 0.,  0.)
 ( 0.,  0.) ( 0.,  0.) ( 0.,  0.) ( 0.,  0.) ( 0.,  0.) ( 0.,  0.)
 ( 0.,  0.) ( 0.,  0.) ( 0.,  0.) ( 0.,  0.) ( 0.,  0.) ( 0.,  0.)
 ( 0.,  0.) ( 0.,  0.) ( 0.,  0.) ( 0.,  0.) ( 0.,  0.) ( 0.,  0.)
 ( 0.,  0.) ( 0.,  0.) ( 0.,  0.) ( 0.,  0.) ( 0.,  0.) ( 0.,  0.)
 ( 0.,  0.) ( 0.,  0.) ( 0.,  0.) ( 0.,  0.) ( 0.,  0.) ( 0.,  0.)
 ( 0.,  0.) ( 0.,  0.) ( 0.,  0.) ( 0.,  0.) ( 0.,  0.) ( 0.,  0.)
 ( 0.,  0.) ( 0.,  0.) ( 0.,  0.) ( 0.,  0.) ( 0.,  0.) ( 0.,  0.)
 ( 0.,  0.) ( 0.,  0.) ( 0.,  0.) ( 0.,  0.) ( 0.,  0.) ( 0.,  0.)
 ( 0.,  0.) ( 0.,  0.) ( 0.,  0.) ( 0.,  0.) ( 0.,  0.) ( 0.,  0.)
 ( 0.,  0.) ( 0.,  0.) ( 0.,  0.) ( 0.,  0.) ( 0.,  0.) ( 0.,  0.)
 ( 0.,  0.) ( 0.,  0.) ( 0.,  0.) ( 0.,  0.) ( 0.,  0.) ( 0.,  0.)
 ( 0.,  0.) ( 0.,  0.) ( 0.,  0.) ( 0.,  0.) ( 0.,  0.) ( 0.,  0.)
 ( 0.,  0.) ( 0.,  0.) ( 0.,  0.) ( 0.,  0.) ( 0.,  0.) ( 0.,  0.)
 ( 0.,  0.) ( 0.,  0.) ( 0.,  0.) ( 0.,  0.) ( 0.,  0.) ( 0.,  0.)
 ( 0.,  0.) ( 0.,  0.) ( 0.,  0.) ( 0.,  0.) ( 0.,  0.) ( 0.,  0.)
 ( 0.,  0.) ( 0.,  0.) ( 0.,  0.) ( 0.,  0.) ( 0.,  0.) ( 0.,  0.)
 ( 0.,  0.) ( 0.,  0.) ( 0.,  0.) ( 0.,  0.) ( 0.,  0.) ( 0.,  0.)
 ( 0.,  0.) ( 0.,  0.) ( 0.,  0.) ( 0.,  0.) ( 0.,  0.) ( 0.,  0.)
 ( 0.,  0.) ( 0.,  0.) ( 0.,  0.) ( 0.,  0.) ( 0.,  0.) ( 0.,  0.)
 ( 0.,  0.) ( 0.,  0.) ( 0.,  0.) ( 0.,  0.) ( 0.,  0.) ( 0.,  0.)
 ( 0.,  0.) ( 0.,  0.) ( 0.,  0.) ( 0.,  0.) ( 0.,  0.) ( 0.,  0.)
 ( 0.,  0.) ( 0.,  0.) ( 0.,  0.) ( 0.,  0.) ( 0.,  0.) ( 0.,  0.)
 ( 0.,  0.) ( 0.,  0.) ( 0.,  0.) ( 0.,  0.) ( 0.,  0.) ( 0.,  0.)
 ( 0.,  0.) ( 0.,  0.) ( 0.,  0.) ( 0.,  0.) ( 0.,  0.) ( 0.,  0.)
 ( 0.,  0.) ( 0.,  0.) ( 0.,  0.) ( 0.,  0.) ( 0.,  0.) ( 0.,  0.)
 ( 0.,  0.) ( 0.,  0.) ( 0.,  0.) ( 0.,  0.) ( 0.,  0.) ( 0.,  0.)
 ( 0.,  0.) ( 0.,  0.) ( 0.,  0.) ( 0.,  0.) ( 0.,  0.) ( 0.,  0.)
 ( 0.,  0.) ( 0.,  0.) ( 0.,  0.) ( 0.,  0.) ( 0.,  0.) ( 0.,  0.)
 ( 0.,  0.) ( 0.,  0.) ( 0.,  0.) ( 0.,  0.) ( 0.,  0.) ( 0.,  0.)
 ( 0.,  0.) ( 0.,  0.) ( 0.,  0.) ( 0.,  0.) ( 0.,  0.) ( 0.,  0.)
 ( 0.,  0.) ( 0.,  0.) ( 0.,  0.) ( 0.,  0.) ( 0.,  0.) ( 0.,  0.)
 ( 0.,  0.) ( 0.,  0.) ( 0.,  0.) ( 0.,  0.) ( 0.,  0.) ( 0.,  0.)
 ( 0.,  0.) ( 0.,  0.) ( 0.,  0.) ( 0.,  0.) ( 0.,  0.) ( 0.,  0.)
 ( 0.,  0.) ( 0.,  0.) ( 0.,  0.) ( 0.,  0.) ( 0.,  0.) ( 0.,  0.)
 ( 0.,  0.) ( 0.,  0.) ( 0.,  0.) ( 0.,  0.) ( 0.,  0.) ( 0.,  0.)
 ( 0.,  0.) ( 0.,  0.) ( 0.,  0.) ( 0.,  0.) ( 0.,  0.) ( 0.,  0.)
 ( 0.,  0.) ( 0.,  0.) ( 0.,  0.) ( 0.,  0.) ( 0.,  0.) ( 0.,  0.)
 ( 0.,  0.) ( 0.,  0.) ( 0.,  0.) ( 0.,  0.) ( 0.,  0.) ( 0.,  0.)
 ( 0.,  0.) ( 0.,  0.) ( 0.,  0.) ( 0.,  0.) ( 0.,  0.) ( 0.,  0.)
 ( 0.,  0.) ( 0.,  0.) ( 0.,  0.) ( 0.,  0.) ( 0.,  0.) ( 0.,  0.)
 ( 0.,  0.) ( 0.,  0.) ( 0.,  0.) ( 0.,  0.) ( 0.,  0.) ( 0.,  0.)
 ( 0.,  0.) ( 0.,  0.) ( 0.,  0.) ( 0.,  0.) ( 0.,  0.) ( 0.,  0.)
 ( 0.,  0.) ( 0.,  0.) ( 0.,  0.) ( 0.,  0.) ( 0.,  0.) ( 0.,  0.)
 ( 0.,  0.) ( 0.,  0.) ( 0.,  0.) ( 0.,  0.) ( 0.,  0.) ( 0.,  0.)
 ( 0.,  0.) ( 0.,  0.) ( 0.,  0.) ( 0.,  0.) ( 0.,  0.) ( 0.,  0.)
 ( 0.,  0.) ( 0.,  0.) ( 0.,  0.) ( 0.,  0.) ( 0.,  0.) ( 0.,  0.)
 ( 0.,  0.) ( 0.,  0.) ( 0.,  0.) ( 0.,  0.) ( 0.,  0.) ( 0.,  0.)
 ( 0.,  0.) ( 0.,  0.) ( 0.,  0.) ( 0.,  0.) ( 0.,  0.) ( 0.,  0.)
 ( 0.,  0.) ( 0.,  0.) ( 0.,  0.) ( 0.,  0.) ( 0.,  0.) ( 0.,  0.)
 ( 0.,  0.) ( 0.,  0.) ( 0.,  0.) ( 0.,  0.) ( 0.,  0.) ( 0.,  0.)
 ( 0.,  0.) ( 0.,  0.) ( 0.,  0.) ( 0.,  0.) ( 0.,  0.) ( 0.,  0.)
 ( 0.,  0.) ( 0.,  0.) ( 0.,  0.) ( 0.,  0.) ( 0.,  0.) ( 0.,  0.)
 ( 0.,  0.) ( 0.,  0.) ( 0.,  0.) ( 0.,  0.) ( 0.,  0.) ( 0.,  0.)
 ( 0.,  0.) ( 0.,  0.) ( 0.,  0.) ( 0.,  0.) ( 0.,  0.) ( 0.,  0.)
 ( 0.,  0.) ( 0.,  0.) ( 0.,  0.) ( 0.,  0.) ( 0.,  0.) ( 0.,  0.)
 ( 0.,  0.) ( 0.,  0.) ( 0.,  0.) ( 0.,  0.) ( 0.,  0.) ( 0.,  0.)
 ( 0.,  0.) ( 0.,  0.) ( 0.,  0.) ( 0.,  0.) ( 0.,  0.) ( 0.,  0.)
 ( 0.,  0.) ( 0.,  0.) ( 0.,  0.) ( 0.,  0.) ( 0.,  0.) ( 0.,  0.)
 ( 0.,  0.) ( 0.,  0.) ( 0.,  0.) ( 0.,  0.) ( 0.,  0.) ( 0.,  0.)
 ( 0.,  0.) ( 0.,  0.)] 
Solution Description: 
p: [  0.           6.37877888  41.15060755  72.96509812  90.40245518
 106.08412631 130.66348101 180.79949657 181.37429471 207.83488896
 240.06341124 260.98325738 369.48501498 370.7865055  373.71738055
 374.72630004 376.26565355 410.43498723 450.1784561  590.5448629
 603.54030742 627.28370373 636.71357093 638.47418214 677.34122494
 680.01994762 680.05833486 685.56562083 710.54066157 719.21686302
 734.43618592 738.68993801   0.           6.2372154   14.42651359
  16.85930389  30.08670892  32.79846913  56.9672629   79.2330556
  87.85912408  88.01411978 226.04417391 236.66290721 242.20633434
   0.          33.04402669  47.16510668  69.58322548 105.25785939
 106.59137443 122.74585048 126.09417239 127.77773628 136.67274365
 153.45090117 195.59037172 223.83734407 233.97245464 244.96820038
 245.05615957 270.68848391 271.4858284  282.08403881 306.28856103
 320.50923338 325.20256253 332.77601434   0.          30.8155834
  43.73567644  43.7381115   43.90446628  51.53673866  56.88083634
  69.65074089  74.64349864  98.91992263 119.30616801 123.18088137
 123.46931239 210.47280883 216.26821987 216.29335889 233.22232388
 260.36278722 283.04556139 312.14356688 312.302373   312.32694961
 314.3301315  324.00764606 337.48172642 378.45342923 455.93389781
 474.49393819 513.65801894 518.47183378 519.37098032 521.25425567] 
pred: [ 0  0  0  0  0  0  0  0  0  8  8  8  8  8  8  8  8 16 16 16 16 20 20 20
 23 23 23 23 27 27 27 27  0  0  0  0  0  0  5  5  5  5  9  9  9  0  0  0
  0  0  0  0  0  0  8  8  8  8  8  8  8  8  8  8 18 18 18 18  0  0  0  0
  0  0  5  5  5  5  5  5  5 12 12 12 12 12 12 12 12 12 12 22 22 22 22 22
 22 22 22 22] 
distance [  0.           6.37877888  41.15060755  72.96509812  90.40245518
 106.08412631 130.66348101 180.79949657 181.37429471  26.46059425
  58.68911653  79.60896267 188.11072027 189.41221079 192.34308584
 193.35200533 194.89135884  34.16933368  73.91280255 214.27920935
 227.27465387  23.7433963   33.17326351  34.93387471  38.8670428
  41.54576548  41.58415272  47.09143869  24.97504074  33.65124219
  48.87056509  53.12431718   0.           6.2372154   14.42651359
  16.85930389  30.08670892  32.79846913  24.16879376  46.43458646
  55.06065495  55.21565064 138.03005413 148.64878743 154.19221456
   0.          33.04402669  47.16510668  69.58322548 105.25785939
 106.59137443 122.74585048 126.09417239 127.77773628   8.89500736
  25.67316489  67.81263544  96.05960779 106.19471836 117.1904641
 117.27842329 142.91074763 143.70809211 154.30630252  24.20452222
  38.42519457  43.11852372  50.69197553   0.          30.8155834
  43.73567644  43.7381115   43.90446628  51.53673866   5.34409768
  18.11400223  23.10675997  47.38318397  67.76942935  71.64414271
  71.93257373  87.00349644  92.79890748  92.8240465  109.75301148
 136.89347483 159.576249   188.67425449 188.83306061 188.85763721
 190.86081911   9.67751456  23.15159492  64.12329773 141.60376631
 160.16380669 199.32788744 204.14170228 205.04084881 206.92412417]
load: [  0  13  29  48  71  83  89  98 103   9  12  30  37  58  81 100 123   8
  12  16  25  19  29  53  23  33  34  36   3  14  34  59   0  12  30  44
  53  57  13  27  52  74  21  34  36   0  12  32  42  62  83  99 104 106
  10  11  24  45  50  53  56  64  69  88   5  28  52  56   0  13  34  49
  69  87   4  15  32  56  71  87 112  13  17  22  34  47  55  58  62  83
  86   7  31  51  64  65  76  98  99 119] 
time: [  0.         106.         213.         231.37636996 243.66015359
 277.77092354 295.16084073 387.         465.11174498  95.
 126.37011091 206.         285.68982159 376.         386.73487495
 425.26938032 455.         110.         136.         224.76021669
 417.         103.         137.         300.         140.
 285.         313.27835541 350.         129.         152.39981091
 182.95258396 314.           0.         306.         324.
 348.09406065 450.         465.86341928 178.         215.63233535
 383.         444.         257.         422.         493.75351166
   0.         125.         248.         267.05961308 336.
 375.38672649 402.         418.83844297 445.         124.
 153.76960324 175.99194442 216.         236.95530789 272.11160563
 282.23770107 318.89836181 375.         457.         222.
 242.66881288 378.         407.15348661   0.         169.
 186.61974315 210.87311616 229.54785008 424.         158.
 189.19069405 231.         316.         382.         422.
 436.         107.         233.         272.         316.33611805
 335.48476795 361.95942115 432.         466.90323688 487.66647824
 514.37979312 143.         161.         187.62067589 244.039433
 287.29970021 324.30362074 439.         489.178036   500.5404654 ] 
time warps: [0 0 0 0 0 0 0 0 0 0 0 0 0 0 0 0 0 0 0 0 0 0 0 0 0 0 0 0 0 0 0 0 0 0 0 0 0
 0 0 0 0 0 0 0 0 0 0 0 0 0 0 0 0 0 0 0 0 0 0 0 0 0 0 0 0 0 0 0 0 0 0 0 0 0
 0 0 0 0 0 0 0 0 0 0 0 0 0 0 0 0 0 0 0 0 0 0 0 0 0 0] 
duration: [  0.          10.37877888 132.74364087 165.55813144 205.9954885
 226.67715963 272.25651433 389.33058213 403.90538027  40.46059425
  80.68911653 187.69724258 305.19900019 340.50270834 366.43358339
 381.44250288 416.60273156  37.16933368  90.93886636 247.30527316
 406.2979109   40.7433963   69.80229227 250.20337636  47.8670428
 204.71805701 216.75644426 256.8323723   43.97504074  73.65124219
 108.87056509 237.60058348   0.          11.2372154   50.32874737
  68.76153767 174.2808351  188.99259532  44.16879376  70.43458646
 262.78964252 304.8951341  153.03005413 314.11527113 330.65869826
   0.          34.04402669 166.26650547 207.68462428 286.32788078
 296.66139581 321.79506511 337.14338702 359.02249074  29.89500736
  47.67316489  98.81263544 148.25848433 180.39359489 192.38934064
 211.47729982 245.10962417 288.52888706 381.99465359  33.20452222
  69.42519457 197.90426289 215.4777147    0.          39.8155834
  71.73567644  84.7381115   89.90446628 300.43181441  28.34409768
  51.11400223 106.07481278 204.18542558 270.41386858 282.01502032
 310.08788004 106.00349644 220.62184447 247.83307446 268.76203944
 307.90250279 348.58527696 436.71413579 441.87294191 454.89751851
 468.90070041  14.67751456  40.387413    94.35911581 182.83958439
 206.39962477 253.56370552 372.24352996 379.1426765  391.02595185]

All individuals: [(32, [31, 12, 22, 31, 81, 19, 93, 92, 38, 68, 27, 74, 62, 55, 20, 39, 16, 64, 17, 44, 86, 43,  8, 13, 25, 60, 72, 41, 70, 59, 84, 73, 37, 69,  9, 78, 88, 33, 47,  1, 42, 65, 87, 32,  7,  5, 94,  2, 80, 48,  6, 10, 24, 14, 18, 96, 67, 51, 50, 76,  3, 12, 53, 36, 71, 66, 85, 22, 56, 29, 95, 57, 54, 58, 89, 79, 45, 31,  4, 61, 52, 63, 77, 90, 26, 46, 23, 83, 30, 91, 28, 11, 21, 15, 75, 40, 34, 49, 82, 35], 1835.6664512 , 1835.6664512 , 0.,  0.        ,  0.        ,  0.        ,  1, 50, 26. )
 (32, [31, 12, 22, 31, 81, 19, 93, 92, 38, 68, 27, 74, 62, 55, 20, 39, 16, 64, 17, 44, 86, 43,  8, 13, 25, 60, 72, 41, 70, 59, 84, 73, 37, 69,  9, 78, 88, 33, 47,  1, 42, 65, 87, 32,  7,  5, 94,  2, 80, 48,  6, 10, 24, 14, 18, 96, 67, 51, 50, 76,  3, 12, 53, 36, 71, 66, 85, 22, 56, 29, 95, 57, 54, 58, 89, 79, 45, 31,  4, 61, 52, 63, 77, 90, 26, 46, 23, 83, 30, 91, 28, 11, 21, 15, 75, 40, 34, 49, 82, 35], 1835.6664512 , 1835.6664512 , 0.,  0.        ,  0.        ,  0.        ,  2, 49, 26.5)
 (32, [31, 12, 22, 31, 81, 19, 93, 92, 38, 68, 27, 74, 62, 55, 20, 39, 16, 64, 17, 44, 86, 43,  8, 13, 25, 60, 72, 41, 70, 59, 84, 73, 37, 69,  9, 78, 88, 33, 47,  1, 42, 65, 87, 32,  7,  5, 94,  2, 80, 48,  6, 10, 24, 14, 18, 96, 67, 51, 50, 76,  3, 12, 53, 36, 71, 66, 85, 22, 56, 29, 95, 57, 54, 58, 89, 79, 45, 31,  4, 61, 52, 63, 77, 90, 26, 46, 23, 83, 30, 91, 28, 11, 21, 15, 75, 40, 34, 49, 82, 35], 1835.6664512 , 1835.6664512 , 0.,  0.        ,  0.        ,  0.        ,  3, 48, 27. )
 (32, [31, 12, 22, 31, 81, 19, 93, 92, 38, 68, 27, 74, 62, 55, 20, 39, 16, 64, 17, 44, 86, 43,  8, 13, 25, 60, 72, 41, 70, 59, 84, 73, 37, 69,  9, 78, 88, 33, 47,  1, 42, 65, 87, 32,  7,  5, 94,  2, 80, 48,  6, 10, 24, 14, 18, 96, 67, 51, 50, 76,  3, 12, 53, 36, 71, 66, 85, 22, 56, 29, 95, 57, 54, 58, 89, 79, 45, 31,  4, 61, 52, 63, 77, 90, 26, 46, 23, 83, 30, 91, 28, 11, 21, 15, 75, 40, 34, 49, 82, 35], 1835.6664512 , 1835.6664512 , 0.,  0.        ,  0.        ,  0.        ,  4, 35, 21.5)
 (32, [31, 12, 22, 31, 81, 19, 93, 92, 38, 68, 27, 74, 62, 55, 20, 39, 16, 64, 17, 44, 86, 43,  8, 13, 25, 60, 72, 41, 70, 59, 84, 73, 37, 69,  9, 78, 88, 33, 47,  1, 42, 65, 87, 32,  7,  5, 94,  2, 80, 48,  6, 10, 24, 14, 18, 96, 67, 51, 50, 76,  3, 12, 53, 36, 71, 66, 85, 22, 56, 29, 95, 57, 54, 58, 89, 79, 45, 31,  4, 61, 52, 63, 77, 90, 26, 46, 23, 83, 30, 91, 28, 11, 21, 15, 75, 40, 34, 49, 82, 35], 1835.6664512 , 1835.6664512 , 0.,  0.        ,  0.        ,  0.        ,  5, 44, 27. )
 (32, [31, 12, 22, 31, 81, 19, 93, 92, 38, 68, 27, 74, 62, 55, 20, 39, 16, 64, 17, 44, 86, 43,  8, 13, 25, 60, 72, 41, 70, 59, 84, 73, 37, 69,  9, 78, 88, 33, 47,  1, 42, 65, 87, 32,  7,  5, 94,  2, 80, 48,  6, 10, 24, 14, 18, 96, 67, 51, 50, 76,  3, 12, 53, 36, 71, 66, 85, 22, 56, 29, 95, 57, 54, 58, 89, 79, 45, 31,  4, 61, 52, 63, 77, 90, 26, 46, 23, 83, 30, 91, 28, 11, 21, 15, 75, 40, 34, 49, 82, 35], 1835.6664512 , 1835.6664512 , 0.,  0.        ,  0.        ,  0.        ,  6, 43, 27.5)
 (32, [31, 12, 22, 31, 81, 19, 93, 92, 38, 68, 27, 74, 62, 55, 20, 39, 16, 64, 17, 44, 86, 43,  8, 13, 25, 60, 72, 41, 70, 59, 84, 73, 37, 69,  9, 78, 88, 33, 47,  1, 42, 65, 87, 32,  7,  5, 94,  2, 80, 48,  6, 10, 24, 14, 18, 96, 67, 51, 50, 76,  3, 12, 53, 36, 71, 66, 85, 22, 56, 29, 95, 57, 54, 58, 89, 79, 45, 31,  4, 61, 52, 63, 77, 90, 26, 46, 23, 83, 30, 91, 28, 11, 21, 15, 75, 40, 34, 49, 82, 35], 1835.6664512 , 1835.6664512 , 0.,  0.        ,  0.        ,  0.        ,  7, 36, 25. )
 (32, [31, 12, 22, 31, 81, 19, 93, 92, 38, 68, 27, 74, 62, 55, 20, 39, 16, 64, 17, 44, 86, 43,  8, 13, 25, 60, 72, 41, 70, 59, 84, 73, 37, 69,  9, 78, 88, 33, 47,  1, 42, 65, 87, 32,  7,  5, 94,  2, 80, 48,  6, 10, 24, 14, 18, 96, 67, 51, 50, 76,  3, 12, 53, 36, 71, 66, 85, 22, 56, 29, 95, 57, 54, 58, 89, 79, 45, 31,  4, 61, 52, 63, 77, 90, 26, 46, 23, 83, 30, 91, 28, 11, 21, 15, 75, 40, 34, 49, 82, 35], 1835.6664512 , 1835.6664512 , 0.,  0.        ,  0.        ,  0.        ,  8, 41, 28.5)
 (32, [31, 12, 22, 31, 81, 19, 93, 92, 38, 68, 27, 74, 62, 55, 20, 39, 16, 64, 17, 44, 86, 43,  8, 13, 25, 60, 72, 41, 70, 59, 84, 73, 37, 69,  9, 78, 88, 33, 47,  1, 42, 65, 87, 32,  7,  5, 94,  2, 80, 48,  6, 10, 24, 14, 18, 96, 67, 51, 50, 76,  3, 12, 53, 36, 71, 66, 85, 22, 56, 29, 95, 57, 54, 58, 89, 79, 45, 31,  4, 61, 52, 63, 77, 90, 26, 46, 23, 83, 30, 91, 28, 11, 21, 15, 75, 40, 34, 49, 82, 35], 1835.6664512 , 1835.6664512 , 0.,  0.        ,  0.        ,  0.        ,  1, 50, 26. )
 (32, [31, 12, 22, 31, 81, 19, 93, 92, 38, 68, 27, 74, 62, 55, 20, 39, 16, 64, 17, 44, 86, 43,  8, 13, 25, 60, 72, 41, 70, 59, 84, 73, 37, 69,  9, 78, 88, 33, 47,  1, 42, 65, 87, 32,  7,  5, 94,  2, 80, 48,  6, 10, 24, 14, 18, 96, 67, 51, 50, 76,  3, 12, 53, 36, 71, 66, 85, 22, 56, 29, 95, 57, 54, 58, 89, 79, 45, 31,  4, 61, 52, 63, 77, 90, 26, 46, 23, 83, 30, 91, 28, 11, 21, 15, 75, 40, 34, 49, 82, 35], 1835.6664512 , 1835.6664512 , 0.,  0.        ,  0.        ,  0.        ,  9, 40, 29. )
 (32, [31, 12, 22, 31, 81, 19, 93, 92, 38, 68, 27, 74, 62, 55, 20, 39, 16, 64, 17, 44, 86, 43,  8, 13, 41, 70, 59, 84, 25, 60, 72, 73, 37, 69,  9, 78, 88, 33, 47,  1, 42, 65, 87, 32,  7,  5, 94,  2, 80, 48,  6, 10, 24, 14, 18, 96, 67, 51, 50, 76,  3, 12, 53, 36, 71, 66, 85, 22, 56, 29, 95, 57, 54, 58, 79, 31,  4, 61, 52, 89, 63, 77, 90, 45, 26, 46, 23, 83, 30, 91, 28, 11, 21, 15, 75, 40, 34, 49, 82, 35], 1837.21813529, 1881.06628622, 0.,  0.        ,  0.        ,  0.        , 10, 47, 33.5)
 (32, [31, 12, 22, 31, 81, 19, 93, 92, 38, 68, 27, 74, 62, 55, 20, 39, 16, 64, 17, 44, 86, 43,  8, 13, 41, 70, 59, 84, 25, 60, 72, 73, 37, 69,  9, 78, 88, 33, 47,  1, 42, 65, 87, 32,  7,  5, 94,  2, 80, 48,  6, 10, 24, 14, 18, 96, 67, 51, 50, 76,  3, 12, 53, 36, 71, 66, 85, 22, 56, 29, 95, 57, 54, 58, 79, 31,  4, 61, 52, 89, 63, 77, 90, 45, 26, 46, 23, 83, 30, 91, 28, 11, 21, 15, 75, 40, 34, 49, 82, 35], 1837.21813529, 1881.06628622, 0.,  0.        ,  0.        ,  0.        , 11, 46, 34. )
 (32, [31, 12, 22, 31, 81, 19, 93, 92, 38, 68, 27, 74, 62, 55, 20, 39, 16, 64, 17, 44, 86, 43,  8, 13, 25, 60, 72, 41, 70, 59, 84, 73, 37, 69,  9, 78, 88, 33, 47,  1, 42, 65, 87, 32,  7,  5, 94,  2, 80, 48,  6, 10, 24, 14, 18, 96, 67, 51, 50, 76,  3, 12, 53, 36, 71, 66, 85, 22, 56, 29, 95, 57, 54, 58, 79, 31,  4, 61, 52, 89, 63, 77, 90, 45, 26, 46, 23, 83, 30, 91, 28, 11, 21, 15, 75, 40, 34, 49, 82, 35], 1837.21813529, 1881.06628622, 0.,  0.        ,  0.        ,  0.        , 12, 45, 34.5)
 (32, [31, 12, 22, 31, 81, 19, 93, 92, 38, 68, 27, 74, 62, 55, 20, 39, 16, 64, 17, 44, 86, 43,  8, 13, 41, 70, 59, 84, 25, 60, 72, 73, 37, 69,  9, 78, 88, 33, 47,  1, 42, 65, 87, 32,  7,  5, 94,  2, 80, 48,  6, 10, 24, 14, 18, 96, 67, 51, 50, 76,  3, 12, 53, 36, 71, 66, 85, 22, 56, 29, 95, 57, 54, 58, 79, 31,  4, 61, 52, 89, 63, 77, 90, 45, 26, 46, 23, 83, 30, 91, 28, 11, 21, 15, 75, 40, 34, 49, 82, 35], 1837.21813529, 1881.06628622, 0.,  0.        ,  0.        ,  0.        , 13, 42, 34. )
 (32, [31, 12, 22, 31, 81, 19, 93, 92, 38, 68, 27, 74, 62, 55, 20, 39, 16, 64, 17, 44, 86, 43,  8, 13, 25, 60, 72, 41, 70, 59, 84, 73, 37, 69,  9, 78, 88, 33, 47,  1, 42, 65, 87, 32,  7,  5, 94,  2, 80, 48,  6, 10, 24, 14, 18, 96, 67, 51, 50, 76,  3, 12, 53, 36, 71, 66, 85, 22, 56, 29, 95, 57, 54, 58, 79, 31,  4, 61, 52, 89, 63, 77, 90, 45, 26, 46, 23, 83, 30, 91, 28, 11, 21, 15, 75, 40, 34, 49, 82, 35], 1837.21813529, 1881.06628622, 0.,  0.        ,  0.        ,  0.        , 14, 39, 33.5)
 (32, [31, 12, 22, 31, 81, 19, 93, 92, 38, 68, 27, 74, 62, 55, 20, 39, 16, 64, 17, 44, 86, 43,  8, 13, 25, 60, 72, 41, 70, 59, 84, 73, 37, 69,  9, 78, 88, 33, 47,  1, 42, 65, 87, 32,  7,  5, 94,  2, 80, 48,  6, 10, 24, 14, 18, 96, 67, 51, 50, 76,  3, 12, 53, 36, 71, 66, 85, 22, 56, 29, 95, 57, 54, 58, 79, 31,  4, 61, 52, 89, 63, 77, 90, 45, 26, 46, 23, 83, 30, 91, 28, 11, 21, 15, 75, 40, 34, 49, 82, 35], 1837.21813529, 1881.06628622, 0.,  0.        ,  0.        ,  0.        , 15, 37, 33.5)
 (32, [31, 12, 22, 31, 81, 19, 93, 92, 38, 68, 27, 74, 62, 55, 20, 39, 16, 64, 17, 44, 86, 43,  8, 13, 25, 60, 72, 41, 70, 59, 84, 73, 37, 69,  9, 78, 88, 33, 47,  1, 42, 65, 87, 32,  7,  5, 94,  2, 80, 48,  6, 10, 24, 14, 18, 96, 67, 51, 50, 76,  3, 12, 53, 36, 71, 66, 85, 22, 56, 29, 95, 57, 54, 58, 79, 31,  4, 61, 52, 89, 63, 77, 90, 45, 26, 46, 23, 83, 30, 91, 28, 11, 21, 15, 75, 40, 34, 49, 82, 35], 1837.21813529, 1881.06628622, 0.,  0.        ,  0.        ,  0.        , 18, 38, 37. )
 (32, [31, 12, 22, 31, 81, 19, 93, 92, 38, 68, 27, 74, 62, 55, 20, 39, 16, 64, 17, 44, 86, 43,  8, 13, 25, 60, 72, 41, 70, 59, 84, 73, 37, 69,  9, 78, 88, 33, 47,  1, 42, 65, 87, 32,  7,  5, 94,  2, 80, 48,  6, 10, 24, 14, 18, 96, 67, 51, 50, 76,  3, 12, 53, 36, 71, 66, 85, 22, 56, 29, 95, 57, 54, 58, 79, 31,  4, 61, 52, 89, 63, 77, 90, 45, 26, 46, 23, 83, 30, 91, 28, 11, 21, 15, 75, 40, 34, 49, 82, 35], 1837.21813529, 1881.06628622, 0.,  0.        ,  0.        ,  0.        , 16, 34, 33. )
 (32, [31, 12, 22, 31, 81, 19, 93, 92, 38, 68, 27, 74, 62, 55, 20, 39, 16, 64, 17, 44, 86, 43,  8, 13, 41, 70, 59, 84, 25, 60, 72, 73, 37, 69,  9, 78, 88, 33, 47,  1, 42, 65, 87, 32,  7,  5, 94,  2, 80, 48,  6, 10, 24, 14, 18, 96, 67, 51, 50, 76,  3, 12, 53, 36, 71, 66, 85, 22, 56, 29, 95, 57, 54, 58, 79, 31,  4, 61, 52, 89, 63, 77, 90, 45, 26, 46, 23, 83, 30, 91, 28, 11, 21, 15, 75, 40, 34, 49, 82, 35], 1837.21813529, 1881.06628622, 0.,  0.        ,  0.        ,  0.        , 17, 33, 33.5)
 (32, [31, 12, 22, 31, 81, 19, 93, 92, 38, 68, 27, 74, 62, 55, 20, 39, 16, 64, 17, 44, 86, 43,  8, 13, 25, 60, 72, 41, 70, 59, 84, 73, 37, 69,  9, 78, 88, 33, 47,  1, 42, 65, 87, 32,  7,  5, 94,  2, 80, 48,  6, 10, 24, 14, 18, 96, 67, 51, 50, 76,  3, 12, 53, 36, 71, 66, 85, 22, 56, 79, 29, 95, 57, 54, 58, 89, 45, 31,  4, 61, 52, 63, 77, 90, 26, 46, 23, 83, 30, 91, 28, 11, 21, 15, 75, 40, 34, 49, 82, 35], 1842.3026494 , 1842.3026494 , 0.,  0.        ,  0.        ,  3.        , 19, 32, 35. )
 (32, [31, 12, 22, 31, 81, 19, 93, 92, 38, 68, 27, 74, 62, 55, 20, 39, 16, 64, 17, 44, 86, 43,  8, 13, 25, 60, 72, 41, 70, 59, 84, 73, 37, 69,  9, 78, 88, 33, 47,  1, 42, 65, 87, 32,  7,  5, 94,  2, 80, 48,  6, 10, 24, 14, 18, 96, 67, 51, 50, 76,  3, 12, 53, 36, 71, 66, 85, 22, 56, 79, 31,  4, 61, 29, 95, 57, 54, 58, 52, 89, 63, 77, 90, 45, 26, 46, 23, 83, 30, 91, 28, 11, 21, 15, 75, 40, 34, 49, 82, 35], 1844.67394589, 1888.52209683, 0.,  0.        ,  0.        ,  3.        , 20, 30, 35. )
 (32, [31, 12, 22, 31, 81, 19, 93, 92, 38, 68, 27, 74, 62, 55, 20, 39, 16, 64, 17, 44, 86, 43,  8, 13, 25, 60, 72, 41, 70, 59, 84, 73, 37, 69,  9, 78, 88, 33, 47,  1, 42, 65, 87, 32,  7,  5, 94,  2, 80, 48,  6, 10, 24, 14, 18, 96, 67, 51, 50, 76,  3, 12, 53, 36, 71, 66, 85, 22, 56, 79, 31,  4, 61, 29, 95, 57, 54, 58, 52, 89, 63, 77, 90, 45, 11, 26, 46, 23, 83, 30, 91, 28, 21, 15, 75, 40, 34, 49, 82, 35], 1845.64877238, 1845.64877238, 0.,  0.        ,  0.        ,  5.        , 21, 29, 35.5)
 (32, [31, 12, 22, 31, 81, 19, 93, 92, 38, 68, 27, 74, 62, 55, 20, 39, 16, 64, 17, 44, 86, 43,  8, 13, 25, 60, 72, 41, 70, 59, 84, 73, 37, 69,  9, 78, 88, 33, 47,  1, 42, 65, 87, 32,  7,  5, 94,  2, 80, 48,  6, 10, 24, 14, 18, 96, 67, 51, 50, 76,  3, 12, 53, 36, 71, 66, 85, 22, 56, 29, 95, 57, 11, 26, 31,  4, 61, 52, 54, 58, 79, 89, 63, 77, 90, 45, 46, 23, 83, 30, 91, 28, 21, 15, 75, 40, 34, 49, 82, 35], 1866.50273975, 1909.91616484, 0.,  0.        ,  0.        ,  6.33333333, 22, 28, 36. )
 (32, [31, 12, 22, 31, 81, 19, 93, 92, 38, 68, 27, 74, 62, 55, 20, 39, 16, 64, 17, 44, 86, 43,  8, 13, 25, 60, 72, 41, 70, 59, 84, 73, 37, 69,  9, 78, 88, 33, 47,  1, 42, 65, 87, 32,  7,  5, 94,  2, 80, 48,  6, 10, 24, 14, 18, 96, 67, 51, 50, 76,  3, 12, 53, 36, 71, 66, 85, 22, 56, 57, 95, 29, 54, 58, 79, 61, 52, 45, 89, 63, 31,  4, 77, 90, 26, 46, 23, 83, 30, 91, 28, 11, 21, 15, 75, 40, 34, 49, 82, 35], 1890.75982714, 1899.5382012 , 0., 21.31590513,  0.        ,  7.33333333, 23, 23, 34.5)
 (32, [31, 12, 22, 31, 81, 19, 93, 92, 38, 68, 27, 74, 62, 55, 20, 39, 16, 64, 17, 44, 86, 43,  8, 13, 25, 60, 72, 41, 70, 59, 84, 73, 37, 69,  9, 78, 42, 88,  1, 33, 47, 65, 87, 32,  7,  5, 94,  2, 80, 48,  6, 10, 24, 14, 18, 96, 67, 51, 50, 76,  3, 12, 53, 36, 71, 66, 85, 22, 56, 29, 95, 57, 11, 26, 31,  4, 61, 52, 54, 58, 79, 89, 63, 77, 90, 45, 46, 23, 83, 30, 91, 28, 21, 15, 75, 40, 34, 49, 82, 35], 1892.31979465, 1935.73321974, 0.,  0.        ,  0.        ,  9.66666667, 24, 19, 33.5)
 (32, [31, 12, 22, 31, 81, 19, 93, 17, 38, 68, 27, 74, 62, 55, 20, 39, 16, 64, 92, 44, 86, 43,  8, 13, 25, 60, 72, 41, 70, 59, 84, 73, 37, 69,  9, 78, 88, 33, 47,  1, 42, 65, 87, 32,  7,  5, 94,  2, 80, 48,  6, 10, 24, 14, 18, 96, 67, 51, 50, 76,  3, 12, 53, 36, 71, 66, 85, 22, 56, 29, 95, 57, 54, 58, 79, 31,  4, 61, 52, 89, 63, 77, 90, 45, 26, 11, 46, 23, 83, 30, 91, 28, 21, 15, 75, 40, 34, 49, 82, 35], 1993.7318562 , 1993.7318562 , 0.,  0.        ,  0.        ,  7.        , 25, 24, 37. )
 (32, [31, 12, 22, 31, 81, 19, 93, 92, 38, 68, 27, 74, 62, 55, 20, 39, 16, 64, 17, 44, 86, 43,  8, 13, 25, 60, 72, 41, 70, 59, 84, 73, 37, 69,  9, 78, 88, 33, 47,  1, 42, 65, 87, 32,  7,  5, 94,  2, 80, 48,  6, 10, 24, 14, 18, 96, 67, 51, 50, 76,  3, 12, 53, 36, 71, 66, 85, 22, 56, 29, 95, 57, 54, 58, 79, 31,  4, 61, 52, 89, 40, 75, 15, 21, 11, 28, 91, 30, 83, 23, 46, 26, 45, 90, 77, 63, 34, 49, 82, 35], 2009.11400163, 2145.60261196, 0.,  3.47655623,  0.        , 17.        , 26, 14, 33. )
 (32, [31, 12, 21, 32, 81, 19, 93, 92, 38, 68, 27, 74, 62, 55, 20, 39, 16, 64, 17, 44, 86, 43,  8, 13, 25, 60, 72, 41, 70, 59, 84, 73, 37, 69,  9, 78, 88, 33, 47,  1, 42, 65, 87, 32,  7,  5, 94,  2, 80, 48,  6, 10, 24, 14, 18, 96, 67, 51, 50, 76,  3, 12, 53, 36, 71, 66, 85, 22, 56, 57, 95, 29, 54, 58, 79, 61, 52, 45, 89, 31,  4, 77, 90, 63, 26, 46, 23, 83, 30, 91, 28, 11, 21, 15, 75, 40, 34, 49, 82, 35], 2014.3775002 , 1971.74568993, 0., 21.31590513,  0.        ,  7.        , 27, 25, 39.5)
 (32, [31, 12, 22, 31, 81, 19, 93, 92, 38, 68, 27, 74, 62, 55, 20, 39, 16, 64, 17, 44, 86, 43,  8, 13, 25, 60, 72, 41, 70, 59, 84, 73, 37, 69,  9, 78, 88, 33, 47,  1, 42, 65, 87, 32,  7,  5, 94,  2, 80, 48,  6, 10, 24, 14, 18, 96, 67, 51, 50, 76,  3, 12, 53, 36, 71, 66, 85, 22, 56, 29, 34, 54, 11, 26, 31,  4, 61, 52, 95, 57, 58, 79, 45, 63, 89, 77, 90, 46, 23, 83, 30, 91, 28, 21, 15, 75, 40, 49, 82, 35], 2032.84750496, 2050.00792479, 0.,  0.        ,  0.        , 12.66666667, 28, 17, 36.5)
 (32, [31, 12, 21, 32, 81, 19, 93, 92, 38, 68, 27, 74, 62, 55, 20, 39, 16, 64, 17, 44, 86, 43,  8, 13, 25, 60, 72, 41, 70, 59, 84, 73, 37, 69,  9, 78, 88, 33, 47,  1, 42, 65, 87, 32,  7,  5, 94,  2, 80, 48,  6, 10, 24, 14, 18, 96, 67, 51, 50, 76,  3, 12, 66, 54, 15, 53, 36, 71, 85, 22, 56, 11, 26, 31,  4, 61, 52, 29, 95, 57, 58, 79, 45, 63, 89, 77, 90, 46, 23, 83, 30, 91, 28, 21, 75, 40, 34, 49, 82, 35], 2091.999181  , 2087.33603707, 0.,  2.33157196,  0.        , 16.        , 29, 16, 37. )
 (32, [30, 12, 22, 32, 81, 19, 93, 92, 38, 68, 27, 74, 62, 55, 20, 39, 16, 64, 17, 44, 86, 43,  8, 13, 41, 70, 59, 84, 25, 60, 72, 73, 37, 69,  9, 78, 88, 33, 47,  1, 42, 65, 87, 32,  7,  5, 94,  2, 80, 48,  6, 10, 24, 14, 18, 96, 67, 51, 50, 76,  3, 12, 53, 36, 71, 66, 85, 22, 56, 29, 95, 57, 54, 58, 79, 89, 49, 45, 31,  4, 61, 52, 63, 77, 90, 26, 46, 23, 83, 30, 91, 28, 11, 21, 15, 75, 40, 34, 82, 35], 2147.84773848, 2158.52246425, 0.,  0.        ,  0.        ,  9.        , 30, 20, 40. )
 (32, [31, 12, 22, 31, 81, 19, 93, 92, 38, 68, 27, 74, 62, 55, 20, 39, 16, 64, 17, 44, 86, 43,  8, 13, 41, 70, 59, 84, 25, 60, 72, 73, 37, 69,  9, 78, 88, 33, 47,  1, 42, 65, 87, 32,  7,  5, 94,  2, 49, 80, 48,  6, 10, 24, 14, 18, 96, 67, 51, 50, 76,  3, 12, 53, 36, 71, 66, 85, 22, 56, 29, 95, 57, 54, 58, 79, 31,  4, 61, 52, 89, 63, 77, 90, 45, 26, 46, 23, 83, 30, 91, 28, 11, 21, 15, 75, 40, 34, 82, 35], 2148.04639115, 2191.89454208, 0.,  0.        ,  0.        ,  3.        , 31, 31, 46.5)
 (32, [31, 12, 21, 32, 31, 19, 93, 92, 38, 68, 27, 74, 62, 55, 20, 39, 16, 64, 17, 44, 86, 43,  8, 13, 25, 60, 72, 41, 70, 59, 84, 73, 37, 69,  9, 78, 88, 33, 47,  1, 42, 65, 87, 32,  7,  5, 94,  2, 80, 48,  6, 10, 24, 14, 18, 96, 67, 51, 50, 76,  3, 12, 53, 36, 71, 66, 85, 22, 56, 57, 95, 29, 54, 58, 79, 61, 52, 45, 89, 81,  4, 77, 90, 63, 26, 46, 23, 83, 30, 91, 28, 11, 21, 15, 75, 40, 34, 49, 82, 35], 2174.79553601, 2132.16372575, 0., 21.31590513,  0.        ,  8.33333333, 32, 21, 42.5)
 (32, [32, 10, 22, 32, 81, 19, 93, 92, 38, 68, 27, 74, 62, 55, 20, 39, 16, 64, 17, 44, 86, 43,  8, 13, 41, 70, 59, 84, 25, 60, 72, 73, 37, 69,  9, 78,  7, 33, 47,  1, 42, 65, 87, 32, 88,  5, 94,  2, 80, 48,  6, 10, 24, 14, 18, 96, 67, 51, 50, 76,  3, 12, 53, 36, 71, 66, 85, 22, 56, 29, 95, 57, 54, 58, 79, 31,  4, 61, 52, 89, 63, 77, 90, 45, 26, 46, 23, 83, 30, 91, 28, 11, 21, 15, 75, 40, 34, 49, 82, 35], 2176.41739023, 2220.26554116, 0.,  0.        ,  0.        ,  8.        , 33, 22, 44. )
 (32, [32, 12, 20, 32, 81, 19, 93, 92, 38, 68, 27, 74, 62, 55, 20, 39, 16, 64, 17, 44, 86, 43,  8, 71, 13, 25, 60, 72, 41, 70, 59, 84, 73, 37, 69,  9, 78, 88, 33, 47,  1, 42, 65, 87, 32,  7,  5, 94,  2, 80, 48,  6, 10, 24, 14, 18, 96, 67, 51, 50, 76,  3, 12, 53, 36, 66, 85, 22, 56, 29, 95, 57, 54, 58, 89, 79, 45, 31,  4, 61, 52, 63, 77, 90, 26, 46, 23, 83, 30, 91, 28, 11, 21, 15, 75, 40, 34, 49, 82, 35], 2179.60050019, 2179.60050019, 0.,  0.        ,  0.        ,  6.33333333, 34, 27, 47.5)
 (32, [31, 12, 22, 31, 81, 19, 93, 92, 38, 68, 27, 74, 62, 55, 20, 39, 16, 64, 17, 50, 86, 43,  8, 13, 41, 70, 59, 84, 25, 60, 72, 73, 37, 69,  9, 78, 88, 33, 47,  1, 42, 65, 87, 32,  7,  5, 94,  2, 80, 48,  6, 10, 24, 14, 18, 96, 67, 51, 44, 76,  3, 12, 53, 36, 71, 66, 85, 22, 56, 29, 95, 57, 11, 26, 31,  4, 61, 52, 54, 58, 79, 89, 63, 77, 90, 45, 46, 23, 83, 30, 91, 28, 21, 15, 75, 40, 34, 49, 82, 35], 2232.84692885, 2276.26035394, 0.,  0.        ,  0.        ,  9.66666667, 35, 18, 44. )
 (46, [33, 13, 27, 23, 81, 19, 93, 92, 38, 68, 27, 74, 62, 55, 20, 39, 16, 64, 17, 44, 86, 43,  8, 13, 25, 60, 72, 41, 70, 59, 84, 73, 37, 69,  9, 78, 88, 33, 47,  1, 42, 65, 87, 32,  7,  5, 94,  2, 80, 48,  6, 10, 24, 14, 18, 85, 54, 63, 83, 96, 67, 51, 50, 76,  3, 12, 53, 36, 71, 66, 22, 56, 11, 26, 31,  4, 61, 52, 29, 95, 57, 58, 79, 45, 89, 77, 90, 46, 23, 30, 91, 28, 21, 15, 75, 40, 34, 49, 82, 35], 2285.27540771, 2447.73887593, 0.,  0.        ,  0.        , 29.66666667, 36,  9, 40.5)
 (32, [30, 13, 21, 32, 81,  5, 19, 93, 92, 38, 68, 27, 74, 62, 55, 20, 39, 16, 64, 17, 44, 86, 43,  8, 13, 25, 60, 72, 41, 70, 59, 84, 73, 37, 69,  9, 78, 88, 33, 47,  1, 42, 65, 87, 32,  7, 94,  2, 80, 48,  6, 10, 24, 14, 18, 96, 67, 51, 50, 76,  3, 12, 53, 36, 71, 66, 85, 22, 56, 57, 95, 29, 54, 58, 34, 11, 26, 31,  4, 61, 52, 79, 45, 63, 89, 77, 90, 46, 23, 83, 30, 91, 28, 21, 15, 75, 40, 49, 82, 35], 2294.46194928, 2305.13667505, 0.,  0.        ,  0.        , 17.33333333, 37, 13, 43.5)
 (32, [31, 12, 21, 32, 81, 19, 93, 92, 38, 68, 27, 74, 62, 55, 20, 39, 16, 64, 17, 44, 86, 43,  8, 71, 13, 25, 60, 72, 41, 70, 59, 84, 73, 37, 69,  9, 78, 88, 33, 47,  1, 42, 65, 87, 32,  7,  5, 94,  2, 80, 48,  6, 10, 24, 14, 18, 96, 51, 50, 76,  3, 67, 12, 53, 36, 66, 85, 22, 56, 29, 95, 57, 54, 58, 89, 79, 45, 31,  4, 61, 52, 63, 77, 90, 26, 46, 23, 83, 30, 91, 28, 11, 21, 15, 75, 40, 34, 49, 82, 35], 2351.09505103, 2361.7697768 , 0.,  0.        ,  0.        ,  7.        , 38, 26, 51. )
 (32, [31, 12, 22, 31, 81, 19, 93, 92, 38, 68, 27, 74, 62, 55, 20, 39, 16, 64, 17, 44, 86, 43,  8, 13, 25, 60, 72, 41, 70, 59, 84, 73, 37, 69,  9, 78, 88, 33, 47,  1, 42, 65, 87, 32, 34, 66,  7,  5, 94,  2, 80, 48,  6, 54, 10, 24, 14, 18, 96, 67, 51, 50, 76,  3, 12, 53, 36, 71, 85, 22, 56, 11, 26, 31,  4, 61, 57, 95, 29, 58, 79, 52, 45, 89, 63, 77, 90, 46, 23, 83, 30, 91, 28, 21, 15, 75, 40, 49, 82, 35], 2455.63547579, 2592.54054176, 0.,  0.        ,  0.        , 16.33333333, 39, 15, 46.5)
 (32, [31, 12, 22, 31, 81, 19, 93, 92, 38, 68, 27, 74, 62, 55, 20, 39, 16, 64, 17, 44, 86, 43,  8, 13, 25, 60, 72, 41, 70, 59, 84, 73, 37, 69,  9, 78, 88, 33, 47,  1, 42, 65, 87, 32,  7,  5, 94,  2, 80, 48,  6, 10, 61, 14, 18, 96, 67, 51, 50, 76, 95, 57, 56, 22, 85, 66, 71, 36, 53, 12,  3, 29, 54, 58, 79, 24, 52, 45, 89, 63, 31,  4, 77, 90, 26, 46, 23, 83, 30, 91, 28, 11, 21, 15, 75, 40, 34, 49, 82, 35], 2487.67783618, 2526.69708393, 0., 33.44834902,  0.        , 19.33333333, 40, 12, 46. )
 (32, [31, 17, 22, 26, 81, 93, 68, 74, 84, 55, 16, 64, 17, 43,  8, 13, 62, 70, 41, 35, 60, 25, 75, 40, 86, 39, 59, 27, 44, 19, 72, 73, 37, 69,  9, 78, 88, 33, 47,  1, 42, 65, 87, 32,  7,  5, 94,  2, 80, 48,  6, 10, 24, 14, 18, 96, 67, 51, 50, 76,  3, 12, 53, 36, 71, 66, 85, 22, 56, 29, 95, 57, 54, 58, 79, 31,  4, 61, 52, 89, 63, 77, 90, 45, 26, 46, 23, 83, 30, 91, 28, 11, 21, 15, 92, 38, 20, 34, 49, 82], 2688.3985053 , 2732.24665623, 0.,  0.        ,  0.        , 34.        , 41,  7, 44.5)
 (32, [29, 14, 22, 31, 81, 19, 93, 92, 38, 68, 27, 74, 62, 55, 20, 39, 16, 64, 17, 44, 86, 34, 72, 66, 47, 43, 96,  8, 13, 25, 60, 41, 70, 59, 84, 73, 37, 69,  9, 78, 88, 33,  1, 42, 65, 87, 32,  7,  5, 94,  2, 80, 48,  6, 10, 24, 14, 18, 67, 51, 50, 76,  3, 12, 53, 36, 71, 85, 22, 56, 57, 95, 29, 54, 58, 79, 61, 52, 45, 89, 63, 31,  4, 77, 90, 26, 46, 23, 83, 30, 91, 28, 11, 21, 15, 75, 40, 49, 82, 35], 2707.3045958 , 2630.06038761, 0., 21.31590513, 37.67363369, 20.        , 42, 11, 47.5)
 (32, [27, 13, 22, 34, 81, 19, 92, 38, 68, 27, 62, 55, 20, 39, 16, 64, 17, 86,  8, 13, 40, 60, 72, 41, 70, 31,  4, 52, 29, 95, 84, 73, 37, 69,  9, 78, 88, 33, 47,  1, 42, 65, 87, 32,  7,  5, 94,  2, 80, 48,  6, 10, 24, 14, 18, 96, 67, 51, 50, 76,  3, 12, 53, 36, 71, 66, 85, 22, 56, 11, 57, 79, 43, 93, 54, 82, 91, 90, 58, 74, 44, 61, 26, 59, 45, 63, 89, 77, 46, 23, 83, 30, 28, 21, 15, 75, 25, 34, 49, 35], 2798.17389386, 2941.44031532, 0.,  2.69588654,  0.        , 41.66666667, 44,  6, 47. )
 (32, [31, 12, 22, 31, 81, 19, 93, 92, 38, 68, 27, 74, 62, 55, 20, 39, 16, 64, 17, 44, 86, 43,  8, 13, 25, 60, 72, 41, 70, 59, 84, 73, 37, 82, 69, 36, 71, 66, 85, 22, 56, 57, 95, 53, 12,  3, 76, 50, 51, 67, 96, 18, 14, 24, 10,  6, 48, 80,  2, 94,  5,  7, 32, 87, 65, 42,  1, 47, 33, 88, 78,  9, 29, 11, 26, 31,  4, 61, 52, 54, 58, 79, 89, 63, 77, 90, 45, 46, 23, 83, 30, 91, 28, 21, 15, 75, 40, 34, 49, 35], 2799.88087323, 2852.40798279, 0.,  0.        ,  0.        , 32.        , 45,  8, 49. )
 (32, [30, 19, 20, 27, 81, 19, 93, 92, 38, 60, 25, 13,  8, 43, 86, 44, 17, 64, 16, 39, 20, 55, 62, 74, 27, 68, 72, 41, 70, 59, 84, 73, 37, 69,  9, 78, 88, 33, 47,  1, 42, 65, 87, 32, 83, 18, 63, 54, 85,  7,  5, 94,  2, 80, 48,  6, 10, 24, 14, 96, 67, 51, 50, 76,  3, 12, 53, 36, 71, 66, 22, 56, 11, 26, 31,  4, 61, 52, 29, 95, 57, 58, 79, 45, 89, 77, 90, 46, 23, 30, 91, 28, 21, 15, 75, 40, 34, 49, 82, 35], 2808.86980113, 3145.41044001, 0.,  0.        ,  0.        , 46.        , 46,  5, 48.5)
 (32, [31, 12, 21, 32, 81, 19, 93, 92, 38, 68, 27, 74, 62, 55, 53, 20, 39, 16, 25, 13,  8, 43, 86, 44, 17, 64,  4, 61, 52, 63, 77, 22, 85, 66, 71, 36, 12,  3, 76, 50, 51, 67, 96, 18, 14, 24, 10,  6, 48, 80,  2, 78,  5,  7, 32, 87, 65, 33, 47,  1, 94, 42, 88,  9, 69, 37, 73, 84, 56, 29, 95, 57, 54, 58, 89, 79, 45, 31, 59, 70, 41, 72, 60, 90, 26, 46, 23, 83, 30, 91, 28, 11, 21, 15, 75, 40, 34, 49, 82, 35], 3488.37202549, 3362.59090214, 0., 97.2741073 ,  1.44820717, 52.        , 47,  3, 48.5)
 (32, [33, 13, 19, 31, 92, 19, 22, 25, 66, 36, 60, 80, 50, 24, 10, 47, 72, 73, 55, 68, 39, 16, 64, 17, 44, 41, 77, 34, 49, 86, 93, 43,  8, 13, 70, 59, 84, 37, 69,  9, 94, 78, 88, 33, 65, 87, 32,  1,  7,  5, 30, 23, 27, 85, 21, 91, 71, 14, 18, 67,  2, 51, 12,  6, 75, 15, 79, 11, 54, 63, 38, 20, 74, 58, 40, 83, 82, 35, 45, 31,  4, 57, 42, 29, 52, 89, 90, 61, 95, 76,  3, 53, 46, 26, 96, 81, 62, 48, 56, 28], 3503.29507235, 3547.03975867, 0.,  0.        ,  0.        , 66.66666667, 50,  1, 50.5)
 (32, [26, 13, 25, 32, 81, 19, 92, 38, 68, 27, 62, 55, 20, 39, 40, 70, 16, 64, 17, 44, 86, 43,  8, 13, 25, 60, 72, 41, 84, 73, 37, 69, 78, 33, 47,  1, 42, 48, 87, 32, 28,  5, 94,  2, 80, 65,  6, 10, 24, 14, 18, 96, 67, 51, 50, 76,  3, 12, 53, 66, 56, 11, 31,  4, 52, 29, 95, 57, 79,  9, 93, 71, 54, 82, 91, 85, 90, 58, 88, 74, 36, 61, 26, 22, 59, 45, 63, 89, 77, 46, 23, 83, 30,  7, 21, 15, 75, 34, 49, 35], 3616.40462139, 3713.93142249, 0.,  8.33005602,  0.        , 50.66666667, 48,  4, 50. )
 (32, [27, 16, 21, 32, 81, 19, 93, 92, 38, 27, 74, 62, 55, 64, 41,  5, 24, 80,  8, 10, 20, 39, 16, 77, 63, 89, 52, 61,  4, 31, 79, 58, 54, 57, 95, 29, 56, 22, 85, 66, 71, 36, 53, 12,  3, 76, 50, 51, 67, 96, 18, 14,  6, 48,  2, 94,  7, 32, 87, 65,  1, 33, 88, 78,  9, 69, 37, 73, 84, 59, 70, 60, 25, 13, 43, 68, 47, 72, 34, 86, 44, 17, 90, 42, 11, 26, 45, 46, 23, 83, 30, 91, 28, 21, 15, 75, 40, 49, 82, 35], 4367.94962519, 4514.78303867, 0., 51.01857768,  0.        , 64.66666667, 49,  2, 50. )]