
Total Runtime in seconds: 717.0459563732147Parameters:
population_size: 50, max_generations: 150, executed generations: 149, threshold_no_improvement: 75
target feasible proportion: 12
fitness_scaling: power_rank, selection_method: n_tournaments
p_c: 0.9, p_m: 0.2, NOT YET p_education: 0.0
tournament_size: 2, n_elite: 8
survivor_selection_step: 10, p_selection_survival: 0.7
kill clone step: 5
diversify_step: 20, diversify_step: 20, p_diversify_survival: 0.3
n_closest_neighbors: 3, diversity_weight: 0.5, distance_method: broken_pairs_distance
capacity_penalty_factor: 2, duration_penalty_factor 2, time_window_penalty: 2
Best fitness all generations, best individual before/after local search: 1107.1766544951445, 1107.1766544951445 / 1107.1766544951445
Best individual found before local search: (27, [10,  9, 16, 13,  7, 41, 31, 44, 32,  9, 42, 46, 35, 37, 22, 34, 10, 45,  6, 27,  3, 48, 11, 28,  4, 19, 14,  1, 13, 33, 20, 29,  8,  5, 17, 18, 16, 26, 36, 47, 24, 12, 21, 38, 40,  2, 15, 25, 23, 30, 39, 43], 1107.1766545, 1106.18293008, 0., 0., 0.49686221, 0., 14, 39, 33.5)
Best individual found after local search: (27, [10,  9, 16, 13,  7, 41, 31, 44, 32,  9, 42, 46, 35, 37, 22, 34, 10, 45,  6, 27,  3, 48, 11, 28,  4, 19, 14,  1, 13, 33, 20, 29,  8,  5, 17, 18, 16, 26, 36, 47, 24, 12, 21, 38, 40,  2, 15, 25, 23, 30, 39, 43], 1107.1766545, 1106.18293008, 0., 0., 0.49686221, 0., 14, 39, 33.5)
Best feasible individual found: (27, [10,  9, 16, 13,  7, 41, 31, 44, 32,  9, 42, 46, 35, 37, 22, 34, 10, 45,  6, 27,  3, 48, 11, 28,  4, 19, 14,  1, 13, 33, 20, 29,  8,  5, 17, 18, 36, 26, 16, 47, 24, 12, 21, 38, 40,  2, 15, 25, 23, 30, 39, 43], 1107.98939354, 1107.98939354, 0., 0., 0., 0., 14, 39, 33.5)

Fitness stats min: [1145.73613294 1135.67583877 1133.3512368  1133.3512368  1133.3512368
 1133.3512368  1133.3512368  1120.94520137 1117.54684905 1117.54684905
 1117.54684905 1117.54684905 1117.54684905 1117.54684905 1117.54684905
 1117.54684905 1117.54684905 1117.54684905 1117.54684905 1117.54684905
 1117.54684905 1117.54684905 1117.54684905 1117.54684905 1117.54684905
 1117.54684905 1117.54684905 1117.54684905 1117.54684905 1117.54684905
 1117.54684905 1117.54684905 1117.54684905 1117.54684905 1117.54684905
 1117.54684905 1117.54684905 1117.54684905 1117.54684905 1117.54684905
 1117.54684905 1117.54684905 1117.54684905 1117.54684905 1117.54684905
 1117.54684905 1117.54684905 1117.54684905 1117.54684905 1117.54684905
 1117.54684905 1117.54684905 1117.54684905 1117.54684905 1117.54684905
 1117.54684905 1117.54684905 1117.54684905 1117.54684905 1117.54684905
 1117.54684905 1117.54684905 1117.54684905 1117.54684905 1117.54684905
 1117.54684905 1117.54684905 1117.54684905 1117.54684905 1117.54684905
 1117.54684905 1117.54684905 1117.54684905 1117.54684905 1117.54684905
 1117.54684905 1117.54684905 1117.54684905 1117.54684905 1117.54684905
 1117.54684905 1117.54684905 1117.54684905 1117.54684905 1117.54684905
 1117.54684905 1117.54684905 1117.54684905 1117.54684905 1117.54684905
 1117.54684905 1117.54684905 1117.54684905 1117.54684905 1117.54684905
 1117.54684905 1117.54684905 1117.54684905 1117.54684905 1117.54684905
 1117.54684905 1117.54684905 1117.54684905 1117.54684905 1117.54684905
 1117.54684905 1117.54684905 1117.54684905 1117.54684905 1117.54684905
 1107.1766545  1107.1766545  1107.1766545  1107.1766545  1107.1766545
 1107.1766545  1107.1766545  1107.1766545  1107.1766545  1107.1766545
 1107.1766545  1107.1766545  1107.1766545  1107.1766545  1107.1766545
 1113.95374479 1113.95374479 1113.95374479 1113.95374479 1113.95374479
 1113.95374479 1113.95374479 1107.1766545  1107.1766545  1107.1766545
 1107.1766545  1107.1766545  1107.1766545  1107.1766545  1107.1766545
 1107.1766545  1107.1766545  1107.1766545  1107.1766545  1107.1766545
 1107.1766545  1107.22634072 1107.22634072 1107.1766545  1107.1766545 ] 

Fitness stats feasible min: [1145.73613294 1135.67583877 1133.3512368  1133.3512368  1133.3512368
 1133.3512368  1133.3512368  1120.94520137 1117.54684905 1117.54684905
 1117.54684905 1117.54684905 1117.54684905 1117.54684905 1117.54684905
 1117.54684905 1117.54684905 1117.54684905 1117.54684905 1117.54684905
 1117.54684905 1117.54684905 1117.54684905 1117.54684905 1117.54684905
 1117.54684905 1117.54684905 1117.54684905 1117.54684905 1117.54684905
 1117.54684905 1117.54684905 1117.54684905 1117.54684905 1117.54684905
 1117.54684905 1117.54684905 1117.54684905 1117.54684905 1117.54684905
 1117.54684905 1117.54684905 1117.54684905 1117.54684905 1117.54684905
 1117.54684905 1117.54684905 1117.54684905 1117.54684905 1117.54684905
 1117.54684905 1117.54684905 1117.54684905 1117.54684905 1117.54684905
 1117.54684905 1117.54684905 1117.54684905 1117.54684905 1117.54684905
 1117.54684905 1117.54684905 1117.54684905 1117.54684905 1117.54684905
 1117.54684905 1117.54684905 1117.54684905 1117.54684905 1117.54684905
 1117.54684905 1117.54684905 1117.54684905 1117.54684905 1117.54684905
 1117.54684905 1117.54684905 1117.54684905 1117.54684905 1117.54684905
 1117.54684905 1117.54684905 1117.54684905 1117.54684905 1117.54684905
 1117.54684905 1117.54684905 1117.54684905 1117.54684905 1117.54684905
 1117.54684905 1117.54684905 1117.54684905 1117.54684905 1117.54684905
 1117.54684905 1117.54684905 1117.54684905 1117.54684905 1117.54684905
 1117.54684905 1117.54684905 1117.54684905 1117.54684905 1117.54684905
 1117.54684905 1117.54684905 1117.54684905 1117.54684905 1117.54684905
 1117.54684905 1117.54684905 1117.54684905 1117.54684905 1117.54684905
 1117.54684905 1117.54684905 1117.54684905 1117.54684905 1117.54684905
 1117.54684905 1117.54684905 1115.13647379 1113.95374479 1113.95374479
 1113.95374479 1113.95374479 1113.95374479 1113.95374479 1113.95374479
 1113.95374479 1113.95374479 1113.95374479 1107.98939354 1107.98939354
 1107.98939354 1107.98939354 1107.98939354 1107.98939354 1107.98939354
 1107.98939354 1107.98939354 1107.98939354 1107.98939354 1107.98939354
 1107.98939354 1107.98939354 1107.98939354 1107.98939354 1107.98939354] 

Fitness stats avg: [1505.96787146 1401.97135833 1403.03177659 1253.4001438  1291.53623758
 1619.78178739 1283.92094928 1222.37856853 1241.57000476 1215.06178937
 2112.50800615 1433.79526541 1214.4981507  1144.56652083 1212.79638844
 3301.95040237 2799.58898941 2083.67467674 1717.37511338 1315.1451535
 2391.60640344 1650.39088779 1233.19188086 1192.9144632  1190.7656203
 3496.28430769 2923.26919879 2180.7806005  1485.50045065 2023.21791762
 2862.43667228 2081.08353997 1640.07425948 1369.5645446  1244.71897281
 2620.25916036 1957.52948164 1378.01597921 1273.34442914 1235.95958961
 2148.58504258 1408.89997291 1261.3452697  1228.01393171 1187.67675565
 3306.71808458 2577.19586123 1726.10038483 1298.1671081  1826.67455736
 2426.55870682 1870.53464077 1491.18629224 1279.51387139 1175.59629012
 3448.40414179 2999.80987422 2488.49464732 1996.95649843 1655.2143211
 2651.70286254 2018.9605566  1664.33529009 1385.35172677 1412.93004761
 1790.14792526 1507.2863044  1354.4202299  1228.59649031 1771.98919354
 2771.5573281  2230.48546868 1751.9666497  1420.55209933 1243.57673364
 2827.26647324 1963.78410669 1586.61563448 1389.50185506 1314.69680603
 3017.34896073 2278.22158089 1776.31818487 1468.24367362 1312.81244682
 2446.97610056 1825.0750369  1488.83936892 1362.19895268 1994.6785416
 2887.01392369 2100.66735766 1698.19961848 1561.11551771 1352.88184895
 1984.33501296 1468.23556402 1277.57028338 1227.53090363 1188.36916893
 2012.05192945 1532.61166915 1336.80272563 1271.19381186 1207.63279835
 3201.53667559 2344.25915127 1538.24528535 1424.25331379 1693.16693511
 2084.67292965 1472.16202249 1437.34989768 1272.21644967 1179.91505097
 2709.16367608 1845.49757887 1442.95121129 1285.76624559 1280.93117882
 2185.84927434 1600.20739026 1306.59485052 1236.2660542  1188.46383864
 2866.23875624 2071.36657782 1604.62490101 1356.5118729  1240.22736259
 2253.19176955 2381.81687919 1602.74063776 1374.63226305 1209.45570068
 2698.59982855 2041.04118536 1469.43032741 1358.19524351 1262.25714042
 2110.03576064 1577.16973299 1316.12332033 1224.08229281 1164.5226027
 3443.76094162 2857.74361939 2240.31337014 1888.54290003 1490.24090862] 

Feasible stats: [( 0., 50.) ( 0., 50.) (47.,  3.) (47.,  3.) (49.,  1.) (49.,  1.)
 (39., 11.) (39., 11.) (46.,  4.) (46.,  4.) (49.,  1.) (49.,  1.)
 (43.,  7.) (43.,  7.) (49.,  1.) (49.,  1.) (18., 32.) (18., 32.)
 (29., 21.) (29., 21.) (42.,  8.) (42.,  8.) (38., 12.) (38., 12.)
 (48.,  2.) (48.,  2.) (13., 37.) (13., 37.) (28., 22.) (28., 22.)
 (30., 20.) (30., 20.) (24., 26.) (24., 26.) (41.,  9.) (41.,  9.)
 (22., 28.) (22., 28.) (45.,  5.) (45.,  5.) (46.,  4.) (46.,  4.)
 (42.,  8.) (42.,  8.) (46.,  4.) (46.,  4.) (21., 29.) (21., 29.)
 (40., 10.) (40., 10.) (33., 17.) (33., 17.) (29., 21.) (29., 21.)
 (45.,  5.) (45.,  5.) (13., 37.) (13., 37.) (20., 30.) (20., 30.)
 (36., 14.) (36., 14.) (35., 15.) (35., 15.) (43.,  7.) (43.,  7.)
 (38., 12.) (38., 12.) (46.,  4.) (46.,  4.) (37., 13.) (37., 13.)
 (26., 24.) (26., 24.) (40., 10.) (40., 10.) (20., 30.) (20., 30.)
 (35., 15.) (35., 15.) (45.,  5.) (45.,  5.) (20., 30.) (20., 30.)
 (40., 10.) (40., 10.) (25., 25.) (25., 25.) (42.,  8.) (42.,  8.)
 (31., 19.) (31., 19.) (22., 28.) (22., 28.) (31., 19.) (31., 19.)
 (26., 24.) (26., 24.) (46.,  4.) (46.,  4.) (47.,  3.) (47.,  3.)
 (36., 14.) (36., 14.) (43.,  7.) (43.,  7.) (19., 31.) (19., 31.)
 (39., 11.) (39., 11.) (38., 12.) (38., 12.) (41.,  9.) (41.,  9.)
 (40., 10.) (40., 10.) (19., 31.) (19., 31.) (41.,  9.) (41.,  9.)
 (41.,  9.) (41.,  9.) (33., 17.) (33., 17.) (35., 15.) (35., 15.)
 (21., 29.) (21., 29.) (36., 14.) (36., 14.) (43.,  7.) (43.,  7.)
 (26., 24.) (26., 24.) (41.,  9.) (41.,  9.) (16., 34.) (16., 34.)
 (32., 18.) (32., 18.) (39., 11.) (39., 11.) (21., 29.) (21., 29.)
 (26., 24.) (26., 24.) (11., 39.) (11., 39.) (22., 28.) (22., 28.)] 
Solution Description: 
p: [  0.          17.53554117  47.19996294  62.30053615  65.88026605
  65.92539359 100.47267296 150.80322505 212.26822432 213.37332578
 215.62221757   0.          24.42432263  43.10170885  46.65486999
  57.82812628  97.13902742 123.69930729 138.71301667 147.86729141
 149.7330236    0.          29.55843142  62.28260869 146.15922713
 146.61968006 156.18632911 285.32325569 300.88961919 301.1565644
 316.98359587 334.7963602  340.43332443 411.08029627 412.81500191
 416.17710968 457.24988655 481.805179     0.          45.72329507
  52.53455008  63.51155902  77.20165447  89.86625057 124.51415848
 135.02517232 172.9519645  186.90219551 196.06758318 205.5602204
 231.71405951 260.01623432] 
pred: [ 0  0  0  0  0  0  5  5  5  5  5  0  0  1  1  1  1  1  1  1  1  0  0  0
  0  0  0  5  5  5  5  5  5  5  5  5 14 14  0  0  0  0  0  0  0  6  6  6
  6  6 11 11] 
distance [  0.          17.53554117  47.19996294  62.30053615  65.88026605
  65.92539359  34.54727937  84.87783147 146.34283074 147.44793219
 149.69682399   0.          24.42432263  18.67738622  22.23054736
  33.40380365  72.71470479  99.27498465 114.28869404 123.44296878
 125.30870097   0.          29.55843142  62.28260869 146.15922713
 146.61968006 156.18632911 129.13692659 144.70329008 144.97023529
 160.79726676 178.6100311  184.24699532 254.89396716 256.6286728
 258.99705616  41.07277687  65.62806933   0.          45.72329507
  52.53455008  63.51155902  77.20165447  89.86625057 124.51415848
  10.51101384  48.43780602  62.38803703  71.55342471  81.04606192
  26.15383911  54.45601392]
load: [  0  13  21  31  34  50  13  35  54  68  79   0  21  22  40  65  70  86
 102 112 119   0   9  14  17  26  38   9  28  44  64  84  96 101 118 143
   6  16   0  21  40  46  71  86 101   8  12  26  40  53  13  37] 
time: [  0.         170.         203.         228.39224704 244.56663558
 456.          80.         115.34683757 171.22731303 252.33358633
 322.           0.         371.         182.         195.18455016
 202.9955528  231.80134413 398.         440.23624841 473.3964008
 510.10459224   0.         257.         279.90630276 345.84518954
 414.06688705 441.06764997 108.         140.15799758 192.
 220.52726534 237.7678084  317.         444.         473.95303324
 520.39404321 269.         321.           0.         115.
 308.         325.46934669 414.         443.         485.92676098
 121.         226.         329.         378.         422.56770213
 207.         459.        ] 
time warps: [0 0 0 0 0 0 0 0 0 0 0 0 0 0 0 0 0 0 0 0 0 0 0 0 0 0 0 0 0 0 0 0 0 0 0 0 0
 0 0 0 0 0 0 0 0 0 0 0 0 0 0 0] 
duration: [  0.          23.53554117  73.83796245  95.93853566 103.51826556
 311.61049336  41.54727937 116.87783147 195.34283074 200.44793219
 269.41539141   0.          47.42432263  24.67738622  29.23054736
  49.40380365 105.71470479 284.97668402 320.99039341 347.14466815
 353.01040033   0.          35.55843142  92.28260869 189.15922713
 205.61968006 217.18632911 131.13692659 167.70329008 193.01987139
 216.84690286 239.6596672  311.29741782 463.3937732  480.12847885
 500.49686221  43.07277687 107.38286229   0.          55.72329507
 251.32425496 272.3012639  360.05582284 403.26861412 455.91652202
  17.51101384 155.03431469 244.72426381 305.6796988  325.17233601
  48.15383911 315.00222923]

All individuals: [(27, [10,  9, 16, 13,  7, 41, 31, 44, 32,  9, 42, 46, 35, 37, 22, 34, 10, 45,  6, 27,  3, 48, 11, 28,  4, 19, 14,  1, 13, 33, 20, 29,  8,  5, 17, 18, 16, 36, 26, 47, 24, 12, 21, 38, 40,  2, 15, 25, 23, 30, 39, 43], 1107.1766545 , 1106.18293008, 0.,  0.        ,  0.49686221,  1.        ,  2, 34, 19. )
 (35, [12, 13, 12, 11,  9, 23,  1, 24, 14, 27, 42,  3, 31, 36, 43, 29, 20, 11, 33, 21,  4, 22,  8, 15,  7, 26, 44, 35, 19, 39, 40, 41, 12, 16, 13, 18, 46, 48, 25, 37,  6, 32, 34, 45, 17,  2, 38,  5, 28, 30, 47, 10], 1107.1766545 , 1106.18293008, 0.,  0.        ,  0.49686221,  1.        ,  3, 35, 20.5)
 (36, [12, 10, 11, 15, 34, 14, 40, 16, 17, 28, 43, 32,  7, 13, 25, 46,  5, 23, 30, 12, 31,  2, 27,  8, 44, 18, 47, 11,  1, 15, 48, 37, 38, 20,  4, 33, 35, 19, 26, 45,  6, 21, 41, 22, 42,  9, 24,  3, 36, 29, 10, 39], 1107.1766545 , 1106.18293008, 0.,  0.        ,  0.49686221,  1.        ,  2, 34, 19. )
 (27, [10,  9, 16, 13,  7, 41, 31, 44, 32,  9, 42, 46, 35, 37, 34, 10, 45,  6, 27,  3, 48, 11, 22, 28,  4, 19, 14,  1, 13, 33, 20, 29,  8,  5, 17, 18, 16, 26, 36, 47, 24, 12, 21, 38, 40,  2, 15, 25, 23, 30, 39, 43], 1107.1766545 , 1106.18293008, 0.,  0.        ,  0.49686221,  3.        , 21, 32, 37. )
 (27, [10,  9, 16, 13,  7, 41, 31, 44, 32,  9, 42, 46, 35, 37, 22, 34, 10, 45,  6, 27,  3, 48, 11, 28,  4, 19, 14,  1, 13, 33, 20, 29,  8,  5, 17, 18, 16, 36, 26, 47, 24, 12, 21, 38, 40,  2, 15, 25, 23, 30, 39, 43], 1107.1766545 , 1106.18293008, 0.,  0.        ,  0.49686221,  1.        ,  1, 33, 17.5)
 (49, [10, 13, 12, 13, 27,  6, 39,  1, 15, 31, 38, 26, 17, 36, 30, 14, 43, 24, 41,  5, 33, 32, 46, 48, 34, 16, 10,  7, 11, 23,  2, 45, 44, 22, 35, 19, 42, 18, 40, 12,  3,  8, 47, 37, 13, 21, 20, 25,  9, 29, 28,  4], 1107.98939354, 1107.98939354, 0.,  0.        ,  0.        ,  0.        , 13, 50, 38. )
 (27, [10,  9, 16, 13,  7, 41, 31, 44, 32,  9, 42, 46, 35, 37, 22, 34, 10, 45,  6, 27,  3, 48, 11, 28,  4, 19, 14,  1, 13, 33, 20, 29,  8,  5, 17, 18, 36, 26, 16, 47, 24, 12, 21, 38, 40,  2, 15, 25, 23, 30, 39, 43], 1107.98939354, 1107.98939354, 0.,  0.        ,  0.        ,  0.        , 13, 50, 38. )
 (40, [13, 14, 11, 10, 14, 41, 31, 35, 26,  6, 44, 38, 36,  2, 23, 25,  4, 46,  3, 45, 43, 33, 30, 37, 22, 10, 27,  9,  1, 40, 18, 12, 17, 29, 42, 16, 47, 19, 28,  7, 24, 13,  5, 11, 39, 48, 21, 32, 20, 34,  8, 15], 1107.98939354, 1107.98939354, 0.,  0.        ,  0.        ,  0.        ,  6, 40, 26. )
 (46, [13, 12, 11, 12, 34, 19, 15, 38, 29, 37, 17, 27,  1,  2,  4,  7, 48,  6, 44, 18, 23, 45, 42, 41, 33,  8, 25, 43, 20, 21, 40, 10, 16, 28, 46, 36, 12, 30, 14, 39,  3, 13, 47, 22,  5, 35, 26, 31, 32, 24, 11,  9], 1107.98939354, 1107.98939354, 0.,  0.        ,  0.        ,  0.        ,  4, 37, 22.5)
 (44, [17, 11,  9, 11, 30, 16, 48, 31,  2, 41, 18, 46, 38,  6, 17, 47, 23,  1, 43, 39, 36, 11, 32, 10, 13, 19, 37, 45, 44, 14, 20, 42, 28,  8, 29, 25, 35,  4, 34, 15,  5, 22,  9, 24, 12,  7, 40, 27, 26, 21,  3, 33], 1107.98939354, 1107.98939354, 0.,  0.        ,  0.        ,  0.        ,  5, 38, 24. )
 (27, [10,  9, 16, 13,  7, 41, 31, 44, 32,  9, 42, 46, 35, 37, 22, 34, 10, 45,  6, 27,  3, 48, 11, 28,  4, 19, 14,  1, 13, 33, 20, 29,  8,  5, 17, 18, 36, 26, 16, 47, 24, 12, 21, 38, 40,  2, 15, 25, 23, 30, 39, 43], 1107.98939354, 1107.98939354, 0.,  0.        ,  0.        ,  0.        , 14, 39, 33.5)
 (48, [13, 14, 13,  8, 47, 10,  8,  4, 46, 14, 17,  5, 21, 48, 29, 44,  7, 38, 37, 33, 40, 28, 19, 34,  2, 42, 25, 30, 36, 27, 11, 12, 31, 32,  1, 45, 39, 22, 13, 18, 16, 20, 23, 15, 43, 24, 26,  9,  3, 41, 35,  6], 1107.98939354, 1107.98939354, 0.,  0.        ,  0.        ,  0.        , 10, 44, 32. )
 (27, [12,  7, 16, 13,  7, 41, 31, 44, 32,  9, 42, 46, 35, 37, 22, 34, 10, 45,  6, 27,  3, 48, 11, 28,  4, 19, 14,  1, 13, 33, 20, 29,  8,  5, 17, 18, 36, 26, 16, 47, 24, 12, 21, 38, 40,  2, 15, 25, 23, 30, 39, 43], 1146.36267826, 1146.36267826, 0.,  0.        ,  0.        ,  3.66666667, 19, 30, 34. )
 (27, [10,  9, 16, 13, 44, 32,  9, 42, 46, 41, 31,  7, 35, 37, 22, 34, 10, 45,  6, 27,  3, 48, 11, 28,  4, 19, 14,  1, 13, 33, 20, 29,  8,  5, 17, 18, 16, 36, 26, 47, 24, 12, 21, 38, 40,  2, 15, 25, 23, 30, 39, 43], 1154.47692198, 1210.97009545, 0.,  0.        ,  0.49686221,  3.        , 20, 31, 35.5)
 (37, [11, 14, 10, 13, 30, 29, 28, 35, 12, 41,  8, 21, 22, 38,  9,  4, 10,  3, 15, 18,  1, 34, 19, 46, 40, 23, 27, 42, 32, 48, 14, 20, 16, 37,  5, 25, 36, 11, 33, 43, 26,  2, 24, 13, 47, 17,  7, 44, 31, 39,  6, 45], 1207.93369188, 1207.93369188, 0.,  0.        ,  0.        ,  4.66666667, 22, 29, 36.5)
 (37, [11, 14, 10, 13, 30, 29, 28, 35, 12, 41,  8, 21, 22, 38,  9,  4, 10,  3, 15, 18,  1, 34, 19, 46, 40, 23, 27, 42, 32, 48, 14, 20, 16, 37,  5, 25, 36, 11, 33, 43, 26,  2, 24, 13, 47, 17,  7, 44, 31, 39,  6, 45], 1207.93369188, 1207.93369188, 0.,  0.        ,  0.        ,  4.66666667, 22, 29, 36.5)
 (27, [10,  9, 16, 13,  7, 31, 44, 32,  9, 42, 46, 35, 22, 34, 10, 41, 37, 45,  6, 27,  3, 48, 11, 28,  4, 19, 14,  1, 13, 33, 20, 29,  8,  5, 17, 18, 36, 26, 16, 47, 24, 12, 21, 38, 40,  2, 15, 25, 23, 30, 39, 43], 1214.67717751, 1214.67717751, 0.,  0.        ,  0.        ,  5.        , 23, 28, 37. )
 (27, [11,  9, 12, 16,  7, 31, 41, 44, 32,  9, 42, 46, 35, 37, 22, 34, 10, 45,  6, 27,  3, 48, 11, 28,  4, 19, 14,  1, 13, 33, 20, 29,  8,  5, 17, 18, 36, 26, 16, 47, 24, 12, 21, 38, 40,  2, 15, 25, 23, 30, 39, 43], 1318.6792179 , 1318.6792179 , 0.,  0.        ,  0.        , 11.        , 24, 23, 35.5)
 (27, [11, 10, 14, 13,  7, 41, 31, 44, 32,  9, 42, 46, 35, 37, 22, 34, 10, 45,  6, 27,  3, 48, 11, 28,  4, 19, 14,  5,  1, 13, 33, 20, 29,  8, 17, 18, 36, 26, 16, 47, 24, 12, 21, 38, 40,  2, 15, 25, 23, 30, 39, 43], 1342.99544267, 1342.99544267, 0.,  0.        ,  0.        ,  7.        , 25, 26, 38. )
 (27, [10,  7, 18, 13,  7, 41, 31, 44, 32,  9, 42, 46, 35, 37, 22, 34, 10, 45,  6, 27,  3, 48, 11, 28,  4, 19, 14,  1, 13, 33, 20, 29, 26,  8,  5, 17, 18, 36, 16, 47, 24, 12, 21, 38, 40,  2, 15, 25, 23, 30, 39, 43], 1347.87712866, 1347.87712866, 0.,  0.        ,  0.        ,  6.        , 26, 27, 39.5)
 (27, [ 9, 11, 16, 12,  7, 41, 34, 21, 31, 44, 32,  9, 46, 35, 37, 22, 10, 45, 42,  6, 27,  3, 48, 11, 28,  4, 19, 14,  1, 13, 33, 20, 29,  8,  5, 17, 18, 36, 26, 16, 47, 24, 12, 38, 40,  2, 15, 25, 23, 30, 39, 43], 1370.27693478, 1370.27693478, 0.,  0.        ,  0.        , 11.        , 27, 22, 38. )
 (16, [12,  8, 16, 12,  7, 41, 31, 44, 32,  9, 42, 46, 35, 34, 10, 37, 45,  6, 27,  3, 48, 11,  4, 19, 28, 22, 36, 14,  1, 13, 33, 20, 29,  8,  5, 26, 21, 17, 18, 16, 47, 24, 12, 38, 40,  2, 15, 25, 23, 30, 39, 43], 1396.76872142, 1570.53688979, 0.,  0.        ,  0.        , 14.        , 31, 19, 40.5)
 (27, [ 7, 10, 16, 15,  7, 31, 44, 41, 32,  9, 42, 46, 35, 37, 22, 34, 10, 45,  6, 27,  3, 48, 11, 28,  4, 19, 14,  1, 13, 33, 20, 29,  8,  5, 17, 18, 36, 26, 16, 47, 24, 12, 21, 38, 40,  2, 15, 25, 23, 30, 39, 43], 1492.99134662, 1492.99134662, 0.,  0.        ,  0.        ,  9.        , 28, 25, 40.5)
 (31, [10, 12, 13, 13, 42, 31,  7, 37, 39, 44, 41, 35, 43, 32, 22, 34, 10, 45,  6, 27,  3, 48, 11, 28,  4, 19,  1, 33, 29,  8,  5, 17, 18, 13, 20, 14, 36, 26, 16, 47, 24, 12, 21, 38, 40,  2, 15, 25, 23, 30, 46,  9], 1511.65907363, 1522.23546931, 0.,  9.67950964,  1.53684477, 23.66666667, 29,  4, 31. )
 (27, [12,  8, 15, 13,  7, 41, 31, 44,  9, 42, 46, 35, 22, 19, 14, 32, 37, 34, 10, 45,  6, 27,  3, 48, 11, 28,  4,  1, 33, 29,  8,  5, 17, 18, 13, 20, 36, 26, 16, 47, 24, 12, 21, 38, 40,  2, 15, 25, 23, 30, 39, 43], 1513.26054139, 1637.41133641, 0.,  1.83031468,  1.53684477, 15.33333333, 30, 17, 38.5)
 (42, [10, 11, 15, 12,  1, 18, 19, 41, 36, 10, 13, 11, 44, 42, 45, 22,  5,  3, 26, 28, 47, 32, 31, 23, 15, 17,  9, 20, 39, 43, 46, 24, 34, 27,  8, 14,  7, 30, 16, 29, 38, 33, 48, 12,  6, 35, 40,  4, 37,  2, 25, 21], 1542.84849951, 1563.86124939, 0.,  0.        ,  0.        , 11.33333333, 32, 21, 42.5)
 (42, [10, 11, 15, 12,  1, 18, 19, 41, 36, 10, 13, 11, 44, 42, 45, 22,  5,  3, 26, 28, 47, 32, 31, 23, 15, 17,  9, 20, 39, 43, 46, 24, 34, 27,  8, 14,  7, 30, 16, 29, 38, 33, 48, 12,  6, 35, 40,  4, 37,  2, 25, 21], 1542.84849951, 1563.86124939, 0.,  0.        ,  0.        , 11.33333333, 32, 21, 42.5)
 (41, [10, 12, 16, 10,  8, 14, 23, 48, 26,  9, 21,  2, 39, 11, 40, 15, 30, 24,  4, 20, 41, 46, 42, 31, 17, 38,  7, 22, 33, 35, 13, 47,  5, 32, 37,  1, 19, 10, 45, 36,  6,  3, 25, 44, 29, 16, 12, 43, 28, 18, 34, 27], 1582.48907744, 1603.50182732, 0.,  0.        ,  0.        , 16.66666667, 33, 15, 40.5)
 (41, [10, 12, 16, 10,  8, 14, 23, 48, 26,  9, 21,  2, 39, 11, 40, 15, 30, 24,  4, 20, 41, 46, 42, 31, 17, 38,  7, 22, 33, 35, 13, 47,  5, 32, 37,  1, 19, 10, 45, 36,  6,  3, 25, 44, 29, 16, 12, 43, 28, 18, 34, 27], 1582.48907744, 1603.50182732, 0.,  0.        ,  0.        , 16.66666667, 33, 15, 40.5)
 (31, [12, 11, 16,  9, 31, 32, 41,  7, 43,  9, 42, 46, 35, 37, 22, 34, 10, 45,  6, 27,  3, 48, 11, 28,  4, 19,  1, 33, 29,  8,  5, 17, 18, 13, 20, 14, 36, 26, 16, 47, 24, 12, 21, 38, 40,  2, 15, 25, 23, 30, 39, 44], 1604.75209668, 1634.68751164, 0.,  0.        ,  1.53684477, 20.66666667, 34, 10, 39. )
 (16, [10,  8, 16, 14,  7, 41, 31, 44, 32,  9, 42, 46, 35, 37, 34, 27,  3, 48, 11, 28,  4, 19, 16, 22, 10, 45,  6, 38, 14,  1, 13, 33, 20, 29,  8,  5, 17, 18, 36, 26, 47, 24, 12, 21, 40,  2, 15, 25, 23, 30, 39, 43], 1628.60230777, 1591.23442233, 0.,  0.        , 18.68394272, 11.        , 35, 24, 47. )
 (27, [10, 11, 17, 10,  7, 41, 34, 21, 31, 44, 32,  9, 46, 35, 37, 22, 10, 45,  6, 27,  3, 48, 11, 28,  4, 19, 14,  1, 13, 33, 20, 29,  8,  5, 17, 18, 36, 26, 16, 47, 24, 12, 42, 30, 38, 40,  2, 15, 25, 23, 39, 43], 1649.87673671, 1708.00001136, 0.,  0.        ,  0.        , 13.        , 36, 20, 46. )
 (27, [11, 10, 14, 13,  7, 41, 31, 30, 21,  9, 44, 32, 42, 46, 34, 35, 37, 45,  6, 27,  3, 48, 11, 28,  4, 19, 14,  1, 13, 33, 20, 29,  8,  5, 17, 10, 22, 26, 18, 16, 47, 24, 12, 38, 40,  2, 15, 25, 23, 36, 39, 43], 1654.04899517, 1654.04899517, 0.,  0.        ,  0.        , 19.66666667, 37, 11, 42.5)
 (27, [11,  9, 15, 13,  7, 41, 31, 44, 32,  9, 42, 46, 35, 37, 22, 34, 10, 45,  6, 27,  3, 48, 11, 28,  4, 19, 14,  1, 13, 33, 20, 29, 26,  8, 15,  2, 40, 38, 21, 12, 24, 47, 16, 36, 18, 17,  5, 25, 23, 30, 39, 43], 1736.17153684, 1897.79084444, 0.,  0.        ,  0.        , 17.        , 38, 13, 44.5)
 (38, [13, 11, 12, 12, 21, 27,  9, 20, 17, 39, 46, 22, 28, 37, 35, 29,  3, 19,  2, 10, 12, 42, 47, 30,  6,  4, 48, 14, 34, 32, 31, 13, 36,  7, 23,  5, 16, 33, 18, 44, 11, 25, 40, 38, 45,  1, 43, 24, 41,  8, 26, 15], 1771.94460398, 1771.94460398, 0.,  0.        ,  0.        , 16.66666667, 39, 14, 46. )
 (38, [13, 11, 12, 12, 21, 27,  9, 20, 17, 39, 46, 22, 28, 37, 35, 29,  3, 19,  2, 10, 12, 42, 47, 30,  6,  4, 48, 14, 34, 32, 31, 13, 36,  7, 23,  5, 16, 33, 18, 44, 11, 25, 40, 38, 45,  1, 43, 24, 41,  8, 26, 15], 1771.94460398, 1771.94460398, 0.,  0.        ,  0.        , 16.66666667, 39, 14, 46. )
 (43, [14, 12, 10, 12,  2, 47, 35, 36, 40,  3, 26, 27, 48, 43, 22, 34, 15, 11, 17, 37, 16, 24, 20, 31, 10,  5,  9, 25, 46,  4, 32, 14, 30,  7, 21, 28,  6, 41, 42, 38,  8,  1, 29, 23, 12, 18, 44, 45, 13, 39, 33, 19], 1859.62193799, 1859.62193799, 0.,  0.        ,  0.        , 15.66666667, 40, 16, 48. )
 (43, [14, 12, 10, 12,  2, 47, 35, 36, 40,  3, 26, 27, 48, 43, 22, 34, 15, 11, 17, 37, 16, 24, 20, 31, 10,  5,  9, 25, 46,  4, 32, 14, 30,  7, 21, 28,  6, 41, 42, 38,  8,  1, 29, 23, 12, 18, 44, 45, 13, 39, 33, 19], 1859.62193799, 1859.62193799, 0.,  0.        ,  0.        , 15.66666667, 40, 16, 48. )
 (27, [10,  9, 16, 13,  7, 44, 32,  9, 42, 21, 46, 35,  3, 31, 25, 11, 41, 37, 22, 34, 10, 45,  6, 27, 28,  4, 19, 14,  1, 13, 33, 20, 29,  8,  5, 17, 18, 36, 26, 16, 47, 24, 12, 38, 40,  2, 48, 15, 23, 30, 39, 43], 1974.43352979, 1974.43352979, 0.,  0.        ,  0.        , 14.        , 41, 18, 50. )
 (45, [11, 11, 13, 13, 42, 34, 24, 17, 11,  8, 19, 37, 14, 40, 22, 18, 36, 35, 48, 32,  3, 16, 28, 15,  2, 47, 26, 31, 44, 30, 45, 46, 41, 39,  1,  6, 43, 25, 20, 10, 21,  7,  4, 13, 12, 27, 23, 33,  5, 38,  9, 29], 1989.49484026, 1909.25892522, 0., 43.91481703,  0.        , 18.33333333, 42, 12, 48. )
 (45, [11, 11, 13, 13, 42, 34, 24, 17, 11,  8, 19, 37, 14, 40, 22, 18, 36, 35, 48, 32,  3, 16, 28, 15,  2, 47, 26, 31, 44, 30, 45, 46, 41, 39,  1,  6, 43, 25, 20, 10, 21,  7,  4, 13, 12, 27, 23, 33,  5, 38,  9, 29], 1989.49484026, 1909.25892522, 0., 43.91481703,  0.        , 18.33333333, 42, 12, 48. )
 (27, [10, 11, 14, 13, 25,  7, 31, 44, 32,  9, 42, 46, 35, 37, 22, 34, 10, 45,  6, 27,  3, 48, 11, 28,  4, 19, 14,  1, 13, 33, 20, 29,  8, 21, 17, 18, 36, 39, 47, 15, 41, 23, 30, 40,  5, 26, 43, 16, 24, 12, 38,  2], 2004.65534776, 2128.31067364, 0., 16.16315217,  0.        , 20.66666667, 43,  9, 47.5)
 (22, [13,  9, 13, 13,  7, 41, 44, 32,  9, 42, 46, 35, 37, 10,  3, 48, 28, 26, 22, 34, 45,  6, 27, 19,  1, 13, 33, 20, 29,  8,  5, 17, 18, 16, 47, 24, 12, 21, 38, 40,  2, 15, 25, 30, 31, 11,  4, 36, 14, 23, 39, 43], 2086.22289926, 2083.14920972, 0.,  0.        ,  1.53684477, 21.66666667, 44,  7, 47.5)
 (39, [ 9, 11, 16, 12,  1, 37, 42, 38, 35, 40, 11, 23, 16,  3,  2, 10, 47, 31, 17, 25, 13, 22, 36, 20,  7,  9, 29, 15, 46, 30,  8, 45, 34, 27, 12, 18, 32,  5,  4, 26, 33, 21, 19,  6, 44, 14, 43, 48, 39, 24, 28, 41], 2125.05910484, 2125.05910484, 0.,  0.        ,  0.        , 21.66666667, 45,  8, 49. )
 (47, [17, 11, 11,  9, 12, 33, 37,  3, 40, 18, 20, 36, 31, 27, 48, 38, 43,  7, 25, 35, 41,  9, 46, 21, 16, 42, 24, 45, 47, 28, 26, 44, 13,  1, 17, 11,  8, 32,  6, 22, 30, 15, 14, 29,  4, 10, 19, 23, 34,  2, 39,  5], 2179.40316695, 2178.90566412, 0.,  6.46618982,  0.        , 23.        , 46,  5, 48.5)
 (47, [17, 11, 11,  9, 12, 33, 37,  3, 40, 18, 20, 36, 31, 27, 48, 38, 43,  7, 25, 35, 41,  9, 46, 21, 16, 42, 24, 45, 47, 28, 26, 44, 13,  1, 17, 11,  8, 32,  6, 22, 30, 15, 14, 29,  4, 10, 19, 23, 34,  2, 39,  5], 2179.40316695, 2178.90566412, 0.,  6.46618982,  0.        , 23.        , 46,  5, 48.5)
 (16, [10, 12, 13, 13, 31, 32,  9, 42,  1, 34, 10,  6,  7, 37, 22, 39, 44, 27,  3, 48, 11, 47,  4, 28, 15, 21, 41, 35, 19, 14, 23, 30, 40, 29,  8,  5, 17, 18, 36, 26, 43, 46, 45, 33, 13, 20, 16, 24, 12, 38,  2, 25], 2399.78962295, 2308.62107671, 0., 30.69554017, 42.53820075, 28.66666667, 47,  3, 48.5)
 (27, [ 8, 11, 16, 13, 31, 25, 10,  6, 37, 22, 39, 44, 27,  3, 48, 11, 47,  4, 28, 15, 21, 41, 35,  7, 42, 34, 43,  1, 13, 33, 20, 29,  8,  5, 17, 19, 14, 23, 30, 40, 18, 36, 26, 45, 32, 46, 16, 24, 12, 38,  2,  9], 2511.94105141, 2741.03568844, 0., 56.65699534,  0.        , 30.33333333, 48,  1, 48.5)
 (27, [11, 11, 14, 12,  7, 41, 44, 32,  9, 46, 35, 37, 10, 21,  2, 25, 31, 45,  6, 27,  3,  4, 28, 15, 48, 11, 19,  1, 33, 29, 12, 42, 47, 36, 30, 16, 13, 20, 14,  8,  5, 17, 18, 26, 24, 38, 40, 34, 22, 23, 39, 43], 2532.54549686, 2465.8931613 , 0., 33.32616778,  0.        , 29.66666667, 49,  2, 50. )
 (22, [13,  9, 13, 13,  7, 41, 31, 44,  9,  8, 46, 35, 37, 10,  3, 48, 28, 26, 19,  1, 13, 33, 20, 29, 42,  5, 17, 18, 16, 47, 24, 12, 21, 32, 22, 34, 45,  6, 27, 11,  4, 14, 36, 38, 40,  2, 15, 25, 23, 30, 39, 43], 2611.63818102, 2611.63818102, 0.,  0.        ,  0.        , 22.66666667, 50,  6, 53. )]