
Total Runtime in seconds: 183.03501391410828Parameters:
population_size: 100, max_generations: 1000, executed generations: 1000, threshold_no_improvement: 500
target feasible proportion: 25
fitness_scaling: power_rank, selection_method: n_tournaments
p_c: 1.0, p_m: 0.25
tournament_size: 2, n_elite: 10
survivor_selection_step: 200, p_selection_survival: 0.7
kill clone step: 100
diversify_step: 300, diversify_step: 300, p_diversify_survival: 0.3
n_closest_neighbors: 3, diversity_weight: 0.5, distance_method: broken_pairs_distance
capacity_penalty_factor: 2, duration_penalty_factor 2, time_window_penalty: 2
Best fitness all generations, best individual before/after local search: 1497.6662715317857, 1497.6662715317857 / 1497.6662715317857
Best individual found before local search: (55, [10, 16, 15,  7, 34,  6,  3, 27, 39, 12, 38, 21, 43, 37,  7, 41,  4, 19, 22, 45, 48, 11, 35, 23, 25, 17, 40, 10, 42, 46, 26, 18, 33, 20, 13,  8, 29,  5, 31, 44, 36, 28, 14,  1, 16, 47, 24, 15, 30,  2,  9, 32], 1497.66627153, 1497.66627153, 0., 0., 0., 0., 0, 0, 0.)
Best individual found after local search: (55, [10, 16, 15,  7, 34,  6,  3, 27, 39, 12, 38, 21, 43, 37,  7, 41,  4, 19, 22, 45, 48, 11, 35, 23, 25, 17, 40, 10, 42, 46, 26, 18, 33, 20, 13,  8, 29,  5, 31, 44, 36, 28, 14,  1, 16, 47, 24, 15, 30,  2,  9, 32], 1497.66627153, 1497.66627153, 0., 0., 0., 0., 0, 0, 0.)
Best feasible individual found: (55, [10, 16, 15,  7, 34,  6,  3, 27, 39, 12, 38, 21, 43, 37,  7, 41,  4, 19, 22, 45, 48, 11, 35, 23, 25, 17, 40, 10, 42, 46, 26, 18, 33, 20, 13,  8, 29,  5, 31, 44, 36, 28, 14,  1, 16, 47, 24, 15, 30,  2,  9, 32], 1497.66627153, 1497.66627153, 0., 0., 0., 0., 0, 0, 0.)

Fitness stats min: [3502.2386183  3502.2386183  3366.87305316 3202.25772196 3141.8823213
 3141.8823213  3141.8823213  3141.8823213  3094.25044285 3068.46983846
 2862.13133793 2862.13133793 2824.74722563 2824.74722563 2745.94793885
 2745.94793885 2715.66732609 2715.66732609 2584.87771032 2584.87771032
 2502.86657712 2502.86657712 2502.86657712 2457.63467132 2457.63467132
 2427.51098654 2427.51098654 2427.51098654 2417.36493943 2383.67394401
 2349.82222454 2292.86813345 2272.38829113 2272.38829113 2240.81256592
 2240.81256592 2201.37458816 2201.37458816 2201.37458816 2201.37458816
 2178.94810761 2178.94810761 2178.94810761 2178.94810761 2178.94810761
 2101.37828854 2101.37828854 2101.37828854 2101.37828854 2101.37828854
 2101.37828854 2071.45063184 2071.45063184 2012.41343937 2012.41343937
 2012.41343937 2012.41343937 2012.41343937 1997.10366224 1991.54945038
 1969.64783141 1969.64783141 1956.3851577  1956.3851577  1925.16093623
 1925.16093623 1925.16093623 1922.82282543 1922.82282543 1922.82282543
 1915.85195028 1914.30049198 1914.30049198 1908.05643913 1900.15717397
 1900.15717397 1900.15717397 1900.15717397 1842.90227008 1842.90227008
 1842.90227008 1841.98970816 1841.98970816 1841.98970816 1841.98970816
 1838.74883549 1838.74883549 1838.74883549 1838.74883549 1838.74883549
 1838.74883549 1838.74883549 1838.74883549 1837.83627357 1837.83627357
 1837.83627357 1837.83627357 1804.00671135 1804.00671135 1804.00671135
 1804.00671135 1794.63487565 1794.63487565 1794.63487565 1794.63487565
 1794.63487565 1794.63487565 1793.72231373 1758.98018959 1758.98018959
 1758.98018959 1758.98018959 1758.98018959 1756.96385263 1756.96385263
 1756.96385263 1746.07160359 1746.07160359 1746.07160359 1744.05526663
 1744.05526663 1744.05526663 1744.05526663 1733.38448212 1733.38448212
 1733.38448212 1733.38448212 1733.38448212 1733.38448212 1733.38448212
 1733.38448212 1733.38448212 1733.38448212 1733.38448212 1726.60202234
 1726.60202234 1726.60202234 1726.60202234 1726.60202234 1726.60202234
 1726.60202234 1726.60202234 1726.60202234 1726.60202234 1713.5331611
 1713.5331611  1695.43234978 1695.43234978 1695.43234978 1695.43234978
 1695.43234978 1686.21642308 1686.21642308 1686.21642308 1686.21642308
 1686.21642308 1686.21642308 1686.21642308 1686.21642308 1686.21642308
 1686.21642308 1686.21642308 1681.98196536 1681.98196536 1681.98196536
 1681.98196536 1681.15909267 1681.15909267 1681.15909267 1681.15909267
 1681.15909267 1681.15909267 1681.15909267 1681.15909267 1681.15909267
 1675.92021321 1675.92021321 1675.92021321 1675.92021321 1675.92021321
 1675.92021321 1675.92021321 1675.92021321 1675.92021321 1675.92021321
 1675.92021321 1675.92021321 1675.92021321 1675.92021321 1675.92021321
 1675.92021321 1675.92021321 1675.92021321 1675.92021321 1675.92021321
 1675.92021321 1675.92021321 1665.37754964 1665.37754964 1665.37754964
 1665.37754964 1665.37754964 1665.37754964 1665.37754964 1665.37754964
 1665.37754964 1665.37754964 1665.37754964 1665.37754964 1665.37754964
 1665.37754964 1665.37754964 1665.37754964 1665.37754964 1665.37754964
 1665.37754964 1665.37754964 1665.37754964 1665.37754964 1665.37754964
 1665.37754964 1665.37754964 1665.37754964 1665.37754964 1665.37754964
 1665.37754964 1665.27033348 1665.27033348 1660.2146418  1660.2146418
 1660.2146418  1660.2146418  1660.2146418  1660.2146418  1660.2146418
 1660.2146418  1660.2146418  1660.2146418  1660.2146418  1660.2146418
 1660.2146418  1660.2146418  1660.2146418  1660.2146418  1660.2146418
 1660.2146418  1660.2146418  1660.2146418  1660.2146418  1660.2146418
 1660.2146418  1660.2146418  1636.53205784 1636.53205784 1636.53205784
 1636.53205784 1623.52442237 1623.52442237 1623.52442237 1623.52442237
 1623.52442237 1623.42170622 1623.42170622 1623.42170622 1623.42170622
 1623.42170622 1623.42170622 1623.42170622 1623.42170622 1623.42170622
 1623.42170622 1623.42170622 1623.42170622 1623.42170622 1623.42170622
 1623.42170622 1623.42170622 1623.42170622 1623.42170622 1623.42170622
 1623.42170622 1623.42170622 1618.39224016 1618.39224016 1618.39224016
 1618.39224016 1618.39224016 1618.39224016 1618.39224016 1618.39224016
 1618.39224016 1618.39224016 1618.39224016 1618.39224016 1618.39224016
 1618.39224016 1618.39224016 1618.39224016 1618.39224016 1618.39224016
 1607.80414279 1607.80414279 1607.80414279 1607.80414279 1607.80414279
 1607.80414279 1607.69692664 1607.69692664 1607.69692664 1607.69692664
 1593.45200171 1593.45200171 1593.45200171 1593.45200171 1593.45200171
 1593.45200171 1593.45200171 1593.45200171 1593.45200171 1590.43157843
 1590.43157843 1590.43157843 1582.07808498 1582.07808498 1582.07808498
 1574.47549514 1574.47549514 1574.47549514 1574.47549514 1574.47549514
 1574.47549514 1574.47549514 1574.47549514 1574.47549514 1574.47549514
 1574.47549514 1574.47549514 1574.47549514 1574.47549514 1574.47549514
 1574.47549514 1573.86352228 1573.86352228 1573.86352228 1573.86352228
 1573.86352228 1573.86352228 1573.86352228 1573.86352228 1571.72059284
 1570.38220958 1570.38220958 1566.97092716 1564.82799772 1564.82799772
 1564.82799772 1564.82799772 1564.82799772 1564.82799772 1564.82799772
 1564.82799772 1564.82799772 1564.82799772 1564.82799772 1564.82799772
 1564.82799772 1564.82799772 1564.82799772 1564.82799772 1564.82799772
 1564.82799772 1564.82799772 1564.82799772 1564.24587863 1564.24587863
 1564.24587863 1564.24587863 1564.24587863 1559.31072787 1559.31072787
 1559.31072787 1559.31072787 1559.31072787 1545.43027605 1545.43027605
 1540.49512529 1540.49512529 1540.49512529 1540.49512529 1540.49512529
 1540.49512529 1540.49512529 1540.49512529 1540.49512529 1540.49512529
 1540.49512529 1540.49512529 1540.49512529 1540.49512529 1540.49512529
 1540.49512529 1540.49512529 1540.49512529 1540.49512529 1540.49512529
 1540.49512529 1540.49512529 1540.49512529 1540.49512529 1540.49512529
 1540.49512529 1540.49512529 1540.49512529 1540.49512529 1540.49512529
 1534.37732154 1534.37732154 1534.37732154 1534.37732154 1534.37732154
 1534.37732154 1534.37732154 1534.37732154 1534.37732154 1534.37732154
 1534.37732154 1534.37732154 1534.37732154 1534.37732154 1534.37732154
 1534.37732154 1534.37732154 1534.37732154 1534.37732154 1534.37732154
 1534.37732154 1534.37732154 1534.37732154 1534.37732154 1534.37732154
 1534.37732154 1534.37732154 1534.37732154 1534.37732154 1534.37732154
 1534.37732154 1534.37732154 1534.37732154 1534.37732154 1534.37732154
 1534.37732154 1534.37732154 1534.37732154 1534.37732154 1534.37732154
 1534.37732154 1534.37732154 1534.37732154 1534.37732154 1534.37732154
 1534.37732154 1534.37732154 1534.37732154 1534.37732154 1534.37732154
 1534.37732154 1534.37732154 1534.37732154 1534.37732154 1534.37732154
 1534.37732154 1534.37732154 1534.37732154 1534.37732154 1534.37732154
 1534.37732154 1534.37732154 1534.37732154 1534.37732154 1534.37732154
 1534.37732154 1534.37732154 1534.37732154 1534.37732154 1534.37732154
 1534.37732154 1534.37732154 1534.37732154 1534.37732154 1534.37732154
 1534.37732154 1534.37732154 1515.55887494 1515.55887494 1515.55887494
 1515.55887494 1515.55887494 1515.55887494 1515.55887494 1515.55887494
 1515.55887494 1515.55887494 1515.55887494 1515.55887494 1515.55887494
 1515.55887494 1515.55887494 1515.55887494 1515.55887494 1515.55887494
 1515.55887494 1515.55887494 1515.55887494 1515.55887494 1514.68781399
 1514.68781399 1514.68781399 1514.68781399 1514.68781399 1502.5659975
 1502.5659975  1502.5659975  1502.5659975  1502.5659975  1502.5659975
 1502.5659975  1502.5659975  1502.5659975  1502.5659975  1502.5659975
 1502.5659975  1502.5659975  1502.5659975  1502.5659975  1502.5659975
 1502.5659975  1502.5659975  1502.5659975  1502.5659975  1502.5659975
 1502.5659975  1502.5659975  1502.5659975  1502.5659975  1502.5659975
 1502.5659975  1502.5659975  1502.5659975  1502.5659975  1502.5659975
 1502.5659975  1502.5659975  1502.5659975  1502.5659975  1502.5659975
 1502.5659975  1502.5659975  1502.5659975  1502.5659975  1502.5659975
 1502.5659975  1502.5659975  1502.5659975  1502.5659975  1502.5659975
 1502.5659975  1502.5659975  1502.5659975  1502.5659975  1502.5659975
 1502.5659975  1502.5659975  1502.5659975  1502.5659975  1502.5659975
 1502.5659975  1502.5659975  1502.5659975  1502.5659975  1502.5659975
 1502.5659975  1502.5659975  1502.5659975  1502.5659975  1502.5659975
 1502.5659975  1502.5659975  1502.5659975  1502.5659975  1502.5659975
 1502.5659975  1502.5659975  1502.5659975  1502.5659975  1502.5659975
 1502.5659975  1502.5659975  1502.5659975  1502.5659975  1502.5659975
 1502.5659975  1502.5659975  1502.5659975  1502.5659975  1502.5659975
 1502.5659975  1502.5659975  1502.5659975  1502.5659975  1502.5659975
 1502.5659975  1502.5659975  1502.5659975  1502.5659975  1502.5659975
 1502.5659975  1502.5659975  1502.5659975  1502.5659975  1502.5659975
 1502.5659975  1502.5659975  1502.5659975  1502.5659975  1502.5659975
 1502.5659975  1502.5659975  1502.5659975  1502.5659975  1502.5659975
 1502.5659975  1502.5659975  1502.5659975  1502.5659975  1502.5659975
 1502.5659975  1502.5659975  1502.5659975  1502.5659975  1502.5659975
 1502.5659975  1502.5659975  1502.5659975  1502.5659975  1502.5659975
 1502.5659975  1502.5659975  1502.5659975  1502.5659975  1502.5659975
 1502.5659975  1502.5659975  1502.5659975  1502.5659975  1502.5659975
 1502.5659975  1502.5659975  1502.5659975  1502.5659975  1502.5659975
 1502.5659975  1502.5659975  1502.5659975  1502.5659975  1502.5659975
 1502.5659975  1502.5659975  1502.5659975  1502.5659975  1502.5659975
 1502.5659975  1502.5659975  1502.5659975  1502.5659975  1502.5659975
 1502.5659975  1502.5659975  1502.5659975  1502.5659975  1502.5659975
 1502.5659975  1502.5659975  1502.5659975  1502.5659975  1502.5659975
 1502.5659975  1502.5659975  1502.5659975  1502.5659975  1502.5659975
 1502.5659975  1502.5659975  1502.5659975  1502.5659975  1502.5659975
 1502.5659975  1502.5659975  1502.5659975  1502.5659975  1502.5659975
 1502.5659975  1502.5659975  1502.5659975  1502.5659975  1502.5659975
 1502.5659975  1502.5659975  1502.5659975  1502.5659975  1502.5659975
 1502.5659975  1502.5659975  1502.5659975  1502.5659975  1502.5659975
 1502.5659975  1502.5659975  1502.5659975  1502.5659975  1502.5659975
 1502.5659975  1502.5659975  1502.5659975  1502.5659975  1502.5659975
 1497.66627153 1497.66627153 1497.66627153 1497.66627153 1497.66627153
 1497.66627153 1497.66627153 1497.66627153 1497.66627153 1497.66627153
 1497.66627153 1497.66627153 1497.66627153 1497.66627153 1497.66627153
 1497.66627153 1497.66627153 1497.66627153 1497.66627153 1497.66627153
 1497.66627153 1497.66627153 1497.66627153 1497.66627153 1497.66627153
 1497.66627153 1497.66627153 1497.66627153 1497.66627153 1497.66627153
 1497.66627153 1497.66627153 1497.66627153 1497.66627153 1497.66627153
 1497.66627153 1497.66627153 1497.66627153 1497.66627153 1497.66627153
 1497.66627153 1497.66627153 1497.66627153 1497.66627153 1497.66627153
 1497.66627153 1497.66627153 1497.66627153 1497.66627153 1497.66627153
 1497.66627153 1497.66627153 1497.66627153 1497.66627153 1497.66627153
 1497.66627153 1497.66627153 1497.66627153 1497.66627153 1497.66627153
 1497.66627153 1497.66627153 1497.66627153 1497.66627153 1497.66627153
 1497.66627153 1497.66627153 1497.66627153 1497.66627153 1497.66627153
 1497.66627153 1497.66627153 1497.66627153 1497.66627153 1497.66627153
 1497.66627153 1497.66627153 1497.66627153 1497.66627153 1497.66627153
 1497.66627153 1497.66627153 1497.66627153 1497.66627153 1497.66627153
 1497.66627153 1497.66627153 1497.66627153 1497.66627153 1497.66627153
 1497.66627153 1497.66627153 1497.66627153 1497.66627153 1497.66627153
 1497.66627153 1497.66627153 1497.66627153 1497.66627153 1497.66627153
 1497.66627153 1497.66627153 1497.66627153 1497.66627153 1497.66627153
 1497.66627153 1497.66627153 1497.66627153 1497.66627153 1497.66627153
 1497.66627153 1497.66627153 1497.66627153 1497.66627153 1497.66627153
 1497.66627153 1497.66627153 1497.66627153 1497.66627153 1497.66627153
 1497.66627153 1497.66627153 1497.66627153 1497.66627153 1497.66627153
 1497.66627153 1497.66627153 1497.66627153 1497.66627153 1497.66627153
 1497.66627153 1497.66627153 1497.66627153 1497.66627153 1497.66627153
 1497.66627153 1497.66627153 1497.66627153 1497.66627153 1497.66627153
 1497.66627153 1497.66627153 1497.66627153 1497.66627153 1497.66627153
 1497.66627153 1497.66627153 1497.66627153 1497.66627153 1497.66627153
 1497.66627153 1497.66627153 1497.66627153 1497.66627153 1497.66627153
 1497.66627153 1497.66627153 1497.66627153 1497.66627153 1497.66627153
 1497.66627153 1497.66627153 1497.66627153 1497.66627153 1497.66627153
 1497.66627153 1497.66627153 1497.66627153 1497.66627153 1497.66627153
 1497.66627153 1497.66627153 1497.66627153 1497.66627153 1497.66627153
 1497.66627153 1497.66627153 1497.66627153 1497.66627153 1497.66627153
 1497.66627153 1497.66627153 1497.66627153 1497.66627153 1497.66627153
 1497.66627153 1497.66627153 1497.66627153 1497.66627153 1497.66627153
 1497.66627153 1497.66627153 1497.66627153 1497.66627153 1497.66627153
 1497.66627153 1497.66627153 1497.66627153 1497.66627153 1497.66627153
 1497.66627153 1497.66627153 1497.66627153 1497.66627153 1497.66627153
 1497.66627153 1497.66627153 1497.66627153 1497.66627153 1497.66627153
 1497.66627153 1497.66627153 1497.66627153 1497.66627153 1497.66627153
 1497.66627153 1497.66627153 1497.66627153 1497.66627153 1497.66627153
 1497.66627153 1497.66627153 1497.66627153 1497.66627153 1497.66627153
 1497.66627153 1497.66627153 1497.66627153 1497.66627153 1497.66627153
 1497.66627153 1497.66627153 1497.66627153 1497.66627153 1497.66627153
 1497.66627153 1497.66627153 1497.66627153 1497.66627153 1497.66627153
 1497.66627153 1497.66627153 1497.66627153 1497.66627153 1497.66627153
 1497.66627153 1497.66627153 1497.66627153 1497.66627153 1497.66627153
 1497.66627153 1497.66627153 1497.66627153 1497.66627153 1497.66627153
 1497.66627153 1497.66627153 1497.66627153 1497.66627153 1497.66627153
 1497.66627153 1497.66627153 1497.66627153 1497.66627153 1497.66627153
 1497.66627153 1497.66627153 1497.66627153 1497.66627153 1497.66627153
 1497.66627153 1497.66627153 1497.66627153 1497.66627153 1497.66627153
 1497.66627153] 

Fitness stats feasible min: [3502.2386183  3502.2386183  3453.48798626 3276.01418221 3141.8823213
 3141.8823213  3141.8823213  3141.8823213  3141.8823213  3068.46983846
 3068.46983846 3021.00671304 2988.0504307  2889.48976972 2745.94793885
 2745.94793885 2715.66732609 2715.66732609 2584.87771032 2584.87771032
 2502.86657712 2502.86657712 2502.86657712 2457.63467132 2457.63467132
 2427.51098654 2427.51098654 2427.51098654 2417.36493943 2383.67394401
 2349.82222454 2292.86813345 2272.38829113 2272.38829113 2240.81256592
 2240.81256592 2201.37458816 2201.37458816 2201.37458816 2201.37458816
 2178.94810761 2178.94810761 2178.94810761 2178.94810761 2178.94810761
 2101.37828854 2101.37828854 2101.37828854 2101.37828854 2101.37828854
 2101.37828854 2071.45063184 2071.45063184 2012.41343937 2012.41343937
 2012.41343937 2012.41343937 2012.41343937 1997.10366224 1991.54945038
 1969.64783141 1969.64783141 1956.3851577  1956.3851577  1925.16093623
 1925.16093623 1925.16093623 1922.82282543 1922.82282543 1922.82282543
 1915.85195028 1914.30049198 1914.30049198 1908.05643913 1900.15717397
 1900.15717397 1900.15717397 1900.15717397 1842.90227008 1842.90227008
 1842.90227008 1841.98970816 1841.98970816 1841.98970816 1841.98970816
 1838.74883549 1838.74883549 1838.74883549 1838.74883549 1838.74883549
 1838.74883549 1838.74883549 1838.74883549 1837.83627357 1837.83627357
 1837.83627357 1837.83627357 1804.00671135 1804.00671135 1804.00671135
 1804.00671135 1794.63487565 1794.63487565 1794.63487565 1794.63487565
 1794.63487565 1794.63487565 1793.72231373 1758.98018959 1758.98018959
 1758.98018959 1758.98018959 1758.98018959 1756.96385263 1756.96385263
 1756.96385263 1746.07160359 1746.07160359 1746.07160359 1744.05526663
 1744.05526663 1744.05526663 1744.05526663 1733.38448212 1733.38448212
 1733.38448212 1733.38448212 1733.38448212 1733.38448212 1733.38448212
 1733.38448212 1733.38448212 1733.38448212 1733.38448212 1726.60202234
 1726.60202234 1726.60202234 1726.60202234 1726.60202234 1726.60202234
 1726.60202234 1726.60202234 1726.60202234 1726.60202234 1713.5331611
 1713.5331611  1695.43234978 1695.43234978 1695.43234978 1695.43234978
 1695.43234978 1686.21642308 1686.21642308 1686.21642308 1686.21642308
 1686.21642308 1686.21642308 1686.21642308 1686.21642308 1686.21642308
 1686.21642308 1686.21642308 1681.98196536 1681.98196536 1681.98196536
 1681.98196536 1681.15909267 1681.15909267 1681.15909267 1681.15909267
 1681.15909267 1681.15909267 1681.15909267 1681.15909267 1681.15909267
 1675.92021321 1675.92021321 1675.92021321 1675.92021321 1675.92021321
 1675.92021321 1675.92021321 1675.92021321 1675.92021321 1675.92021321
 1675.92021321 1675.92021321 1675.92021321 1675.92021321 1675.92021321
 1675.92021321 1675.92021321 1675.92021321 1675.92021321 1675.92021321
 1675.92021321 1675.92021321 1665.37754964 1665.37754964 1665.37754964
 1665.37754964 1665.37754964 1665.37754964 1665.37754964 1665.37754964
 1665.37754964 1665.37754964 1665.37754964 1665.37754964 1665.37754964
 1665.37754964 1665.37754964 1665.37754964 1665.37754964 1665.37754964
 1665.37754964 1665.37754964 1665.37754964 1665.37754964 1665.37754964
 1665.37754964 1665.37754964 1665.37754964 1665.37754964 1665.37754964
 1665.37754964 1665.27033348 1665.27033348 1660.2146418  1660.2146418
 1660.2146418  1660.2146418  1660.2146418  1660.2146418  1660.2146418
 1660.2146418  1660.2146418  1660.2146418  1660.2146418  1660.2146418
 1660.2146418  1660.2146418  1660.2146418  1660.2146418  1660.2146418
 1660.2146418  1660.2146418  1660.2146418  1660.2146418  1660.2146418
 1660.2146418  1660.2146418  1636.53205784 1636.53205784 1636.53205784
 1636.53205784 1623.52442237 1623.52442237 1623.52442237 1623.52442237
 1623.52442237 1623.42170622 1623.42170622 1623.42170622 1623.42170622
 1623.42170622 1623.42170622 1623.42170622 1623.42170622 1623.42170622
 1623.42170622 1623.42170622 1623.42170622 1623.42170622 1623.42170622
 1623.42170622 1623.42170622 1623.42170622 1623.42170622 1623.42170622
 1623.42170622 1623.42170622 1618.39224016 1618.39224016 1618.39224016
 1618.39224016 1618.39224016 1618.39224016 1618.39224016 1618.39224016
 1618.39224016 1618.39224016 1618.39224016 1618.39224016 1618.39224016
 1618.39224016 1618.39224016 1618.39224016 1618.39224016 1618.39224016
 1607.80414279 1607.80414279 1607.80414279 1607.80414279 1607.80414279
 1607.80414279 1607.69692664 1607.69692664 1607.69692664 1607.69692664
 1593.45200171 1593.45200171 1593.45200171 1593.45200171 1593.45200171
 1593.45200171 1593.45200171 1593.45200171 1593.45200171 1590.43157843
 1590.43157843 1590.43157843 1582.07808498 1582.07808498 1582.07808498
 1574.47549514 1574.47549514 1574.47549514 1574.47549514 1574.47549514
 1574.47549514 1574.47549514 1574.47549514 1574.47549514 1574.47549514
 1574.47549514 1574.47549514 1574.47549514 1574.47549514 1574.47549514
 1574.47549514 1573.86352228 1573.86352228 1573.86352228 1573.86352228
 1573.86352228 1573.86352228 1573.86352228 1573.86352228 1571.72059284
 1570.38220958 1570.38220958 1566.97092716 1564.82799772 1564.82799772
 1564.82799772 1564.82799772 1564.82799772 1564.82799772 1564.82799772
 1564.82799772 1564.82799772 1564.82799772 1564.82799772 1564.82799772
 1564.82799772 1564.82799772 1564.82799772 1564.82799772 1564.82799772
 1564.82799772 1564.82799772 1564.82799772 1564.24587863 1564.24587863
 1564.24587863 1564.24587863 1564.24587863 1559.31072787 1559.31072787
 1559.31072787 1559.31072787 1559.31072787 1545.43027605 1545.43027605
 1540.49512529 1540.49512529 1540.49512529 1540.49512529 1540.49512529
 1540.49512529 1540.49512529 1540.49512529 1540.49512529 1540.49512529
 1540.49512529 1540.49512529 1540.49512529 1540.49512529 1540.49512529
 1540.49512529 1540.49512529 1540.49512529 1540.49512529 1540.49512529
 1540.49512529 1540.49512529 1540.49512529 1540.49512529 1540.49512529
 1540.49512529 1540.49512529 1540.49512529 1540.49512529 1540.49512529
 1534.37732154 1534.37732154 1534.37732154 1534.37732154 1534.37732154
 1534.37732154 1534.37732154 1534.37732154 1534.37732154 1534.37732154
 1534.37732154 1534.37732154 1534.37732154 1534.37732154 1534.37732154
 1534.37732154 1534.37732154 1534.37732154 1534.37732154 1534.37732154
 1534.37732154 1534.37732154 1534.37732154 1534.37732154 1534.37732154
 1534.37732154 1534.37732154 1534.37732154 1534.37732154 1534.37732154
 1534.37732154 1534.37732154 1534.37732154 1534.37732154 1534.37732154
 1534.37732154 1534.37732154 1534.37732154 1534.37732154 1534.37732154
 1534.37732154 1534.37732154 1534.37732154 1534.37732154 1534.37732154
 1534.37732154 1534.37732154 1534.37732154 1534.37732154 1534.37732154
 1534.37732154 1534.37732154 1534.37732154 1534.37732154 1534.37732154
 1534.37732154 1534.37732154 1534.37732154 1534.37732154 1534.37732154
 1534.37732154 1534.37732154 1534.37732154 1534.37732154 1534.37732154
 1534.37732154 1534.37732154 1534.37732154 1534.37732154 1534.37732154
 1534.37732154 1534.37732154 1534.37732154 1534.37732154 1534.37732154
 1534.37732154 1534.37732154 1515.55887494 1515.55887494 1515.55887494
 1515.55887494 1515.55887494 1515.55887494 1515.55887494 1515.55887494
 1515.55887494 1515.55887494 1515.55887494 1515.55887494 1515.55887494
 1515.55887494 1515.55887494 1515.55887494 1515.55887494 1515.55887494
 1515.55887494 1515.55887494 1515.55887494 1515.55887494 1514.68781399
 1514.68781399 1514.68781399 1514.68781399 1514.68781399 1502.5659975
 1502.5659975  1502.5659975  1502.5659975  1502.5659975  1502.5659975
 1502.5659975  1502.5659975  1502.5659975  1502.5659975  1502.5659975
 1502.5659975  1502.5659975  1502.5659975  1502.5659975  1502.5659975
 1502.5659975  1502.5659975  1502.5659975  1502.5659975  1502.5659975
 1502.5659975  1502.5659975  1502.5659975  1502.5659975  1502.5659975
 1502.5659975  1502.5659975  1502.5659975  1502.5659975  1502.5659975
 1502.5659975  1502.5659975  1502.5659975  1502.5659975  1502.5659975
 1502.5659975  1502.5659975  1502.5659975  1502.5659975  1502.5659975
 1502.5659975  1502.5659975  1502.5659975  1502.5659975  1502.5659975
 1502.5659975  1502.5659975  1502.5659975  1502.5659975  1502.5659975
 1502.5659975  1502.5659975  1502.5659975  1502.5659975  1502.5659975
 1502.5659975  1502.5659975  1502.5659975  1502.5659975  1502.5659975
 1502.5659975  1502.5659975  1502.5659975  1502.5659975  1502.5659975
 1502.5659975  1502.5659975  1502.5659975  1502.5659975  1502.5659975
 1502.5659975  1502.5659975  1502.5659975  1502.5659975  1502.5659975
 1502.5659975  1502.5659975  1502.5659975  1502.5659975  1502.5659975
 1502.5659975  1502.5659975  1502.5659975  1502.5659975  1502.5659975
 1502.5659975  1502.5659975  1502.5659975  1502.5659975  1502.5659975
 1502.5659975  1502.5659975  1502.5659975  1502.5659975  1502.5659975
 1502.5659975  1502.5659975  1502.5659975  1502.5659975  1502.5659975
 1502.5659975  1502.5659975  1502.5659975  1502.5659975  1502.5659975
 1502.5659975  1502.5659975  1502.5659975  1502.5659975  1502.5659975
 1502.5659975  1502.5659975  1502.5659975  1502.5659975  1502.5659975
 1502.5659975  1502.5659975  1502.5659975  1502.5659975  1502.5659975
 1502.5659975  1502.5659975  1502.5659975  1502.5659975  1502.5659975
 1502.5659975  1502.5659975  1502.5659975  1502.5659975  1502.5659975
 1502.5659975  1502.5659975  1502.5659975  1502.5659975  1502.5659975
 1502.5659975  1502.5659975  1502.5659975  1502.5659975  1502.5659975
 1502.5659975  1502.5659975  1502.5659975  1502.5659975  1502.5659975
 1502.5659975  1502.5659975  1502.5659975  1502.5659975  1502.5659975
 1502.5659975  1502.5659975  1502.5659975  1502.5659975  1502.5659975
 1502.5659975  1502.5659975  1502.5659975  1502.5659975  1502.5659975
 1502.5659975  1502.5659975  1502.5659975  1502.5659975  1502.5659975
 1502.5659975  1502.5659975  1502.5659975  1502.5659975  1502.5659975
 1502.5659975  1502.5659975  1502.5659975  1502.5659975  1502.5659975
 1502.5659975  1502.5659975  1502.5659975  1502.5659975  1502.5659975
 1502.5659975  1502.5659975  1502.5659975  1502.5659975  1502.5659975
 1502.5659975  1502.5659975  1502.5659975  1502.5659975  1502.5659975
 1502.5659975  1502.5659975  1502.5659975  1502.5659975  1502.5659975
 1502.5659975  1502.5659975  1502.5659975  1502.5659975  1502.5659975
 1502.5659975  1502.5659975  1502.5659975  1502.5659975  1502.5659975
 1497.66627153 1497.66627153 1497.66627153 1497.66627153 1497.66627153
 1497.66627153 1497.66627153 1497.66627153 1497.66627153 1497.66627153
 1497.66627153 1497.66627153 1497.66627153 1497.66627153 1497.66627153
 1497.66627153 1497.66627153 1497.66627153 1497.66627153 1497.66627153
 1497.66627153 1497.66627153 1497.66627153 1497.66627153 1497.66627153
 1497.66627153 1497.66627153 1497.66627153 1497.66627153 1497.66627153
 1497.66627153 1497.66627153 1497.66627153 1497.66627153 1497.66627153
 1497.66627153 1497.66627153 1497.66627153 1497.66627153 1497.66627153
 1497.66627153 1497.66627153 1497.66627153 1497.66627153 1497.66627153
 1497.66627153 1497.66627153 1497.66627153 1497.66627153 1497.66627153
 1497.66627153 1497.66627153 1497.66627153 1497.66627153 1497.66627153
 1497.66627153 1497.66627153 1497.66627153 1497.66627153 1497.66627153
 1497.66627153 1497.66627153 1497.66627153 1497.66627153 1497.66627153
 1497.66627153 1497.66627153 1497.66627153 1497.66627153 1497.66627153
 1497.66627153 1497.66627153 1497.66627153 1497.66627153 1497.66627153
 1497.66627153 1497.66627153 1497.66627153 1497.66627153 1497.66627153
 1497.66627153 1497.66627153 1497.66627153 1497.66627153 1497.66627153
 1497.66627153 1497.66627153 1497.66627153 1497.66627153 1497.66627153
 1497.66627153 1497.66627153 1497.66627153 1497.66627153 1497.66627153
 1497.66627153 1497.66627153 1497.66627153 1497.66627153 1497.66627153
 1497.66627153 1497.66627153 1497.66627153 1497.66627153 1497.66627153
 1497.66627153 1497.66627153 1497.66627153 1497.66627153 1497.66627153
 1497.66627153 1497.66627153 1497.66627153 1497.66627153 1497.66627153
 1497.66627153 1497.66627153 1497.66627153 1497.66627153 1497.66627153
 1497.66627153 1497.66627153 1497.66627153 1497.66627153 1497.66627153
 1497.66627153 1497.66627153 1497.66627153 1497.66627153 1497.66627153
 1497.66627153 1497.66627153 1497.66627153 1497.66627153 1497.66627153
 1497.66627153 1497.66627153 1497.66627153 1497.66627153 1497.66627153
 1497.66627153 1497.66627153 1497.66627153 1497.66627153 1497.66627153
 1497.66627153 1497.66627153 1497.66627153 1497.66627153 1497.66627153
 1497.66627153 1497.66627153 1497.66627153 1497.66627153 1497.66627153
 1497.66627153 1497.66627153 1497.66627153 1497.66627153 1497.66627153
 1497.66627153 1497.66627153 1497.66627153 1497.66627153 1497.66627153
 1497.66627153 1497.66627153 1497.66627153 1497.66627153 1497.66627153
 1497.66627153 1497.66627153 1497.66627153 1497.66627153 1497.66627153
 1497.66627153 1497.66627153 1497.66627153 1497.66627153 1497.66627153
 1497.66627153 1497.66627153 1497.66627153 1497.66627153 1497.66627153
 1497.66627153 1497.66627153 1497.66627153 1497.66627153 1497.66627153
 1497.66627153 1497.66627153 1497.66627153 1497.66627153 1497.66627153
 1497.66627153 1497.66627153 1497.66627153 1497.66627153 1497.66627153
 1497.66627153 1497.66627153 1497.66627153 1497.66627153 1497.66627153
 1497.66627153 1497.66627153 1497.66627153 1497.66627153 1497.66627153
 1497.66627153 1497.66627153 1497.66627153 1497.66627153 1497.66627153
 1497.66627153 1497.66627153 1497.66627153 1497.66627153 1497.66627153
 1497.66627153 1497.66627153 1497.66627153 1497.66627153 1497.66627153
 1497.66627153 1497.66627153 1497.66627153 1497.66627153 1497.66627153
 1497.66627153 1497.66627153 1497.66627153 1497.66627153 1497.66627153
 1497.66627153 1497.66627153 1497.66627153 1497.66627153 1497.66627153
 1497.66627153 1497.66627153 1497.66627153 1497.66627153 1497.66627153
 1497.66627153 1497.66627153 1497.66627153 1497.66627153 1497.66627153
 1497.66627153 1497.66627153 1497.66627153 1497.66627153 1497.66627153
 1497.66627153 1497.66627153 1497.66627153 1497.66627153 1497.66627153
 1497.66627153 1497.66627153 1497.66627153 1497.66627153 1497.66627153
 1497.66627153 1497.66627153 1497.66627153 1497.66627153 1497.66627153
 1497.66627153 1497.66627153 1497.66627153 1497.66627153 1497.66627153
 1497.66627153] 

Fitness stats avg: [4059.24843532 3912.37244026 3842.11232127 3726.09193946 3663.70485877
 3589.69513838 3565.11398579 3519.92242304 3494.77601012 3456.33816306
 3444.12140132 3373.16090385 3320.76822473 3340.22746482 3344.5445964
 3296.71436849 3220.0916097  3152.07405595 3093.96105038 3080.12204457
 3097.82383409 3072.88930928 2969.63863634 2902.00546431 2883.58968666
 2841.92789972 2776.88574629 2713.31506603 2687.26246668 2664.48659198
 2668.82957339 2625.06845576 2590.73566367 2578.97735247 2526.36241498
 2509.33064157 2503.12856939 2476.23271136 2468.92157304 2498.34148877
 2480.68537305 2449.60662099 2453.09976495 2454.09569643 2400.33412331
 2389.5647381  2374.36426735 2334.81179402 2327.14729748 2309.60280001
 2296.5027306  2273.22772375 2239.921731   2228.18524718 2218.04174662
 2192.69450251 2188.13177071 2164.8849913  2186.63313594 2164.5123443
 2139.57717051 2129.02361673 2119.85742859 2128.04172981 2119.70374922
 2077.69987455 2074.37006798 2073.97915178 2069.84480722 2058.4457247
 2053.33461662 2025.74783745 2017.16445999 1990.66654308 1991.24010161
 1983.5392359  1980.66453222 1979.20053056 2016.81928931 2026.2460224
 1999.17257972 2024.41867653 2022.45987574 2001.32096067 2017.50233852
 1988.24240826 1958.24719738 1920.11991286 1923.91919679 1914.07058198
 1912.46375939 1920.84718142 1886.05188389 1891.05372101 1909.34591224
 1909.12468223 1884.43247362 1897.94529865 1900.60279109 1951.31647024
 1917.20917219 1921.69588618 1906.94079043 1930.99297879 1942.28642199
 1970.36028693 1952.58044142 1963.3224299  2006.56886861 1970.91354967
 1968.10045604 1950.22132958 1946.27498311 1972.04266258 1937.23160243
 1877.58916901 1882.34155035 1876.21484522 1847.31113244 1833.61141494
 1872.9561883  1855.3257708  1838.21821987 1807.87542577 1859.64684606
 1825.74654594 1859.34361009 1878.01715907 1863.43813272 1851.67770973
 1852.79179317 1875.97203381 1876.60337524 1863.06103861 1826.70749714
 1807.99086696 1814.26246467 1804.41951058 1795.79902667 1796.36233591
 1780.91989456 1796.31627304 1783.15179591 1768.95561063 1766.66923767
 1787.99027323 1798.66021797 1815.01806237 1810.68095518 1826.74814094
 1812.5765948  1856.8947676  1836.78026563 1821.5921535  1866.18596482
 1864.49643945 1839.09027235 1829.06014935 1807.59408492 1800.24734005
 1826.53580577 1807.92981931 1827.06362    1808.33220467 1811.65465971
 1780.22034008 1778.24452371 1809.59517051 1782.20557241 1756.94782395
 1762.05533262 1795.21521046 1763.64773697 1795.4946968  1803.72702053
 1822.71960896 1794.91751008 1809.47872739 1783.34392677 1770.45452472
 1768.50406196 1762.70643983 1790.41722685 1796.9995579  1744.24418754
 1748.66892451 1760.39229979 1729.11902749 1744.43602144 1735.45985115
 1751.19009249 1752.21489309 1754.30511347 1757.20410856 1742.58507393
 1778.7835374  1749.17333336 1741.09800936 1732.71770187 1732.21697612
 1758.42249431 1783.05895849 1772.58642373 1781.63362735 1770.46831944
 1755.46543728 1741.17744231 1750.00288298 1733.10689598 1760.0320432
 1722.86045772 1732.2737658  1726.63484327 1726.59885444 1754.02911225
 1732.40133766 1727.03545075 1749.94743295 1743.94505103 1740.16565222
 1729.29851524 1744.94645297 1727.55302218 1720.9680765  1725.00027849
 1719.10436034 1718.47794058 1692.27989857 1732.06858775 1725.95696507
 1728.19486693 1752.81651589 1799.28806368 1773.91778184 1752.73479886
 1743.8438562  1752.82944429 1767.48606428 1722.35201505 1733.38223058
 1731.93648781 1735.38202729 1739.30649256 1721.23047895 1737.58075282
 1724.16727745 1704.63278226 1725.33419977 1738.48997181 1733.52883121
 1741.14990466 1704.30150071 1695.59752783 1734.54925157 1734.2057904
 1740.39586134 1755.09756117 1757.28734446 1756.70621001 1759.75351368
 1736.51987996 1731.34120068 1734.3319577  1713.04710263 1706.56931639
 1734.45731888 1698.47350942 1704.39957535 1674.44086111 1680.33757354
 1700.72418881 1696.85504967 1699.09231371 1698.1326633  1716.73639359
 1709.91364296 1694.00605786 1674.48137073 1696.95573477 1659.98220654
 1691.47667204 1670.35360988 1662.32887254 1667.50876932 1704.69183734
 1686.07673591 1692.44362709 1702.58676607 1705.59617409 1675.63387416
 1687.74421386 1672.88617482 1660.41567645 1674.36452331 1708.23711116
 1702.43620024 1673.96078124 1707.21541215 1680.69690768 1683.39679476
 1683.97021475 1712.08551114 1675.09516843 1683.29187408 1665.36898209
 1694.54213979 1689.15080258 1682.2744272  1699.29403113 1668.94762386
 1680.99198982 1683.47683778 1715.13873307 1694.46252949 1700.33268711
 1712.89664207 1689.38395768 1655.97332992 1651.31607622 1662.31865671
 1650.22513213 1700.01369634 1691.36870614 1696.74873541 1663.91160142
 1670.37616492 1691.82138372 1701.45617907 1708.26643828 1692.2968527
 1692.3444947  1703.40767376 1699.28432226 1662.99811462 1660.50553735
 1652.95458817 1655.39085062 1646.35895731 1634.45805635 1643.29327483
 1662.86968322 1625.83322058 1669.84318951 1691.69937477 1680.9412701
 1657.36784534 1658.18480938 1632.00021486 1631.12487689 1665.4978823
 1647.338145   1641.49988421 1623.58913364 1637.85974232 1670.46555433
 1671.854537   1644.85252561 1660.7334388  1660.34602649 1644.43156343
 1629.890559   1662.09104006 1664.3042514  1633.20481662 1629.83481961
 1653.25371579 1652.29031446 1638.92010471 1614.79706393 1618.48240659
 1645.42725942 1624.317977   1629.22091139 1638.79728768 1669.22978708
 1664.24122697 1656.43141336 1670.83580757 1666.33748591 1656.49299298
 1660.05546087 1628.45600131 1634.24299427 1614.96271856 1627.20220399
 1618.97404689 1613.0616944  1628.42337143 1628.92486767 1640.88570683
 1656.31906408 1642.30263849 1652.41746591 1638.15287025 1613.99396624
 1626.41846513 1617.74402819 1601.16945737 1579.10147746 1611.79498704
 1611.30463802 1588.98972699 1604.60072886 1617.64069319 1606.73388529
 1606.78623718 1618.80806862 1606.03756462 1615.29416846 1587.28806531
 1620.99487188 1622.21513824 1628.18983688 1604.05351556 1626.01237371
 1618.04136344 1612.39458483 1626.36745866 1618.67586913 1601.28468131
 1619.51212532 1605.73257961 1589.75212192 1599.62662464 1587.80655184
 1603.02479209 1590.07655063 1608.64508137 1592.98648341 1606.16714842
 1588.17462267 1609.68426533 1588.62192371 1580.27675478 1582.40960747
 1596.60139874 1594.83479774 1600.86115403 1614.14252277 1634.90455806
 1609.58756538 1624.36515967 1610.3211476  1622.22597427 1600.93297095
 1597.64122203 1612.43515376 1605.85067828 1564.54139979 1587.58066818
 1600.31546893 1587.21914629 1595.32728649 1578.31405623 1588.42459532
 1597.39501722 1570.50116767 1603.47280135 1589.96797139 1567.63551587
 1597.48384279 1603.02422698 1584.37191008 1591.84138993 1584.2794748
 1591.67480226 1598.42264862 1603.13077564 1593.3188954  1593.08354004
 1611.33429055 1601.60436231 1620.80357168 1634.27136545 1649.85072447
 1607.26073598 1599.58737739 1608.90294525 1621.23823614 1627.22106565
 1582.16080407 1600.738435   1607.25354309 1643.80832804 1604.35553654
 1616.2589878  1605.82500006 1626.4416362  1583.37130927 1605.28356129
 1582.64451299 1608.92994842 1613.71574638 1606.48131896 1599.96557059
 1618.07169599 1603.33086681 1570.14864244 1581.01210462 1596.86899607
 1589.79287795 1600.26410077 1604.36710573 1598.03485641 1571.42083848
 1578.79012438 1572.86346388 1587.17265762 1597.3972533  1590.22159855
 1582.86280691 1572.3862439  1583.45812022 1564.90002175 1578.79044909
 1616.83116666 1605.02267804 1582.96035314 1573.53984247 1600.01360437
 1562.96183167 1586.08540504 1593.33078128 1624.35841272 1587.31995789
 1607.00747405 1563.43253906 1573.57927531 1582.15437505 1564.92131272
 1564.5233673  1579.17704171 1587.22515293 1584.38320808 1607.11631466
 1574.84257277 1587.18788753 1591.75520731 1586.63400903 1572.32686043
 1575.50960581 1578.79680023 1571.22834198 1585.39168204 1578.98859464
 1589.00257311 1573.72750012 1562.02472519 1548.84425255 1553.69327814
 1556.0960283  1557.50535367 1577.78050503 1566.56910406 1562.46599011
 1565.21764692 1557.17298779 1583.70592108 1560.25581384 1549.71881519
 1554.48401118 1562.44402216 1601.42032327 1567.5086992  1584.98037011
 1591.20437634 1563.35980299 1560.41613102 1588.55321621 1604.24346327
 1572.56192468 1580.70251443 1566.72124681 1591.3933379  1569.65527381
 1582.39631029 1580.58518184 1555.49111308 1556.67823183 1572.24765124
 1590.50322456 1609.46141182 1620.43822725 1604.65237806 1566.89989908
 1587.45939239 1570.88569992 1544.97381443 1580.3424819  1565.80041513
 1555.64162914 1550.43074084 1579.97865683 1566.36437288 1576.51756631
 1573.96749295 1569.36710432 1568.34303982 1599.32153751 1593.57395956
 1573.78385011 1598.00289774 1577.17268438 1584.40343078 1567.07115448
 1566.42733838 1589.29122955 1613.68305277 1646.73295385 1589.75878429
 1602.93489996 1573.5824489  1563.6175429  1560.92715419 1564.21077592
 1568.80435915 1557.3810428  1594.55950681 1557.56327173 1572.46156123
 1580.90668342 1569.4571509  1574.14585619 1556.19754492 1568.59775361
 1554.24262451 1589.54771627 1555.43975861 1560.87523834 1556.69190948
 1571.0688125  1578.50303522 1576.41889266 1593.68432954 1591.42819073
 1576.74265613 1590.85761047 1559.07535773 1580.35137493 1584.86426468
 1583.6147088  1590.11796486 1589.10238881 1587.28739613 1577.148599
 1571.2100543  1581.06284326 1588.89470483 1574.65318338 1578.93528853
 1568.91924509 1578.31201744 1587.07330283 1608.13921514 1563.55596223
 1584.42668795 1584.411555   1577.3947383  1564.10449856 1561.65000152
 1559.74412192 1577.63468576 1568.13218293 1547.71046715 1564.33633974
 1561.77958158 1568.96355342 1595.14299544 1600.4078316  1577.01707035
 1579.2386404  1562.31508429 1554.55392141 1588.38132722 1571.31271799
 1554.03474825 1548.43468234 1577.57005597 1567.07471679 1589.40219649
 1588.95923097 1574.45208926 1573.55757446 1594.85570285 1584.37667989
 1567.34639913 1565.97981623 1570.54862938 1548.54606674 1582.16120994
 1599.7522385  1582.02943133 1605.37918567 1542.74977632 1555.46256488
 1570.5527637  1569.55537862 1565.99345734 1574.14363069 1581.96771575
 1576.08522867 1557.7909858  1594.11919586 1573.82879077 1575.58149851
 1570.70119382 1582.97439778 1572.74574124 1552.09707471 1560.6622189
 1557.01372903 1584.73458556 1557.43972423 1570.86371118 1563.69238274
 1559.10711484 1569.43579045 1599.24816756 1595.10053267 1588.52558277
 1604.68666867 1592.91702937 1566.11535479 1537.86010198 1584.2964608
 1592.88496103 1583.76545201 1581.36173227 1552.24716007 1563.37805875
 1602.72799216 1599.63241872 1574.64558222 1614.78168736 1622.86342929
 1650.37634757 1673.77254572 1652.31255017 1646.23051663 1615.698253
 1611.45172935 1578.31340366 1561.6340302  1587.63110751 1574.49736544
 1562.14435651 1584.12909036 1585.4939182  1572.3284544  1554.89956009
 1564.90763915 1556.017019   1542.64275793 1573.71119162 1577.39066916
 1580.80214252 1579.72452938 1577.59011291 1568.2381041  1577.62686194
 1570.91360546 1568.59889674 1574.11342464 1580.76212755 1589.07336297
 1566.82032027 1564.35977722 1578.44059626 1574.36742034 1581.59668797
 1583.16761093 1556.13663591 1589.78898834 1586.96702494 1569.21196963
 1539.34392744 1549.76034874 1567.21802313 1582.59564975 1560.57965513
 1573.28419532 1556.63052156 1591.21869426 1561.88383896 1566.7266709
 1561.15223829 1550.37423685 1577.01036227 1564.85944889 1547.8358799
 1577.99702886 1588.73497474 1562.5687132  1548.33209397 1565.87933621
 1561.75345252 1576.40596363 1584.86203106 1568.27535564 1556.31758477
 1601.46053432 1581.97462409 1550.1103605  1568.32455841 1588.80664943
 1591.19211063 1561.12538634 1579.01555513 1556.75182515 1588.80162234
 1565.35327295 1548.54829177 1562.41106148 1568.02045442 1565.68066459
 1562.94301798 1575.09210829 1608.40481154 1578.83718631 1565.68987025
 1585.5689262  1573.76486693 1587.05629246 1589.20184066 1582.01518317
 1581.28878042 1564.06228785 1556.77774579 1572.47138553 1572.11145796
 1584.66066947 1585.48887758 1574.87277788 1573.7702553  1555.71673268
 1554.51386532 1568.50855578 1554.74128848 1570.44186008 1569.65591786
 1580.85556418 1575.65414355 1568.71045469 1577.05470247 1580.86184252
 1590.94476488 1577.32572185 1573.91943236 1574.38186289 1581.69783371
 1551.34392323 1580.85845213 1563.66367783 1564.98381529 1563.54897224
 1562.47105854 1555.4312485  1587.84271898 1564.31218213 1554.60182718
 1565.01909044 1552.21295891 1582.9238633  1601.09684158 1587.62770724
 1600.64957855 1582.81809756 1579.70617986 1579.21467913 1576.36118454
 1592.80695781 1601.6257542  1629.36982554 1559.23860947 1577.67590512
 1580.70394593 1565.70244213 1564.36712591 1556.26732104 1557.33610524
 1584.90392423 1573.36934363 1608.65431169 1585.38951883 1588.76582994
 1594.27673043 1584.8550899  1590.91060762 1549.76330088 1545.91105375
 1584.70142537 1596.57334816 1594.45082178 1556.39642605 1552.77279354
 1542.7726697  1569.67965949 1565.7796517  1579.2677462  1566.50266762
 1559.63500506 1564.11163355 1587.9581557  1563.04323748 1558.82178742
 1561.60222206 1558.88910616 1552.86239465 1562.84128468 1561.56439217
 1573.35349114 1545.42521493 1575.12659947 1590.67881312 1579.92869267
 1568.24335372 1568.63927645 1571.19192724 1571.64638573 1555.513985
 1574.14931066 1570.21225426 1586.58633681 1585.55442865 1590.75987634
 1579.02514113 1582.29779463 1575.51186142 1580.51781106 1565.2041006
 1576.33606885 1600.68210012 1568.17906492 1582.96405698 1565.57454015
 1550.52796498 1574.11407542 1567.59473277 1553.69011313 1587.81188411
 1564.64061415 1577.01128653 1583.14340129 1556.55579661 1565.36613681
 1570.74692832 1565.35477301 1568.14490161 1595.91693594 1579.28534663
 1589.65806832 1555.57401385 1565.0783867  1588.74927872 1566.20520745
 1573.28296634 1583.21883038 1589.85479761 1549.59382187 1578.36007983
 1557.24864887 1584.56593772 1553.73563914 1577.94214256 1572.00558952
 1598.2755331  1581.08372408 1580.63594804 1565.50343183 1583.10304424
 1578.37114046 1570.03685115 1576.55470085 1548.18744054 1571.91634802
 1580.56891779 1584.5211751  1560.20789789 1556.65331877 1580.19689959
 1604.93358354 1578.44645503 1569.23255089 1574.27884375 1574.79554647
 1570.72653711 1582.4038176  1563.09559224 1572.18995491 1551.15592309
 1567.85170588 1577.41190432 1562.9497904  1564.07937343 1539.99857322
 1573.32369    1574.14346607 1580.01915748 1548.04047226 1554.17636171
 1562.27378063] 

Feasible stats: [(  0.,   0.) (  0., 100.) (  0., 100.) ( 57.,  43.) ( 57.,  43.)
 ( 52.,  48.) ( 52.,  48.) ( 47.,  53.) ( 47.,  53.) ( 37.,  63.)
 ( 37.,  63.) ( 34.,  66.) ( 34.,  66.) ( 39.,  61.) ( 39.,  61.)
 ( 45.,  55.) ( 45.,  55.) ( 45.,  55.) ( 45.,  55.) ( 49.,  51.)
 ( 49.,  51.) ( 39.,  61.) ( 39.,  61.) ( 45.,  55.) ( 45.,  55.)
 ( 55.,  45.) ( 55.,  45.) ( 73.,  27.) ( 73.,  27.) ( 64.,  36.)
 ( 64.,  36.) ( 66.,  34.) ( 66.,  34.) ( 68.,  32.) ( 68.,  32.)
 ( 77.,  23.) ( 77.,  23.) ( 74.,  26.) ( 74.,  26.) ( 75.,  25.)
 ( 75.,  25.) ( 76.,  24.) ( 76.,  24.) ( 65.,  35.) ( 65.,  35.)
 ( 74.,  26.) ( 74.,  26.) ( 79.,  21.) ( 79.,  21.) ( 73.,  27.)
 ( 73.,  27.) ( 76.,  24.) ( 76.,  24.) ( 85.,  15.) ( 85.,  15.)
 ( 84.,  16.) ( 84.,  16.) ( 74.,  26.) ( 74.,  26.) ( 78.,  22.)
 ( 78.,  22.) ( 91.,   9.) ( 91.,   9.) ( 86.,  14.) ( 86.,  14.)
 ( 91.,   9.) ( 91.,   9.) ( 90.,  10.) ( 90.,  10.) ( 89.,  11.)
 ( 89.,  11.) ( 92.,   8.) ( 92.,   8.) ( 86.,  14.) ( 86.,  14.)
 ( 88.,  12.) ( 88.,  12.) ( 91.,   9.) ( 91.,   9.) ( 94.,   6.)
 ( 94.,   6.) ( 94.,   6.) ( 94.,   6.) ( 92.,   8.) ( 92.,   8.)
 ( 93.,   7.) ( 93.,   7.) ( 85.,  15.) ( 85.,  15.) ( 95.,   5.)
 ( 95.,   5.) ( 94.,   6.) ( 94.,   6.) ( 89.,  11.) ( 89.,  11.)
 ( 97.,   3.) ( 97.,   3.) ( 92.,   8.) ( 92.,   8.) ( 97.,   3.)
 ( 97.,   3.) ( 95.,   5.) ( 95.,   5.) ( 91.,   9.) ( 91.,   9.)
 ( 89.,  11.) ( 89.,  11.) ( 89.,  11.) ( 89.,  11.) ( 83.,  17.)
 ( 83.,  17.) ( 83.,  17.) ( 83.,  17.) ( 87.,  13.) ( 87.,  13.)
 ( 84.,  16.) ( 84.,  16.) ( 91.,   9.) ( 91.,   9.) ( 93.,   7.)
 ( 93.,   7.) ( 88.,  12.) ( 88.,  12.) ( 92.,   8.) ( 92.,   8.)
 ( 94.,   6.) ( 94.,   6.) ( 97.,   3.) ( 97.,   3.) ( 84.,  16.)
 ( 84.,  16.) ( 93.,   7.) ( 93.,   7.) ( 90.,  10.) ( 90.,  10.)
 ( 95.,   5.) ( 95.,   5.) ( 94.,   6.) ( 94.,   6.) ( 98.,   2.)
 ( 98.,   2.) (100.,   0.) (100.,   0.) ( 97.,   3.) ( 97.,   3.)
 ( 96.,   4.) ( 96.,   4.) ( 96.,   4.) ( 96.,   4.) ( 97.,   3.)
 ( 97.,   3.) ( 96.,   4.) ( 96.,   4.) ( 92.,   8.) ( 92.,   8.)
 ( 82.,  18.) ( 82.,  18.) ( 87.,  13.) ( 87.,  13.) ( 94.,   6.)
 ( 94.,   6.) ( 90.,  10.) ( 90.,  10.) ( 95.,   5.) ( 95.,   5.)
 ( 93.,   7.) ( 93.,   7.) ( 94.,   6.) ( 94.,   6.) ( 95.,   5.)
 ( 95.,   5.) ( 95.,   5.) ( 95.,   5.) ( 93.,   7.) ( 93.,   7.)
 ( 91.,   9.) ( 91.,   9.) ( 96.,   4.) ( 96.,   4.) ( 93.,   7.)
 ( 93.,   7.) ( 90.,  10.) ( 90.,  10.) ( 87.,  13.) ( 87.,  13.)
 ( 85.,  15.) ( 85.,  15.) ( 92.,   8.) ( 92.,   8.) ( 98.,   2.)
 ( 98.,   2.) ( 95.,   5.) ( 95.,   5.) ( 97.,   3.) ( 97.,   3.)
 ( 94.,   6.) ( 94.,   6.) ( 95.,   5.) ( 95.,   5.) ( 98.,   2.)
 ( 98.,   2.) ( 95.,   5.) ( 95.,   5.) ( 92.,   8.) ( 92.,   8.)
 ( 96.,   4.) ( 96.,   4.) ( 98.,   2.) ( 98.,   2.) ( 98.,   2.)
 ( 98.,   2.) ( 97.,   3.) ( 97.,   3.) ( 97.,   3.) ( 97.,   3.)
 ( 95.,   5.) ( 95.,   5.) ( 99.,   1.) ( 99.,   1.) ( 96.,   4.)
 ( 96.,   4.) ( 95.,   5.) ( 95.,   5.) ( 98.,   2.) ( 98.,   2.)
 ( 99.,   1.) ( 99.,   1.) ( 96.,   4.) ( 96.,   4.) ( 95.,   5.)
 ( 95.,   5.) ( 93.,   7.) ( 93.,   7.) ( 93.,   7.) ( 93.,   7.)
 ( 93.,   7.) ( 93.,   7.) ( 96.,   4.) ( 96.,   4.) ( 97.,   3.)
 ( 97.,   3.) ( 98.,   2.) ( 98.,   2.) ( 97.,   3.) ( 97.,   3.)
 ( 96.,   4.) ( 96.,   4.) (100.,   0.) (100.,   0.) ( 97.,   3.)
 ( 97.,   3.) ( 98.,   2.) ( 98.,   2.) ( 98.,   2.) ( 98.,   2.)
 ( 93.,   7.) ( 93.,   7.) ( 92.,   8.) ( 92.,   8.) ( 91.,   9.)
 ( 91.,   9.) ( 95.,   5.) ( 95.,   5.) ( 95.,   5.) ( 95.,   5.)
 ( 98.,   2.) ( 98.,   2.) ( 96.,   4.) ( 96.,   4.) ( 95.,   5.)
 ( 95.,   5.) ( 94.,   6.) ( 94.,   6.) ( 95.,   5.) ( 95.,   5.)
 ( 91.,   9.) ( 91.,   9.) ( 96.,   4.) ( 96.,   4.) ( 95.,   5.)
 ( 95.,   5.) ( 99.,   1.) ( 99.,   1.) ( 98.,   2.) ( 98.,   2.)
 ( 96.,   4.) ( 96.,   4.) ( 97.,   3.) ( 97.,   3.) ( 96.,   4.)
 ( 96.,   4.) ( 95.,   5.) ( 95.,   5.) ( 96.,   4.) ( 96.,   4.)
 ( 97.,   3.) ( 97.,   3.) ( 96.,   4.) ( 96.,   4.) ( 95.,   5.)
 ( 95.,   5.) ( 99.,   1.) ( 99.,   1.) ( 95.,   5.) ( 95.,   5.)
 ( 96.,   4.) ( 96.,   4.) ( 96.,   4.) ( 96.,   4.) ( 97.,   3.)
 ( 97.,   3.) ( 95.,   5.) ( 95.,   5.) ( 94.,   6.) ( 94.,   6.)
 ( 93.,   7.) ( 93.,   7.) ( 98.,   2.) ( 98.,   2.) ( 96.,   4.)
 ( 96.,   4.) ( 97.,   3.) ( 97.,   3.) ( 92.,   8.) ( 92.,   8.)
 ( 97.,   3.) ( 97.,   3.) ( 97.,   3.) ( 97.,   3.) ( 93.,   7.)
 ( 93.,   7.) ( 93.,   7.) ( 93.,   7.) ( 95.,   5.) ( 95.,   5.)
 ( 92.,   8.) ( 92.,   8.) ( 94.,   6.) ( 94.,   6.) ( 98.,   2.)
 ( 98.,   2.) ( 97.,   3.) ( 97.,   3.) ( 91.,   9.) ( 91.,   9.)
 ( 93.,   7.) ( 93.,   7.) ( 95.,   5.) ( 95.,   5.) ( 94.,   6.)
 ( 94.,   6.) ( 98.,   2.) ( 98.,   2.) ( 96.,   4.) ( 96.,   4.)
 ( 94.,   6.) ( 94.,   6.) ( 93.,   7.) ( 93.,   7.) ( 94.,   6.)
 ( 94.,   6.) ( 99.,   1.) ( 99.,   1.) ( 92.,   8.) ( 92.,   8.)
 ( 92.,   8.) ( 92.,   8.) ( 96.,   4.) ( 96.,   4.) ( 96.,   4.)
 ( 96.,   4.) ( 97.,   3.) ( 97.,   3.) ( 96.,   4.) ( 96.,   4.)
 ( 92.,   8.) ( 92.,   8.) ( 87.,  13.) ( 87.,  13.) ( 90.,  10.)
 ( 90.,  10.) ( 95.,   5.) ( 95.,   5.) ( 98.,   2.) ( 98.,   2.)
 ( 94.,   6.) ( 94.,   6.) ( 97.,   3.) ( 97.,   3.) ( 96.,   4.)
 ( 96.,   4.) ( 97.,   3.) ( 97.,   3.) ( 94.,   6.) ( 94.,   6.)
 ( 93.,   7.) ( 93.,   7.) ( 94.,   6.) ( 94.,   6.) ( 99.,   1.)
 ( 99.,   1.) ( 96.,   4.) ( 96.,   4.) ( 94.,   6.) ( 94.,   6.)
 ( 95.,   5.) ( 95.,   5.) ( 96.,   4.) ( 96.,   4.) ( 99.,   1.)
 ( 99.,   1.) ( 98.,   2.) ( 98.,   2.) ( 94.,   6.) ( 94.,   6.)
 ( 94.,   6.) ( 94.,   6.) ( 94.,   6.) ( 94.,   6.) ( 98.,   2.)
 ( 98.,   2.) ( 99.,   1.) ( 99.,   1.) (100.,   0.) (100.,   0.)
 ( 96.,   4.) ( 96.,   4.) ( 97.,   3.) ( 97.,   3.) ( 97.,   3.)
 ( 97.,   3.) ( 96.,   4.) ( 96.,   4.) ( 93.,   7.) ( 93.,   7.)
 ( 98.,   2.) ( 98.,   2.) ( 96.,   4.) ( 96.,   4.) ( 99.,   1.)
 ( 99.,   1.) ( 95.,   5.) ( 95.,   5.) ( 94.,   6.) ( 94.,   6.)
 ( 96.,   4.) ( 96.,   4.) ( 95.,   5.) ( 95.,   5.) ( 99.,   1.)
 ( 99.,   1.) ( 96.,   4.) ( 96.,   4.) ( 95.,   5.) ( 95.,   5.)
 ( 97.,   3.) ( 97.,   3.) ( 97.,   3.) ( 97.,   3.) ( 94.,   6.)
 ( 94.,   6.) ( 98.,   2.) ( 98.,   2.) ( 97.,   3.) ( 97.,   3.)
 ( 97.,   3.) ( 97.,   3.) ( 96.,   4.) ( 96.,   4.) ( 98.,   2.)
 ( 98.,   2.) ( 97.,   3.) ( 97.,   3.) ( 98.,   2.) ( 98.,   2.)
 ( 98.,   2.) ( 98.,   2.) ( 94.,   6.) ( 94.,   6.) ( 93.,   7.)
 ( 93.,   7.) ( 94.,   6.) ( 94.,   6.) ( 93.,   7.) ( 93.,   7.)
 ( 99.,   1.) ( 99.,   1.) ( 97.,   3.) ( 97.,   3.) ( 98.,   2.)
 ( 98.,   2.) ( 99.,   1.) ( 99.,   1.) ( 96.,   4.) ( 96.,   4.)
 ( 96.,   4.) ( 96.,   4.) ( 93.,   7.) ( 93.,   7.) ( 98.,   2.)
 ( 98.,   2.) ( 96.,   4.) ( 96.,   4.) ( 97.,   3.) ( 97.,   3.)
 ( 99.,   1.) ( 99.,   1.) ( 96.,   4.) ( 96.,   4.) ( 94.,   6.)
 ( 94.,   6.) ( 96.,   4.) ( 96.,   4.) ( 94.,   6.) ( 94.,   6.)
 ( 98.,   2.) ( 98.,   2.) ( 92.,   8.) ( 92.,   8.) ( 95.,   5.)
 ( 95.,   5.) ( 97.,   3.) ( 97.,   3.) ( 97.,   3.) ( 97.,   3.)
 ( 92.,   8.) ( 92.,   8.) ( 96.,   4.) ( 96.,   4.) ( 99.,   1.)
 ( 99.,   1.) ( 98.,   2.) ( 98.,   2.) ( 97.,   3.) ( 97.,   3.)
 ( 96.,   4.) ( 96.,   4.) ( 96.,   4.) ( 96.,   4.) ( 96.,   4.)
 ( 96.,   4.) ( 98.,   2.) ( 98.,   2.) ( 97.,   3.) ( 97.,   3.)
 ( 98.,   2.) ( 98.,   2.) ( 93.,   7.) ( 93.,   7.) ( 98.,   2.)
 ( 98.,   2.) ( 96.,   4.) ( 96.,   4.) ( 98.,   2.) ( 98.,   2.)
 ( 97.,   3.) ( 97.,   3.) ( 97.,   3.) ( 97.,   3.) ( 96.,   4.)
 ( 96.,   4.) ( 96.,   4.) ( 96.,   4.) ( 94.,   6.) ( 94.,   6.)
 ( 97.,   3.) ( 97.,   3.) ( 96.,   4.) ( 96.,   4.) ( 98.,   2.)
 ( 98.,   2.) ( 98.,   2.) ( 98.,   2.) ( 97.,   3.) ( 97.,   3.)
 ( 98.,   2.) ( 98.,   2.) ( 95.,   5.) ( 95.,   5.) ( 97.,   3.)
 ( 97.,   3.) (100.,   0.) (100.,   0.) ( 92.,   8.) ( 92.,   8.)
 ( 95.,   5.) ( 95.,   5.) ( 98.,   2.) ( 98.,   2.) ( 92.,   8.)
 ( 92.,   8.) ( 95.,   5.) ( 95.,   5.) ( 95.,   5.) ( 95.,   5.)
 ( 96.,   4.) ( 96.,   4.) ( 98.,   2.) ( 98.,   2.) ( 94.,   6.)
 ( 94.,   6.) ( 91.,   9.) ( 91.,   9.) ( 93.,   7.) ( 93.,   7.)
 ( 95.,   5.) ( 95.,   5.) ( 96.,   4.) ( 96.,   4.) ( 87.,  13.)
 ( 87.,  13.) ( 95.,   5.) ( 95.,   5.) ( 98.,   2.) ( 98.,   2.)
 ( 95.,   5.) ( 95.,   5.) ( 95.,   5.) ( 95.,   5.) ( 97.,   3.)
 ( 97.,   3.) ( 94.,   6.) ( 94.,   6.) ( 95.,   5.) ( 95.,   5.)
 ( 97.,   3.) ( 97.,   3.) ( 95.,   5.) ( 95.,   5.) ( 94.,   6.)
 ( 94.,   6.) ( 96.,   4.) ( 96.,   4.) ( 95.,   5.) ( 95.,   5.)
 ( 94.,   6.) ( 94.,   6.) ( 96.,   4.) ( 96.,   4.) ( 95.,   5.)
 ( 95.,   5.) ( 96.,   4.) ( 96.,   4.) ( 98.,   2.) ( 98.,   2.)
 ( 96.,   4.) ( 96.,   4.) ( 96.,   4.) ( 96.,   4.) ( 97.,   3.)
 ( 97.,   3.) ( 97.,   3.) ( 97.,   3.) ( 96.,   4.) ( 96.,   4.)
 ( 94.,   6.) ( 94.,   6.) ( 95.,   5.) ( 95.,   5.) ( 93.,   7.)
 ( 93.,   7.) ( 98.,   2.) ( 98.,   2.) ( 97.,   3.) ( 97.,   3.)
 ( 94.,   6.) ( 94.,   6.) ( 97.,   3.) ( 97.,   3.) ( 89.,  11.)
 ( 89.,  11.) ( 96.,   4.) ( 96.,   4.) ( 94.,   6.) ( 94.,   6.)
 ( 95.,   5.) ( 95.,   5.) ( 95.,   5.) ( 95.,   5.) ( 94.,   6.)
 ( 94.,   6.) ( 97.,   3.) ( 97.,   3.) ( 96.,   4.) ( 96.,   4.)
 ( 96.,   4.) ( 96.,   4.) ( 99.,   1.) ( 99.,   1.) ( 99.,   1.)
 ( 99.,   1.) ( 97.,   3.) ( 97.,   3.) ( 94.,   6.) ( 94.,   6.)
 ( 95.,   5.) ( 95.,   5.) ( 98.,   2.) ( 98.,   2.) ( 97.,   3.)
 ( 97.,   3.) ( 98.,   2.) ( 98.,   2.) ( 98.,   2.) ( 98.,   2.)
 ( 96.,   4.) ( 96.,   4.) ( 91.,   9.) ( 91.,   9.) ( 96.,   4.)
 ( 96.,   4.) ( 98.,   2.) ( 98.,   2.) ( 94.,   6.) ( 94.,   6.)
 ( 98.,   2.) ( 98.,   2.) ( 97.,   3.) ( 97.,   3.) ( 97.,   3.)
 ( 97.,   3.) ( 97.,   3.) ( 97.,   3.) ( 94.,   6.) ( 94.,   6.)
 ( 97.,   3.) ( 97.,   3.) ( 97.,   3.) ( 97.,   3.) ( 96.,   4.)
 ( 96.,   4.) ( 98.,   2.) ( 98.,   2.) ( 92.,   8.) ( 92.,   8.)
 ( 91.,   9.) ( 91.,   9.) ( 86.,  14.) ( 86.,  14.) ( 84.,  16.)
 ( 84.,  16.) ( 92.,   8.) ( 92.,   8.) ( 95.,   5.) ( 95.,   5.)
 ( 97.,   3.) ( 97.,   3.) ( 91.,   9.) ( 91.,   9.) ( 97.,   3.)
 ( 97.,   3.) ( 97.,   3.) ( 97.,   3.) ( 98.,   2.) ( 98.,   2.)
 (100.,   0.) (100.,   0.) ( 97.,   3.) ( 97.,   3.) ( 98.,   2.)
 ( 98.,   2.) ( 94.,   6.) ( 94.,   6.) ( 93.,   7.) ( 93.,   7.)
 ( 93.,   7.) ( 93.,   7.) ( 96.,   4.) ( 96.,   4.) ( 94.,   6.)
 ( 94.,   6.) ( 96.,   4.) ( 96.,   4.) ( 93.,   7.) ( 93.,   7.)
 ( 90.,  10.) ( 90.,  10.) ( 96.,   4.) ( 96.,   4.) ( 95.,   5.)
 ( 95.,   5.) ( 95.,   5.) ( 95.,   5.) ( 96.,   4.) ( 96.,   4.)
 ( 98.,   2.) ( 98.,   2.) ( 97.,   3.) ( 97.,   3.) ( 98.,   2.)
 ( 98.,   2.) ( 94.,   6.) ( 94.,   6.) ( 93.,   7.) ( 93.,   7.)
 ( 96.,   4.) ( 96.,   4.) ( 98.,   2.) ( 98.,   2.) ( 96.,   4.)
 ( 96.,   4.) ( 92.,   8.) ( 92.,   8.) ( 97.,   3.) ( 97.,   3.)
 ( 96.,   4.) ( 96.,   4.) ( 98.,   2.) ( 98.,   2.) ( 98.,   2.)
 ( 98.,   2.) ( 94.,   6.) ( 94.,   6.) ( 95.,   5.) ( 95.,   5.)
 ( 95.,   5.) ( 95.,   5.) ( 96.,   4.) ( 96.,   4.) ( 97.,   3.)
 ( 97.,   3.) ( 97.,   3.) ( 97.,   3.) ( 96.,   4.) ( 96.,   4.)
 ( 97.,   3.) ( 97.,   3.) ( 99.,   1.) ( 99.,   1.) ( 95.,   5.)
 ( 95.,   5.) ( 92.,   8.) ( 92.,   8.) ( 96.,   4.) ( 96.,   4.)
 ( 93.,   7.) ( 93.,   7.) ( 95.,   5.) ( 95.,   5.) ( 95.,   5.)
 ( 95.,   5.) ( 95.,   5.) ( 95.,   5.) ( 97.,   3.) ( 97.,   3.)
 ( 97.,   3.) ( 97.,   3.) ( 99.,   1.) ( 99.,   1.) ( 93.,   7.)
 ( 93.,   7.) ( 97.,   3.) ( 97.,   3.) ( 97.,   3.) ( 97.,   3.)
 ( 95.,   5.) ( 95.,   5.) ( 96.,   4.) ( 96.,   4.) ( 95.,   5.)
 ( 95.,   5.) ( 96.,   4.) ( 96.,   4.) ( 96.,   4.) ( 96.,   4.)
 ( 90.,  10.) ( 90.,  10.) ( 93.,   7.) ( 93.,   7.) ( 95.,   5.)
 ( 95.,   5.) ( 99.,   1.) ( 99.,   1.) ( 88.,  12.) ( 88.,  12.)
 ( 97.,   3.) ( 97.,   3.) ( 94.,   6.) ( 94.,   6.) ( 95.,   5.)
 ( 95.,   5.) ( 95.,   5.) ( 95.,   5.) ( 96.,   4.) ( 96.,   4.)
 ( 95.,   5.) ( 95.,   5.) ( 96.,   4.) ( 96.,   4.) ( 94.,   6.)
 ( 94.,   6.) ( 92.,   8.) ( 92.,   8.) ( 98.,   2.) ( 98.,   2.)
 ( 98.,   2.) ( 98.,   2.) ( 99.,   1.) ( 99.,   1.) ( 97.,   3.)
 ( 97.,   3.) ( 96.,   4.) ( 96.,   4.) ( 96.,   4.) ( 96.,   4.)
 ( 95.,   5.) ( 95.,   5.) ( 96.,   4.) ( 96.,   4.) (100.,   0.)
 (100.,   0.) ( 97.,   3.) ( 97.,   3.) ( 97.,   3.) ( 97.,   3.)
 ( 95.,   5.) ( 95.,   5.) ( 90.,  10.) ( 90.,  10.) ( 95.,   5.)
 ( 95.,   5.) ( 96.,   4.) ( 96.,   4.) ( 98.,   2.) ( 98.,   2.)
 ( 93.,   7.) ( 93.,   7.) ( 95.,   5.) ( 95.,   5.) ( 96.,   4.)
 ( 96.,   4.) ( 94.,   6.) ( 94.,   6.) ( 91.,   9.) ( 91.,   9.)
 ( 95.,   5.) ( 95.,   5.) ( 96.,   4.) ( 96.,   4.) ( 94.,   6.)
 ( 94.,   6.) ( 95.,   5.) ( 95.,   5.) ( 97.,   3.) ( 97.,   3.)
 ( 97.,   3.) ( 97.,   3.) ( 97.,   3.) ( 97.,   3.) ( 94.,   6.)
 ( 94.,   6.) ( 96.,   4.) ( 96.,   4.) ( 93.,   7.) ( 93.,   7.)
 ( 96.,   4.) ( 96.,   4.) ( 98.,   2.) ( 98.,   2.) ( 96.,   4.)
 ( 96.,   4.) ( 98.,   2.) ( 98.,   2.) ( 95.,   5.) ( 95.,   5.)
 ( 95.,   5.) ( 95.,   5.) ( 95.,   5.) ( 95.,   5.) ( 90.,  10.)
 ( 90.,  10.) ( 95.,   5.) ( 95.,   5.) ( 94.,   6.) ( 94.,   6.)
 ( 94.,   6.) ( 94.,   6.) ( 91.,   9.) ( 91.,   9.) ( 97.,   3.)
 ( 97.,   3.) ( 95.,   5.) ( 95.,   5.) ( 96.,   4.) ( 96.,   4.)
 ( 93.,   7.) ( 93.,   7.) ( 99.,   1.) ( 99.,   1.) ( 99.,   1.)
 ( 99.,   1.) ( 95.,   5.) ( 95.,   5.) ( 97.,   3.) ( 97.,   3.)
 ( 95.,   5.) ( 95.,   5.) ( 95.,   5.) ( 95.,   5.) ( 96.,   4.)
 ( 96.,   4.)] 
Solution Description: 
p: [  0.          25.57791837  90.94178994  96.62292424 121.9170232
 193.33357997 244.95170004 258.09155815 271.46571131 273.56630607
 275.84980952   0.          33.89411518  66.15437216 133.57773023
 192.54796071 192.93056336 213.06967883 251.98648388 253.85221607
 298.52472148 386.91288374 411.81006708 488.90060356 524.91999675
 536.33460493 611.96209094 673.22629982   0.          41.07277687
  71.24587879 171.19953721 171.46648242 240.78652632 241.53962545
 242.20794723 259.08597837 329.73413535 348.08127863 348.35909694
 367.4269711  373.6618291  383.22847816 390.11061612   0.
  45.72329507  52.53455008  84.49082525  88.0064539   98.51746774
 147.75460111 158.47954608] 
pred: [ 0  0  0  0  0  4  4  4  4  4  9  0  0  0  0  0  0  5  5  5  8  8  8  8
  8 13 13 13  0  0  0  2  2  2  2  2  2  8  8  8  8  8  8  8  0  0  0  0
  0  4  4  4] 
distance [  0.          25.57791837  90.94178994  96.62292424 121.9170232
  71.41655676 123.03467684 136.17453495 149.54868811 151.64928287
   2.28350345   0.          33.89411518  66.15437216 133.57773023
 192.54796071 192.93056336  20.13911547  59.05592053  60.92165271
  44.67250541 133.06066767 157.95785101 235.04838749 271.06778068
  11.41460818  87.04209419 148.30630307   0.          41.07277687
  71.24587879  99.95365842 100.22060363 169.54064754 170.29374666
 170.96206844 187.84009958  70.64815698  88.99530026  89.27311857
 108.34099273 114.57585073 124.14249979 131.02463775   0.
  45.72329507  52.53455008  84.49082525  88.0064539   10.51101384
  59.74814721  70.47309217]
load: [ 0 22 27 43 59 13 19 34 59 83 11  0 13 21 26 29 50 25 35 42 14 28 42 47
 62 18 40 59  0  6 23 19 35 44 64 84 96 10 13 23 32 41 53 78  0 21 40 44
 57  8 21 37] 
time: [  0.         182.         220.8196557  389.         429.23624841
 207.         271.         443.         481.45180483 506.58460554
 322.           0.         170.         203.         250.64014251
 319.         399.83031468 130.         414.         450.70819144
 159.         378.         411.20995269 454.67786046 508.36553416
  90.         129.23451697 185.11499244   0.         269.
 434.          72.         192.         241.20298871 268.20115563
 282.44169868 317.         200.         216.17438854 321.
 360.13513231 369.37562873 399.         446.           0.
 115.         308.         353.64007482 393.58538429 121.
 155.40649823 456.        ] 
time warps: [0 0 0 0 0 0 0 0 0 0 0 0 0 0 0 0 0 0 0 0 0 0 0 0 0 0 0 0 0 0 0 0 0 0 0 0 0
 0 0 0 0 0 0 0 0 0 0 0 0 0 0 0] 
duration: [  0.          31.57791837 113.94178994 288.95225995 337.24635891
  93.41655676 171.22464763 359.67720144 377.0513546  402.15194936
  11.28350345   0.          39.89411518  92.79237167 184.21572974
 258.60693093 281.98953358  29.13911547 340.47913198 346.34486416
  48.67250541 325.84019827 354.73738161 434.82791808 488.84731127
  12.41460818 113.04209419 191.30630307   0.          43.07277687
 235.14337075 120.95365842 214.42823731 285.74828122 291.50138034
 300.16970212 332.70578374  77.64815698  99.99530026 191.17055234
 216.23842651 238.47328451 252.66354191 304.85843419   0.
  55.72329507 251.32425496 306.28053012 319.79615878  17.51101384
  73.74814721 363.95513866]

All individuals: [(55, [10, 16, 15,  7, 34,  6,  3, 27, 39, 12, 38, 21, 43, 37,  7, 41,  4, 19, 22, 45, 48, 11, 35, 23, 25, 17, 40, 10, 42, 46, 26, 18, 33, 20, 13,  8, 29,  5, 31, 44, 36, 28, 14,  1, 16, 47, 24, 15, 30,  2,  9, 32], 1497.66627153, 1497.66627153, 0.,  0.        , 0., 0., 0, 0, 0.)
 (55, [10, 16, 15,  7, 34,  6,  3, 27, 39, 12, 38, 21, 43, 37,  7, 41,  4, 19, 22, 45, 48, 11, 35, 23, 25, 17, 40, 10, 42, 46, 26, 18, 33, 20, 13,  8, 29,  5, 31, 44, 36, 28, 14,  1, 16, 47, 24, 15, 30,  2,  9, 32], 1497.66627153, 1497.66627153, 0.,  0.        , 0., 0., 0, 0, 0.)
 (55, [10, 16, 15,  7, 34,  6,  3, 27, 39, 12, 38, 21, 43, 37,  7, 41,  4, 19, 22, 45, 48, 11, 35, 23, 25, 17, 40, 10, 42, 46, 26, 18, 33, 20, 13,  8, 29,  5, 31, 44, 36, 28, 14,  1, 16, 47, 24, 15, 30,  2,  9, 32], 1497.66627153, 1497.66627153, 0.,  0.        , 0., 0., 0, 0, 0.)
 (55, [10, 16, 15,  7, 34,  6,  3, 27, 39, 12, 38, 21, 43, 37,  7, 41,  4, 19, 22, 45, 48, 11, 35, 23, 25, 17, 40, 10, 42, 46, 26, 18, 33, 20, 13,  8, 29,  5, 31, 44, 36, 28, 14,  1, 16, 47, 24, 15, 30,  2,  9, 32], 1497.66627153, 1497.66627153, 0.,  0.        , 0., 0., 0, 0, 0.)
 (55, [10, 16, 15,  7, 34,  6,  3, 27, 39, 12, 38, 21, 43, 37,  7, 41,  4, 19, 22, 45, 48, 11, 35, 23, 25, 17, 40, 10, 42, 46, 26, 18, 33, 20, 13,  8, 29,  5, 31, 44, 36, 28, 14,  1, 16, 47, 24, 15, 30,  2,  9, 32], 1497.66627153, 1497.66627153, 0.,  0.        , 0., 0., 0, 0, 0.)
 (55, [10, 16, 15,  7, 34,  6,  3, 27, 39, 12, 38, 21, 43, 37,  7, 41,  4, 19, 22, 45, 48, 11, 35, 23, 25, 17, 40, 10, 42, 46, 26, 18, 33, 20, 13,  8, 29,  5, 31, 44, 36, 28, 14,  1, 16, 47, 24, 15, 30,  2,  9, 32], 1497.66627153, 1497.66627153, 0.,  0.        , 0., 0., 0, 0, 0.)
 (55, [10, 16, 15,  7, 34,  6,  3, 27, 39, 12, 38, 21, 43, 37,  7, 41,  4, 19, 22, 45, 48, 11, 35, 23, 25, 17, 40, 10, 42, 46, 26, 18, 33, 20, 13,  8, 29,  5, 31, 44, 36, 28, 14,  1, 16, 47, 24, 15, 30,  2,  9, 32], 1497.66627153, 1497.66627153, 0.,  0.        , 0., 0., 0, 0, 0.)
 (55, [10, 16, 15,  7, 34,  6,  3, 27, 39, 12, 38, 21, 43, 37,  7, 41,  4, 19, 22, 45, 48, 11, 35, 23, 25, 17, 40, 10, 42, 46, 26, 18, 33, 20, 13,  8, 29,  5, 31, 44, 36, 28, 14,  1, 16, 47, 24, 15, 30,  2,  9, 32], 1497.66627153, 1497.66627153, 0.,  0.        , 0., 0., 0, 0, 0.)
 (55, [10, 16, 15,  7, 34,  6,  3, 27, 39, 12, 38, 21, 43, 37,  7, 41,  4, 19, 22, 45, 48, 11, 35, 23, 25, 17, 40, 10, 42, 46, 26, 18, 33, 20, 13,  8, 29,  5, 31, 44, 36, 28, 14,  1, 16, 47, 24, 15, 30,  2,  9, 32], 1497.66627153, 1497.66627153, 0.,  0.        , 0., 0., 0, 0, 0.)
 (55, [10, 16, 15,  7, 34,  6,  3, 27, 39, 12, 38, 21, 43, 37,  7, 41,  4, 19, 22, 45, 48, 11, 35, 23, 25, 17, 40, 10, 42, 46, 26, 18, 33, 20, 13,  8, 29,  5, 31, 44, 36, 28, 14,  1, 16, 47, 24, 15, 30,  2,  9, 32], 1497.66627153, 1497.66627153, 0.,  0.        , 0., 0., 0, 0, 0.)
 (55, [10, 16, 15,  7, 34,  6,  3, 27, 39, 12, 38, 21, 43, 37,  7, 41,  4, 19, 22, 45, 48, 11, 35, 23, 25, 17, 40, 10, 42, 46, 26, 18, 33, 20, 13,  8, 29,  5, 31, 44, 36, 28, 14,  1, 16, 47, 24, 15, 30,  2,  9, 32], 1497.66627153, 1497.66627153, 0.,  0.        , 0., 0., 0, 0, 0.)
 (55, [10, 16, 15,  7, 34,  6,  3, 27, 39, 12, 38, 21, 43, 37,  7, 41,  4, 19, 22, 45, 48, 11, 35, 23, 25, 17, 40, 10, 42, 46, 26, 18, 33, 20, 13,  8, 29,  5, 31, 44, 36, 28, 14,  1, 16, 47, 24, 15, 30,  2,  9, 32], 1497.66627153, 1497.66627153, 0.,  0.        , 0., 0., 0, 0, 0.)
 (55, [10, 16, 15,  7, 34,  6,  3, 27, 39, 12, 38, 21, 43, 37,  7, 41,  4, 19, 22, 45, 48, 11, 35, 23, 25, 17, 40, 10, 42, 46, 26, 18, 33, 20, 13,  8, 29,  5, 31, 44, 36, 28, 14,  1, 16, 47, 24, 15, 30,  2,  9, 32], 1497.66627153, 1497.66627153, 0.,  0.        , 0., 0., 0, 0, 0.)
 (55, [10, 16, 15,  7, 34,  6,  3, 27, 39, 12, 38, 21, 43, 37,  7, 41,  4, 19, 22, 45, 48, 11, 35, 23, 25, 17, 40, 10, 42, 46, 26, 18, 33, 20, 13,  8, 29,  5, 31, 44, 36, 28, 14,  1, 16, 47, 24, 15, 30,  2,  9, 32], 1497.66627153, 1497.66627153, 0.,  0.        , 0., 0., 0, 0, 0.)
 (55, [10, 16, 15,  7, 34,  6,  3, 27, 39, 12, 38, 21, 43, 37,  7, 41,  4, 19, 22, 45, 48, 11, 35, 23, 25, 17, 40, 10, 42, 46, 26, 18, 33, 20, 13,  8, 29,  5, 31, 44, 36, 28, 14,  1, 16, 47, 24, 15, 30,  2,  9, 32], 1497.66627153, 1497.66627153, 0.,  0.        , 0., 0., 0, 0, 0.)
 (55, [10, 16, 15,  7, 34,  6,  3, 27, 39, 12, 38, 21, 43, 37,  7, 41,  4, 19, 22, 45, 48, 11, 35, 23, 25, 17, 40, 10, 42, 46, 26, 18, 33, 20, 13,  8, 29,  5, 31, 44, 36, 28, 14,  1, 16, 47, 24, 15, 30,  2,  9, 32], 1497.66627153, 1497.66627153, 0.,  0.        , 0., 0., 0, 0, 0.)
 (55, [10, 16, 15,  7, 34,  6,  3, 27, 39, 12, 38, 21, 43, 37,  7, 41,  4, 19, 22, 45, 48, 11, 35, 23, 25, 17, 40, 10, 42, 46, 26, 18, 33, 20, 13,  8, 29,  5, 31, 44, 36, 28, 14,  1, 16, 47, 24, 15, 30,  2,  9, 32], 1497.66627153, 1497.66627153, 0.,  0.        , 0., 0., 0, 0, 0.)
 (55, [10, 16, 15,  7, 34,  6,  3, 27, 39, 12, 38, 21, 43, 37,  7, 41,  4, 19, 22, 45, 48, 11, 35, 23, 25, 17, 40, 10, 42, 46, 26, 18, 33, 20, 13,  8, 29,  5, 31, 44, 36, 28, 14,  1, 16, 47, 24, 15, 30,  2,  9, 32], 1497.66627153, 1497.66627153, 0.,  0.        , 0., 0., 0, 0, 0.)
 (55, [10, 16, 15,  7, 34,  6,  3, 27, 39, 12, 38, 21, 43, 37,  7, 41,  4, 19, 22, 45, 48, 11, 35, 23, 25, 17, 40, 10, 42, 46, 26, 18, 33, 20, 13,  8, 29,  5, 31, 44, 36, 28, 14,  1, 16, 47, 24, 15, 30,  2,  9, 32], 1497.66627153, 1497.66627153, 0.,  0.        , 0., 0., 0, 0, 0.)
 (55, [10, 16, 15,  7, 34,  6,  3, 27, 39, 12, 38, 21, 43, 37,  7, 41,  4, 19, 22, 45, 48, 11, 35, 23, 25, 17, 40, 10, 42, 46, 26, 18, 33, 20, 13,  8, 29,  5, 31, 44, 36, 28, 14,  1, 16, 47, 24, 15, 30,  2,  9, 32], 1497.66627153, 1497.66627153, 0.,  0.        , 0., 0., 0, 0, 0.)
 (55, [10, 16, 15,  7, 34,  6,  3, 27, 39, 12, 38, 21, 43, 37,  7, 41,  4, 19, 22, 45, 48, 11, 35, 23, 25, 17, 40, 10, 42, 46, 26, 18, 33, 20, 13,  8, 29,  5, 31, 44, 36, 28, 14,  1, 16, 47, 24, 15, 30,  2,  9, 32], 1497.66627153, 1497.66627153, 0.,  0.        , 0., 0., 0, 0, 0.)
 (55, [10, 16, 15,  7, 34,  6,  3, 27, 39, 12, 38, 21, 43, 37,  7, 41,  4, 19, 22, 45, 48, 11, 35, 23, 25, 17, 40, 10, 42, 46, 26, 18, 33, 20, 13,  8, 29,  5, 31, 44, 36, 28, 14,  1, 16, 47, 24, 15, 30,  2,  9, 32], 1497.66627153, 1497.66627153, 0.,  0.        , 0., 0., 0, 0, 0.)
 (55, [10, 16, 15,  7, 34,  6,  3, 27, 39, 12, 38, 21, 43, 37,  7, 41,  4, 19, 22, 45, 48, 11, 35, 23, 25, 17, 40, 10, 42, 46, 26, 18, 33, 20, 13,  8, 29,  5, 31, 44, 36, 28, 14,  1, 16, 47, 24, 15, 30,  2,  9, 32], 1497.66627153, 1497.66627153, 0.,  0.        , 0., 0., 0, 0, 0.)
 (55, [10, 16, 15,  7, 34,  6,  3, 27, 39, 12, 38, 21, 43, 37,  7, 41,  4, 19, 22, 45, 48, 11, 35, 23, 25, 17, 40, 10, 42, 46, 26, 18, 33, 20, 13,  8, 29,  5, 31, 44, 36, 28, 14,  1, 16, 47, 24, 15, 30,  2,  9, 32], 1497.66627153, 1497.66627153, 0.,  0.        , 0., 0., 0, 0, 0.)
 (55, [10, 16, 15,  7, 34,  6,  3, 27, 39, 12, 38, 21, 43, 37,  7, 41,  4, 19, 22, 45, 48, 11, 35, 23, 25, 17, 40, 10, 42, 46, 26, 18, 33, 20, 13,  8, 29,  5, 31, 44, 36, 28, 14,  1, 16, 47, 24, 15, 30,  2,  9, 32], 1497.66627153, 1497.66627153, 0.,  0.        , 0., 0., 0, 0, 0.)
 (55, [10, 16, 15,  7, 34,  6,  3, 27, 39, 12, 38, 21, 43, 37,  7, 41,  4, 19, 22, 45, 48, 11, 35, 23, 25, 17, 40, 10, 42, 46, 26, 18, 33, 20, 13,  8, 29,  5, 31, 44, 36, 28, 14,  1, 16, 47, 24, 15, 30,  2,  9, 32], 1497.66627153, 1497.66627153, 0.,  0.        , 0., 0., 0, 0, 0.)
 (55, [10, 16, 15,  7, 34,  6,  3, 27, 39, 12, 38, 21, 43, 37,  7, 41,  4, 19, 22, 45, 48, 11, 35, 23, 25, 17, 40, 10, 42, 46, 26, 18, 33, 20, 13,  8, 29,  5, 31, 44, 36, 28, 14,  1, 16, 47, 24, 15, 30,  2,  9, 32], 1497.66627153, 1497.66627153, 0.,  0.        , 0., 0., 0, 0, 0.)
 (55, [10, 16, 15,  7, 34,  6,  3, 27, 39, 12, 38, 21, 43, 37,  7, 41,  4, 19, 22, 45, 48, 11, 35, 23, 25, 17, 40, 10, 42, 46, 26, 18, 33, 20, 13,  8, 29,  5, 31, 44, 36, 28, 14,  1, 16, 47, 24, 15, 30,  2,  9, 32], 1497.66627153, 1497.66627153, 0.,  0.        , 0., 0., 0, 0, 0.)
 (55, [10, 16, 15,  7, 34,  6,  3, 27, 39, 12, 38, 21, 43, 37,  7, 41,  4, 19, 22, 45, 48, 11, 35, 23, 25, 17, 40, 10, 42, 46, 26, 18, 33, 20, 13,  8, 29,  5, 31, 44, 36, 28, 14,  1, 16, 47, 24, 15, 30,  2,  9, 32], 1497.66627153, 1497.66627153, 0.,  0.        , 0., 0., 0, 0, 0.)
 (55, [10, 16, 15,  7, 34,  6,  3, 27, 39, 12, 38, 21, 43, 37,  7, 41,  4, 19, 22, 45, 48, 11, 35, 23, 25, 17, 40, 10, 42, 46, 26, 18, 33, 20, 13,  8, 29,  5, 31, 44, 36, 28, 14,  1, 16, 47, 24, 15, 30,  2,  9, 32], 1497.66627153, 1497.66627153, 0.,  0.        , 0., 0., 0, 0, 0.)
 (55, [10, 16, 15,  7, 34,  6,  3, 27, 39, 12, 38, 21, 43, 37,  7, 41,  4, 19, 22, 45, 48, 11, 35, 23, 25, 17, 40, 10, 42, 46, 26, 18, 33, 20, 13,  8, 29,  5, 31, 44, 36, 28, 14,  1, 16, 47, 24, 15, 30,  2,  9, 32], 1497.66627153, 1497.66627153, 0.,  0.        , 0., 0., 0, 0, 0.)
 (55, [10, 16, 15,  7, 34,  6,  3, 27, 39, 12, 38, 21, 43, 37,  7, 41,  4, 19, 22, 45, 48, 11, 35, 23, 25, 17, 40, 10, 42, 46, 26, 18, 33, 20, 13,  8, 29,  5, 31, 44, 36, 28, 14,  1, 16, 47, 24, 15, 30,  2,  9, 32], 1497.66627153, 1497.66627153, 0.,  0.        , 0., 0., 0, 0, 0.)
 (55, [10, 16, 15,  7, 34,  6,  3, 27, 39, 12, 38, 21, 43, 37,  7, 41,  4, 19, 22, 45, 48, 11, 35, 23, 25, 17, 40, 10, 42, 46, 26, 18, 33, 20, 13,  8, 29,  5, 31, 44, 36, 28, 14,  1, 16, 47, 24, 15, 30,  2,  9, 32], 1497.66627153, 1497.66627153, 0.,  0.        , 0., 0., 0, 0, 0.)
 (55, [10, 16, 15,  7, 34,  6,  3, 27, 39, 12, 38, 21, 43, 37,  7, 41,  4, 19, 22, 45, 48, 11, 35, 23, 25, 17, 40, 10, 42, 46, 26, 18, 33, 20, 13,  8, 29,  5, 31, 44, 36, 28, 14,  1, 16, 47, 24, 15, 30,  2,  9, 32], 1497.66627153, 1497.66627153, 0.,  0.        , 0., 0., 0, 0, 0.)
 (55, [10, 16, 15,  7, 34,  6,  3, 27, 39, 12, 38, 21, 43, 37,  7, 41,  4, 19, 22, 45, 48, 11, 35, 23, 25, 17, 40, 10, 42, 46, 26, 18, 33, 20, 13,  8, 29,  5, 31, 44, 36, 28, 14,  1, 16, 47, 24, 15, 30,  2,  9, 32], 1497.66627153, 1497.66627153, 0.,  0.        , 0., 0., 0, 0, 0.)
 (55, [10, 16, 15,  7, 34,  6,  3, 27, 39, 12, 38, 21, 43, 37,  7, 41,  4, 19, 22, 45, 48, 11, 35, 23, 25, 17, 40, 10, 42, 46, 26, 18, 33, 20, 13,  8, 29,  5, 31, 44, 36, 28, 14,  1, 16, 47, 24, 15, 30,  2,  9, 32], 1497.66627153, 1497.66627153, 0.,  0.        , 0., 0., 0, 0, 0.)
 (55, [10, 16, 15,  7, 34,  6,  3, 27, 39, 12, 38, 21, 43, 37,  7, 41,  4, 19, 22, 45, 48, 11, 35, 23, 25, 17, 40, 10, 42, 46, 26, 18, 33, 20, 13,  8, 29,  5, 31, 44, 36, 28, 14,  1, 16, 47, 24, 15, 30,  2,  9, 32], 1497.66627153, 1497.66627153, 0.,  0.        , 0., 0., 0, 0, 0.)
 (55, [10, 16, 15,  7, 34,  6,  3, 27, 39, 12, 38, 21, 43, 37,  7, 41,  4, 19, 22, 45, 48, 11, 35, 23, 25, 17, 40, 10, 42, 46, 26, 18, 33, 20, 13,  8, 29,  5, 31, 44, 36, 28, 14,  1, 16, 47, 24, 15, 30,  2,  9, 32], 1497.66627153, 1497.66627153, 0.,  0.        , 0., 0., 0, 0, 0.)
 (55, [10, 16, 15,  7, 34,  6,  3, 27, 39, 12, 38, 21, 43, 37,  7, 41,  4, 19, 22, 45, 48, 11, 35, 23, 25, 17, 40, 10, 42, 46, 26, 18, 33, 20, 13,  8, 29,  5, 31, 44, 36, 28, 14,  1, 16, 47, 24, 15, 30,  2,  9, 32], 1497.66627153, 1497.66627153, 0.,  0.        , 0., 0., 0, 0, 0.)
 (55, [10, 16, 15,  7, 34,  6,  3, 27, 39, 12, 38, 21, 43, 37,  7, 41,  4, 19, 22, 45, 48, 11, 35, 23, 25, 17, 40, 10, 42, 46, 26, 18, 33, 20, 13,  8, 29,  5, 31, 44, 36, 28, 14,  1, 16, 47, 24, 15, 30,  2,  9, 32], 1497.66627153, 1497.66627153, 0.,  0.        , 0., 0., 0, 0, 0.)
 (55, [10, 16, 15,  7, 34,  6,  3, 27, 39, 12, 38, 21, 43, 37,  7, 41,  4, 19, 22, 45, 48, 11, 35, 23, 25, 17, 40, 10, 42, 46, 26, 18, 33, 20, 13,  8, 29,  5, 31, 44, 36, 28, 14,  1, 16, 47, 24, 15, 30,  2,  9, 32], 1497.66627153, 1497.66627153, 0.,  0.        , 0., 0., 0, 0, 0.)
 (55, [10, 16, 15,  7, 34,  6,  3, 27, 39, 12, 38, 21, 43, 37,  7, 41,  4, 19, 22, 45, 48, 11, 35, 23, 25, 17, 40, 10, 42, 46, 26, 18, 33, 20, 13,  8, 29,  5, 31, 44, 36, 28, 14,  1, 16, 47, 24, 15, 30,  2,  9, 32], 1497.66627153, 1497.66627153, 0.,  0.        , 0., 0., 0, 0, 0.)
 (55, [10, 16, 15,  7, 34,  6,  3, 27, 39, 12, 38, 21, 43, 37,  7, 41,  4, 19, 22, 45, 48, 11, 35, 23, 25, 17, 40, 10, 42, 46, 26, 18, 33, 20, 13,  8, 29,  5, 31, 44, 36, 28, 14,  1, 16, 47, 24, 15, 30,  2,  9, 32], 1497.66627153, 1497.66627153, 0.,  0.        , 0., 0., 0, 0, 0.)
 (55, [10, 16, 15,  7, 34,  6,  3, 27, 39, 12, 38, 21, 43, 37,  7, 41,  4, 19, 22, 45, 48, 11, 35, 23, 25, 17, 40, 10, 42, 46, 26, 18, 33, 20, 13,  8, 29,  5, 31, 44, 36, 28, 14,  1, 16, 47, 24, 15, 30,  2,  9, 32], 1497.66627153, 1497.66627153, 0.,  0.        , 0., 0., 0, 0, 0.)
 (55, [10, 16, 15,  7, 34,  6,  3, 27, 39, 12, 38, 21, 43, 37,  7, 41,  4, 19, 22, 45, 48, 11, 35, 23, 25, 17, 40, 10, 42, 46, 26, 18, 33, 20, 13,  8, 29,  5, 31, 44, 36, 28, 14,  1, 16, 47, 24, 15, 30,  2,  9, 32], 1497.66627153, 1497.66627153, 0.,  0.        , 0., 0., 0, 0, 0.)
 (55, [10, 16, 15,  7, 34,  6,  3, 27, 39, 12, 38, 21, 43, 37,  7, 41,  4, 19, 22, 45, 48, 11, 35, 23, 25, 17, 40, 10, 42, 46, 26, 18, 33, 20, 13,  8, 29,  5, 31, 44, 36, 28, 14,  1, 16, 47, 24, 15, 30,  2,  9, 32], 1497.66627153, 1497.66627153, 0.,  0.        , 0., 0., 0, 0, 0.)
 (55, [10, 16, 15,  7, 34,  6,  3, 27, 39, 12, 38, 21, 43, 37,  7, 41,  4, 19, 22, 45, 48, 11, 35, 23, 25, 17, 40, 10, 42, 46, 26, 18, 33, 20, 13,  8, 29,  5, 31, 44, 36, 28, 14,  1, 16, 47, 24, 15, 30,  2,  9, 32], 1497.66627153, 1497.66627153, 0.,  0.        , 0., 0., 0, 0, 0.)
 (55, [10, 16, 15,  7, 34,  6,  3, 27, 39, 12, 38, 21, 43, 37,  7, 41,  4, 19, 22, 45, 48, 11, 35, 23, 25, 17, 40, 10, 42, 46, 26, 18, 33, 20, 13,  8, 29,  5, 31, 44, 36, 28, 14,  1, 16, 47, 24, 15, 30,  2,  9, 32], 1497.66627153, 1497.66627153, 0.,  0.        , 0., 0., 0, 0, 0.)
 (55, [10, 16, 15,  7, 34,  6,  3, 27, 39, 12, 38, 21, 43, 37,  7, 41,  4, 19, 22, 45, 48, 11, 35, 23, 25, 17, 40, 10, 42, 46, 26, 18, 33, 20, 13,  8, 29,  5, 31, 44, 36, 28, 14,  1, 16, 47, 24, 15, 30,  2,  9, 32], 1497.66627153, 1497.66627153, 0.,  0.        , 0., 0., 0, 0, 0.)
 (55, [10, 16, 15,  7, 34,  6,  3, 27, 39, 12, 38, 21, 43, 37,  7, 41,  4, 19, 22, 45, 48, 11, 35, 23, 25, 17, 40, 10, 42, 46, 26, 18, 33, 20, 13,  8, 29,  5, 31, 44, 36, 28, 14,  1, 16, 47, 24, 15, 30,  2,  9, 32], 1497.66627153, 1497.66627153, 0.,  0.        , 0., 0., 0, 0, 0.)
 (55, [10, 16, 15,  7, 34,  6,  3, 27, 39, 12, 38, 21, 43, 37,  7, 41,  4, 19, 22, 45, 48, 11, 35, 23, 25, 17, 40, 10, 42, 46, 26, 18, 33, 20, 13,  8, 29,  5, 31, 44, 36, 28, 14,  1, 16, 47, 24, 15, 30,  2,  9, 32], 1497.66627153, 1497.66627153, 0.,  0.        , 0., 0., 0, 0, 0.)
 (55, [10, 16, 15,  7, 34,  6,  3, 27, 39, 12, 38, 21, 43, 37,  7, 41,  4, 19, 22, 45, 48, 11, 35, 23, 25, 17, 40, 10, 42, 46, 26, 18, 33, 20, 13,  8, 29,  5, 31, 44, 36, 28, 14,  1, 16, 47, 24, 15, 30,  2,  9, 32], 1497.66627153, 1497.66627153, 0.,  0.        , 0., 0., 0, 0, 0.)
 (55, [10, 16, 15,  7, 34,  6,  3, 27, 39, 12, 38, 21, 43, 37,  7, 41,  4, 19, 22, 45, 48, 11, 35, 23, 25, 17, 40, 10, 42, 46, 26, 18, 33, 20, 13,  8, 29,  5, 31, 44, 36, 28, 14,  1, 16, 47, 24, 15, 30,  2,  9, 32], 1497.66627153, 1497.66627153, 0.,  0.        , 0., 0., 0, 0, 0.)
 (55, [10, 16, 15,  7, 34,  6,  3, 27, 39, 12, 38, 21, 43, 37,  7, 41,  4, 19, 22, 45, 48, 11, 35, 23, 25, 17, 40, 10, 42, 46, 26, 18, 33, 20, 13,  8, 29,  5, 31, 44, 36, 28, 14,  1, 16, 47, 24, 15, 30,  2,  9, 32], 1497.66627153, 1497.66627153, 0.,  0.        , 0., 0., 0, 0, 0.)
 (55, [10, 16, 15,  7, 34,  6,  3, 27, 39, 12, 38, 21, 43, 37,  7, 41,  4, 19, 22, 45, 48, 11, 35, 23, 25, 17, 40, 10, 42, 46, 26, 18, 33, 20, 13,  8, 29,  5, 31, 44, 36, 28, 14,  1, 16, 47, 24, 15, 30,  2,  9, 32], 1497.66627153, 1497.66627153, 0.,  0.        , 0., 0., 0, 0, 0.)
 (55, [10, 16, 15,  7, 34,  6,  3, 27, 39, 12, 38, 21, 43, 37,  7, 41,  4, 19, 22, 45, 48, 11, 35, 23, 25, 17, 40, 10, 42, 46, 26, 18, 33, 20, 13,  8, 29,  5, 31, 44, 36, 28, 14,  1, 16, 47, 24, 15, 30,  2,  9, 32], 1497.66627153, 1497.66627153, 0.,  0.        , 0., 0., 0, 0, 0.)
 (55, [10, 16, 15,  7, 34,  6,  3, 27, 39, 12, 38, 21, 43, 37,  7, 41,  4, 19, 22, 45, 48, 11, 35, 23, 25, 17, 40, 10, 42, 46, 26, 18, 33, 20, 13,  8, 29,  5, 31, 44, 36, 28, 14,  1, 16, 47, 24, 15, 30,  2,  9, 32], 1497.66627153, 1497.66627153, 0.,  0.        , 0., 0., 0, 0, 0.)
 (55, [10, 16, 15,  7, 34,  6,  3, 27, 39, 12, 38, 21, 43, 37,  7, 41,  4, 19, 22, 45, 48, 11, 35, 23, 25, 17, 40, 10, 42, 46, 26, 18, 33, 20, 13,  8, 29,  5, 31, 44, 36, 28, 14,  1, 16, 47, 24, 15, 30,  2,  9, 32], 1497.66627153, 1497.66627153, 0.,  0.        , 0., 0., 0, 0, 0.)
 (55, [10, 16, 15,  7, 34,  6,  3, 27, 39, 12, 38, 21, 43, 37,  7, 41,  4, 19, 22, 45, 48, 11, 35, 23, 25, 17, 40, 10, 42, 46, 26, 18, 33, 20, 13,  8, 29,  5, 31, 44, 36, 28, 14,  1, 16, 47, 24, 15, 30,  2,  9, 32], 1497.66627153, 1497.66627153, 0.,  0.        , 0., 0., 0, 0, 0.)
 (55, [10, 16, 15,  7, 34,  6,  3, 27, 39, 12, 38, 21, 43, 37,  7, 41,  4, 19, 22, 45, 48, 11, 35, 23, 25, 17, 40, 10, 42, 46, 26, 18, 33, 20, 13,  8, 29,  5, 31, 44, 36, 28, 14,  1, 16, 47, 24, 15, 30,  2,  9, 32], 1497.66627153, 1497.66627153, 0.,  0.        , 0., 0., 0, 0, 0.)
 (55, [10, 16, 15,  7, 34,  6,  3, 27, 39, 12, 38, 21, 43, 37,  7, 41,  4, 19, 22, 45, 48, 11, 35, 23, 25, 17, 40, 10, 42, 46, 26, 18, 33, 20, 13,  8, 29,  5, 31, 44, 36, 28, 14,  1, 16, 47, 24, 15, 30,  2,  9, 32], 1497.66627153, 1497.66627153, 0.,  0.        , 0., 0., 0, 0, 0.)
 (55, [10, 16, 15,  7, 34,  6,  3, 27, 39, 12, 38, 21, 43, 37,  7, 41,  4, 19, 22, 45, 48, 11, 35, 23, 25, 17, 40, 10, 42, 46, 26, 18, 33, 20, 13,  8, 29,  5, 31, 44, 36, 28, 14,  1, 16, 47, 24, 15, 30,  2,  9, 32], 1497.66627153, 1497.66627153, 0.,  0.        , 0., 0., 0, 0, 0.)
 (55, [10, 16, 15,  7, 34,  6,  3, 27, 39, 12, 38, 21, 43, 37,  7, 41,  4, 19, 22, 45, 48, 11, 35, 23, 25, 17, 40, 10, 42, 46, 26, 18, 33, 20, 13,  8, 29,  5, 31, 44, 36, 28, 14,  1, 16, 47, 24, 15, 30,  2,  9, 32], 1497.66627153, 1497.66627153, 0.,  0.        , 0., 0., 0, 0, 0.)
 (55, [10, 16, 15,  7, 34,  6,  3, 27, 39, 12, 38, 21, 43, 37,  7, 41,  4, 19, 22, 45, 48, 11, 35, 23, 25, 17, 40, 10, 42, 46, 26, 18, 33, 20, 13,  8, 29,  5, 31, 44, 36, 28, 14,  1, 16, 47, 24, 15, 30,  2,  9, 32], 1497.66627153, 1497.66627153, 0.,  0.        , 0., 0., 0, 0, 0.)
 (55, [10, 16, 15,  7, 34,  6,  3, 27, 39, 12, 38, 21, 43, 37,  7, 41,  4, 19, 22, 45, 48, 11, 35, 23, 25, 17, 40, 10, 42, 46, 26, 18, 33, 20, 13,  8, 29,  5, 31, 44, 36, 28, 14,  1, 16, 47, 24, 15, 30,  2,  9, 32], 1497.66627153, 1497.66627153, 0.,  0.        , 0., 0., 0, 0, 0.)
 (55, [10, 16, 15,  7, 34,  6,  3, 27, 39, 12, 38, 21, 43, 37,  7, 41,  4, 19, 22, 45, 48, 11, 35, 23, 25, 17, 40, 10, 42, 46, 26, 18, 33, 20, 13,  8, 29,  5, 31, 44, 36, 28, 14,  1, 16, 47, 24, 15, 30,  2,  9, 32], 1497.66627153, 1497.66627153, 0.,  0.        , 0., 0., 0, 0, 0.)
 (55, [10, 16, 15,  7, 34,  6,  3, 27, 39, 12, 38, 21, 43, 37,  7, 41,  4, 19, 22, 45, 48, 11, 35, 23, 25, 17, 40, 10, 42, 46, 26, 18, 33, 20, 13,  8, 29,  5, 31, 44, 36, 28, 14,  1, 16, 47, 24, 15, 30,  2,  9, 32], 1497.66627153, 1497.66627153, 0.,  0.        , 0., 0., 0, 0, 0.)
 (55, [10, 16, 15,  7, 34,  6,  3, 27, 39, 12, 38, 21, 43, 37,  7, 41,  4, 19, 22, 45, 48, 11, 35, 23, 25, 17, 40, 10, 42, 46, 26, 18, 33, 20, 13,  8, 29,  5, 31, 44, 36, 28, 14,  1, 16, 47, 24, 15, 30,  2,  9, 32], 1497.66627153, 1497.66627153, 0.,  0.        , 0., 0., 0, 0, 0.)
 (55, [10, 16, 15,  7, 34,  6,  3, 27, 39, 12, 38, 21, 43, 37,  7, 41,  4, 19, 22, 45, 48, 11, 35, 23, 25, 17, 40, 10, 42, 46, 26, 18, 33, 20, 13,  8, 29,  5, 31, 44, 36, 28, 14,  1, 16, 47, 24, 15, 30,  2,  9, 32], 1497.66627153, 1497.66627153, 0.,  0.        , 0., 0., 0, 0, 0.)
 (55, [10, 16, 15,  7, 34,  6,  3, 27, 39, 12, 38, 21, 43, 37,  7, 41,  4, 19, 22, 45, 48, 11, 35, 23, 25, 17, 40, 10, 42, 46, 26, 18, 33, 20, 13,  8, 29,  5, 31, 44, 36, 28, 14,  1, 16, 47, 24, 15, 30,  2,  9, 32], 1497.66627153, 1497.66627153, 0.,  0.        , 0., 0., 0, 0, 0.)
 (55, [10, 16, 15,  7, 34,  6,  3, 27, 39, 12, 38, 21, 43, 37,  7, 41,  4, 19, 22, 45, 48, 11, 35, 23, 25, 17, 40, 10, 42, 46, 26, 18, 33, 20, 13,  8, 29,  5, 31, 44, 36, 28, 14,  1, 16, 47, 24, 15, 30,  2,  9, 32], 1497.66627153, 1497.66627153, 0.,  0.        , 0., 0., 0, 0, 0.)
 (55, [10, 16, 15,  7, 34,  6,  3, 27, 39, 12, 38, 21, 43, 37,  7, 41,  4, 19, 22, 45, 48, 11, 35, 23, 25, 17, 40, 10, 42, 46, 26, 18, 33, 20, 13,  8, 29,  5, 31, 44, 36, 28, 14,  1, 16, 47, 24, 15, 30,  2,  9, 32], 1497.66627153, 1497.66627153, 0.,  0.        , 0., 0., 0, 0, 0.)
 (55, [10, 16, 15,  7, 34,  6,  3, 27, 39, 12, 38, 21, 43, 37,  7, 41,  4, 19, 22, 45, 48, 11, 35, 23, 25, 17, 40, 10, 42, 46, 26, 18, 33, 20, 13,  8, 29,  5, 31, 44, 36, 28, 14,  1, 16, 47, 24, 15, 30,  2,  9, 32], 1497.66627153, 1497.66627153, 0.,  0.        , 0., 0., 0, 0, 0.)
 (55, [10, 16, 15,  7, 34,  6,  3, 27, 39, 12, 38, 21, 43, 37,  7, 41,  4, 19, 22, 45, 48, 11, 35, 23, 25, 17, 40, 10, 42, 46, 26, 18, 33, 20, 13,  8, 29,  5, 31, 44, 36, 28, 14,  1, 16, 47, 24, 15, 30,  2,  9, 32], 1497.66627153, 1497.66627153, 0.,  0.        , 0., 0., 0, 0, 0.)
 (55, [10, 16, 15,  7, 34,  6,  3, 27, 39, 12, 38, 21, 43, 37,  7, 41,  4, 19, 22, 45, 48, 11, 35, 23, 25, 17, 40, 10, 42, 46, 26, 18, 33, 20, 13,  8, 29,  5, 31, 44, 36, 28, 14,  1, 16, 47, 24, 15, 30,  2,  9, 32], 1497.66627153, 1497.66627153, 0.,  0.        , 0., 0., 0, 0, 0.)
 (55, [10, 16, 15,  7, 34,  6,  3, 27, 39, 12, 38, 21, 43, 37,  7, 41,  4, 19, 22, 45, 48, 11, 35, 23, 25, 17, 40, 10, 42, 46, 26, 18, 33, 20, 13,  8, 29,  5, 31, 44, 36, 28, 14,  1, 16, 47, 24, 15, 30,  2,  9, 32], 1497.66627153, 1497.66627153, 0.,  0.        , 0., 0., 0, 0, 0.)
 (55, [10, 16, 15,  7, 34,  6,  3, 27, 39, 12, 38, 21, 43, 37,  7, 41,  4, 19, 22, 45, 48, 11, 35, 23, 25, 17, 40, 10, 42, 46, 26, 18, 33, 20, 13,  8, 29,  5, 31, 44, 36, 28, 14,  1, 16, 47, 24, 15, 30,  2,  9, 32], 1497.66627153, 1497.66627153, 0.,  0.        , 0., 0., 0, 0, 0.)
 (55, [10, 16, 15,  7, 34,  6,  3, 27, 39, 12, 38, 21, 43, 37,  7, 41,  4, 19, 22, 45, 48, 11, 35, 23, 25, 17, 40, 10, 42, 46, 26, 18, 33, 20, 13,  8, 29,  5, 31, 44, 36, 28, 14,  1, 16, 47, 24, 15, 30,  2,  9, 32], 1497.66627153, 1497.66627153, 0.,  0.        , 0., 0., 0, 0, 0.)
 (55, [10, 16, 15,  7, 34,  6,  3, 27, 39, 12, 38, 21, 43, 37,  7, 41,  4, 19, 22, 45, 48, 11, 35, 23, 25, 17, 40, 10, 42, 46, 26, 18, 33, 20, 13,  8, 29,  5, 31, 44, 36, 28, 14,  1, 16, 47, 15, 24, 30,  2,  9, 32], 1529.4650753 , 1529.4650753 , 0.,  0.        , 0., 0., 0, 0, 0.)
 (55, [10, 16, 15,  7, 34,  6,  3, 27, 39, 12, 38, 21, 43, 37,  7, 41,  4, 19, 22, 45, 48, 11, 35, 23, 25, 17, 40, 10, 42, 46, 26, 18, 33, 20, 13,  8, 29,  5, 31, 44, 36, 28, 14,  1, 16, 24, 47, 15, 30,  2,  9, 32], 1540.25447292, 1540.25447292, 0.,  0.        , 0., 0., 0, 0, 0.)
 (55, [10, 16, 15,  7, 34,  6,  3, 27, 39, 12, 38, 21, 43, 37,  7, 41,  4, 19, 22, 45, 48, 11, 35, 23, 25, 17, 40, 10, 42, 46, 20, 18, 33, 26, 13,  8, 29,  5, 31, 44, 36, 28, 14,  1, 16, 47, 24, 15, 30,  2,  9, 32], 1648.49908698, 1648.49908698, 0.,  0.        , 0., 0., 0, 0, 0.)
 (55, [10, 16, 15,  7, 34,  6,  3, 27, 39, 12, 38, 21, 43, 37,  7, 41,  4, 19, 22, 45, 48, 35, 23, 25, 11, 17, 40, 10, 42, 46, 26, 18, 33, 20, 13,  8, 29,  5, 31, 44, 36, 28, 14,  1, 16, 47, 24, 15, 30,  2,  9, 32], 1662.35646021, 1662.35646021, 0.,  0.        , 0., 0., 0, 0, 0.)
 (55, [10, 16, 15,  7, 34,  6,  3, 27, 39, 12, 38, 21, 43, 37,  7, 41,  4, 19, 22, 45, 48, 11, 35, 23, 25, 17, 40, 10, 42, 46, 26, 18, 33, 20, 13,  8, 29, 47, 31, 44, 36, 28, 14,  1, 16,  5, 24, 15, 30,  2,  9, 32], 1715.09433103, 1762.03454255, 0.,  0.        , 0., 0., 0, 0, 0.)
 (55, [10, 16, 15,  7, 34,  6,  3, 27, 39, 12, 38, 21, 16, 37,  7, 41,  4, 19, 22, 45, 48, 11, 35, 23, 25, 17, 40, 10, 42, 46, 26, 18, 33, 20, 13,  8, 29,  5, 31, 44, 36, 28, 14,  1, 43, 47, 24, 15, 30,  2,  9, 32], 1715.8785826 , 1715.8785826 , 0.,  0.        , 0., 0., 0, 0, 0.)
 (55, [10, 16, 15,  7, 34,  6,  3, 27, 39, 12, 38, 21, 43, 37,  7, 41,  4,  8, 22, 45, 48, 11, 35, 23, 25, 17, 40, 10, 42, 46, 26, 18, 33, 20, 13, 19, 29,  5, 31, 44, 36, 28, 14,  1, 16, 47, 24, 15, 30,  2,  9, 32], 1718.80507922, 1706.66620438, 0.,  6.06943742, 0., 0., 0, 0, 0.)
 (55, [10, 16, 13,  9, 34,  6,  3, 27, 39, 12, 38, 21, 43, 37,  7, 41,  4, 19, 22, 45, 48, 11, 35, 23, 25, 17, 40, 10, 42, 46, 26, 18, 33, 20, 13,  8, 29,  5, 30, 44, 36, 28, 14,  1, 16, 47, 24, 15, 31,  2,  9, 32], 1748.17333531, 1748.17333531, 0.,  0.        , 0., 0., 0, 0, 0.)
 (55, [11, 17, 15,  5, 34,  6,  3, 27, 39, 12, 38, 21, 43, 37,  7, 41,  4, 14, 22, 45, 48, 11, 35, 23, 25, 17, 40, 10, 42, 46, 26, 18, 33, 20, 13,  8, 29,  5, 31, 44, 36, 28, 19,  1, 16, 47, 24, 15, 30,  2,  9, 32], 1749.36634935, 1749.36634935, 0.,  0.        , 0., 0., 0, 0, 0.)
 (55, [10, 16, 15,  7, 34,  6,  3, 27, 39, 12, 38, 21, 43, 37,  7, 41,  4, 19, 22, 45, 48, 11, 35, 23, 25, 17, 40, 10, 42, 46, 26, 18, 33, 20, 13,  8, 29,  5, 31, 44, 36, 28, 24,  1, 16, 47, 14, 15, 30,  2,  9, 32], 1776.93539149, 1776.93539149, 0.,  0.        , 0., 0., 0, 0, 0.)
 (55, [ 9, 17, 16,  6, 34,  6,  3, 27, 39, 12, 38, 21, 43, 37,  7, 41,  4, 19, 22, 45, 48, 11, 35, 23, 25, 17, 40, 10, 42, 46, 26, 32, 33, 20, 13,  8, 29,  5, 31, 44, 36, 28, 14,  1, 16, 47, 24, 15, 30,  2,  9, 18], 1783.52825197, 1783.52825197, 0.,  0.        , 0., 0., 0, 0, 0.)
 (55, [10, 16, 15,  7, 34,  6,  3, 27, 39, 12, 38, 21, 43, 37,  7, 41,  4, 19, 22, 45, 48, 11, 35, 23, 25, 17, 40, 10, 42,  1, 26, 18, 33, 20, 13,  8, 29,  5, 31, 44, 36, 28, 14, 46, 16, 47, 24, 15, 30,  2,  9, 32], 1785.05310116, 1785.05310116, 0.,  0.        , 0., 0., 0, 0, 0.)
 (55, [10, 16, 15,  7, 34,  6,  3, 27, 39, 12, 38, 21, 43, 37,  7, 41,  4, 19, 22, 25, 48, 11, 35, 23, 45, 17, 40, 10, 42, 46, 26, 18, 33, 20, 13,  8, 29,  5, 31, 44, 36, 28, 14,  1, 16, 47, 24, 15, 30,  2,  9, 32], 1788.09518836, 1788.09518836, 0.,  0.        , 0., 0., 0, 0, 0.)
 (55, [10, 17, 16,  5, 34,  6,  3, 10, 39, 12, 38, 21, 43, 37,  7, 41,  4, 19, 22, 45, 48, 11, 35, 23, 25, 17, 40, 27, 42, 46, 26, 18, 33, 20, 13,  8, 29,  5, 31, 44, 36, 28, 14,  1, 16, 47, 24, 15, 30,  2,  9, 32], 1796.17771976, 1941.68623552, 0.,  0.        , 0., 0., 0, 0, 0.)
 (55, [10, 16, 16,  6, 34,  6,  3, 27, 39, 12, 38, 21, 43, 37,  7, 41, 10, 19, 22, 45, 48, 11, 35, 23, 25, 17, 40,  4, 42, 46, 26, 18, 33, 20, 13,  8, 29,  5, 31, 44, 36, 28, 14,  1, 16, 47, 24, 15, 30,  2,  9, 32], 1806.10497875, 1806.10497875, 0.,  0.        , 0., 0., 0, 0, 0.)
 (55, [10, 16, 15,  7, 34,  6,  3, 27, 39, 12, 38, 21, 43, 37,  8, 41,  4, 19, 22, 45, 48, 11, 35, 23, 25, 17, 40, 10, 42, 46, 26, 18, 33, 20, 13,  7, 29,  5, 31, 44, 36, 28, 14,  1, 16, 47, 24, 15, 30,  2,  9, 32], 1860.14912521, 1860.14912521, 0.,  0.        , 0., 0., 0, 0, 0.)
 (55, [10, 16, 14,  8, 34,  6,  3, 27, 39, 12, 38, 45, 43, 37,  7, 41,  4, 19, 22, 21, 48, 11, 35, 23, 25, 17, 40, 10, 42, 46, 26, 18, 33, 20, 13,  8, 29,  5, 31, 44, 36, 28, 14,  1, 16, 47, 24, 15, 30,  2,  9, 32], 1861.27113828, 2054.5695708 , 0.,  0.        , 0., 0., 0, 0, 0.)
 (55, [10, 16, 15,  7, 34,  6, 18, 27, 39, 12, 38, 21, 43, 37,  7, 41,  4, 19, 22, 45, 48, 11, 35, 23, 25, 17, 40, 10, 42, 46, 26,  3, 33, 20, 13,  8, 29,  5, 31, 44, 36, 28, 14,  1, 16, 47, 24, 15, 30,  2,  9, 32], 1869.61792405, 1869.61792405, 0.,  0.        , 0., 0., 0, 0, 0.)
 (55, [ 9, 16, 16,  7, 34, 36,  3, 27, 39, 12, 38, 21, 43, 37,  7, 41,  4, 19, 22, 45, 48, 11, 35, 23, 25, 17, 40, 10, 42, 46, 26, 18, 33, 20, 13,  8, 29,  5, 31, 44,  6, 28, 14,  1, 16, 47, 24, 15, 30,  2,  9, 32], 1912.48529293, 1863.98963231, 0., 24.24783031, 0., 0., 0, 0, 0.)
 (55, [ 8, 16, 15,  9, 34, 39,  3, 27,  6, 12, 38, 21, 43, 37,  7, 41,  4, 19, 22, 45, 48, 11, 35, 23, 25, 17, 40, 10, 42, 46, 26, 18, 33, 20, 13,  8, 29,  5, 31, 44, 36, 28, 14,  1, 16, 47, 24, 15, 30,  2,  9, 32], 1994.12973794, 1994.12973794, 0.,  0.        , 0., 0., 0, 0, 0.)
 (55, [12, 15, 15,  6, 34,  6,  3, 27, 39, 12, 31, 21, 43, 37,  7, 41,  4, 19, 22, 45, 48, 11, 35, 23, 25, 17, 40, 10, 42, 46, 26, 18, 33, 20, 13,  8, 29,  5, 38, 44, 36, 28, 14,  1, 16, 47, 24, 15, 30,  2,  9, 32], 2013.61424159, 2013.61424159, 0.,  0.        , 0., 0., 0, 0, 0.)
 (55, [12, 15, 13,  8, 34,  6,  3, 27, 39, 12, 38, 21, 43, 37,  7, 41,  4, 19, 22, 45, 48, 29, 35, 23, 25, 17, 40, 10, 42, 46, 26, 18, 33, 20, 13,  8, 11,  5, 31, 44, 36, 28, 14,  1, 16, 47, 24, 15, 30,  2,  9, 32], 2134.35401881, 2338.70211785, 0.,  0.        , 0., 0., 0, 0, 0.)]