
Total Runtime in seconds: 173.44254541397095Parameters:
population_size: 100, max_generations: 1000, executed generations: 1000, threshold_no_improvement: 500
target feasible proportion: 25
fitness_scaling: power_rank, selection_method: n_tournaments
p_c: 0.8, p_m: 0.4
tournament_size: 2, n_elite: 4
survivor_selection_step: 200, p_selection_survival: 0.7
kill clone step: 100
diversify_step: 300, diversify_step: 300, p_diversify_survival: 0.3
n_closest_neighbors: 3, diversity_weight: 0.5, distance_method: broken_pairs_distance
capacity_penalty_factor: 2, duration_penalty_factor 2, time_window_penalty: 2
Best fitness all generations, best individual before/after local search: 1415.5047636952286, 1415.5047636952286 / 1415.5047636952286
Best individual found before local search: (44, [ 8, 19, 10, 11, 33, 20, 41, 44, 32, 37,  9, 35, 22, 10, 42, 46, 21, 24, 43, 34,  7, 36, 26, 18, 17, 45,  6, 27,  3, 48, 11,  4, 19, 14, 28,  1, 16, 29,  8, 13,  5, 15, 23, 25, 40, 38,  2, 31, 39, 30, 47, 12], 1415.5047637, 1415.5047637, 0., 0., 0., 0., 0, 0, 0.)
Best individual found after local search: (44, [ 8, 19, 10, 11, 33, 20, 41, 44, 32, 37,  9, 35, 22, 10, 42, 46, 21, 24, 43, 34,  7, 36, 26, 18, 17, 45,  6, 27,  3, 48, 11,  4, 19, 14, 28,  1, 16, 29,  8, 13,  5, 15, 23, 25, 40, 38,  2, 31, 39, 30, 47, 12], 1415.5047637, 1415.5047637, 0., 0., 0., 0., 0, 0, 0.)
Best feasible individual found: (44, [ 8, 19, 10, 11, 33, 20, 41, 44, 32, 37,  9, 35, 22, 10, 42, 46, 21, 24, 43, 34,  7, 36, 26, 18, 17, 45,  6, 27,  3, 48, 11,  4, 19, 14, 28,  1, 16, 29,  8, 13,  5, 15, 23, 25, 40, 38,  2, 31, 39, 30, 47, 12], 1415.5047637, 1415.5047637, 0., 0., 0., 0., 0, 0, 0.)

Fitness stats min: [3443.24480853 3480.47357458 3419.03456537 3407.11979684 3283.78270967
 3183.6961793  3042.66470545 3004.40741916 3004.40741916 3036.17059342
 3040.5905135  2987.42863818 2987.42863818 2971.45365215 2980.91913522
 2825.20980983 2835.04038076 2756.82115534 2627.78450209 2627.78450209
 2627.78450209 2565.90182146 2565.90182146 2565.90182146 2552.86331477
 2552.86331477 2503.88463951 2503.88463951 2503.88463951 2503.88463951
 2503.88463951 2503.88463951 2503.88463951 2503.88463951 2503.88463951
 2503.88463951 2503.88463951 2503.88463951 2501.74568237 2454.08199664
 2454.08199664 2454.08199664 2454.08199664 2424.98897495 2424.98897495
 2424.98897495 2400.22656924 2348.18361446 2348.18361446 2335.47283967
 2231.69373309 2231.69373309 2231.69373309 2231.69373309 2231.69373309
 2231.69373309 2231.69373309 2231.69373309 2209.97090567 2209.97090567
 2154.57060704 2154.57060704 2154.57060704 2154.57060704 2154.57060704
 2154.57060704 2154.57060704 2154.57060704 2025.64045246 2025.64045246
 2025.64045246 2007.84792178 2007.84792178 2007.84792178 1966.75610824
 1966.75610824 1953.44881541 1953.44881541 1953.44881541 1953.44881541
 1953.44881541 1953.44881541 1953.44881541 1953.44881541 1953.44881541
 1953.44881541 1953.44881541 1900.56009372 1900.56009372 1900.56009372
 1900.56009372 1900.56009372 1900.56009372 1900.56009372 1900.56009372
 1900.56009372 1900.56009372 1900.56009372 1900.56009372 1900.56009372
 1895.83926303 1895.83926303 1895.83926303 1895.83926303 1895.83926303
 1895.83926303 1895.83926303 1883.63204555 1883.63204555 1883.63204555
 1880.07197163 1865.03081003 1865.03081003 1865.03081003 1861.47073611
 1861.47073611 1861.47073611 1861.47073611 1861.47073611 1861.47073611
 1859.33642068 1859.33642068 1863.41225682 1863.41225682 1863.41225682
 1863.41225682 1860.92799602 1860.92799602 1860.92799602 1860.92799602
 1860.92799602 1858.79368059 1858.79368059 1858.79368059 1858.79368059
 1858.79368059 1858.79368059 1858.79368059 1858.79368059 1858.79368059
 1858.79368059 1858.79368059 1858.79368059 1858.79368059 1858.79368059
 1858.79368059 1858.79368059 1858.79368059 1858.79368059 1858.79368059
 1858.79368059 1858.79368059 1858.79368059 1858.79368059 1858.79368059
 1858.79368059 1858.79368059 1858.79368059 1858.79368059 1858.79368059
 1858.79368059 1858.79368059 1858.79368059 1858.79368059 1858.79368059
 1858.79368059 1858.79368059 1858.79368059 1857.79716099 1857.79716099
 1857.79716099 1857.79716099 1857.79716099 1855.40781882 1855.40781882
 1855.40781882 1847.28791322 1806.13144544 1806.13144544 1806.13144544
 1806.13144544 1806.13144544 1806.13144544 1806.13144544 1806.13144544
 1806.13144544 1806.13144544 1806.13144544 1806.13144544 1806.13144544
 1806.13144544 1806.13144544 1806.13144544 1806.13144544 1793.28141309
 1793.28141309 1789.56226402 1754.09642433 1754.09642433 1754.09642433
 1754.09642433 1754.09642433 1754.09642433 1754.09642433 1754.09642433
 1754.09642433 1737.42520684 1737.42520684 1737.42520684 1737.42520684
 1737.42520684 1737.42520684 1737.42520684 1737.42520684 1737.42520684
 1737.42520684 1737.42520684 1737.42520684 1737.42520684 1737.42520684
 1737.42520684 1737.42520684 1737.42520684 1737.42520684 1714.17017219
 1714.17017219 1714.17017219 1707.0467862  1707.0467862  1707.0467862
 1707.0467862  1707.0467862  1707.0467862  1707.0467862  1707.0467862
 1707.0467862  1707.0467862  1687.21443662 1687.21443662 1687.21443662
 1687.21443662 1687.21443662 1687.21443662 1687.21443662 1687.21443662
 1687.21443662 1687.21443662 1687.21443662 1685.8221948  1685.18535021
 1685.18535021 1685.18535021 1685.18535021 1685.18535021 1685.18535021
 1685.18535021 1685.06093635 1685.06093635 1685.06093635 1685.06093635
 1685.06093635 1685.06093635 1685.06093635 1685.06093635 1685.06093635
 1685.06093635 1685.06093635 1685.06093635 1685.06093635 1685.06093635
 1672.30795697 1672.30795697 1672.30795697 1669.57351453 1669.57351453
 1669.57351453 1669.57351453 1669.57351453 1669.57351453 1658.46830247
 1658.46830247 1658.46830247 1666.65512737 1666.65512737 1666.65512737
 1666.65512737 1666.65512737 1666.65512737 1666.65512737 1666.65512737
 1666.65512737 1666.65512737 1665.04062197 1665.04062197 1665.04062197
 1660.82616083 1658.43583523 1658.43583523 1658.43583523 1658.43583523
 1658.43583523 1658.43583523 1658.43583523 1658.43583523 1658.43583523
 1658.43583523 1658.43583523 1658.43583523 1644.93260327 1644.93260327
 1644.93260327 1644.93260327 1644.93260327 1644.93260327 1644.93260327
 1644.93260327 1630.77643882 1630.77643882 1630.77643882 1630.77643882
 1630.77643882 1630.77643882 1630.77643882 1630.77643882 1623.88107504
 1623.88107504 1621.14663261 1621.14663261 1621.14663261 1621.14663261
 1621.14663261 1621.14663261 1621.14663261 1621.14663261 1621.14663261
 1621.14663261 1621.14663261 1621.14663261 1621.14663261 1621.14663261
 1621.14663261 1621.14663261 1621.14663261 1621.14663261 1621.14663261
 1621.14663261 1621.14663261 1602.18179986 1615.94359287 1615.94359287
 1613.90291354 1607.26645627 1607.26645627 1613.90291354 1613.90291354
 1611.2297738  1611.2297738  1611.2297738  1605.51412592 1605.51412592
 1605.51412592 1605.51412592 1605.51412592 1605.51412592 1605.51412592
 1605.51412592 1600.80030684 1600.80030684 1600.80030684 1600.80030684
 1600.80030684 1600.80030684 1600.80030684 1600.80030684 1600.80030684
 1600.80030684 1600.80030684 1600.80030684 1600.80030684 1576.15262473
 1576.15262473 1576.15262473 1576.15262473 1576.15262473 1576.15262473
 1576.15262473 1576.15262473 1576.15262473 1576.15262473 1576.15262473
 1576.15262473 1572.76553465 1572.76553465 1572.76553465 1572.76553465
 1572.76553465 1572.76553465 1572.76553465 1572.76553465 1571.60026548
 1571.60026548 1571.60026548 1561.91241321 1561.91241321 1561.91241321
 1557.36005396 1557.36005396 1557.36005396 1557.36005396 1545.43954305
 1545.43954305 1545.43954305 1545.43954305 1540.88718381 1540.88718381
 1539.40190567 1539.40190567 1539.40190567 1539.40190567 1539.40190567
 1537.89812415 1537.89812415 1537.89812415 1537.89812415 1537.89812415
 1537.89812415 1537.89812415 1537.89812415 1537.89812415 1537.89812415
 1537.89812415 1537.89812415 1532.54386627 1532.54386627 1532.54386627
 1537.89812415 1537.89812415 1537.89812415 1537.89812415 1537.89812415
 1537.89812415 1537.89812415 1537.89812415 1537.89812415 1537.89812415
 1537.89812415 1537.89812415 1537.89812415 1537.89812415 1537.89812415
 1531.04008476 1537.89812415 1537.89812415 1531.04008476 1537.89812415
 1537.4919666  1537.4919666  1537.4919666  1537.4919666  1537.4919666
 1518.93329141 1518.93329141 1518.93329141 1537.4919666  1537.4919666
 1536.91093683 1536.91093683 1536.91093683 1536.91093683 1536.91093683
 1527.77430555 1527.77430555 1536.91093683 1536.91093683 1536.91093683
 1536.91093683 1536.91093683 1526.57673073 1526.57673073 1526.57673073
 1526.57673073 1526.57673073 1524.77975613 1524.77975613 1524.77975613
 1524.77975613 1524.77975613 1524.77975613 1524.77975613 1524.77975613
 1524.77975613 1515.91474509 1515.91474509 1515.91474509 1515.91474509
 1515.91474509 1515.91474509 1515.91474509 1501.17898765 1501.17898765
 1501.17898765 1501.17898765 1501.17898765 1501.17898765 1501.17898765
 1501.17898765 1501.17898765 1492.70708456 1492.70708456 1492.70708456
 1492.70708456 1492.70708456 1490.91010996 1490.91010996 1490.91010996
 1490.91010996 1487.86153223 1487.86153223 1487.86153223 1487.86153223
 1487.86153223 1487.86153223 1487.86153223 1487.86153223 1487.86153223
 1487.86153223 1487.86153223 1487.86153223 1487.86153223 1487.86153223
 1487.86153223 1487.86153223 1487.82692058 1487.36994577 1487.36994577
 1487.36994577 1487.36994577 1484.15246324 1484.15246324 1484.15246324
 1484.15246324 1483.56480186 1483.39589707 1483.39589707 1480.34731934
 1480.34731934 1480.34731934 1480.34731934 1480.34731934 1480.34731934
 1480.34731934 1480.34731934 1480.34731934 1480.34731934 1480.34731934
 1480.34731934 1480.34731934 1480.34731934 1480.34731934 1480.34731934
 1480.34731934 1480.34731934 1480.34731934 1480.34731934 1480.34731934
 1480.34731934 1480.34731934 1480.34731934 1480.34731934 1480.34731934
 1480.34731934 1480.34731934 1480.34731934 1480.34731934 1478.37782669
 1478.37782669 1478.37782669 1478.37782669 1478.37782669 1478.37782669
 1478.37782669 1478.37782669 1478.37782669 1476.58085208 1476.58085208
 1476.58085208 1476.58085208 1476.58085208 1476.58085208 1476.58085208
 1476.58085208 1476.58085208 1476.58085208 1476.58085208 1476.58085208
 1476.58085208 1476.58085208 1476.58085208 1476.58085208 1476.58085208
 1476.58085208 1476.58085208 1476.58085208 1476.58085208 1476.58085208
 1476.58085208 1476.58085208 1476.58085208 1476.58085208 1476.58085208
 1476.58085208 1476.58085208 1476.58085208 1476.58085208 1476.58085208
 1476.58085208 1476.58085208 1476.58085208 1476.58085208 1476.58085208
 1476.58085208 1476.58085208 1476.58085208 1476.58085208 1476.58085208
 1476.58085208 1476.58085208 1476.58085208 1476.58085208 1476.58085208
 1476.58085208 1476.58085208 1476.58085208 1476.58085208 1476.58085208
 1476.58085208 1476.58085208 1476.58085208 1476.58085208 1476.58085208
 1476.58085208 1476.58085208 1476.58085208 1476.58085208 1476.58085208
 1476.58085208 1476.58085208 1476.58085208 1476.58085208 1476.58085208
 1476.58085208 1476.58085208 1476.58085208 1476.58085208 1476.58085208
 1476.58085208 1476.58085208 1476.58085208 1476.58085208 1476.58085208
 1476.58085208 1476.58085208 1476.58085208 1476.58085208 1476.58085208
 1476.58085208 1476.58085208 1476.58085208 1476.58085208 1476.58085208
 1476.58085208 1476.58085208 1476.58085208 1476.58085208 1476.58085208
 1476.58085208 1476.58085208 1476.58085208 1476.58085208 1476.58085208
 1476.58085208 1476.58085208 1476.58085208 1476.58085208 1476.58085208
 1476.58085208 1476.58085208 1476.58085208 1476.58085208 1476.58085208
 1476.58085208 1476.58085208 1476.58085208 1476.58085208 1476.58085208
 1476.58085208 1476.58085208 1476.58085208 1476.58085208 1476.58085208
 1476.58085208 1476.58085208 1476.58085208 1476.58085208 1476.58085208
 1476.58085208 1476.58085208 1476.58085208 1476.58085208 1476.58085208
 1476.58085208 1476.58085208 1476.58085208 1476.58085208 1476.58085208
 1476.58085208 1476.58085208 1476.58085208 1476.58085208 1476.58085208
 1476.58085208 1476.58085208 1476.58085208 1476.58085208 1476.58085208
 1476.58085208 1476.58085208 1476.58085208 1476.58085208 1476.58085208
 1476.58085208 1476.58085208 1476.58085208 1476.58085208 1476.58085208
 1476.58085208 1476.58085208 1476.58085208 1476.58085208 1476.58085208
 1476.58085208 1476.58085208 1476.58085208 1476.58085208 1476.58085208
 1476.58085208 1476.58085208 1476.58085208 1476.58085208 1476.58085208
 1476.58085208 1476.58085208 1476.58085208 1476.58085208 1476.58085208
 1476.58085208 1476.58085208 1476.58085208 1476.58085208 1476.58085208
 1476.58085208 1476.58085208 1476.58085208 1476.58085208 1476.58085208
 1476.58085208 1476.58085208 1476.58085208 1476.58085208 1476.58085208
 1476.58085208 1476.58085208 1476.58085208 1476.58085208 1476.58085208
 1476.58085208 1476.58085208 1476.58085208 1476.58085208 1476.58085208
 1476.58085208 1476.58085208 1476.58085208 1476.58085208 1476.58085208
 1476.58085208 1476.58085208 1476.58085208 1476.58085208 1476.58085208
 1476.58085208 1476.58085208 1476.58085208 1476.58085208 1476.58085208
 1476.58085208 1476.58085208 1476.58085208 1476.22589535 1476.22589535
 1476.22589535 1476.22589535 1476.22589535 1476.22589535 1476.22589535
 1476.22589535 1476.22589535 1476.22589535 1476.22589535 1459.16623014
 1459.16623014 1459.16623014 1459.16623014 1459.16623014 1459.16623014
 1459.16623014 1459.16623014 1459.16623014 1459.16623014 1459.16623014
 1459.16623014 1459.16623014 1459.16623014 1459.16623014 1445.75699116
 1445.75699116 1445.75699116 1445.75699116 1445.75699116 1445.75699116
 1445.75699116 1445.75699116 1445.75699116 1445.75699116 1445.75699116
 1445.75699116 1445.75699116 1445.75699116 1445.75699116 1445.75699116
 1445.75699116 1445.75699116 1445.75699116 1445.75699116 1445.75699116
 1445.75699116 1445.75699116 1445.75699116 1445.75699116 1445.75699116
 1443.78770256 1443.78770256 1443.78770256 1443.78770256 1442.57245477
 1430.19524128 1430.19524128 1430.19524128 1430.19524128 1430.19524128
 1430.19524128 1429.74107915 1429.74107915 1429.74107915 1429.74107915
 1429.74107915 1429.74107915 1429.74107915 1429.74107915 1429.74107915
 1429.74107915 1429.74107915 1429.74107915 1429.74107915 1429.74107915
 1429.74107915 1429.74107915 1429.74107915 1429.74107915 1429.74107915
 1429.74107915 1429.74107915 1429.74107915 1429.74107915 1429.74107915
 1429.74107915 1429.74107915 1429.74107915 1429.74107915 1429.74107915
 1429.74107915 1429.74107915 1429.74107915 1429.74107915 1429.74107915
 1429.74107915 1429.74107915 1429.74107915 1429.74107915 1429.74107915
 1429.74107915 1429.74107915 1429.74107915 1429.74107915 1429.74107915
 1429.74107915 1429.74107915 1429.74107915 1429.74107915 1429.74107915
 1429.74107915 1429.74107915 1429.74107915 1429.74107915 1429.74107915
 1429.74107915 1429.74107915 1429.74107915 1429.74107915 1429.74107915
 1429.74107915 1429.74107915 1429.74107915 1429.74107915 1429.74107915
 1429.74107915 1429.74107915 1429.74107915 1429.74107915 1429.74107915
 1429.74107915 1429.74107915 1429.74107915 1429.74107915 1429.74107915
 1429.74107915 1429.74107915 1429.74107915 1429.74107915 1429.74107915
 1429.74107915 1429.74107915 1429.74107915 1429.74107915 1429.74107915
 1429.74107915 1429.74107915 1429.74107915 1429.74107915 1429.74107915
 1429.74107915 1429.74107915 1429.74107915 1429.74107915 1429.74107915
 1429.74107915 1429.74107915 1429.74107915 1429.74107915 1429.74107915
 1429.74107915 1429.74107915 1429.74107915 1429.74107915 1429.74107915
 1429.74107915 1415.5047637  1415.5047637  1415.5047637  1415.5047637
 1415.5047637  1415.5047637  1415.5047637  1415.5047637  1415.5047637
 1415.5047637  1415.5047637  1415.5047637  1415.5047637  1415.5047637
 1415.5047637  1415.5047637  1415.5047637  1415.5047637  1415.5047637
 1415.5047637  1415.5047637  1415.5047637  1415.5047637  1415.5047637
 1415.5047637  1415.5047637  1415.5047637  1415.5047637  1415.5047637
 1415.5047637  1415.5047637  1415.5047637  1415.5047637  1415.5047637
 1415.5047637 ] 

Fitness stats feasible min: [3504.78894354 3504.78894354 3419.03456537 3407.11979684 3393.01075886
 3278.03983515 3042.66470545 3195.32858556 3116.65312638 3116.65312638
 3116.65312638 2987.42863818 2987.42863818 2982.36885247 2980.91913522
 2900.7574686  2835.04038076 2756.82115534 2627.78450209 2627.78450209
 2627.78450209 2565.90182146 2565.90182146 2565.90182146 2552.86331477
 2552.86331477 2503.88463951 2503.88463951 2503.88463951 2503.88463951
 2503.88463951 2503.88463951 2503.88463951 2503.88463951 2503.88463951
 2503.88463951 2503.88463951 2503.88463951 2503.88463951 2454.08199664
 2454.08199664 2454.08199664 2454.08199664 2424.98897495 2424.98897495
 2424.98897495 2400.22656924 2348.18361446 2348.18361446 2335.47283967
 2231.69373309 2231.69373309 2231.69373309 2231.69373309 2231.69373309
 2231.69373309 2231.69373309 2231.69373309 2209.97090567 2209.97090567
 2154.57060704 2154.57060704 2154.57060704 2154.57060704 2154.57060704
 2154.57060704 2154.57060704 2154.57060704 2025.64045246 2025.64045246
 2025.64045246 2007.84792178 2007.84792178 2007.84792178 1966.75610824
 1966.75610824 1953.44881541 1953.44881541 1953.44881541 1953.44881541
 1953.44881541 1953.44881541 1953.44881541 1953.44881541 1953.44881541
 1953.44881541 1953.44881541 1900.56009372 1900.56009372 1900.56009372
 1900.56009372 1900.56009372 1900.56009372 1900.56009372 1900.56009372
 1900.56009372 1900.56009372 1900.56009372 1900.56009372 1900.56009372
 1895.83926303 1895.83926303 1895.83926303 1895.83926303 1895.83926303
 1895.83926303 1895.83926303 1883.63204555 1883.63204555 1883.63204555
 1880.07197163 1880.07197163 1880.07197163 1877.9376562  1877.9376562
 1877.9376562  1877.9376562  1877.9376562  1877.9376562  1868.77076245
 1868.77076245 1868.77076245 1866.63644702 1866.63644702 1866.63644702
 1866.63644702 1860.92799602 1860.92799602 1860.92799602 1860.92799602
 1860.92799602 1858.79368059 1858.79368059 1858.79368059 1858.79368059
 1858.79368059 1858.79368059 1858.79368059 1858.79368059 1858.79368059
 1858.79368059 1858.79368059 1858.79368059 1858.79368059 1858.79368059
 1858.79368059 1858.79368059 1858.79368059 1858.79368059 1858.79368059
 1858.79368059 1858.79368059 1858.79368059 1858.79368059 1858.79368059
 1858.79368059 1858.79368059 1858.79368059 1858.79368059 1858.79368059
 1858.79368059 1858.79368059 1858.79368059 1858.79368059 1858.79368059
 1858.79368059 1858.79368059 1858.79368059 1857.79716099 1857.79716099
 1857.79716099 1857.79716099 1857.79716099 1855.40781882 1855.40781882
 1855.40781882 1847.28791322 1806.13144544 1806.13144544 1806.13144544
 1806.13144544 1806.13144544 1806.13144544 1806.13144544 1806.13144544
 1806.13144544 1806.13144544 1806.13144544 1806.13144544 1806.13144544
 1806.13144544 1806.13144544 1806.13144544 1806.13144544 1793.28141309
 1793.28141309 1789.56226402 1754.09642433 1754.09642433 1754.09642433
 1754.09642433 1754.09642433 1754.09642433 1754.09642433 1754.09642433
 1754.09642433 1737.42520684 1737.42520684 1737.42520684 1737.42520684
 1737.42520684 1737.42520684 1737.42520684 1737.42520684 1737.42520684
 1737.42520684 1737.42520684 1737.42520684 1737.42520684 1737.42520684
 1737.42520684 1737.42520684 1737.42520684 1737.42520684 1714.17017219
 1714.17017219 1714.17017219 1707.0467862  1707.0467862  1707.0467862
 1707.0467862  1707.0467862  1707.0467862  1707.0467862  1707.0467862
 1707.0467862  1707.0467862  1687.21443662 1687.21443662 1687.21443662
 1687.21443662 1687.21443662 1687.21443662 1687.21443662 1687.21443662
 1687.21443662 1687.21443662 1687.21443662 1685.8221948  1685.18535021
 1685.18535021 1685.18535021 1685.18535021 1685.18535021 1685.18535021
 1685.18535021 1685.06093635 1685.06093635 1685.06093635 1685.06093635
 1685.06093635 1685.06093635 1685.06093635 1685.06093635 1685.06093635
 1685.06093635 1685.06093635 1685.06093635 1685.06093635 1685.06093635
 1672.30795697 1672.30795697 1672.30795697 1669.57351453 1669.57351453
 1669.57351453 1669.57351453 1669.57351453 1669.57351453 1666.65512737
 1666.65512737 1666.65512737 1666.65512737 1666.65512737 1666.65512737
 1666.65512737 1666.65512737 1666.65512737 1666.65512737 1666.65512737
 1666.65512737 1666.65512737 1665.04062197 1665.04062197 1665.04062197
 1660.82616083 1658.43583523 1658.43583523 1658.43583523 1658.43583523
 1658.43583523 1658.43583523 1658.43583523 1658.43583523 1658.43583523
 1658.43583523 1658.43583523 1658.43583523 1644.93260327 1644.93260327
 1644.93260327 1644.93260327 1644.93260327 1644.93260327 1644.93260327
 1644.93260327 1630.77643882 1630.77643882 1630.77643882 1630.77643882
 1630.77643882 1630.77643882 1630.77643882 1630.77643882 1623.88107504
 1623.88107504 1621.14663261 1621.14663261 1621.14663261 1621.14663261
 1621.14663261 1621.14663261 1621.14663261 1621.14663261 1621.14663261
 1621.14663261 1621.14663261 1621.14663261 1621.14663261 1621.14663261
 1621.14663261 1621.14663261 1621.14663261 1621.14663261 1621.14663261
 1621.14663261 1621.14663261 1621.14663261 1615.94359287 1615.94359287
 1613.90291354 1613.90291354 1613.90291354 1613.90291354 1613.90291354
 1611.2297738  1611.2297738  1611.2297738  1605.51412592 1605.51412592
 1605.51412592 1605.51412592 1605.51412592 1605.51412592 1605.51412592
 1605.51412592 1600.80030684 1600.80030684 1600.80030684 1600.80030684
 1600.80030684 1600.80030684 1600.80030684 1600.80030684 1600.80030684
 1600.80030684 1600.80030684 1600.80030684 1600.80030684 1576.15262473
 1576.15262473 1576.15262473 1576.15262473 1576.15262473 1576.15262473
 1576.15262473 1576.15262473 1576.15262473 1576.15262473 1576.15262473
 1576.15262473 1572.76553465 1572.76553465 1572.76553465 1572.76553465
 1572.76553465 1572.76553465 1572.76553465 1572.76553465 1571.60026548
 1571.60026548 1571.60026548 1561.91241321 1561.91241321 1561.91241321
 1557.36005396 1557.36005396 1557.36005396 1557.36005396 1545.43954305
 1545.43954305 1545.43954305 1545.43954305 1540.88718381 1540.88718381
 1539.40190567 1539.40190567 1539.40190567 1539.40190567 1539.40190567
 1537.89812415 1537.89812415 1537.89812415 1537.89812415 1537.89812415
 1537.89812415 1537.89812415 1537.89812415 1537.89812415 1537.89812415
 1537.89812415 1537.89812415 1537.89812415 1537.89812415 1537.89812415
 1537.89812415 1537.89812415 1537.89812415 1537.89812415 1537.89812415
 1537.89812415 1537.89812415 1537.89812415 1537.89812415 1537.89812415
 1537.89812415 1537.89812415 1537.89812415 1537.89812415 1537.89812415
 1537.89812415 1537.89812415 1537.89812415 1537.89812415 1537.89812415
 1537.4919666  1537.4919666  1537.4919666  1537.4919666  1537.4919666
 1537.4919666  1537.4919666  1537.4919666  1537.4919666  1537.4919666
 1536.91093683 1536.91093683 1536.91093683 1536.91093683 1536.91093683
 1536.91093683 1536.91093683 1536.91093683 1536.91093683 1536.91093683
 1536.91093683 1536.91093683 1526.57673073 1526.57673073 1526.57673073
 1526.57673073 1526.57673073 1524.77975613 1524.77975613 1524.77975613
 1524.77975613 1524.77975613 1524.77975613 1524.77975613 1524.77975613
 1524.77975613 1515.91474509 1515.91474509 1515.91474509 1515.91474509
 1515.91474509 1515.91474509 1515.91474509 1501.17898765 1501.17898765
 1501.17898765 1501.17898765 1501.17898765 1501.17898765 1501.17898765
 1501.17898765 1501.17898765 1492.70708456 1492.70708456 1492.70708456
 1492.70708456 1492.70708456 1490.91010996 1490.91010996 1490.91010996
 1490.91010996 1487.86153223 1487.86153223 1487.86153223 1487.86153223
 1487.86153223 1487.86153223 1487.86153223 1487.86153223 1487.86153223
 1487.86153223 1487.86153223 1487.86153223 1487.86153223 1487.86153223
 1487.86153223 1487.86153223 1487.82692058 1487.36994577 1487.36994577
 1487.36994577 1487.36994577 1484.15246324 1484.15246324 1484.15246324
 1484.15246324 1483.56480186 1483.39589707 1483.39589707 1480.34731934
 1480.34731934 1480.34731934 1480.34731934 1480.34731934 1480.34731934
 1480.34731934 1480.34731934 1480.34731934 1480.34731934 1480.34731934
 1480.34731934 1480.34731934 1480.34731934 1480.34731934 1480.34731934
 1480.34731934 1480.34731934 1480.34731934 1480.34731934 1480.34731934
 1480.34731934 1480.34731934 1480.34731934 1480.34731934 1480.34731934
 1480.34731934 1480.34731934 1480.34731934 1480.34731934 1478.37782669
 1478.37782669 1478.37782669 1478.37782669 1478.37782669 1478.37782669
 1478.37782669 1478.37782669 1478.37782669 1476.58085208 1476.58085208
 1476.58085208 1476.58085208 1476.58085208 1476.58085208 1476.58085208
 1476.58085208 1476.58085208 1476.58085208 1476.58085208 1476.58085208
 1476.58085208 1476.58085208 1476.58085208 1476.58085208 1476.58085208
 1476.58085208 1476.58085208 1476.58085208 1476.58085208 1476.58085208
 1476.58085208 1476.58085208 1476.58085208 1476.58085208 1476.58085208
 1476.58085208 1476.58085208 1476.58085208 1476.58085208 1476.58085208
 1476.58085208 1476.58085208 1476.58085208 1476.58085208 1476.58085208
 1476.58085208 1476.58085208 1476.58085208 1476.58085208 1476.58085208
 1476.58085208 1476.58085208 1476.58085208 1476.58085208 1476.58085208
 1476.58085208 1476.58085208 1476.58085208 1476.58085208 1476.58085208
 1476.58085208 1476.58085208 1476.58085208 1476.58085208 1476.58085208
 1476.58085208 1476.58085208 1476.58085208 1476.58085208 1476.58085208
 1476.58085208 1476.58085208 1476.58085208 1476.58085208 1476.58085208
 1476.58085208 1476.58085208 1476.58085208 1476.58085208 1476.58085208
 1476.58085208 1476.58085208 1476.58085208 1476.58085208 1476.58085208
 1476.58085208 1476.58085208 1476.58085208 1476.58085208 1476.58085208
 1476.58085208 1476.58085208 1476.58085208 1476.58085208 1476.58085208
 1476.58085208 1476.58085208 1476.58085208 1476.58085208 1476.58085208
 1476.58085208 1476.58085208 1476.58085208 1476.58085208 1476.58085208
 1476.58085208 1476.58085208 1476.58085208 1476.58085208 1476.58085208
 1476.58085208 1476.58085208 1476.58085208 1476.58085208 1476.58085208
 1476.58085208 1476.58085208 1476.58085208 1476.58085208 1476.58085208
 1476.58085208 1476.58085208 1476.58085208 1476.58085208 1476.58085208
 1476.58085208 1476.58085208 1476.58085208 1476.58085208 1476.58085208
 1476.58085208 1476.58085208 1476.58085208 1476.58085208 1476.58085208
 1476.58085208 1476.58085208 1476.58085208 1476.58085208 1476.58085208
 1476.58085208 1476.58085208 1476.58085208 1476.58085208 1476.58085208
 1476.58085208 1476.58085208 1476.58085208 1476.58085208 1476.58085208
 1476.58085208 1476.58085208 1476.58085208 1476.58085208 1476.58085208
 1476.58085208 1476.58085208 1476.58085208 1476.58085208 1476.58085208
 1476.58085208 1476.58085208 1476.58085208 1476.58085208 1476.58085208
 1476.58085208 1476.58085208 1476.58085208 1476.58085208 1476.58085208
 1476.58085208 1476.58085208 1476.58085208 1476.58085208 1476.58085208
 1476.58085208 1476.58085208 1476.58085208 1476.58085208 1476.58085208
 1476.58085208 1476.58085208 1476.58085208 1476.58085208 1476.58085208
 1476.58085208 1476.58085208 1476.58085208 1476.58085208 1476.58085208
 1476.58085208 1476.58085208 1476.58085208 1476.58085208 1476.58085208
 1476.58085208 1476.58085208 1476.58085208 1476.58085208 1476.58085208
 1476.58085208 1476.58085208 1476.58085208 1476.58085208 1476.58085208
 1476.58085208 1476.58085208 1476.58085208 1476.58085208 1476.58085208
 1476.58085208 1476.58085208 1476.58085208 1476.58085208 1476.58085208
 1476.58085208 1476.58085208 1476.58085208 1476.58085208 1476.58085208
 1476.58085208 1476.58085208 1476.58085208 1476.22589535 1476.22589535
 1476.22589535 1476.22589535 1476.22589535 1476.22589535 1476.22589535
 1476.22589535 1476.22589535 1476.22589535 1476.22589535 1459.16623014
 1459.16623014 1459.16623014 1459.16623014 1459.16623014 1459.16623014
 1459.16623014 1459.16623014 1459.16623014 1459.16623014 1459.16623014
 1459.16623014 1459.16623014 1459.16623014 1459.16623014 1445.75699116
 1445.75699116 1445.75699116 1445.75699116 1445.75699116 1445.75699116
 1445.75699116 1445.75699116 1445.75699116 1445.75699116 1445.75699116
 1445.75699116 1445.75699116 1445.75699116 1445.75699116 1445.75699116
 1445.75699116 1445.75699116 1445.75699116 1445.75699116 1445.75699116
 1445.75699116 1445.75699116 1445.75699116 1445.75699116 1445.75699116
 1443.78770256 1443.78770256 1443.78770256 1443.78770256 1442.57245477
 1430.19524128 1430.19524128 1430.19524128 1430.19524128 1430.19524128
 1430.19524128 1429.74107915 1429.74107915 1429.74107915 1429.74107915
 1429.74107915 1429.74107915 1429.74107915 1429.74107915 1429.74107915
 1429.74107915 1429.74107915 1429.74107915 1429.74107915 1429.74107915
 1429.74107915 1429.74107915 1429.74107915 1429.74107915 1429.74107915
 1429.74107915 1429.74107915 1429.74107915 1429.74107915 1429.74107915
 1429.74107915 1429.74107915 1429.74107915 1429.74107915 1429.74107915
 1429.74107915 1429.74107915 1429.74107915 1429.74107915 1429.74107915
 1429.74107915 1429.74107915 1429.74107915 1429.74107915 1429.74107915
 1429.74107915 1429.74107915 1429.74107915 1429.74107915 1429.74107915
 1429.74107915 1429.74107915 1429.74107915 1429.74107915 1429.74107915
 1429.74107915 1429.74107915 1429.74107915 1429.74107915 1429.74107915
 1429.74107915 1429.74107915 1429.74107915 1429.74107915 1429.74107915
 1429.74107915 1429.74107915 1429.74107915 1429.74107915 1429.74107915
 1429.74107915 1429.74107915 1429.74107915 1429.74107915 1429.74107915
 1429.74107915 1429.74107915 1429.74107915 1429.74107915 1429.74107915
 1429.74107915 1429.74107915 1429.74107915 1429.74107915 1429.74107915
 1429.74107915 1429.74107915 1429.74107915 1429.74107915 1429.74107915
 1429.74107915 1429.74107915 1429.74107915 1429.74107915 1429.74107915
 1429.74107915 1429.74107915 1429.74107915 1429.74107915 1429.74107915
 1429.74107915 1429.74107915 1429.74107915 1429.74107915 1429.74107915
 1429.74107915 1429.74107915 1429.74107915 1429.74107915 1429.74107915
 1429.74107915 1415.5047637  1415.5047637  1415.5047637  1415.5047637
 1415.5047637  1415.5047637  1415.5047637  1415.5047637  1415.5047637
 1415.5047637  1415.5047637  1415.5047637  1415.5047637  1415.5047637
 1415.5047637  1415.5047637  1415.5047637  1415.5047637  1415.5047637
 1415.5047637  1415.5047637  1415.5047637  1415.5047637  1415.5047637
 1415.5047637  1415.5047637  1415.5047637  1415.5047637  1415.5047637
 1415.5047637  1415.5047637  1415.5047637  1415.5047637  1415.5047637
 1415.5047637 ] 

Fitness stats avg: [4030.89705048 3953.23873968 3881.69421459 3775.9848942  3702.93440331
 3619.46064294 3603.06004799 3566.43239017 3502.23653099 3446.85819366
 3442.15591805 3409.70760915 3378.95569054 3350.46316837 3314.85066614
 3288.85315203 3256.58371541 3253.17628333 3236.44777682 3194.11290617
 3153.17772173 3086.02498666 3049.5141769  3035.69326692 3005.31833503
 2993.28751939 2960.35949919 2933.41823397 2913.98514525 2871.19599376
 2864.15703679 2886.72137857 2860.33936706 2866.2868845  2843.0067374
 2866.98867728 2854.08445841 2824.98857477 2817.90735026 2787.37320505
 2802.62555127 2730.75549492 2753.60507932 2760.15755427 2753.94562917
 2759.97478807 2763.38553768 2752.79164067 2750.61120394 2708.78919169
 2683.39293718 2654.30311574 2615.58483056 2585.60962883 2613.14999092
 2624.95239687 2634.53814982 2617.67067325 2621.29283034 2543.43855016
 2516.8022438  2501.49423413 2477.11105447 2449.42810082 2441.69080861
 2432.28852971 2413.6290099  2405.33128639 2380.27785533 2338.32448712
 2382.80995847 2378.4195972  2350.6476696  2342.5216419  2346.29452674
 2344.01935677 2332.42104726 2312.92404708 2270.17957219 2250.45625947
 2266.81511346 2251.06665052 2274.31322735 2234.84229717 2227.51838119
 2234.28775583 2245.54662892 2251.46514193 2263.05113796 2228.17784333
 2241.87850017 2238.59241232 2260.11485902 2229.5996955  2268.51692436
 2248.77074087 2224.26894001 2192.74106014 2149.69768333 2160.06076177
 2155.04807066 2135.12781057 2130.09004359 2110.57255756 2115.54168224
 2103.50848434 2129.04949179 2083.32957258 2033.22434126 2038.51214574
 2013.73090116 2060.84028735 2062.07376751 2063.01414567 2052.52839096
 2085.22571062 2080.34045464 2077.41189562 2038.16971583 2018.52824532
 1989.53621794 2008.64914996 2011.16698304 1995.18529447 2031.07298767
 2078.13662288 2050.60460969 2048.27105337 2064.93867805 2066.7847207
 2082.69710725 2093.60975151 2117.60776497 2134.62737375 2119.2742048
 2124.29527787 2116.24289635 2114.095928   2115.36777382 2054.50195195
 2089.79849421 2108.14138871 2081.69035073 2114.62518714 2125.48165991
 2109.47158713 2095.24918034 2082.05807613 2072.6015564  2095.61431891
 2061.24177302 2036.973904   2030.1423715  2011.51852115 2010.09179717
 2042.37856651 2045.60194253 2047.33336351 2060.62569528 2103.08293528
 2079.59685089 2068.03841926 2097.1459936  2129.21251175 2126.96774653
 2105.34738475 2059.48623083 2057.84633552 2027.05117147 2014.64745039
 2056.57853888 2064.34022474 2061.54014122 2054.18932859 2077.98949577
 2087.88989481 2079.8019569  2075.01060018 2094.95078484 2116.53933824
 2118.4894383  2142.79960443 2102.67684507 2152.39749728 2125.15193191
 2131.73245494 2101.99971108 2111.42398223 2097.84887477 2108.58080783
 2127.54401634 2137.95347653 2078.63305988 2082.44289205 2065.96538973
 2055.40936759 2080.73927373 2065.11430291 2053.60558846 2068.6675714
 2054.79916794 2078.77702338 2097.53279732 2123.46890291 2158.29072409
 2155.23578641 2133.78125239 2112.34183357 2150.42090035 2103.83636218
 2102.77506977 2114.22375012 2136.44312152 2110.15791068 2099.26033043
 2110.94345197 2066.96284013 2071.40831042 2046.09971613 2029.15909421
 2011.16471719 1986.96445934 2009.80057726 1992.13522496 1970.71766175
 1996.93493951 1994.25973924 1973.53587104 2015.13497705 2049.24073394
 2107.21798204 2086.36080137 2060.4359152  2049.17839776 2052.67002096
 2052.71545841 2044.11211297 2035.6008054  1997.4530995  1940.58950414
 1906.96691781 1942.38590926 1919.22224075 1926.98974585 1954.17828838
 1946.97974591 1991.26584904 1977.38618908 1959.98614958 1953.09495419
 1958.84455882 1969.94480573 2007.63065454 2067.28796483 2072.19469517
 2085.0907086  2084.1660933  2069.61672218 2049.57567408 2003.35062694
 2025.08759137 2025.74648974 2001.26214184 2000.48211767 1986.7971277
 1938.80213564 1929.02017331 1918.80099024 1963.41500914 1973.37637475
 1970.88534208 1949.98233252 1955.81280057 1987.65123524 2015.14152017
 1990.99065875 1982.97670246 1974.83447246 1953.38502733 1967.3104275
 1913.34270687 1919.21222983 1917.53806976 1937.66065477 1883.48383524
 1867.10586197 1825.17349818 1816.21616999 1804.23841236 1809.6274336
 1831.12241475 1856.34835653 1858.49264972 1841.92613682 1871.84704305
 1875.31424762 1860.10954586 1854.29201018 1870.75781488 1906.37590884
 1930.64235932 1971.64749406 1962.48745325 1969.71923685 2016.83906871
 2024.17093481 2041.60744778 2035.52106295 2029.53147575 2023.43124509
 1974.55551814 1978.70971095 1988.59596138 1978.76302183 1945.4529473
 1920.17770365 1896.94660007 1852.08720346 1864.93917002 1874.19349679
 1875.66643595 1877.30444564 1890.33147053 1912.6669783  1952.30969473
 1920.59328014 1912.82204968 1927.46131962 1947.13706033 1957.58716905
 1907.25252905 1918.91625088 1948.35283663 1941.52641807 1939.47287039
 1893.03406451 1876.29854949 1900.6674824  1946.65991866 1901.96020537
 1886.02232354 1877.85881848 1877.30455881 1853.85177633 1855.2642599
 1870.72753656 1863.51529441 1911.79814095 1874.30565168 1863.61974367
 1817.29051324 1795.74030634 1827.68485968 1818.68172969 1820.6031259
 1800.87733292 1812.16171837 1814.81910802 1769.29183887 1763.7336162
 1802.3577601  1869.71836805 1833.66321499 1813.95265316 1826.41167182
 1850.52771022 1846.18725259 1866.3460649  1861.86331975 1831.05147584
 1812.90199958 1805.84962405 1788.14958958 1793.46470198 1771.13427149
 1748.02324199 1764.40972449 1789.18243043 1824.00136206 1802.16071431
 1831.65443146 1829.92724901 1798.45459907 1836.23549079 1841.28208147
 1852.79687878 1830.08912271 1866.19615865 1853.01608474 1901.95214153
 1877.04162995 1858.82161672 1853.69831253 1860.99818456 1887.89525896
 1817.73612015 1794.45758639 1821.54381694 1783.52735967 1779.29078407
 1754.23102267 1772.19639776 1763.88942969 1765.70243802 1766.83677406
 1748.66345854 1746.0010569  1736.92561864 1772.18562737 1726.94640523
 1744.98204563 1735.89041933 1749.56734353 1781.5158248  1779.22457047
 1753.7235452  1772.6934413  1759.31762253 1749.9291248  1769.38592866
 1776.42637902 1754.36025107 1757.2453337  1731.9291037  1759.32838857
 1780.45906543 1807.63493583 1786.85435769 1802.7262888  1789.85670426
 1835.22100451 1800.00908231 1765.39684013 1789.91520567 1749.08565125
 1746.13105993 1753.47934833 1690.10569079 1709.7918685  1723.62724935
 1699.96485199 1672.54870951 1694.17797811 1715.14722385 1678.16523134
 1728.48131013 1719.17818706 1711.49916154 1678.04463052 1679.40447544
 1719.75243076 1731.81186722 1702.64208748 1691.78458699 1715.63631277
 1704.63581576 1725.1442425  1707.85050683 1733.93909959 1746.06781361
 1732.86238735 1756.19077076 1756.61113298 1784.40360137 1808.94530019
 1821.51133392 1792.59221593 1807.9080824  1790.1016082  1797.45863842
 1812.84967885 1805.10822069 1815.48690282 1852.44474181 1804.81035082
 1747.57037112 1756.96522853 1764.04878016 1765.97603628 1818.07474034
 1818.71276537 1830.66900459 1791.3678723  1769.29909472 1796.535825
 1824.76525035 1796.17612393 1815.59791245 1792.08023247 1787.78558206
 1803.89576331 1783.24167921 1810.32797708 1832.94156083 1783.94631319
 1766.01691921 1780.56297507 1755.2020793  1732.27185494 1709.38689176
 1700.97097047 1706.93410211 1741.38534459 1762.22182767 1725.69789412
 1733.25299715 1734.39115844 1709.72433717 1685.26539279 1677.40852442
 1702.26305485 1722.20584471 1711.18736164 1709.65890824 1730.56640495
 1693.0178662  1712.44413267 1712.65091646 1774.21971074 1759.81292991
 1769.98447561 1771.72558581 1706.65854858 1737.05326007 1738.91514709
 1753.49429246 1788.20920354 1781.12691659 1800.26527198 1804.84014116
 1758.46781677 1758.19366111 1768.46933499 1712.38221867 1677.97712242
 1695.34302813 1675.84375537 1684.27514445 1691.21498932 1671.45858189
 1709.31610599 1741.12113234 1685.0682973  1670.17143479 1687.96933951
 1688.25525792 1704.90718857 1700.11881894 1685.21627151 1626.31899031
 1642.07452687 1659.46605545 1649.61930152 1673.12709629 1679.33944422
 1669.29464224 1627.77070879 1642.03869062 1672.66892345 1678.37731259
 1693.25663713 1708.52890274 1706.27216013 1742.87750256 1723.24945294
 1678.5925213  1697.86043209 1696.03723685 1680.09870819 1725.03588621
 1718.44021313 1719.38269865 1672.97004204 1689.29259024 1643.13308234
 1621.68188646 1620.70287006 1644.28821442 1666.10384163 1681.64612241
 1649.12540263 1659.29980973 1636.63554229 1677.89993825 1668.04778019
 1701.9253077  1718.68164083 1715.01418717 1769.70098364 1733.23365687
 1750.2374116  1751.1378217  1729.72534912 1731.63387063 1729.49800621
 1698.5911114  1704.63059479 1691.40348945 1700.98469076 1737.03305726
 1788.10793096 1784.84027953 1749.49276844 1698.64386479 1695.63276737
 1657.80246331 1652.97503521 1690.37456025 1668.26919928 1653.66295704
 1700.83586869 1695.49484406 1675.77848951 1720.64655918 1666.57422791
 1685.06170236 1646.42161901 1621.13929063 1650.45835933 1645.66293963
 1660.7237137  1649.23890786 1644.22179028 1664.44387242 1679.41930843
 1701.46580904 1662.24437194 1662.2631355  1709.15244651 1686.6961944
 1686.19037081 1700.37397201 1740.46643875 1808.78621763 1816.94994707
 1821.16635148 1777.05312678 1739.94259701 1747.62958372 1691.72260229
 1703.96732985 1728.64880341 1741.57488286 1712.6197608  1759.79849251
 1753.20056336 1743.56484661 1721.38081372 1712.24035016 1736.35615702
 1754.91120383 1754.61655417 1765.88610574 1803.84113361 1737.59089658
 1728.27115506 1735.31111876 1701.68400492 1716.2413982  1705.98288864
 1680.15908829 1658.63880013 1631.80692762 1637.8332372  1601.15884157
 1636.05471653 1628.21726906 1612.58559759 1623.05953582 1630.60761195
 1656.13794313 1654.1524316  1692.16281161 1669.18906819 1739.4002687
 1756.32953399 1725.10746534 1660.69367052 1657.98362586 1653.68671386
 1681.8562101  1655.68916316 1714.63191389 1741.12550058 1681.98392245
 1700.35516058 1665.53366081 1705.29700084 1701.64406568 1675.86143733
 1707.71127931 1686.32490091 1681.43118299 1682.52731603 1667.1346922
 1657.86571307 1638.43776544 1660.01233925 1690.12303925 1705.21100093
 1699.83903599 1730.87416378 1687.63605368 1657.2673693  1689.68980846
 1690.40926965 1707.31007758 1701.05304251 1725.8433411  1683.84770509
 1705.27542617 1669.40503709 1679.99186314 1670.74784142 1654.4435496
 1638.77183102 1688.29807576 1678.01900802 1679.78811695 1705.28055302
 1691.76461047 1707.30681397 1756.9042722  1729.85557431 1713.48112487
 1688.4754846  1655.65687785 1679.43156734 1693.81929783 1700.74817658
 1651.60603422 1673.30195071 1704.7578558  1688.6139686  1659.90804735
 1655.94485177 1673.68209416 1699.67800895 1692.59616135 1651.16768171
 1694.19441801 1707.33059783 1698.79465342 1706.1285082  1707.76354216
 1811.2544029  1762.36728993 1766.68431584 1752.35261429 1773.03768284
 1754.25783674 1780.55959692 1742.56573806 1727.50682644 1685.22866665
 1715.20304354 1700.72354934 1707.36603526 1706.46368851 1676.08852956
 1662.18236044 1698.02988246 1676.82407094 1651.14233717 1662.26659933
 1659.73258277 1629.56835837 1673.18012232 1640.10212315 1687.52314732
 1677.16770991 1673.80758741 1709.91414132 1680.88431138 1670.61807533
 1675.38738914 1688.68507949 1687.73064061 1645.77795084 1643.42322552
 1645.19738849 1651.58009513 1620.36287327 1651.42861767 1679.01251442
 1698.00176823 1685.58891907 1682.80905448 1667.91110883 1674.686277
 1695.45160963 1672.80800851 1659.02517931 1648.784813   1617.8074631
 1613.37698061 1604.51511461 1630.64829818 1635.3542019  1684.88487261
 1667.75942466 1670.51655148 1645.86720991 1709.28937479 1752.85710128
 1792.31107577 1782.19649324 1847.8863731  1851.95409738 1843.05398239
 1835.59916567 1864.47136812 1829.99324875 1836.0559735  1827.88247572
 1821.72529884 1763.25081876 1723.77026388 1737.14870082 1704.20206246
 1771.21113475 1747.83993328 1727.8570764  1699.24956428 1722.76617528
 1691.92808886 1733.37101865 1728.59459272 1725.3844469  1728.05860036
 1747.96229144 1758.27896333 1778.26121749 1751.21778586 1759.8256989
 1710.93890535 1725.46861709 1721.58171022 1731.41716173 1752.36824942
 1743.77866996 1751.50459749 1733.0314392  1719.98996616 1698.93960136
 1728.4090969  1702.5084404  1701.41747051 1711.92065247 1713.79697
 1690.16212033 1712.13523351 1697.76247157 1699.59116238 1682.10268255
 1664.39589459 1670.465318   1681.93156579 1715.87720877 1642.32739226
 1639.88153755 1654.00427099 1658.61477427 1692.44596993 1715.29922732
 1674.32571183 1675.41121957 1641.57868211 1602.84624264 1598.03879623
 1588.35377974 1602.78942828 1615.91197198 1589.80178946 1587.53856911
 1593.68079917 1602.53069178 1638.71289625 1619.15923411 1630.06974937
 1658.42014294 1644.82004128 1613.6587445  1575.72334829 1561.11072616
 1566.65533197 1612.57128714 1618.45786454 1631.9442616  1631.55412512
 1634.77198375 1633.79938123 1632.83918037 1644.93534803 1642.6517296
 1622.60088834 1625.3624304  1641.53365163 1623.67173201 1633.99975959
 1608.25856795 1614.10229401 1671.86208694 1661.68986018 1652.12565247
 1661.46414037 1704.75268262 1728.99543547 1708.05396896 1691.10599527
 1660.01116426 1650.84637376 1635.2733783  1637.74056497 1623.93877406
 1617.448768   1643.24857596 1698.08840742 1673.02681819 1709.21397619
 1636.26950602 1652.00656512 1636.65288218 1658.94527581 1627.38337001
 1610.62111546 1595.14120676 1623.29046293 1622.79570776 1630.0706738
 1610.48846293 1627.01640335 1623.04604686 1605.3388293  1598.21327414
 1627.30661604 1623.02726443 1599.964237   1584.06309582 1599.59688757
 1633.57233423 1631.29863232 1641.76437346 1653.03187827 1639.67936787
 1620.94965263 1615.03411027 1630.08490542 1679.41196648 1635.93618683
 1637.35693871 1676.69135883 1658.82657873 1714.29841299 1696.77002382
 1702.46349894 1679.6341036  1671.33609147 1698.96289647 1697.734533
 1657.05799688 1629.69066251 1639.55972312 1648.58817347 1653.31012402
 1635.40577033 1670.25812032 1723.25017546 1703.97899419 1688.31993751
 1704.18081402 1693.5436943  1702.40054565 1661.05060206 1670.19477504
 1712.55216672 1715.01221146 1683.73178643 1703.84305692 1695.34597307
 1701.58587583 1681.80341355 1711.38824316 1686.32671258 1692.22548849
 1669.18518151 1640.92241493 1667.24544006 1675.28429004 1669.56692794
 1685.79920366 1691.61775632 1720.04721017 1702.25872769 1667.0843826
 1674.26954767 1661.26748246 1677.63344697 1658.88326531 1665.79116799
 1704.50957356] 

Feasible stats: [( 0.,   0.) ( 0., 100.) ( 0., 100.) (53.,  47.) (53.,  47.) (36.,  64.)
 (36.,  64.) (27.,  73.) (27.,  73.) (29.,  71.) (29.,  71.) (40.,  60.)
 (40.,  60.) (35.,  65.) (35.,  65.) (49.,  51.) (49.,  51.) (45.,  55.)
 (45.,  55.) (44.,  56.) (44.,  56.) (31.,  69.) (31.,  69.) (41.,  59.)
 (41.,  59.) (42.,  58.) (42.,  58.) (41.,  59.) (41.,  59.) (43.,  57.)
 (43.,  57.) (48.,  52.) (48.,  52.) (51.,  49.) (51.,  49.) (58.,  42.)
 (58.,  42.) (60.,  40.) (60.,  40.) (72.,  28.) (72.,  28.) (59.,  41.)
 (59.,  41.) (67.,  33.) (67.,  33.) (66.,  34.) (66.,  34.) (62.,  38.)
 (62.,  38.) (70.,  30.) (70.,  30.) (69.,  31.) (69.,  31.) (71.,  29.)
 (71.,  29.) (57.,  43.) (57.,  43.) (59.,  41.) (59.,  41.) (61.,  39.)
 (61.,  39.) (72.,  28.) (72.,  28.) (77.,  23.) (77.,  23.) (68.,  32.)
 (68.,  32.) (69.,  31.) (69.,  31.) (67.,  33.) (67.,  33.) (73.,  27.)
 (73.,  27.) (79.,  21.) (79.,  21.) (71.,  29.) (71.,  29.) (67.,  33.)
 (67.,  33.) (76.,  24.) (76.,  24.) (73.,  27.) (73.,  27.) (81.,  19.)
 (81.,  19.) (91.,   9.) (91.,   9.) (84.,  16.) (84.,  16.) (85.,  15.)
 (85.,  15.) (70.,  30.) (70.,  30.) (65.,  35.) (65.,  35.) (73.,  27.)
 (73.,  27.) (78.,  22.) (78.,  22.) (82.,  18.) (82.,  18.) (80.,  20.)
 (80.,  20.) (77.,  23.) (77.,  23.) (74.,  26.) (74.,  26.) (74.,  26.)
 (74.,  26.) (92.,   8.) (92.,   8.) (91.,   9.) (91.,   9.) (85.,  15.)
 (85.,  15.) (87.,  13.) (87.,  13.) (70.,  30.) (70.,  30.) (73.,  27.)
 (73.,  27.) (82.,  18.) (82.,  18.) (78.,  22.) (78.,  22.) (84.,  16.)
 (84.,  16.) (87.,  13.) (87.,  13.) (84.,  16.) (84.,  16.) (83.,  17.)
 (83.,  17.) (84.,  16.) (84.,  16.) (81.,  19.) (81.,  19.) (82.,  18.)
 (82.,  18.) (84.,  16.) (84.,  16.) (88.,  12.) (88.,  12.) (88.,  12.)
 (88.,  12.) (82.,  18.) (82.,  18.) (85.,  15.) (85.,  15.) (81.,  19.)
 (81.,  19.) (86.,  14.) (86.,  14.) (90.,  10.) (90.,  10.) (86.,  14.)
 (86.,  14.) (90.,  10.) (90.,  10.) (85.,  15.) (85.,  15.) (87.,  13.)
 (87.,  13.) (81.,  19.) (81.,  19.) (81.,  19.) (81.,  19.) (88.,  12.)
 (88.,  12.) (94.,   6.) (94.,   6.) (89.,  11.) (89.,  11.) (85.,  15.)
 (85.,  15.) (83.,  17.) (83.,  17.) (72.,  28.) (72.,  28.) (82.,  18.)
 (82.,  18.) (79.,  21.) (79.,  21.) (81.,  19.) (81.,  19.) (82.,  18.)
 (82.,  18.) (80.,  20.) (80.,  20.) (74.,  26.) (74.,  26.) (66.,  34.)
 (66.,  34.) (77.,  23.) (77.,  23.) (79.,  21.) (79.,  21.) (68.,  32.)
 (68.,  32.) (70.,  30.) (70.,  30.) (68.,  32.) (68.,  32.) (77.,  23.)
 (77.,  23.) (81.,  19.) (81.,  19.) (78.,  22.) (78.,  22.) (71.,  29.)
 (71.,  29.) (86.,  14.) (86.,  14.) (75.,  25.) (75.,  25.) (75.,  25.)
 (75.,  25.) (62.,  38.) (62.,  38.) (64.,  36.) (64.,  36.) (58.,  42.)
 (58.,  42.) (53.,  47.) (53.,  47.) (59.,  41.) (59.,  41.) (62.,  38.)
 (62.,  38.) (56.,  44.) (56.,  44.) (35.,  65.) (35.,  65.) (48.,  52.)
 (48.,  52.) (45.,  55.) (45.,  55.) (51.,  49.) (51.,  49.) (55.,  45.)
 (55.,  45.) (67.,  33.) (67.,  33.) (64.,  36.) (64.,  36.) (53.,  47.)
 (53.,  47.) (64.,  36.) (64.,  36.) (66.,  34.) (66.,  34.) (63.,  37.)
 (63.,  37.) (53.,  47.) (53.,  47.) (43.,  57.) (43.,  57.) (47.,  53.)
 (47.,  53.) (52.,  48.) (52.,  48.) (47.,  53.) (47.,  53.) (47.,  53.)
 (47.,  53.) (56.,  44.) (56.,  44.) (57.,  43.) (57.,  43.) (64.,  36.)
 (64.,  36.) (62.,  38.) (62.,  38.) (62.,  38.) (62.,  38.) (48.,  52.)
 (48.,  52.) (48.,  52.) (48.,  52.) (57.,  43.) (57.,  43.) (60.,  40.)
 (60.,  40.) (68.,  32.) (68.,  32.) (74.,  26.) (74.,  26.) (78.,  22.)
 (78.,  22.) (76.,  24.) (76.,  24.) (70.,  30.) (70.,  30.) (75.,  25.)
 (75.,  25.) (69.,  31.) (69.,  31.) (71.,  29.) (71.,  29.) (75.,  25.)
 (75.,  25.) (58.,  42.) (58.,  42.) (57.,  43.) (57.,  43.) (40.,  60.)
 (40.,  60.) (42.,  58.) (42.,  58.) (49.,  51.) (49.,  51.) (55.,  45.)
 (55.,  45.) (56.,  44.) (56.,  44.) (60.,  40.) (60.,  40.) (75.,  25.)
 (75.,  25.) (71.,  29.) (71.,  29.) (70.,  30.) (70.,  30.) (60.,  40.)
 (60.,  40.) (68.,  32.) (68.,  32.) (63.,  37.) (63.,  37.) (57.,  43.)
 (57.,  43.) (73.,  27.) (73.,  27.) (53.,  47.) (53.,  47.) (43.,  57.)
 (43.,  57.) (61.,  39.) (61.,  39.) (52.,  48.) (52.,  48.) (62.,  38.)
 (62.,  38.) (62.,  38.) (62.,  38.) (65.,  35.) (65.,  35.) (60.,  40.)
 (60.,  40.) (57.,  43.) (57.,  43.) (73.,  27.) (73.,  27.) (65.,  35.)
 (65.,  35.) (71.,  29.) (71.,  29.) (71.,  29.) (71.,  29.) (80.,  20.)
 (80.,  20.) (76.,  24.) (76.,  24.) (73.,  27.) (73.,  27.) (69.,  31.)
 (69.,  31.) (62.,  38.) (62.,  38.) (58.,  42.) (58.,  42.) (69.,  31.)
 (69.,  31.) (77.,  23.) (77.,  23.) (79.,  21.) (79.,  21.) (76.,  24.)
 (76.,  24.) (66.,  34.) (66.,  34.) (70.,  30.) (70.,  30.) (69.,  31.)
 (69.,  31.) (61.,  39.) (61.,  39.) (65.,  35.) (65.,  35.) (69.,  31.)
 (69.,  31.) (57.,  43.) (57.,  43.) (72.,  28.) (72.,  28.) (58.,  42.)
 (58.,  42.) (67.,  33.) (67.,  33.) (76.,  24.) (76.,  24.) (82.,  18.)
 (82.,  18.) (71.,  29.) (71.,  29.) (77.,  23.) (77.,  23.) (73.,  27.)
 (73.,  27.) (71.,  29.) (71.,  29.) (72.,  28.) (72.,  28.) (65.,  35.)
 (65.,  35.) (73.,  27.) (73.,  27.) (73.,  27.) (73.,  27.) (71.,  29.)
 (71.,  29.) (66.,  34.) (66.,  34.) (67.,  33.) (67.,  33.) (66.,  34.)
 (66.,  34.) (60.,  40.) (60.,  40.) (64.,  36.) (64.,  36.) (62.,  38.)
 (62.,  38.) (68.,  32.) (68.,  32.) (75.,  25.) (75.,  25.) (67.,  33.)
 (67.,  33.) (77.,  23.) (77.,  23.) (74.,  26.) (74.,  26.) (78.,  22.)
 (78.,  22.) (79.,  21.) (79.,  21.) (78.,  22.) (78.,  22.) (80.,  20.)
 (80.,  20.) (72.,  28.) (72.,  28.) (68.,  32.) (68.,  32.) (70.,  30.)
 (70.,  30.) (66.,  34.) (66.,  34.) (72.,  28.) (72.,  28.) (76.,  24.)
 (76.,  24.) (65.,  35.) (65.,  35.) (59.,  41.) (59.,  41.) (58.,  42.)
 (58.,  42.) (58.,  42.) (58.,  42.) (64.,  36.) (64.,  36.) (56.,  44.)
 (56.,  44.) (63.,  37.) (63.,  37.) (68.,  32.) (68.,  32.) (66.,  34.)
 (66.,  34.) (59.,  41.) (59.,  41.) (61.,  39.) (61.,  39.) (61.,  39.)
 (61.,  39.) (76.,  24.) (76.,  24.) (70.,  30.) (70.,  30.) (61.,  39.)
 (61.,  39.) (58.,  42.) (58.,  42.) (54.,  46.) (54.,  46.) (69.,  31.)
 (69.,  31.) (76.,  24.) (76.,  24.) (78.,  22.) (78.,  22.) (68.,  32.)
 (68.,  32.) (64.,  36.) (64.,  36.) (59.,  41.) (59.,  41.) (76.,  24.)
 (76.,  24.) (75.,  25.) (75.,  25.) (68.,  32.) (68.,  32.) (69.,  31.)
 (69.,  31.) (69.,  31.) (69.,  31.) (54.,  46.) (54.,  46.) (57.,  43.)
 (57.,  43.) (59.,  41.) (59.,  41.) (63.,  37.) (63.,  37.) (60.,  40.)
 (60.,  40.) (56.,  44.) (56.,  44.) (58.,  42.) (58.,  42.) (64.,  36.)
 (64.,  36.) (76.,  24.) (76.,  24.) (70.,  30.) (70.,  30.) (76.,  24.)
 (76.,  24.) (75.,  25.) (75.,  25.) (74.,  26.) (74.,  26.) (75.,  25.)
 (75.,  25.) (72.,  28.) (72.,  28.) (70.,  30.) (70.,  30.) (71.,  29.)
 (71.,  29.) (74.,  26.) (74.,  26.) (71.,  29.) (71.,  29.) (75.,  25.)
 (75.,  25.) (69.,  31.) (69.,  31.) (70.,  30.) (70.,  30.) (73.,  27.)
 (73.,  27.) (68.,  32.) (68.,  32.) (61.,  39.) (61.,  39.) (64.,  36.)
 (64.,  36.) (68.,  32.) (68.,  32.) (72.,  28.) (72.,  28.) (71.,  29.)
 (71.,  29.) (86.,  14.) (86.,  14.) (71.,  29.) (71.,  29.) (71.,  29.)
 (71.,  29.) (78.,  22.) (78.,  22.) (71.,  29.) (71.,  29.) (72.,  28.)
 (72.,  28.) (59.,  41.) (59.,  41.) (55.,  45.) (55.,  45.) (58.,  42.)
 (58.,  42.) (52.,  48.) (52.,  48.) (68.,  32.) (68.,  32.) (59.,  41.)
 (59.,  41.) (50.,  50.) (50.,  50.) (62.,  38.) (62.,  38.) (71.,  29.)
 (71.,  29.) (79.,  21.) (79.,  21.) (80.,  20.) (80.,  20.) (76.,  24.)
 (76.,  24.) (66.,  34.) (66.,  34.) (68.,  32.) (68.,  32.) (66.,  34.)
 (66.,  34.) (68.,  32.) (68.,  32.) (71.,  29.) (71.,  29.) (78.,  22.)
 (78.,  22.) (63.,  37.) (63.,  37.) (75.,  25.) (75.,  25.) (67.,  33.)
 (67.,  33.) (66.,  34.) (66.,  34.) (70.,  30.) (70.,  30.) (55.,  45.)
 (55.,  45.) (59.,  41.) (59.,  41.) (58.,  42.) (58.,  42.) (54.,  46.)
 (54.,  46.) (53.,  47.) (53.,  47.) (57.,  43.) (57.,  43.) (59.,  41.)
 (59.,  41.) (61.,  39.) (61.,  39.) (68.,  32.) (68.,  32.) (55.,  45.)
 (55.,  45.) (71.,  29.) (71.,  29.) (68.,  32.) (68.,  32.) (60.,  40.)
 (60.,  40.) (62.,  38.) (62.,  38.) (73.,  27.) (73.,  27.) (87.,  13.)
 (87.,  13.) (74.,  26.) (74.,  26.) (74.,  26.) (74.,  26.) (77.,  23.)
 (77.,  23.) (72.,  28.) (72.,  28.) (65.,  35.) (65.,  35.) (64.,  36.)
 (64.,  36.) (68.,  32.) (68.,  32.) (70.,  30.) (70.,  30.) (62.,  38.)
 (62.,  38.) (77.,  23.) (77.,  23.) (73.,  27.) (73.,  27.) (62.,  38.)
 (62.,  38.) (61.,  39.) (61.,  39.) (62.,  38.) (62.,  38.) (69.,  31.)
 (69.,  31.) (78.,  22.) (78.,  22.) (77.,  23.) (77.,  23.) (60.,  40.)
 (60.,  40.) (72.,  28.) (72.,  28.) (64.,  36.) (64.,  36.) (66.,  34.)
 (66.,  34.) (68.,  32.) (68.,  32.) (65.,  35.) (65.,  35.) (68.,  32.)
 (68.,  32.) (75.,  25.) (75.,  25.) (75.,  25.) (75.,  25.) (83.,  17.)
 (83.,  17.) (69.,  31.) (69.,  31.) (62.,  38.) (62.,  38.) (68.,  32.)
 (68.,  32.) (61.,  39.) (61.,  39.) (64.,  36.) (64.,  36.) (80.,  20.)
 (80.,  20.) (60.,  40.) (60.,  40.) (78.,  22.) (78.,  22.) (76.,  24.)
 (76.,  24.) (75.,  25.) (75.,  25.) (73.,  27.) (73.,  27.) (66.,  34.)
 (66.,  34.) (55.,  45.) (55.,  45.) (50.,  50.) (50.,  50.) (62.,  38.)
 (62.,  38.) (44.,  56.) (44.,  56.) (51.,  49.) (51.,  49.) (66.,  34.)
 (66.,  34.) (69.,  31.) (69.,  31.) (70.,  30.) (70.,  30.) (63.,  37.)
 (63.,  37.) (64.,  36.) (64.,  36.) (65.,  35.) (65.,  35.) (72.,  28.)
 (72.,  28.) (69.,  31.) (69.,  31.) (61.,  39.) (61.,  39.) (64.,  36.)
 (64.,  36.) (64.,  36.) (64.,  36.) (54.,  46.) (54.,  46.) (66.,  34.)
 (66.,  34.) (67.,  33.) (67.,  33.) (76.,  24.) (76.,  24.) (66.,  34.)
 (66.,  34.) (64.,  36.) (64.,  36.) (67.,  33.) (67.,  33.) (62.,  38.)
 (62.,  38.) (70.,  30.) (70.,  30.) (81.,  19.) (81.,  19.) (86.,  14.)
 (86.,  14.) (85.,  15.) (85.,  15.) (75.,  25.) (75.,  25.) (84.,  16.)
 (84.,  16.) (56.,  44.) (56.,  44.) (48.,  52.) (48.,  52.) (46.,  54.)
 (46.,  54.) (51.,  49.) (51.,  49.) (40.,  60.) (40.,  60.) (50.,  50.)
 (50.,  50.) (61.,  39.) (61.,  39.) (66.,  34.) (66.,  34.) (64.,  36.)
 (64.,  36.) (62.,  38.) (62.,  38.) (58.,  42.) (58.,  42.) (56.,  44.)
 (56.,  44.) (64.,  36.) (64.,  36.) (38.,  62.) (38.,  62.) (43.,  57.)
 (43.,  57.) (55.,  45.) (55.,  45.) (59.,  41.) (59.,  41.) (47.,  53.)
 (47.,  53.) (57.,  43.) (57.,  43.) (59.,  41.) (59.,  41.) (58.,  42.)
 (58.,  42.) (58.,  42.) (58.,  42.) (53.,  47.) (53.,  47.) (61.,  39.)
 (61.,  39.) (44.,  56.) (44.,  56.) (55.,  45.) (55.,  45.) (66.,  34.)
 (66.,  34.) (57.,  43.) (57.,  43.) (66.,  34.) (66.,  34.) (57.,  43.)
 (57.,  43.) (58.,  42.) (58.,  42.) (58.,  42.) (58.,  42.) (77.,  23.)
 (77.,  23.) (79.,  21.) (79.,  21.) (67.,  33.) (67.,  33.) (75.,  25.)
 (75.,  25.) (73.,  27.) (73.,  27.) (77.,  23.) (77.,  23.) (70.,  30.)
 (70.,  30.) (76.,  24.) (76.,  24.) (78.,  22.) (78.,  22.) (66.,  34.)
 (66.,  34.) (72.,  28.) (72.,  28.) (72.,  28.) (72.,  28.) (72.,  28.)
 (72.,  28.) (67.,  33.) (67.,  33.) (69.,  31.) (69.,  31.) (65.,  35.)
 (65.,  35.) (72.,  28.) (72.,  28.) (62.,  38.) (62.,  38.) (63.,  37.)
 (63.,  37.) (60.,  40.) (60.,  40.) (53.,  47.) (53.,  47.) (58.,  42.)
 (58.,  42.) (68.,  32.) (68.,  32.) (80.,  20.) (80.,  20.) (65.,  35.)
 (65.,  35.) (61.,  39.) (61.,  39.) (66.,  34.) (66.,  34.) (63.,  37.)
 (63.,  37.) (73.,  27.) (73.,  27.) (71.,  29.) (71.,  29.) (76.,  24.)
 (76.,  24.) (74.,  26.) (74.,  26.) (71.,  29.) (71.,  29.) (71.,  29.)
 (71.,  29.) (66.,  34.) (66.,  34.) (78.,  22.) (78.,  22.) (72.,  28.)
 (72.,  28.) (73.,  27.) (73.,  27.) (67.,  33.) (67.,  33.) (77.,  23.)
 (77.,  23.) (58.,  42.) (58.,  42.) (65.,  35.) (65.,  35.) (67.,  33.)
 (67.,  33.) (62.,  38.) (62.,  38.) (55.,  45.) (55.,  45.) (65.,  35.)
 (65.,  35.) (69.,  31.) (69.,  31.) (68.,  32.) (68.,  32.) (63.,  37.)
 (63.,  37.) (65.,  35.) (65.,  35.) (51.,  49.) (51.,  49.) (59.,  41.)
 (59.,  41.) (69.,  31.) (69.,  31.) (75.,  25.) (75.,  25.) (65.,  35.)
 (65.,  35.) (52.,  48.) (52.,  48.) (50.,  50.) (50.,  50.) (53.,  47.)
 (53.,  47.) (62.,  38.) (62.,  38.) (64.,  36.) (64.,  36.) (55.,  45.)
 (55.,  45.) (56.,  44.) (56.,  44.) (51.,  49.) (51.,  49.) (65.,  35.)
 (65.,  35.) (60.,  40.) (60.,  40.) (62.,  38.) (62.,  38.)] 
Solution Description: 
p: [  0.         196.94865817 197.24611168 197.24612199 212.08259826
 212.1277258  214.41122925 248.95850862 248.98696531   0.
  24.42432263  35.83893082 111.46641683 172.7306257  231.81642599
 233.42139441 236.66606945 255.34345567 279.92638336 344.82990917
 391.25891529 422.29045361 475.56495797 495.70407344 535.01497458
 561.57525445 576.58896383 585.74323857 587.60897076   0.
  61.19418044 145.07079888 145.53125181 145.77738663 158.51093108
 165.39306904 228.89541751 246.70818184 295.95141654 300.48234807
   0.          43.55761555  61.75543382  79.00995152 132.48103563
 139.68664969 150.19766353 188.80744625 207.75837881 219.90427348
 265.62756855 278.42647955] 
pred: [ 0  0  0  0  0  0  5  6  6  0  0  1  1  1  1  1  1  7  7  7  7  7  7 13
 13 13 13 13 13  0  0  0  0  0  0  0  6  6  6  6  0  0  0  0  0  0  5  5
  5  5  9  9] 
distance [  0.         196.94865817 197.24611168 197.24612199 212.08259826
 212.1277258    2.28350345  34.54727937  34.57573607   0.
  24.42432263  11.41460818  87.04209419 148.30630307 207.39210336
 208.99707177 212.24174682  18.67738622  43.26031391 108.16383972
 154.59284584 185.62438416 238.89888852  20.13911547  59.45001662
  86.01029648 101.02400587 110.1782806  112.04401279   0.
  61.19418044 145.07079888 145.53125181 145.77738663 158.51093108
 165.39306904  63.50234846  81.31511279 130.55834749 135.08927903
   0.          43.55761555  61.75543382  79.00995152 132.48103563
 139.68664969  10.51101384  49.12079657  68.07172912  80.21762379
  45.72329507  58.52220607]
load: [  0  19  35  43  46  62  11  13  27   0  21  18  40  59  84 103 127  22
  35  45  51  68  73  25  30  46  62  72  79   0   5   8  17  26  38  63
  20  40  49  61   0   4  18  32  47  62   8  18  31  44  21  27] 
time: [  0.          72.         192.         262.90923472 293.63204346
 456.         322.          80.         159.           0.
 371.          90.         129.23451697 185.11499244 414.
 426.78036002 459.         182.         204.9745632  321.
 357.24520703 434.         475.95303324 130.         160.
 398.         440.23624841 473.3964008  510.10459224   0.
 204.         319.         387.22169751 406.46219392 423.63549066
 446.         198.         215.24054306 245.23870997 317.
   0.         226.         378.         411.20995269 457.
 495.92676098 121.         200.         236.96885245 375.
 115.         271.        ] 
time warps: [0 0 0 0 0 0 0 0 0 0 0 0 0 0 0 0 0 0 0 0 0 0 0 0 0 0 0 0 0 0 0 0 0 0 0 0 0
 0 0 0 0 0 0 0 0 0 0 0 0 0 0 0] 
duration: [  0.         217.94865817 311.45374536 321.45375567 340.29023194
 499.31705186  11.28350345  41.54727937 107.11434586   0.
  47.42432263  12.41460818 113.04209419 191.30630307 411.43168475
 423.03665316 455.08949489  24.67738622  55.26031391 210.71819753
 259.14720366 363.83102691 420.10553127  29.13911547  86.64422529
 337.70754865 373.72125804 399.87553277 405.74126496   0.
  85.19418044 231.13191211 247.59236503 253.83849985 268.57204431
 296.13144592  71.50234846  94.31511279 145.55834749 188.48012876
   0.          66.55761555 217.20299965 238.45751735 314.90692128
 344.11253534  17.51101384 115.35034637 156.30127892 277.60463388
  55.72329507 217.83191721]

All individuals: [(44, [ 8, 19, 10, 11, 33, 20, 41, 44, 32, 37,  9, 35, 22, 10, 42, 46, 21, 24, 43, 34,  7, 36, 26, 18, 17, 45,  6, 27,  3, 48, 11,  4, 19, 14, 28,  1, 16, 29,  8, 13,  5, 15, 23, 25, 40, 38,  2, 31, 39, 30, 47, 12], 1415.5047637 , 1415.5047637 , 0.,  0.        , 0.        , 0., 0, 0, 0.)
 (44, [ 8, 19, 10, 11, 33, 20, 41, 44, 32, 37,  9, 35, 22, 10, 42, 46, 21, 24, 43, 34,  7, 36, 26, 18, 17, 45,  6, 27,  3, 48, 11,  4, 19, 14, 28,  1, 16, 29,  8, 13,  5, 15, 23, 25, 40, 38,  2, 31, 39, 30, 47, 12], 1415.5047637 , 1415.5047637 , 0.,  0.        , 0.        , 0., 0, 0, 0.)
 (44, [ 8, 19, 10, 11, 33, 20, 41, 44, 32, 37,  9, 35, 22, 10, 42, 46, 21, 24, 43, 34,  7, 36, 26, 18, 17, 45,  6, 27,  3, 48, 11,  4, 19, 14, 28,  1, 16, 29,  8, 13,  5, 15, 23, 25, 40, 38,  2, 31, 39, 30, 47, 12], 1415.5047637 , 1415.5047637 , 0.,  0.        , 0.        , 0., 0, 0, 0.)
 (44, [ 8, 19, 10, 11, 33, 20, 41, 44, 32, 37,  9, 35, 22, 10, 42, 46, 21, 24, 43, 34,  7, 36, 26, 18, 17, 45,  6, 27,  3, 48, 11,  4, 19, 14, 28,  1, 16, 29,  8, 13,  5, 15, 23, 25, 40, 38,  2, 31, 39, 30, 47, 12], 1415.5047637 , 1415.5047637 , 0.,  0.        , 0.        , 0., 0, 0, 0.)
 (44, [ 8, 19, 10, 11, 33, 20, 41, 44, 32, 37,  9, 35, 22, 10, 42, 46, 21, 24, 43, 34,  7, 36, 26, 18, 17, 45,  6, 27,  3, 48, 11,  4, 19, 14, 28,  1, 16, 29,  8, 13,  5, 15, 23, 25, 40, 38,  2, 31, 39, 30, 47, 12], 1415.5047637 , 1415.5047637 , 0.,  0.        , 0.        , 0., 0, 0, 0.)
 (44, [ 8, 19, 10, 11, 33, 20, 41, 44, 32, 37,  9, 35, 22, 10, 42, 46, 21, 24, 43, 34,  7, 36, 26, 18, 17, 45,  6, 27,  3, 48, 11,  4, 19, 14, 28,  1, 16, 29,  8, 13,  5, 15, 23, 25, 40, 38,  2, 31, 39, 30, 47, 12], 1415.5047637 , 1415.5047637 , 0.,  0.        , 0.        , 0., 0, 0, 0.)
 (44, [ 8, 19, 10, 11, 33, 20, 41, 44, 32, 37,  9, 35, 22, 10, 42, 46, 21, 24, 43, 34,  7, 36, 26, 18, 17, 45,  6, 27,  3, 48, 11,  4, 19, 14, 28,  1, 16, 29,  8, 13,  5, 15, 23, 25, 40, 38,  2, 31, 39, 30, 47, 12], 1415.5047637 , 1415.5047637 , 0.,  0.        , 0.        , 0., 0, 0, 0.)
 (44, [ 8, 19, 10, 11, 33, 20, 41, 44, 32, 37,  9, 35, 22, 10, 42, 46, 21, 24, 43, 34,  7, 36, 26, 18, 17, 45,  6, 27,  3, 48, 11,  4, 19, 14, 28,  1, 16, 29,  8, 13,  5, 15, 23, 25, 40, 38,  2, 31, 39, 30, 47, 12], 1415.5047637 , 1415.5047637 , 0.,  0.        , 0.        , 0., 0, 0, 0.)
 (44, [ 8, 19, 10, 11, 33, 20, 41, 44, 32, 37,  9, 35, 22, 10, 42, 46, 21, 24, 43, 34,  7, 36, 26, 18, 17, 45,  6, 27,  3, 48, 11,  4, 19, 14, 28,  1, 16, 29,  8, 13,  5, 15, 23, 25, 40, 38,  2, 31, 39, 30, 47, 12], 1415.5047637 , 1415.5047637 , 0.,  0.        , 0.        , 0., 0, 0, 0.)
 (44, [ 8, 19, 10, 11, 33, 20, 41, 44, 32, 37,  9, 35, 22, 10, 42, 46, 21, 24, 43, 34,  7, 36, 26, 18, 17, 45,  6, 27,  3, 48, 11,  4, 19, 14, 28,  1, 16, 29,  8, 13,  5, 15, 23, 25, 40, 38,  2, 31, 39, 30, 47, 12], 1415.5047637 , 1415.5047637 , 0.,  0.        , 0.        , 0., 0, 0, 0.)
 (44, [ 8, 19, 10, 11, 33, 20, 41, 44, 32, 37,  9, 35, 22, 10, 42, 46, 21, 24, 43, 34,  7, 36, 26, 18, 17, 45,  6, 27,  3, 48, 11,  4, 19, 14, 28,  1, 16, 29,  8, 13,  5, 15, 23, 25, 40, 38,  2, 31, 39, 30, 47, 12], 1415.5047637 , 1415.5047637 , 0.,  0.        , 0.        , 0., 0, 0, 0.)
 (44, [ 8, 19, 10, 11, 33, 20, 41, 44, 32, 37,  9, 35, 22, 10, 42, 46, 21, 24, 43, 34,  7, 36, 26, 18, 17, 45,  6, 27,  3, 48, 11,  4, 19, 14, 28,  1, 16, 29,  8, 13,  5, 15, 23, 25, 40, 38,  2, 31, 39, 30, 47, 12], 1415.5047637 , 1415.5047637 , 0.,  0.        , 0.        , 0., 0, 0, 0.)
 (44, [ 8, 19, 10, 11, 33, 20, 41, 44, 32, 37,  9, 35, 22, 10, 42, 46, 21, 24, 43, 34,  7, 36, 26, 18, 17, 45,  6, 27,  3, 48, 11,  4, 19, 14, 28,  1, 16, 29,  8, 13,  5, 15, 23, 25, 40, 38,  2, 31, 39, 30, 47, 12], 1415.5047637 , 1415.5047637 , 0.,  0.        , 0.        , 0., 0, 0, 0.)
 (44, [ 8, 19, 10, 11, 33, 20, 41, 44, 32, 37,  9, 35, 22, 10, 42, 46, 21, 24, 43, 34,  7, 36, 26, 18, 17, 45,  6, 27,  3, 48, 11,  4, 19, 14, 28,  1, 16, 29,  8, 13,  5, 15, 23, 25, 40, 38,  2, 31, 39, 30, 47, 12], 1415.5047637 , 1415.5047637 , 0.,  0.        , 0.        , 0., 0, 0, 0.)
 (44, [ 8, 19, 10, 11, 33, 20, 41, 44, 32, 37,  9, 35, 22, 10, 42, 46, 21, 24, 43, 34,  7, 36, 26, 18, 17, 45,  6, 27,  3, 48, 11,  4, 19, 14, 28,  1, 16, 29,  8, 13,  5, 15, 23, 25, 40, 38,  2, 31, 39, 30, 47, 12], 1415.5047637 , 1415.5047637 , 0.,  0.        , 0.        , 0., 0, 0, 0.)
 (44, [ 8, 19, 10, 11, 33, 20, 41, 44, 32, 37,  9, 35, 22, 10, 42, 46, 21, 24, 43, 34,  7, 36, 26, 18, 17, 45,  6, 27,  3, 48, 11,  4, 19, 14, 28,  1, 16, 29,  8, 13,  5, 15, 23, 25, 40, 38,  2, 30, 39, 31, 47, 12], 1428.1332376 , 1428.1332376 , 0.,  0.        , 0.        , 0., 0, 0, 0.)
 (44, [ 8, 19, 10, 11, 33, 20, 41, 44, 32, 37,  9, 35, 22, 10, 42, 46, 21, 24, 43, 34,  7, 36, 26, 18, 17, 45,  6, 27,  3, 48, 11,  4, 19, 14,  1, 28, 16, 29,  8, 13,  5, 15, 23, 25, 40, 38,  2, 31, 39, 30, 47, 12], 1444.70106931, 1444.70106931, 0.,  0.        , 0.        , 0., 0, 0, 0.)
 (44, [ 8, 19, 10, 11, 33, 20, 41, 44, 32, 37,  9, 35, 22, 10, 42, 46, 21, 24, 43, 34,  7, 36, 26, 18, 17,  6, 45, 27,  3, 48, 11,  4, 19, 14, 28,  1, 16, 29,  8, 13,  5, 15, 23, 25, 40, 38,  2, 31, 39, 30, 47, 12], 1445.65169298, 1445.65169298, 0.,  0.        , 0.        , 0., 0, 0, 0.)
 (44, [ 8, 19, 10, 11, 33, 20, 41, 44, 32, 37,  9, 35, 22, 10, 42, 46, 21, 24, 43, 34,  7, 36, 26, 18, 17, 45,  6, 27,  3, 48, 11,  4, 19, 14, 16,  1, 28, 29,  8, 13,  5, 15, 23, 25, 40, 38,  2, 31, 39, 30, 47, 12], 1447.57196259, 1476.064316  , 0.,  0.        , 0.        , 0., 0, 0, 0.)
 (44, [ 8, 19, 11, 10, 33, 20, 41, 44, 32, 37,  9, 35, 22, 10, 42, 46, 21, 24, 43, 34,  7, 36, 26, 18, 17, 45,  6, 27,  3, 48, 11,  4, 19, 14, 28,  1, 16, 29,  8, 13,  5, 15, 23, 25, 40, 38,  2, 31, 39, 30, 47, 12], 1482.2037653 , 1472.92197694, 0.,  4.64089418, 0.        , 0., 0, 0, 0.)
 (44, [ 8, 19, 11, 10, 33, 20, 41, 44, 32, 37,  9, 35, 22, 10, 42, 46, 21, 24, 43, 34,  7, 36, 26, 18, 17, 45,  6, 27,  3, 48, 11,  4, 19, 14, 28,  1, 16, 29,  8, 13,  5, 15, 23, 25, 40, 38,  2, 31, 39, 30, 47, 12], 1482.2037653 , 1472.92197694, 0.,  4.64089418, 0.        , 0., 0, 0, 0.)
 (44, [ 8, 19, 10, 11, 33, 20, 41, 44, 32, 37,  9, 35, 22, 10, 42, 46, 21, 24, 43, 34,  7, 36, 26, 18, 17, 45,  6, 27,  3, 48, 11,  4, 19, 14, 28,  1, 16, 29,  8, 13,  5, 15, 23, 47, 40, 38,  2, 31, 39, 30, 25, 12], 1485.5173602 , 1528.9031513 , 0.,  0.        , 0.        , 0., 0, 0, 0.)
 (44, [ 8, 19, 10, 11, 33, 20, 41, 44, 32, 37,  9, 35, 22, 10, 42, 46, 21, 24, 43, 34,  7, 36, 26, 18, 17, 45,  6, 27,  3, 48, 11,  4, 19, 14, 28,  1, 13, 29,  8, 16,  5, 15, 23, 25, 40, 38,  2, 31, 39, 30, 47, 12], 1494.60387667, 1494.60387667, 0.,  0.        , 0.        , 0., 0, 0, 0.)
 (44, [ 8, 19, 10, 11, 33, 20, 41, 44, 32, 37, 36, 35, 22, 10, 42, 46, 21, 24, 43, 34,  7,  9, 26, 18, 17, 45,  6, 27,  3, 48, 11,  4, 19, 14, 28,  1, 16, 29,  8, 13,  5, 15, 23, 25, 40, 38,  2, 31, 39, 30, 47, 12], 1496.30317777, 1489.10876026, 0.,  3.59720876, 0.        , 0., 0, 0, 0.)
 (44, [ 8, 19, 11, 10, 33, 20, 41, 44, 32, 37,  9, 35, 10, 22, 42, 46, 21, 24, 43, 34,  7, 36, 26, 18, 17, 45,  6, 27,  3, 48, 11,  4, 19, 14, 28,  1, 16, 29,  8, 13,  5, 15, 23, 25, 40, 38,  2, 31, 39, 30, 47, 12], 1507.28189224, 1483.03517602, 0.,  4.64089418, 7.48246393, 0., 0, 0, 0.)
 (44, [ 8, 19, 10, 11, 33, 20, 41, 44, 32, 37,  9, 35, 22, 10, 42, 46, 21, 24, 43, 34,  7, 36, 26, 18, 17, 45,  6, 27,  3, 48, 11, 29, 19, 14, 28,  1, 16,  4,  8, 13,  5, 15, 23, 25, 40, 38,  2, 31, 39, 30, 47, 12], 1514.01342293, 1576.16902313, 0.,  0.        , 0.        , 0., 0, 0, 0.)
 (44, [ 8, 19, 10, 11, 33, 20, 41, 32, 37,  9, 46, 35, 22, 10, 42, 39, 21, 24, 43, 34,  7, 36, 26, 18, 17, 45,  6, 27,  3, 48, 11,  4, 19, 14, 28,  1, 16, 29,  8, 13,  5, 15, 23, 25, 40, 38, 44,  2, 31, 30, 47, 12], 1527.48237628, 1527.48237628, 0.,  0.        , 0.        , 0., 0, 0, 0.)
 (44, [ 8, 19, 11, 10, 33, 20, 41, 44, 32, 37,  9, 35, 22, 10, 42, 46, 21, 24, 43, 34,  7, 26, 36, 18, 17, 45,  6, 27,  3, 48, 11,  4, 19, 14, 28,  1, 16, 29,  8, 13,  5, 15, 23, 25, 40, 38,  2, 31, 39, 30, 47, 12], 1528.04242992, 1518.76064156, 0.,  4.64089418, 0.        , 0., 0, 0, 0.)
 (44, [ 8, 19, 10, 11, 33, 20, 41, 44, 37,  9, 46, 35, 22, 10, 42, 39, 21, 24, 43, 34,  7, 36, 26, 18, 17, 45,  6, 27,  3, 48, 11,  4, 19, 14, 28,  1, 16, 29,  8, 13,  5, 32, 15, 23, 25, 40, 38,  2, 31, 30, 47, 12], 1535.38411035, 1535.38411035, 0.,  0.        , 0.        , 0., 0, 0, 0.)
 (44, [ 8, 19, 10, 11, 33, 20, 41, 44, 32, 37,  9, 35, 22, 10, 42, 21, 24, 43, 46, 34,  7, 36, 26, 18, 17, 45,  6, 27,  3, 48, 11,  4, 19, 14, 16,  1, 28, 29,  8, 13,  5, 15, 23, 25, 40, 38,  2, 31, 39, 30, 47, 12], 1541.5801738 , 1570.07252721, 0.,  0.        , 0.        , 0., 0, 0, 0.)
 (44, [ 8, 18, 11, 11, 33, 20, 41, 44, 32, 37,  9, 35, 22, 10, 42, 46, 21, 24, 43, 34,  7, 36, 26, 18, 17, 45,  6, 27,  3, 48, 11,  4, 19, 14, 28,  1, 16, 29,  8, 13,  5, 15, 23, 25, 40, 38,  2, 31, 39, 30, 47, 12], 1563.66910983, 1563.66910983, 0.,  0.        , 0.        , 0., 0, 0, 0.)
 (44, [ 8, 19, 10, 11, 33, 20, 41, 44, 32, 37,  9, 35, 22, 10, 42,  7, 21, 24, 43, 34, 46, 36, 26, 18, 17, 45,  6, 27,  3, 48, 11,  4, 19, 14, 28,  1, 16, 29,  8, 13,  5, 15, 23, 25, 40, 38,  2, 31, 39, 30, 47, 12], 1574.78145777, 1773.76692898, 0.,  0.        , 0.        , 0., 0, 0, 0.)
 (44, [ 8, 19, 10, 11, 33, 20, 41, 44, 32, 27,  9, 35, 22, 10, 42, 46, 21, 24, 43, 34,  7, 36, 26, 18, 17, 45,  6, 37,  3, 48, 11,  4, 19, 14, 28,  1, 16, 29,  8, 13,  5, 15, 23, 25, 40, 38,  2, 31, 39, 30, 47, 12], 1576.4519645 , 1576.4519645 , 0.,  0.        , 0.        , 0., 0, 0, 0.)
 (44, [ 7, 19, 11, 11, 33, 20, 35, 44, 32, 37,  9, 41, 22, 10, 42, 46, 21, 24, 43, 34,  7, 36, 18, 17, 45,  6, 27,  3, 48, 11,  4, 28, 19, 14, 26,  1, 16, 29,  8, 13,  5, 15, 23, 25, 40, 38,  2, 31, 39, 30, 47, 12], 1580.1485927 , 1580.1485927 , 0.,  0.        , 0.        , 0., 0, 0, 0.)
 (44, [ 8, 19, 11, 10, 33, 20, 41, 44, 37,  9, 35, 22, 10, 32, 42, 46, 21, 24, 43, 34,  7, 36, 26, 18, 17, 45,  6, 27,  3, 48, 11,  4, 19, 14, 28,  1, 16, 29,  8, 13,  5, 15, 23, 25, 40, 38,  2, 31, 39, 30, 47, 12], 1594.19231455, 1569.94559833, 0.,  4.64089418, 7.48246393, 0., 0, 0, 0.)
 (44, [ 8, 19, 10, 11, 33, 39, 41, 44, 32, 37,  9, 35, 22, 10, 42, 46, 21, 24, 43, 34,  7, 36, 26, 18, 17, 45,  6, 27,  3, 48, 11,  4, 19, 14, 28,  1, 16, 29,  8, 13,  5, 15, 23, 25, 40, 38,  2, 31, 20, 30, 47, 12], 1601.86258856, 1601.86258856, 0.,  0.        , 0.        , 0., 0, 0, 0.)
 (44, [ 8, 19, 10, 11, 33, 20, 41, 32,  9, 35, 22, 46, 37, 10, 42, 39, 21, 24, 43, 34,  7, 36, 26, 18, 17, 45,  6, 27,  3, 48, 11,  4, 19, 14, 28,  1, 16, 29,  8, 13,  5, 15, 23, 25, 40, 38, 44,  2, 31, 30, 47, 12], 1613.97494037, 1613.97494037, 0.,  0.        , 0.        , 0., 0, 0, 0.)
 (44, [ 8, 19, 11, 10, 33, 20, 41, 44, 32, 37,  9, 35, 22, 10, 42, 31, 21, 24, 43, 34,  7, 26, 36, 18, 17, 45,  6, 27,  3, 48, 11,  4, 19, 14, 28,  1, 16, 29,  8, 13,  5, 15, 23, 25, 40, 38,  2, 46, 39, 30, 47, 12], 1635.03014546, 1625.7483571 , 0.,  4.64089418, 0.        , 0., 0, 0, 0.)
 (44, [ 9, 18, 10, 11, 33, 20, 41, 44, 32, 37,  9, 35, 22, 10, 42, 46, 21, 24, 43, 34,  7, 36, 26, 18, 17, 45,  6, 27,  3, 48, 11,  4, 19, 25, 28,  1, 16, 29,  8, 13,  5, 15, 23, 14, 40, 38,  2, 31, 39, 30, 47, 12], 1642.36061117, 1796.6690844 , 0.,  0.        , 0.        , 0., 0, 0, 0.)
 (44, [ 7, 20, 10, 11, 33, 39, 41, 44, 32, 37,  9, 35, 22, 10, 42, 46, 21, 24, 43, 34,  7, 36, 26, 18, 17, 45,  6, 27,  3, 48, 11,  4, 19, 14, 28,  1, 16, 29,  8, 13,  5, 15, 23, 25, 40, 38,  2, 31, 20, 30, 47, 12], 1643.22166013, 1643.22166013, 0.,  0.        , 0.        , 0., 0, 0, 0.)
 (44, [ 8, 19, 10, 11, 33, 20, 41, 44, 32, 37,  9, 35, 22, 10, 42, 46, 21, 24, 43, 34,  7, 36, 26, 18, 17, 45,  6, 31,  3, 48, 11,  4, 19, 14, 28,  1, 16, 29,  8, 13,  5, 15, 23, 25, 40, 38,  2, 27, 39, 30, 47, 12], 1658.62507461, 1658.62507461, 0.,  0.        , 0.        , 0., 0, 0, 0.)
 (44, [ 7, 20, 11, 10, 33, 20, 41, 44, 32, 37,  9, 35, 22, 10, 47, 46, 21, 24, 43, 34,  7, 36, 26, 18, 17, 45,  6, 27,  3, 48, 11,  4, 19, 14, 28,  1, 16, 29,  8, 13,  5, 15, 23, 25, 40, 38,  2, 31, 39, 30, 42, 12], 1659.4822391 , 1650.20045074, 0.,  4.64089418, 0.        , 0., 0, 0, 0.)
 (44, [ 9, 19,  9, 11, 33, 20, 41, 44, 32, 37,  9, 35, 22, 10, 42, 21, 24, 43, 46, 34,  7, 36, 26, 18, 17, 45,  6, 27,  3, 48, 11,  4, 19, 14, 28,  1, 16, 29,  8, 13,  5, 15, 23, 25, 40, 38,  2, 31, 39, 30, 47, 12], 1659.7735142 , 1659.7735142 , 0.,  0.        , 0.        , 0., 0, 0, 0.)
 (44, [ 9, 19, 10, 10, 33, 20, 41, 44, 32, 37,  9, 35, 22, 10, 42, 46, 21, 24, 43, 34,  7, 26, 36, 18, 17, 45,  6, 27,  3, 48, 11,  4, 19, 14, 28,  1, 16, 29,  8, 13,  5, 15, 23, 25, 40, 38,  2, 31, 39, 30, 47, 12], 1678.30296921, 1669.02118086, 0.,  4.64089418, 0.        , 0., 0, 0, 0.)
 (44, [ 8, 19, 10, 11, 33, 20,  3, 44, 32, 37,  9, 35, 22, 10, 42, 46, 21, 24, 43, 34,  7, 36, 26, 18, 17, 45,  6, 27, 41, 48, 11, 14, 19,  4, 28,  1, 16, 29,  8, 13,  5, 15, 23, 25, 40, 38,  2, 31, 39, 30, 47, 12], 1680.89248654, 1680.89248654, 0.,  0.        , 0.        , 0., 0, 0, 0.)
 (44, [ 9, 18, 13,  8, 33, 20, 41, 44, 32, 37,  9, 35, 22, 10, 42, 46, 21, 24, 43, 34,  7, 26,  8, 18, 17, 45,  6, 27,  3, 48, 11,  4, 19, 14, 28,  1, 16, 29, 36, 13,  5, 15, 23, 25, 40, 38,  2, 31, 39, 30, 47, 12], 1693.74255401, 1766.67308604, 0.,  4.64089418, 0.        , 0., 0, 0, 0.)
 (44, [ 8, 20,  9, 11, 33, 20, 41, 44, 32, 37,  9, 35, 22, 10, 42, 46, 21, 24, 31, 34,  7, 43, 36, 26, 18, 17, 45,  6, 27,  3, 48, 11,  4, 19, 14, 28,  1, 16, 29,  8, 13,  5, 15, 25, 23, 40, 38,  2, 39, 30, 47, 12], 1696.12583751, 1686.84404915, 0.,  4.64089418, 0.        , 0., 0, 0, 0.)
 (44, [ 8, 19, 10, 11, 41, 20, 33, 44, 32, 37,  9, 35, 22, 10, 42, 21, 46, 24, 43, 34,  7, 36, 26, 18, 17, 45,  6, 27,  3, 48, 11,  4, 19, 14, 28,  1, 16, 29,  8, 13,  5, 15, 23, 25, 40, 38,  2, 31, 39, 30, 47, 12], 1696.78322111, 1741.0169476 , 0., 38.79236632, 0.        , 0., 0, 0, 0.)
 (44, [ 8, 19, 10, 11, 16, 20, 41, 44, 32,  3,  9, 35, 22, 10, 42, 46, 21, 24, 43, 34,  7, 36, 26, 18, 17, 45,  6, 27, 37, 48, 11,  4, 19, 14, 28,  1, 33, 29,  8, 13,  5, 15, 23, 25, 40, 38,  2, 31, 39, 30, 47, 12], 1698.73437678, 1698.73437678, 0.,  0.        , 0.        , 0., 0, 0, 0.)
 (44, [ 9, 19, 10, 10, 33, 20, 41, 44, 32, 37,  9, 35, 22, 10, 42, 46, 21, 24, 43, 34,  7, 36, 26, 18, 17, 45, 27,  3, 48, 11,  4,  6, 19, 14, 28,  1, 16, 29,  8, 13,  5,  2, 15, 23, 25, 40, 38, 31, 39, 30, 47, 12], 1702.7666252 , 1702.7666252 , 0.,  0.        , 0.        , 0., 0, 0, 0.)
 (44, [10, 18, 11,  9, 33, 20, 41, 44, 32, 37, 35,  9, 22, 10, 42, 46, 21, 24, 43, 34,  7, 36, 26, 18, 17, 45,  6, 27,  3, 48, 11,  4, 19, 14, 16,  1, 28, 29,  8, 13,  5, 15, 23, 25, 40, 38,  2, 31, 39, 30, 47, 12], 1707.80279489, 1712.04843208, 0.,  4.64089418, 7.48246393, 0., 0, 0, 0.)
 (44, [ 8, 19, 10, 11, 33, 20, 41, 32, 37, 28,  9, 35, 22, 10, 42, 46, 39, 21, 24, 43, 34,  7, 36, 26, 18, 17, 45,  6, 27,  3, 48, 11,  4, 19, 14,  1, 16, 29,  8, 13,  5, 15, 23, 25, 40, 38, 44,  2, 31, 30, 47, 12], 1710.32573767, 1710.32573767, 0.,  0.        , 0.        , 0., 0, 0, 0.)
 (44, [ 8, 19, 10, 11, 33, 20, 41, 44, 32, 37,  9, 35, 22, 10, 42, 46, 28, 24, 43, 34,  7, 36, 26, 18, 17, 45,  6, 27,  3, 48, 11, 21,  4, 19, 14,  1, 16, 29,  8, 13,  5, 15, 23, 25, 40, 38,  2, 31, 39, 30, 47, 12], 1711.22293631, 1711.22293631, 0.,  0.        , 0.        , 0., 0, 0, 0.)
 (44, [ 9, 18, 12,  9, 33, 20, 41, 44, 32, 37,  9, 35, 22, 10, 42, 46, 21, 24, 43, 34,  7, 36, 26, 18, 17, 45,  6, 27,  3, 48, 11,  4, 19, 28,  1, 16, 29,  8, 13, 14, 25, 15, 12,  5, 40, 38,  2, 31, 39, 30, 47, 23], 1722.48220004, 1799.40272932, 0.,  0.        , 0.        , 0., 0, 0, 0.)
 (44, [ 8, 20, 10, 10, 33, 20, 41, 44, 32, 37,  9, 35, 22, 10, 42, 46, 21, 24, 43, 34,  7, 36, 26,  1, 17, 45,  6, 27,  3, 48, 11,  4, 19, 14, 28, 18, 16, 29,  8, 13,  5, 15, 23, 25, 40, 38,  2, 31, 39, 30, 47, 12], 1724.90406944, 1715.62228108, 0.,  4.64089418, 0.        , 0., 0, 0, 0.)
 (44, [10, 18, 10, 10, 33, 20, 41, 44, 32, 37,  9, 35, 10, 22, 42, 47, 21, 24, 43, 34,  7, 36, 26, 18, 17, 45,  6, 27,  3, 48, 11,  4, 19, 14, 28,  1, 16, 29,  8, 13,  5, 15, 23, 25, 40, 38,  2, 31, 39, 30, 46, 12], 1734.49223626, 1710.24552004, 0.,  4.64089418, 7.48246393, 0., 0, 0, 0.)
 (44, [ 8, 19, 10, 11, 33, 20, 41, 44, 32, 37,  9, 35, 22, 10, 42, 46, 21, 24, 43, 34,  7, 36, 26, 18, 17, 45,  6, 27,  3, 28, 11,  4, 19, 14, 48,  1, 16, 29,  8, 13,  5, 15, 23, 25, 40, 38,  2, 30, 39, 31, 47, 12], 1740.50150642, 1740.50150642, 0.,  0.        , 0.        , 0., 0, 0, 0.)
 (44, [ 9, 19,  9, 11, 33, 20, 41, 32, 39, 37,  9, 35, 27, 10, 22, 42, 46, 21, 24, 43, 34,  7, 36, 26, 18, 45,  6,  3, 48, 11,  4, 19, 17, 14, 28,  1, 16, 29,  8, 13,  5, 15, 23, 25, 40, 38, 44,  2, 31, 30, 47, 12], 1744.01266568, 1729.04773781, 0.,  0.        , 7.48246393, 0., 0, 0, 0.)
 (44, [ 8, 19, 10, 11, 33, 20, 41, 44, 32, 37,  9, 35, 22, 10, 42, 46, 21, 24, 43, 34,  7, 36, 26, 18, 17, 45, 25, 27,  3, 48, 11,  4, 19, 14, 28,  1, 16, 29,  8, 13,  5, 15, 23,  6, 40, 38,  2, 31, 39, 30, 47, 12], 1749.96917303, 1822.97272629, 0.,  0.        , 0.        , 0., 0, 0, 0.)
 (44, [ 6, 19, 11, 12, 33, 20, 41, 44, 32, 37,  9, 35, 22, 10, 42, 46, 21, 24, 43, 34,  7, 36, 26, 18, 17, 45,  6, 27,  3, 48, 11,  4, 19, 14, 28,  1, 16, 29,  8, 13,  5, 15, 23, 25, 40, 38,  2, 31, 39, 30, 47, 12], 1755.6712742 , 1734.86471212, 0., 10.40328104, 0.        , 0., 0, 0, 0.)
 (44, [ 7, 21,  9, 11, 33, 20, 41, 44, 32, 37,  9, 35, 22, 10, 42, 46, 21, 24, 43, 34,  7, 36, 26, 18, 17, 45,  6, 27,  3, 48, 11,  4, 29, 14, 28,  1, 16, 19,  8, 13,  5, 40, 23, 25, 15, 38,  2, 31, 39, 30, 47, 12], 1760.92208404, 1778.17660174, 0.,  0.        , 0.        , 0., 0, 0, 0.)
 (44, [ 8, 20, 10, 10, 33, 20, 41, 44, 32, 37,  9, 35, 22, 10, 42, 46, 21, 24, 43, 34,  7, 36, 26, 18, 17, 45, 27,  3, 48, 11,  4, 19,  6, 14, 28,  1, 16, 29,  8, 13,  5,  2, 15, 23, 25, 40, 38, 31, 39, 30, 12, 47], 1762.53087796, 1762.53087796, 0.,  0.        , 0.        , 0., 0, 0, 0.)
 (44, [ 7, 19, 10, 12, 33, 20, 41, 44, 32, 37,  9, 35, 22, 10, 42, 46, 21, 24, 43, 34,  7, 36, 26, 18, 17, 45,  6, 27,  3, 48, 11,  4, 19, 14, 28,  1, 16, 29,  8, 13,  5, 15, 25, 31, 23, 40, 38,  2, 39, 30, 47, 12], 1763.81165328, 1754.52986492, 0.,  4.64089418, 0.        , 0., 0, 0, 0.)
 (44, [10, 20, 10,  8, 33, 29, 41, 44, 32, 37,  9, 35, 22, 10, 42, 47, 21, 24, 43, 34,  7, 36, 26, 18, 17, 45,  6, 27,  3, 48, 11,  4, 19, 14, 28,  1, 16, 20,  8, 13,  5, 15, 23, 25, 40, 38,  2, 31, 39, 30, 46, 12], 1776.68849701, 1834.65410118, 0.,  4.64089418, 7.48246393, 0., 0, 0, 0.)
 (44, [ 9, 18, 11, 10, 33, 20, 41, 44, 32, 37,  9, 35, 22, 10, 42, 46, 21, 24,  4, 34,  7, 36, 26, 18, 17, 45,  6, 27,  3, 48, 11, 43, 19, 14, 28,  1, 16, 29,  8, 13,  5, 15, 23, 25, 40, 38,  2, 31, 39, 30, 47, 12], 1778.8766028 , 1769.59481444, 0.,  4.64089418, 0.        , 0., 0, 0, 0.)
 (44, [ 8, 19, 10, 11, 33, 20, 10, 44, 32, 37,  9, 35, 22, 41, 42, 21, 24, 46, 30, 34,  7, 36, 26, 18, 17, 45,  6, 27,  3, 48, 11, 19, 14,  4, 28,  1, 16, 29,  8, 13,  5, 15, 23, 25, 40, 38,  2, 31, 39, 43, 47, 12], 1784.90685126, 1784.90685126, 0.,  0.        , 0.        , 0., 0, 0, 0.)
 (44, [ 8, 19, 10, 11, 33, 20, 41, 44, 32, 37,  9, 35, 22, 10, 42, 46, 21, 24, 43, 34, 36, 26, 18, 17, 45,  6, 27,  4,  3, 48, 31,  7, 19, 14, 28,  1, 16, 29,  8, 13,  5, 15, 23, 25, 40, 38,  2, 11, 39, 30, 47, 12], 1787.79134761, 1787.79134761, 0.,  0.        , 0.        , 0., 0, 0, 0.)
 (44, [ 5, 20, 11, 12, 33, 20, 41, 44, 32, 37,  9, 35, 22, 10, 42, 46, 21, 24, 43, 34,  7, 36, 26, 18, 17, 45,  6, 27,  3, 48, 11,  4, 19, 14, 28,  1, 16, 29,  8, 13,  5, 15, 23, 25, 40, 38,  2, 31, 39, 30, 47, 12], 1787.79983985, 1766.99327777, 0., 10.40328104, 0.        , 0., 0, 0, 0.)
 (44, [ 8, 19, 10, 11, 33, 20, 41, 44, 32, 37,  9, 35, 13, 10, 42, 46, 21, 24, 43, 34,  7, 36, 26, 18, 17, 45,  6, 27,  3, 48, 11,  4, 19, 14, 28,  1, 16, 29,  8, 22,  5, 15, 23, 25, 40, 38,  2, 31, 39, 30, 47, 12], 1790.52476301, 1790.52476301, 0.,  0.        , 0.        , 0., 0, 0, 0.)
 (44, [ 9, 19, 10, 10, 33, 20, 41, 44, 32,  3,  9, 35, 22, 10, 42, 46, 37, 21, 24, 43, 34,  7, 36, 26, 18, 17, 45,  6, 27, 48, 11,  4, 19, 14, 28,  1, 16, 29,  8, 13,  5, 15, 23, 25, 40, 38,  2, 31, 39, 30, 47, 12], 1805.53477265, 1796.25298429, 0.,  4.64089418, 0.        , 0., 0, 0, 0.)
 (44, [ 8, 19, 10, 11, 33, 20, 41, 44, 32, 37,  9, 35, 22, 10, 42, 46, 21,  5, 43, 34,  7, 36, 26, 18, 17, 45,  6, 27,  3, 48, 11,  4, 19, 14, 28,  1, 16, 29,  8, 13, 24, 15, 23, 25, 40, 38,  2, 31, 39, 30, 47, 12], 1810.43459543, 1810.43459543, 0.,  0.        , 0.        , 0., 0, 0, 0.)
 (44, [ 7, 19, 11, 11, 33, 20, 41, 44, 32,  3,  9, 35, 22, 10, 42, 46, 21, 24, 43, 34,  7, 36, 26, 18, 17, 45,  6, 27, 37, 48, 11,  4, 14, 19, 28,  1, 16, 29,  8, 13,  5, 15, 23, 25, 40, 38,  2, 31, 39, 30, 47, 12], 1819.71886294, 1819.71886294, 0.,  0.        , 0.        , 0., 0, 0, 0.)
 (44, [ 9, 20, 10,  9, 33, 20, 41, 44, 32, 37,  9, 35, 22, 10, 42, 46, 48, 24, 43, 34,  7, 36, 26, 18, 17, 45,  6, 27,  3, 21, 11,  4, 19, 14, 28,  1, 16, 29,  8, 13,  5, 15, 23, 25, 40, 38,  2, 31, 39, 30, 47, 12], 1823.1894922 , 1813.90770384, 0.,  4.64089418, 0.        , 0., 0, 0, 0.)
 (44, [ 8, 19, 10, 11, 33, 20, 41, 44, 32, 37,  9, 35, 22, 10, 42, 46, 21, 24, 43, 34,  7, 36, 14, 18, 17, 45,  6, 27,  3, 28, 11,  4, 19, 26, 48,  1, 16, 29,  8, 13,  5, 15, 23, 25, 40, 38,  2, 30, 39, 31, 47, 12], 1829.07667406, 1819.3361757 , 0.,  4.87024918, 0.        , 0., 0, 0, 0.)
 (44, [ 9, 19,  9, 11, 33, 20, 41, 44, 32, 37,  9, 35, 22, 42, 46, 21, 24, 43, 34, 36, 26, 18, 17,  7, 38, 45,  6, 27,  3, 48, 11,  4, 19, 14, 28,  1, 16, 29,  8, 13,  5, 15, 23, 25, 40, 10,  2, 31, 39, 30, 47, 12], 1846.10629387, 1831.14136601, 0.,  0.        , 7.48246393, 0., 0, 0, 0.)
 (44, [10, 19, 11,  8, 33, 20, 41, 44, 37,  9, 35, 22, 10, 31, 32, 21, 24, 43, 46, 34,  7, 36, 26, 18, 17, 45,  6, 27,  3, 48, 11,  4, 19, 14, 28,  1, 16, 29,  8, 13,  5, 15, 23, 25, 40, 38,  2, 42, 39, 30, 47, 12], 1853.12826487, 2022.39953827, 0.,  4.64089418, 0.        , 0., 0, 0, 0.)
 (44, [ 8, 19, 10, 11, 33, 20, 41, 32, 37,  9, 46, 35, 22, 10, 42, 39, 21, 24, 43, 34,  7, 36, 26, 18, 17, 45, 44,  6, 27,  3, 48, 11,  4, 19, 14, 28,  1, 16, 29,  8, 13,  5, 15, 23, 25, 40, 38,  2, 31, 30, 47, 12], 1856.95419551, 1836.14763344, 0., 10.40328104, 0.        , 0., 0, 0, 0.)
 (44, [ 8, 20, 10, 10, 33, 20, 41, 44, 32, 37,  9, 35, 22, 10, 42, 26, 21, 24, 43, 34,  7, 36, 46, 18, 17, 45,  6, 27,  3, 48, 11,  4, 19, 14, 28,  1, 16, 29,  8, 13,  5, 15, 23, 25, 40, 38,  2, 31, 39, 30, 47, 12], 1873.18735017, 1863.90556181, 0.,  4.64089418, 0.        , 0., 0, 0, 0.)
 (44, [ 8, 19, 10, 11, 33, 20, 41, 44, 32, 37,  9, 35, 22, 10, 42, 46, 21, 24, 43, 34,  7, 36, 26, 18, 17, 45,  6, 27,  3,  2, 11,  4, 19, 14, 28,  1, 16, 29,  8, 13, 48,  5, 15, 23, 25, 40, 38, 31, 47, 30, 39, 12], 1874.63275056, 1853.82618848, 0., 10.40328104, 0.        , 0., 0, 0, 0.)
 (44, [ 6, 19, 10, 13, 33, 20, 41, 44, 32, 37,  6, 35, 22, 10, 42, 46, 21, 24, 43, 34,  7, 36, 26, 18, 17, 45,  9, 27,  3, 48, 11,  4, 19, 14, 28,  1, 16, 29,  8, 13,  5, 15, 23, 25, 40, 38,  2, 31, 39, 30, 47, 12], 1884.04402736, 1927.79742494, 0., 10.40328104, 0.        , 0., 0, 0, 0.)
 (44, [ 8, 19, 10, 11, 33, 20, 41, 32, 37,  9, 46, 35, 22, 10, 42, 39, 21, 24, 43, 34,  7, 36, 26, 18, 17, 45,  6, 27, 40, 48, 11,  4, 19, 14, 28,  1, 16, 29,  8, 13,  5, 15, 23, 25,  3, 38,  2, 44, 31, 30, 47, 12], 1891.59016802, 1891.59016802, 0.,  0.        , 0.        , 0., 0, 0, 0.)
 (44, [ 8, 19, 10, 11, 33, 41, 44, 32, 37,  9, 35, 22, 10, 42, 46, 21, 20, 24, 43, 34,  7, 36, 29, 18, 17, 45,  6, 27,  3, 48, 11,  4, 19, 14, 28,  1, 16, 26,  8, 13,  5, 15, 23, 25, 40, 38,  2, 31, 39, 30, 47, 12], 1898.83879645, 1965.20200483, 0.,  0.        , 0.        , 0., 0, 0, 0.)
 (44, [ 8, 19, 10, 11, 33, 20, 41, 39,  4, 37,  9, 35, 22, 10, 42, 21, 24, 43, 46, 34,  7, 23, 26, 18, 17, 45,  6, 27,  3, 48, 11, 32, 19, 14, 28,  1, 16, 29,  8, 13,  5, 15, 36, 25, 40, 38, 44,  2, 31, 30, 47, 12], 1902.85211382, 2006.01501659, 0., 70.74923596, 0.        , 0., 0, 0, 0.)
 (44, [ 8, 18, 11, 11, 33, 20, 41, 39, 32, 37,  9, 24, 22, 10, 42, 21, 35, 43, 46, 34,  7, 36, 26, 18, 17, 45,  6, 27,  3, 48, 11,  4, 19, 14, 28,  1, 16, 29,  8, 13,  5, 31, 15, 23, 25, 40, 38, 44,  2, 30, 47, 12], 1916.25678045, 1916.25678045, 0.,  0.        , 0.        , 0., 0, 0, 0.)
 (44, [ 7, 19, 11, 11, 33, 41, 44, 32, 22,  9, 35, 37, 10, 42, 46, 21, 24, 43, 34,  7, 36, 26, 18, 39, 17, 45,  6, 27,  3, 48, 11,  4, 19, 14, 28,  1, 16, 29,  8, 13,  5, 15, 23, 25, 40, 38,  2, 31, 20, 30, 47, 12], 1920.20228645, 1920.20228645, 0.,  0.        , 0.        , 0., 0, 0, 0.)
 (44, [ 9, 19, 10, 10, 33, 20, 41, 44, 32, 37,  9, 35, 22, 10, 42, 46, 21, 24, 43, 34,  7, 36, 26, 18, 17, 45,  6, 27,  3, 28, 11,  4, 19, 14, 48,  1, 16, 29,  8, 13,  5, 15, 23, 25, 40, 38,  2, 31, 39, 30, 47, 12], 1944.83257342, 1935.55078506, 0.,  4.64089418, 0.        , 0., 0, 0, 0.)
 (44, [11, 18,  9, 10, 33, 39, 41, 44, 32, 37,  9, 35, 22, 20, 10, 31, 46, 21, 24, 43, 34,  7,  4, 26, 18, 17, 45,  6, 27,  3, 48, 11, 36, 19, 14, 28,  1, 16, 29,  8, 13,  5, 15, 23, 25, 40, 38,  2, 42, 30, 47, 12], 1964.07178684, 1954.56575831, 0.,  4.75301427, 0.        , 0., 0, 0, 0.)
 (44, [ 8, 21,  9, 10, 33, 20,  5, 44, 32, 37,  9, 35, 22, 10, 42, 46, 21, 24, 43, 34,  7, 36, 26, 18, 17, 45,  6, 27,  3, 28, 11,  4, 19, 14, 48,  1, 16, 29,  8, 13, 41, 15, 23, 25, 40, 38,  2, 31, 39, 30, 47, 12], 1967.157179  , 2031.82393835, 0.,  0.        , 0.        , 0., 0, 0, 0.)
 (44, [ 8, 19, 10, 11, 33, 41, 44, 32, 37,  9, 35, 22, 10, 42, 46, 21, 24, 43, 34,  7, 36, 26, 18, 17, 45,  6, 27,  3, 48,  1, 29, 11,  4, 19, 14, 28, 20, 16,  8, 13,  5, 15, 23, 25, 40, 38,  2, 31, 39, 30, 47, 12], 1971.7361621 , 1971.7361621 , 0.,  0.        , 0.        , 0., 0, 0, 0.)
 (44, [ 7, 18, 10, 13, 33, 20, 41, 44, 32,  9, 35, 22, 10, 42, 46, 21, 24, 43, 17,  7, 36, 26, 18, 34, 45, 37,  6, 27,  3, 48, 11,  4, 19, 14, 28,  1, 16, 29,  8, 13,  5, 15, 23, 25, 40, 38,  2, 31, 39, 30, 47, 12], 1986.99955148, 2030.75294907, 0., 10.40328104, 0.        , 0., 0, 0, 0.)
 (44, [ 8, 19, 10, 11, 33, 20, 41, 44, 32, 37,  9, 35, 22, 42, 46, 21, 24, 43, 34, 36, 26, 18, 17, 28, 45,  6, 27,  3, 48, 11,  4, 19, 14,  7,  1, 16, 29,  8, 13,  5, 15, 23, 25, 10, 40, 38,  2, 31, 39, 30, 47, 12], 1989.04413213, 2052.38123382, 0.,  4.64089418, 7.48246393, 0., 0, 0, 0.)
 (44, [ 9, 19,  9, 11, 33, 20, 41, 44, 32, 37,  9, 35, 22, 10, 42, 46, 21, 24, 43, 34,  7, 36, 26, 18, 17, 13,  6, 27,  3, 48, 11,  4, 19, 14, 28,  1, 16, 29,  8, 45,  5, 15, 23, 25, 40, 38,  2, 31, 39, 30, 47, 12], 1992.79981524, 1992.79981524, 0.,  0.        , 0.        , 0., 0, 0, 0.)
 (44, [ 8, 16, 12, 12, 33, 20, 41, 37, 32, 44,  9, 35, 10, 22, 42, 46, 21, 24, 43, 34,  7, 36, 26, 18, 17, 45,  6, 27,  3, 48, 11,  4, 19, 25, 28,  1, 16, 29,  8, 13,  5, 15, 23, 14, 40, 38,  2, 31, 39, 30, 47, 12], 1999.37337763, 2165.21580289, 0.,  4.64089418, 7.48246393, 0., 0, 0, 0.)
 (44, [ 8, 19, 11, 10, 33, 20, 41, 44, 32, 37,  9, 35, 22, 10, 42, 46, 21, 24, 43, 34,  7, 36, 26, 27, 38, 45,  6, 18,  3, 48, 11,  4, 14, 28,  1, 16, 29,  8, 19, 13,  5, 15, 23, 25, 40, 17,  2, 31, 39, 30, 47, 12], 2012.30086002, 2003.01907166, 0.,  4.64089418, 0.        , 0., 0, 0, 0.)
 (44, [ 6, 19,  9, 14, 33, 20, 41, 44, 32, 37,  9, 35, 22, 10, 42, 46, 24, 43, 34,  7, 36, 21, 26, 18, 17, 45,  6, 27,  3, 12, 11,  4, 19, 14, 28,  1, 16, 29,  8, 13,  5, 15, 23, 25, 40, 38,  2, 31, 39, 30, 47, 48], 2095.38360046, 2074.57703838, 0., 10.40328104, 0.        , 0., 0, 0, 0.)
 (44, [ 8, 19, 12,  9, 33, 20, 41, 44, 37,  9, 35, 22, 10, 32, 42, 16, 21, 24, 43, 34,  4, 26, 36, 18, 17, 45,  6, 27,  3, 48, 11,  7, 19, 14, 28,  1, 46, 29,  8, 13,  5, 15, 23, 25, 40, 38,  2, 31, 39, 30, 47, 12], 2100.79728996, 2318.01895289, 0.,  4.64089418, 3.34748452, 0., 0, 0, 0.)
 (44, [ 8, 19, 10, 11, 33, 20, 41, 44, 32, 37,  9, 35, 48, 10, 42, 46, 21, 24, 43, 34,  7, 36, 26, 18, 17, 45,  6, 27,  5,  2,  3, 22, 11,  4, 19, 14, 28,  1, 16, 29,  8, 13, 15, 23, 25, 40, 38, 31, 39, 30, 47, 12], 2115.1593914 , 2150.61172738, 0.,  0.        , 0.        , 0., 0, 0, 0.)
 (44, [ 9, 19, 11,  9, 33, 20, 41, 32, 37,  9, 35, 10, 22, 42, 46, 21, 24, 43, 34,  7, 36, 39, 26, 18, 17, 45,  6, 40,  3, 48, 11,  4, 19, 14, 28,  1, 16, 29,  8, 13,  5, 15, 23, 25, 27, 38, 44,  2, 31, 30, 47, 12], 2188.92726369, 2206.57488506, 0., 30.14562415, 7.48246393, 0., 0, 0, 0.)
 (44, [ 7, 20, 10, 11, 33, 39, 41, 44, 32, 37,  9, 35, 22, 10, 42, 46, 21, 24, 43, 34,  7, 36, 26, 18, 13, 45,  6, 27, 20,  3, 48, 11,  4, 19, 14, 28,  1, 16, 29,  8, 17,  5, 15, 23, 25, 40, 38,  2, 31, 30, 47, 12], 2262.02262901, 2241.21606694, 0., 10.40328104, 0.        , 0., 0, 0, 0.)
 (44, [10, 16, 11, 11, 33, 22, 41, 39, 32, 37,  9, 35, 20, 10, 31, 46, 21, 24, 43, 34,  7,  4, 26, 18, 17, 14,  6, 27,  3, 48, 11, 36, 19, 45, 28,  1, 16, 29,  8, 13,  5, 15, 23, 25, 40, 38, 44,  2, 42, 30, 47, 12], 2315.19915555, 2305.69312702, 0.,  4.75301427, 0.        , 0., 0, 0, 0.)]