
Total Runtime in seconds: 972.7069873809814Parameters:
population_size: 50, max_generations: 500, executed generations: 33, threshold_no_improvement: 250
target feasible proportion: 10
fitness_scaling: power_rank, selection_method: n_tournaments
p_c: 0.9, p_m: 0.3, NOT YET p_education: 0.0
tournament_size: 2, n_elite: 8
survivor_selection_step: 10, p_selection_survival: 0.7
kill clone step: 5
diversify_step: 20, diversify_step: 20, p_diversify_survival: 0.3
n_closest_neighbors: 3, diversity_weight: 0.5, distance_method: broken_pairs_distance
capacity_penalty_factor: 2.0906016760958854, duration_penalty_factor 2.0906016760958854, time_window_penalty: 2
Best fitness all generations, best individual before/after local search: 2856.9199491722393, 2856.9199491722393 / 2856.9199491722393
Best individual found before local search: (3, [24, 27, 27, 18, 37, 69,  9, 17, 64, 16, 44, 81, 68, 27, 74, 25, 33, 78, 88, 87, 72, 60, 29, 41, 75, 40, 34, 49, 65, 95, 86, 43, 77, 90, 35, 47, 22, 83, 30, 71, 73, 62, 55, 19, 93, 92, 39,  5, 94,  2, 48, 51, 76, 24, 18, 67, 14, 96, 56, 15, 23,  4, 31, 82, 42, 66, 80, 50,  6, 10,  7, 20, 38, 13, 58, 32, 63,  8, 84, 59, 70,  1, 54, 57, 85, 53, 12,  3, 36, 28, 52, 61, 45, 89, 11, 79, 21, 46, 91, 26], 2856.91994917, 2863.83431168, 0., 6.7966356, 0., 0., 3, 50, 28.)
Best individual found after local search: (3, [24, 27, 27, 18, 37, 69,  9, 17, 64, 16, 44, 81, 68, 27, 74, 25, 33, 78, 88, 87, 72, 60, 29, 41, 75, 40, 34, 49, 65, 95, 86, 43, 77, 90, 35, 47, 22, 83, 30, 71, 73, 62, 55, 19, 93, 92, 39,  5, 94,  2, 48, 51, 76, 24, 18, 67, 14, 96, 56, 15, 23,  4, 31, 82, 42, 66, 80, 50,  6, 10,  7, 20, 38, 13, 58, 32, 63,  8, 84, 59, 70,  1, 54, 57, 85, 53, 12,  3, 36, 28, 52, 61, 45, 89, 11, 79, 21, 46, 91, 26], 2856.91994917, 2863.83431168, 0., 6.7966356, 0., 0., 3, 50, 28.)
Best feasible individual found: (3, [24, 27, 27, 18, 37, 69,  9, 17, 64, 16, 44, 81, 68, 27, 74, 25, 33, 78, 88, 70, 29, 21, 54, 11, 45, 40, 34, 49, 57, 95, 86, 43, 77, 61, 82, 28, 96, 83, 30, 71, 73, 62, 55, 19, 93, 92, 39,  5, 94,  2, 48, 51, 76, 12, 18, 67, 14, 36, 56, 15, 79,  4, 31, 35, 42, 85, 80, 50,  6, 10,  7, 20, 38, 13, 58, 32, 63,  8, 84, 59, 87,  1, 60, 65, 66, 53,  3, 24, 22, 47, 89, 90, 41, 72, 52, 75, 23, 46, 91, 26], 3037.52383823, 3037.52383823, 0., 0., 0., 0., 3, 50, 28.)

Fitness stats min: [3886.64262617 3641.05546124 3593.86401354 3475.31607995 3350.95465017
 3255.47096473 3251.72319902 3248.93955108 3160.97165371 3156.02531738
 2995.55912345 2995.55912345 2993.87504938 2993.87504938 2992.275179
 2992.275179   2990.75530215 2990.75530215 2989.31141914 2958.82967792
 3050.02256755 3050.02256755 3045.63095846 3045.63095846 3040.68462214
 3040.68462214 3037.52383823 3016.9849122  3016.9849122  3001.1672807
 2999.83265501 2999.83265501 2997.47532211 2856.91994917] 

Fitness stats feasible min: [4123.04022278 3641.05546124 3641.05546124 3475.31607995 3475.31607995
 3475.31607995 3400.83780046 3275.40228485 3160.97165371 3156.02531738
 3156.02531738 3156.02531738 3117.2316667  3117.2316667  3117.2316667
 3117.2316667  3115.61791174 3070.89833606 3050.02256755 3050.02256755
 3050.02256755 3050.02256755 3045.63095846 3045.63095846 3040.68462214
 3040.68462214 3037.52383823 3037.52383823 3037.52383823 3037.52383823
 3037.52383823 3037.52383823 3037.52383823 3037.52383823] 

Fitness stats avg: [7188.32288936 6962.26185915 6433.9409403  5509.52001805 4788.52588995
 4572.06281638 4288.15678243 4039.28516493 3960.14501589 3842.22175822
 5300.75972474 4440.68116286 3907.51865934 3606.72618332 3525.51940127
 3653.13749424 3574.50087662 3553.04543747 3575.61174065 3580.30985974
 4812.21407531 3708.89546598 3470.65224467 3527.85334966 3445.95893246
 3588.82760851 3382.99298733 3366.49284253 3337.79001906 3314.56383909
 5600.60739673 4368.50498617 3691.0600214  3568.64758329] 

Feasible stats: [( 0., 50.) ( 0., 50.) (22., 28.) (22., 28.) (23., 27.) (23., 27.)
 (24., 26.) (24., 26.) (23., 27.) (23., 27.) (30., 20.) (30., 20.)
 (18., 32.) (18., 32.) (26., 24.) (26., 24.) (19., 31.) (19., 31.)
 (20., 30.) (20., 30.) (20., 30.) (20., 30.) (21., 29.) (21., 29.)
 (25., 25.) (25., 25.) (23., 27.) (23., 27.) (29., 21.) (29., 21.)
 (35., 15.) (35., 15.) (15., 35.) (15., 35.) ( 0.,  0.) ( 0.,  0.)
 ( 0.,  0.) ( 0.,  0.) ( 0.,  0.) ( 0.,  0.) ( 0.,  0.) ( 0.,  0.)
 ( 0.,  0.) ( 0.,  0.) ( 0.,  0.) ( 0.,  0.) ( 0.,  0.) ( 0.,  0.)
 ( 0.,  0.) ( 0.,  0.) ( 0.,  0.) ( 0.,  0.) ( 0.,  0.) ( 0.,  0.)
 ( 0.,  0.) ( 0.,  0.) ( 0.,  0.) ( 0.,  0.) ( 0.,  0.) ( 0.,  0.)
 ( 0.,  0.) ( 0.,  0.) ( 0.,  0.) ( 0.,  0.) ( 0.,  0.) ( 0.,  0.)
 ( 0.,  0.) ( 0.,  0.) ( 0.,  0.) ( 0.,  0.) ( 0.,  0.) ( 0.,  0.)
 ( 0.,  0.) ( 0.,  0.) ( 0.,  0.) ( 0.,  0.) ( 0.,  0.) ( 0.,  0.)
 ( 0.,  0.) ( 0.,  0.) ( 0.,  0.) ( 0.,  0.) ( 0.,  0.) ( 0.,  0.)
 ( 0.,  0.) ( 0.,  0.) ( 0.,  0.) ( 0.,  0.) ( 0.,  0.) ( 0.,  0.)
 ( 0.,  0.) ( 0.,  0.) ( 0.,  0.) ( 0.,  0.) ( 0.,  0.) ( 0.,  0.)
 ( 0.,  0.) ( 0.,  0.) ( 0.,  0.) ( 0.,  0.) ( 0.,  0.) ( 0.,  0.)
 ( 0.,  0.) ( 0.,  0.) ( 0.,  0.) ( 0.,  0.) ( 0.,  0.) ( 0.,  0.)
 ( 0.,  0.) ( 0.,  0.) ( 0.,  0.) ( 0.,  0.) ( 0.,  0.) ( 0.,  0.)
 ( 0.,  0.) ( 0.,  0.) ( 0.,  0.) ( 0.,  0.) ( 0.,  0.) ( 0.,  0.)
 ( 0.,  0.) ( 0.,  0.) ( 0.,  0.) ( 0.,  0.) ( 0.,  0.) ( 0.,  0.)
 ( 0.,  0.) ( 0.,  0.) ( 0.,  0.) ( 0.,  0.) ( 0.,  0.) ( 0.,  0.)
 ( 0.,  0.) ( 0.,  0.) ( 0.,  0.) ( 0.,  0.) ( 0.,  0.) ( 0.,  0.)
 ( 0.,  0.) ( 0.,  0.) ( 0.,  0.) ( 0.,  0.) ( 0.,  0.) ( 0.,  0.)
 ( 0.,  0.) ( 0.,  0.) ( 0.,  0.) ( 0.,  0.) ( 0.,  0.) ( 0.,  0.)
 ( 0.,  0.) ( 0.,  0.) ( 0.,  0.) ( 0.,  0.) ( 0.,  0.) ( 0.,  0.)
 ( 0.,  0.) ( 0.,  0.) ( 0.,  0.) ( 0.,  0.) ( 0.,  0.) ( 0.,  0.)
 ( 0.,  0.) ( 0.,  0.) ( 0.,  0.) ( 0.,  0.) ( 0.,  0.) ( 0.,  0.)
 ( 0.,  0.) ( 0.,  0.) ( 0.,  0.) ( 0.,  0.) ( 0.,  0.) ( 0.,  0.)
 ( 0.,  0.) ( 0.,  0.) ( 0.,  0.) ( 0.,  0.) ( 0.,  0.) ( 0.,  0.)
 ( 0.,  0.) ( 0.,  0.) ( 0.,  0.) ( 0.,  0.) ( 0.,  0.) ( 0.,  0.)
 ( 0.,  0.) ( 0.,  0.) ( 0.,  0.) ( 0.,  0.) ( 0.,  0.) ( 0.,  0.)
 ( 0.,  0.) ( 0.,  0.) ( 0.,  0.) ( 0.,  0.) ( 0.,  0.) ( 0.,  0.)
 ( 0.,  0.) ( 0.,  0.) ( 0.,  0.) ( 0.,  0.) ( 0.,  0.) ( 0.,  0.)
 ( 0.,  0.) ( 0.,  0.) ( 0.,  0.) ( 0.,  0.) ( 0.,  0.) ( 0.,  0.)
 ( 0.,  0.) ( 0.,  0.) ( 0.,  0.) ( 0.,  0.) ( 0.,  0.) ( 0.,  0.)
 ( 0.,  0.) ( 0.,  0.) ( 0.,  0.) ( 0.,  0.) ( 0.,  0.) ( 0.,  0.)
 ( 0.,  0.) ( 0.,  0.) ( 0.,  0.) ( 0.,  0.) ( 0.,  0.) ( 0.,  0.)
 ( 0.,  0.) ( 0.,  0.) ( 0.,  0.) ( 0.,  0.) ( 0.,  0.) ( 0.,  0.)
 ( 0.,  0.) ( 0.,  0.) ( 0.,  0.) ( 0.,  0.) ( 0.,  0.) ( 0.,  0.)
 ( 0.,  0.) ( 0.,  0.) ( 0.,  0.) ( 0.,  0.) ( 0.,  0.) ( 0.,  0.)
 ( 0.,  0.) ( 0.,  0.) ( 0.,  0.) ( 0.,  0.) ( 0.,  0.) ( 0.,  0.)
 ( 0.,  0.) ( 0.,  0.) ( 0.,  0.) ( 0.,  0.) ( 0.,  0.) ( 0.,  0.)
 ( 0.,  0.) ( 0.,  0.) ( 0.,  0.) ( 0.,  0.) ( 0.,  0.) ( 0.,  0.)
 ( 0.,  0.) ( 0.,  0.) ( 0.,  0.) ( 0.,  0.) ( 0.,  0.) ( 0.,  0.)
 ( 0.,  0.) ( 0.,  0.) ( 0.,  0.) ( 0.,  0.) ( 0.,  0.) ( 0.,  0.)
 ( 0.,  0.) ( 0.,  0.) ( 0.,  0.) ( 0.,  0.) ( 0.,  0.) ( 0.,  0.)
 ( 0.,  0.) ( 0.,  0.) ( 0.,  0.) ( 0.,  0.) ( 0.,  0.) ( 0.,  0.)
 ( 0.,  0.) ( 0.,  0.) ( 0.,  0.) ( 0.,  0.) ( 0.,  0.) ( 0.,  0.)
 ( 0.,  0.) ( 0.,  0.) ( 0.,  0.) ( 0.,  0.) ( 0.,  0.) ( 0.,  0.)
 ( 0.,  0.) ( 0.,  0.) ( 0.,  0.) ( 0.,  0.) ( 0.,  0.) ( 0.,  0.)
 ( 0.,  0.) ( 0.,  0.) ( 0.,  0.) ( 0.,  0.) ( 0.,  0.) ( 0.,  0.)
 ( 0.,  0.) ( 0.,  0.) ( 0.,  0.) ( 0.,  0.) ( 0.,  0.) ( 0.,  0.)
 ( 0.,  0.) ( 0.,  0.) ( 0.,  0.) ( 0.,  0.) ( 0.,  0.) ( 0.,  0.)
 ( 0.,  0.) ( 0.,  0.) ( 0.,  0.) ( 0.,  0.) ( 0.,  0.) ( 0.,  0.)
 ( 0.,  0.) ( 0.,  0.) ( 0.,  0.) ( 0.,  0.) ( 0.,  0.) ( 0.,  0.)
 ( 0.,  0.) ( 0.,  0.) ( 0.,  0.) ( 0.,  0.) ( 0.,  0.) ( 0.,  0.)
 ( 0.,  0.) ( 0.,  0.) ( 0.,  0.) ( 0.,  0.) ( 0.,  0.) ( 0.,  0.)
 ( 0.,  0.) ( 0.,  0.) ( 0.,  0.) ( 0.,  0.) ( 0.,  0.) ( 0.,  0.)
 ( 0.,  0.) ( 0.,  0.) ( 0.,  0.) ( 0.,  0.) ( 0.,  0.) ( 0.,  0.)
 ( 0.,  0.) ( 0.,  0.) ( 0.,  0.) ( 0.,  0.) ( 0.,  0.) ( 0.,  0.)
 ( 0.,  0.) ( 0.,  0.) ( 0.,  0.) ( 0.,  0.) ( 0.,  0.) ( 0.,  0.)
 ( 0.,  0.) ( 0.,  0.) ( 0.,  0.) ( 0.,  0.) ( 0.,  0.) ( 0.,  0.)
 ( 0.,  0.) ( 0.,  0.) ( 0.,  0.) ( 0.,  0.) ( 0.,  0.) ( 0.,  0.)
 ( 0.,  0.) ( 0.,  0.) ( 0.,  0.) ( 0.,  0.) ( 0.,  0.) ( 0.,  0.)
 ( 0.,  0.) ( 0.,  0.) ( 0.,  0.) ( 0.,  0.) ( 0.,  0.) ( 0.,  0.)
 ( 0.,  0.) ( 0.,  0.) ( 0.,  0.) ( 0.,  0.) ( 0.,  0.) ( 0.,  0.)
 ( 0.,  0.) ( 0.,  0.) ( 0.,  0.) ( 0.,  0.) ( 0.,  0.) ( 0.,  0.)
 ( 0.,  0.) ( 0.,  0.) ( 0.,  0.) ( 0.,  0.) ( 0.,  0.) ( 0.,  0.)
 ( 0.,  0.) ( 0.,  0.) ( 0.,  0.) ( 0.,  0.) ( 0.,  0.) ( 0.,  0.)
 ( 0.,  0.) ( 0.,  0.) ( 0.,  0.) ( 0.,  0.) ( 0.,  0.) ( 0.,  0.)
 ( 0.,  0.) ( 0.,  0.) ( 0.,  0.) ( 0.,  0.) ( 0.,  0.) ( 0.,  0.)
 ( 0.,  0.) ( 0.,  0.) ( 0.,  0.) ( 0.,  0.) ( 0.,  0.) ( 0.,  0.)
 ( 0.,  0.) ( 0.,  0.) ( 0.,  0.) ( 0.,  0.) ( 0.,  0.) ( 0.,  0.)
 ( 0.,  0.) ( 0.,  0.) ( 0.,  0.) ( 0.,  0.) ( 0.,  0.) ( 0.,  0.)
 ( 0.,  0.) ( 0.,  0.) ( 0.,  0.) ( 0.,  0.) ( 0.,  0.) ( 0.,  0.)
 ( 0.,  0.) ( 0.,  0.) ( 0.,  0.) ( 0.,  0.) ( 0.,  0.) ( 0.,  0.)
 ( 0.,  0.) ( 0.,  0.) ( 0.,  0.) ( 0.,  0.) ( 0.,  0.) ( 0.,  0.)
 ( 0.,  0.) ( 0.,  0.) ( 0.,  0.) ( 0.,  0.) ( 0.,  0.) ( 0.,  0.)
 ( 0.,  0.) ( 0.,  0.) ( 0.,  0.) ( 0.,  0.) ( 0.,  0.) ( 0.,  0.)
 ( 0.,  0.) ( 0.,  0.) ( 0.,  0.) ( 0.,  0.) ( 0.,  0.) ( 0.,  0.)
 ( 0.,  0.) ( 0.,  0.) ( 0.,  0.) ( 0.,  0.) ( 0.,  0.) ( 0.,  0.)
 ( 0.,  0.) ( 0.,  0.) ( 0.,  0.) ( 0.,  0.) ( 0.,  0.) ( 0.,  0.)
 ( 0.,  0.) ( 0.,  0.)] 
Solution Description: 
p: [   0.           33.52782182   48.74714473   53.00089682   69.22538075
   99.28547199  101.82434684  101.90516889  108.28394777  219.72831366
  269.86432922  270.43912737  294.18252367  345.12166683  354.20724308
  355.60583156  355.77235214  355.9364065   387.79759474  411.08521849
  431.59285219  610.9330883   633.3571495   670.57635822  676.81519314
    0.           33.43570846   76.31717603  141.86302965  178.37832692
  207.55671551  207.62258659  217.77282166  218.89788961  250.03943594
  328.96976572  337.92663664  351.90699864  434.96721653  439.2236777
  472.03301234  480.38506242  512.87364912  525.43885467  614.50035902
  636.04896751  641.59239464  693.93772036  716.77077534  751.26439788
  781.8741988   787.98359688  792.16805694    0.           24.91211593
   29.7801325    38.67513986   49.76473337  119.02400466  148.23635412
  224.89595294  225.03574622  230.45282061  255.03282191  271.64907833
  311.15188539  362.18678219  391.74063257  393.07414761  550.91315745
  624.58986636  664.68378805  754.13041304  754.79250586  761.28568671
  958.10068689 1087.28104203 1087.30008797 1089.90533022 1095.31495549
 1095.60986136    0.           17.89764901   31.72184702   87.59603649
  149.05860235  173.12295118  190.20368551  190.76037793  190.78639062
  203.57876562  213.72147721  228.52700509  230.39996752  240.07748208
  249.35222532  263.64895793  288.60934029  291.35561506  292.32683774] 
pred: [ 0  0  0  0  0  0  0  0  7  7  7  7 11 11 11 11 11 11 17 17 17 19 19 19
 19  0  0  0  0  0  0  0  0  0  8  8  8  8 12 12 12 12 12 12 12 12 12 21
 21 21 21 21 21  0  0  0  2  2  4  4  4  4  4  9  9  9  9  9  9 15 15 15
 15 15 15 21 21 21 21 21 21  0  0  0  0  0  0  0  0  0  0  0 10 10 12 12
 12 12 12 12] 
distance [  0.          33.52782182  48.74714473  53.00089682  69.22538075
  99.28547199 101.82434684 101.90516889   6.37877888 117.82314477
 167.95916033 168.53395848  23.7433963   74.68253947  83.76811571
  85.16670419  85.33322478  85.49727914  31.86118824  55.14881199
  75.65644568 199.84786981 222.27193102 259.49113974 265.72997465
   0.          33.43570846  62.72390483 128.26975845 164.78505573
 193.96344431 194.0293154  204.17955046 205.30461842  31.14154633
 110.0718761  119.02874703 133.00910903  83.06021789  87.31667906
 120.12601369 128.47806378 160.96665048 173.53185603 262.59336037
 284.14196887 289.685396    52.34532571  75.17838069 109.67200324
 140.28180416 146.39120224 150.57566229   0.          24.91211593
  29.7801325    8.89500736  19.98460087  69.25927129  98.47162075
 175.13121957 175.27101285 180.68808724  24.5800013   41.19625772
  80.69906478 131.73396158 161.28781196 162.621327   157.83900984
 231.51571875 271.60964044 361.05626543 361.71835825 368.2115391
 196.81500018 325.99535532 326.01440126 328.61964351 334.02926878
 334.32417465   0.          17.89764901  31.72184702  87.59603649
 149.05860235 173.12295118 190.20368551 190.76037793 190.78639062
 203.57876562 213.72147721  14.80552789  16.67849032   9.67751456
  18.9522578   33.24899041  58.20937276  60.95564753  61.92687021]
load: [  0  11  31  56  75  98 119 142  13  19  28  33  19  33  45  63  88 112
  10  25  48  36  37  48  70   0  14  35  43  47  51  56  76  85  24  27
  31  50   3  12  15  31  50  73  80  93  95  12  22  35  40  56  58   0
   1   6  10  14  20  28  43  67  68  13  18  38  59  79 100  21  39  51
  60  78 100  13  17  19  20  30  34   0  20  33  56  64  67  70  75  78
 103 119  17  21   7  18  42  55  76  88] 
time: [  0.         100.         178.         314.         346.3947216
 375.92922697 401.66410192 455.         106.         237.
 387.         465.11174498 103.         216.         306.
 324.         383.         415.39467105 137.         161.16979412
 198.29233016 236.32829372 279.58856094 316.59248146 439.
   0.         180.         192.         247.52882131 273.50275749
 314.77667956 342.59058859 476.         537.156686   378.
 433.46641874 468.36965562 503.1214352  129.         150.16142569
 181.5315366  213.         231.37636996 243.66015359 323.79729077
 422.         493.75351166 125.         162.         203.71935248
 232.49030718 402.         445.           0.         109.
 402.         124.         370.         114.         228.
 382.         408.15780238 443.22802063 178.         222.
 259.86057605 290.82898433 336.         375.38672649 257.
 342.32504915 390.16614562 459.66949878 541.4514165  594.46460549
 107.         197.28642034 350.         374.15300252 390.43135792
 452.93889569   0.         210.         222.36523082 259.74000054
 317.13314605 342.7938068  370.91990224 399.97097584 464.81840704
 489.21410992 517.42968122 231.         260.60367754 143.
 154.86224118 174.86157741 322.         404.         423.77634156] 
time warps: [0.        0.        0.        0.        0.        0.        0.
 0.        0.        0.        0.        0.        0.        0.
 0.        0.        0.        0.        0.        0.        0.
 0.        0.        0.        0.        0.        0.        6.7966356
 6.7966356 6.7966356 6.7966356 6.7966356 6.7966356 6.7966356 0.
 0.        0.        0.        0.        0.        0.        0.
 0.        0.        0.        0.        0.        0.        0.
 0.        0.        0.        0.        0.        0.        0.
 0.        0.        0.        0.        0.        0.        0.
 0.        0.        0.        0.        0.        0.        0.
 0.        0.        0.        0.        0.        0.        0.
 0.        0.        0.        0.        0.        0.        0.
 0.        0.        0.        0.        0.        0.        0.
 0.        0.        0.        0.        0.        0.        0.
 0.        0.       ] 
duration: [  0.          54.52782182 137.19437167 270.87697402 301.10145795
 354.16154919 364.70042404 415.13634535  10.37877888 214.0956736
 389.33058213 403.90538027  40.7433963  177.65628471 261.03572772
 293.33654998 340.43399305 365.59804741  39.86118824  76.14881199
 105.65644568 219.84786981 247.27193102 292.49113974 420.30712353
   0.          37.43570846  85.72390483 154.26975845 204.78505573
 258.96344431 275.0293154  393.70833527 407.83340322  47.14154633
 148.0718761  162.02874703 198.00910903 102.06021789 120.31667906
 161.12601369 185.09172789 218.58031459 254.14552015 352.20702449
 414.63035301 431.17378014  53.34532571 116.45261671 159.94623926
 212.55604017 342.65910176 383.01333544   0.          25.91211593
 332.23898866  29.89500736 268.66947066  82.25927129 215.75047677
 400.03238542 424.17217869 435.58925309  44.5800013   77.39226176
 120.89506883 176.92996562 229.09586808 239.42938312 172.83900984
 271.51571875 316.60964044 417.05626543 438.71835825 457.2115391
 215.81500018 360.99535532 423.64026036 438.24550261 467.65512788
 479.95003374   0.          22.89764901  45.72184702 123.59603649
 193.05860235 236.12295118 254.20368551 269.76037793 281.78639062
 317.57876562 331.72147721  37.80552789  62.67849032  14.67751456
  33.9522578   54.24899041 219.7547439  296.56804934 301.53927202]

All individuals: [( 3, [24, 27, 27, 18, 37, 69,  9, 17, 64, 16, 44, 81, 68, 27, 74, 25, 33, 78, 88, 70, 29, 21, 54, 11, 45, 40, 34, 49, 57, 95, 86, 43, 77, 82, 61, 28, 30, 83, 73, 62, 55, 19, 93, 92, 39,  5, 94, 96,  2, 48, 51, 76, 12, 71, 18, 67, 14, 36, 56, 15, 79,  4, 31, 35, 42, 85, 80, 50,  6, 10,  7, 20, 38, 13, 58, 32, 63,  8, 84, 59, 87,  1, 60, 65, 66, 53,  3, 24, 22, 47, 89, 90, 41, 72, 52, 75, 23, 46, 91, 26], 2997.47532211, 2988.2511862 , 0.,   4.61206796,  0.        ,  6.33333333,  2, 39, 21.5)
 ( 3, [24, 27, 27, 18, 37, 69,  9, 17, 64, 16, 44, 81, 68, 27, 74, 25, 33, 78, 88, 70, 29, 21, 54, 11, 45, 40, 34, 49, 57, 95, 86, 43, 77, 82, 61, 28, 30, 83, 73, 62, 55, 19, 93, 92, 39,  5, 94, 96,  2, 48, 51, 76, 12, 71, 18, 67, 14, 36, 56, 15, 79,  4, 31, 35, 42, 85, 80, 50,  6, 10,  7, 20, 38, 13, 58, 32, 63,  8, 84, 59, 87,  1, 60, 65, 66, 53,  3, 24, 22, 47, 89, 90, 41, 72, 52, 75, 23, 46, 91, 26], 2997.47532211, 2988.2511862 , 0.,   4.61206796,  0.        ,  0.        ,  3, 50, 28. )
 ( 3, [24, 27, 27, 18, 37, 69,  9, 17, 64, 16, 44, 81, 68, 27, 74, 25, 33, 78, 88, 70, 29, 21, 54, 11, 45, 40, 34, 49, 57, 95, 86, 43, 77, 82, 61, 28, 30, 83, 73, 62, 55, 19, 93, 92, 39,  5, 94, 96,  2, 48, 51, 76, 12, 71, 18, 67, 14, 36, 56, 15, 79,  4, 31, 35, 42, 85, 80, 50,  6, 10,  7, 20, 38, 13, 58, 32, 63,  8, 84, 59, 87,  1, 60, 65, 66, 53,  3, 24, 22, 47, 89, 90, 41, 72, 52, 75, 23, 46, 91, 26], 2997.47532211, 2988.2511862 , 0.,   4.61206796,  0.        ,  7.66666667,  1, 38, 20. )
 ( 3, [24, 27, 27, 18, 37, 69,  9, 17, 64, 16, 44, 81, 68, 27, 74, 25, 33, 78, 88, 70, 29, 21, 54, 11, 45, 40, 34, 49, 57, 95, 86, 43, 77, 61, 82, 28, 96, 83, 30, 71, 73, 62, 55, 19, 93, 92, 39,  5, 94,  2, 48, 51, 76, 12, 18, 67, 14, 36, 56, 15, 79,  4, 31, 35, 42, 85, 80, 50,  6, 10,  7, 20, 38, 13, 58, 32, 63,  8, 84, 59, 87,  1, 60, 65, 66, 53,  3, 24, 22, 47, 89, 90, 41, 72, 52, 75, 23, 46, 91, 26], 3037.52383823, 3037.52383823, 0.,   0.        ,  0.        ,  0.        ,  3, 50, 28. )
 ( 3, [24, 27, 27, 18, 37, 69,  9, 17, 64, 16, 44, 81, 68, 27, 74, 25, 33, 78, 88, 70, 29, 21, 54, 11, 45, 40, 34, 49, 57, 95, 86, 43, 77, 61, 82, 28, 96, 83, 30, 71, 73, 62, 55, 19, 93, 92, 39,  5, 94,  2, 48, 51, 76, 12, 18, 67, 14, 36, 56, 15, 79,  4, 31, 35, 42, 85, 80, 50,  6, 10,  7, 20, 38, 13, 58, 32, 63,  8, 84, 59, 87,  1, 60, 65, 66, 53,  3, 24, 22, 47, 89, 90, 41, 72, 52, 75, 23, 46, 91, 26], 3037.52383823, 3037.52383823, 0.,   0.        ,  0.        ,  0.        ,  4, 48, 28. )
 ( 3, [24, 27, 27, 18, 37, 69,  9, 17, 64, 16, 44, 81, 68, 27, 74, 25, 33, 78, 88, 70, 29, 21, 54, 11, 45, 40, 34, 49, 57, 95, 86, 43, 77, 61, 82, 28, 96, 83, 30, 71, 73, 62, 55, 19, 93, 92, 39,  5, 94,  2, 48, 51, 76, 12, 18, 67, 14, 36, 56, 15, 79,  4, 31, 35, 42, 85, 80, 50,  6, 10,  7, 20, 38, 13, 58, 32, 63,  8, 84, 59, 87,  1, 60, 65, 66, 53,  3, 24, 22, 47, 89, 90, 41, 72, 52, 75, 23, 46, 91, 26], 3037.52383823, 3037.52383823, 0.,   0.        ,  0.        ,  0.        ,  5, 49, 29.5)
 ( 3, [24, 27, 27, 18, 37, 69,  9, 17, 64, 16, 44, 81, 68, 27, 74, 25, 33, 78, 88, 70, 29, 21, 54, 11, 45, 40, 34, 49, 57, 95, 86, 43, 77, 61, 82, 28, 96, 83, 30, 71, 73, 62, 55, 19, 93, 92, 39,  5, 94,  2, 48, 51, 76, 12, 18, 67, 14, 36, 56, 15, 79,  4, 31, 35, 42, 85, 80, 50,  6, 10,  7, 20, 38, 13, 58, 32, 63,  8, 84, 59, 87,  1, 60, 65, 66, 53,  3, 24, 22, 47, 89, 90, 41, 72, 52, 75, 23, 46, 91, 26], 3037.52383823, 3037.52383823, 0.,   0.        ,  0.        ,  0.        ,  7, 47, 30.5)
 ( 3, [24, 27, 27, 18, 37, 69,  9, 17, 64, 16, 44, 81, 68, 27, 74, 25, 33, 78, 88, 70, 29, 21, 54, 11, 45, 40, 34, 49, 57, 95, 86, 43, 77, 61, 82, 28, 96, 83, 30, 71, 73, 62, 55, 19, 93, 92, 39,  5, 94,  2, 48, 51, 76, 12, 18, 67, 14, 36, 56, 15, 79,  4, 31, 35, 42, 85, 80, 50,  6, 10,  7, 20, 38, 13, 58, 32, 63,  8, 84, 59, 87,  1, 60, 65, 66, 53,  3, 24, 22, 47, 89, 90, 41, 72, 52, 75, 23, 46, 91, 26], 3037.52383823, 3037.52383823, 0.,   0.        ,  0.        ,  0.        ,  6, 45, 28.5)
 ( 3, [24, 27, 27, 18, 37, 69,  9, 17, 64, 16, 44, 81, 68, 27, 74, 25, 33, 78, 88, 70, 29, 21, 54, 11, 45, 40, 34, 49, 57, 95, 86, 43, 77, 61, 82, 28, 96, 83, 30, 71, 73, 62, 55, 19, 93, 92, 39,  5, 94,  2, 48, 51, 76, 12, 18, 67, 14, 36, 56, 15, 79,  4, 31, 35, 42, 85, 80, 50,  6, 10,  7, 20, 38, 13, 58, 32, 63,  8, 84, 59, 87,  1, 60, 65, 66, 53,  3, 24, 22, 47, 89, 90, 41, 72, 52, 75, 23, 46, 91, 26], 3037.52383823, 3037.52383823, 0.,   0.        ,  0.        ,  0.        ,  8, 46, 31. )
 ( 3, [24, 31, 26, 15, 37, 17, 64, 16, 44, 81, 68, 27, 74, 25, 60, 33, 78, 88, 70, 29, 21, 54, 11, 45, 40, 34, 49, 28, 65, 69,  9, 94, 57, 95, 86, 43, 77, 61, 82, 30, 83, 71, 73, 62, 19, 93, 92, 39,  5, 96,  2, 48, 51, 76, 12, 14, 56,  1, 47, 85, 36, 15, 79,  4, 31, 35, 42, 55, 87, 67, 80, 50,  6, 10,  7, 20, 38, 13, 58, 63,  8, 84, 59, 72, 32, 66, 53,  3, 24, 18, 22, 89, 41, 90, 52, 75, 23, 46, 91, 26], 3040.68462214, 3040.68462214, 0.,   0.        ,  0.        ,  3.        ,  9, 44, 31. )
 ( 3, [24, 31, 26, 15, 37, 17, 64, 16, 44, 81, 68, 27, 74, 25, 33, 78, 88, 70, 29, 21, 54, 11, 45, 40, 34, 49, 60, 28, 65, 69,  9, 94, 57, 95, 86, 43, 77, 61, 82, 30, 83, 71, 73, 62, 19, 93, 92, 39,  5, 96,  2, 48, 51, 76, 12, 14, 56,  1, 47, 85, 36, 15, 79,  4, 31, 35, 42, 55, 87, 67, 80, 50,  6, 10,  7, 20, 38, 13, 58, 63,  8, 84, 59, 72, 32, 66, 53,  3, 24, 18, 22, 89, 41, 90, 52, 75, 23, 46, 91, 26], 3112.11310968, 3112.11310968, 0.,   0.        ,  0.        ,  4.        , 10, 42, 31. )
 ( 3, [24, 31, 26, 15, 37, 17, 64, 16, 44, 81, 68, 27, 74, 25, 33, 78, 88, 70, 29, 21, 54, 11, 45, 40, 60, 34, 49, 28, 65, 69,  9, 94, 57, 95, 86, 43, 77, 61, 82, 30, 83, 71, 73, 62, 19, 93, 92, 39,  5, 96,  2, 48, 51, 76, 12, 14, 56,  1, 47, 85, 36, 15, 79,  4, 31, 35, 42, 55, 87, 67, 80, 50,  6, 10,  7, 20, 38, 13, 58, 63,  8, 84, 59, 72, 32, 66, 53,  3, 24, 18, 22, 89, 41, 90, 52, 75, 23, 46, 91, 26], 3196.69799718, 3196.69799718, 0.,   0.        ,  0.        ,  4.        , 11, 43, 32.5)
 ( 3, [24, 31, 26, 15, 37, 17, 64, 16, 44, 81, 68, 27, 74, 25, 60, 33, 78, 88, 70, 29, 21, 54, 11, 45, 40, 34, 49, 28, 65, 69,  9, 94, 57, 95, 86, 43, 77, 61, 82, 30, 83, 71, 73, 62, 19, 93, 92, 39,  5, 96,  2, 48, 51, 76, 12, 14, 56,  1, 47, 85, 36, 15, 79,  4, 31, 35, 42, 55, 87, 67, 80, 50,  6, 10,  7, 20, 38, 13, 58, 63,  8, 84, 59, 18, 72, 32, 66, 53,  3, 24, 22, 89, 41, 90, 52, 75, 23, 46, 91, 26], 3221.39902796, 3221.39902796, 0.,   0.        ,  0.        ,  4.66666667, 12, 41, 32.5)
 ( 3, [25, 27, 29, 15, 37, 17, 64, 16, 44, 81, 68, 27, 74, 25, 60, 54, 33, 78, 88, 70, 29, 21, 11, 45, 40, 34, 49, 28, 69,  9, 94, 95, 86, 43, 77, 57, 65, 61, 82, 30, 83, 71, 73, 62, 19, 93, 92, 39,  5, 96,  2, 48, 51, 76, 12, 14, 56,  1, 47, 85, 36, 15, 79,  4, 31, 35, 42, 55, 87, 67, 80, 50,  6, 10,  7, 20, 38, 13, 58, 63,  8, 84, 59, 72, 32, 66, 53,  3, 24, 18, 22, 89, 41, 90, 52, 75, 23, 46, 91, 26], 3229.76930705, 3347.38058246, 0.,   5.47477467,  0.        , 17.33333333, 13, 30, 28. )
 ( 3, [27, 29, 26, 14, 37, 17, 64, 16, 44, 81, 68, 27, 74, 25, 60, 33, 78, 88, 70, 29, 21, 54, 11, 45, 40, 34, 49, 28, 69,  9, 41, 55, 87, 42, 94, 95, 86, 43, 77, 57,  1, 32, 65, 61, 82, 30, 83, 71, 73, 62, 19, 93, 92, 39,  5, 96,  2, 48, 51, 76, 12, 14, 56, 85, 36, 15, 79,  4, 31, 35, 67, 80, 50,  6, 10,  7, 20, 38, 13, 58, 47, 63,  8, 84, 59, 72, 66, 53,  3, 24, 18, 22, 89, 90, 52, 75, 23, 46, 91, 26], 3248.07567119, 3248.07567119, 0.,   0.        ,  0.        , 15.33333333, 14, 33, 30.5)
 ( 3, [25, 31, 26, 14, 37, 17, 64, 16, 44, 81, 68, 27, 74, 25, 60, 33, 78, 88, 70, 29, 21, 54, 11, 45, 40, 34, 49, 28, 65, 69,  9, 94, 57, 95, 86, 43, 77, 61, 82, 30, 83, 71, 73, 62, 19, 93, 92, 39,  5, 96,  2, 48, 51, 76, 12, 14, 56,  1, 47, 85, 36, 15, 79,  4, 31, 35, 42, 55, 87, 67, 80, 50,  6, 10,  7, 20, 38, 13, 18, 58, 63,  8, 84, 59, 72, 32, 66, 53,  3, 24, 22, 89, 41, 90, 52, 75, 23, 46, 91, 26], 3250.42685125, 3250.42685125, 0.,   0.        ,  0.        ,  6.        , 15, 40, 35. )
 ( 3, [29, 26, 27, 14, 37, 17, 64, 16, 44, 81, 68, 27, 74, 25, 33, 78, 88, 70, 29, 21, 54, 11, 45, 40, 34, 49, 60, 28, 65, 69,  9, 94, 57, 95, 86, 43, 77, 61,  1, 82, 30, 83, 71, 73, 62, 19, 93, 92, 39,  5, 96,  2, 48, 51, 76, 12, 14, 56, 32, 85, 36, 15, 79,  4, 31, 35, 42, 55, 87, 67, 80, 50,  6, 10,  7, 20, 38, 13, 58, 63,  8, 84, 59, 72, 47, 66, 53,  3, 24, 18, 22, 89, 41, 90, 52, 75, 23, 46, 91, 26], 3307.03405692, 3307.03405692, 0.,   0.        ,  0.        , 17.        , 16, 31, 31.5)
 ( 3, [26, 26, 27, 17, 37, 17, 64, 16, 44, 81, 68, 27, 74, 25, 60, 33, 78, 88, 70, 29, 21, 54, 11, 45, 40, 34, 49, 28, 65, 69,  9, 94, 57, 95, 55, 87, 42, 86, 43, 77, 82, 61, 30, 83, 71, 73, 62, 19, 93, 92, 39,  5, 96,  2, 48, 51, 76, 12, 18, 67, 14, 36, 56, 15, 79,  4, 31, 35, 85, 80, 50,  6, 10,  7, 20, 38, 13, 58, 32, 63,  8, 84, 59,  1, 66, 53,  3, 24, 22, 47, 89, 41, 72, 90, 52, 75, 23, 46, 91, 26], 3318.30922688, 3311.13571541, 0.,   3.58675573,  0.        , 26.66666667, 17, 19, 26.5)
 (37, [23, 29, 24, 20, 37, 17, 64, 16, 44, 81, 68, 27, 74, 25, 60, 33, 78, 88, 54, 70, 29, 21, 11, 45, 40, 34, 49, 28, 69,  9, 55, 94, 95, 86, 41, 87, 42, 43, 77, 57,  1, 32, 65, 61, 82, 30, 83, 71, 73, 62, 19, 93, 92, 39,  5, 96,  2, 48, 51, 76, 12, 14, 56, 85, 36, 15, 79,  4, 31, 35, 67, 80, 50,  6, 10,  7, 20, 38, 13, 58, 47, 63,  8, 84, 59, 72, 66, 53,  3, 24, 18, 22, 89, 90, 52, 75, 23, 46, 91, 26], 3335.68653081, 3499.1286433 , 0.,   0.        ,  0.        , 24.        , 18, 21, 28.5)
 ( 3, [28, 27, 26, 15, 37, 17, 64, 16, 44, 81, 68, 27, 74, 25, 60, 33, 78, 88, 70, 29, 21, 54, 11, 45, 40, 34, 49, 28, 69,  9, 41, 55, 87, 42, 94, 95, 65, 57, 86, 43, 77,  1, 61, 82, 30, 83, 71, 73, 62, 19, 93, 92, 39,  5, 96,  2, 48, 51, 76, 12, 14, 56, 32, 85, 22, 36, 15, 79,  4, 31, 35, 67, 80, 50,  6, 10,  7, 20, 38, 13, 58, 63,  8, 84, 59, 72, 47, 66, 53,  3, 24, 18, 89, 90, 52, 75, 23, 46, 91, 26], 3336.47930974, 3428.55606343, 0.,   0.        ,  0.        , 16.        , 19, 32, 35. )
 (39, [25, 29, 24, 18, 37, 69,  9, 17, 64, 16, 44, 81, 68, 27, 74, 25, 33, 78, 88, 70, 29, 21, 54, 11, 45, 40, 34, 49, 57, 95, 86, 43, 77, 82, 61, 28, 30, 83, 71, 73, 62, 55, 19, 93, 92, 39,  5, 94, 96,  2, 48, 51, 76, 12, 18, 67, 14, 36, 56, 15, 79,  4, 65, 35, 42, 85, 80, 50,  6, 10,  7, 20, 38, 13, 58, 32, 63,  8, 84, 59, 87,  1, 60, 31, 66, 53,  3, 24, 22, 47, 89, 90, 41, 72, 52, 75, 23, 46, 91, 26], 3344.5688219 , 3380.35740223, 0.,   4.61206796, 24.90980121, 13.66666667, 20, 36, 38. )
 ( 3, [27, 26, 28, 15, 37, 69,  9, 17, 64, 16, 44, 81, 68, 27, 74, 25, 60, 33, 88, 78, 18, 29, 21, 11, 45, 40, 34, 49, 28, 70, 54, 95, 57, 61,  2, 96, 73, 19, 93, 86, 43, 77,  4, 82, 30, 83, 71, 62, 92, 39,  5, 94, 48, 51, 76, 12, 14, 56, 36, 85, 42,  1, 15, 79, 31, 52, 35, 55, 47, 67, 80, 50,  6, 10,  7, 20, 38, 13, 58, 63,  8, 41, 84, 87, 32, 89, 90, 59, 75, 23, 66, 53,  3, 24, 22, 65, 72, 46, 91, 26], 3345.88446465, 3480.8719889 , 0.,   0.44290111,  4.98677007, 33.66666667, 45, 13, 51.5)
 ( 3, [24, 27, 27, 18, 37, 17, 64, 16, 44, 81, 68, 27, 60, 65, 74, 25, 33, 78, 88, 70, 29, 21, 54, 11, 45, 40, 34, 49, 57, 95, 86, 43, 77, 82, 61, 28, 30, 83, 71, 73, 62, 55, 19, 93, 92, 39,  5, 94, 96,  2, 48, 51, 76, 12, 18, 67, 14, 36, 56, 15, 79,  4, 31, 35, 42, 85, 80, 50,  6, 10,  7, 20, 69,  9, 87,  1, 32, 38, 13, 58, 63,  8, 84, 59, 72, 47, 66, 53,  3, 24, 22, 89, 41, 90, 52, 75, 23, 46, 91, 26], 3377.00869405, 3417.37127331, 0.,   4.61206796, 10.94684573, 18.66666667, 21, 27, 34.5)
 ( 3, [28, 27, 27, 14, 37, 17, 64, 16, 44, 81, 68, 27, 74, 25, 33, 78, 88, 70, 29, 21, 54, 11, 45, 40, 34, 49, 28, 69,  9, 94, 57, 95, 86, 43, 77, 61, 82, 30, 83, 71, 73, 62, 19, 93, 92, 39,  5, 96,  2, 48, 51, 76, 12, 14, 55, 67, 18, 36, 56, 15, 79,  4, 31, 35, 42, 85, 80, 50,  6, 10,  7, 20, 38, 13, 58, 32, 63,  8, 84, 59, 87,  1, 60, 65, 66, 53,  3, 24, 22, 47, 89, 90, 41, 72, 52, 75, 23, 46, 91, 26], 3402.73054613, 3441.53903394, 0.,   2.69461972,  8.00692582, 23.66666667, 22, 22, 33. )
 ( 3, [28, 27, 26, 15, 37, 17, 64, 16, 44, 81, 68, 27, 74, 25, 60, 33, 78, 88, 70, 29, 21, 54, 11, 45, 40, 34, 49, 28, 69,  9, 41, 94, 95, 57, 55, 87, 42, 86, 43, 77,  1, 61, 82, 30, 83, 71, 73, 62, 19, 93, 92, 39,  5, 96,  2, 48, 51, 76, 12, 14, 56, 32, 85, 36, 15, 79,  4, 31, 35, 67, 80, 50,  6, 10, 65,  7, 20, 38, 13, 58, 47, 63,  8, 84, 59, 72, 66, 53,  3, 24, 18, 22, 89, 90, 52, 75, 23, 46, 91, 26], 3413.44943329, 3526.85339893, 0.,   3.58675573,  0.        , 15.33333333, 23, 34, 40. )
 ( 3, [28, 27, 27, 14, 37, 17, 64, 16, 44, 81, 68, 27, 74, 25, 33, 60, 78, 88, 70, 29, 21, 54, 11, 45, 40, 34, 49, 28, 65, 69,  9, 94, 57, 95, 55, 87, 42, 86, 43, 77,  1, 61, 82, 30, 83, 71, 73, 62, 19, 93, 92, 39,  5, 96,  2, 36, 48, 51, 76, 12, 14, 56, 32, 85, 15, 79,  4, 31, 35, 67, 80, 50,  6, 10,  7, 20, 38, 13, 58, 63,  8, 84, 59, 72, 47, 66, 53,  3, 24, 18, 22, 89, 41, 90, 52, 75, 23, 46, 91, 26], 3429.7897285 , 3583.39130764, 0.,   3.58675573,  0.        , 18.        , 24, 29, 38.5)
 ( 3, [25, 30, 25, 16, 37, 17, 64, 16, 44, 81, 68, 27, 74, 25, 60, 33, 78, 88, 70, 29, 21, 54, 11, 45, 40, 34, 49, 28, 69,  9, 55, 87, 42, 94, 95, 86, 43, 77, 57,  1, 65, 61, 82, 30, 83, 71, 73, 62, 19, 93, 92, 39,  5, 96,  2, 48, 51, 76, 12, 14, 56, 32, 85, 36, 15, 79,  4, 31, 35, 67, 80, 50,  6, 10,  7, 20, 47, 38, 13, 58, 63,  8, 84, 59, 72, 66, 53,  3, 24, 18, 22, 89, 41, 90, 52, 75, 23, 46, 91, 26], 3470.56048194, 3470.56048194, 0.,   0.        ,  0.        , 18.33333333, 25, 28, 39. )
 ( 3, [24, 27, 27, 18, 37, 17, 64, 16, 44, 81, 68, 27, 25, 60, 33, 78, 88, 70, 69, 29, 21, 54, 11, 45, 40, 34, 49, 28, 67, 51,  9, 94, 57, 95, 55, 87, 42, 86, 43, 77,  1, 61, 82, 30, 83, 71, 73, 62, 19, 93, 92, 39,  5, 96,  2, 48, 76, 12, 14, 18, 15, 79,  4, 31, 35, 36, 56, 80, 50,  6, 10, 85, 65, 47,  7, 20, 38, 13, 58, 63,  8, 84, 59, 72, 32, 66, 53,  3, 24, 22, 90, 41, 74, 89, 52, 75, 23, 46, 91, 26], 3507.29351858, 3657.0299035 , 0.,   3.58675573,  0.        , 34.33333333, 26, 12, 32. )
 ( 3, [24, 23, 26, 23, 37, 69,  9, 17, 64, 16, 44, 81, 68, 27, 74, 25, 33, 78, 88, 70, 29, 21, 54, 11, 45, 40, 34, 49, 28, 60, 57, 95, 86, 43, 77, 61, 30, 83, 71, 73, 62, 55, 19, 93, 92, 39,  5, 94, 96,  2, 48, 51, 76, 12, 18, 67, 14, 36, 56, 15, 79,  4, 82,  1, 41, 80, 52, 47, 85, 31, 35, 42, 87, 50,  6, 32, 10,  7, 20, 38, 13, 58, 63,  8, 84, 59, 72, 66, 53,  3, 24, 65, 22, 89, 90, 75, 23, 46, 91, 26], 3543.70004128, 3539.68753095, 0.,   0.        ,  1.82334342, 35.66666667, 27,  9, 31.5)
 (39, [26, 29, 26, 15, 37, 17, 64, 16, 44, 81, 68, 27, 74, 25, 33, 78, 88, 70, 29, 21, 54, 11, 45, 34, 49, 60, 28, 65, 69,  9, 94, 57, 95, 86, 43, 77, 61, 82, 30, 83, 71, 73, 62, 19, 93, 92, 39,  5, 96,  2, 48, 51, 76, 12, 18, 67, 40, 36, 56, 15, 79,  4, 31, 35, 42, 85, 80, 50,  1, 47, 14, 32, 55, 87,  6, 10,  7, 20, 38, 13, 58, 63,  8, 84, 59, 72, 66, 53,  3, 24, 22, 89, 41, 90, 52, 75, 23, 46, 91, 26], 3544.89146808, 3544.89146808, 0.,   0.        ,  0.        , 21.33333333, 28, 25, 40.5)
 ( 3, [26, 26, 27, 17, 37, 69,  9, 17, 64, 16, 44, 81, 68, 27, 74, 25, 33, 78, 88, 70, 29, 21, 54, 11, 45, 40, 34, 49, 57, 95, 86, 43, 77, 82, 61, 28, 30, 83, 71, 94, 60, 65, 73, 62, 19, 93, 92, 39,  5, 96,  2, 48, 51, 76, 32, 12, 14, 56,  1, 85, 36, 15, 79,  4, 31, 35, 55, 18, 67, 42, 80, 50,  6, 10,  7, 20, 38, 13, 58, 63,  8, 84, 59, 87, 66, 53,  3, 24, 22, 47, 89, 90, 41, 72, 52, 75, 23, 46, 91, 26], 3545.21019982, 3664.74710271, 0.,   5.25857879,  0.        , 22.66666667, 29, 24, 41. )
 ( 3, [24, 28, 27, 17, 37, 69,  9, 17, 64, 16, 44, 81, 68, 27, 74, 25, 33, 78, 88, 70, 29, 21, 54, 11, 45, 40, 77, 49, 57, 95, 86, 43, 34, 61, 82, 28, 30, 83, 71, 94, 60, 65, 73, 62, 19, 93, 92, 39,  5, 96,  2, 48, 51, 76, 32, 12, 14, 56,  1, 85, 36, 15, 79,  4, 31, 35, 42, 55, 87, 67, 80, 50, 10,  6,  7, 20, 38, 13, 58, 63,  8, 84, 59, 72, 47, 66, 53,  3, 24, 18, 22, 89, 41, 90, 52, 75, 23, 46, 91, 26], 3560.61973678, 3732.77641885, 0.,  27.72885864,  0.96922454, 27.        , 30, 18, 39. )
 ( 3, [22, 27, 30, 17, 37, 69,  9, 17, 64, 16, 44, 81, 68, 27, 74, 25, 33, 78, 88, 70, 29, 21, 54, 11, 45, 40, 34, 49, 57, 95, 86, 43, 77, 82, 61, 28, 30, 83, 71, 73, 62, 55, 19, 93, 92, 39,  5, 94, 96,  2, 48, 51, 76, 12, 18, 67, 14, 36, 56, 15, 79,  4, 31, 35, 42, 85, 84, 50,  6, 10,  7, 20, 38, 13, 58, 32, 63,  8, 80, 59, 87,  1, 60, 65, 66, 53,  3, 24, 22, 47, 89, 90, 41, 72, 52, 75, 23, 46, 91, 26], 3564.11622789, 3530.80209825, 0.,   4.61206796, 10.94684573, 13.66666667, 31, 37, 49.5)
 ( 3, [25, 31, 25, 15, 37, 17, 64, 16, 44, 81, 68, 27, 74, 25, 33, 78, 88, 70, 29, 21, 54, 11, 45, 34, 49, 18, 60, 28, 65, 69,  9, 94, 57, 95, 86, 43, 77, 61,  1, 82, 30, 83, 71, 73, 62, 19, 93, 92, 39,  5, 96,  2, 48, 51, 76, 12, 14, 56, 32, 85, 36, 15, 79,  4, 31, 35, 42, 55, 87, 67, 80, 50,  6, 10,  7, 20, 38, 13, 58, 63,  8, 84, 59, 72, 47, 66, 53, 40,  3, 24, 22, 89, 41, 90, 52, 75, 23, 46, 91, 26], 3591.55174886, 3693.04934758, 0.,   0.        ,  0.        , 15.        , 32, 35, 49.5)
 ( 3, [27, 27, 28, 14, 81, 60, 44, 74, 68, 37, 16, 64, 27, 17, 25, 29, 33, 78, 88, 70, 21, 54, 11, 45, 40, 34, 49, 69, 65, 28,  9, 94, 57, 95, 86, 43, 77, 61, 82, 30, 83, 71, 73, 62, 19, 41, 93, 92, 39,  5, 96,  2, 76, 51, 48, 12, 14, 56, 32, 85, 36, 15, 79,  4, 31, 35, 42, 55,  1, 47, 87, 67, 80, 50,  6, 10,  7, 20, 38, 13, 58, 63,  8, 84, 59, 72, 66, 53,  3, 24, 18, 22, 89, 90, 52, 75, 23, 46, 91, 26], 3609.07098961, 3748.23057592, 0.,   0.        ,  0.        , 36.33333333, 33,  8, 37. )
 (39, [25, 31, 25, 15, 37, 17, 64, 16, 44, 81, 68, 27, 74, 25, 60, 33, 78, 88, 70, 29, 21, 54, 11, 45, 34, 49, 65, 57, 95, 86, 43, 77, 61, 82, 28, 83, 30, 71, 73, 62, 55, 19, 93, 92, 39,  5, 14, 94, 96,  2, 48, 51, 76, 12, 18, 67, 40, 36, 56, 15, 79,  4, 31, 35, 42, 85, 69, 13, 58,  1, 47, 87, 80, 50,  6, 10,  7, 20, 38,  9, 63,  8, 84, 59, 72, 32, 66, 53,  3, 24, 22, 89, 41, 90, 52, 75, 23, 46, 91, 26], 3648.80869951, 3635.82152137, 0.,  24.28713282,  7.83767796, 28.33333333, 34, 17, 42.5)
 ( 3, [27, 27, 27, 15, 37, 17, 64, 16, 44, 81, 68, 27, 74, 25, 60, 33, 78, 88, 70, 29, 21, 54, 11, 45, 40, 34, 69, 49, 57, 95, 86, 43, 77, 82, 61, 28, 30, 83, 73, 62, 55, 19, 93, 92, 39,  5, 94, 96, 67,  2, 48, 51, 76, 12, 71, 14, 18, 15, 79,  4, 31, 35, 36, 56, 80, 50,  6, 10, 85, 42, 65, 87, 47,  1,  7, 20, 38, 13, 58, 63,  9, 32,  8, 84, 59, 72, 66, 53,  3, 24, 22, 89, 41, 90, 52, 75, 23, 46, 91, 26], 3672.95016562, 3611.93321026, 0.,   4.61206796, 60.45804689, 34.66666667, 35, 11, 40.5)
 ( 3, [25, 27, 27, 17, 37, 69,  9, 17, 64, 16, 44, 81, 68, 27, 74, 25, 33, 78, 88, 70, 29, 21, 54, 11, 45, 40, 34, 49, 57, 95, 86, 43, 77, 82, 61, 28, 76, 83, 71, 73, 94, 18,  4, 31, 32, 62, 19, 93, 92, 39,  5, 96,  2, 48, 51, 30, 12, 14, 56, 85, 36, 15, 79, 35, 42, 55, 67, 80, 50,  6, 10,  7, 20, 38, 13, 58, 63,  8, 84, 59, 87,  1, 60, 65, 66, 53,  3, 24, 22, 47, 89, 90, 41, 72, 52, 75, 23, 46, 91, 26], 3678.56305038, 3678.56305038, 0.,   0.        ,  0.        , 23.        , 36, 23, 47.5)
 ( 3, [29, 26, 27, 14, 37, 69,  9, 17, 64, 16, 44, 81, 68, 27, 74, 25, 33, 78, 88, 70, 29, 21, 54, 11, 45, 40, 34, 49, 57, 95, 86, 43, 77, 61, 82, 28, 96, 83, 30, 71, 73, 62, 19, 93, 92, 39,  5, 94,  2, 48, 51, 76, 12, 18, 14, 36, 56, 15, 79,  4, 85, 32, 63,  8, 31, 35, 42, 55, 87, 67, 80, 50,  6, 10,  7, 20, 38, 13, 58, 84, 59,  1, 60, 65, 66, 53,  3, 24, 22, 47, 89, 90, 41, 72, 52, 75, 23, 46, 91, 26], 3814.3284372 , 3860.97663013, 0.,  16.05552473,  0.        , 21.        , 37, 26, 50. )
 ( 3, [25, 28, 23, 20, 37, 69,  9, 16, 44, 81, 68, 27, 74, 25, 33, 78, 88, 70, 29, 21, 54, 11, 45, 17, 64, 34, 49, 57, 95, 86, 43, 77, 61, 82, 28, 83, 30, 71, 73, 62, 55, 19, 93, 92, 39,  5, 14, 94, 96,  2, 48, 51, 76, 12, 18, 67, 40, 36, 56, 35, 79,  4, 31, 15, 42, 85, 80, 50,  6, 10,  7, 20, 38, 13, 58, 32, 63,  8, 84, 59, 87,  1, 60, 65, 66, 53,  3, 72, 22, 47, 89, 90, 41, 24, 52, 75, 23, 46, 91, 26], 3852.91330895, 3839.73753816, 0.,   0.        ,  5.98726309, 26.        , 38, 20, 48. )
 ( 3, [24, 31, 25, 16, 33, 26, 21, 27, 17, 78, 29, 91, 11, 70, 88, 25, 54, 44, 16, 81, 37, 74, 64, 45, 40, 34, 49, 69,  9, 57, 86, 43, 77, 82, 61, 28, 30, 83, 71, 73, 62, 55, 19, 93, 92, 39,  5, 94, 96,  2, 48, 51, 76, 12, 18, 67, 14, 36, 56, 15, 79,  4, 31, 35, 42, 85, 80, 50,  6, 10,  7, 20, 38, 13, 58, 32, 63,  8, 84, 59, 87,  1, 60, 65, 66, 53,  3, 24, 22, 95, 72, 47, 89, 41, 90, 52, 75, 23, 46, 68], 3905.37656516, 3872.06243552, 0.,   4.61206796, 10.94684573, 38.66666667, 39,  7, 42.5)
 ( 3, [27, 29, 26, 14, 37, 17, 64, 16, 44, 81, 68, 27, 74, 25, 60, 54, 33, 78, 88, 70, 29, 21, 11, 45, 40, 34, 49, 28, 69,  9, 55, 94, 95, 86, 43, 77, 57,  1, 65, 61, 82, 30, 35, 71, 73, 62, 19, 93, 92, 39,  5, 96,  2, 51, 32, 79, 10, 20, 58,  8, 59, 48, 76, 12, 18, 67, 14, 36, 56, 15,  4, 31, 83, 42, 85, 80, 50,  6,  7, 38, 13, 63, 84, 87, 72, 47, 66, 53,  3, 24, 22, 89, 41, 90, 52, 75, 23, 46, 91, 26], 3930.80207044, 4042.45818291, 0.,  40.77364917,  8.65337268, 41.66666667, 40,  5, 42.5)
 ( 3, [24, 27, 27, 18, 37, 69,  9, 17, 64, 16, 44, 81, 68, 27, 74, 25, 33, 78, 88, 70, 29, 21, 54, 11, 45, 40, 34, 49, 57, 95, 86, 43, 77, 82, 61, 28, 30, 83, 71, 94, 73, 62, 19, 93, 92, 39,  5, 96,  2, 48, 51, 76, 12, 14,  8, 63, 32, 58, 13, 38, 20,  7, 10,  6, 50, 80, 85, 42, 35, 31, 67, 18, 55,  4, 79, 15, 36, 56, 84, 59, 87,  1, 60, 65, 66, 53,  3, 24, 22, 47, 89, 90, 41, 72, 52, 75, 23, 46, 91, 26], 3940.22822621, 4036.133435  , 0.,  25.17103156, 10.94684573, 31.        , 41, 16, 49. )
 ( 3, [26, 27, 26, 17, 37, 17, 64, 16, 44, 81, 68, 27, 74, 25, 60, 33, 78, 88, 70, 29, 21, 54, 11, 45, 34, 49, 28, 65, 94, 57, 95, 86, 43, 77, 61, 82, 30, 83, 71, 73, 62, 93, 92, 39,  5,  2, 48, 51, 76, 55, 67, 18, 14, 36, 56, 15, 79,  4, 31, 35, 42, 85, 69, 47, 87, 80, 50,  6, 10,  7, 20, 13, 58, 66,  1, 40, 19, 96, 12, 38,  9, 63,  8, 84, 59, 72, 32, 53,  3, 24, 22, 89, 41, 90, 52, 75, 23, 46, 91, 26], 4059.52983052, 4156.83604643, 0.,  16.05552473,  3.98989351, 33.        , 43, 14, 50. )
 ( 3, [25, 27, 26, 18, 37, 69,  9, 17, 64, 16, 44, 81, 68, 27, 74, 25, 33, 78, 88, 70, 29, 21, 54, 11, 45, 40, 34, 49, 57, 95, 86, 43, 77, 61, 82, 28, 96, 83, 30, 71, 73, 62, 55, 19, 93, 92, 39,  5, 94,  2, 48, 51, 76, 12, 18, 67, 14, 36, 56, 79,  4, 15, 46, 23, 75, 52, 72, 41, 90, 89, 47, 22, 24,  3, 53, 66, 60, 59, 84,  8, 63, 58, 13, 38, 20, 31, 35, 42, 85, 80, 50,  6, 10,  7, 32, 87,  1, 65, 91, 26], 4083.26226149, 4246.88043787, 0.,  79.63863469,  1.97023077, 32.        , 44, 15, 51.5)
 ( 3, [23, 27, 27, 19, 37, 69,  9, 17, 64, 16, 44, 81, 68, 27, 74, 25, 33, 78, 88, 70, 29, 21, 54, 11,  8, 18, 94, 39, 92, 93, 19, 62, 73, 71, 30, 83, 28, 82, 61, 77, 43, 86, 95, 57, 49, 34, 40, 45,  5, 96,  2, 48, 51, 76, 32, 12, 14, 56,  1, 85, 36, 15, 79,  4, 31, 35, 42, 55, 87, 67, 80, 50, 10,  6,  7, 20, 38, 13, 58, 63, 84, 59, 60, 65, 66, 53,  3, 24, 22, 47, 89, 90, 41, 72, 52, 75, 23, 46, 91, 26], 4263.56619966, 4346.23090592, 0.,  10.75177958, 22.87609393, 40.        , 46,  6, 49. )
 ( 3, [24, 28, 26, 18, 37, 69,  9, 17, 64, 16, 44, 81, 68, 27, 74, 25, 33, 78, 88, 70, 60,  1, 87, 59, 84,  8, 63, 32, 58, 13, 38, 20,  7, 10,  6, 50, 80, 85, 42, 35, 31,  4, 79, 15, 56, 36, 14, 67, 18, 71, 12, 76, 51, 48,  2, 96, 94,  5, 39, 92, 93, 19, 55, 62, 73, 83, 30, 28, 61, 82, 77, 43, 86, 95, 57, 49, 34, 40, 45, 11, 54, 21, 29, 65, 66, 53,  3, 24, 22, 47, 89, 90, 41, 72, 52, 75, 23, 46, 91, 26], 4456.89033115, 4745.79444247, 0., 147.12229545,  9.84751354, 42.33333333, 47,  4, 49. )
 (46, [30, 24, 23, 19, 37, 17, 64, 16, 44, 81, 68, 27, 74, 25, 33, 78, 88, 70, 29, 21, 54, 11, 45, 40, 34, 49, 60, 28, 65, 69,  9, 94, 57, 95, 86, 43, 77, 61, 89, 22, 18, 24,  3, 53, 66, 72, 59, 84,  8, 63, 58, 13, 38, 20,  7, 10,  6, 50, 80, 67, 87, 55, 42, 35, 31,  4, 32, 56, 79, 15, 36, 85, 47,  1, 41, 14, 12, 76, 51, 48,  2, 96,  5, 39, 92, 93, 19, 62, 73, 71, 83, 30, 82, 90, 52, 75, 23, 46, 91, 26], 4559.83832451, 4815.92448136, 0.,  44.37281147,  0.09638361, 66.33333333, 48,  1, 48.5)
 ( 3, [25, 26, 26, 19, 37, 69,  9, 17, 64, 60,  1, 87, 59, 84,  8, 63, 32, 58, 13, 38, 20,  7, 10,  6, 50, 80, 85, 42, 35, 31,  4, 79, 15, 56, 36, 14, 67, 18, 12, 76, 51, 48,  2, 96, 94,  5, 39, 92, 93, 19, 55, 62, 73, 71, 83, 30, 28, 61, 82, 77, 43, 86, 95, 57, 49, 34, 40, 45, 11, 54, 21, 29, 70, 88, 78, 33, 25, 74, 27, 68, 81, 44, 16, 65, 66, 53,  3, 72, 22, 47, 89, 90, 41, 24, 52, 75, 23, 46, 91, 26], 5122.81913611, 5598.70392265, 0., 275.16140222,  0.        , 49.33333333, 49,  3, 50.5)
 ( 3, [26, 26, 25, 19, 26, 27, 17, 91, 44, 16, 81, 37, 74, 64, 69, 25, 33, 78, 88, 70, 29, 21, 54, 11, 50, 80, 85, 42, 35, 31,  4, 79, 15, 56, 36, 14, 67, 18, 12, 76, 51, 48,  2, 94,  5, 39, 92, 93, 19, 55, 62, 73, 71, 30, 83, 96, 28, 82, 61, 77, 43, 86, 95, 57, 49, 34, 40, 45,  6, 10,  7, 20, 38, 13, 58, 32, 63,  8, 84, 59, 87,  1, 60, 65, 66, 53,  9, 46, 23, 75, 52, 72, 41, 90, 89, 47, 22, 24,  3, 68], 5388.33893708, 5695.45405037, 0., 157.5249643 ,  0.        , 62.66666667, 50,  2, 51. )]