
Total Runtime in seconds: 179.5247356891632Parameters:
population_size: 50, max_generations: 150, executed generations: 149, threshold_no_improvement: 75
target feasible proportion: 12
fitness_scaling: power_rank, selection_method: n_tournaments
p_c: 1.0, p_m: 0.2, NOT YET p_education: 0.0
tournament_size: 2, n_elite: 8
survivor_selection_step: 10, p_selection_survival: 0.7
kill clone step: 5
diversify_step: 20, diversify_step: 20, p_diversify_survival: 0.3
n_closest_neighbors: 3, diversity_weight: 0.5, distance_method: broken_pairs_distance
capacity_penalty_factor: 2, duration_penalty_factor 2, time_window_penalty: 2
Best fitness all generations, best individual before/after local search: 1502.5113495813885, 1502.5113495813885 / 1502.5113495813885
Best individual found before local search: (41, [10, 17, 12, 13, 14,  6, 60, 27, 18, 20, 31, 10, 33, 65, 71, 36, 43, 49, 61, 37,  7, 59, 51, 17,  1, 23, 26, 68, 12, 47, 64, 41, 50, 34, 44, 62, 69,  8, 54, 56, 16,  3, 22, 45, 15, 29, 72, 53, 46, 52,  4, 55,  5, 57, 24, 63, 28, 13, 14, 67, 21, 40, 48, 42, 58,  6, 11, 19,  9, 70, 66, 30, 35,  2, 38, 39, 32, 25], 1502.51134958, 1494.4633537, 0., 4.02399794, 0., 0., 2, 48, 26.)
Best individual found after local search: (41, [10, 17, 12, 13, 14,  6, 60, 27, 18, 20, 31, 10, 33, 65, 71, 36, 43, 49, 61, 37,  7, 59, 51, 17,  1, 23, 26, 68, 12, 47, 64, 41, 50, 34, 44, 62, 69,  8, 54, 56, 16,  3, 22, 45, 15, 29, 72, 53, 46, 52,  4, 55,  5, 57, 24, 63, 28, 13, 14, 67, 21, 40, 48, 42, 58,  6, 11, 19,  9, 70, 66, 30, 35,  2, 38, 39, 32, 25], 1502.51134958, 1494.4633537, 0., 4.02399794, 0., 0., 2, 48, 26.)
Best feasible individual found: (41, [10, 17, 12, 13, 14,  6, 60, 27, 18, 20, 31, 10, 33, 65, 71, 36, 43, 49, 61, 37,  7, 59, 51, 17, 47, 23, 26, 68, 12,  1, 64, 41, 50, 34, 44, 62, 69,  8, 54, 56, 16,  3, 22, 45, 15, 29, 72, 53, 46, 52,  4, 55,  5, 57, 24, 63, 28, 13, 14, 67, 21, 40, 48, 42, 58,  6, 11, 19,  9, 70, 66, 30, 35,  2, 38, 39, 32, 25], 1502.81026531, 1502.81026531, 0., 0., 0., 0., 2, 48, 26.)

Fitness stats min: [1592.86551553 1514.62385207 1513.7528008  1513.7528008  1508.12906795
 1508.12906795 1507.38245257 1507.38245257 1507.38245257 1507.38245257
 1519.56073194 1519.56073194 1506.79635678 1506.79635678 1506.79635678
 1506.79635678 1506.79635678 1506.79635678 1506.40466962 1506.40466962
 1506.40466962 1506.40466962 1506.40466962 1506.40466962 1506.40466962
 1506.40466962 1506.40466962 1506.40466962 1506.40466962 1506.40466962
 1506.40466962 1506.40466962 1506.40466962 1506.40466962 1506.40466962
 1506.40466962 1506.40466962 1506.40466962 1506.40466962 1506.40466962
 1506.40466962 1506.40466962 1506.40466962 1506.40466962 1506.40466962
 1506.40466962 1506.40466962 1506.40466962 1506.40466962 1506.40466962
 1506.40466962 1506.40466962 1506.40466962 1506.40466962 1506.40466962
 1506.40466962 1506.40466962 1506.40466962 1506.40466962 1506.40466962
 1506.40466962 1506.40466962 1506.40466962 1506.40466962 1506.40466962
 1506.40466962 1506.40466962 1506.40466962 1506.40466962 1506.40466962
 1506.40466962 1506.40466962 1506.40466962 1506.40466962 1506.40466962
 1506.40466962 1506.40466962 1506.40466962 1506.40466962 1506.40466962
 1506.40466962 1506.40466962 1506.40466962 1506.40466962 1506.40466962
 1506.40466962 1506.40466962 1506.40466962 1506.40466962 1506.40466962
 1506.40466962 1506.40466962 1503.42236923 1502.81026531 1502.81026531
 1502.81026531 1502.81026531 1502.81026531 1502.81026531 1502.81026531
 1502.81026531 1502.81026531 1502.81026531 1502.81026531 1502.81026531
 1502.81026531 1502.81026531 1502.81026531 1502.81026531 1502.81026531
 1502.81026531 1502.81026531 1502.81026531 1502.81026531 1502.81026531
 1502.81026531 1502.81026531 1502.81026531 1502.81026531 1502.81026531
 1502.81026531 1502.81026531 1502.81026531 1502.81026531 1502.81026531
 1502.81026531 1502.81026531 1502.81026531 1502.81026531 1502.81026531
 1502.81026531 1502.81026531 1502.81026531 1502.81026531 1502.81026531
 1502.81026531 1502.81026531 1502.81026531 1502.81026531 1502.81026531
 1502.81026531 1502.81026531 1502.81026531 1502.81026531 1502.81026531
 1502.81026531 1502.81026531 1502.81026531 1502.81026531 1502.51134958] 

Fitness stats feasible min: [1598.27182136 1598.27182136 1598.27182136 1595.09809315 1595.09809315
 1595.09809315 1565.31593377 1527.73578254 1527.73578254 1519.56073194
 1519.56073194 1519.56073194 1506.79635678 1506.79635678 1506.79635678
 1506.79635678 1506.79635678 1506.79635678 1506.40466962 1506.40466962
 1506.40466962 1506.40466962 1506.40466962 1506.40466962 1506.40466962
 1506.40466962 1506.40466962 1506.40466962 1506.40466962 1506.40466962
 1506.40466962 1506.40466962 1506.40466962 1506.40466962 1506.40466962
 1506.40466962 1506.40466962 1506.40466962 1506.40466962 1506.40466962
 1506.40466962 1506.40466962 1506.40466962 1506.40466962 1506.40466962
 1506.40466962 1506.40466962 1506.40466962 1506.40466962 1506.40466962
 1506.40466962 1506.40466962 1506.40466962 1506.40466962 1506.40466962
 1506.40466962 1506.40466962 1506.40466962 1506.40466962 1506.40466962
 1506.40466962 1506.40466962 1506.40466962 1506.40466962 1506.40466962
 1506.40466962 1506.40466962 1506.40466962 1506.40466962 1506.40466962
 1506.40466962 1506.40466962 1506.40466962 1506.40466962 1506.40466962
 1506.40466962 1506.40466962 1506.40466962 1506.40466962 1506.40466962
 1506.40466962 1506.40466962 1506.40466962 1506.40466962 1506.40466962
 1506.40466962 1506.40466962 1506.40466962 1506.40466962 1506.40466962
 1506.40466962 1506.40466962 1503.42236923 1502.81026531 1502.81026531
 1502.81026531 1502.81026531 1502.81026531 1502.81026531 1502.81026531
 1502.81026531 1502.81026531 1502.81026531 1502.81026531 1502.81026531
 1502.81026531 1502.81026531 1502.81026531 1502.81026531 1502.81026531
 1502.81026531 1502.81026531 1502.81026531 1502.81026531 1502.81026531
 1502.81026531 1502.81026531 1502.81026531 1502.81026531 1502.81026531
 1502.81026531 1502.81026531 1502.81026531 1502.81026531 1502.81026531
 1502.81026531 1502.81026531 1502.81026531 1502.81026531 1502.81026531
 1502.81026531 1502.81026531 1502.81026531 1502.81026531 1502.81026531
 1502.81026531 1502.81026531 1502.81026531 1502.81026531 1502.81026531
 1502.81026531 1502.81026531 1502.81026531 1502.81026531 1502.81026531
 1502.81026531 1502.81026531 1502.81026531 1502.81026531 1502.81026531] 

Fitness stats avg: [2196.87585651 2050.71883818 1970.84957641 1818.01248541 1774.58929475
 2121.6763673  1753.67824862 1675.19329448 1760.58475569 1823.5563667
 3701.43821604 1990.7961269  1798.22993919 1708.2447473  1673.87737752
 3936.27576501 2726.639875   1918.06707145 1647.83678696 1647.21737507
 3411.47849479 2018.84485143 1654.05659543 1647.82266467 1651.32637573
 5354.29481096 4521.14227534 3449.11600614 2760.24737195 2184.27136348
 4581.33599323 3701.68167629 2756.83971736 2211.02824675 2063.99191129
 2359.65644853 2054.32491215 1869.73018242 1811.43863519 4323.16547375
 5198.20096162 3905.81968543 2738.15340046 2129.4106123  1939.69766984
 2693.95163812 2081.73749915 1742.3835759  1813.23086105 1593.76236
 3092.71659297 2081.52671122 1696.67077944 1642.72420031 1601.05235397
 5916.09518948 4900.31485971 3539.69027345 2748.66815361 4082.7722041
 5495.92970565 4240.10495188 3497.98313001 2788.15703109 2499.70837241
 3503.87514691 2803.52396105 2186.4248202  1990.67349503 1710.42981911
 3655.49315338 2393.08104127 1865.58198563 1616.5764214  1658.49920618
 4608.0146333  3275.64891694 2056.92881377 1794.97731995 3869.36842524
 4882.20361891 3616.28215871 2907.25908283 2235.52406705 1796.45573121
 4102.11667133 2929.62059465 2536.16225055 2141.98157593 1897.49524921
 3980.71335475 2888.14724701 2029.90942146 1827.59649771 1700.90443599
 4362.33923622 3347.78742843 2385.30135851 1970.8914177  1804.25690163
 3221.68614138 2156.30151033 1670.11929995 1609.76001385 1666.78394197
 4931.63399308 2972.56765318 2278.11641465 2102.70754164 1924.94709857
 4551.64292526 3184.1513713  2153.08514096 1901.13116419 3862.84008809
 4949.58439108 3123.47198767 2191.18725304 2000.19218408 1874.66927266
 4810.01584178 3899.24712901 2810.0020948  2206.4687635  1855.27537094
 2540.74565419 2055.42221912 1839.46538646 1730.94950499 1676.27184016
 4087.02099319 3022.09848803 2248.28406364 1886.41568182 4122.57214484
 4327.92696159 3493.53228164 2619.37309008 2236.86670369 1971.80271279
 4332.42860326 2928.94888814 2063.87022661 1835.25747935 1744.70418775
 3081.2238425  2137.87520024 1872.33373256 1724.23480221 1658.6209557 ] 

Feasible stats: [( 0., 50.) ( 0., 50.) (24., 26.) (24., 26.) (33., 17.) (33., 17.)
 (17., 33.) (17., 33.) (25., 25.) (25., 25.) (32., 18.) (32., 18.)
 (37., 13.) (37., 13.) (41.,  9.) (41.,  9.) (22., 28.) (22., 28.)
 (38., 12.) (38., 12.) (45.,  5.) (45.,  5.) (33., 17.) (33., 17.)
 (46.,  4.) (46.,  4.) ( 9., 41.) ( 9., 41.) (15., 35.) (15., 35.)
 (36., 14.) (36., 14.) (20., 30.) (20., 30.) (36., 14.) (36., 14.)
 (34., 16.) (34., 16.) (42.,  8.) (42.,  8.) (17., 33.) (17., 33.)
 (17., 33.) (17., 33.) (36., 14.) (36., 14.) (31., 19.) (31., 19.)
 (43.,  7.) (43.,  7.) (47.,  3.) (47.,  3.) (41.,  9.) (41.,  9.)
 (44.,  6.) (44.,  6.) ( 3., 47.) ( 3., 47.) (19., 31.) (19., 31.)
 (17., 33.) (17., 33.) (10., 40.) (10., 40.) (26., 24.) (26., 24.)
 (16., 34.) (16., 34.) (35., 15.) (35., 15.) (48.,  2.) (48.,  2.)
 (31., 19.) (31., 19.) (48.,  2.) (48.,  2.) (10., 40.) (10., 40.)
 (36., 14.) (36., 14.) (17., 33.) (17., 33.) (12., 38.) (12., 38.)
 (31., 19.) (31., 19.) (17., 33.) (17., 33.) (25., 25.) (25., 25.)
 (41.,  9.) (41.,  9.) (24., 26.) (24., 26.) (36., 14.) (36., 14.)
 (14., 36.) (14., 36.) (29., 21.) (29., 21.) (35., 15.) (35., 15.)
 (30., 20.) (30., 20.) (48.,  2.) (48.,  2.) (10., 40.) (10., 40.)
 (30., 20.) (30., 20.) (34., 16.) (34., 16.) (19., 31.) (19., 31.)
 (35., 15.) (35., 15.) (10., 40.) (10., 40.) (33., 17.) (33., 17.)
 (39., 11.) (39., 11.) (11., 39.) (11., 39.) (35., 15.) (35., 15.)
 (29., 21.) (29., 21.) (31., 19.) (31., 19.) (34., 16.) (34., 16.)
 (18., 32.) (18., 32.) (37., 13.) (37., 13.) (12., 38.) (12., 38.)
 (25., 25.) (25., 25.) (41.,  9.) (41.,  9.) (24., 26.) (24., 26.)
 (41.,  9.) (41.,  9.) (20., 30.) (20., 30.) (39., 11.) (39., 11.)] 
Solution Description: 
p: [  0.          35.39367881  41.90138916  66.16099789  69.06345365
  74.55430887 117.064202   168.48471249 172.36734469 198.55910593
 209.73808084   0.          15.46495315  30.53265982  43.17974643
  66.17719182  70.58152567 112.31531179 115.39514597 129.22098596
 243.22491811 243.26346183 248.55799752 259.83240819 266.57463218
 299.45799428 316.35304014 343.49320724 400.61348417   0.
  24.44919712  28.06819111  39.23126977  46.9072187   65.13569938
  88.87174604  99.05906586 121.77023497 121.78884201 126.82840166
 182.59090698 200.51961745   0.          12.91064135  66.8165141
  67.53125698  72.21597928  74.30119677  95.48072507 116.66303653
 199.04307356 305.99759883 307.89494066 310.95624721 310.97525991
 335.46174204   0.          11.41545093  30.16706086  57.45889057
  74.77890041  80.41440383 112.7835107  146.98634468 209.93402401
 209.93882115 212.18200223 214.37484901 225.36479827 235.72302147
 245.50245797   0.          34.55766948  50.16032516  67.55187832
  74.1802414   99.66534946 110.67596711] 
pred: [ 0  0  0  0  0  0  0  0  0  0  9  0  0  0  0  0  0  5  5  5  5  5  5 11
 11 11 11 11 11  0  0  0  0  0  4  4  4  4  4  4 10 10  0  0  0  0  0  4
  4  4  7  7  7  7  7  7  0  0  0  0  0  0  5  5  5  5  5  5  5 12 12  0
  0  0  0  0  0  0] 
distance [  0.          35.39367881  41.90138916  66.16099789  69.06345365
  74.55430887 117.064202   168.48471249 172.36734469 198.55910593
  11.17897491   0.          15.46495315  30.53265982  43.17974643
  66.17719182  70.58152567  41.73378612  44.81362029  58.63946029
 172.64339243 172.68193616 177.97647185  11.27441067  18.01663466
  50.89999676  67.79504262  86.88721384 144.00749077   0.
  24.44919712  28.06819111  39.23126977  46.9072187   18.22848068
  41.96452735  52.15184717  74.86301627  74.88162331  79.92118296
  55.76250532  73.69121579   0.          12.91064135  66.8165141
  67.53125698  72.21597928   2.08521749  23.26474579  44.44705725
  82.38003702 189.33456229 191.23190413 194.29321068 194.31222338
 218.79870551   0.          11.41545093  30.16706086  57.45889057
  74.77890041  80.41440383  32.36910688  66.57194085 129.51962018
 129.52441732 131.76759841 133.96044519 144.95039444  10.35822321
  20.13765971   0.          34.55766948  50.16032516  67.55187832
  74.1802414   99.66534946 110.67596711]
load: [  0  25  29  36  40  49  61  71  91 110  10   0  10  23  32  55  70   5
  18  20  40  47  56   4  29  51  64  87 102   0  18  30  32  52  23  48
  63  73  92 107  12  37   0  22  42  52  55  20  30  37  18  20  28  52
  58  63   0   1  16  22  23  44  16  39  40  47  58  71  79  13  30   0
  21  27  50  61  86  96] 
time: [  0.         141.         160.         251.         274.38120767
 286.92871239 318.18541686 362.53805092 426.         488.58455483
 247.           0.         281.         300.98618851 377.
 397.         436.74439119 141.         157.80418117 183.3237552
 254.36540607 425.         444.4444974  181.         198.752644
 322.         342.52885889 388.         423.02591921   0.
 197.         247.         262.82400646 299.6535791   89.
 111.         180.         270.         475.         512.69400102
 173.         366.           0.          60.         269.
 456.         471.14681111 182.         230.         389.
 159.         234.91784831 333.         377.3771551  403.36946641
 460.           0.          76.         108.         203.
 324.         413.         123.         403.         464.85170983
 503.23971681 535.96205331 546.47031167 572.76331954  67.
 267.           0.         111.         134.81423573 159.0719625
 178.78404537 223.92921174 394.        ] 
time warps: [0.         0.         0.         0.         0.         0.
 0.         0.         0.         0.         0.         0.
 0.         0.         0.         0.         0.         0.
 0.         0.         0.         0.         0.         0.
 0.         0.         0.         4.02399794 4.02399794 0.
 0.         0.         0.         0.         0.         0.
 0.         0.         0.         0.         0.         0.
 0.         0.         0.         0.         0.         0.
 0.         0.         0.         0.         0.         0.
 0.         0.         0.         0.         0.         0.
 0.         0.         0.         0.         0.         0.
 0.         0.         0.         0.         0.         0.
 0.         0.         0.         0.         0.         0.        ] 
duration: [  0.          37.39367881  69.17553951 163.09621747 171.99867324
 187.48952846 247.99942158 320.41993207 365.21423414 402.40599538
  34.17897491   0.          25.46495315  59.53265982 124.29482226
 170.80054074 180.20487459  46.73378612  63.81362029  87.63946029
 209.64339243 342.7919128  372.08644849  25.27441067  46.01663466
 183.64878979 225.54383565 250.63600687 313.7562838    0.
  45.44919712  82.74518745 114.90826612 142.58421504  19.22848068
  61.35332752 128.02599323 239.41567959 445.30984852 454.34940817
  75.76250532 263.6997093    0.          37.91064135 273.01652228
 430.73833566 444.42305796  25.08521749  66.79808368 241.73434623
  95.38003702 227.33456229 303.08069213 307.14199867 325.16101138
 379.8207675    0.          24.41545093  77.43927545 153.17768908
 294.80044577 363.11109939  48.36910688 348.73167066 417.67934999
 442.68414713 452.92732821 467.12017499 492.11012425  31.35822321
 234.20555658   0.          50.55766948  81.16032516 113.55187832
 127.1802414  177.66534946 329.54200455]

All individuals: [(41, [10, 17, 12, 13, 14,  6, 60, 27, 18, 20, 31, 10, 33, 65, 71, 36, 43, 49, 61, 37,  7, 59, 51, 17, 47, 23, 26, 68, 12,  1, 64, 41, 50, 34, 44, 62, 69,  8, 54, 56, 16,  3, 22, 45, 15, 29, 72, 53, 46, 52,  4, 55,  5, 57, 24, 63, 28, 13, 14, 67, 21, 40, 48, 42, 58,  6, 11, 19,  9, 70, 66, 30, 35,  2, 38, 39, 32, 25], 1502.81026531, 1502.81026531, 0.,   0.        ,  0.        ,  0.        ,  4, 38, 23. )
 (41, [10, 17, 12, 13, 14,  6, 60, 27, 18, 20, 31, 10, 33, 65, 71, 36, 43, 49, 61, 37,  7, 59, 51, 17, 47, 23, 26, 68, 12,  1, 64, 41, 50, 34, 44, 62, 69,  8, 54, 56, 16,  3, 22, 45, 15, 29, 72, 53, 46, 52,  4, 55,  5, 57, 24, 63, 28, 13, 14, 67, 21, 40, 48, 42, 58,  6, 11, 19,  9, 70, 66, 30, 35,  2, 38, 39, 32, 25], 1502.81026531, 1502.81026531, 0.,   0.        ,  0.        ,  0.        ,  2, 48, 26. )
 (41, [10, 17, 12, 13, 14,  6, 60, 27, 18, 20, 31, 10, 33, 65, 71, 36, 43, 49, 61, 37,  7, 59, 51, 17, 47, 23, 26, 68, 12,  1, 64, 41, 50, 34, 44, 62, 69,  8, 54, 56, 16,  3, 22, 45, 15, 29, 72, 53, 46, 52,  4, 55,  5, 57, 24, 63, 28, 13, 14, 67, 21, 40, 48, 42, 58,  6, 11, 19,  9, 70, 66, 30, 35,  2, 38, 39, 32, 25], 1502.81026531, 1502.81026531, 0.,   0.        ,  0.        ,  0.        ,  6, 45, 28.5)
 (41, [10, 17, 12, 13, 14,  6, 60, 27, 18, 20, 31, 10, 33, 65, 71, 36, 43, 49, 61, 37,  7, 59, 51, 17, 47, 23, 26, 68, 12,  1, 64, 41, 50, 34, 44, 62, 69,  8, 54, 56, 16,  3, 22, 45, 15, 29, 72, 53, 46, 52,  4, 55,  5, 57, 24, 63, 28, 13, 14, 67, 21, 40, 48, 42, 58,  6, 11, 19,  9, 70, 66, 30, 35,  2, 38, 39, 32, 25], 1502.81026531, 1502.81026531, 0.,   0.        ,  0.        ,  0.        , 15, 27, 28.5)
 (41, [10, 17, 12, 13, 14,  6, 60, 27, 18, 20, 31, 10, 33, 65, 71, 36, 43, 49, 61, 37,  7, 59, 51, 17, 47, 23, 26, 68, 12,  1, 64, 41, 50, 34, 44, 62, 69,  8, 54, 56, 16,  3, 22, 45, 15, 29, 72, 53, 46, 52,  4, 55,  5, 57, 24, 63, 28, 13, 14, 67, 21, 40, 48, 42, 58,  6, 11, 19,  9, 70, 66, 30, 35,  2, 38, 39, 32, 25], 1502.81026531, 1502.81026531, 0.,   0.        ,  0.        ,  0.        ,  7, 44, 29. )
 (41, [10, 17, 12, 13, 14,  6, 60, 27, 18, 20, 31, 10, 33, 65, 71, 36, 43, 49, 61, 37,  7, 59, 51, 17, 47, 23, 26, 68, 12,  1, 64, 41, 50, 34, 44, 62, 69,  8, 54, 56, 16,  3, 22, 45, 15, 29, 72, 53, 46, 52,  4, 55,  5, 57, 24, 63, 28, 13, 14, 67, 21, 40, 48, 42, 58,  6, 11, 19,  9, 70, 66, 30, 35,  2, 38, 39, 32, 25], 1502.81026531, 1502.81026531, 0.,   0.        ,  0.        ,  0.        ,  8, 43, 29.5)
 (41, [10, 17, 12, 13, 14,  6, 60, 27, 18, 20, 31, 10, 33, 65, 71, 36, 43, 49, 61, 37,  7, 59, 51, 17, 47, 23, 26, 68, 12,  1, 64, 41, 50, 34, 44, 62, 69,  8, 54, 56, 16,  3, 22, 45, 15, 29, 72, 53, 46, 52,  4, 55,  5, 57, 24, 63, 28, 13, 14, 67, 21, 40, 48, 42, 58,  6, 11, 19,  9, 70, 66, 30, 35,  2, 38, 39, 32, 25], 1502.81026531, 1502.81026531, 0.,   0.        ,  0.        ,  0.        , 10, 41, 30.5)
 (41, [10, 17, 12, 13, 14,  6, 60, 27, 18, 20, 31, 10, 33, 65, 71, 36, 43, 49, 61, 37,  7, 59, 51, 17, 47, 23, 26, 68, 12,  1, 64, 41, 50, 34, 44, 62, 69,  8, 54, 56, 16,  3, 22, 45, 15, 29, 72, 53, 46, 52,  4, 55,  5, 57, 24, 63, 28, 13, 14, 67, 21, 40, 48, 42, 58,  6, 11, 19,  9, 70, 66, 30, 35,  2, 38, 39, 32, 25], 1502.81026531, 1502.81026531, 0.,   0.        ,  0.        ,  0.        ,  5, 49, 29.5)
 (41, [10, 17, 12, 13, 14,  6, 60, 27, 18, 20, 31, 10, 33, 65, 71, 36, 43, 49, 61, 37,  7, 59, 51, 17, 47, 23, 26, 68, 12,  1, 64, 41, 50, 34, 44, 62, 69,  8, 54, 56, 16,  3, 22, 45, 15, 29, 72, 53, 46, 52,  4, 55,  5, 57, 24, 63, 28, 13, 14, 67, 21, 40, 48, 42, 58,  6, 11, 19,  9, 70, 66, 30, 35,  2, 38, 39, 32, 25], 1502.81026531, 1502.81026531, 0.,   0.        ,  0.        ,  0.        ,  9, 42, 30. )
 (41, [10, 17, 12, 13, 14,  6, 60, 27, 18, 20, 31, 10, 33, 65, 71, 36, 43, 49, 61, 37,  7, 59, 51, 17, 47, 23, 26, 68, 12,  1, 64, 41, 50, 34, 44, 62, 69,  8, 54, 56, 16,  3, 22, 45, 15, 29, 72, 53, 46, 52,  4, 55,  5, 57, 24, 63, 28, 13, 14, 67, 21, 40, 48, 42, 58,  6, 11, 19,  9, 70, 66, 30, 35,  2, 38, 39, 32, 25], 1502.81026531, 1502.81026531, 0.,   0.        ,  0.        ,  0.        ,  1, 50, 26. )
 (41, [10, 17, 12, 13, 14,  6, 60, 27, 18, 20, 31, 10, 33, 65, 71, 36, 43, 49, 61, 37,  7, 59, 51, 17, 47, 23, 26, 68, 12,  1, 64, 41, 50, 34, 44, 62, 69,  8, 54, 56, 16,  3, 22, 45, 15, 29, 72, 53, 46, 52,  4, 55,  5, 57, 24, 63, 28, 13, 14, 67, 21, 40, 48, 42, 58,  6, 11, 19,  9, 70, 66, 30, 35,  2, 38, 39, 32, 25], 1502.81026531, 1502.81026531, 0.,   0.        ,  0.        ,  0.        , 10, 41, 30.5)
 (35, [13, 12, 11, 15, 11, 10, 33, 56, 35, 46, 32, 20, 65, 54, 53, 22, 42, 17, 37, 23, 19, 48, 11,  8, 13,  9, 50, 71, 72, 49, 18,  3, 61, 12, 14, 51, 47, 40, 67, 55, 36, 66, 69,  6, 41, 62, 59, 64,  2, 31, 25, 43, 30, 34, 45, 10, 28, 52,  4,  1,  5, 39, 21, 16, 38, 15, 29, 63,  7, 68, 70, 44, 60, 26, 24, 27, 57, 58], 1502.81026531, 1502.81026531, 0.,   0.        ,  0.        ,  0.        , 12, 46, 35. )
 (41, [13, 11, 12, 12, 14, 10, 44, 48, 21, 42, 27, 65, 71, 11, 58, 62, 33,  1,  3, 37, 60, 30, 45, 38, 41,  5, 17, 52, 34, 70, 66, 32, 72, 18, 40, 35, 69, 25,  8, 14, 47,  2,  9, 43, 61, 53,  4, 16, 51, 28, 13, 15, 20,  7, 12,  6, 59, 22, 63, 36, 39, 29, 57, 55, 19, 54, 31, 46, 49, 26, 67, 24, 50, 10, 68, 23, 64, 56], 1502.81026531, 1502.81026531, 0.,   0.        ,  0.        ,  0.        ,  6, 45, 28.5)
 (42, [11, 12, 12, 13, 11, 13, 38, 20, 25, 37, 34, 45, 13, 56,  7, 67, 65,  6, 64, 47, 52, 55, 54, 60, 49,  9, 23, 11, 57, 36, 35, 18, 22, 68, 16, 32, 28, 70, 59, 15,  1, 44,  8, 39, 29,  4, 58, 50,  2, 10, 71, 21, 53, 69, 41, 46, 26, 31, 33, 19, 30, 66, 17, 61, 62, 12, 43,  5, 72, 51, 24, 14, 48, 40, 63, 42,  3, 27], 1502.81026531, 1502.81026531, 0.,   0.        ,  0.        ,  0.        ,  7, 44, 29. )
 (43, [12, 10, 13, 11, 12, 14, 52, 44,  7, 13, 58, 55, 45, 37, 31, 23, 64,  2,  6, 25, 69, 49, 39,  3, 36, 24, 71, 68, 48,  8, 61, 56, 20,  9, 14, 53, 33, 17, 22, 65, 60, 29, 62, 50, 67, 42, 51, 41, 30, 70, 11,  4, 32, 40, 59, 47, 46, 26,  5, 35, 54, 10, 28, 16, 43, 57, 18, 21, 27,  1, 72, 12, 15, 63, 38, 19, 66, 34], 1502.81026531, 1502.81026531, 0.,   0.        ,  0.        ,  0.        ,  9, 42, 30. )
 (45, [11, 15, 13,  9, 12, 12, 58, 57, 14, 25, 55, 37, 48, 32, 44, 41, 11, 63, 66, 23, 28, 24, 67, 52,  2, 51, 21, 53, 19, 45, 69, 17, 42, 29,  9, 46, 27,  6, 61, 47, 26, 60, 40, 39,  8, 30, 22, 12, 34, 31,  5, 20, 50, 70, 54, 10, 59,  3,  7, 56, 36,  1, 16, 18, 71, 64, 38, 15, 72, 49, 68, 43, 65, 62, 33,  4, 35, 13], 1502.81026531, 1502.81026531, 0.,   0.        ,  0.        ,  0.        , 18, 34, 35. )
 (47, [12, 11, 12, 12, 13, 12, 62, 56, 33, 64, 55, 58, 25, 44, 63, 14,  6, 69, 65, 35, 10, 26, 37, 16, 21, 45, 18, 36, 34, 41,  7, 68, 24, 27, 72, 22, 47, 67, 48, 71, 17, 20, 31, 29, 60, 38, 30, 43,  2, 40,  9, 57, 61,  4,  1,  3, 50, 52, 19, 39, 32, 13, 66, 23, 49, 42, 12,  8, 53, 15,  5, 51, 46, 70, 54, 28, 11, 59], 1502.81026531, 1502.81026531, 0.,   0.        ,  0.        ,  0.        , 15, 27, 28.5)
 (41, [10, 17, 12, 13, 14,  6, 60, 27, 18, 20, 31, 10, 33, 65, 71, 36, 43, 49, 61, 37,  7, 59, 51, 17, 47, 23, 26, 68, 12,  1, 64, 41, 50, 34, 44, 62, 69,  8, 54, 56, 16,  3, 22, 45, 15, 29, 72, 53, 46, 52,  4, 55,  5, 57, 24, 63, 28, 13, 14, 67, 21, 40, 48, 42, 58,  6, 11, 19,  9, 70, 66, 30, 35,  2, 38, 39, 32, 25], 1502.81026531, 1502.81026531, 0.,   0.        ,  0.        ,  0.        , 19, 30, 34. )
 (41, [10, 17, 12, 13, 14,  6, 60, 27, 18, 20, 31, 10, 33, 65, 71, 36, 43, 49, 61, 37,  7, 59, 51, 17, 47, 23, 26, 68, 12,  1, 64, 41, 50, 34, 44, 62, 69,  8, 54, 56, 16,  3, 22, 45, 15, 29, 72, 53, 46, 52,  4, 55,  5, 57, 24, 63, 28, 13, 14, 67, 21, 40, 48, 42, 58,  6, 11, 19,  9, 70, 66, 30, 35,  2, 38, 39, 32, 25], 1502.81026531, 1502.81026531, 0.,   0.        ,  0.        ,  0.        , 11, 40, 31. )
 (41, [10, 17, 12, 13, 14,  6, 60, 27, 18, 20, 31, 10, 33, 65, 71, 36, 43, 49, 61, 37,  7, 59, 51, 17, 47, 23, 26, 68, 12,  1, 64, 41, 50, 34, 44, 62, 69,  8, 54, 56, 16,  3, 22, 45, 15, 29, 72, 53, 46, 52,  4, 55,  5, 57, 24, 63, 28, 13, 14, 67, 21, 40, 48, 42, 58,  6, 11, 19,  9, 70, 66, 30, 35,  2, 38, 39, 32, 25], 1502.81026531, 1502.81026531, 0.,   0.        ,  0.        ,  0.        ,  3, 25, 15.5)
 (36, [10, 12, 12, 11, 15, 12, 43, 70, 29, 42, 32, 68, 66, 63, 59, 50, 46, 72, 35, 30, 25, 51, 52, 12, 48, 31, 53, 39, 13,  5,  4, 23,  9, 65, 57, 45, 40, 44, 61,  1, 56, 17, 36, 69, 34, 58, 15,  6,  8, 38, 71, 64, 10, 60, 37, 55,  7, 14, 62, 20, 19, 47, 11, 54, 22, 18,  2, 28, 49, 24,  3, 21, 27, 41, 33, 16, 26, 67], 1507.5747399 , 1520.11024528, 0.,   0.        ,  0.        ,  6.        , 22, 10, 27. )
 (36, [10, 12, 12, 11, 15, 12, 43, 70, 29, 42, 32, 68, 66, 63, 59, 50, 46, 72, 35, 30, 25, 51, 52, 12, 48, 31, 53, 39, 13,  5,  4, 23,  9, 65, 57, 45, 40, 44, 61,  1, 56, 17, 36, 69, 34, 58, 15,  6,  8, 38, 71, 64, 10, 60, 37, 55,  7, 14, 62, 20, 19, 47, 11, 54, 22, 18,  2, 28, 49, 24,  3, 21, 27, 41, 33, 16, 26, 67], 1507.5747399 , 1520.11024528, 0.,   0.        ,  0.        ,  6.        , 22, 10, 27. )
 (41, [10, 17, 12, 13, 14,  6, 60, 27, 18, 20, 31, 10, 33, 65, 71, 36, 49, 37, 61, 43,  7, 59, 51, 17, 47, 23, 26, 68, 12,  1, 64, 41, 50, 34, 44, 62, 69,  8, 54, 56, 16,  3, 22, 45, 15, 29, 72, 53, 46, 52,  4, 55,  5, 57, 24, 63, 28, 13, 14, 67, 21, 40, 48, 42, 58,  6, 11, 19,  9, 70, 66, 30, 35,  2, 38, 39, 32, 25], 1514.059008  , 1514.059008  , 0.,   0.        ,  0.        ,  0.        , 24, 28, 38. )
 (44, [11, 16, 11, 13, 10, 11, 38, 25, 20, 27, 42, 11,  2, 33, 51, 23, 43, 46, 16, 15, 71, 49, 52, 29, 12, 61, 67, 59, 44, 41,  9, 30, 54, 65, 37, 58, 32, 31,  4,  1, 66, 62, 72, 19, 63, 45,  7, 48, 39, 18, 60, 70, 53,  3, 40, 55, 56, 57, 64,  6,  8, 34, 69, 28, 68, 22, 10, 36, 47, 24,  5, 26, 35, 17, 14, 13, 21, 50], 1514.059008  , 1526.11711407, 0.,   0.        ,  0.        ,  0.66666667, 29, 24, 41. )
 (49, [11, 15, 12, 11, 11, 12,  9,  3, 37, 66, 12, 58,  1, 18, 35, 44, 46, 60, 54, 67, 61, 15, 33, 56, 69, 21, 23, 51, 11, 72,  4, 68, 64,  6,  2, 29,  5,  8, 59, 10, 65, 52, 42, 39, 45, 49, 40, 43, 25, 19, 24, 22, 31, 57, 48, 71, 36, 41, 53, 47, 20, 63, 62, 50, 16, 28, 34, 70, 27, 14, 38, 55, 17, 13, 32,  7, 30, 26], 1520.6276493 , 1520.6276493 , 0.,   0.        ,  0.        ,  2.66666667, 35, 20, 45. )
 (49, [11, 15, 12, 11, 11, 12,  9,  3, 37, 66, 12, 58,  1, 18, 35, 44, 46, 60, 54, 67, 61, 15, 33, 56, 69, 21, 23, 51, 11, 72,  4, 68, 64,  6,  2, 29,  5,  8, 59, 10, 65, 52, 42, 39, 45, 49, 40, 43, 25, 19, 24, 22, 31, 57, 48, 71, 36, 41, 53, 47, 20, 63, 62, 50, 16, 28, 34, 70, 27, 14, 38, 55, 17, 13, 32,  7, 30, 26], 1520.6276493 , 1520.6276493 , 0.,   0.        ,  0.        ,  2.66666667, 35, 20, 45. )
 (41, [10, 17, 12, 13, 14,  6, 60, 27, 18, 20, 31, 10, 33, 65, 71, 36, 49, 61, 43, 37,  7, 59, 51, 17, 47, 23, 26, 68, 12,  1, 64, 41, 50, 34, 44, 62, 69,  8, 54, 56, 16,  3, 22, 45, 15, 29, 72, 53, 46, 52,  4, 55,  5, 57, 24, 63, 28, 13, 14, 67, 21, 40, 48, 42, 58,  6, 11, 19,  9, 70, 66, 30, 35,  2, 38, 39, 32, 25], 1521.88988647, 1521.88988647, 0.,   0.        ,  0.        ,  3.        , 31, 16, 39. )
 (39, [17, 11, 12, 11, 12,  9, 21, 67, 36, 30, 17, 50, 47, 48, 26, 23, 52,  6, 34, 61,  1, 70, 37,  2, 39, 15, 57,  3, 22, 63, 24, 54, 62,  7, 19, 18, 44, 10, 12, 68, 14, 56, 11, 20, 16, 45, 71, 64, 38, 46, 27, 41, 49, 69, 42,  5, 72, 43,  4, 29, 40, 55, 65, 32, 33, 60, 31, 59, 35, 58, 25, 66,  9, 28, 53, 51, 13,  8], 1523.41292652, 1523.41292652, 0.,   0.        ,  0.        ,  4.        , 32, 13, 38.5)
 (39, [17, 11, 12, 11, 12,  9, 21, 67, 36, 30, 17, 50, 47, 48, 26, 23, 52,  6, 34, 61,  1, 70, 37,  2, 39, 15, 57,  3, 22, 63, 24, 54, 62,  7, 19, 18, 44, 10, 12, 68, 14, 56, 11, 20, 16, 45, 71, 64, 38, 46, 27, 41, 49, 69, 42,  5, 72, 43,  4, 29, 40, 55, 65, 32, 33, 60, 31, 59, 35, 58, 25, 66,  9, 28, 53, 51, 13,  8], 1523.41292652, 1523.41292652, 0.,   0.        ,  0.        ,  4.        , 32, 13, 38.5)
 (41, [10, 17, 12, 13, 14,  6, 60, 18, 20, 31, 27, 10, 33, 65, 71, 36, 43, 49, 61, 37,  7, 59, 51, 17, 47, 23, 26, 68, 12,  1, 64, 41, 50, 34, 44, 62, 69,  8, 54, 56, 16,  3, 22, 45, 15, 29, 72, 53, 46, 52,  4, 55,  5, 57, 24, 63, 28, 13, 14, 67, 21, 40, 48, 42, 58,  6, 11, 19,  9, 70, 66, 30, 35,  2, 38, 39, 32, 25], 1535.54870442, 1593.64260712, 0.,   0.        ,  0.        ,  3.        , 33, 14, 40. )
 (41, [10, 17, 12, 13, 14,  6, 60, 27, 18, 20, 31, 10, 33, 65, 71, 36, 49, 37, 61, 59, 51, 17,  7, 43, 47, 23, 26, 68, 12,  1, 64, 41, 50, 34, 44, 62, 69,  8, 54, 56, 16,  3, 22, 45, 15, 29, 72, 53, 46, 52,  4, 55,  5, 57, 24, 63, 28, 13, 14, 67, 21, 40, 48, 42, 58,  6, 11, 19,  9, 70, 66, 30, 35,  2, 38, 39, 32, 25], 1537.27609859, 1537.27609859, 0.,   0.        ,  0.        ,  3.        , 34, 17, 42.5)
 (48, [11, 13, 13, 11, 12, 12, 50, 30,  2,  7, 57, 41, 64, 17, 47, 55, 38, 61,  9, 24, 48, 36, 71, 68, 40, 28, 49,  1, 15, 11, 37, 72, 60,  3, 58, 26, 10, 19, 43, 27, 45, 21, 56, 29, 51, 52, 44, 16, 59, 14, 39, 42, 63, 32, 66,  5, 35, 69, 67, 62, 33, 65, 18, 46, 31, 54,  6, 25, 53, 13, 34, 20,  4, 70, 23,  8, 22, 12], 1540.21054069, 1540.21054069, 0.,   0.        ,  0.        ,  2.66666667, 36, 19, 45.5)
 (48, [11, 13, 13, 11, 12, 12, 50, 30,  2,  7, 57, 41, 64, 17, 47, 55, 38, 61,  9, 24, 48, 36, 71, 68, 40, 28, 49,  1, 15, 11, 37, 72, 60,  3, 58, 26, 10, 19, 43, 27, 45, 21, 56, 29, 51, 52, 44, 16, 59, 14, 39, 42, 63, 32, 66,  5, 35, 69, 67, 62, 33, 65, 18, 46, 31, 54,  6, 25, 53, 13, 34, 20,  4, 70, 23,  8, 22, 12], 1540.21054069, 1540.21054069, 0.,   0.        ,  0.        ,  2.66666667, 36, 19, 45.5)
 (41, [10, 17, 12, 13, 14,  6, 60, 27, 18, 20, 31, 10, 33, 65, 71, 36, 43, 49, 37, 59,  7, 61, 51, 17, 47, 23, 26, 68, 12,  1, 64, 41, 50, 34, 44, 62, 69,  8, 54, 56, 16,  3, 22, 45, 15, 29, 72, 53, 46, 52,  4, 55,  5, 57, 24, 63, 28, 13, 14, 67, 21, 40, 48, 42, 58,  6, 11, 19,  9, 70, 66, 30, 35,  2, 38, 39, 32, 25], 1553.48423777, 1553.48423777, 0.,   0.        ,  0.        ,  5.        , 37, 12, 43. )
 (41, [10, 17, 12, 13, 14,  6, 14, 27, 18, 20, 31, 10, 33, 65, 71, 36, 43, 49, 61, 37,  7, 59, 51, 17, 47, 23, 26, 68, 12,  1, 64, 41, 50, 34, 44, 62, 69,  8, 54, 56, 16,  3, 22, 45, 15, 29, 72, 53, 46, 52,  4, 55,  5, 57, 24, 63, 28, 13, 60, 67, 21, 40, 48, 42, 58,  6, 11, 19,  9, 70, 66, 30, 35,  2, 38, 39, 32, 25], 1565.19120165, 1565.19120165, 0.,   0.        ,  0.        ,  3.        , 38, 15, 45.5)
 (38, [14, 11, 11, 14,  9, 13,  1, 21, 23, 59, 26, 51, 62, 12, 64, 60, 63, 52, 29, 36, 37, 16, 53, 67, 34,  7, 18, 57, 50, 17,  8,  2,  4, 11, 45,  5, 68, 32, 20, 56, 35, 72, 27, 30, 69, 46, 28, 70, 48, 55, 42, 61, 24, 58, 19, 43, 41, 14, 25, 54, 44,  3, 65, 15, 33, 49, 22, 31, 47, 13,  9,  6, 40, 66, 71, 10, 39, 38], 1582.58242898, 1582.58242898, 0.,   0.        ,  0.        ,  6.66666667, 39,  9, 43.5)
 (38, [14, 11, 11, 14,  9, 13,  1, 21, 23, 59, 26, 51, 62, 12, 64, 60, 63, 52, 29, 36, 37, 16, 53, 67, 34,  7, 18, 57, 50, 17,  8,  2,  4, 11, 45,  5, 68, 32, 20, 56, 35, 72, 27, 30, 69, 46, 28, 70, 48, 55, 42, 61, 24, 58, 19, 43, 41, 14, 25, 54, 44,  3, 65, 15, 33, 49, 22, 31, 47, 13,  9,  6, 40, 66, 71, 10, 39, 38], 1582.58242898, 1582.58242898, 0.,   0.        ,  0.        ,  6.66666667, 39,  9, 43.5)
 (41, [10, 17, 12, 12, 15,  6, 60, 27, 18, 20, 31, 10, 33, 65, 71, 36, 49, 37, 61,  7, 43, 59, 51, 17, 47, 23, 26, 68, 12,  1, 64, 41, 50, 34, 44, 62, 69,  8, 54, 56, 16,  3, 22, 45, 15, 29, 72, 53, 46, 52,  4, 55,  5, 57, 24, 63, 28, 13, 14, 67, 21, 40, 48, 42, 58,  6, 11, 19,  9, 70, 66, 30, 35,  2, 38, 39, 32, 25], 1590.3141952 , 1602.37230127, 0.,   0.        ,  0.        ,  2.        , 40, 21, 50.5)
 (41, [10, 17, 12, 13, 14,  6, 60, 27, 18, 20, 31, 10, 33, 65, 71, 36, 43, 49, 61, 37,  7, 59, 51, 17, 47, 23, 26, 68, 12,  1, 64, 41, 50, 34, 44, 62, 69,  8, 54, 56, 16,  3, 22, 45, 15, 29, 72, 53, 46, 52,  4, 55,  5, 57, 24, 63, 28, 13, 14, 67, 21, 40, 48, 42, 58,  6, 11, 19,  9, 38, 70, 66, 30, 35,  2, 39, 32, 25], 1698.85772451, 1698.85772451, 0.,   0.        ,  0.        ,  3.        , 41, 18, 50. )
 (40, [11, 10, 11, 11, 17, 12, 34, 16, 54, 11, 58, 10, 14,  7, 46, 52, 63, 43, 28, 70, 55, 23, 38, 72, 64, 41, 59, 33, 20,  5, 42, 67,  3, 31, 32, 24, 12, 48, 27,  1,  4,  2, 53, 37, 30, 13, 71,  6, 62, 26, 17, 49, 35, 21, 22, 36, 60, 65, 40, 61,  8, 25, 50, 29, 68, 19, 44, 56, 39, 66, 15, 57, 45, 18, 69, 47, 51,  9], 1741.31502159, 1741.31502159, 0.,   0.        ,  0.        ,  7.        , 42,  8, 46. )
 (40, [11, 10, 11, 11, 17, 12, 34, 16, 54, 11, 58, 10, 14,  7, 46, 52, 63, 43, 28, 70, 55, 23, 38, 72, 64, 41, 59, 33, 20,  5, 42, 67,  3, 31, 32, 24, 12, 48, 27,  1,  4,  2, 53, 37, 30, 13, 71,  6, 62, 26, 17, 49, 35, 21, 22, 36, 60, 65, 40, 61,  8, 25, 50, 29, 68, 19, 44, 56, 39, 66, 15, 57, 45, 18, 69, 47, 51,  9], 1741.31502159, 1741.31502159, 0.,   0.        ,  0.        ,  7.        , 42,  8, 46. )
 (37, [18, 11, 10, 10, 12, 11, 11, 68, 50, 62, 57,  5, 44, 10,  8,  2,  4, 58, 47, 22, 21, 40, 60, 25, 54, 70, 24, 35, 63, 42, 43, 26, 64, 71, 36, 52, 27, 38, 65, 59, 19, 61, 67, 30,  6, 14, 28, 23, 53, 29, 39, 69, 56, 18, 66,  7, 41, 49, 33, 37, 12, 16, 31,  1, 51, 15, 55,  9, 32, 46, 45, 17, 34, 48, 72, 13, 20,  3], 1976.17070719, 1976.17070719, 0.,   0.        ,  0.        ,  5.        , 43, 11, 48.5)
 (37, [18, 11, 10, 10, 12, 11, 11, 68, 50, 62, 57,  5, 44, 10,  8,  2,  4, 58, 47, 22, 21, 40, 60, 25, 54, 70, 24, 35, 63, 42, 43, 26, 64, 71, 36, 52, 27, 38, 65, 59, 19, 61, 67, 30,  6, 14, 28, 23, 53, 29, 39, 69, 56, 18, 66,  7, 41, 49, 33, 37, 12, 16, 31,  1, 51, 15, 55,  9, 32, 46, 45, 17, 34, 48, 72, 13, 20,  3], 1976.17070719, 1976.17070719, 0.,   0.        ,  0.        ,  5.        , 43, 11, 48.5)
 (46, [10, 11, 12, 12, 12, 15, 32, 39, 53, 61, 43, 18, 29, 37, 10, 26, 58, 64, 69, 50,  3, 47, 60, 15, 27, 59,  2, 46, 34, 13, 22, 19, 17, 33, 71, 66, 67, 63, 35, 31, 49,  1, 16, 20,  4, 44, 25, 41, 48, 68, 38, 62, 70, 65, 40,  8,  9, 52, 23,  7, 51, 12, 45,  5, 28, 42, 14,  6, 56, 54, 24, 11, 72, 30, 57, 36, 55, 21], 2005.40806286, 2005.40806286, 0.,   0.        ,  0.        ,  8.        , 44,  6, 47. )
 (41, [11, 17, 10, 13, 14,  7, 60, 27, 18, 20, 31, 10, 33, 57, 65, 71, 36, 43, 49, 61, 37,  7, 59, 51, 17, 47, 23, 26, 68, 12,  1, 64, 41, 50, 34, 44, 62, 69,  8, 54, 56, 16,  3, 22, 45, 15, 29, 72, 53, 46, 52,  4, 55,  5, 24, 63, 28, 13, 14, 67, 21, 40, 48, 42, 58,  6, 11, 19,  9, 70, 66, 30, 35,  2, 38, 39, 32, 25], 2024.60109927, 2100.9788976 , 0.,   0.        ,  0.        ,  7.        , 45,  7, 48.5)
 (41, [10, 17, 11, 14, 14,  6, 60, 27, 18, 20, 31, 10, 33, 65, 71, 36, 51, 49, 37, 58, 19, 11,  6, 43,  7, 48, 40, 61, 42, 14, 67, 21, 59, 69, 72, 46, 53,  5, 57, 24, 63, 28, 13, 55, 29, 45, 16, 56, 22,  3, 15,  8, 54, 34, 44, 62,  4, 52, 66, 12, 17,  1, 64, 47, 41, 68, 26, 23, 50, 30,  9, 70, 35,  2, 38, 39, 32, 25], 2117.37972404, 2380.14305735, 0.,   0.        ,  0.62958029, 35.33333333, 49,  1, 49.5)
 (41, [10, 17, 12, 13, 14,  6, 60, 27, 18, 20, 31, 10, 33, 65, 71, 36, 43, 56, 54,  8, 69, 62, 44, 34, 50, 41, 64,  1, 12, 68, 26, 23, 47, 17, 51, 59,  7, 37, 61, 49, 16,  3, 22, 45, 15, 29, 72, 53, 46, 52,  4, 55,  5, 57, 24, 63, 28, 13, 14, 67, 21, 40, 48, 42, 58,  6, 11, 19,  9, 70, 66, 30, 35,  2, 38, 39, 32, 25], 2129.5361053 , 2095.47207602, 0.,  34.68090882, 24.35669342, 22.66666667, 46,  4, 48. )
 (41, [10, 17, 12, 13, 14,  6, 60, 27, 18, 20, 31, 10, 33, 65, 71, 36, 43, 49, 61, 37,  7, 59, 51, 17, 47, 23, 26, 68, 12,  1, 64, 41, 50, 34, 44, 62, 69,  8, 54, 56, 16,  3, 22, 45, 15, 29, 72, 53, 46, 52,  4, 39, 38,  2, 35, 30, 66, 70,  9, 19, 11,  6, 58, 42, 48, 40, 21, 67, 14, 13, 28, 63, 24, 57,  5, 55, 32, 25], 2453.92570796, 2637.54030544, 0., 107.93034009,  0.        , 26.        , 47,  3, 48.5)
 (41, [ 9, 17, 11, 13, 14,  8, 60, 27, 18, 20, 31, 37, 61, 49, 43, 36, 71, 65, 33, 10,  7, 59, 51, 17, 47, 23, 26, 68, 12,  1, 64, 41, 50, 34, 44, 62, 69,  8, 54, 56, 16,  3, 22, 45, 15, 29, 72, 53, 46, 52,  4, 55,  5, 57, 24, 63, 28, 13, 14, 67, 21, 40, 48, 42, 58,  6, 11, 19,  9, 70, 66, 30, 35,  2, 38, 39, 32, 25], 2470.48513173, 2470.48513173, 0.,   0.        ,  0.        , 13.        , 48,  5, 50.5)
 (41, [ 9, 16, 12, 14, 16,  5, 60, 27, 18, 20, 31, 10, 33, 65, 71, 55,  4, 52, 46, 53, 72, 29, 15, 45, 22,  3, 16, 56, 54,  8, 69, 62, 44, 34, 50, 41, 64,  1, 12, 68, 26, 23, 47, 17, 51, 59,  7, 37, 61, 49, 43, 36,  5, 57, 24, 63, 28, 13, 14, 67, 21, 40, 48, 42, 58,  6, 11, 19,  9, 70, 66, 30, 35,  2, 38, 39, 32, 25], 3663.76825572, 3515.49693548, 0., 356.30395624, 51.45361139, 32.        , 50,  2, 51. )]