
Total Runtime in seconds: 183.57507491111755Parameters:
population_size: 100, max_generations: 1000, executed generations: 1000, threshold_no_improvement: 500
target feasible proportion: 25
fitness_scaling: power_rank, selection_method: n_tournaments
p_c: 0.8, p_m: 0.35
tournament_size: 2, n_elite: 10
survivor_selection_step: 200, p_selection_survival: 0.7
kill clone step: 100
diversify_step: 300, diversify_step: 300, p_diversify_survival: 0.3
n_closest_neighbors: 3, diversity_weight: 0.5, distance_method: broken_pairs_distance
capacity_penalty_factor: 2, duration_penalty_factor 2, time_window_penalty: 2
Best fitness all generations, best individual before/after local search: 1292.3329496009865, 1292.3329496009865 / 1292.3329496009865
Best individual found before local search: (6, [10, 12, 13, 13, 35, 31, 44, 32,  9, 42, 48, 11,  7, 37, 10, 45,  6,  3, 27, 41, 36, 28, 22, 34, 46, 43, 13, 33, 20,  4, 19, 14,  1, 16, 29,  8,  5, 17, 18, 39,  2, 15, 25, 26, 23, 30, 47, 24, 12, 21, 38, 40], 1292.3329496, 1292.3329496, 0., 0., 0., 0., 0, 0, 0.)
Best individual found after local search: (6, [10, 12, 13, 13, 35, 31, 44, 32,  9, 42, 48, 11,  7, 37, 10, 45,  6,  3, 27, 41, 36, 28, 22, 34, 46, 43, 13, 33, 20,  4, 19, 14,  1, 16, 29,  8,  5, 17, 18, 39,  2, 15, 25, 26, 23, 30, 47, 24, 12, 21, 38, 40], 1292.3329496, 1292.3329496, 0., 0., 0., 0., 0, 0, 0.)
Best feasible individual found: (6, [10, 12, 13, 13, 35, 31, 44, 32,  9, 42, 48, 11,  7, 37, 10, 45,  6,  3, 27, 41, 36, 28, 22, 34, 46, 43, 13, 33, 20,  4, 19, 14,  1, 16, 29,  8,  5, 17, 18, 39,  2, 15, 25, 26, 23, 30, 47, 24, 12, 21, 38, 40], 1292.3329496, 1292.3329496, 0., 0., 0., 0., 0, 0, 0.)

Fitness stats min: [3429.11695286 3385.11317933 3253.40507128 3172.617017   3172.617017
 3107.76856317 3001.20119379 2930.25162942 2915.5971479  2841.90657378
 2733.099688   2733.099688   2665.26171163 2665.26171163 2617.57267068
 2617.57267068 2566.83659905 2566.83659905 2499.33107603 2499.33107603
 2464.70652195 2464.70652195 2417.41912667 2417.41912667 2417.41912667
 2317.49956412 2317.49956412 2317.49956412 2317.49956412 2317.49956412
 2261.31168105 2261.31168105 2261.31168105 2240.17623865 2212.21582434
 2212.21582434 2212.21582434 2186.88851949 2186.88851949 2155.33802373
 2155.33802373 2155.33802373 2041.22160031 2041.22160031 2041.22160031
 2041.22160031 2041.22160031 2039.20996723 2022.36783251 2022.36783251
 2008.74061023 2008.74061023 1977.26145283 1967.85059651 1967.85059651
 1967.85059651 1942.09291208 1929.50950319 1927.81970337 1874.56741253
 1874.56741253 1874.56741253 1866.7046419  1800.53064694 1800.53064694
 1799.58287903 1799.58287903 1777.11943362 1777.11943362 1777.11943362
 1777.11943362 1745.113782   1745.113782   1745.113782   1745.113782
 1745.113782   1744.16601409 1744.16601409 1744.16601409 1744.16601409
 1744.16601409 1744.16601409 1744.16601409 1734.51854445 1734.51854445
 1734.51854445 1734.51854445 1733.57077654 1733.57077654 1733.57077654
 1711.47569239 1711.47569239 1700.88045483 1700.88045483 1700.88045483
 1698.23015219 1691.14844376 1691.14844376 1691.14844376 1691.14844376
 1691.14844376 1691.14844376 1691.14844376 1691.14844376 1662.03000686
 1662.03000686 1662.03000686 1662.03000686 1662.03000686 1662.03000686
 1662.03000686 1662.03000686 1662.03000686 1662.03000686 1662.03000686
 1655.22382178 1649.34914033 1649.34914033 1649.34914033 1642.54295525
 1642.54295525 1642.54295525 1642.54295525 1642.54295525 1642.54295525
 1641.84856355 1637.54934338 1637.54934338 1634.5119764  1625.27254022
 1621.83110987 1619.2418759  1619.2418759  1616.20450891 1616.20450891
 1608.62604056 1604.56069484 1604.56069484 1587.55922837 1587.55922837
 1587.55922837 1587.55922837 1587.55922837 1587.55922837 1587.55922837
 1587.55922837 1587.55922837 1587.55922837 1587.55922837 1587.06007942
 1586.86483666 1586.86483666 1586.86483666 1586.86483666 1586.86483666
 1586.36568771 1562.80558023 1562.80558023 1562.80558023 1562.80558023
 1562.80558023 1562.30643128 1562.30643128 1562.30643128 1562.30643128
 1562.30643128 1562.30643128 1562.30643128 1562.30643128 1562.30643128
 1560.61448368 1560.61448368 1560.61448368 1560.61448368 1560.61448368
 1560.11533474 1559.51157837 1559.51157837 1559.51157837 1559.51157837
 1559.51157837 1559.51157837 1551.00568449 1551.00568449 1551.00568449
 1551.00568449 1537.2609555  1537.2609555  1536.72305199 1536.72305199
 1536.22390305 1536.22390305 1531.13127098 1530.63212204 1530.63212204
 1530.63212204 1530.63212204 1530.63212204 1527.40702009 1527.40702009
 1527.40702009 1527.40702009 1527.40702009 1527.40702009 1525.17525187
 1525.17525187 1525.17525187 1525.17525187 1525.17525187 1525.17525187
 1525.17525187 1494.04032212 1494.04032212 1459.92776111 1459.92776111
 1459.92776111 1458.88594182 1458.88594182 1458.88594182 1458.88594182
 1458.88594182 1458.88594182 1458.88594182 1458.88594182 1458.88594182
 1458.88594182 1458.88594182 1458.88594182 1458.88594182 1458.88594182
 1458.88594182 1458.88594182 1458.88594182 1458.88594182 1458.88594182
 1458.88594182 1458.88594182 1458.88594182 1458.88594182 1458.88594182
 1458.88594182 1458.88594182 1458.88594182 1458.88594182 1458.88594182
 1458.88594182 1458.88594182 1458.88594182 1458.88594182 1458.88594182
 1458.88594182 1458.88594182 1458.88594182 1458.88594182 1458.88594182
 1458.88594182 1458.88594182 1458.88594182 1458.88594182 1458.88594182
 1458.88594182 1458.88594182 1458.88594182 1458.88594182 1458.88594182
 1458.88594182 1432.29742234 1432.29742234 1432.29742234 1432.29742234
 1432.29742234 1432.29742234 1432.29742234 1432.29742234 1432.29742234
 1432.29742234 1432.29742234 1432.29742234 1432.29742234 1432.29742234
 1432.29742234 1432.29742234 1432.29742234 1432.29742234 1432.29742234
 1432.29742234 1432.29742234 1432.29742234 1432.29742234 1432.29742234
 1432.29742234 1432.29742234 1432.29742234 1432.29742234 1432.29742234
 1432.29742234 1432.29742234 1432.29742234 1432.29742234 1432.29742234
 1432.29742234 1432.29742234 1432.29742234 1432.29742234 1432.29742234
 1432.29742234 1432.29742234 1432.29742234 1432.29742234 1432.29742234
 1432.29742234 1432.29742234 1432.29742234 1432.29742234 1432.29742234
 1432.29742234 1432.29742234 1432.29742234 1432.29742234 1432.29742234
 1432.29742234 1432.29742234 1432.29742234 1432.29742234 1432.29742234
 1432.29742234 1432.29742234 1432.29742234 1432.29742234 1432.29742234
 1432.29742234 1432.29742234 1432.29742234 1432.29742234 1432.29742234
 1432.29742234 1432.29742234 1432.29742234 1432.29742234 1432.29742234
 1432.29742234 1432.29742234 1432.29742234 1432.29742234 1432.29742234
 1432.29742234 1432.29742234 1432.29742234 1432.29742234 1432.29742234
 1432.29742234 1432.29742234 1432.29742234 1432.29742234 1432.29742234
 1432.29742234 1432.29742234 1432.29742234 1432.29742234 1432.29742234
 1432.29742234 1432.29742234 1432.29742234 1432.29742234 1432.29742234
 1432.29742234 1432.29742234 1432.29742234 1432.29742234 1432.29742234
 1432.29742234 1432.29742234 1432.29742234 1432.29742234 1432.29742234
 1432.29742234 1432.29742234 1432.29742234 1432.29742234 1432.29742234
 1432.29742234 1432.29742234 1432.29742234 1432.29742234 1432.29742234
 1432.29742234 1432.29742234 1432.29742234 1432.29742234 1432.29742234
 1432.29742234 1432.29742234 1432.29742234 1432.29742234 1432.29742234
 1432.29742234 1432.29742234 1432.29742234 1432.29742234 1432.29742234
 1432.29742234 1432.29742234 1432.29742234 1432.29742234 1432.29742234
 1432.29742234 1432.29742234 1432.29742234 1432.29742234 1432.29742234
 1432.29742234 1432.29742234 1432.29742234 1432.29742234 1413.9288234
 1413.9288234  1413.9288234  1413.9288234  1413.9288234  1413.9288234
 1413.9288234  1413.9288234  1413.9288234  1413.9288234  1413.9288234
 1413.9288234  1413.9288234  1413.9288234  1413.9288234  1413.9288234
 1413.9288234  1413.9288234  1413.9288234  1413.9288234  1413.9288234
 1413.9288234  1413.9288234  1413.9288234  1413.9288234  1413.9288234
 1413.9288234  1413.9288234  1413.9288234  1413.9288234  1413.9288234
 1413.9288234  1413.9288234  1386.68408328 1386.68408328 1386.68408328
 1386.68408328 1386.68408328 1386.68408328 1386.68408328 1386.68408328
 1386.68408328 1386.68408328 1386.68408328 1386.68408328 1386.68408328
 1362.62729156 1362.62729156 1362.62729156 1362.62729156 1362.62729156
 1362.62729156 1362.62729156 1362.62729156 1362.62729156 1362.62729156
 1362.62729156 1362.62729156 1362.62729156 1362.62729156 1362.62729156
 1362.62729156 1362.62729156 1362.62729156 1362.62729156 1362.62729156
 1362.62729156 1362.62729156 1362.62729156 1362.62729156 1362.62729156
 1362.62729156 1362.62729156 1362.62729156 1362.62729156 1362.62729156
 1362.62729156 1362.62729156 1362.62729156 1362.62729156 1362.62729156
 1362.62729156 1362.62729156 1362.62729156 1362.62729156 1362.62729156
 1362.62729156 1362.62729156 1362.62729156 1362.62729156 1362.62729156
 1362.62729156 1362.62729156 1362.62729156 1362.62729156 1362.62729156
 1362.62729156 1362.62729156 1362.62729156 1362.62729156 1362.62729156
 1362.62729156 1362.62729156 1362.62729156 1362.62729156 1362.62729156
 1362.62729156 1362.62729156 1362.62729156 1362.62729156 1362.62729156
 1362.62729156 1362.62729156 1362.62729156 1362.62729156 1362.62729156
 1362.62729156 1362.62729156 1362.62729156 1362.62729156 1362.62729156
 1362.62729156 1362.62729156 1362.62729156 1362.62729156 1362.62729156
 1362.62729156 1362.62729156 1362.62729156 1362.62729156 1362.62729156
 1362.62729156 1362.62729156 1362.62729156 1362.62729156 1362.62729156
 1362.62729156 1362.62729156 1362.62729156 1362.62729156 1362.62729156
 1362.62729156 1362.62729156 1362.62729156 1362.62729156 1362.62729156
 1362.62729156 1362.62729156 1362.62729156 1362.62729156 1362.62729156
 1362.62729156 1362.62729156 1362.62729156 1362.62729156 1362.62729156
 1362.62729156 1362.62729156 1362.62729156 1362.62729156 1362.62729156
 1362.62729156 1362.62729156 1362.62729156 1362.62729156 1362.62729156
 1362.62729156 1362.62729156 1362.62729156 1362.62729156 1362.62729156
 1362.62729156 1362.62729156 1362.62729156 1362.62729156 1362.62729156
 1362.62729156 1362.62729156 1362.62729156 1362.62729156 1362.62729156
 1362.62729156 1362.62729156 1362.62729156 1362.62729156 1362.62729156
 1362.62729156 1362.62729156 1362.62729156 1362.62729156 1362.62729156
 1362.62729156 1362.62729156 1362.62729156 1362.62729156 1362.62729156
 1362.62729156 1362.62729156 1362.62729156 1362.62729156 1362.62729156
 1362.62729156 1362.62729156 1362.62729156 1362.62729156 1362.62729156
 1362.62729156 1362.62729156 1362.62729156 1362.62729156 1362.62729156
 1362.62729156 1362.62729156 1361.39705947 1361.39705947 1361.39705947
 1361.39705947 1361.39705947 1361.39705947 1361.39705947 1361.39705947
 1361.39705947 1361.39705947 1361.39705947 1361.39705947 1361.39705947
 1361.39705947 1361.39705947 1348.0967492  1348.0967492  1348.0967492
 1348.0967492  1348.0967492  1348.0967492  1348.0967492  1348.0967492
 1348.0967492  1348.0967492  1348.0967492  1348.0967492  1348.0967492
 1348.0967492  1348.0967492  1348.0967492  1348.0967492  1348.0967492
 1348.0967492  1348.0967492  1348.0967492  1348.0967492  1348.0967492
 1348.0967492  1348.0967492  1348.0967492  1348.0967492  1348.0967492
 1348.0967492  1348.0967492  1348.0967492  1344.19507864 1344.19507864
 1344.19507864 1344.19507864 1344.19507864 1344.19507864 1344.19507864
 1344.19507864 1344.19507864 1344.19507864 1344.19507864 1344.19507864
 1344.19507864 1344.19507864 1344.19507864 1344.19507864 1344.19507864
 1344.19507864 1344.19507864 1344.19507864 1344.19507864 1344.19507864
 1344.19507864 1344.19507864 1344.19507864 1344.19507864 1344.19507864
 1341.5893057  1341.5893057  1341.5893057  1341.5893057  1341.5893057
 1341.5893057  1341.5893057  1341.5893057  1341.5893057  1341.5893057
 1324.09991308 1324.09991308 1324.09991308 1324.09991308 1324.09991308
 1324.09991308 1322.93464391 1322.93464391 1322.93464391 1322.93464391
 1322.93464391 1322.93464391 1322.93464391 1322.93464391 1322.93464391
 1322.93464391 1322.93464391 1322.93464391 1312.27351185 1312.27351185
 1312.27351185 1312.27351185 1312.27351185 1312.27351185 1312.27351185
 1306.0023006  1306.0023006  1306.0023006  1306.0023006  1304.83703143
 1304.83703143 1304.83703143 1304.83703143 1304.83703143 1304.83703143
 1304.83703143 1304.83703143 1304.83703143 1304.83703143 1304.83703143
 1304.83703143 1304.83703143 1304.83703143 1304.83703143 1304.83703143
 1304.83703143 1304.83703143 1304.83703143 1304.83703143 1304.83703143
 1304.83703143 1304.83703143 1304.83703143 1304.83703143 1304.83703143
 1304.83703143 1304.83703143 1304.83703143 1304.83703143 1304.83703143
 1304.83703143 1304.83703143 1304.83703143 1304.83703143 1304.83703143
 1304.83703143 1304.83703143 1304.83703143 1304.83703143 1304.83703143
 1304.83703143 1304.83703143 1304.83703143 1304.83703143 1304.83703143
 1304.83703143 1304.83703143 1304.83703143 1304.83703143 1304.83703143
 1304.83703143 1304.83703143 1304.83703143 1304.83703143 1304.83703143
 1304.83703143 1304.83703143 1304.83703143 1304.83703143 1304.83703143
 1304.83703143 1304.83703143 1304.83703143 1304.83703143 1304.83703143
 1304.83703143 1304.83703143 1304.83703143 1304.83703143 1304.83703143
 1304.83703143 1304.83703143 1304.83703143 1304.83703143 1304.83703143
 1304.83703143 1304.83703143 1304.83703143 1304.83703143 1304.83703143
 1304.83703143 1304.83703143 1304.83703143 1304.83703143 1304.83703143
 1304.83703143 1304.83703143 1304.83703143 1304.83703143 1304.83703143
 1304.83703143 1304.83703143 1304.83703143 1304.83703143 1304.83703143
 1304.83703143 1304.83703143 1304.83703143 1304.83703143 1304.83703143
 1304.83703143 1304.83703143 1304.83703143 1304.83703143 1304.83703143
 1304.83703143 1304.83703143 1304.83703143 1304.83703143 1304.83703143
 1304.83703143 1304.83703143 1304.83703143 1304.83703143 1304.83703143
 1304.83703143 1304.83703143 1304.83703143 1304.83703143 1304.83703143
 1304.83703143 1304.83703143 1304.83703143 1304.83703143 1304.83703143
 1304.83703143 1302.04286749 1302.04286749 1302.04286749 1302.04286749
 1302.04286749 1302.04286749 1302.04286749 1292.3329496  1292.3329496
 1292.3329496  1292.3329496  1292.3329496  1292.3329496  1292.3329496
 1292.3329496  1292.3329496  1292.3329496  1292.3329496  1292.3329496
 1292.3329496  1292.3329496  1292.3329496  1292.3329496  1292.3329496
 1292.3329496  1292.3329496  1292.3329496  1292.3329496  1292.3329496
 1292.3329496  1292.3329496  1292.3329496  1292.3329496  1292.3329496
 1292.3329496  1292.3329496  1292.3329496  1292.3329496  1292.3329496
 1292.3329496  1292.3329496  1292.3329496  1292.3329496  1292.3329496
 1292.3329496  1292.3329496  1292.3329496  1292.3329496  1292.3329496
 1292.3329496  1292.3329496  1292.3329496  1292.3329496  1292.3329496
 1292.3329496  1292.3329496  1292.3329496  1292.3329496  1292.3329496
 1292.3329496  1292.3329496  1292.3329496  1292.3329496  1292.3329496
 1292.3329496  1292.3329496  1292.3329496  1292.3329496  1292.3329496
 1292.3329496  1292.3329496  1292.3329496  1292.3329496  1292.3329496
 1292.3329496  1292.3329496  1292.3329496  1292.3329496  1292.3329496
 1292.3329496  1292.3329496  1292.3329496  1292.3329496  1292.3329496
 1292.3329496  1292.3329496  1292.3329496  1292.3329496  1292.3329496
 1292.3329496  1292.3329496  1292.3329496  1292.3329496  1292.3329496
 1292.3329496  1292.3329496  1292.3329496  1292.3329496  1292.3329496
 1292.3329496  1292.3329496  1292.3329496  1292.3329496  1292.3329496
 1292.3329496  1292.3329496  1292.3329496  1292.3329496  1292.3329496
 1292.3329496  1292.3329496  1292.3329496  1292.3329496  1292.3329496
 1292.3329496  1292.3329496  1292.3329496  1292.3329496  1292.3329496
 1292.3329496  1292.3329496  1292.3329496  1292.3329496  1292.3329496
 1292.3329496  1292.3329496  1292.3329496  1292.3329496  1292.3329496
 1292.3329496  1292.3329496  1292.3329496  1292.3329496  1292.3329496
 1292.3329496 ] 

Fitness stats feasible min: [3587.57515204 3385.11317933 3253.40507128 3172.617017   3172.617017
 3107.76856317 3020.89126997 2930.25162942 2915.5971479  2841.90657378
 2841.90657378 2841.90657378 2665.26171163 2665.26171163 2617.57267068
 2617.57267068 2566.83659905 2566.83659905 2499.33107603 2499.33107603
 2464.70652195 2464.70652195 2464.70652195 2464.70652195 2464.70652195
 2317.49956412 2317.49956412 2317.49956412 2317.49956412 2317.49956412
 2317.49956412 2317.49956412 2317.49956412 2240.17623865 2212.21582434
 2212.21582434 2212.21582434 2186.88851949 2186.88851949 2186.88851949
 2183.98434645 2168.16290913 2041.22160031 2041.22160031 2041.22160031
 2041.22160031 2041.22160031 2039.20996723 2022.36783251 2022.36783251
 2008.74061023 2008.74061023 1977.26145283 1967.85059651 1967.85059651
 1967.85059651 1942.09291208 1929.50950319 1927.81970337 1874.56741253
 1874.56741253 1874.56741253 1866.7046419  1800.53064694 1800.53064694
 1799.58287903 1799.58287903 1777.11943362 1777.11943362 1777.11943362
 1777.11943362 1745.113782   1745.113782   1745.113782   1745.113782
 1745.113782   1744.16601409 1744.16601409 1744.16601409 1744.16601409
 1744.16601409 1744.16601409 1744.16601409 1734.51854445 1734.51854445
 1734.51854445 1734.51854445 1733.57077654 1733.57077654 1733.57077654
 1711.47569239 1711.47569239 1700.88045483 1700.88045483 1700.88045483
 1698.23015219 1691.14844376 1691.14844376 1691.14844376 1691.14844376
 1691.14844376 1691.14844376 1691.14844376 1691.14844376 1662.03000686
 1662.03000686 1662.03000686 1662.03000686 1662.03000686 1662.03000686
 1662.03000686 1662.03000686 1662.03000686 1662.03000686 1662.03000686
 1655.22382178 1655.22382178 1655.22382178 1655.22382178 1655.22382178
 1655.22382178 1650.23020991 1643.5800077  1643.5800077  1643.5800077
 1643.5800077  1643.5800077  1643.5800077  1634.5119764  1625.27254022
 1625.27254022 1625.27254022 1622.86816232 1616.20450891 1616.20450891
 1608.62604056 1604.56069484 1604.56069484 1587.55922837 1587.55922837
 1587.55922837 1587.55922837 1587.55922837 1587.55922837 1587.55922837
 1587.55922837 1587.55922837 1587.55922837 1587.55922837 1587.55922837
 1586.86483666 1586.86483666 1586.86483666 1586.86483666 1586.86483666
 1586.86483666 1562.80558023 1562.80558023 1562.80558023 1562.80558023
 1562.80558023 1562.80558023 1562.80558023 1562.80558023 1562.80558023
 1562.80558023 1562.80558023 1562.80558023 1562.80558023 1562.80558023
 1560.61448368 1560.61448368 1560.61448368 1560.61448368 1560.61448368
 1560.61448368 1560.01072732 1560.01072732 1560.01072732 1560.01072732
 1560.01072732 1560.01072732 1551.00568449 1551.00568449 1551.00568449
 1551.00568449 1537.2609555  1537.2609555  1536.72305199 1536.72305199
 1536.72305199 1536.72305199 1531.13127098 1531.13127098 1531.13127098
 1531.13127098 1531.13127098 1531.13127098 1527.40702009 1527.40702009
 1527.40702009 1527.40702009 1527.40702009 1527.40702009 1525.17525187
 1525.17525187 1525.17525187 1525.17525187 1525.17525187 1525.17525187
 1525.17525187 1494.04032212 1494.04032212 1459.92776111 1459.92776111
 1459.92776111 1458.88594182 1458.88594182 1458.88594182 1458.88594182
 1458.88594182 1458.88594182 1458.88594182 1458.88594182 1458.88594182
 1458.88594182 1458.88594182 1458.88594182 1458.88594182 1458.88594182
 1458.88594182 1458.88594182 1458.88594182 1458.88594182 1458.88594182
 1458.88594182 1458.88594182 1458.88594182 1458.88594182 1458.88594182
 1458.88594182 1458.88594182 1458.88594182 1458.88594182 1458.88594182
 1458.88594182 1458.88594182 1458.88594182 1458.88594182 1458.88594182
 1458.88594182 1458.88594182 1458.88594182 1458.88594182 1458.88594182
 1458.88594182 1458.88594182 1458.88594182 1458.88594182 1458.88594182
 1458.88594182 1458.88594182 1458.88594182 1458.88594182 1458.88594182
 1458.88594182 1432.29742234 1432.29742234 1432.29742234 1432.29742234
 1432.29742234 1432.29742234 1432.29742234 1432.29742234 1432.29742234
 1432.29742234 1432.29742234 1432.29742234 1432.29742234 1432.29742234
 1432.29742234 1432.29742234 1432.29742234 1432.29742234 1432.29742234
 1432.29742234 1432.29742234 1432.29742234 1432.29742234 1432.29742234
 1432.29742234 1432.29742234 1432.29742234 1432.29742234 1432.29742234
 1432.29742234 1432.29742234 1432.29742234 1432.29742234 1432.29742234
 1432.29742234 1432.29742234 1432.29742234 1432.29742234 1432.29742234
 1432.29742234 1432.29742234 1432.29742234 1432.29742234 1432.29742234
 1432.29742234 1432.29742234 1432.29742234 1432.29742234 1432.29742234
 1432.29742234 1432.29742234 1432.29742234 1432.29742234 1432.29742234
 1432.29742234 1432.29742234 1432.29742234 1432.29742234 1432.29742234
 1432.29742234 1432.29742234 1432.29742234 1432.29742234 1432.29742234
 1432.29742234 1432.29742234 1432.29742234 1432.29742234 1432.29742234
 1432.29742234 1432.29742234 1432.29742234 1432.29742234 1432.29742234
 1432.29742234 1432.29742234 1432.29742234 1432.29742234 1432.29742234
 1432.29742234 1432.29742234 1432.29742234 1432.29742234 1432.29742234
 1432.29742234 1432.29742234 1432.29742234 1432.29742234 1432.29742234
 1432.29742234 1432.29742234 1432.29742234 1432.29742234 1432.29742234
 1432.29742234 1432.29742234 1432.29742234 1432.29742234 1432.29742234
 1432.29742234 1432.29742234 1432.29742234 1432.29742234 1432.29742234
 1432.29742234 1432.29742234 1432.29742234 1432.29742234 1432.29742234
 1432.29742234 1432.29742234 1432.29742234 1432.29742234 1432.29742234
 1432.29742234 1432.29742234 1432.29742234 1432.29742234 1432.29742234
 1432.29742234 1432.29742234 1432.29742234 1432.29742234 1432.29742234
 1432.29742234 1432.29742234 1432.29742234 1432.29742234 1432.29742234
 1432.29742234 1432.29742234 1432.29742234 1432.29742234 1432.29742234
 1432.29742234 1432.29742234 1432.29742234 1432.29742234 1432.29742234
 1432.29742234 1432.29742234 1432.29742234 1432.29742234 1432.29742234
 1432.29742234 1432.29742234 1432.29742234 1432.29742234 1413.9288234
 1413.9288234  1413.9288234  1413.9288234  1413.9288234  1413.9288234
 1413.9288234  1413.9288234  1413.9288234  1413.9288234  1413.9288234
 1413.9288234  1413.9288234  1413.9288234  1413.9288234  1413.9288234
 1413.9288234  1413.9288234  1413.9288234  1413.9288234  1413.9288234
 1413.9288234  1413.9288234  1413.9288234  1413.9288234  1413.9288234
 1413.9288234  1413.9288234  1413.9288234  1413.9288234  1413.9288234
 1413.9288234  1413.9288234  1413.9288234  1413.9288234  1406.45671168
 1406.45671168 1406.45671168 1406.45671168 1406.45671168 1406.45671168
 1406.45671168 1406.45671168 1406.45671168 1406.45671168 1406.45671168
 1362.62729156 1362.62729156 1362.62729156 1362.62729156 1362.62729156
 1362.62729156 1362.62729156 1362.62729156 1362.62729156 1362.62729156
 1362.62729156 1362.62729156 1362.62729156 1362.62729156 1362.62729156
 1362.62729156 1362.62729156 1362.62729156 1362.62729156 1362.62729156
 1362.62729156 1362.62729156 1362.62729156 1362.62729156 1362.62729156
 1362.62729156 1362.62729156 1362.62729156 1362.62729156 1362.62729156
 1362.62729156 1362.62729156 1362.62729156 1362.62729156 1362.62729156
 1362.62729156 1362.62729156 1362.62729156 1362.62729156 1362.62729156
 1362.62729156 1362.62729156 1362.62729156 1362.62729156 1362.62729156
 1362.62729156 1362.62729156 1362.62729156 1362.62729156 1362.62729156
 1362.62729156 1362.62729156 1362.62729156 1362.62729156 1362.62729156
 1362.62729156 1362.62729156 1362.62729156 1362.62729156 1362.62729156
 1362.62729156 1362.62729156 1362.62729156 1362.62729156 1362.62729156
 1362.62729156 1362.62729156 1362.62729156 1362.62729156 1362.62729156
 1362.62729156 1362.62729156 1362.62729156 1362.62729156 1362.62729156
 1362.62729156 1362.62729156 1362.62729156 1362.62729156 1362.62729156
 1362.62729156 1362.62729156 1362.62729156 1362.62729156 1362.62729156
 1362.62729156 1362.62729156 1362.62729156 1362.62729156 1362.62729156
 1362.62729156 1362.62729156 1362.62729156 1362.62729156 1362.62729156
 1362.62729156 1362.62729156 1362.62729156 1362.62729156 1362.62729156
 1362.62729156 1362.62729156 1362.62729156 1362.62729156 1362.62729156
 1362.62729156 1362.62729156 1362.62729156 1362.62729156 1362.62729156
 1362.62729156 1362.62729156 1362.62729156 1362.62729156 1362.62729156
 1362.62729156 1362.62729156 1362.62729156 1362.62729156 1362.62729156
 1362.62729156 1362.62729156 1362.62729156 1362.62729156 1362.62729156
 1362.62729156 1362.62729156 1362.62729156 1362.62729156 1362.62729156
 1362.62729156 1362.62729156 1362.62729156 1362.62729156 1362.62729156
 1362.62729156 1362.62729156 1362.62729156 1362.62729156 1362.62729156
 1362.62729156 1362.62729156 1362.62729156 1362.62729156 1362.62729156
 1362.62729156 1362.62729156 1362.62729156 1362.62729156 1362.62729156
 1362.62729156 1362.62729156 1362.62729156 1362.62729156 1362.62729156
 1362.62729156 1362.62729156 1362.62729156 1362.62729156 1362.62729156
 1362.62729156 1362.62729156 1362.62729156 1362.62729156 1362.62729156
 1362.62729156 1362.62729156 1361.39705947 1361.39705947 1361.39705947
 1361.39705947 1361.39705947 1361.39705947 1361.39705947 1361.39705947
 1361.39705947 1361.39705947 1361.39705947 1361.39705947 1361.39705947
 1361.39705947 1361.39705947 1348.0967492  1348.0967492  1348.0967492
 1348.0967492  1348.0967492  1348.0967492  1348.0967492  1348.0967492
 1348.0967492  1348.0967492  1348.0967492  1348.0967492  1348.0967492
 1348.0967492  1348.0967492  1348.0967492  1348.0967492  1348.0967492
 1348.0967492  1348.0967492  1348.0967492  1348.0967492  1348.0967492
 1348.0967492  1348.0967492  1348.0967492  1348.0967492  1348.0967492
 1348.0967492  1348.0967492  1348.0967492  1344.19507864 1344.19507864
 1344.19507864 1344.19507864 1344.19507864 1344.19507864 1344.19507864
 1344.19507864 1344.19507864 1344.19507864 1344.19507864 1344.19507864
 1344.19507864 1344.19507864 1344.19507864 1344.19507864 1344.19507864
 1344.19507864 1344.19507864 1344.19507864 1344.19507864 1344.19507864
 1344.19507864 1344.19507864 1344.19507864 1344.19507864 1344.19507864
 1341.5893057  1341.5893057  1341.5893057  1341.5893057  1341.5893057
 1341.5893057  1341.5893057  1341.5893057  1341.5893057  1341.5893057
 1324.09991308 1324.09991308 1324.09991308 1324.09991308 1324.09991308
 1324.09991308 1322.93464391 1322.93464391 1322.93464391 1322.93464391
 1322.93464391 1322.93464391 1322.93464391 1322.93464391 1322.93464391
 1322.93464391 1322.93464391 1322.93464391 1312.27351185 1312.27351185
 1312.27351185 1312.27351185 1312.27351185 1312.27351185 1312.27351185
 1306.0023006  1306.0023006  1306.0023006  1306.0023006  1304.83703143
 1304.83703143 1304.83703143 1304.83703143 1304.83703143 1304.83703143
 1304.83703143 1304.83703143 1304.83703143 1304.83703143 1304.83703143
 1304.83703143 1304.83703143 1304.83703143 1304.83703143 1304.83703143
 1304.83703143 1304.83703143 1304.83703143 1304.83703143 1304.83703143
 1304.83703143 1304.83703143 1304.83703143 1304.83703143 1304.83703143
 1304.83703143 1304.83703143 1304.83703143 1304.83703143 1304.83703143
 1304.83703143 1304.83703143 1304.83703143 1304.83703143 1304.83703143
 1304.83703143 1304.83703143 1304.83703143 1304.83703143 1304.83703143
 1304.83703143 1304.83703143 1304.83703143 1304.83703143 1304.83703143
 1304.83703143 1304.83703143 1304.83703143 1304.83703143 1304.83703143
 1304.83703143 1304.83703143 1304.83703143 1304.83703143 1304.83703143
 1304.83703143 1304.83703143 1304.83703143 1304.83703143 1304.83703143
 1304.83703143 1304.83703143 1304.83703143 1304.83703143 1304.83703143
 1304.83703143 1304.83703143 1304.83703143 1304.83703143 1304.83703143
 1304.83703143 1304.83703143 1304.83703143 1304.83703143 1304.83703143
 1304.83703143 1304.83703143 1304.83703143 1304.83703143 1304.83703143
 1304.83703143 1304.83703143 1304.83703143 1304.83703143 1304.83703143
 1304.83703143 1304.83703143 1304.83703143 1304.83703143 1304.83703143
 1304.83703143 1304.83703143 1304.83703143 1304.83703143 1304.83703143
 1304.83703143 1304.83703143 1304.83703143 1304.83703143 1304.83703143
 1304.83703143 1304.83703143 1304.83703143 1304.83703143 1304.83703143
 1304.83703143 1304.83703143 1304.83703143 1304.83703143 1304.83703143
 1304.83703143 1304.83703143 1304.83703143 1304.83703143 1304.83703143
 1304.83703143 1304.83703143 1304.83703143 1304.83703143 1304.83703143
 1304.83703143 1304.83703143 1304.83703143 1304.83703143 1304.83703143
 1304.83703143 1302.04286749 1302.04286749 1302.04286749 1302.04286749
 1302.04286749 1302.04286749 1302.04286749 1292.3329496  1292.3329496
 1292.3329496  1292.3329496  1292.3329496  1292.3329496  1292.3329496
 1292.3329496  1292.3329496  1292.3329496  1292.3329496  1292.3329496
 1292.3329496  1292.3329496  1292.3329496  1292.3329496  1292.3329496
 1292.3329496  1292.3329496  1292.3329496  1292.3329496  1292.3329496
 1292.3329496  1292.3329496  1292.3329496  1292.3329496  1292.3329496
 1292.3329496  1292.3329496  1292.3329496  1292.3329496  1292.3329496
 1292.3329496  1292.3329496  1292.3329496  1292.3329496  1292.3329496
 1292.3329496  1292.3329496  1292.3329496  1292.3329496  1292.3329496
 1292.3329496  1292.3329496  1292.3329496  1292.3329496  1292.3329496
 1292.3329496  1292.3329496  1292.3329496  1292.3329496  1292.3329496
 1292.3329496  1292.3329496  1292.3329496  1292.3329496  1292.3329496
 1292.3329496  1292.3329496  1292.3329496  1292.3329496  1292.3329496
 1292.3329496  1292.3329496  1292.3329496  1292.3329496  1292.3329496
 1292.3329496  1292.3329496  1292.3329496  1292.3329496  1292.3329496
 1292.3329496  1292.3329496  1292.3329496  1292.3329496  1292.3329496
 1292.3329496  1292.3329496  1292.3329496  1292.3329496  1292.3329496
 1292.3329496  1292.3329496  1292.3329496  1292.3329496  1292.3329496
 1292.3329496  1292.3329496  1292.3329496  1292.3329496  1292.3329496
 1292.3329496  1292.3329496  1292.3329496  1292.3329496  1292.3329496
 1292.3329496  1292.3329496  1292.3329496  1292.3329496  1292.3329496
 1292.3329496  1292.3329496  1292.3329496  1292.3329496  1292.3329496
 1292.3329496  1292.3329496  1292.3329496  1292.3329496  1292.3329496
 1292.3329496  1292.3329496  1292.3329496  1292.3329496  1292.3329496
 1292.3329496  1292.3329496  1292.3329496  1292.3329496  1292.3329496
 1292.3329496  1292.3329496  1292.3329496  1292.3329496  1292.3329496
 1292.3329496 ] 

Fitness stats avg: [4001.82831752 3860.63584563 3766.77519226 3675.35314633 3594.40783047
 3502.45168994 3435.10393135 3421.04678246 3356.14478499 3283.11616078
 3218.44410355 3189.73656471 3098.83833979 3094.58571357 3049.30724633
 2955.58976597 2932.13282318 2909.75192399 2883.72043775 2851.14829067
 2847.28188994 2806.33992669 2781.34120695 2764.89016944 2744.76426854
 2725.38474951 2716.86385269 2666.70352351 2689.04552468 2656.35674693
 2633.44922154 2583.92719348 2552.82458386 2541.61158726 2538.05530541
 2535.84685091 2511.20758658 2485.22752302 2458.51927734 2427.94017692
 2371.67764117 2358.39824133 2359.13211685 2343.3487192  2321.88838147
 2324.07842408 2302.46496715 2276.01058875 2260.71776438 2233.94751903
 2245.74667592 2253.89289366 2226.49794544 2183.26023317 2154.92681353
 2116.79457405 2132.30710431 2121.21557312 2119.89496795 2073.84157549
 2075.48680295 2090.23984222 2054.63905667 2019.33836654 2012.09668761
 1997.73985893 1969.43385637 1932.32676807 1904.9687745  1913.76815328
 1924.76588337 1922.50265681 1927.6752744  1922.45109872 1951.47571416
 1932.71239951 1911.31214225 1914.67953852 1910.94185079 1891.50537338
 1913.20946753 1874.43754248 1897.74798835 1869.86286228 1868.89023079
 1848.81979935 1823.01213656 1830.83290061 1824.45213735 1833.95774397
 1820.3210815  1846.05442387 1853.08655905 1862.45129691 1852.21995355
 1853.45185116 1825.52411131 1816.73725689 1837.94046501 1836.8418877
 1812.86134607 1830.76440979 1828.52861184 1837.82700304 1837.17114545
 1834.42980872 1852.58952181 1813.6285463  1817.41861146 1808.27865789
 1806.41655561 1782.82087047 1770.68023764 1802.50508086 1778.97724923
 1781.98019509 1793.80879702 1776.76901275 1752.4997325  1771.0103206
 1763.7628044  1770.64536355 1706.61106714 1740.68261921 1747.6257469
 1739.48883596 1728.27311789 1736.6142483  1729.59487651 1734.45226345
 1733.99656492 1752.19307784 1743.57585706 1774.59856016 1751.17911805
 1745.86586644 1724.92542065 1777.31259655 1713.53495232 1734.64786594
 1724.45025659 1678.88420164 1703.215275   1681.20332322 1685.87334728
 1689.12757974 1722.30242094 1722.97471939 1718.15551852 1703.12775938
 1663.84952821 1668.00296364 1676.81282912 1673.78795864 1679.64498168
 1676.40184987 1647.70219675 1636.67102355 1682.68754205 1694.46947545
 1696.12283833 1666.85995234 1683.0708205  1674.62679667 1646.20615719
 1669.89542289 1659.6839934  1666.3007825  1667.53065299 1653.13778657
 1652.8276417  1658.08118021 1666.76806096 1654.17225919 1655.32407166
 1653.27909154 1663.42684056 1653.61999705 1670.93541865 1642.40411955
 1653.3753129  1659.00755992 1660.00196508 1670.24664902 1692.73429025
 1645.79064842 1700.28733408 1664.66438741 1666.31558476 1636.58927597
 1653.49523214 1631.41621599 1619.18035609 1626.54447982 1651.51711124
 1616.70168216 1608.11185041 1614.98301535 1615.86039535 1619.04459348
 1634.2081491  1630.43311523 1657.39354944 1654.49346078 1682.83245966
 1626.0347655  1641.97586374 1647.63592821 1641.5364831  1614.91642139
 1610.23482279 1633.24871686 1617.43307247 1614.62153161 1625.19243598
 1613.15789226 1609.51620446 1602.23417459 1581.05420725 1538.82432495
 1556.03860085 1578.53182551 1579.42952009 1539.09159182 1542.55081507
 1563.41331649 1551.86971757 1565.65993941 1555.80202791 1555.22447849
 1556.35826129 1552.21978052 1538.65169419 1552.09531363 1534.72142118
 1553.22431832 1570.9515235  1563.96413383 1547.87375158 1531.1247112
 1534.53044511 1568.01133594 1544.10360648 1567.10565042 1562.24373557
 1552.84079876 1560.82943632 1546.46680265 1583.53646364 1547.1571344
 1568.4564862  1550.39842917 1536.05043125 1566.22904228 1553.74121331
 1551.36247771 1569.1115227  1578.53367518 1592.90737227 1585.30448336
 1561.23995724 1572.7357545  1580.79481726 1571.53869327 1576.69892629
 1563.20265214 1580.01235289 1546.73033989 1547.91254633 1562.06075994
 1550.26604219 1586.51083499 1571.17461833 1542.10383964 1568.0483508
 1562.33383919 1583.11949956 1582.1194803  1604.02223211 1572.9154461
 1518.96120885 1511.56603389 1523.90100633 1537.56836449 1511.01481666
 1530.50186653 1516.60995816 1486.62608364 1530.55134689 1498.53960329
 1522.67287155 1528.58449501 1550.39090262 1537.18564655 1576.02107992
 1579.82207256 1572.46146213 1548.43416002 1527.38085055 1531.67864241
 1554.16096775 1533.14691907 1526.22838167 1532.92943357 1497.94966638
 1537.30366479 1538.84898496 1540.33146983 1525.15239265 1523.85769747
 1557.50425817 1557.21182271 1570.74131672 1529.15512721 1526.30051594
 1514.52927401 1524.81845616 1501.01631245 1524.74201285 1544.77879333
 1546.04767218 1538.60307465 1534.69048966 1539.89291507 1549.11293891
 1560.3203645  1523.90658462 1495.32986601 1516.29411502 1508.24542001
 1520.0505604  1532.64380969 1508.92232987 1530.56204275 1521.11440777
 1538.08688744 1555.34332696 1557.2341249  1550.92058709 1562.94157036
 1545.71504129 1533.67959388 1524.60361385 1542.59101508 1559.13373079
 1568.14877738 1574.31352991 1551.86932336 1549.80881685 1546.83439691
 1514.48810017 1548.56281768 1534.19758712 1511.90697086 1509.99030102
 1510.88736951 1500.86221084 1514.53329064 1514.98200909 1540.19790731
 1550.47694737 1548.01081351 1552.82147622 1551.5486589  1553.69207871
 1558.66954246 1564.89007951 1591.33140101 1545.28087775 1549.51806061
 1526.36399148 1553.42191561 1559.04924784 1560.2106079  1570.42278624
 1566.55058877 1574.81993514 1530.14524406 1524.37689716 1560.09837854
 1583.77401183 1556.92657623 1520.83884874 1514.51556734 1528.78661633
 1518.40679641 1543.23717441 1545.1082395  1514.42132117 1511.3483103
 1535.62125941 1536.44021956 1524.21803744 1507.48849155 1559.9087948
 1530.46522421 1560.95395771 1523.61827498 1556.5298406  1538.65199488
 1541.83899477 1535.76183981 1519.46847956 1519.95612    1520.39509006
 1522.04782657 1523.52624447 1551.54376822 1554.0768308  1544.51541401
 1553.09988388 1559.53660731 1541.95932419 1530.51565108 1517.74311833
 1519.72526103 1515.76153854 1516.64561686 1547.97765513 1534.18058626
 1513.36215218 1524.42315297 1515.78879594 1510.21708258 1500.74343271
 1519.07076322 1519.90543453 1526.34173464 1495.2578682  1527.42332609
 1522.19021205 1544.79004399 1575.90026387 1557.85849745 1565.81078411
 1543.9458685  1547.6410526  1538.55896022 1531.63745549 1498.52186529
 1503.35338306 1520.3871886  1497.70824406 1528.5238327  1505.24038553
 1493.45649959 1536.35100289 1515.41199337 1501.62695234 1502.40228424
 1489.9385249  1526.78227868 1501.05445237 1509.0284933  1509.95924265
 1516.52955158 1528.77082087 1507.16973608 1481.28384131 1496.5600031
 1484.19842217 1484.1452877  1494.73131409 1464.63625291 1484.00647194
 1471.64429869 1468.49791933 1462.90970055 1473.54079159 1471.44246179
 1465.65049893 1466.00605972 1454.27972242 1449.7151591  1452.25297443
 1471.55795032 1478.31043393 1454.82759008 1429.61363754 1478.49117614
 1462.83435934 1463.79017494 1475.25142597 1459.21613929 1457.15720908
 1481.16528548 1485.67627053 1440.62659811 1437.15183639 1450.72305
 1472.37320986 1457.57922465 1459.26091208 1432.2128141  1436.83737427
 1442.95469136 1464.464208   1466.56035496 1462.08400157 1440.92644296
 1454.3772746  1452.89791727 1490.1282711  1481.72113096 1449.42231231
 1477.91990383 1491.38517889 1496.38751052 1524.06739091 1492.56004701
 1496.559128   1495.79746545 1496.44548077 1475.96391441 1467.78635894
 1467.88181593 1482.06361278 1448.17510878 1462.77908134 1471.17401533
 1456.97962946 1476.16957223 1470.63774064 1491.76810235 1481.19316622
 1452.96578065 1463.72562811 1456.95243015 1480.15123896 1481.96647285
 1445.45965779 1455.21192198 1495.25403916 1452.50901869 1476.32883755
 1474.8485527  1460.43712089 1446.58178964 1482.957488   1487.45835806
 1462.74667162 1464.16539522 1470.1346129  1456.75947438 1445.01639033
 1491.12914247 1489.99131812 1456.26243671 1475.22017586 1466.42908669
 1441.21280572 1485.33790522 1439.93740994 1437.083775   1455.47668313
 1462.00305659 1435.40484324 1473.46648195 1485.63431666 1462.81817179
 1460.69390593 1467.4767619  1464.13917015 1460.47933585 1451.51801047
 1464.81859545 1440.85355517 1472.65079742 1472.39451468 1485.1892935
 1462.37546326 1451.6981319  1474.80992357 1481.66977546 1446.28580194
 1462.16776428 1483.19007597 1459.52399518 1435.05539148 1487.48483142
 1469.49428379 1491.04695785 1471.2345436  1494.16792205 1492.75906596
 1435.89167076 1457.68921104 1484.48474517 1477.51252728 1470.51897949
 1477.81167102 1450.50423603 1457.45755633 1460.15523252 1455.3741208
 1469.65960318 1467.52710865 1448.45607273 1458.87425849 1454.37568173
 1475.1432352  1453.7440122  1448.36060489 1451.8035354  1454.26405624
 1434.45005559 1470.40219248 1472.61494275 1460.71687178 1449.49669283
 1453.2286254  1498.23279446 1468.4378118  1470.85563847 1468.67830368
 1450.74749917 1444.85721185 1458.52949164 1482.30400831 1483.54243185
 1486.77259721 1485.64336832 1482.74271765 1494.49541917 1477.89343517
 1473.47561554 1485.52459098 1496.74362233 1477.07568303 1483.36602529
 1462.17633271 1481.28810617 1482.03366937 1494.56546141 1506.53877989
 1542.29820019 1541.41997484 1486.82647914 1473.81925048 1456.48383996
 1448.63163807 1464.77310646 1466.74215857 1480.87053392 1473.27243584
 1456.05221677 1439.92165888 1447.2075496  1489.8451081  1475.78468921
 1460.6270615  1476.79533019 1434.23442789 1450.79443646 1449.7729936
 1421.79122878 1448.59659521 1447.08602093 1434.77101849 1446.69042908
 1455.73504264 1444.43112467 1428.27765089 1444.14948725 1438.57714937
 1471.07877854 1476.1448112  1470.19085591 1459.08038062 1445.29949976
 1444.89267337 1460.89208432 1445.21928685 1461.07677204 1451.39036988
 1466.99346987 1468.27769897 1439.81875829 1472.97704493 1438.84492759
 1437.98347099 1459.78656064 1445.69029172 1446.02284652 1483.5825114
 1457.79636294 1480.45713011 1464.59722656 1479.23212976 1462.46428085
 1447.07163407 1448.89943442 1478.52364075 1419.82518682 1420.65831447
 1439.79911516 1446.69582855 1454.85090639 1452.28639915 1461.02138365
 1464.86847882 1458.54829603 1451.09162502 1441.39898503 1482.31601274
 1480.65870314 1428.13664079 1446.74426742 1443.47113585 1450.72573673
 1433.80296777 1475.06845069 1418.07471711 1453.67508102 1463.93246792
 1452.36175131 1428.08779738 1434.64144168 1414.81448855 1441.18044659
 1422.70970533 1436.29142363 1417.16435546 1427.72115855 1435.30018083
 1444.04216754 1442.12505128 1414.19968119 1446.37965858 1431.24639741
 1439.96103789 1394.88102791 1437.97003052 1424.64123987 1431.66130263
 1436.26266164 1443.55419747 1418.08040189 1428.4408469  1422.95994873
 1386.97138318 1410.389231   1404.41902687 1411.87393932 1409.35596078
 1401.42085178 1421.63166969 1460.44512196 1448.64745847 1450.6342472
 1392.78214287 1421.5293817  1397.79077919 1382.89404854 1380.8905954
 1392.5765368  1419.4374006  1417.82943325 1399.9529451  1421.56672088
 1403.8731479  1398.3016369  1382.84370356 1417.74589241 1411.23543785
 1402.3093751  1374.99583221 1377.96115405 1391.56048153 1406.80334054
 1403.97448725 1413.44125356 1389.72127401 1397.04582941 1417.86997881
 1440.01889448 1404.85787834 1441.64946623 1413.66124117 1407.77941944
 1405.0849112  1423.74142168 1419.19202651 1414.71861788 1407.95789328
 1391.86061311 1412.563991   1419.98308376 1422.45867593 1448.57279248
 1451.53503332 1441.8352063  1410.29483814 1390.67232666 1424.46931868
 1423.8816224  1388.07566597 1399.87898607 1371.74361073 1405.08242912
 1401.87904962 1403.45671459 1446.44178593 1421.7056976  1415.04402254
 1425.49903742 1406.6067824  1404.86568944 1445.23561399 1445.44007863
 1447.63280518 1426.00874407 1404.42383166 1435.01472982 1436.14153119
 1418.20614386 1413.35786332 1410.97645159 1414.49898801 1401.03968917
 1435.27391976 1450.44159909 1442.27911844 1434.15600708 1439.38274264
 1454.22842485 1405.31630018 1394.58634099 1427.49742124 1426.39786383
 1462.78968041 1434.88703373 1412.40101598 1411.83934117 1417.80795874
 1395.24865568 1406.09888451 1408.7079494  1400.38462196 1389.72307721
 1404.44661391 1423.04439997 1401.47418162 1442.19343496 1474.02136467
 1469.1854665  1433.6777135  1412.02814974 1393.59982843 1415.78977752
 1394.7601003  1387.79662761 1379.31865771 1400.84135534 1420.69014769
 1420.41199661 1436.55128147 1405.6389625  1424.84471026 1404.89855887
 1401.12856673 1439.28924278 1405.50950711 1408.91579761 1390.34601145
 1399.00201696 1410.84265717 1422.65917886 1410.85371629 1420.52264969
 1415.28448665 1408.50424599 1423.28320351 1413.11292097 1388.30127956
 1405.77545976 1382.39219171 1404.56810686 1432.43179233 1433.31959502
 1407.58220612 1431.48627288 1367.26545242 1380.87516299 1389.92709213
 1423.8188783  1409.40827402 1423.26556399 1385.05290244 1408.53865973
 1386.30881737 1411.34188371 1401.85978858 1405.9909555  1375.84481223
 1380.55608959 1418.43590909 1388.60386439 1425.08057554 1427.43838068
 1410.92068901 1397.71167558 1403.71413919 1415.93882734 1408.04260177
 1451.81524171 1472.64296257 1432.76625119 1419.70354681 1381.43914487
 1392.79784787 1406.97681853 1419.14978791 1399.94278576 1424.37851009
 1413.80463636 1387.5024548  1383.02851524 1396.13534308 1401.14103005
 1414.33329447 1383.23693733 1387.20765511 1393.76996336 1403.85119156
 1416.8737048  1405.29231205 1415.33239201 1386.23817121 1396.79499426
 1413.81520794 1391.20386905 1373.82010873 1373.88648897 1386.73305457
 1381.65229331 1378.50863351 1406.92852671 1409.29730766 1413.22773189
 1408.18303248 1384.66086449 1400.21171056 1398.79979184 1411.64006705
 1407.92620659 1462.54756409 1406.77387981 1393.29136097 1386.85365002
 1372.95279984 1390.95018453 1404.46749375 1375.85257283 1387.51642635
 1395.5739397  1402.2980291  1414.12587176 1434.75881641 1432.96160846
 1401.59106534 1374.83788009 1398.04082639 1399.09238498 1409.10641994
 1388.01996801 1402.77101151 1393.8057529  1401.28400543 1419.38220666
 1434.9816711  1401.97622139 1390.39407159 1387.47667511 1396.00735812
 1396.76738315 1395.92150068 1412.56747544 1386.64751801 1398.31105758
 1405.98132734 1406.57155011 1396.85777244 1396.06847845 1382.82161687
 1380.96664733 1360.65804761 1380.04880185 1397.92308923 1409.13739636
 1395.71947401 1390.28069191 1366.35287915 1392.15656541 1401.75927911
 1385.02550453 1381.50704468 1366.26921892 1405.62314502 1375.35161252
 1391.72516634] 

Feasible stats: [(  0.,   0.) (  0., 100.) (  0., 100.) ( 50.,  50.) ( 50.,  50.)
 ( 58.,  42.) ( 58.,  42.) ( 49.,  51.) ( 49.,  51.) ( 46.,  54.)
 ( 46.,  54.) ( 43.,  57.) ( 43.,  57.) ( 54.,  46.) ( 54.,  46.)
 ( 70.,  30.) ( 70.,  30.) ( 64.,  36.) ( 64.,  36.) ( 53.,  47.)
 ( 53.,  47.) ( 48.,  52.) ( 48.,  52.) ( 60.,  40.) ( 60.,  40.)
 ( 67.,  33.) ( 67.,  33.) ( 58.,  42.) ( 58.,  42.) ( 48.,  52.)
 ( 48.,  52.) ( 66.,  34.) ( 66.,  34.) ( 52.,  48.) ( 52.,  48.)
 ( 58.,  42.) ( 58.,  42.) ( 49.,  51.) ( 49.,  51.) ( 51.,  49.)
 ( 51.,  49.) ( 67.,  33.) ( 67.,  33.) ( 78.,  22.) ( 78.,  22.)
 ( 75.,  25.) ( 75.,  25.) ( 82.,  18.) ( 82.,  18.) ( 71.,  29.)
 ( 71.,  29.) ( 74.,  26.) ( 74.,  26.) ( 77.,  23.) ( 77.,  23.)
 ( 70.,  30.) ( 70.,  30.) ( 75.,  25.) ( 75.,  25.) ( 68.,  32.)
 ( 68.,  32.) ( 76.,  24.) ( 76.,  24.) ( 84.,  16.) ( 84.,  16.)
 ( 80.,  20.) ( 80.,  20.) ( 83.,  17.) ( 83.,  17.) ( 93.,   7.)
 ( 93.,   7.) ( 82.,  18.) ( 82.,  18.) ( 78.,  22.) ( 78.,  22.)
 ( 79.,  21.) ( 79.,  21.) ( 81.,  19.) ( 81.,  19.) ( 77.,  23.)
 ( 77.,  23.) ( 70.,  30.) ( 70.,  30.) ( 81.,  19.) ( 81.,  19.)
 ( 86.,  14.) ( 86.,  14.) ( 93.,   7.) ( 93.,   7.) ( 95.,   5.)
 ( 95.,   5.) ( 94.,   6.) ( 94.,   6.) ( 91.,   9.) ( 91.,   9.)
 ( 83.,  17.) ( 83.,  17.) ( 86.,  14.) ( 86.,  14.) ( 90.,  10.)
 ( 90.,  10.) ( 90.,  10.) ( 90.,  10.) ( 91.,   9.) ( 91.,   9.)
 ( 78.,  22.) ( 78.,  22.) ( 82.,  18.) ( 82.,  18.) ( 78.,  22.)
 ( 78.,  22.) ( 88.,  12.) ( 88.,  12.) ( 92.,   8.) ( 92.,   8.)
 ( 88.,  12.) ( 88.,  12.) ( 83.,  17.) ( 83.,  17.) ( 77.,  23.)
 ( 77.,  23.) ( 84.,  16.) ( 84.,  16.) ( 86.,  14.) ( 86.,  14.)
 ( 73.,  27.) ( 73.,  27.) ( 71.,  29.) ( 71.,  29.) ( 59.,  41.)
 ( 59.,  41.) ( 47.,  53.) ( 47.,  53.) ( 63.,  37.) ( 63.,  37.)
 ( 68.,  32.) ( 68.,  32.) ( 80.,  20.) ( 80.,  20.) ( 78.,  22.)
 ( 78.,  22.) ( 87.,  13.) ( 87.,  13.) ( 90.,  10.) ( 90.,  10.)
 ( 85.,  15.) ( 85.,  15.) ( 86.,  14.) ( 86.,  14.) ( 91.,   9.)
 ( 91.,   9.) ( 84.,  16.) ( 84.,  16.) ( 83.,  17.) ( 83.,  17.)
 ( 89.,  11.) ( 89.,  11.) ( 88.,  12.) ( 88.,  12.) ( 85.,  15.)
 ( 85.,  15.) ( 85.,  15.) ( 85.,  15.) ( 77.,  23.) ( 77.,  23.)
 ( 85.,  15.) ( 85.,  15.) ( 81.,  19.) ( 81.,  19.) ( 73.,  27.)
 ( 73.,  27.) ( 58.,  42.) ( 58.,  42.) ( 47.,  53.) ( 47.,  53.)
 ( 49.,  51.) ( 49.,  51.) ( 55.,  45.) ( 55.,  45.) ( 55.,  45.)
 ( 55.,  45.) ( 55.,  45.) ( 55.,  45.) ( 56.,  44.) ( 56.,  44.)
 ( 57.,  43.) ( 57.,  43.) ( 60.,  40.) ( 60.,  40.) ( 63.,  37.)
 ( 63.,  37.) ( 72.,  28.) ( 72.,  28.) ( 66.,  34.) ( 66.,  34.)
 ( 74.,  26.) ( 74.,  26.) ( 76.,  24.) ( 76.,  24.) ( 83.,  17.)
 ( 83.,  17.) ( 82.,  18.) ( 82.,  18.) ( 83.,  17.) ( 83.,  17.)
 ( 82.,  18.) ( 82.,  18.) ( 88.,  12.) ( 88.,  12.) ( 94.,   6.)
 ( 94.,   6.) ( 91.,   9.) ( 91.,   9.) ( 90.,  10.) ( 90.,  10.)
 ( 89.,  11.) ( 89.,  11.) ( 88.,  12.) ( 88.,  12.) ( 91.,   9.)
 ( 91.,   9.) ( 94.,   6.) ( 94.,   6.) ( 95.,   5.) ( 95.,   5.)
 ( 97.,   3.) ( 97.,   3.) ( 94.,   6.) ( 94.,   6.) ( 92.,   8.)
 ( 92.,   8.) ( 95.,   5.) ( 95.,   5.) ( 96.,   4.) ( 96.,   4.)
 ( 89.,  11.) ( 89.,  11.) ( 89.,  11.) ( 89.,  11.) ( 92.,   8.)
 ( 92.,   8.) ( 96.,   4.) ( 96.,   4.) ( 93.,   7.) ( 93.,   7.)
 ( 94.,   6.) ( 94.,   6.) ( 93.,   7.) ( 93.,   7.) ( 89.,  11.)
 ( 89.,  11.) ( 96.,   4.) ( 96.,   4.) ( 99.,   1.) ( 99.,   1.)
 ( 98.,   2.) ( 98.,   2.) ( 93.,   7.) ( 93.,   7.) ( 92.,   8.)
 ( 92.,   8.) ( 93.,   7.) ( 93.,   7.) ( 89.,  11.) ( 89.,  11.)
 ( 94.,   6.) ( 94.,   6.) ( 92.,   8.) ( 92.,   8.) ( 93.,   7.)
 ( 93.,   7.) ( 89.,  11.) ( 89.,  11.) ( 89.,  11.) ( 89.,  11.)
 ( 93.,   7.) ( 93.,   7.) ( 90.,  10.) ( 90.,  10.) ( 86.,  14.)
 ( 86.,  14.) ( 90.,  10.) ( 90.,  10.) ( 92.,   8.) ( 92.,   8.)
 ( 88.,  12.) ( 88.,  12.) ( 97.,   3.) ( 97.,   3.) ( 96.,   4.)
 ( 96.,   4.) ( 92.,   8.) ( 92.,   8.) ( 95.,   5.) ( 95.,   5.)
 ( 91.,   9.) ( 91.,   9.) ( 91.,   9.) ( 91.,   9.) ( 88.,  12.)
 ( 88.,  12.) ( 89.,  11.) ( 89.,  11.) ( 92.,   8.) ( 92.,   8.)
 ( 96.,   4.) ( 96.,   4.) ( 95.,   5.) ( 95.,   5.) ( 92.,   8.)
 ( 92.,   8.) ( 83.,  17.) ( 83.,  17.) ( 94.,   6.) ( 94.,   6.)
 ( 94.,   6.) ( 94.,   6.) ( 98.,   2.) ( 98.,   2.) ( 94.,   6.)
 ( 94.,   6.) ( 90.,  10.) ( 90.,  10.) ( 95.,   5.) ( 95.,   5.)
 ( 94.,   6.) ( 94.,   6.) ( 95.,   5.) ( 95.,   5.) ( 91.,   9.)
 ( 91.,   9.) ( 95.,   5.) ( 95.,   5.) ( 99.,   1.) ( 99.,   1.)
 ( 95.,   5.) ( 95.,   5.) ( 94.,   6.) ( 94.,   6.) ( 89.,  11.)
 ( 89.,  11.) ( 94.,   6.) ( 94.,   6.) ( 93.,   7.) ( 93.,   7.)
 ( 90.,  10.) ( 90.,  10.) ( 93.,   7.) ( 93.,   7.) ( 92.,   8.)
 ( 92.,   8.) ( 91.,   9.) ( 91.,   9.) ( 91.,   9.) ( 91.,   9.)
 ( 94.,   6.) ( 94.,   6.) ( 95.,   5.) ( 95.,   5.) ( 91.,   9.)
 ( 91.,   9.) ( 85.,  15.) ( 85.,  15.) ( 92.,   8.) ( 92.,   8.)
 ( 93.,   7.) ( 93.,   7.) ( 86.,  14.) ( 86.,  14.) ( 90.,  10.)
 ( 90.,  10.) ( 95.,   5.) ( 95.,   5.) ( 90.,  10.) ( 90.,  10.)
 ( 83.,  17.) ( 83.,  17.) ( 83.,  17.) ( 83.,  17.) ( 98.,   2.)
 ( 98.,   2.) ( 91.,   9.) ( 91.,   9.) ( 88.,  12.) ( 88.,  12.)
 ( 97.,   3.) ( 97.,   3.) ( 96.,   4.) ( 96.,   4.) ( 99.,   1.)
 ( 99.,   1.) ( 94.,   6.) ( 94.,   6.) ( 94.,   6.) ( 94.,   6.)
 ( 93.,   7.) ( 93.,   7.) ( 94.,   6.) ( 94.,   6.) ( 93.,   7.)
 ( 93.,   7.) ( 84.,  16.) ( 84.,  16.) ( 87.,  13.) ( 87.,  13.)
 ( 89.,  11.) ( 89.,  11.) ( 92.,   8.) ( 92.,   8.) ( 91.,   9.)
 ( 91.,   9.) ( 83.,  17.) ( 83.,  17.) ( 87.,  13.) ( 87.,  13.)
 ( 90.,  10.) ( 90.,  10.) ( 93.,   7.) ( 93.,   7.) ( 87.,  13.)
 ( 87.,  13.) ( 95.,   5.) ( 95.,   5.) ( 94.,   6.) ( 94.,   6.)
 ( 92.,   8.) ( 92.,   8.) ( 92.,   8.) ( 92.,   8.) ( 94.,   6.)
 ( 94.,   6.) ( 91.,   9.) ( 91.,   9.) ( 89.,  11.) ( 89.,  11.)
 ( 92.,   8.) ( 92.,   8.) ( 88.,  12.) ( 88.,  12.) ( 94.,   6.)
 ( 94.,   6.) ( 97.,   3.) ( 97.,   3.) ( 94.,   6.) ( 94.,   6.)
 ( 95.,   5.) ( 95.,   5.) ( 95.,   5.) ( 95.,   5.) ( 96.,   4.)
 ( 96.,   4.) ( 94.,   6.) ( 94.,   6.) ( 89.,  11.) ( 89.,  11.)
 ( 84.,  16.) ( 84.,  16.) ( 77.,  23.) ( 77.,  23.) ( 75.,  25.)
 ( 75.,  25.) ( 70.,  30.) ( 70.,  30.) ( 57.,  43.) ( 57.,  43.)
 ( 47.,  53.) ( 47.,  53.) ( 63.,  37.) ( 63.,  37.) ( 88.,  12.)
 ( 88.,  12.) ( 90.,  10.) ( 90.,  10.) ( 90.,  10.) ( 90.,  10.)
 ( 91.,   9.) ( 91.,   9.) ( 92.,   8.) ( 92.,   8.) ( 95.,   5.)
 ( 95.,   5.) ( 91.,   9.) ( 91.,   9.) ( 95.,   5.) ( 95.,   5.)
 ( 91.,   9.) ( 91.,   9.) ( 91.,   9.) ( 91.,   9.) ( 95.,   5.)
 ( 95.,   5.) ( 89.,  11.) ( 89.,  11.) ( 88.,  12.) ( 88.,  12.)
 ( 96.,   4.) ( 96.,   4.) ( 94.,   6.) ( 94.,   6.) ( 97.,   3.)
 ( 97.,   3.) ( 96.,   4.) ( 96.,   4.) ( 91.,   9.) ( 91.,   9.)
 ( 95.,   5.) ( 95.,   5.) ( 94.,   6.) ( 94.,   6.) ( 87.,  13.)
 ( 87.,  13.) ( 93.,   7.) ( 93.,   7.) ( 89.,  11.) ( 89.,  11.)
 ( 89.,  11.) ( 89.,  11.) ( 85.,  15.) ( 85.,  15.) ( 87.,  13.)
 ( 87.,  13.) ( 86.,  14.) ( 86.,  14.) ( 89.,  11.) ( 89.,  11.)
 ( 91.,   9.) ( 91.,   9.) ( 92.,   8.) ( 92.,   8.) ( 86.,  14.)
 ( 86.,  14.) ( 90.,  10.) ( 90.,  10.) ( 93.,   7.) ( 93.,   7.)
 ( 96.,   4.) ( 96.,   4.) ( 92.,   8.) ( 92.,   8.) ( 94.,   6.)
 ( 94.,   6.) ( 94.,   6.) ( 94.,   6.) ( 89.,  11.) ( 89.,  11.)
 ( 92.,   8.) ( 92.,   8.) ( 97.,   3.) ( 97.,   3.) ( 93.,   7.)
 ( 93.,   7.) ( 93.,   7.) ( 93.,   7.) ( 87.,  13.) ( 87.,  13.)
 ( 89.,  11.) ( 89.,  11.) ( 92.,   8.) ( 92.,   8.) ( 94.,   6.)
 ( 94.,   6.) ( 90.,  10.) ( 90.,  10.) ( 93.,   7.) ( 93.,   7.)
 ( 94.,   6.) ( 94.,   6.) ( 91.,   9.) ( 91.,   9.) ( 93.,   7.)
 ( 93.,   7.) ( 92.,   8.) ( 92.,   8.) ( 88.,  12.) ( 88.,  12.)
 ( 90.,  10.) ( 90.,  10.) ( 94.,   6.) ( 94.,   6.) ( 95.,   5.)
 ( 95.,   5.) ( 90.,  10.) ( 90.,  10.) ( 89.,  11.) ( 89.,  11.)
 ( 93.,   7.) ( 93.,   7.) ( 95.,   5.) ( 95.,   5.) ( 93.,   7.)
 ( 93.,   7.) ( 92.,   8.) ( 92.,   8.) ( 95.,   5.) ( 95.,   5.)
 ( 94.,   6.) ( 94.,   6.) ( 93.,   7.) ( 93.,   7.) ( 96.,   4.)
 ( 96.,   4.) ( 95.,   5.) ( 95.,   5.) ( 97.,   3.) ( 97.,   3.)
 ( 94.,   6.) ( 94.,   6.) ( 90.,  10.) ( 90.,  10.) ( 95.,   5.)
 ( 95.,   5.) ( 91.,   9.) ( 91.,   9.) ( 93.,   7.) ( 93.,   7.)
 ( 90.,  10.) ( 90.,  10.) ( 93.,   7.) ( 93.,   7.) ( 87.,  13.)
 ( 87.,  13.) ( 93.,   7.) ( 93.,   7.) ( 93.,   7.) ( 93.,   7.)
 ( 88.,  12.) ( 88.,  12.) ( 81.,  19.) ( 81.,  19.) ( 90.,  10.)
 ( 90.,  10.) ( 92.,   8.) ( 92.,   8.) ( 88.,  12.) ( 88.,  12.)
 ( 88.,  12.) ( 88.,  12.) ( 86.,  14.) ( 86.,  14.) ( 93.,   7.)
 ( 93.,   7.) ( 90.,  10.) ( 90.,  10.) ( 92.,   8.) ( 92.,   8.)
 ( 89.,  11.) ( 89.,  11.) ( 95.,   5.) ( 95.,   5.) ( 92.,   8.)
 ( 92.,   8.) ( 92.,   8.) ( 92.,   8.) ( 94.,   6.) ( 94.,   6.)
 ( 95.,   5.) ( 95.,   5.) ( 95.,   5.) ( 95.,   5.) ( 92.,   8.)
 ( 92.,   8.) ( 94.,   6.) ( 94.,   6.) ( 95.,   5.) ( 95.,   5.)
 ( 90.,  10.) ( 90.,  10.) ( 96.,   4.) ( 96.,   4.) ( 89.,  11.)
 ( 89.,  11.) ( 92.,   8.) ( 92.,   8.) ( 91.,   9.) ( 91.,   9.)
 ( 95.,   5.) ( 95.,   5.) ( 91.,   9.) ( 91.,   9.) ( 94.,   6.)
 ( 94.,   6.) ( 91.,   9.) ( 91.,   9.) ( 86.,  14.) ( 86.,  14.)
 ( 86.,  14.) ( 86.,  14.) ( 86.,  14.) ( 86.,  14.) ( 88.,  12.)
 ( 88.,  12.) ( 92.,   8.) ( 92.,   8.) ( 86.,  14.) ( 86.,  14.)
 ( 89.,  11.) ( 89.,  11.) ( 94.,   6.) ( 94.,   6.) ( 97.,   3.)
 ( 97.,   3.) ( 95.,   5.) ( 95.,   5.) ( 86.,  14.) ( 86.,  14.)
 ( 91.,   9.) ( 91.,   9.) ( 95.,   5.) ( 95.,   5.) ( 93.,   7.)
 ( 93.,   7.) ( 93.,   7.) ( 93.,   7.) ( 93.,   7.) ( 93.,   7.)
 ( 97.,   3.) ( 97.,   3.) ( 87.,  13.) ( 87.,  13.) ( 91.,   9.)
 ( 91.,   9.) ( 93.,   7.) ( 93.,   7.) ( 93.,   7.) ( 93.,   7.)
 ( 94.,   6.) ( 94.,   6.) ( 96.,   4.) ( 96.,   4.) ( 95.,   5.)
 ( 95.,   5.) ( 92.,   8.) ( 92.,   8.) ( 89.,  11.) ( 89.,  11.)
 ( 88.,  12.) ( 88.,  12.) ( 93.,   7.) ( 93.,   7.) ( 92.,   8.)
 ( 92.,   8.) ( 95.,   5.) ( 95.,   5.) ( 97.,   3.) ( 97.,   3.)
 ( 95.,   5.) ( 95.,   5.) ( 93.,   7.) ( 93.,   7.) ( 87.,  13.)
 ( 87.,  13.) ( 93.,   7.) ( 93.,   7.) ( 92.,   8.) ( 92.,   8.)
 ( 96.,   4.) ( 96.,   4.) ( 90.,  10.) ( 90.,  10.) ( 94.,   6.)
 ( 94.,   6.) ( 93.,   7.) ( 93.,   7.) ( 94.,   6.) ( 94.,   6.)
 ( 94.,   6.) ( 94.,   6.) ( 95.,   5.) ( 95.,   5.) ( 94.,   6.)
 ( 94.,   6.) ( 96.,   4.) ( 96.,   4.) ( 96.,   4.) ( 96.,   4.)
 ( 90.,  10.) ( 90.,  10.) ( 87.,  13.) ( 87.,  13.) ( 93.,   7.)
 ( 93.,   7.) ( 93.,   7.) ( 93.,   7.) ( 90.,  10.) ( 90.,  10.)
 ( 95.,   5.) ( 95.,   5.) ( 94.,   6.) ( 94.,   6.) ( 91.,   9.)
 ( 91.,   9.) ( 95.,   5.) ( 95.,   5.) ( 92.,   8.) ( 92.,   8.)
 ( 89.,  11.) ( 89.,  11.) ( 96.,   4.) ( 96.,   4.) ( 92.,   8.)
 ( 92.,   8.) ( 97.,   3.) ( 97.,   3.) ( 92.,   8.) ( 92.,   8.)
 ( 93.,   7.) ( 93.,   7.) ( 83.,  17.) ( 83.,  17.) ( 89.,  11.)
 ( 89.,  11.) ( 94.,   6.) ( 94.,   6.) ( 89.,  11.) ( 89.,  11.)
 ( 93.,   7.) ( 93.,   7.) ( 87.,  13.) ( 87.,  13.) (100.,   0.)
 (100.,   0.) ( 94.,   6.) ( 94.,   6.) ( 90.,  10.) ( 90.,  10.)
 ( 89.,  11.) ( 89.,  11.) ( 93.,   7.) ( 93.,   7.) ( 93.,   7.)
 ( 93.,   7.) ( 91.,   9.) ( 91.,   9.) ( 89.,  11.) ( 89.,  11.)
 ( 96.,   4.) ( 96.,   4.) ( 95.,   5.) ( 95.,   5.) ( 97.,   3.)
 ( 97.,   3.) ( 89.,  11.) ( 89.,  11.) ( 86.,  14.) ( 86.,  14.)
 ( 87.,  13.) ( 87.,  13.) ( 86.,  14.) ( 86.,  14.) ( 92.,   8.)
 ( 92.,   8.) ( 94.,   6.) ( 94.,   6.) ( 94.,   6.) ( 94.,   6.)
 ( 92.,   8.) ( 92.,   8.) ( 90.,  10.) ( 90.,  10.) ( 93.,   7.)
 ( 93.,   7.) ( 95.,   5.) ( 95.,   5.) ( 85.,  15.) ( 85.,  15.)
 ( 92.,   8.) ( 92.,   8.) ( 95.,   5.) ( 95.,   5.) ( 91.,   9.)
 ( 91.,   9.) ( 85.,  15.) ( 85.,  15.) ( 92.,   8.) ( 92.,   8.)
 ( 91.,   9.) ( 91.,   9.) ( 92.,   8.) ( 92.,   8.) ( 86.,  14.)
 ( 86.,  14.) ( 93.,   7.) ( 93.,   7.) ( 95.,   5.) ( 95.,   5.)
 ( 95.,   5.) ( 95.,   5.) ( 86.,  14.) ( 86.,  14.) ( 91.,   9.)
 ( 91.,   9.) ( 89.,  11.) ( 89.,  11.) ( 93.,   7.) ( 93.,   7.)
 ( 93.,   7.) ( 93.,   7.) ( 91.,   9.) ( 91.,   9.) ( 94.,   6.)
 ( 94.,   6.) ( 90.,  10.) ( 90.,  10.) ( 92.,   8.) ( 92.,   8.)
 ( 95.,   5.) ( 95.,   5.) ( 91.,   9.) ( 91.,   9.) ( 93.,   7.)
 ( 93.,   7.) ( 86.,  14.) ( 86.,  14.) ( 92.,   8.) ( 92.,   8.)
 ( 94.,   6.) ( 94.,   6.) ( 95.,   5.) ( 95.,   5.) ( 91.,   9.)
 ( 91.,   9.) ( 96.,   4.) ( 96.,   4.) ( 93.,   7.) ( 93.,   7.)
 ( 95.,   5.) ( 95.,   5.) ( 92.,   8.) ( 92.,   8.) ( 91.,   9.)
 ( 91.,   9.) ( 88.,  12.) ( 88.,  12.) ( 91.,   9.) ( 91.,   9.)
 ( 95.,   5.) ( 95.,   5.) ( 94.,   6.) ( 94.,   6.) ( 95.,   5.)
 ( 95.,   5.) ( 90.,  10.) ( 90.,  10.) ( 89.,  11.) ( 89.,  11.)
 ( 91.,   9.) ( 91.,   9.) ( 83.,  17.) ( 83.,  17.) ( 94.,   6.)
 ( 94.,   6.) ( 94.,   6.) ( 94.,   6.) ( 93.,   7.) ( 93.,   7.)
 ( 93.,   7.) ( 93.,   7.) ( 96.,   4.) ( 96.,   4.) ( 92.,   8.)
 ( 92.,   8.) ( 90.,  10.) ( 90.,  10.) ( 92.,   8.) ( 92.,   8.)
 ( 92.,   8.) ( 92.,   8.) ( 90.,  10.) ( 90.,  10.) ( 93.,   7.)
 ( 93.,   7.) ( 90.,  10.) ( 90.,  10.) ( 86.,  14.) ( 86.,  14.)
 ( 94.,   6.) ( 94.,   6.) ( 94.,   6.) ( 94.,   6.) ( 89.,  11.)
 ( 89.,  11.) ( 85.,  15.) ( 85.,  15.) ( 92.,   8.) ( 92.,   8.)
 ( 94.,   6.) ( 94.,   6.) ( 95.,   5.) ( 95.,   5.) ( 93.,   7.)
 ( 93.,   7.) ( 95.,   5.) ( 95.,   5.) ( 96.,   4.) ( 96.,   4.)
 ( 98.,   2.) ( 98.,   2.) ( 97.,   3.) ( 97.,   3.) ( 96.,   4.)
 ( 96.,   4.)] 
Solution Description: 
p: [  0.          13.68141235  50.41786346  53.99759336  54.04272089
  88.59000027 138.92055236 179.76102044 179.8954876  197.43102876
 197.43223129   0.          11.41460818  22.58786447  61.89876561
  67.59055854  91.04934598 156.73997414 192.00288707 227.20120219
 234.42354399 253.1009302  382.49757835 411.14303723   0.
 129.13692659 144.70329008 144.97023529 172.15925116 256.0358696
 256.49632252 266.06297158 272.94510954 336.447458   354.26022233
 359.89718656 430.54415839 432.27886404   0.          26.15383911
  35.49958378  73.42637596  87.37660697 117.4464521  117.47202135
 126.96465857 172.68795364 179.49920865 190.47621759 204.16631304
 216.83090914 251.47881705] 
pred: [0 0 0 0 0 4 4 4 4 8 8 0 0 0 0 0 0 5 5 5 5 9 9 9 0 0 0 0 0 0 0 0 0 8 8 8 8
 8 0 0 0 0 0 0 0 0 7 7 7 7 7 7] 
distance [  0.          13.68141235  50.41786346  53.99759336  54.04272089
  34.54727937  84.87783147 125.71829955 125.8527667   17.53554117
  17.53674369   0.          11.41460818  22.58786447  61.89876561
  67.59055854  91.04934598  65.69062816 100.9535411  136.15185621
 143.37419801  18.67738622 148.07403436 176.71949325   0.
 129.13692659 144.70329008 144.97023529 172.15925116 256.0358696
 256.49632252 266.06297158 272.94510954  63.50234846  81.31511279
  86.95207702 157.59904885 159.3337545    0.          26.15383911
  35.49958378  73.42637596  87.37660697 117.4464521  117.47202135
 126.96465857  45.72329507  52.53455008  63.51155902  77.20165447
  89.86625057 124.51415848]
load: [  0  14  24  27  43  13  35  45  52  13  24   0  18  43  48  64  80   8
  18  27  48  22  41  65   0   9  28  44  49  52  61  73  98  20  40  52
  57  74   0  13  21  25  39  45  59  72  21  40  46  71  86 101] 
time: [  0.         159.         200.         216.17438854 456.
  80.         115.34683757 414.         450.70819144 170.
 322.           0.          90.         130.         160.
 389.         429.23624841 203.         321.         360.13513231
 419.58800002 182.         253.25133471 459.           0.
 108.         140.15799758 192.         233.04333374 319.
 387.22169751 414.22246044 446.         198.         215.24054306
 317.         444.         473.95303324   0.         207.
 246.16715731 274.57064863 329.         352.76536142 378.
 422.56770213 115.         308.         325.46934669 414.
 443.         485.92676098] 
time warps: [0 0 0 0 0 0 0 0 0 0 0 0 0 0 0 0 0 0 0 0 0 0 0 0 0 0 0 0 0 0 0 0 0 0 0 0 0
 0 0 0 0 0 0 0 0 0 0 0 0 0 0 0] 
duration: [  0.          17.68141235  76.61922422  84.19895411 320.68342895
  41.54727937 116.87783147 410.37249982 414.50696698  23.53554117
 170.90952231   0.          12.41460818  64.77686183 122.28197165
 358.12275598 404.58154342  75.69062816 213.2248185  254.42313362
 284.64547541  24.67738622 171.07403436 366.72088391   0.
 131.13692659 167.70329008 193.01987139 244.20888726 361.10328518
 377.5637381  389.13038716 426.10281899  71.50234846  94.31511279
 188.48012876 340.57648414 357.31118979   0.          48.15383911
  64.49958378 125.42637596 166.54567644 198.61552157 227.50111143
 246.99374864  55.72329507 251.32425496 272.3012639  360.05582284
 403.26861412 455.91652202]

All individuals: [(6, [10, 12, 13, 13, 35, 31, 44, 32,  9, 42, 48, 11,  7, 37, 10, 45,  6,  3, 27, 41, 36, 28, 22, 34, 46, 43, 13, 33, 20,  4, 19, 14,  1, 16, 29,  8,  5, 17, 18, 39,  2, 15, 25, 26, 23, 30, 47, 24, 12, 21, 38, 40], 1292.3329496 , 1292.3329496 , 0., 0.        , 0.        , 0., 0, 0, 0.)
 (6, [10, 12, 13, 13, 35, 31, 44, 32,  9, 42, 48, 11,  7, 37, 10, 45,  6,  3, 27, 41, 36, 28, 22, 34, 46, 43, 13, 33, 20,  4, 19, 14,  1, 16, 29,  8,  5, 17, 18, 39,  2, 15, 25, 26, 23, 30, 47, 24, 12, 21, 38, 40], 1292.3329496 , 1292.3329496 , 0., 0.        , 0.        , 0., 0, 0, 0.)
 (6, [10, 12, 13, 13, 35, 31, 44, 32,  9, 42, 48, 11,  7, 37, 10, 45,  6,  3, 27, 41, 36, 28, 22, 34, 46, 43, 13, 33, 20,  4, 19, 14,  1, 16, 29,  8,  5, 17, 18, 39,  2, 15, 25, 26, 23, 30, 47, 24, 12, 21, 38, 40], 1292.3329496 , 1292.3329496 , 0., 0.        , 0.        , 0., 0, 0, 0.)
 (6, [10, 12, 13, 13, 35, 31, 44, 32,  9, 42, 48, 11,  7, 37, 10, 45,  6,  3, 27, 41, 36, 28, 22, 34, 46, 43, 13, 33, 20,  4, 19, 14,  1, 16, 29,  8,  5, 17, 18, 39,  2, 15, 25, 26, 23, 30, 47, 24, 12, 21, 38, 40], 1292.3329496 , 1292.3329496 , 0., 0.        , 0.        , 0., 0, 0, 0.)
 (6, [10, 12, 13, 13, 35, 31, 44, 32,  9, 42, 48, 11,  7, 37, 10, 45,  6,  3, 27, 41, 36, 28, 22, 34, 46, 43, 13, 33, 20,  4, 19, 14,  1, 16, 29,  8,  5, 17, 18, 39,  2, 15, 25, 26, 23, 30, 47, 24, 12, 21, 38, 40], 1292.3329496 , 1292.3329496 , 0., 0.        , 0.        , 0., 0, 0, 0.)
 (6, [10, 12, 13, 13, 35, 31, 44, 32,  9, 42, 48, 11,  7, 37, 10, 45,  6,  3, 27, 41, 36, 28, 22, 34, 46, 43, 13, 33, 20,  4, 19, 14,  1, 16, 29,  8,  5, 17, 18, 39,  2, 15, 25, 26, 23, 30, 47, 24, 12, 21, 38, 40], 1292.3329496 , 1292.3329496 , 0., 0.        , 0.        , 0., 0, 0, 0.)
 (6, [10, 12, 13, 13, 35, 31, 44, 32,  9, 42, 48, 11,  7, 37, 10, 45,  6,  3, 27, 41, 36, 28, 22, 34, 46, 43, 13, 33, 20,  4, 19, 14,  1, 16, 29,  8,  5, 17, 18, 39,  2, 15, 25, 26, 23, 30, 47, 24, 12, 21, 38, 40], 1292.3329496 , 1292.3329496 , 0., 0.        , 0.        , 0., 0, 0, 0.)
 (6, [10, 12, 13, 13, 35, 31, 44, 32,  9, 42, 48, 11,  7, 37, 10, 45,  6,  3, 27, 41, 36, 28, 22, 34, 46, 43, 13, 33, 20,  4, 19, 14,  1, 16, 29,  8,  5, 17, 18, 39,  2, 15, 25, 26, 23, 30, 47, 24, 12, 21, 38, 40], 1292.3329496 , 1292.3329496 , 0., 0.        , 0.        , 0., 0, 0, 0.)
 (6, [10, 12, 13, 13, 35, 31, 44, 32,  9, 42, 48, 11,  7, 37, 10, 45,  6,  3, 27, 41, 36, 28, 22, 34, 46, 43, 13, 33, 20,  4, 19, 14,  1, 16, 29,  8,  5, 17, 18, 39,  2, 15, 25, 26, 23, 30, 47, 24, 12, 21, 38, 40], 1292.3329496 , 1292.3329496 , 0., 0.        , 0.        , 0., 0, 0, 0.)
 (6, [10, 12, 13, 13, 35, 31, 44, 32,  9, 42, 48, 11,  7, 37, 10, 45,  6,  3, 27, 41, 36, 28, 22, 34, 46, 43, 13, 33, 20,  4, 19, 14,  1, 16, 29,  8,  5, 17, 18, 39,  2, 15, 25, 26, 23, 30, 47, 24, 12, 21, 38, 40], 1292.3329496 , 1292.3329496 , 0., 0.        , 0.        , 0., 0, 0, 0.)
 (6, [10, 12, 13, 13, 35, 31, 44, 32,  9, 42, 48, 11,  7, 37, 10, 45,  6,  3, 27, 41, 36, 28, 22, 34, 46, 43, 13, 33, 20,  4, 19, 14,  1, 16, 29,  8,  5, 17, 18, 39,  2, 15, 25, 26, 23, 30, 47, 24, 12, 21, 38, 40], 1292.3329496 , 1292.3329496 , 0., 0.        , 0.        , 0., 0, 0, 0.)
 (6, [10, 12, 13, 13, 35, 31, 44, 32,  9, 42, 48, 11,  7, 37, 10, 45,  6,  3, 27, 41, 36, 28, 22, 34, 46, 43, 13, 33, 20,  4, 19, 14,  1, 16, 29,  8,  5, 17, 18, 39,  2, 15, 25, 26, 23, 30, 47, 24, 12, 21, 38, 40], 1292.3329496 , 1292.3329496 , 0., 0.        , 0.        , 0., 0, 0, 0.)
 (6, [10, 12, 13, 13, 35, 31, 44, 32,  9, 42, 48, 11,  7, 37, 10, 45,  6,  3, 27, 41, 36, 28, 22, 34, 46, 43, 13, 33, 20,  4, 19, 14,  1, 16, 29,  8,  5, 17, 18, 39,  2, 15, 25, 26, 23, 30, 47, 24, 12, 21, 38, 40], 1292.3329496 , 1292.3329496 , 0., 0.        , 0.        , 0., 0, 0, 0.)
 (6, [10, 12, 13, 13, 35, 31, 44, 32,  9, 42, 48, 11,  7, 37, 10, 45,  6,  3, 27, 41, 36, 28, 22, 34, 46, 43, 13, 33, 20,  4, 19, 14,  1, 16, 29,  8,  5, 17, 18, 39,  2, 15, 25, 26, 23, 30, 47, 24, 12, 21, 38, 40], 1292.3329496 , 1292.3329496 , 0., 0.        , 0.        , 0., 0, 0, 0.)
 (6, [10, 12, 13, 13, 35, 31, 44, 32,  9, 42, 48, 11,  7, 37, 10, 45,  6,  3, 27, 41, 36, 28, 22, 34, 46, 43, 13, 33, 20,  4, 19, 14,  1, 16, 29,  8,  5, 17, 18, 39,  2, 15, 25, 26, 23, 30, 47, 24, 12, 21, 38, 40], 1292.3329496 , 1292.3329496 , 0., 0.        , 0.        , 0., 0, 0, 0.)
 (6, [10, 12, 13, 13, 35, 31, 44, 32,  9, 42, 48, 11,  7, 37, 10, 45,  6,  3, 27, 41, 36, 28, 22, 34, 46, 43, 13, 33, 20,  4, 19, 14,  1, 16, 29,  8,  5, 17, 18, 39,  2, 15, 25, 26, 23, 30, 47, 24, 12, 21, 38, 40], 1292.3329496 , 1292.3329496 , 0., 0.        , 0.        , 0., 0, 0, 0.)
 (6, [10, 12, 13, 13, 35, 31, 44, 32,  9, 42, 48, 11,  7, 37, 10, 45,  6,  3, 27, 41, 36, 28, 22, 34, 46, 43, 13, 33, 20,  4, 19, 14,  1, 16, 29,  8,  5, 17, 18, 39,  2, 15, 25, 26, 23, 30, 47, 24, 12, 21, 38, 40], 1292.3329496 , 1292.3329496 , 0., 0.        , 0.        , 0., 0, 0, 0.)
 (6, [10, 12, 13, 13, 35, 31, 44, 32,  9, 42, 48, 11,  7, 37, 10, 45,  6,  3, 27, 41, 36, 28, 22, 34, 46, 43, 13, 33, 20,  4, 19, 14,  1, 16, 29,  8,  5, 17, 18, 39,  2, 15, 25, 26, 23, 30, 47, 24, 12, 21, 38, 40], 1292.3329496 , 1292.3329496 , 0., 0.        , 0.        , 0., 0, 0, 0.)
 (6, [10, 12, 13, 13, 35, 31, 44, 32,  9, 42, 48, 11,  7, 37, 10, 45,  6,  3, 27, 41, 36, 28, 22, 34, 46, 43, 13, 33, 20,  4, 19, 14,  1, 16, 29,  8,  5, 17, 18, 39,  2, 15, 25, 26, 23, 30, 47, 24, 12, 21, 38, 40], 1292.3329496 , 1292.3329496 , 0., 0.        , 0.        , 0., 0, 0, 0.)
 (6, [10, 12, 13, 13, 35, 31, 44, 32,  9, 42, 48, 11,  7, 37, 10, 45,  6,  3, 27, 41, 36, 28, 22, 34, 46, 43, 13, 33, 20,  4, 19, 14,  1, 16, 29,  8,  5, 17, 18, 39,  2, 15, 25, 26, 23, 30, 47, 24, 12, 21, 38, 40], 1292.3329496 , 1292.3329496 , 0., 0.        , 0.        , 0., 0, 0, 0.)
 (6, [10, 12, 13, 13, 35, 31, 44, 32,  9, 42, 48, 11,  7, 37, 10, 45,  6,  3, 27, 41, 36, 28, 22, 34, 46, 43, 13, 33, 20,  4, 19, 14,  1, 16, 29,  8,  5, 17, 18, 39,  2, 15, 25, 26, 23, 30, 47, 24, 12, 21, 38, 40], 1292.3329496 , 1292.3329496 , 0., 0.        , 0.        , 0., 0, 0, 0.)
 (6, [10, 12, 13, 13, 35, 31, 44, 32,  9, 42, 48, 11,  7, 37, 10, 45,  6,  3, 27, 41, 36, 28, 22, 34, 46, 43, 13, 33, 20,  4, 19, 14,  1, 16, 29,  8,  5, 17, 18, 39,  2, 15, 25, 26, 23, 30, 47, 24, 12, 21, 38, 40], 1292.3329496 , 1292.3329496 , 0., 0.        , 0.        , 0., 0, 0, 0.)
 (6, [10, 12, 13, 13, 35, 31, 44, 32,  9, 42, 48, 11,  7, 37, 10, 45,  6,  3, 27, 41, 36, 28, 22, 34, 46, 43, 13, 33, 20,  4, 19, 14,  1, 16, 29,  8,  5, 17, 18, 39,  2, 15, 25, 26, 23, 30, 47, 24, 12, 21, 38, 40], 1292.3329496 , 1292.3329496 , 0., 0.        , 0.        , 0., 0, 0, 0.)
 (6, [10, 12, 13, 13, 35, 31, 44, 32,  9, 42, 48, 11,  7, 37, 10, 45,  6,  3, 27, 41, 36, 28, 22, 34, 46, 43, 13, 33, 20,  4, 19, 14,  1, 16, 29,  8,  5, 17, 18, 39,  2, 15, 25, 26, 23, 30, 47, 24, 12, 21, 38, 40], 1292.3329496 , 1292.3329496 , 0., 0.        , 0.        , 0., 0, 0, 0.)
 (6, [10, 12, 13, 13, 35, 31, 44, 32,  9, 42, 48, 11,  7, 37, 10, 45,  6,  3, 27, 41, 36, 28, 22, 34, 46, 43, 13, 33, 20,  4, 19, 14,  1, 16, 29,  8,  5, 17, 18, 39,  2, 15, 25, 26, 23, 30, 47, 24, 12, 21, 38, 40], 1292.3329496 , 1292.3329496 , 0., 0.        , 0.        , 0., 0, 0, 0.)
 (6, [10, 12, 13, 13, 35, 31, 44, 32,  9, 42, 48, 11,  7, 37, 10, 45,  6,  3, 27, 41, 36, 28, 22, 34, 46, 43, 13, 33, 20,  4, 19, 14,  1, 16, 29,  8,  5, 17, 18, 39,  2, 15, 25, 26, 23, 30, 47, 24, 12, 21, 38, 40], 1292.3329496 , 1292.3329496 , 0., 0.        , 0.        , 0., 0, 0, 0.)
 (6, [10, 12, 13, 13, 35, 31, 44, 32,  9, 42, 48, 11,  7, 37, 10, 45,  6,  3, 27, 41, 36, 28, 22, 34, 46, 43, 13, 33, 20,  4, 19, 14,  1, 16, 29,  8,  5, 17, 18, 39,  2, 15, 25, 26, 23, 30, 47, 24, 12, 21, 38, 40], 1292.3329496 , 1292.3329496 , 0., 0.        , 0.        , 0., 0, 0, 0.)
 (6, [10, 12, 13, 13, 35, 31, 44, 32,  9, 42, 48, 11,  7, 37, 10, 45,  6,  3, 27, 41, 36, 28, 22, 34, 46, 43, 13, 33, 20,  4, 19, 14,  1, 16, 29,  8,  5, 17, 18, 39,  2, 15, 25, 26, 23, 30, 47, 24, 12, 21, 38, 40], 1292.3329496 , 1292.3329496 , 0., 0.        , 0.        , 0., 0, 0, 0.)
 (6, [10, 12, 13, 13, 35, 31, 44, 32,  9, 42, 48, 11,  7, 37, 10, 45,  6,  3, 27, 41, 36, 28, 22, 34, 46, 43, 13, 33, 20,  4, 19, 14,  1, 16, 29,  8,  5, 17, 18, 39,  2, 15, 25, 26, 23, 30, 47, 24, 12, 21, 38, 40], 1292.3329496 , 1292.3329496 , 0., 0.        , 0.        , 0., 0, 0, 0.)
 (6, [10, 12, 13, 13, 35, 31, 44, 32,  9, 42, 48, 11,  7, 37, 10, 45,  6,  3, 27, 41, 36, 28, 22, 34, 46, 43, 13, 33, 20,  4, 19, 14,  1, 16, 29,  8,  5, 17, 18, 39,  2, 15, 25, 26, 23, 30, 47, 24, 12, 21, 38, 40], 1292.3329496 , 1292.3329496 , 0., 0.        , 0.        , 0., 0, 0, 0.)
 (6, [10, 12, 13, 13, 35, 31, 44, 32,  9, 42, 48, 11,  7, 37, 10, 45,  6,  3, 27, 41, 36, 28, 22, 34, 46, 43, 13, 33, 20,  4, 19, 14,  1, 16, 29,  8,  5, 17, 18, 39,  2, 15, 25, 26, 23, 30, 47, 24, 12, 21, 38, 40], 1292.3329496 , 1292.3329496 , 0., 0.        , 0.        , 0., 0, 0, 0.)
 (6, [10, 12, 13, 13, 35, 31, 44, 32,  9, 42, 48, 11,  7, 37, 10, 45,  6,  3, 27, 41, 36, 28, 22, 34, 46, 43, 13, 33, 20,  4, 19, 14,  1, 16, 29,  8,  5, 17, 18, 39,  2, 15, 25, 26, 23, 30, 47, 24, 12, 21, 38, 40], 1292.3329496 , 1292.3329496 , 0., 0.        , 0.        , 0., 0, 0, 0.)
 (6, [10, 12, 13, 13, 35, 31, 44, 32,  9, 42, 48, 11,  7, 37, 10, 45,  6,  3, 27, 41, 36, 28, 22, 34, 46, 43, 13, 33, 20,  4, 19, 14,  1, 16, 29,  8,  5, 17, 18, 39,  2, 15, 25, 26, 23, 30, 47, 24, 12, 21, 38, 40], 1292.3329496 , 1292.3329496 , 0., 0.        , 0.        , 0., 0, 0, 0.)
 (6, [10, 12, 13, 13, 35, 31, 44, 32,  9, 42, 48, 11,  7, 37, 10, 45,  6,  3, 27, 41, 36, 28, 22, 34, 46, 43, 13, 33, 20,  4, 19, 14,  1, 16, 29,  8,  5, 17, 18, 39,  2, 15, 25, 26, 23, 30, 47, 24, 12, 21, 38, 40], 1292.3329496 , 1292.3329496 , 0., 0.        , 0.        , 0., 0, 0, 0.)
 (6, [10, 12, 13, 13, 35, 31, 44, 32,  9, 42, 48, 11,  7, 37, 10, 45,  6,  3, 27, 41, 36, 28, 22, 34, 46, 43, 13, 33, 20,  4, 19, 14,  1, 16, 29,  8,  5, 17, 18, 39,  2, 15, 25, 26, 23, 30, 47, 24, 12, 21, 38, 40], 1292.3329496 , 1292.3329496 , 0., 0.        , 0.        , 0., 0, 0, 0.)
 (6, [10, 12, 13, 13, 35, 31, 44, 32,  9, 42, 48, 11,  7, 37, 10, 45,  6,  3, 27, 41, 36, 28, 22, 34, 46, 43, 13, 33, 20,  4, 19, 14,  1, 16, 29,  8,  5, 17, 18, 39,  2, 15, 25, 26, 23, 30, 47, 24, 12, 21, 38, 40], 1292.3329496 , 1292.3329496 , 0., 0.        , 0.        , 0., 0, 0, 0.)
 (6, [10, 12, 13, 13, 35, 31, 44, 32,  9, 42, 48, 11,  7, 37, 10, 45,  6,  3, 27, 41, 36, 28, 22, 34, 46, 43, 13, 33, 20,  4, 19, 14,  1, 16, 29,  8,  5, 17, 18, 39,  2, 15, 25, 26, 23, 30, 47, 24, 12, 21, 38, 40], 1292.3329496 , 1292.3329496 , 0., 0.        , 0.        , 0., 0, 0, 0.)
 (6, [10, 12, 13, 13, 35, 31, 44, 32,  9, 42, 48, 11,  7, 37, 10, 45,  6,  3, 27, 41, 36, 28, 22, 34, 46, 43, 13, 33, 20,  4, 19, 14,  1, 16, 29,  8,  5, 17, 18, 39,  2, 15, 25, 26, 23, 30, 47, 24, 12, 21, 38, 40], 1292.3329496 , 1292.3329496 , 0., 0.        , 0.        , 0., 0, 0, 0.)
 (6, [10, 12, 13, 13, 35, 31, 44, 32,  9, 42, 48, 11,  7, 37, 10, 45,  6,  3, 27, 41, 36, 28, 22, 34, 46, 43, 13, 33, 20,  4, 19, 14,  1, 16, 29,  8,  5, 17, 18, 39,  2, 15, 25, 26, 23, 30, 47, 24, 12, 21, 38, 40], 1292.3329496 , 1292.3329496 , 0., 0.        , 0.        , 0., 0, 0, 0.)
 (6, [10, 12, 13, 13, 35, 31, 44, 32,  9, 42, 48, 11,  7, 37, 10, 45,  6,  3, 27, 41, 36, 28, 22, 34, 46, 43, 13, 33, 20,  4, 19, 14,  1, 16, 29,  8,  5, 17, 18, 39,  2, 15, 25, 26, 23, 30, 47, 24, 12, 21, 38, 40], 1292.3329496 , 1292.3329496 , 0., 0.        , 0.        , 0., 0, 0, 0.)
 (6, [10, 12, 13, 13, 35, 31, 44, 32,  9, 42, 48, 11,  7, 37, 10, 45,  6,  3, 27, 41, 36, 28, 22, 34, 46, 43, 13, 33, 20,  4, 19, 14,  1, 16, 29,  8,  5, 17, 18, 39,  2, 15, 25, 26, 23, 30, 47, 24, 12, 21, 38, 40], 1292.3329496 , 1292.3329496 , 0., 0.        , 0.        , 0., 0, 0, 0.)
 (6, [10, 12, 13, 13, 35, 31, 44, 32,  9, 42, 48, 11,  7, 37, 10, 45,  6,  3, 27, 41, 36, 28, 22, 34, 46, 43, 13, 33, 20,  4, 19, 14,  1, 16, 29,  8,  5, 17, 18, 39,  2, 15, 25, 26, 23, 30, 47, 24, 12, 21, 38, 40], 1292.3329496 , 1292.3329496 , 0., 0.        , 0.        , 0., 0, 0, 0.)
 (6, [10, 12, 13, 13, 35, 31, 44, 32,  9, 42, 48, 11,  7, 37, 10, 45,  6,  3, 27, 41, 36, 28, 22, 34, 46, 43, 13, 33, 20,  4, 19, 14,  1, 16, 29,  8,  5, 17, 18, 39,  2, 15, 25, 26, 23, 30, 47, 24, 12, 21, 38, 40], 1292.3329496 , 1292.3329496 , 0., 0.        , 0.        , 0., 0, 0, 0.)
 (6, [10, 12, 13, 13, 35, 31, 44, 32,  9, 42, 48, 11,  7, 37, 10, 45,  6,  3, 27, 41, 36, 28, 22, 34, 46, 43, 13, 33, 20,  4, 19, 14,  1, 16, 29,  8,  5, 17, 18, 39,  2, 15, 25, 26, 23, 30, 47, 24, 12, 21, 38, 40], 1292.3329496 , 1292.3329496 , 0., 0.        , 0.        , 0., 0, 0, 0.)
 (6, [10, 12, 13, 13, 35, 31, 44, 32,  9, 42, 48, 11,  7, 37, 10, 45,  6,  3, 27, 41, 36, 28, 22, 34, 46, 43, 13, 33, 20,  4, 19, 14,  1, 16, 29,  8,  5, 17, 18, 39,  2, 15, 25, 26, 23, 30, 47, 24, 12, 21, 38, 40], 1292.3329496 , 1292.3329496 , 0., 0.        , 0.        , 0., 0, 0, 0.)
 (6, [10, 12, 13, 13, 35, 31, 44, 32,  9, 42, 48, 11,  7, 37, 10, 45,  6,  3, 27, 41, 36, 28, 22, 34, 46, 43, 13, 33, 20,  4, 19, 14,  1, 16, 29,  8,  5, 17, 18, 39,  2, 15, 25, 26, 23, 30, 47, 24, 12, 21, 38, 40], 1292.3329496 , 1292.3329496 , 0., 0.        , 0.        , 0., 0, 0, 0.)
 (6, [10, 12, 13, 13, 35, 31, 44, 32,  9, 42, 48, 11,  7, 37, 10, 45,  6,  3, 27, 41, 36, 28, 22, 34, 46, 43, 13, 33, 20,  4, 19, 14,  1, 16, 29,  8,  5, 17, 18, 39,  2, 15, 25, 26, 23, 30, 47, 24, 12, 21, 38, 40], 1292.3329496 , 1292.3329496 , 0., 0.        , 0.        , 0., 0, 0, 0.)
 (6, [10, 12, 13, 13, 35, 31, 44, 32,  9, 42, 48, 11,  7, 37, 10, 45,  6,  3, 27, 41, 36, 28, 22, 34, 46, 43, 13, 33, 20,  4, 19, 14,  1, 16, 29,  8,  5, 17, 18, 39,  2, 15, 25, 26, 23, 30, 47, 24, 12, 21, 38, 40], 1292.3329496 , 1292.3329496 , 0., 0.        , 0.        , 0., 0, 0, 0.)
 (6, [10, 12, 13, 13, 35, 31, 44, 32,  9, 42, 48, 11,  7, 37, 10, 45,  6,  3, 27, 41, 36, 28, 22, 34, 46, 43, 13, 33, 20,  4, 19, 14,  1, 16, 29,  8,  5, 17, 18, 39,  2, 15, 25, 26, 23, 30, 47, 24, 12, 21, 38, 40], 1292.3329496 , 1292.3329496 , 0., 0.        , 0.        , 0., 0, 0, 0.)
 (6, [10, 12, 13, 13, 35, 31, 44, 32,  9, 42, 48, 11,  7, 37, 10, 45,  6,  3, 27, 41, 36, 28, 22, 34, 46, 43, 13, 33, 20,  4, 19, 14,  1, 16, 29,  8,  5, 17, 18, 39,  2, 15, 25, 26, 23, 30, 47, 24, 12, 21, 38, 40], 1292.3329496 , 1292.3329496 , 0., 0.        , 0.        , 0., 0, 0, 0.)
 (6, [10, 12, 13, 13, 35, 31, 44, 32,  9, 42, 48, 11,  7, 37, 10, 45,  6,  3, 27, 41, 36, 28, 22, 34, 46, 43, 13, 33, 20,  4, 19, 14,  1, 16, 29,  8,  5, 17, 18, 39,  2, 15, 25, 26, 23, 30, 47, 24, 12, 21, 38, 40], 1292.3329496 , 1292.3329496 , 0., 0.        , 0.        , 0., 0, 0, 0.)
 (6, [10, 12, 13, 13, 35, 31, 44, 32,  9, 42, 48, 11,  7, 37, 10, 45,  6,  3, 27, 41, 36, 28, 22, 34, 46, 43, 13, 33, 20,  4, 19, 14,  1, 16, 29,  8,  5, 17, 18, 39,  2, 15, 25, 26, 23, 30, 47, 24, 12, 21, 38, 40], 1292.3329496 , 1292.3329496 , 0., 0.        , 0.        , 0., 0, 0, 0.)
 (6, [10, 12, 13, 13, 35, 31, 44, 32,  9, 42, 48, 11,  7, 37, 10, 45,  6,  3, 27, 41, 36, 28, 22, 34, 46, 43, 13, 33, 20,  4, 19, 14,  1, 16, 29,  8,  5, 17, 18, 39,  2, 15, 25, 26, 23, 30, 47, 24, 12, 21, 38, 40], 1292.3329496 , 1292.3329496 , 0., 0.        , 0.        , 0., 0, 0, 0.)
 (6, [10, 12, 13, 13, 35, 31, 44, 32,  9, 42, 48, 11,  7, 37, 10, 45,  6,  3, 27, 41, 36, 28, 22, 34, 46, 43, 13, 33, 20,  4, 19, 14,  1, 16, 29,  8,  5, 17, 18, 39,  2, 15, 25, 26, 23, 30, 47, 24, 12, 21, 38, 40], 1292.3329496 , 1292.3329496 , 0., 0.        , 0.        , 0., 0, 0, 0.)
 (6, [10, 12, 13, 13, 35, 31, 44, 32,  9, 42, 48, 11,  7, 37, 10, 45,  6,  3, 27, 41, 36, 28, 22, 34, 46, 43, 13, 33, 20,  4, 19, 14,  1, 16, 29,  8,  5, 17, 18, 39,  2, 15, 25, 26, 23, 30, 47, 24, 12, 21, 38, 40], 1292.3329496 , 1292.3329496 , 0., 0.        , 0.        , 0., 0, 0, 0.)
 (6, [10, 12, 13, 13, 35, 31, 44, 32,  9, 42, 48, 11,  7, 37, 10, 45,  6,  3, 27, 41, 36, 28, 22, 34, 46, 43, 13, 33, 20,  4, 19, 14,  1, 16, 29,  8,  5, 17, 18, 39,  2, 15, 25, 26, 23, 30, 47, 24, 12, 21, 38, 40], 1292.3329496 , 1292.3329496 , 0., 0.        , 0.        , 0., 0, 0, 0.)
 (6, [10, 12, 13, 13, 35, 31, 44, 32,  9, 42, 48, 11,  7, 37, 10, 45,  6,  3, 27, 41, 36, 28, 22, 34, 46, 43, 13, 33, 20,  4, 19, 14,  1, 16, 29,  8,  5, 17, 18, 39,  2, 15, 25, 26, 23, 30, 47, 24, 12, 21, 38, 40], 1292.3329496 , 1292.3329496 , 0., 0.        , 0.        , 0., 0, 0, 0.)
 (6, [10, 12, 13, 13, 35, 31, 44, 32,  9, 42, 48, 11,  7, 37, 10, 45,  6,  3, 27, 41, 36, 28, 22, 34, 46, 43, 13, 33, 20,  4, 19, 14,  1, 16, 29,  8,  5, 17, 18, 39,  2, 15, 25, 26, 23, 30, 47, 24, 12, 21, 38, 40], 1292.3329496 , 1292.3329496 , 0., 0.        , 0.        , 0., 0, 0, 0.)
 (6, [10, 12, 13, 13, 35, 31, 44, 32,  9, 42, 48, 11,  7, 37, 10, 45,  6,  3, 27, 41, 36, 28, 22, 34, 46, 43, 13, 33, 20,  4, 19, 14,  1, 16, 29,  8,  5, 17, 18, 39,  2, 15, 25, 26, 23, 30, 47, 24, 12, 21, 38, 40], 1292.3329496 , 1292.3329496 , 0., 0.        , 0.        , 0., 0, 0, 0.)
 (6, [10, 12, 13, 13, 35, 31, 44, 32,  9, 42, 48, 11,  7, 37, 10, 45,  6,  3, 27, 41, 36, 28, 22, 34, 46, 43, 13, 33, 20,  4, 19, 14,  1, 16, 29,  8,  5, 17, 18, 39,  2, 15, 25, 26, 23, 30, 47, 24, 12, 21, 38, 40], 1292.3329496 , 1292.3329496 , 0., 0.        , 0.        , 0., 0, 0, 0.)
 (6, [10, 12, 13, 13, 35, 31, 44, 32,  9, 42, 48, 11,  7, 37, 10, 45,  6,  3, 27, 41, 36, 28, 22, 34, 46, 43, 13, 33, 20,  4, 19, 14,  1, 16, 29,  8,  5, 17, 18, 39,  2, 15, 25, 26, 23, 30, 47, 24, 12, 21, 38, 40], 1292.3329496 , 1292.3329496 , 0., 0.        , 0.        , 0., 0, 0, 0.)
 (6, [10, 12, 13, 13, 35, 31, 44, 32,  9, 42, 48, 11,  7, 37, 10, 45,  6,  3, 27, 41, 36, 28, 22, 34, 46, 43, 13, 33, 20,  4, 19, 14,  1, 16, 29,  8,  5, 17, 18, 39,  2, 15, 25, 26, 23, 30, 47, 24, 12, 21, 38, 40], 1292.3329496 , 1292.3329496 , 0., 0.        , 0.        , 0., 0, 0, 0.)
 (6, [10, 12, 13, 13, 35, 31, 44, 32,  9, 42, 48, 11,  7, 37, 10, 45,  6,  3, 27, 41, 36, 28, 22, 34, 46, 43, 13, 33, 20,  4, 19, 14,  1, 16, 29,  8,  5, 17, 18, 39,  2, 15, 25, 26, 23, 30, 47, 24, 12, 21, 38, 40], 1292.3329496 , 1292.3329496 , 0., 0.        , 0.        , 0., 0, 0, 0.)
 (6, [10, 12, 13, 13, 35, 31, 44, 32,  9, 42, 48, 11,  7, 37, 10, 45,  6,  3, 27, 41, 36, 28, 22, 34, 46, 43, 13, 33, 20,  4, 19, 14,  1, 16, 29,  8,  5, 17, 18, 30,  2, 15, 25, 26, 23, 39, 47, 24, 12, 21, 38, 40], 1300.70383547, 1300.70383547, 0., 0.        , 0.        , 0., 0, 0, 0.)
 (6, [10, 12, 13, 13, 35, 31, 44, 32,  9, 42, 48, 11,  7, 37, 45, 10,  6,  3, 27, 41, 36, 28, 22, 34, 46, 43, 13, 33, 20,  4, 19, 14,  1, 16, 29,  8,  5, 17, 18, 39,  2, 15, 25, 26, 23, 30, 47, 24, 12, 21, 38, 40], 1303.31769429, 1303.31769429, 0., 0.        , 0.        , 0., 0, 0, 0.)
 (6, [10, 12, 13, 13, 35, 31, 44, 32,  9, 42, 48, 11,  7, 37, 10, 45,  6,  3, 27, 41, 36, 28, 22, 34, 46, 43, 13, 33, 20,  4, 19, 14,  1, 16, 29,  8,  5, 17, 18, 39,  2, 15, 26, 25, 23, 30, 47, 24, 12, 21, 38, 40], 1309.85163522, 1309.85163522, 0., 0.        , 0.        , 0., 0, 0, 0.)
 (6, [10, 12, 13, 13, 35, 31, 44, 32,  9, 42, 48, 11,  7, 37,  6, 45, 10,  3, 27, 41, 36, 28, 22, 34, 46, 43, 13, 33, 20,  4, 19, 14,  1, 16, 29,  8,  5, 17, 18, 39,  2, 15, 25, 26, 23, 30, 47, 24, 12, 21, 38, 40], 1351.585843  , 1351.585843  , 0., 0.        , 0.        , 0., 0, 0, 0.)
 (6, [10, 12, 13, 13, 35, 31, 44, 32,  9, 42, 48, 11, 45, 37, 10,  7,  6,  3, 27, 41, 36, 28, 22, 34, 46, 43, 13, 33, 20,  4, 19, 14,  1, 16, 29,  8,  5, 17, 18, 39,  2, 15, 25, 26, 23, 30, 47, 24, 12, 21, 38, 40], 1367.95460252, 1367.95460252, 0., 0.        , 0.        , 0., 0, 0, 0.)
 (6, [10, 12, 13, 13, 35, 31, 44, 32,  9, 42, 48, 11,  7, 37, 10, 45,  6,  3, 27, 41, 36, 28, 22, 34, 46, 43, 20, 33, 13,  4, 19, 14,  1, 16, 29,  8,  5, 17, 18, 39,  2, 15, 25, 26, 23, 30, 47, 24, 12, 21, 38, 40], 1370.04145114, 1370.04145114, 0., 0.        , 0.        , 0., 0, 0, 0.)
 (6, [10, 12, 13, 13, 35, 31, 34, 32,  9, 42, 48, 11,  7, 37, 10, 45,  6,  3, 27, 41, 36, 28, 22, 44, 46, 43, 13, 33, 20,  4, 19, 14,  1, 16, 29,  8,  5, 17, 18, 39,  2, 15, 25, 26, 23, 30, 47, 24, 12, 21, 38, 40], 1376.11795319, 1376.11795319, 0., 0.        , 0.        , 0., 0, 0, 0.)
 (6, [10, 12, 12, 14, 35, 31, 44, 32,  9, 42, 48, 11,  7, 37, 10, 45,  6,  3, 27, 41, 36, 28, 22, 34, 46, 43, 13, 33, 20,  4, 19, 14,  1, 16, 29,  8,  5, 17, 18, 39,  2, 15, 25, 26, 23, 30, 47, 24, 12, 21, 38, 40], 1381.12964001, 1381.12964001, 0., 0.        , 0.        , 0., 0, 0, 0.)
 (6, [10, 12, 13, 13, 35, 31, 44, 32,  9, 42, 48, 11,  7, 37, 10, 45,  6,  3, 27, 41,  2, 28, 22, 34, 46, 43, 13, 33, 20,  4, 19, 14,  1, 16, 29,  8,  5, 17, 18, 39, 36, 15, 25, 26, 23, 30, 47, 24, 12, 21, 38, 40], 1385.48602237, 1425.94610612, 0., 0.        , 0.        , 0., 0, 0, 0.)
 (6, [10, 12, 13, 13, 35, 31, 44, 32,  9, 42, 48, 11,  7, 37, 10, 45,  6,  3, 27, 41, 36, 28, 22, 39, 46, 43, 13, 33, 20,  4, 19, 14,  1, 16, 29,  8,  5, 17, 18, 34,  2, 15, 25, 26, 23, 30, 47, 24, 12, 21, 38, 40], 1400.1922062 , 1392.47178086, 0., 3.86021267, 0.        , 0., 0, 0, 0.)
 (6, [10, 12, 13, 13, 35, 22, 44, 32,  9, 42, 48, 11,  7, 37, 10, 45,  6,  3, 27, 41, 36, 28, 31, 34, 46, 43, 13, 33, 20,  4, 19, 14,  1, 16, 29,  8,  5, 17, 18, 39,  2, 15, 25, 26, 23, 30, 47, 24, 12, 21, 38, 40], 1403.07791738, 1408.72628081, 0., 0.        , 0.        , 0., 0, 0, 0.)
 (6, [10, 12, 13, 13, 35, 31, 44, 32,  9, 42, 48, 11,  7, 37, 10, 45,  6,  3, 27, 41, 15, 28, 22, 34, 46, 43, 13, 33, 20,  4, 19, 14,  1, 16, 29,  8,  5, 17, 18, 39,  2, 36, 25, 26, 23, 30, 47, 24, 12, 21, 38, 40], 1407.36935881, 1437.30414711, 0., 0.        , 0.        , 0., 0, 0, 0.)
 (6, [11, 11, 13, 13, 35, 31, 44, 25,  9, 42, 48, 11,  7, 37, 10, 45,  6,  3, 27, 41, 36, 28, 22, 34, 46, 43, 13, 33, 20,  4, 19, 14,  1, 16, 29,  8,  5, 17, 18, 39,  2, 15, 32, 26, 23, 30, 47, 24, 12, 21, 38, 40], 1486.66006207, 1486.66006207, 0., 0.        , 0.        , 0., 0, 0, 0.)
 (6, [10, 12, 13, 13, 35, 31, 44, 32,  9, 42, 48, 11,  7, 37, 10, 45,  6,  3, 27, 41, 33, 28, 22, 34, 46, 43, 13, 36, 20,  4, 19, 14,  1, 16, 29,  8,  5, 17, 18, 39,  2, 15, 25, 26, 23, 30, 47, 24, 12, 21, 38, 40], 1531.06717413, 1531.06717413, 0., 0.        , 0.        , 0., 0, 0, 0.)
 (6, [10, 12, 13, 13, 35, 31, 44, 32,  9, 42, 48, 11,  7, 37, 10, 45,  6,  3, 27, 41, 36, 28, 22, 34, 46, 43, 13, 33, 15,  4, 19, 14,  1, 16, 29,  8,  5, 17, 18, 39,  2, 20, 25, 26, 23, 30, 47, 24, 12, 21, 38, 40], 1533.21567038, 1542.56141505, 0., 0.        , 0.        , 0., 0, 0, 0.)
 (6, [10, 12, 13, 13, 35, 31, 44, 32,  9, 42, 48, 11,  7, 37, 10, 45,  6, 36, 27, 41,  3, 28, 22, 34, 46, 43, 13, 33, 20,  4, 19, 14,  1, 16, 29,  8,  5, 17, 18, 39,  2, 15, 25, 26, 23, 30, 47, 24, 12, 21, 38, 40], 1544.23079324, 1544.23079324, 0., 0.        , 0.        , 0., 0, 0, 0.)
 (6, [10, 11, 13, 14, 35, 31, 44, 32,  9, 42, 48, 11, 22, 37, 10, 45,  6,  3, 27, 41, 36, 28,  7, 34, 46, 43, 13, 33, 20,  4, 19, 14,  1, 16, 29,  8,  5, 17, 18, 39,  2, 15, 25, 26, 23, 30, 47, 24, 12, 21, 38, 40], 1552.28412819, 1552.28412819, 0., 0.        , 0.        , 0., 0, 0, 0.)
 (6, [10, 12, 13, 13, 35, 31, 44, 32,  9, 42, 48, 11,  7, 37,  1, 45,  6,  3, 27, 41, 36, 28, 22, 34, 46, 43, 13, 33, 20,  4, 19, 14, 10, 16, 29,  8,  5, 17, 18, 39,  2, 15, 25, 26, 23, 30, 47, 24, 12, 21, 38, 40], 1563.29150723, 1563.29150723, 0., 0.        , 0.        , 0., 0, 0, 0.)
 (6, [10, 12, 13, 13, 35, 31, 44, 32,  9, 42, 48, 11,  7, 37, 25, 45,  6,  3, 27, 41, 36, 28, 22, 34, 46, 43, 13, 33, 20,  4, 19, 14,  1, 16, 29,  8,  5, 17, 18, 39,  2, 15, 10, 26, 23, 30, 47, 24, 12, 21, 38, 40], 1566.98772254, 1566.98772254, 0., 0.        , 0.        , 0., 0, 0, 0.)
 (6, [ 9, 12, 12, 15, 35, 31, 39, 32,  9, 42, 48, 11,  7, 37, 10, 45,  6,  3, 27, 41, 36, 28, 22, 34, 46, 43, 13, 33, 20,  4, 19, 14,  1, 16, 29,  8,  5, 17, 18, 44,  2, 15, 25, 26, 23, 30, 47, 24, 12, 21, 38, 40], 1570.81864296, 1570.81864296, 0., 0.        , 0.        , 0., 0, 0, 0.)
 (6, [10, 11, 13, 14, 35, 31, 44, 32,  9, 42, 48, 11,  7, 37, 41, 45,  6,  3, 27, 10, 36, 28, 22, 34, 46, 43, 13, 33, 20,  4, 19, 14,  1, 16, 29,  8,  5, 17, 18, 39,  2, 15, 25, 26, 23, 30, 47, 24, 12, 21, 38, 40], 1572.08695426, 1572.08695426, 0., 0.        , 0.        , 0., 0, 0, 0.)
 (6, [10, 12, 13, 13, 35, 31, 44, 32,  9, 42, 48, 11,  7, 37, 10, 45,  6,  3, 27, 41, 36, 28, 22, 34, 17, 43, 13, 33, 20,  4, 19, 14,  1, 16, 29,  8,  5, 46, 18, 39,  2, 15, 25, 26, 23, 30, 47, 24, 12, 21, 38, 40], 1574.74713857, 1574.74713857, 0., 0.        , 0.        , 0., 0, 0, 0.)
 (6, [10, 12, 13, 13, 35, 31, 44, 32,  9, 42, 48, 11,  7, 37, 10, 45,  6,  3, 27, 41, 36, 28, 22, 34, 46, 43, 13, 33, 20,  4, 19, 14, 12, 16, 29,  8,  5, 17, 18, 39,  2, 15, 25, 26, 23, 30, 47, 24,  1, 21, 38, 40], 1605.64844168, 1814.04139851, 0., 0.        , 0.        , 0., 0, 0, 0.)
 (6, [10, 12, 13, 13, 35, 31, 44, 32,  9, 42, 48, 11,  7, 37, 10, 45,  6,  3, 24, 41, 36, 28, 22, 34, 46, 43, 13, 33, 20,  4, 19, 14,  1, 16, 29,  8,  5, 17, 18, 39,  2, 15, 25, 26, 23, 30, 47, 27, 12, 21, 38, 40], 1624.56356309, 1685.36023936, 0., 0.        , 0.        , 0., 0, 0, 0.)
 (6, [10, 12, 13, 13, 35, 31, 44, 32,  9, 42, 48, 11,  7, 37, 10, 45,  6,  3, 27, 41, 36, 28, 22, 34, 46, 43, 13, 33, 20,  4, 19, 14,  1, 16, 12,  8,  5, 17, 18, 39,  2, 15, 25, 26, 23, 30, 47, 24, 29, 21, 38, 40], 1638.44717675, 1638.44717675, 0., 0.        , 0.        , 0., 0, 0, 0.)
 (6, [11, 11, 13, 13, 35, 31, 44, 32,  9, 42, 48, 11,  7, 37, 10, 45,  6, 30, 27, 41, 36, 28, 22, 34, 46, 43, 13, 33, 20,  4, 19, 14,  1, 16, 29,  8,  5, 17, 18, 39,  2, 15, 25, 26, 23,  3, 47, 24, 12, 21, 38, 40], 1650.11985792, 1650.11985792, 0., 0.        , 0.        , 0., 0, 0, 0.)
 (6, [10, 12, 13, 13, 35, 31, 44, 32,  9, 42, 48, 11,  7, 37, 10, 45,  6,  3, 27, 41, 36, 28, 22, 34, 46, 43, 13, 40, 20,  4, 19, 14,  1, 16, 29,  8,  5, 17, 18, 39,  2, 15, 25, 26, 23, 30, 47, 24, 12, 21, 38, 33], 1653.92999736, 1638.36222491, 0., 0.        , 7.78388623, 0., 0, 0, 0.)
 (6, [10, 12, 13, 13, 35, 31, 44, 32,  9, 42, 48, 14,  2, 37, 10, 45,  6,  3, 27, 41, 36, 28, 22, 34, 46, 43, 20, 33, 13,  4, 19, 11,  1, 16, 29,  8,  5, 17, 18, 39,  7, 15, 25, 26, 23, 30, 47, 24, 12, 21, 38, 40], 1710.09880147, 1756.68820809, 0., 0.        , 2.97495777, 0., 0, 0, 0.)
 (6, [12, 11, 13, 12, 35, 31, 44, 32,  9, 42, 48, 11, 43, 37, 10, 45,  6,  3, 27, 41, 36, 28, 22, 34, 46,  7, 13, 33, 20,  4, 19, 14,  1, 16, 29,  8,  5, 17, 18, 39,  2, 15, 25, 26, 23, 30, 47, 24, 12, 21, 38, 40], 1725.81887024, 1725.81887024, 0., 0.        , 0.        , 0., 0, 0, 0.)
 (6, [10, 14, 12, 12, 35, 31, 44, 32,  9, 42, 48, 11,  7, 37, 10, 45,  6,  3, 27, 41, 46, 28, 22, 34, 36, 43, 13, 33, 20,  4, 19, 14,  1, 16, 29,  8,  5, 17, 18, 39,  2, 15, 25, 26, 23, 30, 47, 24, 12, 21, 38, 40], 1744.83982159, 1744.83982159, 0., 0.        , 0.        , 0., 0, 0, 0.)
 (6, [ 8, 12, 14, 14, 13, 31, 44, 32,  9, 42, 48, 11,  7, 37, 10, 45,  6,  3, 27, 41, 36, 28, 22, 34, 46, 43, 35, 33, 20,  4, 19, 14,  1, 16, 29,  8,  5, 17, 18, 39,  2, 15, 25, 26, 23, 30, 47, 24, 12, 21, 38, 40], 1745.52502379, 1738.81053858, 0., 0.        , 3.35724261, 0., 0, 0, 0.)
 (6, [ 8, 11, 15, 14, 35, 31, 44, 32,  9, 42, 48, 11,  7,  5, 10, 45,  6,  3, 27, 41, 36, 28, 22, 34, 46, 43, 13, 33, 20,  4, 19, 14,  1, 16, 29,  8, 37, 17, 18, 39,  2, 15, 25, 26, 23, 30, 47, 24, 12, 21, 38, 40], 1776.69915528, 1776.69915528, 0., 0.        , 0.        , 0., 0, 0, 0.)
 (6, [10, 11, 11, 16, 35, 31,  4, 32,  9, 42, 48, 11,  7, 37, 10, 45,  6,  3, 27, 41, 36, 28, 22, 34, 46, 43, 13, 33, 20, 44, 19, 14,  1, 16, 29,  8,  5, 17, 18, 39,  2, 23, 25, 26, 15, 30, 47, 24, 12, 21, 38, 40], 1778.14419849, 1863.15155739, 0., 0.        , 0.        , 0., 0, 0, 0.)
 (6, [11, 13, 12, 12, 35, 33, 44, 32,  9, 42, 48, 11,  7, 37, 10, 45,  6,  3, 27, 41, 36, 28, 22, 34, 46, 43, 13, 31, 20,  4, 19, 14,  1, 16, 29,  8,  5, 17, 18, 39,  2, 15, 25, 26, 23, 30, 47, 24, 12, 21, 38, 40], 1780.78993308, 1780.78993308, 0., 0.        , 0.        , 0., 0, 0, 0.)
 (6, [12, 12, 14, 10, 35, 31, 24, 32,  9, 42, 48, 11,  7, 37, 10, 45,  6,  3, 27, 41, 36, 28, 22, 34, 46, 43, 13, 33, 20,  4, 19, 14,  1, 16, 29,  8,  5, 17, 18, 39,  2, 15, 25, 26, 23, 30, 47, 44, 12, 21, 38, 40], 1802.44335776, 1802.44335776, 0., 0.        , 0.        , 0., 0, 0, 0.)
 (6, [11, 12, 12, 13, 17, 31, 44, 32,  9, 42, 48, 11,  7, 37, 10, 45,  6,  3, 27, 41, 36, 28, 22, 34, 46, 43, 13, 33, 20,  4, 19, 14,  1, 16, 29,  8,  5, 35, 18, 39,  2, 15, 25, 26, 23, 30, 47, 24, 12, 21, 38, 40], 1814.92642252, 1814.92642252, 0., 0.        , 0.        , 0., 0, 0, 0.)
 (6, [12, 13, 11, 12, 35, 31, 44, 32,  9, 42, 48, 11,  7, 37, 10, 45,  6,  3, 27, 41, 36, 28, 22, 34, 46, 43, 13, 33, 20, 40, 19, 14,  1, 16, 29,  8,  5, 17, 18, 39,  2, 15, 25, 26, 23, 30, 47, 24, 12, 21, 38,  4], 1851.32823467, 1851.32823467, 0., 0.        , 0.        , 0., 0, 0, 0.)]