
Total Runtime in seconds: 351.8988926410675Parameters:
population_size: 50, max_generations: 150, executed generations: 149, threshold_no_improvement: 75
target feasible proportion: 12
fitness_scaling: power_rank, selection_method: n_tournaments
p_c: 0.9, p_m: 0.2, NOT YET p_education: 0.0
tournament_size: 2, n_elite: 8
survivor_selection_step: 10, p_selection_survival: 0.7
kill clone step: 5
diversify_step: 20, diversify_step: 20, p_diversify_survival: 0.3
n_closest_neighbors: 3, diversity_weight: 0.5, distance_method: broken_pairs_distance
capacity_penalty_factor: 2, duration_penalty_factor 2, time_window_penalty: 2
Best fitness all generations, best individual before/after local search: 1113.9537447891776, 1113.9537447891776 / 1113.9537447891776
Best individual found before local search: (49, [10,  9, 16, 13,  7, 41, 31, 44, 32,  9, 42, 46, 35, 37, 22, 34, 10, 45,  6, 27,  3, 48, 11, 13, 33, 20, 29,  8,  5, 16, 28,  4, 19, 14,  1, 36, 26, 18, 17, 39, 43, 47, 24, 12, 21, 38, 40,  2, 15, 25, 23, 30], 1113.95374479, 1154.22721499, 0., 0., 0., 0., 1, 50, 26.)
Best individual found after local search: (49, [10,  9, 16, 13,  7, 41, 31, 44, 32,  9, 42, 46, 35, 37, 22, 34, 10, 45,  6, 27,  3, 48, 11, 13, 33, 20, 29,  8,  5, 16, 28,  4, 19, 14,  1, 36, 26, 18, 17, 39, 43, 47, 24, 12, 21, 38, 40,  2, 15, 25, 23, 30], 1113.95374479, 1154.22721499, 0., 0., 0., 0., 1, 50, 26.)
Best feasible individual found: (49, [10,  9, 16, 13,  7, 41, 31, 44, 32,  9, 42, 46, 35, 37, 22, 34, 10, 45,  6, 27,  3, 48, 11, 13, 33, 20, 29,  8,  5, 16, 28,  4, 19, 14,  1, 36, 26, 18, 17, 39, 43, 47, 24, 12, 21, 38, 40,  2, 15, 25, 23, 30], 1113.95374479, 1154.22721499, 0., 0., 0., 0., 1, 50, 26.)

Fitness stats min: [1159.02980171 1132.08273451 1129.75813254 1122.59884206 1113.95374479
 1113.95374479 1113.95374479 1113.95374479 1113.95374479 1113.95374479
 1113.95374479 1113.95374479 1113.95374479 1113.95374479 1113.95374479
 1113.95374479 1113.95374479 1113.95374479 1113.95374479 1113.95374479
 1113.95374479 1113.95374479 1113.95374479 1113.95374479 1113.95374479
 1113.95374479 1113.95374479 1113.95374479 1113.95374479 1113.95374479
 1113.95374479 1113.95374479 1113.95374479 1113.95374479 1113.95374479
 1113.95374479 1113.95374479 1113.95374479 1113.95374479 1113.95374479
 1113.95374479 1113.95374479 1113.95374479 1113.95374479 1113.95374479
 1113.95374479 1113.95374479 1113.95374479 1113.95374479 1113.95374479
 1113.95374479 1113.95374479 1113.95374479 1113.95374479 1113.95374479
 1113.95374479 1113.95374479 1113.95374479 1113.95374479 1113.95374479
 1113.95374479 1113.95374479 1113.95374479 1113.95374479 1113.95374479
 1113.95374479 1113.95374479 1113.95374479 1113.95374479 1113.95374479
 1113.95374479 1113.95374479 1113.95374479 1113.95374479 1113.95374479
 1113.95374479 1113.95374479 1113.95374479 1113.95374479 1113.95374479
 1113.95374479 1113.95374479 1113.95374479 1113.95374479 1113.95374479
 1113.95374479 1113.95374479 1113.95374479 1113.95374479 1113.95374479
 1113.95374479 1113.95374479 1113.95374479 1113.95374479 1113.95374479
 1113.95374479 1113.95374479 1113.95374479 1113.95374479 1113.95374479
 1113.95374479 1113.95374479 1113.95374479 1113.95374479 1113.95374479
 1113.95374479 1113.95374479 1113.95374479 1113.95374479 1113.95374479
 1113.95374479 1113.95374479 1113.95374479 1113.95374479 1113.95374479
 1113.95374479 1113.95374479 1113.95374479 1113.95374479 1113.95374479
 1113.95374479 1113.95374479 1113.95374479 1113.95374479 1113.95374479
 1113.95374479 1113.95374479 1113.95374479 1113.95374479 1113.95374479
 1113.95374479 1113.95374479 1113.95374479 1113.95374479 1113.95374479
 1113.95374479 1113.95374479 1113.95374479 1113.95374479 1113.95374479
 1113.95374479 1113.95374479 1113.95374479 1113.95374479 1113.95374479
 1113.95374479 1113.95374479 1113.95374479 1113.95374479 1113.95374479] 

Fitness stats feasible min: [1159.02980171 1132.08273451 1129.75813254 1122.59884206 1113.95374479
 1113.95374479 1113.95374479 1113.95374479 1113.95374479 1113.95374479
 1113.95374479 1113.95374479 1113.95374479 1113.95374479 1113.95374479
 1113.95374479 1113.95374479 1113.95374479 1113.95374479 1113.95374479
 1113.95374479 1113.95374479 1113.95374479 1113.95374479 1113.95374479
 1113.95374479 1113.95374479 1113.95374479 1113.95374479 1113.95374479
 1113.95374479 1113.95374479 1113.95374479 1113.95374479 1113.95374479
 1113.95374479 1113.95374479 1113.95374479 1113.95374479 1113.95374479
 1113.95374479 1113.95374479 1113.95374479 1113.95374479 1113.95374479
 1113.95374479 1113.95374479 1113.95374479 1113.95374479 1113.95374479
 1113.95374479 1113.95374479 1113.95374479 1113.95374479 1113.95374479
 1113.95374479 1113.95374479 1113.95374479 1113.95374479 1113.95374479
 1113.95374479 1113.95374479 1113.95374479 1113.95374479 1113.95374479
 1113.95374479 1113.95374479 1113.95374479 1113.95374479 1113.95374479
 1113.95374479 1113.95374479 1113.95374479 1113.95374479 1113.95374479
 1113.95374479 1113.95374479 1113.95374479 1113.95374479 1113.95374479
 1113.95374479 1113.95374479 1113.95374479 1113.95374479 1113.95374479
 1113.95374479 1113.95374479 1113.95374479 1113.95374479 1113.95374479
 1113.95374479 1113.95374479 1113.95374479 1113.95374479 1113.95374479
 1113.95374479 1113.95374479 1113.95374479 1113.95374479 1113.95374479
 1113.95374479 1113.95374479 1113.95374479 1113.95374479 1113.95374479
 1113.95374479 1113.95374479 1113.95374479 1113.95374479 1113.95374479
 1113.95374479 1113.95374479 1113.95374479 1113.95374479 1113.95374479
 1113.95374479 1113.95374479 1113.95374479 1113.95374479 1113.95374479
 1113.95374479 1113.95374479 1113.95374479 1113.95374479 1113.95374479
 1113.95374479 1113.95374479 1113.95374479 1113.95374479 1113.95374479
 1113.95374479 1113.95374479 1113.95374479 1113.95374479 1113.95374479
 1113.95374479 1113.95374479 1113.95374479 1113.95374479 1113.95374479
 1113.95374479 1113.95374479 1113.95374479 1113.95374479 1113.95374479
 1113.95374479 1113.95374479 1113.95374479 1113.95374479 1113.95374479] 

Fitness stats avg: [1514.39947363 1525.08658494 1409.81907404 1314.78601155 1251.14519511
 1362.31677128 1246.70303835 1183.08603279 1179.03581179 1213.70865236
 1969.0694133  1310.14709961 1217.01165922 1257.66935437 1162.60897038
 3436.56454213 2617.70707749 1893.44437247 1475.78864107 1298.82766578
 2262.20722993 1473.71311695 1252.09589564 1172.20496496 1159.26969304
 2737.92049935 2005.55951037 1645.40605928 1401.81383417 1245.36963182
 2285.0324129  1449.70057889 1307.34852668 1175.0070443  1181.30760545
 3357.49186104 2538.51842062 1949.95960042 1646.36290141 1342.88887028
 2692.40775035 1926.92846525 1461.06347299 1249.19063042 1247.84393342
 2164.69043766 1616.02611887 1350.01953637 1342.28938676 1216.23587141
 2073.05228744 1378.4829914  1228.2423017  1175.56463162 1202.39306501
 3429.42438921 2878.12387039 2497.3240447  1962.22119807 1652.3365007
 2817.5644875  1854.71811966 1474.60372275 1343.47243827 1217.24398693
 2527.98185422 1652.9710621  1264.74057107 1194.45162534 1178.68620471
 1828.91348984 1427.62018201 1236.17583306 1201.20576345 1209.39287011
 3078.82795428 2449.59110006 1938.76896611 1582.44963209 1396.0678947
 2585.41927096 1720.08652116 1407.61522892 1295.28602445 1223.84957101
 2141.24781552 1631.27482156 1414.49692608 1293.80124818 1194.75184108
 1732.66291676 1292.19941241 1197.17342965 1162.8289028  1206.54808347
 3450.77633786 2946.74275283 2314.61759237 1722.78309807 1370.01129093
 2300.3628451  1693.23230619 1438.71809342 1246.07625579 1207.72298229
 2380.89715912 1623.44086711 1322.3407926  1213.6135785  1223.26671572
 2020.35038593 1622.93498946 1429.42674156 1247.96111643 1179.07074426
 3254.07049079 2683.8896046  1908.58902671 1512.59270862 1335.72880306
 2352.63400278 1634.59718321 1336.50197183 1163.7541674  1150.09761525
 2714.52577768 1995.95523843 1673.57768112 1519.51172818 1395.19134987
 2272.27423563 1421.99174744 1245.15943083 1257.94915064 1171.69722668
 3416.88044247 2639.51570095 1981.10938254 1448.96781508 1257.12053196
 2036.10833833 1279.75823079 1316.93916043 1192.04141922 1164.1707947
 2533.8978924  1902.67728498 1420.36034562 1253.12400748 1189.75710797] 

Feasible stats: [( 0., 50.) ( 0., 50.) (38., 12.) (38., 12.) (50.,  0.) (50.,  0.)
 (45.,  5.) (45.,  5.) (50.,  0.) (50.,  0.) (47.,  3.) (47.,  3.)
 (44.,  6.) (44.,  6.) (45.,  5.) (45.,  5.) (15., 35.) (15., 35.)
 (34., 16.) (34., 16.) (43.,  7.) (43.,  7.) (39., 11.) (39., 11.)
 (48.,  2.) (48.,  2.) (19., 31.) (19., 31.) (35., 15.) (35., 15.)
 (47.,  3.) (47.,  3.) (43.,  7.) (43.,  7.) (48.,  2.) (48.,  2.)
 (20., 30.) (20., 30.) (32., 18.) (32., 18.) (44.,  6.) (44.,  6.)
 (30., 20.) (30., 20.) (44.,  6.) (44.,  6.) (25., 25.) (25., 25.)
 (44.,  6.) (44.,  6.) (44.,  6.) (44.,  6.) (45.,  5.) (45.,  5.)
 (48.,  2.) (48.,  2.) (12., 38.) (12., 38.) (22., 28.) (22., 28.)
 (31., 19.) (31., 19.) (29., 21.) (29., 21.) (44.,  6.) (44.,  6.)
 (22., 28.) (22., 28.) (44.,  6.) (44.,  6.) (48.,  2.) (48.,  2.)
 (43.,  7.) (43.,  7.) (50.,  0.) (50.,  0.) (19., 31.) (19., 31.)
 (25., 25.) (25., 25.) (41.,  9.) (41.,  9.) (33., 17.) (33., 17.)
 (40., 10.) (40., 10.) (29., 21.) (29., 21.) (41.,  9.) (41.,  9.)
 (45.,  5.) (45.,  5.) (46.,  4.) (46.,  4.) (46.,  4.) (46.,  4.)
 (11., 39.) (11., 39.) (22., 28.) (22., 28.) (44.,  6.) (44.,  6.)
 (38., 12.) (38., 12.) (46.,  4.) (46.,  4.) (23., 27.) (23., 27.)
 (45.,  5.) (45.,  5.) (47.,  3.) (47.,  3.) (36., 14.) (36., 14.)
 (45.,  5.) (45.,  5.) (16., 34.) (16., 34.) (29., 21.) (29., 21.)
 (44.,  6.) (44.,  6.) (33., 17.) (33., 17.) (49.,  1.) (49.,  1.)
 (17., 33.) (17., 33.) (37., 13.) (37., 13.) (36., 14.) (36., 14.)
 (37., 13.) (37., 13.) (46.,  4.) (46.,  4.) (11., 39.) (11., 39.)
 (32., 18.) (32., 18.) (42.,  8.) (42.,  8.) (40., 10.) (40., 10.)
 (47.,  3.) (47.,  3.) (21., 29.) (21., 29.) (44.,  6.) (44.,  6.)] 
Solution Description: 
p: [  0.          17.53554117  47.19996294  62.30053615  65.88026605
  65.92539359 100.47267296 150.80322505 212.26822432 213.37332578
 215.62221757   0.          24.42432263  43.10170885  46.65486999
  57.82812628  97.13902742 123.69930729 138.71301667 147.86729141
 149.7330236    0.         129.13692659 144.70329008 144.97023529
 160.79726676 178.6100311  184.24699532 184.42340811 213.98183953
 246.7060168  330.58263524 331.04308817 340.60973722 380.88320742
 406.23780655 436.41090846 488.5822693    0.          26.15383911
  54.45601392 100.17930899 106.990564   117.96757294 131.65766839
 144.3222645  178.9701724  189.48118624 227.40797842 241.35820943
 250.5235971  260.01623432] 
pred: [ 0  0  0  0  0  0  5  5  5  5  5  0  0  1  1  1  1  1  1  1  1  0  0  0
  0  0  0  0  0  7  7  7  7  7  7 12 12 12  0  0  0  2  2  2  2  2  2  8
  8  8  8  8] 
distance [  0.          17.53554117  47.19996294  62.30053615  65.88026605
  65.92539359  34.54727937  84.87783147 146.34283074 147.44793219
 149.69682399   0.          24.42432263  18.67738622  22.23054736
  33.40380365  72.71470479  99.27498465 114.28869404 123.44296878
 125.30870097   0.         129.13692659 144.70329008 144.97023529
 160.79726676 178.6100311  184.24699532 184.42340811  29.55843142
  62.28260869 146.15922713 146.61968006 156.18632911 196.45979931
  65.62806933  95.80117124 147.97253208   0.          26.15383911
  54.45601392  45.72329507  52.53455008  63.51155902  77.20165447
  89.86625057 124.51415848  10.51101384  48.43780602  62.38803703
  71.55342471  81.04606192]
load: [  0  13  21  31  34  50  13  35  54  68  79   0  21  22  40  65  70  86
 102 112 119   0   9  28  44  64  84  96 121   9  14  17  26  38  48  16
  33  38   0  13  37  21  40  46  71  86 101   8  12  26  40  53] 
time: [  0.         170.         203.         228.39224704 244.56663558
 456.          80.         115.34683757 171.22731303 252.33358633
 322.           0.         371.         182.         195.18455016
 202.9955528  231.80134413 398.         440.23624841 473.3964008
 510.10459224   0.         108.         140.15799758 192.
 220.52726534 237.7678084  317.         446.         257.
 279.90630276 345.84518954 414.06688705 441.06764997 477.83410975
 357.24520703 434.         475.95303324   0.         207.
 459.         115.         308.         325.46934669 414.
 443.         485.92676098 121.         226.         329.
 378.         422.56770213] 
time warps: [0 0 0 0 0 0 0 0 0 0 0 0 0 0 0 0 0 0 0 0 0 0 0 0 0 0 0 0 0 0 0 0 0 0 0 0 0
 0 0 0 0 0 0 0 0 0 0 0 0 0 0 0] 
duration: [  0.          23.53554117  73.83796245  95.93853566 103.51826556
 311.61049336  41.54727937 116.87783147 195.34283074 200.44793219
 269.41539141   0.          47.42432263  24.67738622  29.23054736
  49.40380365 105.71470479 284.97668402 320.99039341 347.14466815
 353.01040033   0.         131.13692659 167.70329008 193.01987139
 216.84690286 239.6596672  311.29741782 426.10281899  35.55843142
  92.28260869 189.15922713 205.61968006 217.18632911 270.45979931
  80.62806933 184.45345617 239.62481701   0.          48.15383911
 315.00222923  55.72329507 251.32425496 272.3012639  360.05582284
 403.26861412 455.91652202  17.51101384 155.03431469 244.72426381
 305.6796988  325.17233601]

All individuals: [(49, [10,  9, 16, 13,  7, 41, 31, 44, 32,  9, 42, 46, 35, 37, 22, 34, 10, 45,  6, 27,  3, 48, 11, 13, 33, 20, 29,  8,  5, 16, 28,  4, 19, 14,  1, 36, 26, 18, 17, 39, 43, 47, 24, 12, 21, 38, 40,  2, 15, 25, 23, 30], 1113.95374479, 1154.22721499, 0., 0.        , 0.,  0.        ,  1, 50, 26. )
 (49, [10,  9, 16, 13,  7, 41, 31, 44, 32,  9, 42, 46, 35, 37, 22, 34, 10, 45,  6, 27,  3, 48, 11, 13, 33, 20, 29,  8,  5, 16, 28,  4, 19, 14,  1, 36, 26, 18, 17, 39, 43, 47, 24, 12, 21, 38, 40,  2, 15, 25, 23, 30], 1113.95374479, 1154.22721499, 0., 0.        , 0.,  0.        , 10, 41, 30.5)
 (49, [10,  9, 16, 13,  7, 41, 31, 44, 32,  9, 42, 46, 35, 37, 22, 34, 10, 45,  6, 27,  3, 48, 11, 13, 33, 20, 29,  8,  5, 16, 28,  4, 19, 14,  1, 36, 26, 18, 17, 39, 43, 47, 24, 12, 21, 38, 40,  2, 15, 25, 23, 30], 1113.95374479, 1154.22721499, 0., 0.        , 0.,  0.        , 11, 40, 31. )
 (49, [10,  9, 16, 13,  7, 41, 31, 44, 32,  9, 42, 46, 35, 37, 22, 34, 10, 45,  6, 27,  3, 48, 11, 13, 33, 20, 29,  8,  5, 16, 28,  4, 19, 14,  1, 36, 26, 18, 17, 39, 43, 47, 24, 12, 21, 38, 40,  2, 15, 25, 23, 30], 1113.95374479, 1154.22721499, 0., 0.        , 0.,  0.        , 12, 39, 31.5)
 (49, [10,  9, 16, 13,  7, 41, 31, 44, 32,  9, 42, 46, 35, 37, 22, 34, 10, 45,  6, 27,  3, 48, 11, 13, 33, 20, 29,  8,  5, 16, 28,  4, 19, 14,  1, 36, 26, 18, 17, 39, 43, 47, 24, 12, 21, 38, 40,  2, 15, 25, 23, 30], 1113.95374479, 1154.22721499, 0., 0.        , 0.,  0.        , 13, 38, 32. )
 (49, [10,  9, 16, 13,  7, 41, 31, 44, 32,  9, 42, 46, 35, 37, 22, 34, 10, 45,  6, 27,  3, 48, 11, 13, 33, 20, 29,  8,  5, 16, 28,  4, 19, 14,  1, 36, 26, 18, 17, 39, 43, 47, 24, 12, 21, 38, 40,  2, 15, 25, 23, 30], 1113.95374479, 1154.22721499, 0., 0.        , 0.,  0.        , 14, 37, 32.5)
 (49, [10,  9, 16, 13,  7, 41, 31, 44, 32,  9, 42, 46, 35, 37, 22, 34, 10, 45,  6, 27,  3, 48, 11, 13, 33, 20, 29,  8,  5, 16, 28,  4, 19, 14,  1, 36, 26, 18, 17, 39, 43, 47, 24, 12, 21, 38, 40,  2, 15, 25, 23, 30], 1113.95374479, 1154.22721499, 0., 0.        , 0.,  0.        , 15, 36, 33. )
 (49, [10,  9, 16, 13,  7, 41, 31, 44, 32,  9, 42, 46, 35, 37, 22, 34, 10, 45,  6, 27,  3, 48, 11, 13, 33, 20, 29,  8,  5, 16, 28,  4, 19, 14,  1, 36, 26, 18, 17, 39, 43, 47, 24, 12, 21, 38, 40,  2, 15, 25, 23, 30], 1113.95374479, 1154.22721499, 0., 0.        , 0.,  0.        , 16, 35, 33.5)
 (49, [10,  9, 16, 13,  7, 41, 31, 44, 32,  9, 42, 46, 35, 37, 22, 34, 10, 45,  6, 27,  3, 48, 11, 13, 33, 20, 29,  8,  5, 16, 28,  4, 19, 14,  1, 36, 26, 18, 17, 39, 43, 47, 24, 12, 21, 38, 40,  2, 15, 25, 23, 30], 1113.95374479, 1154.22721499, 0., 0.        , 0.,  0.        , 17, 34, 34. )
 (49, [10,  9, 16, 13,  7, 41, 31, 44, 32,  9, 42, 46, 35, 37, 22, 34, 10, 45,  6, 27,  3, 48, 11, 13, 33, 20, 29,  8,  5, 16, 28,  4, 19, 14,  1, 36, 26, 18, 17, 39, 43, 47, 24, 12, 21, 38, 40,  2, 15, 25, 23, 30], 1113.95374479, 1154.22721499, 0., 0.        , 0.,  0.        , 18, 33, 34.5)
 (48, [16,  9, 11, 12, 30, 38, 13, 42, 15, 22, 29,  5, 18, 17, 33,  2, 37,  9, 24, 45,  6, 35,  7, 39, 20, 27, 40, 41, 32, 44, 28, 23, 16,  8, 43, 10, 25, 26, 14, 46, 48,  4, 31, 12, 47, 21, 34, 11,  1,  3, 19, 36], 1113.95374479, 1154.22721499, 0., 0.        , 0.,  0.        , 19, 32, 35. )
 (49, [10,  9, 16, 13,  7, 41, 31, 44, 32,  9, 42, 46, 35, 37, 22, 34, 10, 45,  6, 27,  3, 48, 11, 13, 33, 20, 29,  8,  5, 16, 28,  4, 19, 14,  1, 36, 26, 18, 17, 39, 43, 47, 24, 12, 21, 38, 40,  2, 15, 25, 23, 30], 1113.95374479, 1154.22721499, 0., 0.        , 0.,  0.        , 19, 32, 35. )
 (36, [12, 12, 12, 12,  5, 20, 43, 41, 15, 38, 14,  9, 25, 34, 27,  1, 23,  6,  4, 13, 29, 32, 31, 39,  2, 33, 24, 17, 19,  7, 18, 10, 22, 37, 12, 36, 30,  8, 42, 28, 21, 35, 46, 11, 16, 26,  3, 47, 44, 48, 40, 45], 1113.95374479, 1154.22721499, 0., 0.        , 0.,  0.        , 11, 40, 31. )
 (37, [16, 11, 11, 10, 25, 21, 38, 37, 10, 26, 11, 27, 14, 34, 46, 17, 13, 15, 36, 47, 40, 16, 48, 44, 31, 20, 32,  6, 28, 45, 33, 29,  2, 39, 42,  3,  9, 18,  1, 43,  4, 41, 35, 22,  5, 30, 24, 23,  7, 12,  8, 19], 1113.95374479, 1154.22721499, 0., 0.        , 0.,  0.        , 12, 39, 31.5)
 (38, [15, 11, 11, 11, 37, 44, 28, 39, 33, 18, 15, 41, 43, 35, 11, 16, 20, 31, 32, 25, 19,  6, 42, 21,  5, 38, 30, 17, 45, 48, 46,  2, 14, 47, 36, 24,  3,  4,  7, 26, 27,  1, 40, 23,  8, 29, 22, 13,  9, 34, 10, 12], 1113.95374479, 1154.22721499, 0., 0.        , 0.,  0.        , 13, 38, 32. )
 (40, [11, 10, 11, 16, 34, 45, 28, 33, 32, 10, 18, 27, 26,  3, 30,  9, 41, 13, 29, 35, 17, 47, 14,  4, 22, 37,  7, 40, 15, 20, 42, 25, 19,  2,  8, 11, 44, 31,  1, 38, 46, 12, 39, 43, 16, 36, 23, 48,  5, 21,  6, 24], 1113.95374479, 1154.22721499, 0., 0.        , 0.,  0.        , 14, 37, 32.5)
 (41, [12, 13, 11, 12, 18, 31, 13, 28, 16, 26,  1, 15,  4, 38, 25, 11,  7, 33, 27, 20, 30,  9, 29, 41, 14, 24, 40,  5, 45, 10, 32, 19, 17,  8, 44, 23,  6, 46, 34,  3, 42, 43, 36, 48, 22, 35, 39, 37, 12,  2, 47, 21], 1113.95374479, 1154.22721499, 0., 0.        , 0.,  0.        , 15, 36, 33. )
 (49, [10,  9, 16, 13,  7, 41, 31, 44, 32,  9, 42, 46, 35, 37, 22, 34, 10, 45,  6, 27,  3, 48, 11, 13, 33, 20, 29,  8,  5, 16, 28,  4, 19, 14,  1, 36, 26, 18, 17, 39, 43, 47, 24, 12, 21, 38, 40,  2, 15, 25, 23, 30], 1113.95374479, 1154.22721499, 0., 0.        , 0.,  0.        ,  1, 50, 26. )
 (45, [10, 10, 11, 17, 39, 26, 30, 19, 47, 33, 46,  2,  8,  7, 45, 34, 44,  3, 13, 12, 42, 28, 24,  1, 14, 40, 27, 41, 20, 37, 23, 43, 17, 48, 11, 36,  6, 25, 15, 18, 22, 38, 31, 35, 16,  5, 21, 29,  4, 10,  9, 32], 1113.95374479, 1154.22721499, 0., 0.        , 0.,  0.        , 16, 35, 33.5)
 (46, [12, 12, 12, 12, 45, 41, 44,  5, 18, 35,  9, 47, 28, 33, 43, 16, 10, 37,  7,  1, 24, 32, 48, 23, 22, 12, 11, 15,  3, 27, 39, 38,  8, 31, 14, 26, 46, 21, 13, 30,  4, 42, 36, 25, 34, 17, 20,  6, 40, 29, 19,  2], 1113.95374479, 1154.22721499, 0., 0.        , 0.,  0.        , 17, 34, 34. )
 (47, [11, 13, 12, 12, 18, 11,  1, 13, 24, 44, 37, 36, 22, 43, 45, 39, 30, 26, 23, 28, 41, 46, 42, 19,  4, 47,  8, 14, 17, 31,  5, 38, 12, 34, 32,  6, 27, 16, 35, 21, 33, 29, 20, 48, 25,  7,  2, 40, 15,  9, 10,  3], 1113.95374479, 1154.22721499, 0., 0.        , 0.,  0.        , 18, 33, 34.5)
 (35, [12, 12, 10, 14, 47, 25,  3, 28, 21,  4, 29, 42, 40, 24, 11,  5, 44, 37,  2,  1, 22, 27, 20,  7, 12, 23, 45, 17, 48, 16, 15, 38, 26, 35, 30, 36, 41, 32, 18, 19, 39, 10, 33, 31, 14, 13, 43,  6, 34,  8,  9, 46], 1113.95374479, 1154.22721499, 0., 0.        , 0.,  0.        , 10, 41, 30.5)
 (49, [10,  9, 16, 13,  7, 41, 31, 44, 32,  9, 42, 46, 35, 37, 22, 34, 10, 45,  6, 27,  3, 48, 11, 13, 33, 20, 29,  8,  5, 16, 28,  4, 19, 14,  1, 36, 26, 18, 17, 39, 43, 47, 24, 12, 21, 38, 40,  2, 15, 25, 23, 30], 1113.95374479, 1154.22721499, 0., 0.        , 0.,  0.        ,  8, 43, 29.5)
 (49, [10,  9, 16, 13,  7, 41, 31, 44, 32,  9, 42, 46, 35, 37, 22, 34, 10, 45,  6, 27,  3, 48, 11, 13, 33, 20, 29,  8,  5, 16, 28,  4, 19, 14,  1, 36, 26, 18, 17, 39, 43, 47, 24, 12, 21, 38, 40,  2, 15, 25, 23, 30], 1113.95374479, 1154.22721499, 0., 0.        , 0.,  0.        ,  9, 42, 30. )
 (49, [10,  9, 16, 13,  7, 41, 31, 44, 32,  9, 42, 46, 35, 37, 22, 34, 10, 45,  6, 27,  3, 48, 11, 13, 33, 20, 29,  8,  5, 16, 28,  4, 19, 14,  1, 36, 26, 18, 17, 39, 43, 47, 24, 12, 21, 38, 40,  2, 15, 25, 23, 30], 1113.95374479, 1154.22721499, 0., 0.        , 0.,  0.        ,  6, 45, 28.5)
 (49, [10,  9, 16, 13,  7, 41, 31, 44, 32,  9, 42, 46, 35, 37, 22, 34, 10, 45,  6, 27,  3, 48, 11, 13, 33, 20, 29,  8,  5, 16, 28,  4, 19, 14,  1, 36, 26, 18, 17, 39, 43, 47, 24, 12, 21, 38, 40,  2, 15, 25, 23, 30], 1113.95374479, 1154.22721499, 0., 0.        , 0.,  0.        ,  7, 44, 29. )
 (49, [10,  9, 16, 13,  7, 41, 31, 44, 32,  9, 42, 46, 35, 37, 22, 34, 10, 45,  6, 27,  3, 48, 11, 13, 33, 20, 29,  8,  5, 16, 28,  4, 19, 14,  1, 36, 26, 18, 17, 39, 43, 47, 24, 12, 21, 38, 40,  2, 15, 25, 23, 30], 1113.95374479, 1154.22721499, 0., 0.        , 0.,  0.        ,  2, 49, 26.5)
 (49, [12, 13, 12, 11, 39, 15, 48, 32,  2, 17, 22, 31, 42,  4,  9, 20, 46, 14, 47, 28, 18,  7, 25, 41, 34, 21, 30, 35, 33,  5,  3, 26,  6, 27, 12, 23, 43, 40, 11, 19, 45, 24, 13, 38,  8, 10, 36, 29, 16, 37,  1, 44], 1113.95374479, 1154.22721499, 0., 0.        , 0.,  0.        , 21, 30, 36. )
 (49, [10,  9, 16, 13,  7, 41, 31, 44, 32,  9, 42, 46, 35, 37, 22, 34, 10, 45,  6, 27,  3, 48, 11, 13, 33, 20, 29,  8,  5, 16, 28,  4, 19, 14,  1, 36, 26, 18, 17, 39, 43, 47, 24, 12, 21, 38, 40,  2, 15, 25, 23, 30], 1113.95374479, 1154.22721499, 0., 0.        , 0.,  0.        ,  4, 47, 27.5)
 (49, [10,  9, 16, 13,  7, 41, 31, 44, 32,  9, 42, 46, 35, 37, 22, 34, 10, 45,  6, 27,  3, 48, 11, 13, 33, 20, 29,  8,  5, 16, 28,  4, 19, 14,  1, 36, 26, 18, 17, 39, 43, 47, 24, 12, 21, 38, 40,  2, 15, 25, 23, 30], 1113.95374479, 1154.22721499, 0., 0.        , 0.,  0.        ,  3, 48, 27. )
 (49, [10,  9, 16, 13,  7, 41, 31, 44, 32,  9, 42, 46, 35, 37, 22, 34, 10, 45,  6, 27,  3, 48, 11, 13, 33, 20, 29,  8,  5, 16, 28,  4, 19, 14,  1, 36, 26, 18, 17, 39, 43, 47, 24, 12, 21, 38, 40,  2, 15, 25, 23, 30], 1113.95374479, 1154.22721499, 0., 0.        , 0.,  0.        ,  5, 46, 28. )
 (49, [10,  9, 16, 13,  7, 41, 31, 44, 32,  9, 42, 46, 35, 37, 22, 34, 10, 45,  6, 27,  3, 48, 11, 13, 33, 20, 29,  8,  5, 16, 28,  4, 19, 14,  1, 36, 26, 18, 17,  2, 43, 47, 24, 12, 21, 38, 40, 39, 15, 25, 23, 30], 1143.04678012, 1183.32025033, 0., 0.        , 0.,  4.        , 35, 12, 41. )
 (49, [10,  9, 15, 14,  7, 41, 31, 44, 32,  9, 42, 46, 35, 37, 34, 10, 45,  6, 27,  3, 48, 11, 22, 13, 33, 20, 29,  8,  5, 16, 28,  4, 19, 14,  1, 36, 26, 18, 39, 24, 12, 38, 40, 17, 47, 21, 43,  2, 15, 25, 23, 30], 1152.47569132, 1192.74916153, 0., 0.        , 0.,  2.        , 37, 16, 45. )
 (49, [10,  9, 16, 13,  7, 41, 31, 44, 32,  9, 42, 46, 35, 37, 22, 34,  6, 45, 10, 27,  3, 48, 11, 13, 33, 20, 29,  8,  5, 16, 28,  4, 19, 14,  1, 36, 26, 18, 17, 39, 43, 47, 24, 12, 21, 38, 40,  2, 15, 25, 23, 30], 1171.62152946, 1264.9506298 , 0., 0.        , 0.,  4.        , 36,  9, 40.5)
 (39, [13, 12, 12, 11, 22, 38, 31, 11, 15, 40, 35, 24, 33, 19, 30,  7, 43, 27, 25, 34,  1,  3, 41, 26, 42, 45, 20,  2, 16,  5, 48, 10,  6, 29, 39, 32, 47, 36, 17, 37, 18, 28, 44,  9,  4, 14, 46, 12, 21, 23, 13,  8], 1197.20431427, 1262.01700677, 0., 0.        , 0., 13.        , 39,  3, 40.5)
 (39, [13, 12, 12, 11, 22, 38, 31, 11, 15, 40, 35, 24, 33, 19, 30,  7, 43, 27, 25, 34,  1,  3, 41, 26, 42, 45, 20,  2, 16,  5, 48, 10,  6, 29, 39, 32, 47, 36, 17, 37, 18, 28, 44,  9,  4, 14, 46, 12, 21, 23, 13,  8], 1197.20431427, 1262.01700677, 0., 0.        , 0., 13.        , 39,  3, 40.5)
 (42, [12, 10, 12, 14, 16, 21, 25, 19,  9, 31, 36, 28,  5, 11, 23, 38, 48, 37, 22, 24, 18, 26, 39,  7, 40, 42, 47, 35, 20, 41, 46,  8,  1, 34, 33, 13, 32, 10, 17,  2,  3, 15, 27, 12, 30, 29, 44,  4, 45, 43,  6, 14], 1227.4653351 , 1339.07797285, 0., 3.46959353, 0.,  6.        , 38,  7, 41.5)
 (42, [12, 10, 12, 14, 16, 21, 25, 19,  9, 31, 36, 28,  5, 11, 23, 38, 48, 37, 22, 24, 18, 26, 39,  7, 40, 42, 47, 35, 20, 41, 46,  8,  1, 34, 33, 13, 32, 10, 17,  2,  3, 15, 27, 12, 30, 29, 44,  4, 45, 43,  6, 14], 1227.4653351 , 1339.07797285, 0., 3.46959353, 0.,  6.        , 38,  7, 41.5)
 (49, [10,  9, 17, 12,  7, 41, 31, 44, 32,  9, 42, 46, 35, 37, 22, 34, 10, 45,  6, 27,  3, 48, 11, 13, 33, 20, 29,  8,  5, 16, 28,  4, 19, 18, 14,  1, 36, 26, 17, 39, 43, 47, 24, 12, 21, 38, 40,  2, 15, 25, 23, 30], 1338.15320226, 1378.42667247, 0., 0.        , 0.,  5.        , 40,  8, 44. )
 (49, [10,  9, 16, 13,  7, 41, 31, 44, 32,  9, 42, 46, 35, 37, 22, 34, 10, 45,  6, 27,  3, 48, 11, 13, 33, 20, 29,  8,  5, 16, 28, 24,  4, 19, 14,  1, 36, 26, 18, 17, 39, 43, 47, 12, 21, 38, 40,  2, 15, 25, 23, 30], 1358.9923275 , 1399.2657977 , 0., 0.        , 0.,  3.        , 41, 15, 48.5)
 (43, [12, 10, 14, 12, 44, 40, 27, 20, 21, 26, 10, 37, 45, 23, 15,  6, 38, 41, 34,  5, 35, 11,  7, 33, 29, 24, 36, 13,  1, 12, 18, 31, 28, 16,  9,  8, 19, 32,  4, 25, 48, 22, 14, 43, 17, 47, 42, 30,  3,  2, 46, 39], 1363.53307509, 1403.80654529, 0., 0.        , 0.,  4.        , 42, 11, 47.5)
 (43, [12, 10, 14, 12, 44, 40, 27, 20, 21, 26, 10, 37, 45, 23, 15,  6, 38, 41, 34,  5, 35, 11,  7, 33, 29, 24, 36, 13,  1, 12, 18, 31, 28, 16,  9,  8, 19, 32,  4, 25, 48, 22, 14, 43, 17, 47, 42, 30,  3,  2, 46, 39], 1363.53307509, 1403.80654529, 0., 0.        , 0.,  4.        , 42, 11, 47.5)
 (49, [10, 12, 13, 13,  7, 31, 41, 32,  9, 42, 46, 35, 44, 37,  6, 34, 10, 45, 22, 27,  3, 48, 11, 13, 33, 20, 29,  8,  5, 16, 28,  4, 19, 14,  1, 36, 26, 18, 17, 39, 43, 47, 24, 12, 21, 38, 40,  2, 15, 25, 23, 30], 1383.76602764, 1519.26293076, 0., 0.        , 0., 15.        , 43,  2, 44. )
 (44, [11, 15, 10, 12, 24,  8, 47, 38, 10, 19, 22,  2, 33, 36, 27, 20, 15, 12, 32, 35,  9, 45, 43, 31, 42, 34, 30, 13,  6, 16, 39, 40, 28,  7, 44, 26, 17, 41, 21, 48, 11, 37, 29,  3, 46,  5,  4, 25, 23, 14, 18,  1], 1399.46366558, 1439.73713578, 0., 0.        , 0.,  6.        , 44,  6, 47. )
 (49, [10,  9, 16, 13,  7,  1, 41, 31, 44, 32,  9, 42, 46, 35, 37, 22, 34, 10, 45,  6, 27,  3, 48, 11, 13, 33, 20, 29,  8,  5, 16, 28,  4, 19, 14, 36, 26, 18, 17, 39, 43, 47, 24, 12, 21, 38, 40,  2, 15, 25, 23, 30], 1400.61823795, 1433.62734245, 0., 0.        , 0.,  3.        , 45, 14, 52. )
 (49, [10,  9, 16, 13,  7, 41, 31, 44, 32,  9, 42, 46, 35, 37, 22, 34, 10, 45,  1, 27,  3, 48, 11, 13, 33, 20, 29,  8,  5, 16, 28,  4, 19, 14,  6, 36, 26, 18, 17, 39, 43, 47, 24, 12, 21, 38, 40,  2, 15, 25, 23, 30], 1402.76185379, 1465.94669929, 0., 3.00808587, 0.,  4.        , 46, 10, 51. )
 (49, [10,  7, 16, 15,  7, 41, 31, 44, 32,  9, 42, 46, 35, 37, 22, 34, 10, 45,  6, 27,  3, 48, 11, 13, 33, 20, 29,  8,  5, 16, 28,  4, 19, 14,  1, 36, 26, 18, 17, 39, 43, 47, 24, 12, 21, 38, 25, 40,  2, 15, 23, 30], 1417.60426775, 1457.87773795, 0., 0.        , 0.,  6.66666667, 47,  5, 49.5)
 (49, [11,  9, 14, 14,  7, 41, 31, 44, 32,  9, 42, 46, 35, 37, 22, 34, 10, 45,  6, 27,  3, 48, 11, 13, 33, 20, 29,  8,  5, 16, 28,  4, 19, 14,  1, 36, 26, 18, 17, 39, 43, 47, 24, 12, 21, 38, 40,  2, 15, 25, 23, 30], 1429.83302179, 1470.10649199, 0., 0.        , 0.,  3.33333333, 48, 13, 54.5)
 (49, [11,  7, 15, 15,  7, 41, 31, 44, 32,  9, 42, 46, 16, 35, 37, 22, 34, 10, 45,  6, 27,  3, 48, 11, 13, 33, 20, 29,  8,  5, 28,  4, 19, 14,  1, 36, 26, 18, 17, 39, 43, 47, 24, 12, 21, 38, 40,  2, 15, 25, 23, 30], 1469.53017299, 1534.3428655 , 0., 0.        , 0.,  7.        , 49,  4, 51. )
 (49, [11, 10, 15, 12,  7, 41, 27,  6, 45, 10, 34, 22, 37, 35, 46, 42,  9, 32, 44, 31,  3, 48, 11, 13, 33, 20, 29,  8,  5, 16, 28,  4, 19, 14,  1, 36, 26, 18, 17, 39, 43, 47, 24, 12, 21, 38, 40,  2, 15, 25, 23, 30], 1757.35857285, 1784.39845512, 0., 6.61679397, 0., 18.33333333, 50,  1, 50.5)]