
Total Runtime in seconds: 615.4254729747772Parameters:
population_size: 50, max_generations: 500, executed generations: 157, threshold_no_improvement: 250
target feasible proportion: 10
fitness_scaling: power_rank, selection_method: n_tournaments
p_c: 0.9, p_m: 0.3, NOT YET p_education: 0.0
tournament_size: 2, n_elite: 8
survivor_selection_step: 10, p_selection_survival: 0.7
kill clone step: 5
diversify_step: 20, diversify_step: 20, p_diversify_survival: 0.3
n_closest_neighbors: 3, diversity_weight: 0.5, distance_method: broken_pairs_distance
capacity_penalty_factor: 2, duration_penalty_factor 2, time_window_penalty: 2
Best fitness all generations, best individual before/after local search: 1469.4098411504156, 1469.4098411504156 / 1469.4098411504156
Best individual found before local search: (31, [10, 17, 10, 13, 16,  6, 31, 20, 18, 36, 60, 27, 10, 33, 65, 71, 49, 43,  7, 37, 61, 68, 12,  1, 64, 47, 23, 26, 59, 51, 17, 41, 50,  8, 54, 56, 16,  3, 22, 34, 44, 62, 69,  5, 57, 24, 63, 28, 13, 52, 29, 45, 15, 72, 53, 46, 66, 21,  4, 55, 40, 48, 14, 67, 30, 42, 58,  6, 11, 19,  9, 70, 35,  2, 38, 39, 32, 25], 1469.40984115, 1469.40984115, 0., 0., 0., 0., 7, 46, 30.)
Best individual found after local search: (31, [10, 17, 10, 13, 16,  6, 31, 20, 18, 36, 60, 27, 10, 33, 65, 71, 49, 43,  7, 37, 61, 68, 12,  1, 64, 47, 23, 26, 59, 51, 17, 41, 50,  8, 54, 56, 16,  3, 22, 34, 44, 62, 69,  5, 57, 24, 63, 28, 13, 52, 29, 45, 15, 72, 53, 46, 66, 21,  4, 55, 40, 48, 14, 67, 30, 42, 58,  6, 11, 19,  9, 70, 35,  2, 38, 39, 32, 25], 1469.40984115, 1469.40984115, 0., 0., 0., 0., 7, 46, 30.)
Best feasible individual found: (31, [10, 17, 10, 13, 16,  6, 31, 20, 18, 36, 60, 27, 10, 33, 65, 71, 49, 43,  7, 37, 61, 68, 12,  1, 64, 47, 23, 26, 59, 51, 17, 41, 50,  8, 54, 56, 16,  3, 22, 34, 44, 62, 69,  5, 57, 24, 63, 28, 13, 52, 29, 45, 15, 72, 53, 46, 66, 21,  4, 55, 40, 48, 14, 67, 30, 42, 58,  6, 11, 19,  9, 70, 35,  2, 38, 39, 32, 25], 1469.40984115, 1469.40984115, 0., 0., 0., 0., 7, 46, 30.)

Fitness stats min: [1671.62282876 1550.14359537 1538.39673785 1536.52570917 1531.3253538
 1534.92108964 1534.17447426 1513.81939934 1513.81939934 1513.81939934
 1513.81939934 1513.81939934 1513.81939934 1513.81939934 1513.81939934
 1513.81939934 1506.77057238 1506.77057238 1506.77057238 1501.20463562
 1501.20463562 1501.20463562 1501.20463562 1501.20463562 1501.20463562
 1501.20463562 1501.20463562 1501.20463562 1501.20463562 1501.20463562
 1501.20463562 1501.20463562 1501.20463562 1501.20463562 1501.20463562
 1501.20463562 1501.20463562 1501.20463562 1501.20463562 1501.20463562
 1501.20463562 1501.20463562 1501.20463562 1501.20463562 1501.20463562
 1501.20463562 1501.20463562 1501.20463562 1501.20463562 1501.20463562
 1501.20463562 1501.20463562 1497.91045086 1497.91045086 1497.91045086
 1497.91045086 1495.54201744 1495.54201744 1493.17993142 1493.17993142
 1493.17993142 1493.17993142 1493.17993142 1493.17993142 1493.17993142
 1493.17993142 1493.17993142 1493.17993142 1493.17993142 1493.17993142
 1493.17993142 1493.17993142 1493.17993142 1493.17993142 1493.17993142
 1493.17993142 1493.17993142 1493.17993142 1493.17993142 1493.17993142
 1493.17993142 1493.17993142 1493.17993142 1493.17993142 1493.17993142
 1493.17993142 1493.17993142 1493.17993142 1493.17993142 1493.17993142
 1493.17993142 1493.17993142 1493.17993142 1493.17993142 1493.17993142
 1493.17993142 1493.17993142 1493.17993142 1493.17993142 1493.17993142
 1493.17993142 1493.17993142 1493.17993142 1493.17993142 1493.17993142
 1493.17993142 1493.17993142 1469.40984115 1469.40984115 1469.40984115
 1469.40984115 1469.40984115 1469.40984115 1469.40984115 1469.40984115
 1469.40984115 1469.40984115 1469.40984115 1469.40984115 1469.40984115
 1469.40984115 1469.40984115 1469.40984115 1469.40984115 1469.40984115
 1469.40984115 1469.40984115 1469.40984115 1469.40984115 1469.40984115
 1469.40984115 1469.40984115 1469.40984115 1469.40984115 1469.40984115
 1469.40984115 1469.40984115 1469.40984115 1469.40984115 1469.40984115
 1469.40984115 1469.40984115 1469.40984115 1469.40984115 1469.40984115
 1469.40984115 1469.40984115 1469.40984115 1469.40984115 1469.40984115
 1469.40984115 1469.40984115 1469.40984115 1469.40984115 1469.40984115
 1469.40984115 1469.40984115 1469.40984115] 

Fitness stats feasible min: [1974.53106649 1550.14359537 1550.14359537 1550.14359537 1550.14359537
 1550.14359537 1536.5269025  1513.81939934 1513.81939934 1513.81939934
 1513.81939934 1513.81939934 1513.81939934 1513.81939934 1513.81939934
 1513.81939934 1506.77057238 1506.77057238 1506.77057238 1501.20463562
 1501.20463562 1501.20463562 1501.20463562 1501.20463562 1501.20463562
 1501.20463562 1501.20463562 1501.20463562 1501.20463562 1501.20463562
 1501.20463562 1501.20463562 1501.20463562 1501.20463562 1501.20463562
 1501.20463562 1501.20463562 1501.20463562 1501.20463562 1501.20463562
 1501.20463562 1501.20463562 1501.20463562 1501.20463562 1501.20463562
 1501.20463562 1501.20463562 1501.20463562 1501.20463562 1501.20463562
 1501.20463562 1501.20463562 1497.91045086 1497.91045086 1497.91045086
 1497.91045086 1495.54201744 1495.54201744 1493.17993142 1493.17993142
 1493.17993142 1493.17993142 1493.17993142 1493.17993142 1493.17993142
 1493.17993142 1493.17993142 1493.17993142 1493.17993142 1493.17993142
 1493.17993142 1493.17993142 1493.17993142 1493.17993142 1493.17993142
 1493.17993142 1493.17993142 1493.17993142 1493.17993142 1493.17993142
 1493.17993142 1493.17993142 1493.17993142 1493.17993142 1493.17993142
 1493.17993142 1493.17993142 1493.17993142 1493.17993142 1493.17993142
 1493.17993142 1493.17993142 1493.17993142 1493.17993142 1493.17993142
 1493.17993142 1493.17993142 1493.17993142 1493.17993142 1493.17993142
 1493.17993142 1493.17993142 1493.17993142 1493.17993142 1493.17993142
 1493.17993142 1493.17993142 1469.40984115 1469.40984115 1469.40984115
 1469.40984115 1469.40984115 1469.40984115 1469.40984115 1469.40984115
 1469.40984115 1469.40984115 1469.40984115 1469.40984115 1469.40984115
 1469.40984115 1469.40984115 1469.40984115 1469.40984115 1469.40984115
 1469.40984115 1469.40984115 1469.40984115 1469.40984115 1469.40984115
 1469.40984115 1469.40984115 1469.40984115 1469.40984115 1469.40984115
 1469.40984115 1469.40984115 1469.40984115 1469.40984115 1469.40984115
 1469.40984115 1469.40984115 1469.40984115 1469.40984115 1469.40984115
 1469.40984115 1469.40984115 1469.40984115 1469.40984115 1469.40984115
 1469.40984115 1469.40984115 1469.40984115 1469.40984115 1469.40984115
 1469.40984115 1469.40984115 1469.40984115] 

Fitness stats avg: [2139.92350699 2171.03845939 2149.54540467 2134.16628664 2027.03326524
 2057.54505083 1903.37625117 1727.19463558 1773.61150343 1767.53068606
 4281.7094339  3148.15875316 2250.50198959 1843.61550421 1655.54743173
 3165.781438   2105.21332794 1828.36031905 1839.51399195 1737.48819677
 4166.45198663 2979.22850801 2058.97471    1873.85105706 1690.08147741
 3887.32752978 2501.73011704 2074.8845479  1764.36284297 1712.75645664
 3540.28997957 2416.23300453 2001.56424816 1698.96152657 1635.58650757
 4457.41671746 3598.40992836 2632.01589591 2129.50081225 1961.97528691
 3477.35965345 2166.69721165 1785.94309364 1730.1676207  1655.1576119
 5509.18846279 4855.90901645 3943.75599711 3536.99630213 2982.65787269
 4575.77418535 3338.87948391 2381.36754954 1859.21404391 1701.66731822
 3123.14759213 2096.64547236 1889.5861009  1817.93112357 1743.78074158
 4382.42185717 2905.12813854 2323.2405296  2082.79339434 1765.78770418
 3510.86228391 2448.19312904 1863.1042311  1872.83694988 1823.20145846
 3619.66083986 2124.90563952 1891.68191144 1737.02543523 1684.08032907
 5248.29504916 3775.0393731  2422.72601098 2025.09144941 3566.05526224
 5243.47581517 4106.88912447 3039.15279217 2236.62031696 1870.11787423
 2696.55600399 1850.16648517 1745.12252851 1922.47061692 1810.22695827
 3734.96641128 2342.57918736 1882.46173362 1783.09401387 1810.04698515
 4588.2699145  2851.28988636 1973.3553662  1692.90475327 2629.1604298
 3242.48642623 2163.75434881 1685.37323255 1674.63083628 1768.54733093
 4634.82810416 3314.42292969 2261.7544989  1826.10568865 1777.66435583
 4127.46313381 2899.15499341 2218.86552251 1846.5592595  1735.12987696
 3823.03165767 2517.06923713 1887.63731506 1749.28387209 1761.39318679
 4141.53651255 2848.07856977 1901.34347246 1776.84725057 1633.57940519
 5432.19613684 4668.28191284 3559.13923662 3913.3906588  2750.84284244
 4163.99397511 3034.43847347 2427.39383014 1945.75688045 1664.88155303
 3546.27420804 2599.72193232 1965.09480154 1843.86426735 1752.96538172
 4609.12540945 3252.36762015 2523.11088402 2167.58239549 1787.74401515
 3457.72755123 2028.69563971 1786.09356687 2950.39479491 1957.35106787
 4745.7950701  3164.06207137 2076.46258394 1861.66246437 1673.17492804
 3633.80239399 2243.89091081 1868.43602617] 

Feasible stats: [( 0., 50.) ( 0., 50.) (14., 36.) (14., 36.) (21., 29.) (21., 29.)
 (25., 25.) (25., 25.) (39., 11.) (39., 11.) (34., 16.) (34., 16.)
 (18., 32.) (18., 32.) (37., 13.) (37., 13.) (24., 26.) (24., 26.)
 (41.,  9.) (41.,  9.) (42.,  8.) (42.,  8.) (25., 25.) (25., 25.)
 (40., 10.) (40., 10.) (17., 33.) (17., 33.) (33., 17.) (33., 17.)
 (44.,  6.) (44.,  6.) (33., 17.) (33., 17.) (47.,  3.) (47.,  3.)
 (16., 34.) (16., 34.) (28., 22.) (28., 22.) (37., 13.) (37., 13.)
 (32., 18.) (32., 18.) (45.,  5.) (45.,  5.) ( 7., 43.) ( 7., 43.)
 (13., 37.) (13., 37.) (25., 25.) (25., 25.) (17., 33.) (17., 33.)
 (42.,  8.) (42.,  8.) (27., 23.) (27., 23.) (42.,  8.) (42.,  8.)
 (45.,  5.) (45.,  5.) (30., 20.) (30., 20.) (32., 18.) (32., 18.)
 (24., 26.) (24., 26.) (36., 14.) (36., 14.) (39., 11.) (39., 11.)
 (33., 17.) (33., 17.) (43.,  7.) (43.,  7.) ( 8., 42.) ( 8., 42.)
 (29., 21.) (29., 21.) (25., 25.) (25., 25.) (13., 37.) (13., 37.)
 (29., 21.) (29., 21.) (28., 22.) (28., 22.) (47.,  3.) (47.,  3.)
 (42.,  8.) (42.,  8.) (28., 22.) (28., 22.) (44.,  6.) (44.,  6.)
 (16., 34.) (16., 34.) (40., 10.) (40., 10.) (33., 17.) (33., 17.)
 (34., 16.) (34., 16.) (38., 12.) (38., 12.) ( 8., 42.) ( 8., 42.)
 (29., 21.) (29., 21.) (42.,  8.) (42.,  8.) (18., 32.) (18., 32.)
 (35., 15.) (35., 15.) (15., 35.) (15., 35.) (37., 13.) (37., 13.)
 (43.,  7.) (43.,  7.) (26., 24.) (26., 24.) (39., 11.) (39., 11.)
 ( 9., 41.) ( 9., 41.) (19., 31.) (19., 31.) (26., 24.) (26., 24.)
 (15., 35.) (15., 35.) (35., 15.) (35., 15.) (21., 29.) (21., 29.)
 (38., 12.) (38., 12.) (45.,  5.) (45.,  5.) (18., 32.) (18., 32.)
 (33., 17.) (33., 17.) (20., 30.) (20., 30.) (43.,  7.) (43.,  7.)
 (38., 12.) (38., 12.) (22., 28.) (22., 28.) (34., 16.) (34., 16.)
 (25., 25.) (25., 25.) ( 0.,  0.) ( 0.,  0.) ( 0.,  0.) ( 0.,  0.)
 ( 0.,  0.) ( 0.,  0.) ( 0.,  0.) ( 0.,  0.) ( 0.,  0.) ( 0.,  0.)
 ( 0.,  0.) ( 0.,  0.) ( 0.,  0.) ( 0.,  0.) ( 0.,  0.) ( 0.,  0.)
 ( 0.,  0.) ( 0.,  0.) ( 0.,  0.) ( 0.,  0.) ( 0.,  0.) ( 0.,  0.)
 ( 0.,  0.) ( 0.,  0.) ( 0.,  0.) ( 0.,  0.) ( 0.,  0.) ( 0.,  0.)
 ( 0.,  0.) ( 0.,  0.) ( 0.,  0.) ( 0.,  0.) ( 0.,  0.) ( 0.,  0.)
 ( 0.,  0.) ( 0.,  0.) ( 0.,  0.) ( 0.,  0.) ( 0.,  0.) ( 0.,  0.)
 ( 0.,  0.) ( 0.,  0.) ( 0.,  0.) ( 0.,  0.) ( 0.,  0.) ( 0.,  0.)
 ( 0.,  0.) ( 0.,  0.) ( 0.,  0.) ( 0.,  0.) ( 0.,  0.) ( 0.,  0.)
 ( 0.,  0.) ( 0.,  0.) ( 0.,  0.) ( 0.,  0.) ( 0.,  0.) ( 0.,  0.)
 ( 0.,  0.) ( 0.,  0.) ( 0.,  0.) ( 0.,  0.) ( 0.,  0.) ( 0.,  0.)
 ( 0.,  0.) ( 0.,  0.) ( 0.,  0.) ( 0.,  0.) ( 0.,  0.) ( 0.,  0.)
 ( 0.,  0.) ( 0.,  0.) ( 0.,  0.) ( 0.,  0.) ( 0.,  0.) ( 0.,  0.)
 ( 0.,  0.) ( 0.,  0.) ( 0.,  0.) ( 0.,  0.) ( 0.,  0.) ( 0.,  0.)
 ( 0.,  0.) ( 0.,  0.) ( 0.,  0.) ( 0.,  0.) ( 0.,  0.) ( 0.,  0.)
 ( 0.,  0.) ( 0.,  0.) ( 0.,  0.) ( 0.,  0.) ( 0.,  0.) ( 0.,  0.)
 ( 0.,  0.) ( 0.,  0.) ( 0.,  0.) ( 0.,  0.) ( 0.,  0.) ( 0.,  0.)
 ( 0.,  0.) ( 0.,  0.) ( 0.,  0.) ( 0.,  0.) ( 0.,  0.) ( 0.,  0.)
 ( 0.,  0.) ( 0.,  0.) ( 0.,  0.) ( 0.,  0.) ( 0.,  0.) ( 0.,  0.)
 ( 0.,  0.) ( 0.,  0.) ( 0.,  0.) ( 0.,  0.) ( 0.,  0.) ( 0.,  0.)
 ( 0.,  0.) ( 0.,  0.) ( 0.,  0.) ( 0.,  0.) ( 0.,  0.) ( 0.,  0.)
 ( 0.,  0.) ( 0.,  0.) ( 0.,  0.) ( 0.,  0.) ( 0.,  0.) ( 0.,  0.)
 ( 0.,  0.) ( 0.,  0.) ( 0.,  0.) ( 0.,  0.) ( 0.,  0.) ( 0.,  0.)
 ( 0.,  0.) ( 0.,  0.) ( 0.,  0.) ( 0.,  0.) ( 0.,  0.) ( 0.,  0.)
 ( 0.,  0.) ( 0.,  0.) ( 0.,  0.) ( 0.,  0.) ( 0.,  0.) ( 0.,  0.)
 ( 0.,  0.) ( 0.,  0.) ( 0.,  0.) ( 0.,  0.) ( 0.,  0.) ( 0.,  0.)
 ( 0.,  0.) ( 0.,  0.) ( 0.,  0.) ( 0.,  0.) ( 0.,  0.) ( 0.,  0.)
 ( 0.,  0.) ( 0.,  0.) ( 0.,  0.) ( 0.,  0.) ( 0.,  0.) ( 0.,  0.)
 ( 0.,  0.) ( 0.,  0.) ( 0.,  0.) ( 0.,  0.) ( 0.,  0.) ( 0.,  0.)
 ( 0.,  0.) ( 0.,  0.) ( 0.,  0.) ( 0.,  0.) ( 0.,  0.) ( 0.,  0.)
 ( 0.,  0.) ( 0.,  0.) ( 0.,  0.) ( 0.,  0.) ( 0.,  0.) ( 0.,  0.)
 ( 0.,  0.) ( 0.,  0.) ( 0.,  0.) ( 0.,  0.) ( 0.,  0.) ( 0.,  0.)
 ( 0.,  0.) ( 0.,  0.) ( 0.,  0.) ( 0.,  0.) ( 0.,  0.) ( 0.,  0.)
 ( 0.,  0.) ( 0.,  0.) ( 0.,  0.) ( 0.,  0.) ( 0.,  0.) ( 0.,  0.)
 ( 0.,  0.) ( 0.,  0.) ( 0.,  0.) ( 0.,  0.) ( 0.,  0.) ( 0.,  0.)
 ( 0.,  0.) ( 0.,  0.) ( 0.,  0.) ( 0.,  0.) ( 0.,  0.) ( 0.,  0.)
 ( 0.,  0.) ( 0.,  0.) ( 0.,  0.) ( 0.,  0.) ( 0.,  0.) ( 0.,  0.)
 ( 0.,  0.) ( 0.,  0.) ( 0.,  0.) ( 0.,  0.) ( 0.,  0.) ( 0.,  0.)
 ( 0.,  0.) ( 0.,  0.) ( 0.,  0.) ( 0.,  0.) ( 0.,  0.) ( 0.,  0.)
 ( 0.,  0.) ( 0.,  0.) ( 0.,  0.) ( 0.,  0.) ( 0.,  0.) ( 0.,  0.)
 ( 0.,  0.) ( 0.,  0.) ( 0.,  0.) ( 0.,  0.) ( 0.,  0.) ( 0.,  0.)
 ( 0.,  0.) ( 0.,  0.) ( 0.,  0.) ( 0.,  0.) ( 0.,  0.) ( 0.,  0.)
 ( 0.,  0.) ( 0.,  0.) ( 0.,  0.) ( 0.,  0.) ( 0.,  0.) ( 0.,  0.)
 ( 0.,  0.) ( 0.,  0.) ( 0.,  0.) ( 0.,  0.) ( 0.,  0.) ( 0.,  0.)
 ( 0.,  0.) ( 0.,  0.) ( 0.,  0.) ( 0.,  0.) ( 0.,  0.) ( 0.,  0.)
 ( 0.,  0.) ( 0.,  0.) ( 0.,  0.) ( 0.,  0.) ( 0.,  0.) ( 0.,  0.)
 ( 0.,  0.) ( 0.,  0.) ( 0.,  0.) ( 0.,  0.) ( 0.,  0.) ( 0.,  0.)
 ( 0.,  0.) ( 0.,  0.) ( 0.,  0.) ( 0.,  0.) ( 0.,  0.) ( 0.,  0.)
 ( 0.,  0.) ( 0.,  0.) ( 0.,  0.) ( 0.,  0.) ( 0.,  0.) ( 0.,  0.)
 ( 0.,  0.) ( 0.,  0.) ( 0.,  0.) ( 0.,  0.) ( 0.,  0.) ( 0.,  0.)
 ( 0.,  0.) ( 0.,  0.) ( 0.,  0.) ( 0.,  0.) ( 0.,  0.) ( 0.,  0.)
 ( 0.,  0.) ( 0.,  0.) ( 0.,  0.) ( 0.,  0.) ( 0.,  0.) ( 0.,  0.)
 ( 0.,  0.) ( 0.,  0.) ( 0.,  0.) ( 0.,  0.) ( 0.,  0.) ( 0.,  0.)
 ( 0.,  0.) ( 0.,  0.) ( 0.,  0.) ( 0.,  0.) ( 0.,  0.) ( 0.,  0.)
 ( 0.,  0.) ( 0.,  0.) ( 0.,  0.) ( 0.,  0.) ( 0.,  0.) ( 0.,  0.)
 ( 0.,  0.) ( 0.,  0.) ( 0.,  0.) ( 0.,  0.) ( 0.,  0.) ( 0.,  0.)
 ( 0.,  0.) ( 0.,  0.) ( 0.,  0.) ( 0.,  0.) ( 0.,  0.) ( 0.,  0.)
 ( 0.,  0.) ( 0.,  0.)] 
Solution Description: 
p: [  0.          27.72795333  35.33210754  43.19206712  46.5831419
  81.97682072  88.48453106 134.25141262 185.67192311 189.55455532
 215.74631656   0.          25.62798946  30.53265982  38.55989566
  71.64434419  77.63035263  88.9047633   95.64698729 214.44101989
 217.58078442 217.74345635 241.43640572 246.73094141 288.46472753
 291.54456171 305.3704017  332.58385326 389.70413019   0.
  18.22848068  41.96452735  52.15184717  74.86301627  74.88162331
  79.92118296 104.37038009 107.98937408 119.15245274 126.82840166
   0.          82.38003702 189.33456229 191.23190413 194.29321068
 194.31222338 218.79870551 220.883923   233.79456435 314.13882974
 330.64295776 337.62156262 338.3363055  343.0210278    0.
  10.35822321  38.38675567  75.01901442  77.37254175  89.15804868
  94.7935521  106.20900303 124.96061296 138.48360339 170.85271027
 205.05554425 268.00322358 268.00802071 270.2512018  272.44404858
 283.43399783   0.          34.55766948  50.16032516  67.55187832
  74.1802414   99.66534946 110.67596711] 
pred: [ 0  0  0  0  0  4  4  4  4  4  4  0  0  0  0  0  0  5  5  5  5  5  5  5
 12 12 12 12 12  0  0  0  0  0  0  0  6  6  6  6  0  0  0  0  0  0  0  6
  7  7  7  7  7  7  0  0  0  0  0  0  0  6  6  6  9  9  9  9  9  9  9  0
  0  0  0  0  0  0] 
distance [  0.          27.72795333  35.33210754  43.19206712  46.5831419
  35.39367881  41.90138916  87.66827072 139.08878121 142.97141341
 169.16317466   0.          25.62798946  30.53265982  38.55989566
  71.64434419  77.63035263  11.27441067  18.01663466 136.81066726
 139.95043179 140.11310372 163.80605309 169.10058879  41.73378612
  44.81362029  58.63946029  85.85291185 142.97318877   0.
  18.22848068  41.96452735  52.15184717  74.86301627  74.88162331
  79.92118296  24.44919712  28.06819111  39.23126977  46.9072187
   0.          82.38003702 189.33456229 191.23190413 194.29321068
 194.31222338 218.79870551   2.08521749  12.91064135  93.25490674
 109.75903476 116.73763961 117.4523825  122.1371048    0.
  10.35822321  38.38675567  75.01901442  77.37254175  89.15804868
  94.7935521   11.41545093  30.16706086  43.69005129  32.36910688
  66.57194085 129.51962018 129.52441732 131.76759841 133.96044519
 144.95039444   0.          34.55766948  50.16032516  67.55187832
  74.1802414   99.66534946 110.67596711]
load: [  0   9  13  20  30  25  29  41  51  71  90   0  13  23  38  61  70   4
  29  49  62  84  91 100   5  18  20  43  58   0  23  48  63  73  92 107
  18  30  32  52   0  18  20  28  52  58  63  20  22  34  59  79  89  92
   0  13  19  29  36  37  58   1  16  33  16  39  40  47  58  71  79   0
  21  27  50  61  86  96] 
time: [  0.         281.         297.54750472 308.92871239 342.12967778
 141.         160.         306.         350.35263406 426.
 488.58455483   0.         275.         303.98618851 389.
 412.74439119 448.2361181  181.         198.752644   272.76236861
 317.93545503 351.46431393 425.         444.4444974  141.
 157.80418117 183.3237552  255.         399.           0.
  89.         111.         180.         270.         475.
 512.69400102 197.         247.         262.82400646 299.6535791
   0.         159.         234.91784831 333.         377.3771551
 403.36946641 460.         182.          60.         173.
 366.         400.52866497 456.         471.14681111   0.
  67.         203.         230.         389.         419.83929791
 456.16414771  76.         108.         267.         123.
 403.         464.85170983 503.23971681 535.96205331 546.47031167
 572.76331954   0.         111.         134.81423573 159.0719625
 178.78404537 223.92921174 394.        ] 
time warps: [0 0 0 0 0 0 0 0 0 0 0 0 0 0 0 0 0 0 0 0 0 0 0 0 0 0 0 0 0 0 0 0 0 0 0 0 0
 0 0 0 0 0 0 0 0 0 0 0 0 0 0 0 0 0 0 0 0 0 0 0 0 0 0 0 0 0 0 0 0 0 0 0 0 0
 0 0 0 0] 
duration: [  0.          37.72795333  51.33210754  77.19206712 103.5831419
  37.39367881  69.17553951 235.81400473 308.23451522 365.21423414
 402.40599538   0.          44.62798946  59.53265982 143.54200155
 197.62645008 206.61245852  25.27441067  46.01663466 172.81066726
 200.95043179 213.11310372 287.56222507 316.85676076  46.73378612
  63.81362029  87.63946029 168.84169665 340.93605437   0.
  19.22848068  61.35332752 128.02599323 239.41567959 445.30984852
 454.34940817  45.44919712  82.74518745 114.90826612 142.58421504
   0.          95.38003702 227.33456229 303.08069213 307.14199867
 325.16101138 379.8207675   25.08521749  37.91064135 186.05396087
 372.56658239 404.54518725 430.73833566 444.42305796   0.
  31.35822321 161.64907522 211.21814447 367.32562288 399.11112982
 414.74663323  24.41545093  77.43927545 225.73417044  48.36910688
 348.73167066 417.67934999 442.68414713 452.92732821 467.12017499
 492.11012425   0.          50.55766948  81.16032516 113.55187832
 127.1802414  177.66534946 329.54200455]

All individuals: [(31, [10, 17, 10, 13, 16,  6, 31, 20, 18, 36, 60, 27, 10, 33, 65, 71, 49, 43,  7, 37, 61, 68, 12,  1, 64, 47, 23, 26, 59, 51, 17, 41, 50,  8, 54, 56, 16,  3, 22, 34, 44, 62, 69,  5, 57, 24, 63, 28, 13, 52, 29, 45, 15, 72, 53, 46, 66, 21,  4, 55, 40, 48, 14, 67, 30, 42, 58,  6, 11, 19,  9, 70, 35,  2, 38, 39, 32, 25], 1469.40984115, 1469.40984115, 0.,   0.        ,  0.        ,  0.        ,  1, 48, 25. )
 (31, [10, 17, 10, 13, 16,  6, 31, 20, 18, 36, 60, 27, 10, 33, 65, 71, 49, 43,  7, 37, 61, 68, 12,  1, 64, 47, 23, 26, 59, 51, 17, 41, 50,  8, 54, 56, 16,  3, 22, 34, 44, 62, 69,  5, 57, 24, 63, 28, 13, 52, 29, 45, 15, 72, 53, 46, 66, 21,  4, 55, 40, 48, 14, 67, 30, 42, 58,  6, 11, 19,  9, 70, 35,  2, 38, 39, 32, 25], 1469.40984115, 1469.40984115, 0.,   0.        ,  0.        ,  0.        ,  2, 41, 22.5)
 (31, [10, 17, 10, 13, 16,  6, 31, 20, 18, 36, 60, 27, 10, 33, 65, 71, 49, 43,  7, 37, 61, 68, 12,  1, 64, 47, 23, 26, 59, 51, 17, 41, 50,  8, 54, 56, 16,  3, 22, 34, 44, 62, 69,  5, 57, 24, 63, 28, 13, 52, 29, 45, 15, 72, 53, 46, 66, 21,  4, 55, 40, 48, 14, 67, 30, 42, 58,  6, 11, 19,  9, 70, 35,  2, 38, 39, 32, 25], 1469.40984115, 1469.40984115, 0.,   0.        ,  0.        ,  0.        ,  3, 42, 24. )
 (31, [10, 17, 10, 13, 16,  6, 31, 20, 18, 36, 60, 27, 10, 33, 65, 71, 49, 43,  7, 37, 61, 68, 12,  1, 64, 47, 23, 26, 59, 51, 17, 41, 50,  8, 54, 56, 16,  3, 22, 34, 44, 62, 69,  5, 57, 24, 63, 28, 13, 52, 29, 45, 15, 72, 53, 46, 66, 21,  4, 55, 40, 48, 14, 67, 30, 42, 58,  6, 11, 19,  9, 70, 35,  2, 38, 39, 32, 25], 1469.40984115, 1469.40984115, 0.,   0.        ,  0.        ,  0.        ,  4, 43, 25.5)
 (31, [10, 17, 10, 13, 16,  6, 31, 20, 18, 36, 60, 27, 10, 33, 65, 71, 49, 43,  7, 37, 61, 68, 12,  1, 64, 47, 23, 26, 59, 51, 17, 41, 50,  8, 54, 56, 16,  3, 22, 34, 44, 62, 69,  5, 57, 24, 63, 28, 13, 52, 29, 45, 15, 72, 53, 46, 66, 21,  4, 55, 40, 48, 14, 67, 30, 42, 58,  6, 11, 19,  9, 70, 35,  2, 38, 39, 32, 25], 1469.40984115, 1469.40984115, 0.,   0.        ,  0.        ,  0.        ,  5, 44, 27. )
 (31, [10, 17, 10, 13, 16,  6, 31, 20, 18, 36, 60, 27, 10, 33, 65, 71, 49, 43,  7, 37, 61, 68, 12,  1, 64, 47, 23, 26, 59, 51, 17, 41, 50,  8, 54, 56, 16,  3, 22, 34, 44, 62, 69,  5, 57, 24, 63, 28, 13, 52, 29, 45, 15, 72, 53, 46, 66, 21,  4, 55, 40, 48, 14, 67, 30, 42, 58,  6, 11, 19,  9, 70, 35,  2, 38, 39, 32, 25], 1469.40984115, 1469.40984115, 0.,   0.        ,  0.        ,  0.        ,  7, 46, 30. )
 (31, [10, 17, 10, 13, 16,  6, 31, 20, 18, 36, 60, 27, 10, 33, 65, 71, 49, 43,  7, 37, 61, 68, 12,  1, 64, 47, 23, 26, 59, 51, 17, 41, 50,  8, 54, 56, 16,  3, 22, 34, 44, 62, 69,  5, 57, 24, 63, 28, 13, 52, 29, 45, 15, 72, 53, 46, 66, 21,  4, 55, 40, 48, 14, 67, 30, 42, 58,  6, 11, 19,  9, 70, 35,  2, 38, 39, 32, 25], 1469.40984115, 1469.40984115, 0.,   0.        ,  0.        ,  0.        ,  8, 50, 33. )
 (31, [10, 17, 10, 13, 16,  6, 31, 20, 18, 36, 60, 27, 10, 33, 65, 71, 49, 43,  7, 37, 61, 68, 12,  1, 64, 47, 23, 26, 59, 51, 17, 41, 50,  8, 54, 56, 16,  3, 22, 34, 44, 62, 69,  5, 57, 24, 63, 28, 13, 52, 29, 45, 15, 72, 53, 46, 66, 21,  4, 55, 40, 48, 14, 67, 30, 42, 58,  6, 11, 19,  9, 70, 35,  2, 38, 39, 32, 25], 1469.40984115, 1469.40984115, 0.,   0.        ,  0.        ,  0.        ,  9, 47, 32.5)
 (31, [10, 17, 10, 13, 16,  6, 31, 20, 18, 36, 60, 27, 10, 33, 65, 71, 49, 43,  7, 37, 61, 68, 12,  1, 64, 47, 23, 26, 59, 51, 17, 41, 50,  8, 54, 56, 16,  3, 22, 34, 44, 62, 69,  5, 57, 24, 63, 28, 13, 52, 29, 45, 15, 72, 53, 46, 66, 21,  4, 55, 40, 48, 14, 67, 30, 42, 58,  6, 11, 19,  9, 70, 35,  2, 38, 39, 32, 25], 1469.40984115, 1469.40984115, 0.,   0.        ,  0.        ,  0.        ,  6, 45, 28.5)
 (31, [10, 17, 10, 13, 16,  6, 31, 20, 18, 36, 60, 27, 10, 33, 65, 71, 49, 43,  7, 37, 61, 68, 12,  1, 64, 47, 23, 26, 59, 51, 17, 41, 50,  8, 54, 56, 16,  3, 22, 34, 44, 62, 69,  5, 57, 24, 63, 28, 13, 52, 29, 45, 15, 72, 53, 46, 66, 21,  4, 55, 40, 48, 14, 67, 30, 42, 58,  6, 11, 19,  9, 70, 35,  2, 38, 39, 32, 25], 1469.40984115, 1469.40984115, 0.,   0.        ,  0.        ,  0.        , 10, 49, 34.5)
 (31, [10, 17, 10, 13, 16,  6, 31, 20, 18, 36, 60, 27, 10, 33, 65, 71, 49, 43,  7, 37, 61, 68, 12,  1, 64, 47, 23, 26, 59, 51, 17, 41, 50,  8, 54, 56, 16,  3, 22, 34, 44, 62, 69,  5, 57, 24, 63, 28, 13, 52, 29, 45, 15, 72, 53, 46, 66, 21,  4, 55, 40, 48, 14, 67, 30, 42, 58,  6, 11, 19,  9, 70, 35,  2, 38, 39, 32, 25], 1469.40984115, 1469.40984115, 0.,   0.        ,  0.        ,  0.        ,  2, 41, 22.5)
 (31, [10, 17, 10, 13, 16,  6, 31, 20, 18, 36, 60, 27, 10, 33, 65, 71, 43,  7, 49, 37, 61, 68, 12,  1, 64, 47, 23, 26, 59, 51, 17, 41, 50,  8, 54, 56, 16,  3, 22, 34, 44, 62, 69,  5, 57, 24, 63, 28, 13, 52, 29, 45, 15, 72, 53, 46, 66, 21,  4, 55, 40, 48, 14, 67, 30, 42, 58,  6, 11, 19,  9, 70, 35,  2, 38, 39, 32, 25], 1473.60975687, 1473.60975687, 0.,   0.        ,  0.        ,  3.        , 11, 32, 27. )
 (31, [10, 17, 10, 13, 16,  6, 31, 20, 18, 36, 60, 27, 10, 33, 65, 71, 49, 43,  7, 37, 61, 68, 12,  1, 64, 47, 23, 26, 59, 51, 17, 41, 50,  8, 54, 56, 16,  3, 22, 62, 44, 34, 69,  5, 57, 24, 63, 28, 13, 52, 29, 45, 15, 72, 53, 46, 66, 21,  4, 55, 40, 48, 14, 67, 30, 42, 58,  6, 11, 19,  9, 70, 35,  2, 38, 39, 32, 25], 1474.46430417, 1474.46430417, 0.,   0.        ,  0.        ,  2.66666667, 12, 34, 29. )
 (31, [10, 17, 10, 13, 16,  6, 31, 20, 18, 36, 60, 27, 10, 33, 65, 71, 49, 43,  7, 37, 61, 68, 12,  1, 64, 47, 23, 26, 59, 51, 17, 41, 50,  8, 54, 56, 16,  3, 22, 62, 44, 34, 69,  5, 57, 24, 63, 28, 13, 52, 29, 45, 15, 72, 53, 46, 66, 21,  4, 55, 40, 48, 14, 67, 30, 42, 58,  6, 11, 19,  9, 70, 35,  2, 38, 39, 32, 25], 1474.46430417, 1474.46430417, 0.,   0.        ,  0.        ,  2.66666667, 13, 35, 30.5)
 (31, [10, 17, 10, 13, 16,  6, 31, 20, 18, 36, 60, 27, 10, 33, 65, 71, 49, 43,  7, 37, 61, 59, 51,  1, 64, 47, 23, 26, 68, 12, 17, 41, 50,  8, 54, 56, 16,  3, 22, 34, 44, 62, 69, 52,  5, 57, 24, 63, 28, 13, 29, 45, 15, 72, 53, 46, 66, 21,  4, 55, 40, 48, 14, 67, 30, 42, 58,  6, 11, 19,  9, 70, 35,  2, 38, 39, 32, 25], 1478.19050758, 1558.48739291, 0.,   0.        ,  0.        ,  1.        , 19, 40, 39. )
 (31, [10, 17, 10, 13, 16,  6, 31, 20, 18, 36, 60, 27, 10, 33, 65, 71, 43,  7, 37, 49, 61, 68, 12,  1, 64, 47, 23, 26, 59, 51, 17, 41, 50,  8, 54, 56, 16,  3, 22, 34, 44, 62, 69,  5, 57, 24, 63, 28, 13, 52, 29, 45, 15, 72, 53, 46, 66, 21,  4, 55, 40, 48, 14, 67, 30, 42, 58,  6, 11, 19,  9, 70, 35,  2, 38, 39, 32, 25], 1486.63120212, 1486.63120212, 0.,   0.        ,  0.        ,  3.        , 14, 30, 29. )
 (31, [10, 17, 10, 13, 16,  6, 31, 20, 18, 36, 60, 27, 10, 33, 65, 71, 49, 43,  7, 37, 61, 68, 12, 59, 51,  1, 64, 47, 23, 26, 17, 41, 50,  8, 54, 56, 16,  3, 22, 34, 44, 62, 69,  5, 57, 24, 63, 28, 13, 52, 29, 45, 15, 72, 53, 46, 66, 21,  4, 55, 40, 48, 14, 67, 30, 42, 58,  6, 11, 19,  9, 70, 35,  2, 38, 39, 32, 25], 1493.16672396, 1530.39712608, 0.,   0.        ,  0.        ,  1.        , 18, 39, 37.5)
 (31, [10, 17, 10, 13, 16,  6, 31, 20, 18, 36, 60, 27, 10, 33, 65, 71, 43,  7, 37, 61, 68, 12, 49,  1, 64, 47, 23, 26, 59, 51, 17, 41, 50,  8, 54, 56, 16,  3, 22, 34, 44, 62, 69,  5, 57, 24, 63, 28, 13, 52, 29, 45, 15, 72, 53, 46, 66, 21,  4, 55, 40, 48, 14, 67, 30, 42, 58,  6, 11, 19,  9, 70, 35,  2, 38, 39, 32, 25], 1495.99411747, 1495.99411747, 0.,   0.        ,  0.        ,  3.        , 15, 28, 29. )
 (31, [10, 17, 10, 13, 15,  7, 31, 20, 18, 36, 60, 27, 10, 33, 65, 71, 49, 43,  7, 37, 61, 68, 12,  1, 64, 47, 23, 26, 59, 51, 17, 41, 50,  8, 54, 56, 16,  3, 22, 34, 44, 62, 69,  5, 57, 24, 63, 28, 13, 52, 29, 45, 15, 72, 53, 46, 66, 21,  4, 55, 40, 48, 14, 67, 30, 42, 58,  6, 11, 19,  9, 70, 35,  2, 38, 39, 32, 25], 1522.00829049, 1522.00829049, 0.,   0.        ,  0.        ,  2.        , 16, 37, 34.5)
 (31, [10, 17, 10, 13, 16,  6, 31, 20, 18, 36, 60, 27, 10, 33, 65, 71, 43,  7, 37, 61, 68, 12, 47, 64, 59, 51, 17,  1, 23, 26, 49, 41, 50,  8, 54, 56, 16,  3, 22, 34, 44, 62, 69,  5, 57, 24, 63, 28, 13, 52, 29, 45, 15, 72, 53, 46, 66, 21,  4, 55, 40, 48, 14, 67, 30, 42, 58,  6, 11, 19,  9, 70, 35,  2, 38, 39, 32, 25], 1524.88030132, 1524.88030132, 0.,   0.        ,  0.        ,  1.        , 17, 38, 36. )
 (31, [10, 17, 10, 13, 16,  6, 31, 20, 18, 36, 60, 27, 10, 33, 65, 71, 43,  7, 37, 61, 68, 12, 47, 64, 59, 51,  1, 23, 26, 49, 17, 41, 50,  8, 54, 56, 16,  3, 22, 34, 44, 62, 69,  5, 57, 24, 63, 28, 13, 52, 29, 45, 15, 72, 53, 46, 66, 21,  4, 55, 40, 48, 14, 67, 30, 42, 58,  6, 11, 19,  9, 70, 35,  2, 38, 39, 32, 25], 1526.54857261, 1526.54857261, 0.,   0.        ,  0.        ,  3.        , 20, 29, 34.5)
 (31, [10, 17, 10, 13, 16,  6, 31, 20, 18, 36, 60, 27, 10, 33, 65, 71, 49, 43,  7, 37, 68, 12, 47, 61,  1, 64, 23, 26, 59, 51, 17, 41, 50,  8, 54, 56, 16,  3, 22, 34, 44, 62, 69,  5, 57, 24, 63, 28, 13, 52, 29, 45, 15, 72, 53, 46, 66, 21,  4, 55, 40, 48, 14, 67, 30, 42, 58,  6, 11, 19,  9, 70, 35,  2, 38, 39, 32, 25], 1535.3185426 , 1535.3185426 , 0.,   0.        ,  0.        ,  5.        , 21, 24, 33. )
 (31, [10, 17, 10, 13, 16,  6, 31, 20, 18, 36, 60, 27, 10, 33, 65, 71, 49, 43,  7, 37, 47, 23, 26, 59, 51, 64,  1, 12, 68, 61, 17, 41, 50,  8, 54, 56, 16,  3, 22, 34, 44, 62, 69,  5, 57, 24, 63, 28, 13, 52, 29, 45, 15, 72, 53, 46, 66, 21,  4, 55, 40, 48, 14, 67, 30, 42, 58,  6, 11, 19,  9, 70, 35,  2, 38, 39, 32, 25], 1593.9083373 , 1569.56216446, 0.,  12.17308642,  0.        ,  2.66666667, 22, 33, 38.5)
 (31, [10, 17, 10, 13, 16,  6, 31, 20, 18, 36, 60, 27, 10, 33, 65, 71, 49, 43,  7, 37, 47, 23, 26, 59, 51, 64,  1, 12, 68, 61, 17, 41, 50,  8, 54, 56, 16,  3, 22, 34, 44, 62, 69,  5, 57, 24, 63, 28, 13, 52, 29, 45, 15, 72, 53, 46, 66, 21,  4, 55, 40, 48, 14, 67, 30, 42, 58,  6, 11, 19,  9, 70, 35,  2, 38, 39, 32, 25], 1593.9083373 , 1569.56216446, 0.,  12.17308642,  0.        ,  2.66666667, 23, 36, 41. )
 (31, [10, 17, 10, 13, 16,  6, 31, 20, 18, 36, 60, 27, 10, 33, 65, 71, 49, 43,  7, 37, 47, 23, 26, 59, 51, 61,  1, 12, 68, 64, 17, 41, 50,  8, 54, 56, 16,  3, 22, 34, 44, 62, 69,  5, 57, 24, 63, 28, 13, 52, 29, 45, 15, 72, 53, 46, 66, 21,  4, 55, 40, 48, 14, 67, 30, 42, 58,  6, 11, 19,  9, 70, 35,  2, 38, 39, 32, 25], 1620.55683499, 1620.55683499, 0.,   0.        ,  0.        ,  3.33333333, 24, 27, 37.5)
 (31, [10, 17, 10, 13, 15,  7, 31, 20, 18, 36, 60, 27, 10, 33, 65, 71, 49, 28,  7, 37, 61, 68, 12,  1, 64, 47, 23, 26, 59, 51, 17, 41, 50,  8, 54, 56, 16,  3, 22, 34, 44, 62, 69,  5, 57, 24, 63, 43, 13, 52, 29, 45, 15, 72, 53, 46, 66, 21,  4, 55, 40, 48, 14, 67, 30, 42, 58,  6, 11, 19,  9, 70, 35,  2, 38, 39, 32, 25], 1712.35904905, 1712.35904905, 0.,   0.        ,  0.        ,  5.33333333, 25, 22, 36. )
 (31, [10, 17,  9, 14, 16,  6, 31, 20, 18, 36, 60, 27, 10, 33, 65, 71, 43,  7, 37, 61, 68, 12, 47, 64, 59, 51, 17,  1, 23, 26, 49, 41, 50,  8, 54, 56, 16,  3, 22, 34, 44, 62, 69,  5, 57, 24, 63, 28, 13, 52, 29, 45, 15, 72, 53, 46, 66, 21,  4, 55, 40, 48, 14, 67, 30, 42, 58,  6,  2, 11, 19,  9, 70, 35, 38, 39, 32, 25], 1777.42249105, 1845.58264259, 0.,   0.        ,  0.        ,  5.        , 26, 25, 38.5)
 (31, [10, 17, 10, 13, 16,  6, 31, 20, 18, 36, 60, 27, 10, 33, 65, 71, 49, 43,  7, 37, 47, 23, 26, 59, 51, 64,  1, 12, 68, 61, 17, 41, 50,  8, 54, 56, 16,  3, 22, 34, 44, 62, 69,  5, 53, 24, 63, 28, 13, 52, 29, 45, 15, 72, 57, 46, 66, 21,  4, 55, 40, 48, 14, 67, 30, 42, 58,  6, 11, 19,  9, 70, 35,  2, 38, 39, 32, 25], 1786.27897767, 1761.93280483, 0.,  12.17308642,  0.        ,  5.33333333, 27, 23, 38.5)
 (31, [10, 17, 10, 12, 16,  7, 31, 20, 18, 36, 60, 27, 10, 33, 65, 71, 49, 43,  7, 37, 47, 23, 26, 59, 51, 61,  1, 12, 68, 64, 17, 41, 50,  8, 54, 56, 16,  3, 22, 34, 44, 62, 69,  5, 57, 24, 63, 28, 13, 52, 29, 45, 15, 72, 53, 46, 66, 21,  4, 55, 40, 48, 14, 67, 30, 42, 58,  6, 11, 19,  9, 70, 35,  2, 38, 39, 32, 25], 1794.16007442, 1794.16007442, 0.,   0.        ,  0.        ,  4.66666667, 28, 26, 41. )
 (31, [10, 16, 10, 13, 16,  7, 31, 20, 18, 36, 60, 27, 10, 33, 65, 71, 49, 43,  7, 37, 61, 68, 59, 51, 12,  1, 64, 47, 23, 26, 17, 41,  8, 54, 56, 16,  3, 22, 62, 44, 34, 50,  5, 57, 24, 63, 28, 13, 52, 29, 69, 45, 15, 72, 53, 46, 66, 21,  4, 55, 40, 48, 14, 67, 30, 42, 58,  6, 11, 19,  9, 70, 35,  2, 38, 39, 32, 25], 1844.84503737, 1873.75009831, 0.,   5.50877979,  0.        ,  7.66666667, 29, 20, 39. )
 (31, [10, 16, 10, 13, 16,  7, 31, 20, 18, 36, 60, 27, 10, 33, 65, 71, 49, 43,  7, 37, 61, 68, 59, 51, 12,  1, 64, 47, 23, 26, 17, 41,  8, 54, 56, 16,  3, 22, 62, 44, 34, 50,  5, 57, 24, 63, 28, 13, 52, 69, 29, 45, 15, 72, 53, 46, 66, 21,  4, 55, 40, 48, 14, 67, 30, 42, 58,  6, 11, 19,  9, 70, 35,  2, 38, 39, 32, 25], 1872.99604371, 1912.91866423, 0.,   0.        ,  0.        ,  7.66666667, 30, 21, 40.5)
 (31, [10, 17, 11, 13, 16,  5, 31, 20, 18, 36, 60, 27, 10, 33, 65, 71, 49, 43,  7, 37, 47, 23, 26, 59, 51, 64,  1, 12, 68, 61, 17, 41, 50,  8, 54, 56, 16,  3, 22, 62, 44, 34, 69,  5, 57, 24, 63, 28, 13, 52, 29, 55, 15, 72, 53, 46, 66, 21,  4, 45, 40, 48, 14, 67, 30, 42, 58,  6, 11, 19,  9, 70, 35,  2, 38, 39, 32, 25], 1983.86851503, 2072.21688525, 0.,  12.17308642,  0.        , 11.        , 31, 12, 37. )
 (31, [10, 17, 10, 13, 15,  7, 31, 20, 18, 36, 60, 27, 10, 33, 65, 71, 49, 28,  7, 37, 61, 68, 12,  1, 64, 47, 52, 26, 59, 51, 17, 41, 50,  8, 54, 56, 16,  3, 22, 34, 44, 62, 69,  5, 57, 24, 63, 43, 13, 23, 29, 45, 15, 72, 53, 46,  9, 66, 21,  4, 55, 40, 48, 14, 67, 30, 42, 58,  6, 11, 19, 70, 35,  2, 38, 39, 32, 25], 1995.42735615, 1994.85047682, 0.,   0.28843966,  0.        , 10.        , 32, 16, 40. )
 (31, [10, 18,  8, 13, 18,  5, 31, 20, 18, 36, 60, 27, 10, 33, 65, 71, 43,  7, 37, 61, 68, 12, 47, 64, 59, 51, 17,  1, 23, 26, 49, 41, 22, 50,  8, 54, 56, 16,  3, 34, 44, 62, 69,  5, 57, 24, 63, 28, 13, 52, 29, 45, 15, 72, 53, 46, 66, 21,  4, 55, 40, 48, 14, 67, 30, 42, 58,  6, 11, 19,  9, 70, 35,  2, 38, 39, 32, 25], 2005.17062697, 2309.33841335, 0.,   0.        ,  0.        ,  9.        , 33, 18, 42. )
 (31, [ 9, 16, 11, 13, 17,  6, 31, 20, 18, 36, 60, 27, 10, 33, 65, 71, 49, 43,  7, 37, 61, 68, 12,  1, 64, 47, 23, 26, 59, 51, 17, 41, 50,  8, 54, 56, 22, 16,  3, 34, 44, 62, 69,  5, 57, 24, 63, 28, 13, 52, 29, 45, 15, 72, 53,  4, 46, 66, 21, 55, 40, 48, 14, 67, 30, 42, 58,  6, 11, 19,  9, 70, 35,  2, 38, 39, 32, 25], 2009.94340838, 2078.10355992, 0.,   0.        ,  0.        , 10.        , 34, 14, 41. )
 (31, [10, 17, 10, 13, 16,  6, 31, 20, 18, 36, 60, 27, 10, 33,  8, 65, 71, 49, 43,  7, 37, 61, 68, 12,  1, 64, 47, 23, 26, 59, 51, 17, 41, 50, 54, 56, 16,  3, 22, 34, 44, 62, 69,  5, 57, 24, 63, 28, 13, 52, 29, 45, 15, 72, 53, 46, 66, 21,  4, 55, 40, 48, 14, 67, 30, 42, 58,  6, 11, 19,  9, 70, 35,  2, 38, 39, 32, 25], 2024.45910795, 2024.45910795, 0.,   0.        ,  0.        ,  3.        , 35, 31, 50.5)
 (31, [ 8, 17, 10, 15, 16,  6, 31, 20, 18, 36, 60, 27, 10, 33, 65, 71, 49, 43,  7, 37, 61, 68, 12,  1, 64, 47, 23, 26, 59, 51, 17, 41, 50,  8, 54, 56, 16,  3, 22, 25, 44, 62, 69,  5, 57, 24, 63, 28, 13, 52, 29, 45, 15, 72, 53, 46, 66, 21, 35,  4, 55, 40, 48, 14, 67, 30, 42, 58,  6, 11, 19,  9, 70,  2, 38, 39, 32, 34], 2155.71391237, 2251.35311116, 0.,  10.06006212,  0.        , 10.        , 36, 13, 42.5)
 (31, [10, 17, 10, 13, 15,  7, 20, 18, 36, 60, 27, 31, 10, 33, 65, 71, 43,  7, 37, 61, 68, 12, 47, 64, 59, 51, 17,  1, 49, 30, 23, 26, 41, 50,  8, 54, 56, 16,  3, 22, 34, 62, 69,  5, 57, 24, 63, 28, 13, 52, 29, 45, 15, 72, 53, 44, 46, 66, 14, 67, 35,  2, 70,  9, 19, 48, 40, 42, 58,  6, 11, 21,  4, 55, 25, 38, 39, 32], 2216.88663972, 2408.19874596, 0.,   0.        ,  0.        , 22.        , 37,  6, 40. )
 (31, [12, 18, 10, 12, 15,  5, 31, 20, 18, 36, 60, 27, 10, 33, 65, 71, 49, 43,  7, 37, 61, 68, 12, 23, 47, 64,  1, 26, 59, 51, 17, 41, 50,  8, 54, 56, 16,  3, 22, 34, 44, 62, 69,  5, 57, 24, 63, 28, 13, 52, 29, 45, 15, 72, 53, 46, 66, 21,  4, 55, 40, 48, 14, 67, 30, 42, 58,  6, 11, 19,  9, 70, 35,  2, 38, 39, 32, 25], 2219.9220193 , 2246.93503303, 0.,  19.95260052,  0.        , 11.        , 38, 11, 43.5)
 (31, [10, 18, 10, 13, 16,  5, 31, 20, 18, 36, 60, 27, 10, 33, 65, 71, 43,  7, 37, 47, 12, 68, 61, 64, 59, 51, 17,  1, 23, 26, 49, 41, 50,  8, 54, 56, 16,  3, 22, 62, 44, 34, 69,  5, 57, 24, 63, 28, 13, 52, 29, 55, 15, 72, 53, 46, 66, 21,  4, 45, 40, 48, 14, 67, 30, 42, 58,  2,  6, 11, 19,  9, 70, 35, 38, 39, 32, 25], 2226.17588407, 2338.87042714, 0.,   0.        ,  0.        , 16.66666667, 39,  9, 43.5)
 (31, [11, 17,  8, 13, 16,  7, 31, 20, 18, 36, 60, 27, 10, 33, 65, 71, 49, 43,  7, 37, 61, 68, 12,  1, 64, 47, 23, 26, 59, 51, 17, 41, 50,  8, 54, 56, 16,  3, 67, 22, 34, 44, 62, 69,  5, 57, 24, 63, 28, 13, 52, 29, 45, 15, 72, 53, 46, 66, 21,  4, 55, 40, 48, 14, 30, 42, 58,  6,  2, 11, 19,  9, 70, 35, 38, 39, 32, 25], 2271.83232468, 2339.99247622, 0.,   0.        ,  0.        , 10.        , 40, 15, 47.5)
 (31, [ 9, 17,  9, 13, 17,  7, 31, 20, 18, 36, 60, 27, 10, 33, 65, 71, 49, 28,  7, 37, 61, 68, 12,  1, 64, 47, 23, 26, 59, 51, 17, 41, 50,  8, 54, 56, 16,  3, 22, 34, 44, 62, 69,  5, 57, 24, 63, 43, 13, 52, 29, 45, 15, 72, 53, 46, 66, 21,  4, 55, 40, 48, 14, 67, 30, 42, 58,  6, 11, 19,  9, 70,  2, 38, 39, 32, 35, 25], 2325.11155943, 2393.27171098, 0.,   0.        ,  0.        ,  9.66666667, 41, 17, 49.5)
 (31, [10, 17,  9, 13, 16,  7, 31, 20, 18, 36, 60, 27, 10, 33, 65, 71, 49,  7, 37, 61, 68, 59, 51, 12,  1, 64, 47, 23, 26, 17, 41,  8, 54, 56, 16,  3, 22, 62, 44, 34, 50,  5, 57, 28, 69, 24, 63, 43, 13, 52, 29, 45, 15, 72, 53, 46, 66, 21,  4, 40, 55, 48, 30, 67, 14, 42, 58,  6, 11,  9, 19, 35,  2, 38, 39, 32, 25, 70], 2360.42808703, 2458.04409021, 0.,   0.        ,  0.        , 21.66666667, 42,  7, 45.5)
 (31, [11, 16, 10, 12, 17,  6, 31, 20, 18, 36, 60, 27, 10, 33, 65, 71,  7, 37, 61, 68, 12, 47, 64, 59, 42, 17,  1, 23, 26, 49, 41, 50,  8, 54, 56, 16,  3, 22, 34, 44, 28, 62, 69,  5, 57, 24, 63, 43, 13, 52, 29, 45, 15, 72, 46, 53, 66, 21,  4, 55, 40, 48, 14, 67, 30, 51, 58,  6, 11, 19,  9, 70, 35,  2, 38, 39, 32, 25], 2385.44815012, 2385.44815012, 0.,   0.        ,  0.        , 16.        , 44, 10, 49. )
 (31, [ 9, 18, 10, 13, 16,  6, 31, 20, 18, 36, 60, 27, 10, 33, 65, 71, 49, 43,  7, 37, 47, 23, 26, 59, 51, 64,  1, 12, 68, 61, 17, 41, 50,  8, 54, 56, 16,  3, 22, 62, 44, 34, 69,  5, 57, 24, 63, 40, 45,  4, 21, 66, 46, 53, 72, 15, 55, 29, 52, 13, 28, 48, 14, 67, 30, 42, 58,  2,  6, 11, 19,  9, 70, 35, 38, 39, 32, 25], 2525.21002685, 2470.83991211, 0.,  12.17308642, 15.01197095, 23.33333333, 45,  4, 47. )
 (31, [10, 16, 11, 13, 10, 12, 31, 20, 18, 36, 60, 27, 10, 33, 32, 11, 19,  9, 65, 71, 49, 43,  7, 37, 61, 68, 12,  1, 64, 47, 23, 26, 59, 51, 17, 41, 50,  8, 54, 56, 16,  3, 22, 34, 44, 62, 69,  5, 57, 24, 63, 28, 13, 52, 29, 45, 15, 72, 53, 46, 66, 21,  4, 55, 40, 48, 14, 67, 30, 42, 58, 38, 35,  6, 39,  2, 25, 70], 2570.61569206, 2675.99127461, 0.,   0.        ,  0.        , 23.33333333, 46,  3, 47.5)
 (31, [10, 17, 10, 13, 16,  6, 49, 23, 12,  1, 64, 47, 26, 59, 31, 61, 68, 43, 65, 71, 60, 27, 36, 18, 10, 33, 37,  7, 51, 17, 41, 50, 20,  8, 54, 56, 16,  3, 22, 62, 44, 34, 69,  5, 57, 24, 63, 28, 13, 52, 29, 45, 15, 72, 53, 46, 66, 21,  4, 55, 40, 48, 14, 67, 30, 42, 58,  6, 11, 19,  9, 70, 35,  2, 38, 39, 32, 25], 2608.89467908, 2608.89467908, 0.,   0.        ,  0.        , 17.33333333, 47,  8, 51. )
 (31, [10, 17, 10, 13, 16,  6, 31, 20, 18, 56, 54,  8, 50, 41, 17, 49, 51, 59, 26, 23, 47, 64,  1, 12, 68, 61, 36, 60, 27, 10, 33, 65, 71, 43,  7, 37, 16,  3, 22, 62, 44, 34, 69,  5, 57, 24, 63, 28, 13, 52, 29, 45, 15, 72, 53, 46, 66, 21,  4, 55, 40, 48, 14,  2, 67, 30, 42, 58,  6, 11, 19,  9, 70, 35, 38, 39, 32, 25], 2690.21141607, 2481.53566987, 0., 125.23304112, 12.56393937, 23.        , 48,  5, 50.5)
 (31, [10, 17, 10, 13, 16,  6, 31,  3, 16, 56, 54,  8, 50, 41, 17, 49, 51, 43,  7, 37, 61, 68, 12,  1, 64, 59, 26, 23, 47, 71, 65, 33, 10, 27, 60, 36, 18, 20, 22, 34, 44, 62, 69,  5, 57, 24, 63, 28, 13, 52, 29, 45, 15, 72, 53, 46, 66, 21,  4, 55, 40, 48, 14, 67, 30, 42, 58,  6, 11, 19,  9, 70, 35,  2, 38, 39, 32, 25], 2811.39141389, 2699.00529752, 0.,  53.80543331,  2.38762488, 25.        , 49,  2, 50. )
 (31, [10, 17, 10, 13, 16,  6, 31, 20, 18, 36, 60, 27, 10, 33, 65, 71, 49, 43,  7, 37, 61, 68, 12,  1, 64, 47, 23, 26, 59, 51, 17, 41, 50,  8, 54, 39, 38,  2, 35, 70,  9, 19, 11,  6, 58, 42, 30, 67, 14, 48, 40, 55,  4, 21, 66, 46, 53, 72, 15, 45, 29, 52, 13, 28, 63, 24, 57,  5, 69, 62, 44, 34, 22,  3, 16, 56, 32, 25], 2874.00264779, 2969.65220676, 0.,  36.5326929 , 17.94869607, 40.        , 50,  1, 50.5)]