Population size: 100
Generations: 1
Fitness scaling: power_rank
Selection method: n_tournaments
Adaptive tournament size: 2
Elitism: 0.1
Best fitness found before local search: 702.9156496416747
Best fitness found after local search: 576.87
Best individual found: (83, [14, 19,  8,  9, 44, 45, 33, 15, 37, 17, 42, 19, 40, 41, 13, 25, 18,  4,  6, 27,  1, 32, 11, 46, 48,  8, 26, 31, 28, 22, 23,  7, 43, 24, 14, 12, 47,  9, 34, 30, 39, 10, 49,  5, 38, 35, 36,  3, 20, 21, 50, 16,  2, 29], 576.86568748, 576.86568748, 0.)
Total Runtime in seconds: 2.9740304946899414
Solution Description:
 p: [  0.          22.36067977  42.94688058  56.33274658  56.63029632
  59.51450143  60.06376899  80.16352023  88.55714329 109.8060787
 111.81114665 126.61620957 162.9790847  173.34181684 173.61592588
   0.          22.8035085   28.45713939  42.41184113  44.60215967
  53.04687848  53.43939091  85.06216751 100.49303921 113.8416819
 125.56416962 132.02250529 132.91438483 176.95981592 187.43955253
 207.71690439 210.49070253 214.31187425 230.43638975 237.80811313
   0.           7.21110255  24.00730553  27.85775895  48.84820547
  50.41073492  56.06758917  71.4853733   75.62750892   0.
  26.30589288  38.47109303  47.44327044  47.67300836  64.13827048
  77.3309398   81.42791812  88.9756883   89.81413955] 
 pred: [ 0  0  0  0  0  0  0  6  6  6  6  6 10 11 11  0  0  0  0  0  0  0  6  6
  6  6  6  6 12 12 12 12 12 17 17  0  0  0  0  0  0  5  5  5  0  0  0  0
  0  0  4  4  4  4] 
 load: [ 0 16 26 49 59 68 71 13 22 29 56 79 51 69 78  0 15 30 37 49 68 73 17 40
 47 58 72 80 16 35 46 56 77 29 54  0 11 37 56 70 75 18 39 54  0 17 23 39
 67 75 18 33 63 69] 
 duration: [  0  22  42  56  56  59  60  80  88 109 111 126 162 173 173   0  22  28
  42  44  53  53  85 100 113 125 132 132 176 187 207 210 214 230 237   0
   7  24  27  48  50  56  71  75   0  26  38  47  47  64  77  81  88  89]

All individuals: [(83, [14, 19,  8,  9, 44, 45, 33, 15, 37, 17, 42, 19, 40, 41, 13, 25, 18,  4,  6, 27,  1, 32, 11, 46, 48,  8, 26, 31, 28, 22, 23,  7, 43, 24, 14, 12, 47,  9, 34, 30, 39, 10, 49,  5, 38, 35, 36,  3, 20, 21, 50, 16,  2, 29], 576.86568748, 576.86568748, 0.)
 (71, [ 9, 19, 12, 10, 18,  4, 25, 13, 17, 37, 15, 44, 45, 41, 19, 42, 40, 32,  1, 27, 48,  8,  6, 14,  7, 31, 26, 23, 24, 43, 46, 12, 47, 11, 38,  5, 49, 10, 30, 39, 33, 50, 16,  9, 34, 28,  3, 22,  2, 29, 21, 20, 35, 36], 702.91564964, 702.91564964, 0.)
 (33, [14, 16, 11,  9,  4, 18, 25, 13, 17, 37, 15, 44, 45, 24, 40, 19, 41, 42, 48, 27,  1, 32,  8, 14,  6,  7, 23, 43, 26, 31, 12, 47, 46, 11, 38,  5, 49, 10, 30, 39, 33, 16, 50,  9, 34,  3, 28, 22,  2, 29, 20, 35, 36, 21], 703.67742074, 703.67742074, 0.)
 (94, [15, 15, 11,  9,  4, 18, 13, 25, 44, 15, 45, 37, 17, 40, 19, 41, 42,  1, 32, 48, 27,  8, 14,  6, 31, 26,  7, 23, 24, 43, 47, 12, 46, 11, 38,  5, 33, 10, 49, 30, 39, 34, 50, 16,  9,  3, 28, 22,  2, 29, 36, 35, 20, 21], 703.8208896 , 703.8208896 , 0.)
 (54, [17, 14, 10,  9,  4, 18, 13, 25, 45, 15, 44, 37, 17, 42, 19, 41, 40, 27,  1, 32, 48,  8, 14,  6, 31, 26,  7, 23, 24, 43, 11, 46, 12, 47, 38,  5, 33, 10, 49, 30, 39, 16, 50,  9, 34, 28,  3, 22,  2, 29, 20, 35, 36, 21], 706.3778769 , 706.3778769 , 0.)
 (57, [13, 17, 11,  9,  4, 18, 13, 25, 15, 44, 37, 17, 45, 40, 19, 41, 42, 48, 27,  1, 32,  8,  6, 14, 26, 31,  7, 23, 24, 43, 12, 47, 46, 11,  5, 38, 49, 10, 30, 39, 33, 16, 50,  9, 34,  3, 28, 22,  2, 29, 21, 20, 35, 36], 707.40224179, 707.40224179, 0.)
 (56, [13, 17, 12,  8, 18,  4, 13, 25, 15, 44, 37, 17, 45, 41, 19, 42, 40, 48, 27,  1, 32,  8, 14,  6, 26, 31,  7, 23, 24, 43, 12, 46, 11, 47,  5, 38, 49, 10, 30, 39, 33, 34, 50, 16,  9, 29,  2, 22, 28,  3, 36, 35, 20, 21], 708.37145722, 708.37145722, 0.)
 (96, [12, 16,  9, 13, 18,  4, 13, 25, 37, 17, 44, 15, 45, 42, 19, 41, 40,  8, 48, 27,  1, 32,  6, 14,  7, 23, 24, 43, 26, 31, 47, 12, 46, 11,  5, 38, 49, 10, 30, 39, 33, 34, 50, 16,  9,  3, 28, 22,  2, 29, 20, 35, 36, 21], 709.27162874, 709.27162874, 0.)
 (73, [17,  8, 17,  8,  4, 18, 25, 13, 45, 15, 44, 37, 17, 19, 41, 40, 42, 32,  1, 27, 48,  8, 14,  6, 31, 24, 23,  7, 26, 43, 47, 12, 46, 11,  5, 38, 30, 10, 49, 39, 33,  9, 50, 16, 34,  3, 28, 22,  2, 29, 35, 36, 20, 21], 709.37886472, 709.37886472, 0.)
 (78, [13, 10, 14, 13,  4, 18, 13, 25, 17, 37, 15, 44, 45, 41, 19, 42, 40, 27,  1, 32, 48,  8, 14,  6, 31, 26,  7, 23, 24, 43, 11, 46, 12, 47, 38,  5, 49, 10, 30, 39, 33,  9, 50, 16, 34,  2, 29,  3, 28, 22, 20, 35, 36, 21], 709.42257474, 709.42257474, 0.)
 (78, [13, 14, 12, 11, 18,  4, 25, 13, 17, 37, 15, 44, 45, 19, 41, 40, 42, 48, 27,  1, 32,  8, 14,  6, 31, 26,  7, 23, 24, 43, 11, 46, 12, 47,  5, 38, 33, 10, 49, 30, 39, 50, 16,  9, 34, 22, 28,  3,  2, 29, 36, 35, 20, 21], 709.42257474, 709.42257474, 0.)
 (78, [16, 17, 10,  7,  4, 18, 25, 13, 15, 44, 37, 17, 45, 19, 41, 40, 42, 48, 27,  1, 32,  8, 14,  6, 31, 26,  7, 23, 24, 43, 11, 46, 12, 47, 38,  5, 49, 10, 30, 39, 33,  9, 50, 16, 34, 29,  2, 22, 28,  3, 20, 35, 36, 21], 709.42257474, 709.42257474, 0.)
 (58, [12, 17, 10, 11,  4, 18, 13, 25, 15, 44, 37, 17, 45, 42, 19, 41, 40, 27, 48,  8,  1, 32, 14,  6, 31, 26,  7, 23, 24, 43, 46, 12, 47, 11, 38,  5, 33, 10, 49, 30, 39, 50, 16,  9, 34, 29,  2, 22, 28,  3, 21, 20, 35, 36], 711.39257766, 711.39257766, 0.)
 (58, [15, 15,  9, 11, 18,  4, 25, 13, 17, 37, 15, 44, 45,  6, 42, 19, 41, 40,  8, 48, 27,  1, 32, 14, 31, 26,  7, 23, 24, 43, 46, 12, 47, 11, 38,  5, 33, 10, 49, 30, 39, 50, 16,  9, 34, 29,  2, 22, 28,  3, 21, 20, 35, 36], 711.39257766, 711.39257766, 0.)
 (58, [15, 15, 13,  7, 18,  4, 13, 25, 37, 17, 15, 44, 45, 42, 19, 41, 40,  8, 48, 27,  1, 32, 14,  6, 31, 26, 23,  7, 43, 24, 11, 46, 12, 47,  5, 38, 49, 10, 30, 39, 33, 16, 50,  9, 34,  2, 29,  3, 28, 22, 20, 35, 36, 21], 711.39257766, 711.39257766, 0.)
 (40, [16, 12, 13,  9,  4, 18, 25, 13, 17, 37, 15, 44, 45, 41, 19, 42, 40, 32,  1, 27, 48,  8,  6, 14,  7, 23, 24, 43, 26, 31, 12, 47, 46, 11, 38,  5, 49, 10, 30, 39, 33, 50, 16,  9, 34, 28,  3, 29,  2, 22, 36, 35, 20, 21], 711.5577155 , 711.5577155 , 0.)
 ( 7, [10, 17,  9, 14,  4, 18, 25, 13, 17, 37, 15, 44, 45, 41, 19, 42, 40, 32,  1, 27, 48,  8, 14,  6, 43,  7, 23, 24, 26, 31, 47, 10, 30,  5, 38, 11, 46, 12, 49, 39, 33,  9, 50, 16, 34,  3, 28, 22,  2, 29, 35, 36, 20, 21], 714.16081151, 714.16081151, 0.)
 (52, [14, 15,  8, 13, 18,  4, 25, 13, 45, 15, 44, 37, 17, 42, 19, 41, 40,  8, 48, 27,  1, 32, 14,  6, 26, 31,  7, 23, 24, 43, 46, 12, 47, 11, 38,  5, 33, 10, 49, 30, 39, 34, 50, 16,  9, 22, 28,  3,  2, 29, 36, 35, 20, 21], 714.43025477, 714.43025477, 0.)
 (52, [12, 15, 15,  8,  4, 18, 13, 25, 44, 15, 45, 37, 17, 42, 19, 41, 40,  8, 48, 27,  1, 32, 14,  6, 24, 23, 10, 33,  5, 38, 11, 46, 47, 12, 43, 31, 26,  7, 49, 30, 39, 34, 50, 16,  9,  3, 28, 22,  2, 29, 20, 35, 36, 21], 714.43025477, 714.43025477, 0.)
 (52, [16,  8, 16, 10, 18,  4, 25, 13, 37, 17, 44, 15, 45, 19, 41, 42, 40,  8, 48, 27,  1, 32, 14,  6, 26, 31,  7, 23, 24, 43, 46, 12, 47, 11,  5, 38, 33, 10, 49, 30, 39, 34, 50, 16,  9, 22, 28,  3,  2, 29, 21, 20, 35, 36], 714.43025477, 714.43025477, 0.)
 (11, [12, 16, 11, 11,  4, 18, 13, 25, 45, 15, 11, 37, 17, 42, 19, 41, 40, 27, 48,  1, 32,  8, 14,  6, 23,  7, 26, 31, 43, 24, 47, 12, 46, 44, 38,  5, 49, 10, 30, 39, 33,  9, 50, 16, 34,  3, 28, 22,  2, 29, 35, 36, 20, 21], 714.90260225, 714.90260225, 0.)
 (26, [14, 10, 17,  9,  4, 18, 25, 13, 45, 15, 44, 37, 17, 32,  1, 27, 48,  8, 42, 41, 19, 40,  6, 14, 43,  7, 23, 24, 26, 31, 47, 12, 46, 11,  5, 38, 49, 10, 30, 39, 33, 16, 50,  9, 34,  3,  2, 29, 28, 22, 21, 20, 35, 36], 715.30280507, 715.30280507, 0.)
 (26, [13, 17, 11,  9,  4, 18, 25, 13, 45, 15, 44, 37, 17, 19, 41, 40, 42, 32,  1, 27, 48,  8, 14,  6, 24, 23,  7, 26, 31, 43, 47, 12, 46, 11, 38,  5, 30, 10, 49, 39, 33, 16, 50,  9, 34,  3, 28, 22,  2, 29, 35, 36, 20, 21], 715.30280507, 715.30280507, 0.)
 (26, [12, 16, 10, 12,  4, 18, 13, 25, 15, 44, 37, 17, 45, 42, 19, 41, 40, 27, 48,  8,  1, 32,  6, 14, 43,  7, 23, 24, 26, 31, 47, 12, 46, 11,  5, 38, 49, 10, 30, 39, 33, 16, 50,  9, 34, 29,  2, 22, 28,  3, 35, 36, 20, 21], 715.30280507, 715.30280507, 0.)
 (59, [13, 15, 14,  8,  4, 18, 13, 25, 37, 17, 44, 15, 45, 41, 19, 42, 40, 32,  1, 27, 48,  8,  6, 14, 23,  7, 38, 31, 43, 24, 46, 12, 47, 11,  5, 26, 49, 10, 30, 39, 33, 34, 50, 16,  9, 28,  3, 22,  2, 29, 36, 35, 20, 21], 715.80086404, 715.80086404, 0.)
 (59, [13, 17, 11,  9, 18,  4, 25, 13, 37, 17, 44, 15, 45, 41, 19, 42, 40, 32,  1, 27, 48,  8,  6, 14, 23,  7, 26, 31, 43, 24, 12, 47, 46, 11, 38,  5, 10, 49, 30, 39, 33,  9, 50, 16, 34,  3, 28, 22,  2, 29, 21, 20, 35, 36], 715.80086404, 715.80086404, 0.)
 (46, [16, 17,  9,  8, 18,  4, 13, 25, 44, 15, 45, 37, 17, 40, 19, 41, 42,  1, 32, 27, 48,  8, 14,  6, 23,  7, 26, 31, 24, 43, 47, 12, 46, 11, 38,  5, 33, 10, 49, 30, 39, 34, 50, 16,  9, 29,  2, 22, 28,  3, 21, 20, 35, 36], 717.13864535, 717.13864535, 0.)
 (51, [13, 15, 12, 10,  4, 18, 25, 13, 37, 17, 44, 15, 45, 41, 19, 42, 40, 48, 27,  1, 32,  8,  6, 14,  7, 26, 31, 23, 24, 43, 12, 47, 46, 11, 38,  5, 49, 10, 30, 39, 33,  9, 50, 16, 34, 29,  2, 22, 28,  3, 36, 35, 20, 21], 717.27805732, 717.27805732, 0.)
 (51, [14, 14, 12, 10,  4, 18, 13, 25, 45, 15, 44, 37, 17, 21, 36, 35, 20, 29,  2,  3, 28, 22, 34, 16, 50,  9, 33, 39, 30, 10, 49,  5, 38, 11, 46, 47, 12, 43, 24, 23,  7, 31, 26,  6, 14,  8, 32,  1, 27, 48, 42, 40, 41, 19], 717.27805732, 717.27805732, 0.)
 (51, [18,  8, 11, 13, 18,  4, 25, 13, 37, 17, 44, 15, 45, 41, 40, 19, 42, 48, 27,  1, 32,  8, 14,  6, 31, 26,  7, 23, 24, 43, 46, 12, 47, 11,  5, 38, 10, 49, 30, 39, 33,  9, 50, 16, 34,  3, 28, 22,  2, 29, 20, 35, 36, 21], 717.27805732, 717.27805732, 0.)
 (14, [19,  9, 12, 10,  4, 18, 25, 13, 45, 15, 44, 37, 17, 19, 41, 40, 42, 32,  1, 27, 48,  8, 14,  6, 24, 23,  7, 26, 31, 43, 47, 12, 46, 11,  5, 38, 49, 10, 30, 39, 33, 16, 50,  9, 34,  3, 28, 22,  2, 29, 21, 20, 35, 36], 717.4880796 , 717.4880796 , 0.)
 (14, [13, 17, 11,  9,  4, 18, 25, 13, 45, 15, 44, 37, 17, 19, 41, 40, 42, 32,  1, 27, 48,  8, 14,  6, 24, 23,  7, 26, 31, 43, 47, 12, 46, 11, 38,  5, 30, 10, 49, 39, 33, 50, 16,  9, 34, 29,  2, 22, 28,  3, 20, 35, 36, 21], 717.4880796 , 717.4880796 , 0.)
 (14, [11, 18, 12,  9,  4, 18, 25, 13, 45, 15, 44, 37, 17, 40, 19, 41, 42, 48, 27,  1, 32,  8, 14,  6, 24, 23,  7, 26, 31, 43, 47, 12, 46, 11, 38,  5, 30, 10, 49, 39, 33,  9, 50, 16, 34,  3, 28, 22,  2, 29, 20, 35, 36, 21], 717.4880796 , 717.4880796 , 0.)
 (47, [12, 12, 17,  9,  4, 18, 25, 13, 37, 17, 44, 15, 45, 42, 19, 41, 40,  1, 32, 27, 48,  8,  6, 14, 23,  7, 26, 31, 43, 24, 46, 12, 47, 11,  5, 38, 10, 49, 30, 39, 33, 16, 50,  9, 34,  3, 28, 22,  2, 29, 35, 36, 20, 21], 717.5093693 , 717.5093693 , 0.)
 (47, [11, 14, 11, 14,  4, 18, 13, 25, 17, 37, 15, 44, 45, 41, 19, 42, 40, 32,  1, 27, 48,  8,  6, 14, 43,  7, 23, 24, 26, 31, 46, 12, 47, 11,  5, 38, 10, 49, 30, 39, 33, 16, 50,  9, 34,  3, 28, 22,  2, 29, 21, 20, 35, 36], 717.5093693 , 717.5093693 , 0.)
 (47, [11, 13, 11, 15, 33, 39, 30, 49, 10, 38,  5, 11, 47, 12, 46, 24, 43, 31, 26,  7, 23, 14,  6,  8, 48, 27, 32,  1, 42, 41, 19, 40, 17, 37, 44, 15, 45, 25, 13, 18,  4, 16, 50,  9, 34,  3, 28, 22,  2, 29, 21, 20, 35, 36], 717.5093693 , 717.5093693 , 0.)
 (20, [13, 14, 13, 10, 18,  4, 25, 13, 17, 37, 15, 44, 45, 19, 41, 40, 42, 32,  1, 27, 48,  8, 14,  6,  7, 23, 24, 43, 26, 31, 12, 47, 46, 11, 38,  5, 49, 10, 30, 39, 33, 34, 50, 16,  9,  3, 28, 22,  2, 29, 20, 35, 36, 21], 720.43097035, 720.43097035, 0.)
 (20, [14, 17,  9, 10, 18,  4, 13, 25, 37, 17, 10, 49,  5, 38, 11, 47, 12, 46, 43, 31, 26, 24, 23,  7, 14,  6, 32,  1, 27, 48,  8, 42, 40, 41, 19, 45, 15, 44, 30, 39, 33, 34, 50, 16,  9,  3, 28, 22,  2, 29, 36, 35, 20, 21], 720.43097035, 720.43097035, 0.)
 (98, [14, 12, 13, 11, 18,  4, 13, 25, 37, 17, 44, 15, 45, 19, 41, 40, 42,  8, 48, 27,  1, 32, 14,  6, 31, 26,  7, 23, 24, 43, 11, 46, 12, 47, 38,  5, 33, 10, 49, 30, 39, 16, 50,  9, 34, 28,  3, 22,  2, 29, 20, 35, 36, 21], 721.52417766, 721.52417766, 0.)
 (98, [14, 15, 10, 11,  4, 18, 25, 13, 17, 37, 15, 44, 45, 42, 19, 41, 40, 27,  1, 32, 48,  8, 14,  6, 31, 26,  7, 23, 24, 43, 12, 11, 46, 47, 38,  5, 33, 10, 49, 30, 39, 34, 50, 16,  9, 29,  2, 22, 28,  3, 21, 20, 35, 36], 721.52417766, 721.52417766, 0.)
 (98, [11, 18, 12,  9,  4, 18, 25, 30, 17, 37, 15, 44, 45, 42, 19, 41, 40, 48, 27,  1, 32,  8, 14,  6, 26, 31,  7, 23, 43, 24, 47, 12, 46, 11, 38,  5, 49, 10, 13, 39, 33,  9, 50, 16, 34,  3, 28, 22,  2, 29, 35, 36, 20, 21], 721.52417766, 721.52417766, 0.)
 (60, [13, 17, 11,  9,  4, 18, 25, 13, 17, 37, 15, 44, 22, 45, 42, 19, 41, 40, 48, 27,  1, 32,  8,  6, 14, 26, 31,  7, 23, 24, 43, 11, 46, 12, 47, 38,  5, 33, 10, 49, 30, 39, 34, 50, 16,  9, 29,  2, 28,  3, 21, 20, 35, 36], 721.85950373, 721.85950373, 0.)
 (75, [12,  8, 16, 14, 18,  4, 25, 13, 37, 17, 44, 15, 45, 42, 19, 41, 40,  1, 32, 27, 48,  8, 14,  6, 31, 26,  7, 23, 24, 43, 47, 12, 46, 11,  5, 39, 38, 10, 49, 30, 33, 16, 50,  9, 34, 28,  3, 22,  2, 29, 20, 35, 36, 21], 722.31437714, 722.31437714, 0.)
 (75, [11, 19, 12,  8, 18,  4, 25, 13, 37, 17, 44, 15, 45, 42, 19, 41, 40,  1, 32, 27, 48,  8, 14,  6, 31, 26,  7, 23, 24, 43, 11, 46, 12, 47,  5, 38, 33, 10, 49, 30, 39, 50, 16,  9, 34, 22, 28,  3,  2, 29, 36, 35, 20, 21], 722.31437714, 722.31437714, 0.)
 (62, [15, 12, 11, 12, 18,  4, 25, 13, 17, 37, 15, 44, 45, 19, 41, 40, 42, 48, 27,  1, 32,  8, 14,  6, 31, 26,  7, 23, 24, 43, 12, 47, 46, 11,  5, 38, 10, 49, 30, 39, 33, 16, 50,  9, 34, 29,  2, 22, 28,  3, 20, 35, 36, 21], 722.40178362, 722.40178362, 0.)
 (22, [ 8, 15, 18,  9, 18,  4, 13, 25, 17, 37, 15, 44, 45, 19, 41, 40, 42,  8, 48, 27,  1, 21, 29,  2, 22, 28,  3, 34,  9, 50, 16, 39, 30, 49, 10, 33, 38,  5, 11, 46, 47, 12, 43, 24, 23,  7, 31, 26, 14,  6, 32, 20, 35, 36], 722.72409329, 722.72409329, 0.)
 (22, [13, 17, 11,  9, 18,  4, 13, 25, 17, 37, 15, 44, 45, 19, 41, 40, 42,  8, 48, 27,  1, 32,  6, 14, 26, 31,  7, 23, 24, 43, 12, 47, 46, 11,  5, 38, 33, 10, 49, 30, 39, 16, 50,  9, 34,  3, 28, 22,  2, 29, 35, 36, 20, 21], 722.72409329, 722.72409329, 0.)
 (69, [13, 18, 10,  9,  4, 18, 13, 25, 17, 37, 15, 44, 45, 41, 19, 42, 40, 32,  1, 27, 48,  8,  6, 14, 43,  7, 23, 24, 26, 31, 47, 12, 46, 11, 38,  5, 10, 49, 30, 39, 33,  9, 50, 16, 34, 28,  3, 22,  2, 29, 36, 35, 20, 21], 723.17060659, 723.17060659, 0.)
 (69, [ 9, 17, 15,  9,  4, 18, 13, 25, 37, 17, 44, 15, 45, 41, 19, 42, 40, 27, 48,  1, 32,  8,  6, 14, 23,  7, 26, 31, 43, 24, 11, 46, 12, 47,  5, 38, 49, 10, 30, 39, 33,  9, 50, 16, 34, 29,  2, 22, 28,  3, 36, 35, 20, 21], 723.17060659, 723.17060659, 0.)
 (41, [13, 17, 11,  9,  4, 18, 13, 25, 15, 44, 37, 17, 45, 42, 19, 41, 40, 27,  1, 32, 48,  8,  6, 14, 31, 26,  7, 23, 24, 43, 47, 12, 46, 11,  5, 38, 10, 49, 30, 39, 33, 16,  9, 50, 34, 29,  2, 22, 28,  3, 35, 36, 20, 21], 723.3462448 , 723.3462448 , 0.)
 (41, [12, 16, 13,  9,  4, 18, 13, 25, 44, 15, 45, 37, 17, 42, 19, 41, 40, 27,  1, 32, 48,  8,  6, 14, 31, 26,  7, 23, 24, 43, 47, 12, 46, 11,  5, 38, 33, 10, 49, 30, 39,  9, 50, 16, 34, 28,  3, 22,  2, 29, 20, 35, 36, 21], 723.3462448 , 723.3462448 , 0.)
 (41, [13, 17, 11,  9, 18,  4, 13, 25, 17, 37, 15, 44, 45, 42, 19, 41, 40, 27,  1, 32, 48,  8,  6, 14, 31, 26,  7, 23, 24, 43, 47, 12, 46, 11,  5, 38, 33, 10, 49, 30, 39, 50, 16,  9, 34, 29,  2, 22, 28,  3, 21, 20, 35, 36], 723.3462448 , 723.3462448 , 0.)
 ( 2, [12, 12, 11, 15,  4, 18, 13, 25, 17, 37, 15, 44, 45, 40, 19, 41, 42, 48, 27,  1, 32,  8, 14,  6, 31, 26,  7, 23, 24, 43, 46, 12, 47, 11, 38,  5, 49, 10, 30, 39, 33,  9, 50, 16, 28, 34, 29,  2, 22,  3, 21, 20, 35, 36], 723.90942149, 723.90942149, 0.)
 ( 9, [13, 18,  8, 11, 18,  4, 13, 25, 15, 44, 37, 17, 45, 42, 19, 41, 40,  8, 48, 27,  1, 32,  6, 14,  7, 23, 24, 43, 26, 31, 47, 12, 46, 11, 38,  5, 39, 10, 49, 30, 33, 16, 50,  9, 34,  3, 28, 22,  2, 29, 20, 35, 36, 21], 723.94325607, 723.94325607, 0.)
 ( 9, [13, 14, 14,  9, 18,  4, 13, 25, 37, 17, 44, 15, 45, 42, 19, 41, 40,  8, 48, 22, 34,  9, 16, 50, 33, 39, 49, 10, 30,  5, 38, 11, 46, 12, 47, 31, 26, 43, 24, 23,  7, 14,  6, 32,  1, 27, 28,  3,  2, 29, 36, 35, 20, 21], 723.94325607, 723.94325607, 0.)
 (30, [11, 17, 14,  8,  4, 18, 13, 25, 45, 15, 44, 37, 17, 42, 19, 41, 40, 27,  1, 32, 48,  8,  6, 14,  9, 50, 16, 39, 30, 49, 10, 33,  5, 38, 47, 12, 46, 11, 43, 24, 23,  7, 31, 26, 34, 28,  3, 22,  2, 29, 35, 36, 20, 21], 725.05806031, 725.05806031, 0.)
 (44, [19, 12,  8, 11, 18,  4, 13, 25, 45, 15, 44, 37, 17, 41, 19, 42, 40, 32,  1, 27, 48,  8,  6, 14, 23,  7, 26, 31, 43, 24, 12, 47, 46, 11, 38,  5, 10, 49, 30, 39, 33,  9, 50, 16, 34,  3, 28, 22,  2, 29, 21, 20, 35, 36], 726.1581388 , 726.1581388 , 0.)
 (44, [13, 15, 13,  9, 18,  4, 25, 13, 44, 15, 45, 37, 17, 19, 41, 40, 42, 48, 27,  1, 32,  8, 14,  6, 24, 23,  7, 26, 31, 43, 47, 12, 46, 11, 38,  5, 10, 49, 30, 39, 33, 34, 50, 16,  9, 28,  3, 22,  2, 29, 21, 20, 35, 36], 726.1581388 , 726.1581388 , 0.)
 (70, [10, 16,  9, 15, 18,  4, 13, 25, 44, 15, 45, 37, 17, 19, 41, 40, 42, 48, 27,  1, 32,  8,  6, 14,  7, 23, 24, 43, 26, 31, 46, 12, 47, 11,  5, 38, 33, 10, 49, 30, 39, 34, 50, 16,  9, 28,  3, 22,  2, 29, 36, 35, 20, 21], 726.18547122, 726.18547122, 0.)
 (25, [13, 12, 17,  8, 18,  4, 25, 13, 17, 37, 15, 44, 45, 42, 19, 41, 40,  1, 32, 27, 48,  8, 14,  6, 31, 26,  7, 23, 24, 43, 11, 46, 12, 47,  5, 38, 33, 10, 49, 30, 39, 50, 16,  9, 34, 29,  2, 22, 28,  3, 21, 20, 35, 36], 726.7325743 , 726.7325743 , 0.)
 (25, [13, 17, 11,  9, 18,  4, 25, 13, 17, 37, 15, 44, 45, 42, 19, 41, 40,  1, 32, 27, 48,  8, 14,  6, 31, 26,  7, 23, 35, 43, 11, 46, 12, 47,  5, 38, 33, 10, 49, 30, 39, 50, 16,  9, 34, 22, 28,  3,  2, 29, 36, 24, 20, 21], 726.7325743 , 726.7325743 , 0.)
 (99, [11, 16, 14,  9, 18,  4, 13, 25, 17, 37, 15, 44, 45, 19, 41, 40, 42, 48, 27,  1, 32,  8,  6, 14,  7, 23, 24, 43, 26, 31, 47, 12, 46, 11, 38,  5, 39, 10, 49, 30, 33, 16, 50,  9, 34, 29,  2, 22, 28,  3, 20, 35, 36, 21], 726.81421503, 726.81421503, 0.)
 (92, [16, 12, 12, 10, 18,  4, 25, 13, 37, 17, 44, 15, 45, 19, 41, 40, 42, 27,  1, 32, 48,  8,  6, 14, 26, 31,  7, 23, 24, 43, 47, 12, 46, 11,  5, 38, 39, 10, 49, 30, 33,  9, 50, 16, 34, 22, 28,  3,  2, 29, 21, 20, 35, 36], 729.29041391, 729.29041391, 0.)
 (92, [13, 17, 11,  9, 18,  4, 13, 25, 37, 17, 44, 15, 45, 42, 19, 41, 40, 27,  1, 32, 48,  8,  6, 14, 26, 31,  7, 23, 24, 43, 47, 12, 46, 11,  5, 38, 30, 10, 49, 39, 33, 50, 16,  9, 34, 22, 28,  3,  2, 29, 20, 35, 36, 21], 729.29041391, 729.29041391, 0.)
 (18, [14, 16, 11,  9,  4, 18, 13, 25, 44, 15, 45, 37, 17, 42, 19, 41, 40, 27,  1, 32, 48,  8,  6, 14, 31, 26,  7, 23, 24, 43, 47, 12, 46, 11,  5, 38, 10, 49, 30, 39, 33, 16, 50,  9, 34, 29,  2, 22, 28,  3, 35, 36, 20, 21], 729.61251793, 729.61251793, 0.)
 (18, [ 8, 16,  9, 17,  4, 18, 13, 25, 15, 44, 45, 37, 17, 42, 19, 41, 40,  8, 48, 27,  1, 32, 14,  6, 43,  7, 23, 24, 26, 31, 46, 12, 47, 11,  5, 38, 33, 10, 49, 30, 39,  9, 50, 16, 34, 28,  3, 29,  2, 22, 21, 20, 35, 36], 729.61251793, 729.61251793, 0.)
 (77, [15, 13, 10, 12,  4, 18, 25, 13, 17, 37, 15, 44, 45, 41, 23, 19, 42, 40, 48, 27,  1, 32,  8,  6, 14,  7, 26, 31, 43, 24, 11, 46, 12, 47,  5, 38, 49, 10, 30, 39, 33,  9, 50, 16, 34, 29,  2, 22, 28,  3, 36, 35, 20, 21], 729.90553354, 729.90553354, 0.)
 (77, [13, 15, 11, 11,  4, 18, 13, 25, 17, 37, 44, 15, 45, 42, 19, 41, 40,  8, 48, 27,  1, 32, 14,  6, 23,  7, 26, 31, 43, 24, 46, 12, 47, 11,  5, 38, 10, 49, 30, 39, 33, 16, 50,  9, 34,  3, 28, 22,  2, 29, 21, 20, 35, 36], 729.90553354, 729.90553354, 0.)
 (77, [13, 17, 12,  8,  4, 18, 13, 25, 17, 37, 15, 44, 45, 41, 19, 42, 40, 32,  1, 27, 48,  8,  6, 14, 43,  7, 23, 24, 26, 31, 46, 12, 47, 11, 38,  5, 39, 10, 49, 30, 33, 50, 16,  9, 34, 29,  2, 22, 28,  3, 36, 35, 20, 21], 729.90553354, 729.90553354, 0.)
 (42, [ 8, 18, 13, 11, 18,  4, 13, 25, 44, 15, 45, 37, 17, 40, 19, 41, 42,  1, 32, 27, 48,  8, 22, 14,  6, 31, 26,  7, 23, 24, 43, 47, 12, 46, 11, 38,  5, 30, 10, 49, 39, 33,  9, 50, 16, 34,  3, 28,  2, 29, 21, 20, 35, 36], 730.23037381, 730.23037381, 0.)
 (10, [13, 17, 11,  9,  4, 18, 13, 25, 15, 44, 37, 17, 45, 19, 41, 40, 42,  1, 32, 27, 48,  8,  6, 14, 31, 26,  7, 23, 24, 43, 12, 47, 46, 11, 38,  5, 33, 10, 49, 30, 39, 34, 50, 16,  9, 22, 29,  2, 28,  3, 21, 20, 35, 36], 730.33021397, 730.33021397, 0.)
 (93, [18, 11, 11, 10, 18,  4, 13, 25, 37, 17, 44, 15, 45, 40, 19, 14, 27, 48,  8,  1, 32, 42, 41,  6, 23,  7, 26, 31, 43, 24, 11, 46, 12, 47,  5, 38, 49, 10, 30, 39, 33, 16, 50,  9, 34,  2, 29,  3, 28, 22, 20, 35, 36, 21], 730.93323395, 730.93323395, 0.)
 (93, [13, 12, 11, 14, 18,  4, 25, 13, 37, 17, 44, 45, 15, 42, 19, 41, 40,  8, 48, 27,  1, 32, 14,  6, 26, 31,  7, 23, 24, 43, 46, 12, 47, 11,  5, 38, 33, 10, 49, 30, 39, 34, 50, 16,  9,  3, 28, 22,  2, 29, 35, 36, 20, 21], 730.93323395, 730.93323395, 0.)
 (74, [12, 17, 14,  7, 18,  4, 13, 25, 37, 17, 44, 15, 45, 40, 19, 41, 42,  8, 48, 27,  1, 32, 14,  6, 23,  7, 26, 31, 43, 24, 11, 46, 12, 47,  5, 38, 49, 10, 30, 39, 33, 16, 50,  9, 34,  2, 29,  3, 28, 22, 20, 35, 36, 21], 731.19713374, 731.19713374, 0.)
 (74, [ 7, 15, 11, 17, 18,  4, 13, 25, 17, 37, 15, 44, 45, 42, 19, 41, 40,  8, 48, 27,  1, 32, 14,  6, 23,  7, 26, 31, 43, 24, 11, 46, 12, 47, 38,  5, 33, 10, 49, 30, 39, 50, 16,  9, 34, 29,  2, 22, 28,  3, 21, 20, 35, 36], 731.19713374, 731.19713374, 0.)
 (65, [ 9, 17,  9, 15,  4, 18, 25, 13, 44, 15, 45, 37, 17, 40, 19, 41, 42, 27,  1, 32, 48,  8, 14,  6, 23,  7, 26, 31, 43, 24, 46, 12, 47, 11,  5, 38, 10, 49, 30, 39, 33,  9, 50, 16, 34,  3, 28, 22,  2, 29, 20, 35, 36, 21], 732.51412866, 732.51412866, 0.)
 (34, [13, 17, 11,  9,  4, 18, 25, 13, 17, 37, 15, 44, 45, 19, 41, 40, 42, 48, 27,  1, 32,  8,  6, 14,  7, 23, 24, 43, 26, 31, 47, 12, 30, 46, 11, 38,  5, 39, 10, 49, 33, 16, 50,  9, 34, 29,  2, 22, 28,  3, 20, 35, 36, 21], 733.58264352, 733.58264352, 0.)
 (24, [12, 14, 12, 12, 18,  4, 25, 13, 15, 44, 37, 17, 45, 40, 19, 41, 42, 32,  1, 27, 48,  8,  6, 14, 31, 26,  7, 23, 24, 43, 47, 12, 46, 11, 38,  5, 39, 10, 49, 30, 33, 50, 34, 16,  9, 28,  3, 22,  2, 29, 35, 36, 20, 21], 734.06194947, 734.06194947, 0.)
 (24, [13, 17, 11,  9,  4, 18, 13, 25, 37, 17, 44, 15, 45, 42, 19, 41, 40,  8, 48, 27,  1, 32, 14,  6, 23, 43, 47, 26, 31, 24, 46, 12,  7, 11,  5, 38, 10, 49, 30, 39, 33, 16, 50,  9, 34,  3, 28, 22,  2, 29, 21, 20, 35, 36], 734.06194947, 734.06194947, 0.)
 (38, [15, 11, 13, 11, 18,  4, 13, 25, 17, 37, 15, 44, 45, 42, 19, 41, 40,  8, 48, 27,  1, 32, 14,  6, 31, 26,  7, 23, 24, 43, 46, 12, 47, 11, 38,  5, 39, 10, 49, 30, 22,  2, 29, 34,  9, 16, 50, 33, 28,  3, 21, 20, 35, 36], 734.13762251, 734.13762251, 0.)
 (66, [14, 17, 10,  9,  4, 18, 13, 25, 15, 44, 37, 17, 45, 19, 41, 40, 42,  1, 32, 27, 48,  8, 14,  6, 43,  7, 23, 24, 26, 31, 46, 12, 47, 11,  5, 38, 39, 10, 49, 30, 33, 34, 50, 16,  9, 22, 28,  3,  2, 29, 21, 20, 35, 36], 734.87008772, 734.87008772, 0.)
 ( 0, [14, 17,  7, 12,  4, 18, 25, 13, 17, 37, 15, 44, 45, 40, 35, 41, 42, 48, 27,  1, 32,  8,  6, 14, 43,  7, 23, 24, 26, 31, 46, 12, 47, 11,  5, 38, 49, 10, 30, 39, 33, 16, 50,  9, 34,  2, 29,  3, 28, 22, 20, 19, 36, 21], 735.54342177, 735.54342177, 0.)
 (48, [14, 10, 13, 13,  4, 18, 13, 25, 15, 44, 37, 17, 45, 41, 19, 42, 40, 27,  1, 32, 48,  8, 14,  6, 26, 31,  7, 23, 24, 43, 46, 12, 47, 11,  5, 38, 10, 49, 30, 39, 33, 34, 50, 16,  9, 29,  2, 22, 28,  3, 21, 20, 35, 36], 735.78353243, 735.78353243, 0.)
 (55, [14, 14, 12, 10, 18,  4, 13, 25, 37, 17, 44, 15, 45, 19, 41, 40, 42, 27,  1, 32, 48,  8,  6, 14, 26, 31,  7, 23, 24, 43, 47, 12, 46, 11,  5, 38, 30, 10, 49, 39, 33, 50, 16,  9, 34, 22, 28,  3,  2, 29, 36, 35, 20, 21], 735.8320462 , 735.8320462 , 0.)
 (72, [13, 14, 13, 10,  4, 18, 13, 25, 37, 17, 44, 15, 45, 19, 41, 40, 42, 48, 27,  1, 32,  8, 14,  6, 26, 31,  7, 23, 24, 43, 47, 12, 46, 11, 38,  5, 39, 10, 49, 30, 33, 34, 50, 16,  9, 22, 28,  3,  2, 29, 21, 20, 35, 36], 736.74091677, 736.74091677, 0.)
 (13, [11, 15, 10, 14,  4, 18, 25, 13, 44, 15, 45, 37, 17, 19, 41, 40, 42, 48, 27,  1, 32,  8, 14,  6, 43,  7, 23, 24, 26, 31, 47, 12, 46, 11,  5, 38, 49, 10, 30, 39, 33, 16, 50,  9, 34,  3, 28, 22,  2, 29, 20, 35, 36, 21], 738.51940304, 738.51940304, 0.)
 (13, [14, 12, 13, 11,  4, 18, 13, 25, 45, 15, 44, 37, 17, 41, 19, 42, 40, 27,  1, 32, 48,  8, 14,  6, 24, 23,  7, 26, 31, 43, 47, 12, 46, 11, 38,  5, 10, 49, 30, 39, 33,  9, 50, 16, 34, 28,  3, 22,  2, 29, 36, 35, 20, 21], 738.51940304, 738.51940304, 0.)
 (49, [ 9, 13, 18, 10,  4, 18, 25, 13, 44, 15, 45, 37, 17, 20, 40, 19, 41, 42, 32,  1, 27, 48,  8,  6, 14, 26, 31,  7, 23, 24, 43, 12, 47, 46, 11,  5, 38, 49, 10, 30, 39, 33, 16, 50,  9, 34, 28,  3, 22,  2, 29, 35, 36, 21], 738.97027353, 738.97027353, 0.)
 (49, [12, 15, 14,  9,  4, 18, 13, 25, 15, 44, 37, 17, 45, 40, 19, 41, 42,  8, 48, 27,  1, 32, 14,  6, 24, 23,  7, 26, 31, 43, 12, 47, 46, 11,  5, 38, 30, 10, 49, 39, 33,  9, 50, 16, 34,  3, 28, 22,  2, 29, 35, 36, 20, 21], 738.97027353, 738.97027353, 0.)
 (84, [17, 13, 11,  9, 18,  4, 25, 13, 45, 15, 44, 37, 17, 42, 19, 41, 40,  8, 48, 27,  1, 32, 14,  6, 26,  7, 23, 24, 43, 31, 11, 46, 12, 47, 38,  5, 33, 10, 49, 30, 39, 34, 50, 16,  9, 22, 28,  3,  2, 29, 35, 36, 20, 21], 739.28827109, 739.28827109, 0.)
 (37, [15, 15, 11,  9, 18,  4, 25, 13, 37, 17, 44, 15, 45, 42, 19, 41, 40, 32,  1, 27, 48,  8, 14,  6, 23,  7, 26, 31, 43, 24, 11, 46, 12, 47,  5, 38, 49, 10, 30, 39, 33, 34, 50, 16,  9, 29,  2, 22, 28,  3, 36, 35, 20, 21], 739.73780249, 739.73780249, 0.)
 (81, [13, 17, 11,  9,  4, 18, 13, 25, 37, 17, 29, 44, 15, 45, 42, 19, 41, 40, 48, 27,  1, 32,  8,  6, 14, 24, 23,  7, 26, 31, 43, 11, 46, 12, 47, 38,  5, 30, 10, 49, 39, 33, 50, 16,  9, 34, 22, 28,  3,  2, 21, 20, 35, 36], 739.85984795, 739.85984795, 0.)
 (82, [12, 18, 11,  9,  4, 18, 25, 13, 37, 17, 44, 15, 45, 42, 19, 41, 40, 27,  1, 32, 48,  8,  6, 14,  7, 23, 24, 43, 26, 31, 12, 47, 46, 11, 38,  5, 39, 10, 49, 30, 33, 16, 50,  9, 34,  2, 29,  3, 28, 22, 20, 35, 36, 21], 740.225619  , 740.225619  , 0.)
 (39, [15, 16,  9, 10,  4, 18, 25, 13, 17, 37, 15, 44, 45, 41, 19, 42, 40, 32,  1, 27, 48,  8, 14,  6, 43,  7, 23, 24, 26, 31, 47, 12, 46, 11, 38,  5, 30, 10, 49, 39, 33, 16, 50,  9, 34, 28,  3, 22,  2, 29, 35, 36, 20, 21], 740.32975364, 740.32975364, 0.)
 ( 1, [12, 16, 10, 12, 18,  4, 25, 13, 15, 44, 37, 17, 45, 19, 41, 40, 42, 27,  1, 32, 48,  8,  6, 14, 31, 26,  7, 23, 24, 43, 11, 46, 12, 47,  5, 38, 10, 49, 30, 39, 33, 50, 16,  9, 34,  2, 29,  3, 28, 22, 35, 36, 20, 21], 741.04762081, 741.04762081, 0.)
 (29, [12, 16,  9, 13,  4, 18, 13, 25, 17, 37, 15, 44, 45, 19, 40, 41, 42,  8, 48, 27,  1, 32,  6, 14, 43,  7, 23, 24, 26, 31, 46, 12, 47, 11, 38,  5, 39, 10, 49, 30, 33, 50, 16,  9, 34, 29,  2, 22, 28,  3, 21, 20, 35, 36], 742.14472119, 742.14472119, 0.)
 (64, [13, 17, 11,  9,  4, 18, 25, 13, 37, 17, 44, 15, 45, 42, 19, 41,  8, 48, 27, 32,  1, 40,  6, 14, 31, 26,  7, 23, 24, 43, 47, 12, 46, 11, 38,  5, 39, 10, 49, 30, 33,  9, 50, 16, 34, 28,  3, 22,  2, 29, 35, 36, 20, 21], 743.14934153, 743.14934153, 0.)
 (12, [11, 11, 13, 15,  4, 18, 25, 13, 37, 17, 44, 15, 45, 42, 19, 41, 40, 48, 27,  1, 32,  8, 14,  6, 31, 26,  7, 23, 24, 43, 47, 12, 46, 11, 38,  5, 33, 10, 49, 30, 39, 34, 50, 16,  9,  3, 28, 22,  2, 29, 36, 35, 20, 21], 744.79619818, 744.79619818, 0.)
 (15, [13, 17, 11,  9,  4, 18, 25, 13, 37, 17, 44, 15, 45, 42, 19, 41, 40,  8, 48, 27,  1, 32, 14,  6, 24, 23,  7, 26, 31, 43, 46, 12, 47, 11,  5, 38, 10, 49, 30, 39, 33, 50, 16,  9, 34,  2, 29,  3, 28, 22, 20, 35, 36, 21], 745.01668047, 745.01668047, 0.)
 (43, [16, 13, 12,  9, 18,  4, 25, 13, 17, 37, 15, 44, 45, 19, 41, 40, 42, 48, 27,  1, 32,  8, 14,  6, 31, 26,  7, 23, 24, 43, 11, 46, 12, 47, 38,  5, 49, 10, 30, 39, 33,  9, 50, 16, 34, 29,  2, 22, 28,  3, 20, 35, 36, 21], 746.42483636, 746.42483636, 0.)]