
Total Runtime in seconds: 982.9477591514587Parameters:
population_size: 50, max_generations: 500, executed generations: 28, threshold_no_improvement: 250
target feasible proportion: 12
fitness_scaling: power_rank, selection_method: n_tournaments
p_c: 0.9, p_m: 0.3, NOT YET p_education: 0.0
tournament_size: 2, n_elite: 8
survivor_selection_step: 10, p_selection_survival: 0.7
kill clone step: 5
diversify_step: 20, diversify_step: 20, p_diversify_survival: 0.3
n_closest_neighbors: 3, diversity_weight: 0.5, distance_method: broken_pairs_distance
capacity_penalty_factor: 2.695045937217401, duration_penalty_factor 2.695045937217401, time_window_penalty: 2
Best fitness all generations, best individual before/after local search: 1858.0275400587568, 1858.0275400587568 / 1858.0275400587568
Best individual found before local search: (6, [31, 12, 22, 31, 73, 62, 37, 55, 20, 39, 16, 64, 17, 44, 41, 70, 59, 84, 86, 43,  8, 13, 81, 19, 93, 92, 38, 68, 27, 74, 25, 60, 69,  9, 72,  7,  5, 94, 33, 65, 87, 32, 47,  1, 42, 88, 78,  2, 80, 48,  6, 24, 10, 96, 67, 51, 50, 76,  3, 12, 53, 36, 71, 66, 56, 14, 18, 85, 22, 11, 21, 26, 57, 95, 29, 54, 58, 45, 90, 77,  4, 31, 61, 52, 89, 63, 34, 49, 82, 35, 79, 40, 75, 15, 46, 23, 83, 30, 91, 28], 1858.02754006, 1858.02754006, 0., 0., 0., 0., 1, 50, 26.)
Best individual found after local search: (6, [31, 12, 22, 31, 73, 62, 37, 55, 20, 39, 16, 64, 17, 44, 41, 70, 59, 84, 86, 43,  8, 13, 81, 19, 93, 92, 38, 68, 27, 74, 25, 60, 69,  9, 72,  7,  5, 94, 33, 65, 87, 32, 47,  1, 42, 88, 78,  2, 80, 48,  6, 24, 10, 96, 67, 51, 50, 76,  3, 12, 53, 36, 71, 66, 56, 14, 18, 85, 22, 11, 21, 26, 57, 95, 29, 54, 58, 45, 90, 77,  4, 31, 61, 52, 89, 63, 34, 49, 82, 35, 79, 40, 75, 15, 46, 23, 83, 30, 91, 28], 1858.02754006, 1858.02754006, 0., 0., 0., 0., 1, 50, 26.)
Best feasible individual found: (6, [31, 12, 22, 31, 73, 62, 37, 55, 20, 39, 16, 64, 17, 44, 41, 70, 59, 84, 86, 43,  8, 13, 81, 19, 93, 92, 38, 68, 27, 74, 25, 60, 69,  9, 72,  7,  5, 94, 33, 65, 87, 32, 47,  1, 42, 88, 78,  2, 80, 48,  6, 24, 10, 96, 67, 51, 50, 76,  3, 12, 53, 36, 71, 66, 56, 14, 18, 85, 22, 11, 21, 26, 57, 95, 29, 54, 58, 45, 90, 77,  4, 31, 61, 52, 89, 63, 34, 49, 82, 35, 79, 40, 75, 15, 46, 23, 83, 30, 91, 28], 1858.02754006, 1858.02754006, 0., 0., 0., 0., 1, 50, 26.)

Fitness stats min: [1995.6050723  1889.74429475 1858.7674489  1858.7674489  1858.7674489
 1858.7674489  1858.02754006 1858.02754006 1858.02754006 1858.02754006
 1858.02754006 1858.02754006 1858.02754006 1858.02754006 1858.02754006
 1858.02754006 1858.02754006 1858.02754006 1858.02754006 1858.02754006
 1858.02754006 1858.02754006 1858.02754006 1858.02754006 1858.02754006
 1858.02754006 1858.02754006 1858.02754006 1858.02754006] 

Fitness stats feasible min: [2017.2232752  1889.74429475 1858.7674489  1858.7674489  1858.7674489
 1858.7674489  1858.02754006 1858.02754006 1858.02754006 1858.02754006
 1858.02754006 1858.02754006 1858.02754006 1858.02754006 1858.02754006
 1858.02754006 1858.02754006 1858.02754006 1858.02754006 1858.02754006
 1858.02754006 1858.02754006 1858.02754006 1858.02754006 1858.02754006
 1858.02754006 1858.02754006 1858.02754006 1858.02754006] 

Fitness stats avg: [2873.96484246 2844.2912447  2575.43527852 2525.73638201 2346.56715967
 2193.53350069 2185.52754371 2257.55694997 2017.38355354 2120.39413282
 5512.16298919 4018.99085322 3063.19516679 2506.40681108 2224.57729449
 2544.15113825 2109.93697249 2033.25216568 2023.97546877 2031.05278844
 3203.519042   2161.54502804 1909.81258831 1929.14325092 2090.64544344
 5117.29480338 3470.81875246 3383.05328274 2114.95759689] 

Feasible stats: [( 0., 50.) ( 0., 50.) (23., 27.) (23., 27.) (31., 19.) (31., 19.)
 (34., 16.) (34., 16.) (34., 16.) (34., 16.) (37., 13.) (37., 13.)
 (18., 32.) (18., 32.) (26., 24.) (26., 24.) (32., 18.) (32., 18.)
 (39., 11.) (39., 11.) (46.,  4.) (46.,  4.) (39., 11.) (39., 11.)
 (45.,  5.) (45.,  5.) (11., 39.) (11., 39.) (29., 21.) ( 0.,  0.)
 ( 0.,  0.) ( 0.,  0.) ( 0.,  0.) ( 0.,  0.) ( 0.,  0.) ( 0.,  0.)
 ( 0.,  0.) ( 0.,  0.) ( 0.,  0.) ( 0.,  0.) ( 0.,  0.) ( 0.,  0.)
 ( 0.,  0.) ( 0.,  0.) ( 0.,  0.) ( 0.,  0.) ( 0.,  0.) ( 0.,  0.)
 ( 0.,  0.) ( 0.,  0.) ( 0.,  0.) ( 0.,  0.) ( 0.,  0.) ( 0.,  0.)
 ( 0.,  0.) ( 0.,  0.) ( 0.,  0.) ( 0.,  0.) ( 0.,  0.) ( 0.,  0.)
 ( 0.,  0.) ( 0.,  0.) ( 0.,  0.) ( 0.,  0.) ( 0.,  0.) ( 0.,  0.)
 ( 0.,  0.) ( 0.,  0.) ( 0.,  0.) ( 0.,  0.) ( 0.,  0.) ( 0.,  0.)
 ( 0.,  0.) ( 0.,  0.) ( 0.,  0.) ( 0.,  0.) ( 0.,  0.) ( 0.,  0.)
 ( 0.,  0.) ( 0.,  0.) ( 0.,  0.) ( 0.,  0.) ( 0.,  0.) ( 0.,  0.)
 ( 0.,  0.) ( 0.,  0.) ( 0.,  0.) ( 0.,  0.) ( 0.,  0.) ( 0.,  0.)
 ( 0.,  0.) ( 0.,  0.) ( 0.,  0.) ( 0.,  0.) ( 0.,  0.) ( 0.,  0.)
 ( 0.,  0.) ( 0.,  0.) ( 0.,  0.) ( 0.,  0.) ( 0.,  0.) ( 0.,  0.)
 ( 0.,  0.) ( 0.,  0.) ( 0.,  0.) ( 0.,  0.) ( 0.,  0.) ( 0.,  0.)
 ( 0.,  0.) ( 0.,  0.) ( 0.,  0.) ( 0.,  0.) ( 0.,  0.) ( 0.,  0.)
 ( 0.,  0.) ( 0.,  0.) ( 0.,  0.) ( 0.,  0.) ( 0.,  0.) ( 0.,  0.)
 ( 0.,  0.) ( 0.,  0.) ( 0.,  0.) ( 0.,  0.) ( 0.,  0.) ( 0.,  0.)
 ( 0.,  0.) ( 0.,  0.) ( 0.,  0.) ( 0.,  0.) ( 0.,  0.) ( 0.,  0.)
 ( 0.,  0.) ( 0.,  0.) ( 0.,  0.) ( 0.,  0.) ( 0.,  0.) ( 0.,  0.)
 ( 0.,  0.) ( 0.,  0.) ( 0.,  0.) ( 0.,  0.) ( 0.,  0.) ( 0.,  0.)
 ( 0.,  0.) ( 0.,  0.) ( 0.,  0.) ( 0.,  0.) ( 0.,  0.) ( 0.,  0.)
 ( 0.,  0.) ( 0.,  0.) ( 0.,  0.) ( 0.,  0.) ( 0.,  0.) ( 0.,  0.)
 ( 0.,  0.) ( 0.,  0.) ( 0.,  0.) ( 0.,  0.) ( 0.,  0.) ( 0.,  0.)
 ( 0.,  0.) ( 0.,  0.) ( 0.,  0.) ( 0.,  0.) ( 0.,  0.) ( 0.,  0.)
 ( 0.,  0.) ( 0.,  0.) ( 0.,  0.) ( 0.,  0.) ( 0.,  0.) ( 0.,  0.)
 ( 0.,  0.) ( 0.,  0.) ( 0.,  0.) ( 0.,  0.) ( 0.,  0.) ( 0.,  0.)
 ( 0.,  0.) ( 0.,  0.) ( 0.,  0.) ( 0.,  0.) ( 0.,  0.) ( 0.,  0.)
 ( 0.,  0.) ( 0.,  0.) ( 0.,  0.) ( 0.,  0.) ( 0.,  0.) ( 0.,  0.)
 ( 0.,  0.) ( 0.,  0.) ( 0.,  0.) ( 0.,  0.) ( 0.,  0.) ( 0.,  0.)
 ( 0.,  0.) ( 0.,  0.) ( 0.,  0.) ( 0.,  0.) ( 0.,  0.) ( 0.,  0.)
 ( 0.,  0.) ( 0.,  0.) ( 0.,  0.) ( 0.,  0.) ( 0.,  0.) ( 0.,  0.)
 ( 0.,  0.) ( 0.,  0.) ( 0.,  0.) ( 0.,  0.) ( 0.,  0.) ( 0.,  0.)
 ( 0.,  0.) ( 0.,  0.) ( 0.,  0.) ( 0.,  0.) ( 0.,  0.) ( 0.,  0.)
 ( 0.,  0.) ( 0.,  0.) ( 0.,  0.) ( 0.,  0.) ( 0.,  0.) ( 0.,  0.)
 ( 0.,  0.) ( 0.,  0.) ( 0.,  0.) ( 0.,  0.) ( 0.,  0.) ( 0.,  0.)
 ( 0.,  0.) ( 0.,  0.) ( 0.,  0.) ( 0.,  0.) ( 0.,  0.) ( 0.,  0.)
 ( 0.,  0.) ( 0.,  0.) ( 0.,  0.) ( 0.,  0.) ( 0.,  0.) ( 0.,  0.)
 ( 0.,  0.) ( 0.,  0.) ( 0.,  0.) ( 0.,  0.) ( 0.,  0.) ( 0.,  0.)
 ( 0.,  0.) ( 0.,  0.) ( 0.,  0.) ( 0.,  0.) ( 0.,  0.) ( 0.,  0.)
 ( 0.,  0.) ( 0.,  0.) ( 0.,  0.) ( 0.,  0.) ( 0.,  0.) ( 0.,  0.)
 ( 0.,  0.) ( 0.,  0.) ( 0.,  0.) ( 0.,  0.) ( 0.,  0.) ( 0.,  0.)
 ( 0.,  0.) ( 0.,  0.) ( 0.,  0.) ( 0.,  0.) ( 0.,  0.) ( 0.,  0.)
 ( 0.,  0.) ( 0.,  0.) ( 0.,  0.) ( 0.,  0.) ( 0.,  0.) ( 0.,  0.)
 ( 0.,  0.) ( 0.,  0.) ( 0.,  0.) ( 0.,  0.) ( 0.,  0.) ( 0.,  0.)
 ( 0.,  0.) ( 0.,  0.) ( 0.,  0.) ( 0.,  0.) ( 0.,  0.) ( 0.,  0.)
 ( 0.,  0.) ( 0.,  0.) ( 0.,  0.) ( 0.,  0.) ( 0.,  0.) ( 0.,  0.)
 ( 0.,  0.) ( 0.,  0.) ( 0.,  0.) ( 0.,  0.) ( 0.,  0.) ( 0.,  0.)
 ( 0.,  0.) ( 0.,  0.) ( 0.,  0.) ( 0.,  0.) ( 0.,  0.) ( 0.,  0.)
 ( 0.,  0.) ( 0.,  0.) ( 0.,  0.) ( 0.,  0.) ( 0.,  0.) ( 0.,  0.)
 ( 0.,  0.) ( 0.,  0.) ( 0.,  0.) ( 0.,  0.) ( 0.,  0.) ( 0.,  0.)
 ( 0.,  0.) ( 0.,  0.) ( 0.,  0.) ( 0.,  0.) ( 0.,  0.) ( 0.,  0.)
 ( 0.,  0.) ( 0.,  0.) ( 0.,  0.) ( 0.,  0.) ( 0.,  0.) ( 0.,  0.)
 ( 0.,  0.) ( 0.,  0.) ( 0.,  0.) ( 0.,  0.) ( 0.,  0.) ( 0.,  0.)
 ( 0.,  0.) ( 0.,  0.) ( 0.,  0.) ( 0.,  0.) ( 0.,  0.) ( 0.,  0.)
 ( 0.,  0.) ( 0.,  0.) ( 0.,  0.) ( 0.,  0.) ( 0.,  0.) ( 0.,  0.)
 ( 0.,  0.) ( 0.,  0.) ( 0.,  0.) ( 0.,  0.) ( 0.,  0.) ( 0.,  0.)
 ( 0.,  0.) ( 0.,  0.) ( 0.,  0.) ( 0.,  0.) ( 0.,  0.) ( 0.,  0.)
 ( 0.,  0.) ( 0.,  0.) ( 0.,  0.) ( 0.,  0.) ( 0.,  0.) ( 0.,  0.)
 ( 0.,  0.) ( 0.,  0.) ( 0.,  0.) ( 0.,  0.) ( 0.,  0.) ( 0.,  0.)
 ( 0.,  0.) ( 0.,  0.) ( 0.,  0.) ( 0.,  0.) ( 0.,  0.) ( 0.,  0.)
 ( 0.,  0.) ( 0.,  0.) ( 0.,  0.) ( 0.,  0.) ( 0.,  0.) ( 0.,  0.)
 ( 0.,  0.) ( 0.,  0.) ( 0.,  0.) ( 0.,  0.) ( 0.,  0.) ( 0.,  0.)
 ( 0.,  0.) ( 0.,  0.) ( 0.,  0.) ( 0.,  0.) ( 0.,  0.) ( 0.,  0.)
 ( 0.,  0.) ( 0.,  0.) ( 0.,  0.) ( 0.,  0.) ( 0.,  0.) ( 0.,  0.)
 ( 0.,  0.) ( 0.,  0.) ( 0.,  0.) ( 0.,  0.) ( 0.,  0.) ( 0.,  0.)
 ( 0.,  0.) ( 0.,  0.) ( 0.,  0.) ( 0.,  0.) ( 0.,  0.) ( 0.,  0.)
 ( 0.,  0.) ( 0.,  0.) ( 0.,  0.) ( 0.,  0.) ( 0.,  0.) ( 0.,  0.)
 ( 0.,  0.) ( 0.,  0.) ( 0.,  0.) ( 0.,  0.) ( 0.,  0.) ( 0.,  0.)
 ( 0.,  0.) ( 0.,  0.) ( 0.,  0.) ( 0.,  0.) ( 0.,  0.) ( 0.,  0.)
 ( 0.,  0.) ( 0.,  0.) ( 0.,  0.) ( 0.,  0.) ( 0.,  0.) ( 0.,  0.)
 ( 0.,  0.) ( 0.,  0.) ( 0.,  0.) ( 0.,  0.) ( 0.,  0.) ( 0.,  0.)
 ( 0.,  0.) ( 0.,  0.) ( 0.,  0.) ( 0.,  0.) ( 0.,  0.) ( 0.,  0.)
 ( 0.,  0.) ( 0.,  0.) ( 0.,  0.) ( 0.,  0.) ( 0.,  0.) ( 0.,  0.)
 ( 0.,  0.) ( 0.,  0.) ( 0.,  0.) ( 0.,  0.) ( 0.,  0.) ( 0.,  0.)
 ( 0.,  0.) ( 0.,  0.) ( 0.,  0.) ( 0.,  0.) ( 0.,  0.) ( 0.,  0.)
 ( 0.,  0.) ( 0.,  0.) ( 0.,  0.) ( 0.,  0.) ( 0.,  0.) ( 0.,  0.)
 ( 0.,  0.) ( 0.,  0.) ( 0.,  0.) ( 0.,  0.) ( 0.,  0.) ( 0.,  0.)
 ( 0.,  0.) ( 0.,  0.) ( 0.,  0.) ( 0.,  0.) ( 0.,  0.) ( 0.,  0.)
 ( 0.,  0.) ( 0.,  0.) ( 0.,  0.) ( 0.,  0.) ( 0.,  0.) ( 0.,  0.)
 ( 0.,  0.) ( 0.,  0.)] 
Solution Description: 
p: [  0.          24.97504074  27.87924318  36.32497433  66.36133807
  87.28118421 195.78294181 197.08443233 200.01530739 201.02422688
 202.56358039 241.43062319 244.10934587 244.14773311 249.65501908
 283.82435276 323.56782162 463.93422843 476.92967295 483.30845183
 518.0802805  549.89477107 567.33212813 583.01379926 607.59315396
 657.72916952 658.30396766 682.04736396 691.47723116 717.68591576
 721.93966785 733.74538063   0.         138.03005413 148.64878743
 154.19221456 169.2899532  187.77597465 196.40204314 196.55703883
 201.16052159 203.8722818  228.04107557 232.31188314 232.3181174
   0.          33.04402669  47.16510668  69.58322548 105.25785939
 107.08818843 116.2018729  125.09688027 141.87503779 184.01450834
 212.26148069 222.39659126 233.392337   233.48029619 259.11262053
 259.90996502 270.50817543 294.71269765 294.80346446 317.75522819
 319.43879208 348.74703325 353.44036239   0.           9.67751456
  23.15159492  28.34563964  59.16122303  72.08131608  72.08375114
  72.25010592  79.8823783   94.68790619 127.76852544 133.37120448
 145.49492408 147.42428346 155.20869722 155.49712824 160.84122592
 242.52318679 317.02819669 321.84201153 322.74115806 324.62443342
 339.1269521  429.19463363 475.15512769 484.51217333 484.55633536
 507.23910953 536.33711501 536.49592113 536.52049774 538.52367964] 
pred: [ 0  0  0  0  0  0  0  0  0  0  0 10 10 10 10 14 14 14 14 18 18 18 18 18
 18 18 18 26 26 26 26 26  0  0  0  0  3  3  3  3  3  3  9  9  9  0  0  0
  0  0  0  0  6  6  6  6  6  6  6  6  6  6 16 16 16 16 20 20  0  0  0  0
  3  3  3  3  3  8  8  8  8  8  8  8 15 15 15 15 15 15 21 21 21 21 21 21
 21 21 21 21] 
distance [  0.          24.97504074  27.87924318  36.32497433  66.36133807
  87.28118421 195.78294181 197.08443233 200.01530739 201.02422688
 202.56358039  38.8670428   41.54576548  41.58415272  47.09143869
  34.16933368  73.91280255 214.27920935 227.27465387   6.37877888
  41.15060755  72.96509812  90.40245518 106.08412631 130.66348101
 180.79949657 181.37429471  23.7433963   33.17326351  59.3819481
  63.63570019  75.44141297   0.         138.03005413 148.64878743
 154.19221456  15.09773864  33.58376009  42.20982858  42.36482427
  46.96830703  49.68006724  24.16879376  28.43960134  28.44583559
   0.          33.04402669  47.16510668  69.58322548 105.25785939
 107.08818843 116.2018729    8.89500736  25.67316489  67.81263544
  96.05960779 106.19471836 117.1904641  117.27842329 142.91074763
 143.70809211 154.30630252  24.20452222  24.29528903  47.24705276
  48.93061666  29.30824116  34.00157031   0.           9.67751456
  23.15159492  28.34563964  30.8155834   43.73567644  43.7381115
  43.90446628  51.53673866  14.80552789  47.88614714  53.48882618
  65.61254578  67.54190516  75.32631892  75.61474994   5.34409768
  87.02605855 161.53106844 166.34488329 167.24402982 169.12730518
  14.50251868 104.57020021 150.53069427 159.88773991 159.93190194
 182.61467611 211.71268159 211.87148771 211.89606432 213.89924621]
load: [  0   3  12  23  26  44  51  72  95 114 137  23  33  34  36   8  12  16
  25  13  29  48  71  83  89  98 103  19  29  49  74  98   0  21  34  36
  14  28  53  75  84  88  13  31  43   0  12  32  42  62  78  99  10  11
  24  45  50  53  56  64  69  88   5   9  14  16  23  47   0   7  31  43
  13  34  49  69  87  17  22  26  41  65  81 106   4  17  28  50  51  71
  11  12  25  45  58  66  69  73  94  97] 
time: [  0.         129.         150.16142569 169.07354305 208.78510921
 227.32671838 307.01653998 376.         386.73487495 425.26938032
 455.         140.         285.         313.27835541 350.
 110.         136.         224.76021669 417.         106.
 213.         231.37636996 243.66015359 277.77092354 295.16084073
 387.         465.11174498 103.         137.         178.
 314.         349.58709769   0.         257.         422.
 493.75351166 216.         241.31703655 383.         444.
 461.25199257 477.11541186 178.         324.         350.09776622
   0.         125.         248.         267.05961308 336.
 402.         418.63408026 124.         153.76960324 175.99194442
 216.         236.95530789 272.11160563 282.23770107 318.89836181
 375.         457.         222.         370.         402.
 445.         190.         378.           0.         143.
 161.         314.         169.         186.61974315 210.87311616
 229.54785008 424.         231.         272.         290.81390902
 382.         408.15780238 448.1126214  457.3281927  158.
 221.85226149 299.4376921  439.         489.178036   500.5404654
 129.         184.05777359 221.31804081 275.73679792 322.
 348.47465319 432.         466.90323688 487.66647824 514.37979312] 
time warps: [0 0 0 0 0 0 0 0 0 0 0 0 0 0 0 0 0 0 0 0 0 0 0 0 0 0 0 0 0 0 0 0 0 0 0 0 0
 0 0 0 0 0 0 0 0 0 0 0 0 0 0 0 0 0 0 0 0 0 0 0 0 0 0 0 0 0 0 0 0 0 0 0 0 0
 0 0 0 0 0 0 0 0 0 0 0 0 0 0 0 0 0 0 0 0 0 0 0 0 0 0] 
duration: [  0.          43.97504074  60.87924318  90.32497433 128.36133807
 174.28118421 291.78294181 305.75993158 331.69080664 346.69972613
 381.85995481  47.8670428  204.71805701 216.75644426 256.8323723
  37.16933368  90.93886636 247.30527316 406.2979109   10.37877888
 132.74364087 165.55813144 205.9954885  226.67715963 272.25651433
 389.33058213 403.90538027  40.7433963   69.80229227 129.30215891
 262.98476126 299.79047404   0.         153.03005413 314.11527113
 330.65869826  31.09773864  53.58376009 220.25411496 262.35960654
 279.9630893  294.67484951  44.16879376 187.29453655 192.3007708
   0.          34.04402669 166.26650547 207.68462428 286.32788078
 321.79506511 339.90874958  29.89500736  47.67316489  98.81263544
 148.25848433 180.39359489 192.38934064 211.47729982 245.10962417
 288.52888706 381.99465359  33.20452222 178.32422809 218.88519181
 257.60273851  51.30824116 232.45612236   0.          14.67751456
  40.387413   191.76293046  39.8155834   71.73567644  84.7381115
  89.90446628 300.43181441  37.80552789  87.73409018 118.33676922
 202.14458368 228.07394307 239.85835683 263.14678785  28.34409768
 129.02605855 211.53106844 355.07682152 361.97596806 373.85924341
  24.50251868 119.57020021 176.53069427 198.88773991 236.16724596
 276.85002013 378.46364691 383.62245303 396.64702964 410.65021153]

All individuals: [( 6, [31, 12, 22, 31, 73, 62, 37, 55, 20, 39, 16, 64, 17, 44, 41, 70, 59, 84, 86, 43,  8, 13, 81, 19, 93, 92, 38, 68, 27, 74, 25, 60, 69,  9, 72,  7,  5, 94, 33, 65, 87, 32, 47,  1, 42, 88, 78,  2, 80, 48,  6, 24, 10, 96, 67, 51, 50, 76,  3, 12, 53, 36, 71, 66, 56, 14, 18, 85, 22, 11, 21, 26, 57, 95, 29, 54, 58, 45, 90, 77,  4, 31, 61, 52, 89, 63, 34, 49, 82, 35, 79, 40, 75, 15, 46, 23, 83, 30, 91, 28], 1858.02754006, 1858.02754006, 0.,  0.        ,  0.        ,  0.        ,  1, 50, 26. )
 ( 6, [31, 12, 22, 31, 73, 62, 37, 55, 20, 39, 16, 64, 17, 44, 41, 70, 59, 84, 86, 43,  8, 13, 81, 19, 93, 92, 38, 68, 27, 74, 25, 60, 69,  9, 72,  7,  5, 94, 33, 65, 87, 32, 47,  1, 42, 88, 78,  2, 80, 48,  6, 24, 10, 96, 67, 51, 50, 76,  3, 12, 53, 36, 71, 66, 56, 14, 18, 85, 22, 11, 21, 26, 57, 95, 29, 54, 58, 45, 90, 77,  4, 31, 61, 52, 89, 63, 34, 49, 82, 35, 79, 40, 75, 15, 46, 23, 83, 30, 91, 28], 1858.02754006, 1858.02754006, 0.,  0.        ,  0.        ,  0.        ,  2, 49, 26.5)
 ( 6, [31, 12, 22, 31, 73, 62, 37, 55, 20, 39, 16, 64, 17, 44, 41, 70, 59, 84, 86, 43,  8, 13, 81, 19, 93, 92, 38, 68, 27, 74, 25, 60, 69,  9, 72,  7,  5, 94, 33, 65, 87, 32, 47,  1, 42, 88, 78,  2, 80, 48,  6, 24, 10, 96, 67, 51, 50, 76,  3, 12, 53, 36, 71, 66, 56, 14, 18, 85, 22, 11, 21, 26, 57, 95, 29, 54, 58, 45, 90, 77,  4, 31, 61, 52, 89, 63, 34, 49, 82, 35, 79, 40, 75, 15, 46, 23, 83, 30, 91, 28], 1858.02754006, 1858.02754006, 0.,  0.        ,  0.        ,  0.        ,  3, 48, 27. )
 ( 6, [31, 12, 22, 31, 73, 62, 37, 55, 20, 39, 16, 64, 17, 44, 41, 70, 59, 84, 86, 43,  8, 13, 81, 19, 93, 92, 38, 68, 27, 74, 25, 60, 69,  9, 72,  7,  5, 94, 33, 65, 87, 32, 47,  1, 42, 88, 78,  2, 80, 48,  6, 24, 10, 96, 67, 51, 50, 76,  3, 12, 53, 36, 71, 66, 56, 14, 18, 85, 22, 11, 21, 26, 57, 95, 29, 54, 58, 45, 90, 77,  4, 31, 61, 52, 89, 63, 34, 49, 82, 35, 79, 40, 75, 15, 46, 23, 83, 30, 91, 28], 1858.02754006, 1858.02754006, 0.,  0.        ,  0.        ,  0.        ,  4, 47, 27.5)
 ( 6, [31, 12, 22, 31, 73, 62, 37, 55, 20, 39, 16, 64, 17, 44, 41, 70, 59, 84, 86, 43,  8, 13, 81, 19, 93, 92, 38, 68, 27, 74, 25, 60, 69,  9, 72,  7,  5, 94, 33, 65, 87, 32, 47,  1, 42, 88, 78,  2, 80, 48,  6, 24, 10, 96, 67, 51, 50, 76,  3, 12, 53, 36, 71, 66, 56, 14, 18, 85, 22, 11, 21, 26, 57, 95, 29, 54, 58, 45, 90, 77,  4, 31, 61, 52, 89, 63, 34, 49, 82, 35, 79, 40, 75, 15, 46, 23, 83, 30, 91, 28], 1858.02754006, 1858.02754006, 0.,  0.        ,  0.        ,  0.        ,  5, 46, 28. )
 ( 6, [31, 12, 22, 31, 73, 62, 37, 55, 20, 39, 16, 64, 17, 44, 41, 70, 59, 84, 86, 43,  8, 13, 81, 19, 93, 92, 38, 68, 27, 74, 25, 60, 69,  9, 72,  7,  5, 94, 33, 65, 87, 32, 47,  1, 42, 88, 78,  2, 80, 48,  6, 24, 10, 96, 67, 51, 50, 76,  3, 12, 53, 36, 71, 66, 56, 14, 18, 85, 22, 11, 21, 26, 57, 95, 29, 54, 58, 45, 90, 77,  4, 31, 61, 52, 89, 63, 34, 49, 82, 35, 79, 40, 75, 15, 46, 23, 83, 30, 91, 28], 1858.02754006, 1858.02754006, 0.,  0.        ,  0.        ,  0.        ,  6, 45, 28.5)
 ( 6, [31, 12, 22, 31, 73, 62, 37, 55, 20, 39, 16, 64, 17, 44, 41, 70, 59, 84, 86, 43,  8, 13, 81, 19, 93, 92, 38, 68, 27, 74, 25, 60, 69,  9, 72,  7,  5, 94, 33, 65, 87, 32, 47,  1, 42, 88, 78,  2, 80, 48,  6, 24, 10, 96, 67, 51, 50, 76,  3, 12, 53, 36, 71, 66, 56, 14, 18, 85, 22, 11, 21, 26, 57, 95, 29, 54, 58, 45, 90, 77,  4, 31, 61, 52, 89, 63, 34, 49, 82, 35, 79, 40, 75, 15, 46, 23, 83, 30, 91, 28], 1858.02754006, 1858.02754006, 0.,  0.        ,  0.        ,  0.        ,  7, 44, 29. )
 ( 6, [31, 12, 22, 31, 73, 62, 37, 55, 20, 39, 16, 64, 17, 44, 41, 70, 59, 84, 86, 43,  8, 13, 81, 19, 93, 92, 38, 68, 27, 74, 25, 60, 69,  9, 72,  7,  5, 94, 33, 65, 87, 32, 47,  1, 42, 88, 78,  2, 80, 48,  6, 24, 10, 96, 67, 51, 50, 76,  3, 12, 53, 36, 71, 66, 56, 14, 18, 85, 22, 11, 21, 26, 57, 95, 29, 54, 58, 45, 90, 77,  4, 31, 61, 52, 89, 63, 34, 49, 82, 35, 79, 40, 75, 15, 46, 23, 83, 30, 91, 28], 1858.02754006, 1858.02754006, 0.,  0.        ,  0.        ,  0.        ,  1, 50, 26. )
 ( 6, [31, 12, 22, 31, 73, 62, 37, 55, 20, 39, 16, 64, 17, 44, 41, 70, 59, 84, 86, 43,  8, 13, 81, 19, 93, 92, 38, 68, 27, 74, 25, 60, 69,  9, 72,  7,  5, 94, 33, 65, 87, 32, 47,  1, 42, 88, 78,  2, 80, 48,  6, 24, 10, 96, 67, 51, 50, 76,  3, 12, 53, 36, 71, 66, 56, 14, 18, 85, 22, 11, 21, 26, 57, 95, 29, 54, 58, 45, 90, 77,  4, 31, 61, 52, 89, 63, 34, 49, 82, 35, 79, 40, 75, 15, 46, 23, 83, 30, 91, 28], 1858.02754006, 1858.02754006, 0.,  0.        ,  0.        ,  0.        ,  8, 43, 29.5)
 ( 6, [31, 12, 22, 31, 73, 62, 37, 55, 20, 39, 16, 64, 17, 44, 41, 70, 59, 84, 86, 43,  8, 13, 81, 19, 93, 92, 38, 68, 27, 74, 25, 60, 69,  9, 72,  7,  5, 94, 33, 65, 87, 32, 47,  1, 42, 88, 78,  2, 80, 48,  6, 24, 10, 96, 67, 51, 50, 76,  3, 12, 53, 36, 71, 66, 56, 14, 18, 85, 22, 11, 21, 26, 57, 95, 29, 54, 58, 45, 90, 77,  4, 31, 61, 52, 89, 63, 34, 49, 82, 35, 79, 40, 75, 15, 46, 23, 83, 30, 91, 28], 1858.02754006, 1858.02754006, 0.,  0.        ,  0.        ,  0.        ,  9, 42, 30. )
 ( 6, [31, 12, 22, 31, 73, 62, 37, 55, 20, 39, 16, 64, 17, 44, 41, 70, 59, 84, 86, 43,  8, 13, 81, 19, 93, 92, 38, 68, 27, 74, 25, 60, 69,  9, 72,  7,  5, 94, 33, 65, 87, 32, 47,  1, 42, 88, 78,  2, 80, 48,  6, 24, 10, 96, 67, 51, 50, 76,  3, 12, 53, 36, 71, 66, 56, 14, 18, 85, 22, 11, 21, 26, 57, 95, 29, 54, 58, 45, 90, 77,  4, 31, 61, 52, 89, 63, 34, 49, 82, 35, 79, 40, 75, 15, 46, 23, 83, 30, 91, 28], 1858.02754006, 1858.02754006, 0.,  0.        ,  0.        ,  0.        , 10, 39, 29.5)
 ( 6, [31, 12, 22, 31, 73, 62, 37, 55, 20, 39, 16, 64, 17, 44, 41, 70, 59, 84, 86, 43,  8, 13, 81, 19, 93, 92, 38, 68, 27, 74, 25, 60, 69,  9, 72,  7,  5, 94, 33, 65, 87, 32, 47,  1, 42, 88, 78,  2, 80, 48,  6, 24, 10, 96, 67, 51, 50, 76,  3, 12, 53, 36, 71, 66, 56, 14, 18, 85, 22, 11, 21, 26, 57, 95, 29, 54, 58, 45, 90, 77,  4, 31, 61, 52, 89, 63, 34, 49, 82, 35, 79, 40, 75, 15, 46, 23, 83, 30, 91, 28], 1858.02754006, 1858.02754006, 0.,  0.        ,  0.        ,  0.        , 11, 37, 29.5)
 ( 6, [31, 12, 22, 31, 73, 62, 37, 55, 20, 39, 16, 64, 17, 44, 41, 70, 59, 84, 86, 43,  8, 13, 81, 19, 93, 92, 38, 68, 27, 74, 25, 60, 69,  9, 72,  7,  5, 94, 33, 65, 87, 32, 47,  1, 42, 88, 78,  2, 80, 48,  6, 24, 10, 96, 67, 51, 50, 76,  3, 12, 53, 36, 71, 66, 56, 14, 18, 85, 22, 11, 21, 26, 57, 95, 29, 54, 58, 45, 90, 77,  4, 31, 61, 52, 89, 63, 34, 49, 82, 35, 79, 40, 75, 15, 46, 23, 83, 30, 91, 28], 1858.02754006, 1858.02754006, 0.,  0.        ,  0.        ,  0.        , 12, 36, 30. )
 ( 6, [31, 12, 22, 31, 73, 62, 37, 55, 20, 39, 16, 64, 17, 44, 41, 70, 59, 84, 86, 43,  8, 13, 81, 19, 93, 92, 38, 68, 27, 74, 25, 60, 69,  9, 72,  7,  5, 94, 33, 65, 87, 32, 47,  1, 42, 88, 78,  2, 80, 48,  6, 24, 10, 96, 67, 51, 50, 76,  3, 12, 53, 36, 71, 66, 56, 14, 18, 85, 22, 11, 21, 26, 57, 95, 29, 54, 58, 45, 90, 77,  4, 31, 61, 52, 89, 63, 34, 49, 82, 35, 79, 40, 75, 15, 46, 23, 83, 30, 91, 28], 1858.02754006, 1858.02754006, 0.,  0.        ,  0.        ,  0.        , 13, 29, 27.5)
 ( 6, [31, 12, 22, 31, 73, 62, 37, 55, 20, 39, 16, 64, 17, 44, 41, 70, 59, 84, 86, 43,  8, 13, 81, 19, 93, 92, 38, 68, 27, 74, 25, 60, 69,  9, 72,  7,  5, 94, 33, 65, 87, 32, 47,  1, 42, 88, 78,  2, 80, 48,  6, 24, 10, 96, 67, 51, 50, 76,  3, 12, 53, 36, 71, 66, 56, 14, 18, 85, 22, 11, 21, 26, 57, 95, 29, 54, 58, 45, 90, 77,  4, 31, 61, 52, 89, 63, 34, 49, 82, 35, 79, 40, 75, 15, 46, 23, 83, 30, 91, 28], 1858.02754006, 1858.02754006, 0.,  0.        ,  0.        ,  0.        , 14, 34, 31. )
 ( 6, [31, 12, 22, 31, 73, 62, 37, 55, 20, 39, 16, 64, 17, 44, 41, 70, 59, 84, 86, 43,  8, 13, 81, 19, 93, 92, 38, 68, 27, 74, 25, 60, 69,  9, 72,  7,  5, 94, 33, 65, 87, 32, 47,  1, 42, 88, 78,  2, 80, 48,  6, 24, 10, 96, 67, 51, 50, 76,  3, 12, 53, 36, 71, 66, 56, 14, 18, 85, 22, 11, 21, 26, 57, 95, 29, 54, 58, 45, 90, 77,  4, 31, 61, 52, 89, 63, 34, 49, 82, 35, 79, 40, 75, 15, 46, 23, 83, 30, 91, 28], 1858.02754006, 1858.02754006, 0.,  0.        ,  0.        ,  0.        , 16, 32, 32. )
 ( 6, [31, 12, 22, 31, 73, 62, 37, 55, 20, 39, 16, 64, 17, 44, 41, 70, 59, 84, 86, 43,  8, 13, 81, 19, 93, 92, 38, 68, 27, 74, 25, 60, 69,  9, 72,  7,  5, 94, 33, 65, 87, 32, 47,  1, 42, 88, 78,  2, 80, 48,  6, 24, 10, 96, 67, 51, 50, 76,  3, 12, 53, 36, 71, 66, 56, 14, 18, 85, 22, 11, 21, 26, 57, 95, 29, 54, 58, 45, 90, 77,  4, 31, 61, 52, 89, 63, 34, 49, 82, 35, 79, 40, 75, 15, 46, 23, 83, 30, 91, 28], 1858.02754006, 1858.02754006, 0.,  0.        ,  0.        ,  0.        , 18, 33, 34.5)
 ( 6, [31, 12, 22, 31, 73, 62, 37, 55, 20, 39, 16, 64, 17, 44, 41, 70, 59, 84, 86, 43,  8, 13, 81, 19, 93, 92, 38, 68, 27, 74, 25, 60, 69,  9, 72,  7,  5, 94, 33, 65, 87, 32, 47,  1, 42, 88, 78,  2, 80, 48,  6, 24, 10, 96, 67, 51, 50, 76,  3, 12, 53, 36, 71, 66, 56, 14, 18, 85, 22, 11, 21, 26, 57, 95, 29, 54, 58, 45, 90, 77,  4, 31, 61, 52, 89, 63, 34, 49, 82, 35, 79, 40, 75, 15, 46, 23, 83, 30, 91, 28], 1858.02754006, 1858.02754006, 0.,  0.        ,  0.        ,  0.        , 17, 31, 32.5)
 ( 6, [31, 12, 22, 31, 73, 62, 37, 55, 20, 39, 16, 64, 17, 44, 41, 70, 59, 84, 86, 43,  8, 13, 81, 19, 93, 92, 38, 68, 27, 74, 25, 60, 69,  9, 72,  7,  5, 94, 33, 65, 87, 32, 47,  1, 42, 88, 78,  2, 80, 48,  6, 24, 10, 96, 67, 51, 50, 76,  3, 12, 53, 36, 71, 66, 56, 14, 18, 85, 22, 11, 21, 26, 57, 95, 29, 54, 58, 45, 90, 77,  4, 31, 61, 52, 89, 63, 34, 49, 82, 35, 79, 40, 75, 15, 46, 23, 83, 30, 91, 28], 1858.02754006, 1858.02754006, 0.,  0.        ,  0.        ,  0.        , 15, 30, 30. )
 ( 6, [31, 12, 22, 31, 73, 62, 37, 55, 20, 39, 16, 64, 17, 44, 41, 70, 59, 84, 86, 43,  8, 13, 81, 19, 93, 92, 38, 68, 27, 74, 25, 60, 69,  9, 72,  7,  5, 94, 33, 65, 87, 32, 47,  1, 42, 88, 78,  2, 80, 48,  6, 24, 10, 96, 67, 51, 50, 76,  3, 12, 53, 36, 71, 66, 56, 14, 18, 85, 22, 11, 21, 26, 57, 95, 29, 54, 58, 45, 90, 77,  4, 31, 61, 52, 89, 63, 34, 49, 82, 35, 79, 40, 75, 15, 46, 23, 83, 30, 91, 28], 1858.02754006, 1858.02754006, 0.,  0.        ,  0.        ,  0.        , 19, 28, 33. )
 ( 6, [31, 12, 22, 31, 73, 62, 37, 86, 55, 20, 39, 16, 64, 17, 44, 41, 70, 59, 84, 43,  8, 13, 81, 19, 93, 92, 38, 68, 27, 74, 25, 60, 69,  9, 72,  7,  5, 94, 33, 65, 87, 32, 47,  1, 42, 88, 78,  2, 80, 48,  6, 24, 10, 96, 67, 51, 50, 76,  3, 12, 53, 36, 71, 66, 56, 14, 18, 85, 22, 11, 21, 26, 57, 95, 29, 54, 58, 45, 90, 77,  4, 31, 61, 52, 89, 63, 34, 49, 82, 35, 79, 40, 75, 15, 46, 23, 83, 30, 91, 28], 1893.08542054, 2091.15599514, 0.,  1.39678152,  0.        ,  3.        , 20, 21, 30.5)
 ( 6, [31, 13, 21, 31, 73, 62, 37, 55, 20, 39, 16, 64, 17, 44, 41, 70, 59, 84, 86, 43,  8, 13, 81, 19, 93, 92, 38, 68, 27, 74, 25, 60, 69,  9, 72,  2,  7,  5, 94, 33, 65, 87, 32, 47,  1, 78, 88, 42, 80, 48,  6, 24, 10, 96, 67, 51, 50, 76,  3, 12, 53, 36, 71, 66, 56, 14, 18, 85, 22, 11, 21, 26, 57, 95, 29, 54, 58, 45, 90, 77,  4, 31, 61, 52, 89, 63, 34, 49, 82, 35, 79, 40, 75, 15, 46, 23, 83, 30, 91, 28], 1894.60157441, 1894.60157441, 0.,  0.        ,  0.        ,  2.        , 21, 27, 34.5)
 ( 6, [31, 12, 22, 31, 73, 62, 37, 55, 20, 39, 16, 64, 17, 44, 41, 70, 59, 84, 86, 43,  8, 13, 81, 19, 93, 92, 38, 68, 27, 74, 25, 60, 69,  9, 72, 88, 42,  2,  7,  5, 94, 33, 65, 87, 32, 47,  1, 80, 48,  6, 24, 10, 96, 67, 51, 50, 76,  3, 12, 53, 36, 71, 66, 56, 14, 18, 85, 22, 78, 11, 21, 26, 57, 95, 29, 54, 58, 45, 90, 77,  4, 31, 61, 52, 89, 63, 34, 49, 82, 35, 79, 40, 75, 15, 46, 23, 83, 30, 91, 28], 1901.02171992, 1901.02171992, 0.,  0.        ,  0.        ,  3.        , 25, 22, 36. )
 ( 6, [29, 14, 22, 31, 73, 62, 37, 55, 20, 39, 16, 64, 17, 44, 41, 70, 59, 84, 86, 43,  8, 13, 81, 19, 93, 92, 38, 68, 27, 74, 25, 60, 69,  9, 72,  7,  5, 94, 33, 65, 87, 32, 47,  1, 42, 88, 78,  2, 80, 48,  6, 24, 10, 96, 67, 51, 50, 76,  3, 12, 53, 36, 71, 66, 56, 14, 18, 85, 22, 11, 21, 26, 57, 95, 29, 54, 58, 45, 90, 77,  4, 31, 61, 52, 89, 63, 34, 49, 82, 35, 79, 40, 75, 15, 46, 23, 83, 30, 91, 28], 1915.67271579, 1915.67271579, 0.,  0.        ,  0.        ,  3.33333333, 22, 19, 31.5)
 ( 6, [31, 12, 22, 31, 73, 62, 37, 55, 20, 39, 16, 64, 17, 44, 41, 70, 59, 84, 86, 43,  8, 13, 81, 19, 93, 92, 38, 68, 27, 74, 25, 60, 69,  9, 72,  7,  5, 94, 33, 65, 87, 32, 47,  1, 42, 88, 78,  2, 80, 48,  6, 24, 10, 96, 67, 51, 50, 76,  3, 12, 53, 36, 71, 66, 56, 14, 18, 85, 22, 11, 21, 26, 57, 95, 29, 54, 58, 45, 90, 77,  4, 15, 46, 28, 31, 61, 52, 89, 63, 34, 49, 82, 35, 79, 40, 75, 23, 83, 30, 91], 1926.01753582, 1926.01753582, 0.,  0.        ,  0.        ,  4.        , 23, 18, 32. )
 ( 6, [30, 12, 23, 31, 73, 62, 37, 55, 20, 39, 16, 64, 17, 44, 41, 70, 59, 84, 86, 43,  8, 13, 81, 19, 93, 92, 38, 68, 27, 74, 25, 60, 69,  9, 72,  7,  5, 94, 33, 65, 87, 32, 47,  1, 42, 88, 78,  2, 80, 48,  6, 24, 10, 96, 67, 51, 50, 76,  3, 12, 53, 36, 71, 66, 56, 14, 18, 85, 22, 11, 21, 26, 57, 95, 29, 54, 58, 45, 90, 77,  4, 31, 61, 52, 89, 63, 34, 49, 82, 35, 79, 40, 75, 15, 46, 23, 83, 30, 91, 28], 1936.28293656, 1936.28293656, 0.,  0.        ,  0.        ,  2.        , 24, 25, 36.5)
 ( 6, [30, 14, 21, 31, 73, 62, 37, 55, 20, 39, 16, 64, 17, 44, 41, 70, 59, 84, 86, 43,  8, 13, 81, 19, 93, 92, 38, 68, 27, 74, 25, 60, 69,  9, 72,  7,  5, 94, 33, 65, 87, 32, 47,  1, 42, 88, 78,  2, 80, 48,  6, 24, 10, 96, 67, 51, 50, 76,  3, 12, 53, 36, 71, 66, 56, 14, 18, 85, 22, 11, 21, 26, 57, 95, 29, 54, 58, 45, 90, 77,  4, 31, 61, 52, 89, 63, 34, 49, 82, 35, 79, 40, 75, 15, 46, 23, 83, 30, 91, 28], 1952.69306325, 1952.69306325, 0.,  0.        ,  0.        ,  2.66666667, 26, 24, 38. )
 ( 6, [31, 12, 22, 31, 73, 62, 37, 55, 20, 39, 16, 64, 17, 44, 41, 70, 59, 84, 86, 43,  8, 13, 81, 19, 93, 92, 38, 68, 27, 74, 25, 60, 69,  9, 72,  7,  5, 94, 33, 65, 87, 32, 47,  1, 42, 88, 78,  2, 80, 48,  6, 24, 10, 96, 67, 51, 50, 76,  3, 18, 14, 56, 66, 71, 36, 53, 12, 85, 22, 11, 21, 26, 57, 95, 29, 54, 58, 45, 90, 77,  4, 31, 61, 52, 89, 63, 34, 49, 82, 35, 79, 40, 75, 15, 46, 23, 83, 30, 91, 28], 1954.24414775, 2006.30412181, 0., 12.13244388,  0.        ,  0.        , 27, 38, 46. )
 ( 6, [31, 12, 22, 31, 73, 62, 37, 55, 20, 39, 16, 64, 17, 44, 41, 70, 59, 84, 86, 43,  8, 13, 81, 19, 93, 92, 38, 68, 27, 74, 25, 60, 69,  9, 72,  7,  5, 94, 33, 65, 87, 32, 47,  1, 42, 88, 78,  2, 80, 48,  6, 24, 10, 96, 67, 51, 50, 76,  3, 18, 14, 56, 66, 71, 36, 53, 12, 85, 22, 11, 21, 26, 57, 95, 29, 54, 58, 45, 90, 77,  4, 31, 61, 52, 89, 63, 34, 49, 82, 35, 79, 40, 75, 15, 46, 23, 83, 30, 91, 28], 1954.24414775, 2006.30412181, 0., 12.13244388,  0.        ,  0.        , 28, 40, 48. )
 ( 6, [31, 12, 22, 31, 73, 62, 37, 55, 20, 39, 16, 64, 17, 44, 41, 70, 59, 84, 86, 43,  8, 13, 81, 19, 93, 92, 38, 68, 27, 74, 25, 60, 69,  9, 72,  7,  5, 94, 33, 65, 87, 32, 47,  1, 42, 88, 78,  2, 80, 48,  6, 24, 10, 96, 67, 51, 50, 76,  3, 18, 14, 56, 66, 71, 36, 53, 12, 85, 22, 11, 21, 26, 57, 95, 29, 54, 58, 45, 90, 77,  4, 31, 61, 52, 89, 63, 34, 49, 82, 35, 79, 40, 75, 15, 46, 23, 83, 30, 91, 28], 1954.24414775, 2006.30412181, 0., 12.13244388,  0.        ,  0.        , 30, 35, 47.5)
 ( 6, [31, 12, 22, 31, 73, 62, 37, 55, 20, 39, 16, 64, 17, 44, 41, 70, 59, 84, 86, 43,  8, 13, 81, 19, 93, 92, 38, 68, 27, 74, 25, 60, 69,  9, 72,  7,  5, 94, 33, 65, 87, 32, 47,  1, 42, 88, 78,  2, 80, 48,  6, 24, 10, 96, 67, 51, 50, 76,  3, 18, 14, 56, 66, 71, 36, 53, 12, 85, 22, 11, 21, 26, 57, 95, 29, 54, 58, 45, 90, 77,  4, 31, 61, 52, 89, 63, 34, 49, 82, 35, 79, 40, 75, 15, 46, 23, 83, 30, 91, 28], 1954.24414775, 2006.30412181, 0., 12.13244388,  0.        ,  0.        , 29, 41, 49.5)
 ( 6, [30, 12, 24, 30, 73, 62, 37, 55, 20, 39, 16, 64, 17, 44, 41, 70, 59, 84, 86, 43,  8, 13, 81, 19, 93, 92, 38, 68, 27, 74, 25, 60, 69,  9, 42, 88, 32,  7,  5, 94, 33, 65, 87, 72, 47,  1,  2, 80, 48,  6, 24, 10, 96, 67, 51, 50, 76,  3, 12, 53, 36, 71, 66, 56, 14, 18, 85, 11, 22, 78, 21, 26, 57, 95, 29, 54, 58, 45, 90, 77,  4, 31, 61, 52, 89, 63, 34, 49, 82, 35, 79, 40, 75, 15, 46, 23, 83, 30, 91, 28], 1963.72824727, 1963.72824727, 0.,  0.        ,  0.        ,  9.        , 31, 12, 37. )
 ( 6, [31, 12, 24, 29, 73, 62, 37, 55, 20, 39, 16, 64, 17, 44, 41, 70, 59, 84, 86, 43,  8, 13, 81, 19, 93, 92, 38, 68, 27, 74, 25, 60, 69,  9, 72, 87, 32,  7,  5, 94, 33, 65, 47,  1, 42, 88, 78,  2, 80, 48,  6, 24, 10, 96, 67, 51, 50, 76,  3, 12, 53, 36, 71, 66, 56, 14, 18, 85, 22, 11, 21, 26, 57, 95, 29, 54, 58, 45, 90, 77,  4, 31, 61, 52, 89, 63, 34, 49, 82, 35, 79, 40, 75, 15, 46, 23, 83, 30, 91, 28], 1990.0438765 , 1990.0438765 , 0.,  0.        ,  0.        ,  7.        , 32, 15, 39.5)
 ( 6, [30, 12, 22, 32, 73, 62, 37, 55, 20, 39, 16, 64, 17, 44, 41, 70, 59, 84, 86, 43,  8, 13, 81, 19, 93, 92, 38, 68, 27, 74, 25, 60, 69,  9, 72,  7,  5, 94, 33, 65, 87, 32, 47,  1, 42, 88, 78,  2, 80, 48,  6, 24, 10, 96, 67, 51, 50, 76,  3, 12, 53, 36, 71, 66, 56, 14, 18, 85, 22, 11, 21, 26, 57, 95, 29, 54, 58, 45, 90, 77,  4, 31, 61, 52, 89, 63, 34, 49, 82, 35, 79, 40, 75, 15, 46, 23, 83, 30, 91, 28], 2015.96200548, 2015.96200548, 0.,  0.        ,  0.        ,  2.        , 33, 26, 46. )
 ( 6, [30, 12, 23, 31, 62, 55, 73, 37, 20, 39, 16, 64, 17, 44, 41, 70, 59, 84, 86, 43,  8, 13, 81, 19, 93, 92, 38, 68, 27, 74, 25, 60, 69,  9, 42, 65, 72, 87, 88,  2,  7,  5, 94, 33, 32, 47,  1, 78, 80, 48,  6, 10, 24, 18, 66, 56, 96, 67, 51, 50, 76,  3, 12, 53, 36, 71, 14, 85, 22, 11, 21, 26, 57, 95, 29, 54, 58, 45, 90, 77,  4, 31, 61, 52, 89, 63, 34, 49, 82, 35, 79, 40, 75, 15, 46, 23, 83, 30, 91, 28], 2016.51809186, 2058.21504183, 0.,  1.08511327,  0.        , 22.33333333, 34,  5, 36.5)
 ( 6, [31, 13, 21, 31, 73, 62, 37, 55, 20, 39, 16, 64, 17, 44, 41, 70, 59, 84, 86, 43,  8, 13, 81, 19, 93, 92, 38, 68, 27, 74, 25, 60, 69,  9, 72,  7,  5, 94, 33, 65, 61, 32, 47,  1, 42, 88, 78,  2, 80, 48,  6, 24, 10, 96, 67, 51, 50, 76,  3, 12, 53, 36, 71, 66, 56, 14, 18, 85, 22, 11, 21, 26, 57, 95, 29, 54, 58, 45, 90, 77,  4, 31, 87, 52, 89, 63, 34, 49, 82, 35, 79, 40, 75, 15, 46, 23, 83, 30, 91, 28], 2055.1716852 , 2119.11569404, 0.,  0.        ,  0.        ,  5.33333333, 35, 16, 43. )
 ( 6, [31, 12, 22, 31, 73, 62, 37, 55, 20, 39, 16, 64, 17, 44, 41, 70, 59, 84, 86, 43, 88,  8, 13, 81, 19, 93, 92, 38, 68, 27, 74, 25, 60, 69,  9, 72,  7,  5, 94, 33, 65, 87, 32, 47,  1, 42, 78,  2, 80, 48,  6, 24, 10, 96, 67, 51, 50, 76,  3, 12, 53, 36, 71, 66, 56, 14, 18, 85, 22, 11, 21, 26, 57, 95, 29, 54, 58, 45, 90, 77,  4, 31, 61, 52, 89, 63, 34, 49, 82, 35, 79, 40, 75, 15, 46, 23, 83, 30, 91, 28], 2131.32596831, 2029.79379489, 0.,  0.        , 37.67363369,  3.        , 36, 20, 46. )
 ( 6, [31, 12, 23, 30, 73, 62, 37, 55, 20, 39, 16, 64, 17, 44, 41, 70, 59, 84, 86, 43,  8, 13, 81, 19, 93, 92, 38, 68, 27, 74, 25, 60, 69,  9, 42, 88, 32,  7,  5, 94, 33, 65, 87, 72, 47,  1,  2, 80, 48,  6, 24, 10, 96, 67, 51, 50, 76,  3, 12, 53, 36, 71, 78, 66, 56, 14, 18, 85, 22, 11, 21, 26, 57, 95, 29, 54, 58, 45, 90, 77,  4, 31, 61, 52, 89, 63, 34, 49, 82, 35, 79, 40, 75, 15, 46, 23, 83, 30, 91, 28], 2142.08603585, 2142.08603585, 0.,  0.        ,  0.        ,  9.        , 37, 13, 43.5)
 ( 6, [31, 12, 22, 31, 73, 62, 37, 55, 20, 39, 16, 64, 17, 44, 41, 70, 59, 84, 40, 86, 43,  8, 13, 81, 19, 93, 92, 38, 68, 27, 74, 25, 60, 69,  9, 72,  7,  5, 94, 33, 65, 87, 32, 47,  1, 42, 88, 78,  2, 80, 48,  6, 24, 10, 96, 67, 51, 50, 76,  3, 12, 53, 36, 71, 66, 56, 14, 18, 85, 22, 11, 21, 26, 57, 95, 29, 54, 58, 45, 90, 77,  4, 31, 61, 52, 89, 63, 34, 49, 82, 35, 79, 75, 15, 46, 23, 83, 30, 91, 28], 2165.30258782, 2228.43256282, 0.,  0.        ,  0.        ,  3.        , 38, 23, 49.5)
 ( 6, [31, 12, 22, 31, 73, 62, 37, 55, 20, 39, 16, 64, 17, 44, 41, 70, 59, 84, 86, 43,  8, 13, 81, 19, 93, 92, 38, 68, 27, 74, 25, 60, 69,  9, 72, 87, 32,  7,  5, 94, 33, 65, 47,  1, 42, 88, 78,  2, 80, 48,  6, 24, 10, 96, 67, 51, 50, 76,  3, 18, 14, 56, 11, 22, 85, 66, 71, 36, 53, 12, 21, 26, 57, 95, 29, 54, 58, 45, 90, 77,  4, 31, 61, 52, 89, 63, 34, 49, 82, 35, 79, 40, 75, 15, 46, 23, 83, 30, 91, 28], 2183.96970217, 2185.63637952, 0., 12.13244388,  0.        ,  7.33333333, 39, 14, 46. )
 ( 6, [31, 12, 22, 31, 73, 62, 37, 55, 20, 39, 16, 64, 17, 44, 41, 70, 59, 84, 86, 43,  8, 13, 81, 19, 93, 92, 38, 68, 27, 74, 25, 60, 69,  9, 72,  7,  5, 94, 33, 65, 87, 32, 47,  1, 42, 88, 78,  2, 80, 48,  6, 24, 10, 96, 67, 51, 50, 76,  3, 11, 22, 85, 18, 14, 56, 66, 71, 36, 53, 12, 21, 26, 57, 95, 29, 54, 58, 45, 90, 77,  4, 31, 61, 52, 89, 63, 34, 49, 82, 35, 79, 40, 75, 15, 46, 23, 83, 30, 91, 28], 2190.22351502, 2191.89019238, 0., 12.13244388,  0.        ,  5.        , 40, 17, 48.5)
 ( 6, [29, 12, 24, 31, 73, 62, 37, 55, 20, 39, 16, 64, 17, 44, 41, 70, 59, 84, 86, 43,  8, 13, 81, 19, 93, 92, 38, 68, 27, 74, 25, 60, 69,  9, 42, 88, 32,  7,  5, 94, 33, 65, 87, 72, 47,  1,  2, 80, 53, 48,  6, 24, 10, 96, 67, 51, 50, 76,  3, 12, 36, 71, 66, 56, 14, 18, 85, 11, 22, 78, 21, 26, 57, 95, 29, 54, 58, 90, 77,  4, 31, 45, 61, 52, 89, 63, 34, 49, 82, 35, 79, 40, 75, 15, 46, 23, 83, 30, 91, 28], 2233.24453801, 2233.24453801, 0.,  0.        ,  0.        , 13.66666667, 41,  7, 44.5)
 ( 6, [34, 13, 20, 29, 73, 62, 37, 55, 20, 39, 16, 64, 17, 44, 41, 70, 59, 84, 86, 43,  8, 13, 81, 19, 93, 92, 38, 68, 27, 74, 25, 60, 69,  9, 72,  7,  5, 94, 33, 65, 90, 32, 47,  1, 42, 88, 78,  2, 80, 48,  6, 24, 10, 96, 67, 51, 50, 76,  3, 12, 53, 36, 71, 66, 56, 14, 18, 85, 22, 11, 21, 26, 57, 95, 29, 54, 58, 45, 87, 77,  4, 31, 61, 52, 89, 63, 34, 49, 82, 35, 79, 40, 75, 15, 46, 23, 83, 30, 91, 28], 2244.47485232, 2244.47485232, 0.,  0.        ,  0.        , 11.33333333, 42, 10, 47. )
 ( 6, [26, 13, 23, 34, 73, 62, 37, 55, 20, 39, 16, 64, 17, 44, 41, 70, 59, 84, 86, 43,  8, 52, 81, 19, 93, 92, 38, 68, 27, 74, 25, 60, 69,  9, 72,  7,  5, 94, 33, 65, 87, 32, 47,  1, 42, 88, 78,  2, 80, 48,  6, 24, 10, 96, 67, 51, 50, 76,  3, 12, 53, 36, 71, 66, 56, 14, 18, 85, 22, 11, 21, 26, 57, 95, 29, 54, 58, 45, 90, 77,  4, 31, 61, 13, 89, 63, 34, 49, 82, 35, 79, 40, 75, 15, 46, 23, 83, 30, 91, 28], 2286.36397294, 2286.36397294, 0.,  0.        ,  0.        , 12.        , 44,  9, 48.5)
 ( 6, [30, 14, 21, 31, 73, 62, 37, 55, 20, 39, 16, 64, 17, 44, 41, 70, 43, 86, 84, 59,  8, 13, 81, 19, 93, 92, 38, 68, 27, 74, 25, 60, 69,  9, 72,  7,  5, 94, 33, 65, 87, 32, 47,  1, 42, 88, 78,  2, 80, 48,  6, 24, 10, 56, 36, 71, 66, 53,  3, 12, 96, 67, 76, 50, 51, 14, 18, 85, 11, 22, 21, 26, 57, 95, 29, 54, 58, 45, 90, 77,  4, 31, 61, 52, 89, 63, 34, 49, 82, 35, 79, 40, 75, 15, 46, 23, 83, 30, 91, 28], 2326.19606401, 2239.93693992, 0.,  0.        , 37.67363369, 17.66666667, 45,  6, 48. )
 ( 6, [30, 12, 22, 32, 73, 20, 55, 37, 92, 62, 39, 16, 64, 17, 44, 41, 70, 59, 84, 86, 43,  8, 13, 81, 19, 93, 38, 68, 27, 74, 25, 60, 69,  9, 72,  3,  5, 94, 33, 65, 87, 32, 47,  1, 42, 88, 78,  2, 80, 48,  6, 24, 10, 96, 67, 51, 50, 76,  7, 12, 53, 36, 71, 66, 56, 14, 18, 85, 22, 11, 21, 26, 57, 95, 29, 54, 58, 45, 90, 77,  4, 31, 61, 52, 89, 63, 34, 49, 82, 35, 79, 40, 75, 15, 46, 23, 83, 30, 91, 28], 2422.30973404, 2422.30973404, 0.,  0.        ,  0.        , 12.33333333, 46,  8, 50. )
 ( 6, [30, 14, 21, 31, 73, 62, 37, 55, 20, 39, 16, 64, 17, 44, 41, 70, 59, 84, 86, 43,  8, 13, 81, 19, 93, 92, 38, 85, 18, 14, 56, 66, 71, 36, 53, 12,  3, 76, 50, 51, 67, 96, 10, 24,  6, 48, 80,  2, 78, 88,  1, 47, 32, 87, 65, 33, 94,  5,  7, 72, 42,  9, 69, 60, 25, 74, 27, 68, 22, 11, 21, 26, 57, 95, 29, 54, 58, 45, 90, 77,  4, 31, 61, 52, 89, 63, 34, 49, 82, 35, 79, 40, 75, 15, 46, 23, 83, 30, 91, 28], 3057.1434834 , 2963.9423424 , 0., 46.6005705 ,  0.        , 34.        , 47,  4, 49. )
 ( 6, [30, 12, 22, 32, 73, 62, 37, 55, 20, 39, 16, 64, 17, 44, 41, 70, 59, 84, 86, 43,  8, 13, 81, 19, 93, 92, 45, 58, 54, 29, 95, 57, 26, 21, 11, 22, 85, 18, 14, 56, 66, 71, 36, 53, 12,  3, 76, 50, 51, 67, 96, 10, 24,  6, 48, 80,  2, 78, 88, 42,  1, 47, 32, 87, 65, 33, 94,  5,  7, 72,  9, 69, 60, 25, 74, 27, 68, 38, 90, 77,  4, 15, 46, 28, 31, 61, 52, 89, 63, 34, 49, 82, 35, 79, 40, 75, 23, 83, 30, 91], 3140.28905185, 3216.04716211, 0., 15.21223307,  0.        , 41.33333333, 48,  2, 49. )
 ( 6, [31, 11, 22, 32, 37, 86, 92, 38, 64, 46, 70, 59, 13, 83, 75, 16, 15, 23, 41, 81, 44, 91, 93, 28, 39, 35, 62, 19, 55, 74, 25, 60, 69,  9, 72,  7,  5, 94, 33, 65, 87, 32, 47,  1, 42, 88, 78,  2, 80, 48,  6, 24, 10, 96, 67, 51, 50, 76,  3, 18, 14, 56, 66, 71, 36, 53, 12, 85, 22, 11, 21, 26, 57, 95, 29, 54, 58, 45, 90, 77,  4, 31, 61, 52, 89, 63, 17, 34, 49, 43, 27, 20, 68,  8, 73, 84, 79, 30, 40, 82], 3721.60987466, 3859.09653855, 0., 12.13244388,  0.        , 38.        , 49,  3, 50.5)
 (18, [27, 20, 22, 27, 62, 37, 39, 16, 17, 41, 70, 59, 84, 43,  8, 13, 81, 19, 93, 92, 68, 27, 60, 69, 72, 87, 32, 94, 65, 47, 42, 88, 78,  2, 80, 48,  6, 24, 10, 96, 67, 50, 76, 11, 22, 85, 14, 56, 66, 71, 36, 12, 21, 26, 57, 95, 29, 54, 58, 90, 61, 52, 89, 63, 34, 82, 35, 79, 40, 75, 15, 55,  4, 64, 33,  1, 53, 25, 49, 73, 38,  5, 86, 18, 28, 45, 30,  9, 31,  3, 51, 44, 74, 20, 77,  7, 46, 23, 83, 91], 4654.39966906, 4542.10752652, 0., 88.656835  ,  0.        , 62.66666667, 50,  1, 50.5)]