
Total Runtime in seconds: 491.8309750556946Parameters:
population_size: 50, max_generations: 50, executed generations: 50, threshold_no_improvement: 25
target feasible proportion: 12
fitness_scaling: power_rank, selection_method: n_tournaments
p_c: 0.8, p_m: 0.4
tournament_size: 2, n_elite: 10
survivor_selection_step: 10, p_selection_survival: 0.7
kill clone step: 100
diversify_step: 300, diversify_step: 300, p_diversify_survival: 0.3
n_closest_neighbors: 3, diversity_weight: 0.75, distance_method: broken_pairs_distance
capacity_penalty_factor: 1.532942377778555, duration_penalty_factor 1.532942377778555, time_window_penalty: 16.93177470449694
Best fitness all generations, best individual before/after local search: 1823.6832245581882, 1823.6832245581882 / 1823.6832245581882
Best individual found before local search: (38, [24, 25, 24, 23, 96, 94, 70, 60, 77, 73, 61, 67, 82, 17,  9, 33,  2, 78, 12, 30,  7, 20, 58, 46,  6, 53, 29, 11, 15, 89, 59, 32, 41,  1, 55, 65, 49, 54, 45, 72, 40, 81,  4, 43, 76, 91, 86, 62, 90, 79, 95, 75, 39, 34, 42, 24, 74, 85, 36, 93, 48, 44, 22, 66,  3, 16, 26, 19, 68, 28, 27, 88, 83, 50, 23,  8, 63, 14, 47,  5, 51, 69, 18, 21, 35, 56, 80, 87, 84, 38, 64, 13, 71, 10, 37, 57, 92, 31, 25, 52], 1823.68322456, 1823.68322456, 0., 0., 0., 0., 17, 36, 44.)
Best individual found after local search: (38, [24, 25, 24, 23, 96, 94, 70, 60, 77, 73, 61, 67, 82, 17,  9, 33,  2, 78, 12, 30,  7, 20, 58, 46,  6, 53, 29, 11, 15, 89, 59, 32, 41,  1, 55, 65, 49, 54, 45, 72, 40, 81,  4, 43, 76, 91, 86, 62, 90, 79, 95, 75, 39, 34, 42, 24, 74, 85, 36, 93, 48, 44, 22, 66,  3, 16, 26, 19, 68, 28, 27, 88, 83, 50, 23,  8, 63, 14, 47,  5, 51, 69, 18, 21, 35, 56, 80, 87, 84, 38, 64, 13, 71, 10, 37, 57, 92, 31, 25, 52], 1823.68322456, 1823.68322456, 0., 0., 0., 0., 17, 36, 44.)
Best feasible individual found: (38, [24, 25, 24, 23, 96, 94, 70, 60, 77, 73, 61, 67, 82, 17,  9, 33,  2, 78, 12, 30,  7, 20, 58, 46,  6, 53, 29, 11, 15, 89, 59, 32, 41,  1, 55, 65, 49, 54, 45, 72, 40, 81,  4, 43, 76, 91, 86, 62, 90, 79, 95, 75, 39, 34, 42, 24, 74, 85, 36, 93, 48, 44, 22, 66,  3, 16, 26, 19, 68, 28, 27, 88, 83, 50, 23,  8, 63, 14, 47,  5, 51, 69, 18, 21, 35, 56, 80, 87, 84, 38, 64, 13, 71, 10, 37, 57, 92, 31, 25, 52], 1823.68322456, 1823.68322456, 0., 0., 0., 0., 17, 36, 44.)

Fitness stats min: [2902.20048123 2059.63048679 1885.59418096 1885.60659996 1885.60659996
 1885.61963992 1885.61963992 1885.63333187 1885.63333187 1885.64770842
 1885.64770842 1885.6628038  1852.86907444 1852.86907444 1839.19453855
 1824.4231334  1824.4231334  1824.4231334  1824.4231334  1824.4231334
 1824.4231334  1824.4231334  1824.4231334  1824.4231334  1824.4231334
 1824.4231334  1824.4231334  1824.4231334  1824.4231334  1823.68322456
 1823.68322456 1823.68322456 1823.68322456 1823.68322456 1823.68322456
 1823.68322456 1823.68322456 1823.68322456 1823.68322456 1823.68322456
 1823.68322456 1823.68322456 1823.68322456 1823.68322456 1823.68322456
 1823.68322456 1823.68322456 1823.68322456 1823.68322456 1823.68322456
 1823.68322456] 

Fitness stats feasible min: [3133.06940512 2059.63048679 2059.63048679 2059.63048679 2059.63048679
 1959.24862559 1924.47815755 1918.1691981  1901.11158946 1889.93935516
 1889.93935516 1889.93935516 1852.86907444 1852.86907444 1839.19453855
 1824.4231334  1824.4231334  1824.4231334  1824.4231334  1824.4231334
 1824.4231334  1824.4231334  1824.4231334  1824.4231334  1824.4231334
 1824.4231334  1824.4231334  1824.4231334  1824.4231334  1823.68322456
 1823.68322456 1823.68322456 1823.68322456 1823.68322456 1823.68322456
 1823.68322456 1823.68322456 1823.68322456 1823.68322456 1823.68322456
 1823.68322456 1823.68322456 1823.68322456 1823.68322456 1823.68322456
 1823.68322456 1823.68322456 1823.68322456 1823.68322456 1823.68322456
 1823.68322456] 

Fitness stats avg: [3190.90726663 3150.0943842  3054.98358065 2793.86771723 2667.15266217
 2500.70366454 2356.11829509 2259.57689124 2179.05766807 2145.8795628
 2182.8851025  4098.62994862 2601.23368824 2160.55007427 2173.82004737
 2156.04132513 2101.81293047 2073.96299556 2002.34420308 2003.82609811
 1977.30084039 5065.23405729 3477.42484651 2508.85918349 2089.16814689
 1984.3956231  1982.64246537 2028.77996189 1968.39197422 1958.19499421
 1976.09089233 4154.39715356 3255.30927496 2268.12742035 2013.35896998
 2039.26956179 2003.00994749 1961.19869614 1950.56410794 1947.67570763
 1994.2363771  3516.35435792 2849.13073354 2163.69018806 2005.48864467
 1956.61416    1967.59013624 1943.58303606 1962.00360316 1967.69894742
 1994.97314335] 

Feasible stats: [( 0.,  0.) ( 0., 50.) ( 0., 50.) ( 7., 43.) ( 7., 43.) (17., 33.)
 (17., 33.) (27., 23.) (27., 23.) (43.,  7.) (43.,  7.) (41.,  9.)
 (41.,  9.) (32., 18.) (32., 18.) (42.,  8.) (42.,  8.) (44.,  6.)
 (44.,  6.) (43.,  7.) (43.,  7.) (45.,  5.) (45.,  5.) (26., 24.)
 (26., 24.) (39., 11.) (39., 11.) (42.,  8.) (42.,  8.) (47.,  3.)
 (47.,  3.) (48.,  2.) (48.,  2.) (31., 19.) (31., 19.) (46.,  4.)
 (46.,  4.) (46.,  4.) (46.,  4.) (48.,  2.) (48.,  2.) (48.,  2.)
 (48.,  2.) (39., 11.) (39., 11.) (49.,  1.) (49.,  1.) (46.,  4.)
 (46.,  4.) (49.,  1.) (49.,  1.)] 
Solution Description: 
p: [   0.          122.95313652  130.26576281  162.83483403  194.69602226
  279.6959103   304.67095104  371.85297228  510.7925485   570.29089105
  618.17654193  630.7415012   701.91370608  769.81617003  769.96291354
  860.1539015   886.75946406 1058.25746681 1081.30046005 1125.33506482
 1217.04465255 1351.95140392 1463.40534473 1509.50219221 1533.38466288
    0.           77.30976044  124.93455629  142.45459082  142.50901757
  255.70751003  257.4430236   375.5717599   382.54120632  565.47048276
  647.20977916  679.24913242  686.45844178  857.49011633  903.39259128
  992.46255767 1139.99817448 1253.78431474 1321.9961435  1442.44903814
 1447.90219332 1536.00312607 1643.41251654 1646.34178801 1766.6813194
 1980.44056896    0.          208.93959895  212.02541454  260.31084423
  410.81023837  440.11847953  459.46240734  638.67828683  680.70597147
  784.14533024  811.7493338   835.95385602  894.73218282 1039.13493987
 1144.43509345 1291.09597974 1368.76447979 1394.91115744 1660.30879519
 1698.04144301 1775.88977901 1869.5117403  1957.07608151 2269.67895129
 2283.07143683    0.          139.301939    145.74661501  361.42123514
  539.40388698  575.53951634  713.83702015  736.9343316   763.00870021
  870.18449041 1027.62984248 1035.22821815 1063.40713454 1210.83262765
 1245.47459112 1343.63562931 1447.63828601 1596.26660097 1689.49064767
 1699.06934117 1826.48475236 1860.4865035  1913.13838655 1921.68953813] 
pred: [ 0  0  0  2  3  3  5  5  7  7  9  9 10 11 11 11 11 16 16 16 19 19 20 22
 22  0  0  0  0  0  4  4  6  6  7  9  9  9 12 12 12 15 16 16 18 18 18 21
 21 21 24  0  0  0  0  2  4  4  6  6  6  9 10 10 10 13 14 14 14 17 18 18
 20 20 22 22  0  0  0  2  3  3  5  6  6  8  9  9  9 12 12 12 12 16 17 17
 17 17 21 21] 
distance [  0.         122.95313652 130.26576281  32.56907122  31.86118824
 116.86107627  24.97504074  92.15706198 138.93957622 198.43791878
  47.88565088  60.45061015  83.73716415 139.07466883 139.22141234
 229.4124003  256.01796286 171.49800275 194.54099599 238.57560076
  91.70958772 226.6163391  246.36069218  46.09684748  69.97931815
   0.          77.30976044 124.93455629 142.45459082 142.50901757
 113.19849246 114.93400603 118.1287363  125.09818273 189.89872286
  81.7392964  113.77864966 120.98795902 171.03167455 216.9341495
 306.00411589 147.53561681 113.78614026 181.99796902 120.45289464
 125.90604982 214.00698258 107.40939046 110.33866194 230.67819333
 213.75924956   0.         208.93959895 212.02541454 260.31084423
 198.78482383  29.30824116  48.65216897 179.21587949 221.24356413
 324.6829229   27.60400355  24.20452222  82.98284902 227.38560608
 105.30015358 146.66088629 224.32938634 250.47606399 265.39763774
  37.73264783 115.58098383  93.62196129 181.1863025  312.60286978
 325.99535532   0.         139.301939   145.74661501 215.67462013
 177.98265184 214.11828121 138.29750381  23.09731145  49.17168006
 107.1757902  157.44535207 165.04372774 193.22264413 147.42549311
 182.06745658 280.22849477 384.23115147 148.62831496  93.2240467
 102.8027402  230.21815139 264.21990254  52.65188304  61.20303462]
load: [ 0 10 12 10 10 14  3 19  1  2 19 44 39 26 38 41 45 21 39 57 13 33 28 15
 22  0 20 24 25 47 23 27  3 17 36 20 37 61  1 14 29  4  5 26  8 17 22 11
 32 45  7  0 11 24 40 21 23 28 19 29 52 24  5  8 29 12 16 22 25  9 18 21
 21 29  4 17  0  5 14 13 13 33  2 24 44  4 20 45 47 12 35 44 63 21 11 24
 47 71 19 44] 
time: [  0.         124.         442.         285.         137.
 233.         129.         422.         109.         410.
 298.         326.3947216  356.83951449 264.94030955 306.
 357.72628465 428.88844783 257.         342.32504915 427.72921597
 322.         419.99144754 415.03514318 143.         169.56274283
   0.         114.         161.53433923 300.         444.
 140.         410.         104.         180.         439.
 210.         231.24892569 300.         152.         242.97093223
 382.         136.         122.         404.         110.
 135.05445808 272.         129.         164.4245517  255.78959053
 171.           0.         188.         291.26561442 402.
 502.18044024 190.         375.         216.         318.53262652
 455.         378.         222.         263.05035658 376.
 314.         213.         254.16619988 447.         387.
 324.         432.         216.         306.25448073  81.
 168.28642034   0.         402.         454.3423285  422.
  70.         178.         445.         161.         476.
 370.         248.         383.         439.84961546 234.
 299.         417.         552.25200709 345.         100.
 169.         249.27781159 358.31157729 103.         436.        ] 
time warps: [0 0 0 0 0 0 0 0 0 0 0 0 0 0 0 0 0 0 0 0 0 0 0 0 0 0 0 0 0 0 0 0 0 0 0 0 0
 0 0 0 0 0 0 0 0 0 0 0 0 0 0 0 0 0 0 0 0 0 0 0 0 0 0 0 0 0 0 0 0 0 0 0 0 0
 0 0 0 0 0 0 0 0 0 0 0 0 0 0 0 0 0 0 0 0 0 0 0 0 0 0] 
duration: [  0.         143.95313652 424.37801153  56.56907122  39.86118824
 184.75273481  43.97504074 343.08933583 139.93957622 429.70130137
  61.88565088  92.45061015 117.73716415 156.07466883 172.94861612
 282.13960408 313.74516664 186.49800275 234.54099599 299.57560076
 103.70958772 250.6163391  266.36069218  59.09684748  87.97931815
   0.          90.30976044 160.93455629 285.54000562 395.46561744
 122.19849246 352.60981456 126.1287363  155.78222238 389.36750084
  86.7392964  141.77864966 183.77066454 176.03167455 225.9341495
 408.58292264 161.53561681 135.78614026 398.84759785 123.45289464
 142.90604982 311.15068431 117.40939046 139.33866194 270.67819333
 222.75924956   0.         216.93959895 240.02541454 346.74285124
 216.78482383  51.30824116 232.73550396 180.21587949 241.24356413
 413.85315082  43.60400355  33.20452222  92.98284902 246.36459124
 109.30015358 148.66088629 247.32938634 369.4848282  287.39763774
  59.73264783 195.3900791   98.62196129 204.1863025  328.60286978
 360.99535532   0.         151.301939   170.74661501 225.67462013
 186.98265184 265.54031489 147.29750381  29.09731145 355.1953849
 117.1757902  161.44535207 270.81031604 315.98923243 152.42549311
 230.64480459 340.01051749 466.01317419 157.62831496 114.2240467
 140.01981505 290.43522624 348.43697738  69.65188304 388.74177272]

All individuals: [(38, [24, 25, 24, 23, 96, 94, 70, 60, 77, 73, 61, 67, 82, 17,  9, 33,  2, 78, 12, 30,  7, 20, 58, 46,  6, 53, 29, 11, 15, 89, 59, 32, 41,  1, 55, 65, 49, 54, 45, 72, 40, 81,  4, 43, 76, 91, 86, 62, 90, 79, 95, 75, 39, 34, 42, 24, 74, 85, 36, 93, 48, 44, 22, 66,  3, 16, 26, 19, 68, 28, 27, 88, 83, 50, 23,  8, 63, 14, 47,  5, 51, 69, 18, 21, 35, 56, 80, 87, 84, 38, 64, 13, 71, 10, 37, 57, 92, 31, 25, 52], 1823.68322456, 1823.68322456, 0., 0.,  0.        ,  0.        , 17, 36, 44.  )
 (41, [31, 12, 22, 31, 25, 60, 72, 73, 37, 69,  9, 81, 19, 20, 16, 64, 17, 44, 86, 43,  8, 13, 41, 70, 59, 84, 62, 55, 92, 93, 38, 68, 39, 27, 74, 33, 65, 87, 32, 47,  1, 42, 88, 78,  7,  5, 94, 85, 66, 56, 96, 67, 51, 50, 76,  3, 12, 53, 36, 71, 22,  2, 80, 48,  6, 10, 24, 14, 18, 45, 31, 35, 82, 79, 26, 46, 23, 83, 30, 91, 28, 89, 63, 77, 90, 61, 52, 57, 95, 29, 54, 58, 11, 21, 15, 75, 40, 34, 49,  4], 1823.68322456, 1823.68322456, 0., 0.,  0.        ,  0.        ,  3, 27, 23.25)
 (41, [31, 12, 22, 31, 25, 60, 72, 73, 37, 69,  9, 81, 19, 20, 16, 64, 17, 44, 86, 43,  8, 13, 41, 70, 59, 84, 62, 55, 92, 93, 38, 68, 39, 27, 74, 33, 65, 87, 32, 47,  1, 42, 88, 78,  7,  5, 94, 85, 66, 56, 96, 67, 51, 50, 76,  3, 12, 53, 36, 71, 22,  2, 80, 48,  6, 10, 24, 14, 18, 45, 31, 35, 82, 79, 26, 46, 23, 83, 30, 91, 28, 89, 63, 77, 90, 61, 52, 57, 95, 29, 54, 58, 11, 21, 15, 75, 40, 34, 49,  4], 1823.68322456, 1823.68322456, 0., 0.,  0.        ,  0.        ,  2, 38, 30.5 )
 (41, [31, 12, 22, 31, 25, 60, 72, 73, 37, 69,  9, 81, 19, 20, 16, 64, 17, 44, 86, 43,  8, 13, 41, 70, 59, 84, 62, 55, 92, 93, 38, 68, 39, 27, 74, 33, 65, 87, 32, 47,  1, 42, 88, 78,  7,  5, 94, 85, 66, 56, 96, 67, 51, 50, 76,  3, 12, 53, 36, 71, 22,  2, 80, 48,  6, 10, 24, 14, 18, 45, 31, 35, 82, 79, 26, 46, 23, 83, 30, 91, 28, 89, 63, 77, 90, 61, 52, 57, 95, 29, 54, 58, 11, 21, 15, 75, 40, 34, 49,  4], 1823.68322456, 1823.68322456, 0., 0.,  0.        ,  0.        ,  4, 45, 37.75)
 (41, [31, 12, 22, 31, 25, 60, 72, 73, 37, 69,  9, 81, 19, 20, 16, 64, 17, 44, 86, 43,  8, 13, 41, 70, 59, 84, 62, 55, 92, 93, 38, 68, 39, 27, 74, 33, 65, 87, 32, 47,  1, 42, 88, 78,  7,  5, 94, 85, 66, 56, 96, 67, 51, 50, 76,  3, 12, 53, 36, 71, 22,  2, 80, 48,  6, 10, 24, 14, 18, 45, 31, 35, 82, 79, 26, 46, 23, 83, 30, 91, 28, 89, 63, 77, 90, 61, 52, 57, 95, 29, 54, 58, 11, 21, 15, 75, 40, 34, 49,  4], 1823.68322456, 1823.68322456, 0., 0.,  0.        ,  0.        ,  5, 44, 38.  )
 (41, [31, 12, 22, 31, 25, 60, 72, 73, 37, 69,  9, 81, 19, 20, 16, 64, 17, 44, 86, 43,  8, 13, 41, 70, 59, 84, 62, 55, 92, 93, 38, 68, 39, 27, 74, 33, 65, 87, 32, 47,  1, 42, 88, 78,  7,  5, 94, 85, 66, 56, 96, 67, 51, 50, 76,  3, 12, 53, 36, 71, 22,  2, 80, 48,  6, 10, 24, 14, 18, 45, 31, 35, 82, 79, 26, 46, 23, 83, 30, 91, 28, 89, 63, 77, 90, 61, 52, 57, 95, 29, 54, 58, 11, 21, 15, 75, 40, 34, 49,  4], 1823.68322456, 1823.68322456, 0., 0.,  0.        ,  0.        ,  7, 42, 38.5 )
 (41, [31, 12, 22, 31, 25, 60, 72, 73, 37, 69,  9, 81, 19, 20, 16, 64, 17, 44, 86, 43,  8, 13, 41, 70, 59, 84, 62, 55, 92, 93, 38, 68, 39, 27, 74, 33, 65, 87, 32, 47,  1, 42, 88, 78,  7,  5, 94, 85, 66, 56, 96, 67, 51, 50, 76,  3, 12, 53, 36, 71, 22,  2, 80, 48,  6, 10, 24, 14, 18, 45, 31, 35, 82, 79, 26, 46, 23, 83, 30, 91, 28, 89, 63, 77, 90, 61, 52, 57, 95, 29, 54, 58, 11, 21, 15, 75, 40, 34, 49,  4], 1823.68322456, 1823.68322456, 0., 0.,  0.        ,  0.        ,  1, 50, 38.5 )
 (41, [31, 12, 22, 31, 25, 60, 72, 73, 37, 69,  9, 81, 19, 20, 16, 64, 17, 44, 86, 43,  8, 13, 41, 70, 59, 84, 62, 55, 92, 93, 38, 68, 39, 27, 74, 33, 65, 87, 32, 47,  1, 42, 88, 78,  7,  5, 94, 85, 66, 56, 96, 67, 51, 50, 76,  3, 12, 53, 36, 71, 22,  2, 80, 48,  6, 10, 24, 14, 18, 45, 31, 35, 82, 79, 26, 46, 23, 83, 30, 91, 28, 89, 63, 77, 90, 61, 52, 57, 95, 29, 54, 58, 11, 21, 15, 75, 40, 34, 49,  4], 1823.68322456, 1823.68322456, 0., 0.,  0.        ,  0.        ,  8, 41, 38.75)
 (41, [31, 12, 22, 31, 25, 60, 72, 73, 37, 69,  9, 81, 19, 20, 16, 64, 17, 44, 86, 43,  8, 13, 41, 70, 59, 84, 62, 55, 92, 93, 38, 68, 39, 27, 74, 33, 65, 87, 32, 47,  1, 42, 88, 78,  7,  5, 94, 85, 66, 56, 96, 67, 51, 50, 76,  3, 12, 53, 36, 71, 22,  2, 80, 48,  6, 10, 24, 14, 18, 45, 31, 35, 82, 79, 26, 46, 23, 83, 30, 91, 28, 89, 63, 77, 90, 61, 52, 57, 95, 29, 54, 58, 11, 21, 15, 75, 40, 34, 49,  4], 1823.68322456, 1823.68322456, 0., 0.,  0.        ,  0.        , 10, 39, 39.25)
 (35, [25, 24, 24, 23,  3, 35, 39, 52, 92, 36, 70, 45, 60, 31, 24,  2, 85, 37, 50, 68, 76, 93, 67, 58, 16, 72, 54, 84, 88, 40, 64, 55, 71, 41, 28, 69,  4, 11, 14, 43, 19, 42, 79, 77, 47, 53, 83, 38, 59, 82, 78, 66,  8, 63, 21, 90, 32, 61, 89, 26, 86, 62, 96, 75, 46, 56, 23, 95,  5, 94, 44, 18, 29, 17, 25, 12, 48, 80, 10, 87, 49, 73, 91, 51, 33, 30,  1, 22,  7,  6, 65,  9, 34, 81, 57, 27, 13, 74, 15, 20], 1823.68322456, 1823.68322456, 0., 0.,  0.        ,  0.        , 23, 37, 50.75)
 (48, [24, 28, 21, 23,  6, 76, 35, 94, 61, 83, 86, 25, 16, 96,  8,  9, 60, 34, 33, 31, 75, 92, 71, 21, 66, 87, 70, 67, 59, 27, 30,  3, 68, 84, 14, 13, 10, 90, 46,  2, 57, 77, 11, 23, 73, 26, 51, 65, 78, 89, 41,  7, 20,  1, 37, 52, 95, 88, 39, 12, 38, 29, 91, 55, 28, 58, 53, 42, 63, 54, 24, 22, 64, 19, 69, 85,  5, 44, 93, 50, 49, 48, 82, 43, 80, 45, 62, 32, 18, 17, 74, 56, 79, 72, 36, 15,  4, 40, 81, 47], 1823.68322456, 1823.68322456, 0., 0.,  0.        ,  0.        , 12, 48, 48.  )
 (41, [31, 12, 22, 31, 25, 60, 72, 73, 37, 69,  9, 81, 19, 20, 16, 64, 17, 44, 86, 43,  8, 13, 41, 70, 59, 84, 62, 55, 92, 93, 38, 68, 39, 27, 74, 33, 65, 87, 32, 47,  1, 42, 88, 78,  7,  5, 94, 85, 66, 56, 96, 67, 51, 50, 76,  3, 12, 53, 36, 71, 22,  2, 80, 48,  6, 10, 24, 14, 18, 45, 31, 35, 82, 79, 26, 46, 23, 83, 30, 91, 28, 89, 63, 77, 90, 61, 52, 57, 95, 29, 54, 58, 11, 21, 15, 75, 40, 34, 49,  4], 1823.68322456, 1823.68322456, 0., 0.,  0.        ,  0.        , 24, 49, 60.75)
 (41, [23, 23, 25, 25, 85,  3, 63, 61, 24, 39, 35, 66, 34, 46,  7, 83, 32,  1, 53, 57, 90, 37, 29, 14, 84, 15, 59, 74, 13,  2, 89, 48, 23, 17, 68, 58, 64, 45, 72, 70, 47, 96, 18, 92, 25, 62, 43, 76, 88, 51, 12, 87, 22, 33, 10, 94, 52, 16, 93, 26, 73, 77, 81, 41,  9, 38, 21, 36,  5, 55, 67,  8, 30, 11, 65, 78, 86, 95, 49, 71, 19, 40, 20, 28, 27, 60, 75, 91, 69, 82, 44, 54,  4, 50, 80, 56, 31, 42,  6, 79], 1823.68322456, 1823.68322456, 0., 0.,  0.        ,  0.        , 20, 30, 42.5 )
 (43, [23, 24, 26, 23,  5, 17, 31, 35, 50, 57, 58, 10, 78, 79, 56, 63, 43, 51,  6, 54, 15, 55,  4, 41, 87, 67, 95, 26, 33, 91, 11, 80, 77, 62, 92, 71, 75, 24, 25, 74, 90, 52, 68, 14, 39, 20, 84, 76, 96, 88, 60, 36,  1, 72, 22, 23, 64, 93, 12, 81, 37, 32, 44, 94, 59, 73, 18, 34, 89, 28, 82, 19, 85, 46, 29, 70,  2,  7, 49, 83, 61, 45, 65, 69, 21,  8, 42, 30, 27,  9, 86, 66, 40, 38, 47, 53, 16,  3, 13, 48], 1823.68322456, 1823.68322456, 0., 0.,  0.        ,  0.        , 21, 29, 42.75)
 (41, [31, 12, 22, 31, 25, 60, 72, 73, 37, 69,  9, 81, 19, 20, 16, 64, 17, 44, 86, 43,  8, 13, 41, 70, 59, 84, 62, 55, 92, 93, 38, 68, 39, 27, 74, 33, 65, 87, 32, 47,  1, 42, 88, 78,  7,  5, 94, 85, 66, 56, 96, 67, 51, 50, 76,  3, 12, 53, 36, 71, 22,  2, 80, 48,  6, 10, 24, 14, 18, 45, 31, 35, 82, 79, 26, 46, 23, 83, 30, 91, 28, 89, 63, 77, 90, 61, 52, 57, 95, 29, 54, 58, 11, 21, 15, 75, 40, 34, 49,  4], 1823.68322456, 1823.68322456, 0., 0.,  0.        ,  0.        , 18, 32, 42.  )
 (44, [23, 23, 27, 23, 95, 50, 84, 22, 82, 23,  7, 75, 45, 64, 29, 32, 51, 86, 89, 77, 72, 88, 78, 12,  3, 20, 58, 38, 44, 66, 73, 46, 14, 70, 33,  4, 81,  6, 62, 80, 92, 13, 27, 83, 90, 91, 21, 48, 59, 18, 52, 43, 40, 74, 71, 28,  9, 56, 63,  1, 65, 93, 54, 79, 60,  5, 31, 42, 16, 37,  8, 96, 35, 68, 11, 25,  2, 19, 24, 15, 47, 49, 87, 39, 17, 76, 55, 41, 61, 94, 67, 85, 30, 26, 10, 57, 53, 69, 34, 36], 1823.68322456, 1823.68322456, 0., 0.,  0.        ,  0.        , 22, 28, 43.  )
 (40, [23, 26, 23, 24, 42, 79, 43, 69, 62, 26, 95, 86, 44, 39, 45, 75, 21, 29, 25, 40, 27, 46, 49, 34, 28, 83, 14, 57, 87, 63, 70, 50, 10, 37,  9, 96, 64, 16, 82, 55, 60, 18, 36, 41, 19, 88, 52, 94, 53, 23, 15, 92, 59, 71, 33,  8, 67, 35,  3, 32, 17, 12, 13, 80, 30, 51,  6, 11,  2, 31, 58, 90, 48, 89, 85, 72,  5, 54, 47, 81, 78, 22,  7, 84,  1, 20, 66, 65, 93, 61, 74, 24, 91, 56,  4, 77, 68, 73, 76, 38], 1823.68322456, 1823.68322456, 0., 0.,  0.        ,  0.        , 19, 31, 42.25)
 (46, [24, 26, 22, 24, 25, 46, 69, 67,  6, 92, 49, 52, 68, 20, 43, 80, 54, 79, 41,  7, 38, 50, 15, 12, 28, 51, 56, 30, 78, 77, 58, 59, 53, 57, 19, 91, 83,  3, 75, 82,  9, 70, 27, 35, 10, 73, 84, 87, 96, 55, 32,  5, 61, 16, 76, 40, 47, 89, 21, 37, 95, 13, 23, 33, 24,  4, 74, 71, 94, 22, 81, 86, 34, 60, 36, 44, 65, 39, 31, 29, 45, 48, 26,  2, 85,  1,  8, 17, 90, 88, 64, 93, 63, 42, 66, 14, 72, 62, 11, 18], 1857.30678464, 1857.30678464, 0., 0.,  0.        ,  4.        , 25, 24, 43.  )
 (46, [24, 26, 22, 24, 25, 46, 69, 67,  6, 92, 49, 52, 68, 20, 43, 80, 54, 79, 41,  7, 38, 50, 15, 12, 28, 51, 56, 30, 78, 77, 58, 59, 53, 57, 19, 91, 83,  3, 75, 82,  9, 70, 27, 35, 10, 73, 84, 87, 96, 55, 32,  5, 61, 16, 76, 40, 47, 89, 21, 37, 95, 13, 23, 33, 24,  4, 74, 71, 94, 22, 81, 86, 34, 60, 36, 44, 65, 39, 31, 29, 45, 48, 26,  2, 85,  1,  8, 17, 90, 88, 64, 93, 63, 42, 66, 14, 72, 62, 11, 18], 1857.30678464, 1857.30678464, 0., 0.,  0.        ,  4.        , 25, 24, 43.  )
 (41, [31, 12, 22, 31, 25, 60, 72, 73, 37, 69,  9, 81, 19, 20, 16, 64, 17, 44, 86, 43,  8, 13, 41, 70, 59, 84, 62, 55, 92, 93, 38, 68, 39, 27, 74, 33, 65, 87, 32, 47,  1, 42, 88, 78,  7,  5, 94, 85, 66, 56, 96, 67, 51, 50, 76,  3, 12, 53, 36, 71, 22,  2, 80, 48,  6, 10, 24, 14, 18, 45, 31, 35, 82, 79, 26, 46, 23, 83, 30, 91, 28, 63, 89, 77, 90, 61, 52, 57, 95, 29, 54, 58, 11, 21, 15, 75, 40, 34, 49,  4], 1865.27349257, 1865.27349257, 0., 0.,  0.        ,  3.        , 26, 26, 45.5 )
 (49, [24, 24, 24, 24, 70, 85, 24, 36, 26, 13, 63, 71, 28, 37,  5,  8, 67,  2,  4, 95, 91, 62, 57, 48, 10, 53, 80, 35, 42, 31,  1, 29, 21, 49, 77, 32, 20, 27, 44, 96, 56, 86,  7, 51, 52, 39, 41,  6, 55, 74, 19, 17, 34, 93, 25, 79, 81, 66,  3, 30, 75, 40, 14, 65, 84, 60, 78, 18, 92, 47, 72, 50, 43, 45, 68, 58, 54, 11, 38, 59, 83, 46, 90, 16, 69, 33, 94, 76, 22, 88, 73, 64, 61, 87, 82, 23, 89, 15, 12,  9], 1869.17821233, 1869.17821233, 0., 0.,  0.        ,  4.        , 27, 20, 42.  )
 (49, [24, 24, 24, 24, 70, 85, 24, 36, 26, 13, 63, 71, 28, 37,  5,  8, 67,  2,  4, 95, 91, 62, 57, 48, 10, 53, 80, 35, 42, 31,  1, 29, 21, 49, 77, 32, 20, 27, 44, 96, 56, 86,  7, 51, 52, 39, 41,  6, 55, 74, 19, 17, 34, 93, 25, 79, 81, 66,  3, 30, 75, 40, 14, 65, 84, 60, 78, 18, 92, 47, 72, 50, 43, 45, 68, 58, 54, 11, 38, 59, 83, 46, 90, 16, 69, 33, 94, 76, 22, 88, 73, 64, 61, 87, 82, 23, 89, 15, 12,  9], 1869.17821233, 1869.17821233, 0., 0.,  0.        ,  4.        , 27, 20, 42.  )
 (41, [31, 12, 22, 31, 25, 60, 72, 73, 37, 69,  9, 81, 19, 20, 16, 64, 17, 44, 86, 43,  8, 13, 41, 70, 59, 84, 62, 55, 92, 93, 38, 68, 39, 27, 74, 33, 65, 87, 32, 47,  1, 42, 88, 78,  7,  5, 94, 85, 66, 56, 96, 67, 51, 50, 76,  3, 12, 53, 36, 71, 22,  2, 80, 48,  6, 10, 24, 14, 18, 45, 31, 35, 82, 79, 29, 46, 23, 83, 30, 91, 28, 89, 63, 77, 90, 61, 52, 57, 95, 26, 54, 58, 11, 21, 15, 75, 40, 34, 49,  4], 1873.4987604 , 1873.4987604 , 0., 0.,  0.        ,  4.        , 28, 22, 44.5 )
 (41, [31, 12, 22, 31, 25, 60, 72, 73, 37, 69,  9, 81, 19, 20, 16, 64, 17, 44, 86, 43,  8, 13, 41, 70, 59, 84, 62, 55, 92, 93, 38, 68, 39, 27, 74, 33, 65, 87, 32, 47,  1, 42, 88, 78,  7,  5, 94, 85, 22, 56, 96, 67, 51, 50, 76,  3, 12, 53, 36, 71, 66,  2, 80, 48,  6, 10, 24, 14, 18, 77, 31, 35, 82, 79, 26, 46, 23, 83, 30, 91, 28, 89, 63, 45, 90, 61, 52, 57, 95, 29, 54, 58, 11, 21, 15, 75, 40, 34, 49,  4], 1887.1667778 , 1887.1667778 , 0., 0.,  0.        ,  8.        , 29, 12, 38.  )
 (37, [25, 25, 26, 20, 90, 51, 88, 64, 10, 44, 56,  8, 73, 71, 59, 38, 14,  9, 31, 86, 82, 83, 94, 20, 76, 66, 63, 45, 68, 78, 85, 48, 55, 53, 19, 54, 11, 60, 22, 49, 41, 24,  1,  5, 57, 16, 28, 27, 37, 43, 80, 42, 52, 47, 18, 40, 74, 62, 91, 81, 30, 21, 84, 34, 12,  2, 72,  6, 26, 67, 39, 36, 75, 93, 89, 95, 69, 33,  7, 13, 77, 15, 70, 92, 32, 50, 23, 61,  4, 35, 58, 17, 46, 25, 96, 79,  3, 29, 65, 87], 1936.59847013, 1936.59847013, 0., 0.,  0.        ,  4.        , 30, 23, 47.25)
 (37, [25, 25, 26, 20, 90, 51, 88, 64, 10, 44, 56,  8, 73, 71, 59, 38, 14,  9, 31, 86, 82, 83, 94, 20, 76, 66, 63, 45, 68, 78, 85, 48, 55, 53, 19, 54, 11, 60, 22, 49, 41, 24,  1,  5, 57, 16, 28, 27, 37, 43, 80, 42, 52, 47, 18, 40, 74, 62, 91, 81, 30, 21, 84, 34, 12,  2, 72,  6, 26, 67, 39, 36, 75, 93, 89, 95, 69, 33,  7, 13, 77, 15, 70, 92, 32, 50, 23, 61,  4, 35, 58, 17, 46, 25, 96, 79,  3, 29, 65, 87], 1936.59847013, 1936.59847013, 0., 0.,  0.        ,  4.        , 30, 23, 47.25)
 (41, [31, 12, 22, 31, 25, 60, 72, 73, 37, 69,  9, 81, 19, 20, 16, 64, 17, 44, 86, 43,  8, 13, 41, 70, 59, 84, 62, 55, 92, 93, 38, 68, 39, 27, 74, 33, 65, 87, 32, 47,  1, 42, 88, 78,  7,  5, 94, 85, 66, 56, 96, 67, 51, 50, 76,  3, 12, 53, 36, 71, 26,  2, 80, 48,  6, 10, 24, 14, 18, 45, 31, 35, 82, 79, 22, 46, 23, 83, 30, 91, 28, 89, 63, 77, 90, 61, 52, 57, 95, 29, 54, 58, 11, 21, 15, 75, 40, 34, 49,  4], 2004.29740862, 2012.71422311, 0., 0.,  0.        ,  4.        , 31, 21, 46.75)
 (41, [31, 12, 22, 31, 25, 60, 72, 73, 37, 26,  9, 81, 19, 20, 16, 64, 17, 44, 86, 43,  8, 13, 41, 70, 59, 84, 62, 55, 92, 93, 38, 68, 39, 27, 74, 33, 65, 87, 32, 47,  1, 42, 88, 78,  7,  5, 94, 85, 22, 56, 96, 66, 67, 51, 50, 76,  3, 12, 53, 36, 71,  2, 80, 48,  6, 10, 24, 14, 18, 45, 31, 35, 82, 79, 69, 46, 23, 83, 30, 91, 28, 89, 63, 77, 90, 61, 52, 57, 95, 29, 54, 58, 11, 21, 15, 75, 40, 34, 49,  4], 2021.76659154, 2038.76744315, 0., 0.,  0.        ,  9.        , 32,  8, 38.  )
 (41, [30, 14, 21, 31, 25, 60, 72, 73, 37, 69,  9, 81, 19, 20, 16, 64, 17, 44, 86, 43,  8, 13, 41, 70, 59, 84, 62, 55, 92, 93, 38, 68, 39, 27, 74, 33, 65, 87, 32, 47,  1, 42, 88, 78,  7,  5, 94, 85, 66, 56, 96, 67, 51, 50, 76,  3, 12, 53, 36, 71, 22,  2, 80, 48,  6, 10, 24, 14, 18, 45, 54, 35, 82, 79, 26, 46, 23, 83, 30, 91, 28, 89, 63, 77, 90, 61, 52, 57, 95, 29, 31, 58, 11, 21, 15, 75, 40, 34, 49,  4], 2047.24488951, 2047.24488951, 0., 0.,  0.        ,  8.        , 33,  9, 39.75)
 (41, [31, 11, 21, 33, 25, 60, 72, 73, 37, 69,  9, 81, 19, 20, 16, 64, 17, 44, 86, 43,  8, 13, 41, 70, 59, 84, 62, 55, 92, 93, 38, 68, 39, 27, 74, 33, 88, 78, 42, 65, 32, 47,  1,  7,  5, 10, 96, 14, 18, 66, 56, 67, 51, 50, 76,  3, 12, 53, 36, 71,  2, 80, 48,  6, 85, 22, 87, 29, 95, 94, 24, 45, 31, 35, 82, 79, 26, 46, 23, 83, 30, 91, 28, 89, 63, 77, 90, 61, 52, 57, 54, 58, 11, 21, 15, 75, 40, 34, 49,  4], 2059.89958524, 2059.89958524, 0., 0.,  0.        ,  8.        , 40, 10, 47.5 )
 (41, [31, 12, 21, 32, 25, 60, 72, 73, 37, 69,  9, 81, 19, 20, 16, 64, 17, 44, 86, 43,  8, 13, 41, 70,  4, 84, 62, 55, 92, 93, 38, 68, 39, 27, 74, 33, 65, 87, 32, 47,  1, 42, 88, 78,  7,  5, 94, 85, 66, 56, 96, 67, 51, 50, 76,  3, 12, 53, 36, 71, 22,  2, 80, 48,  6, 10, 24, 14, 79, 18, 45, 31, 35, 82, 26, 46, 23, 83, 30, 91, 28, 89, 63, 77, 90, 61, 52, 57, 95, 29, 54, 58, 11, 21, 15, 75, 40, 34, 49, 59], 2075.21918522, 2075.21918522, 0., 0.,  0.        ,  8.        , 34, 11, 42.25)
 (36, [22, 28, 23, 23, 40,  8, 61, 32, 41, 60, 29, 45, 90,  1, 36, 77, 11, 22, 54, 55, 50, 67, 38, 64, 31, 92, 63, 16, 96, 94, 35, 88, 12, 37, 80, 52, 59, 25, 73, 70, 72, 85, 93, 78, 14, 66, 81, 74,  5, 26, 82, 51, 83, 75, 53, 46, 89, 91, 34, 42, 17, 23, 86, 76, 49,  3, 44, 13, 48, 84, 21, 95, 47, 71, 62, 19, 24, 27, 69, 15, 33,  4,  2, 28, 10,  9, 79, 87, 57, 68, 56,  7, 30, 39, 65, 43, 20, 58,  6, 18], 2092.40755913, 2051.66441026, 0., 0., 25.24947577,  6.        , 35, 16, 47.  )
 (36, [22, 28, 23, 23, 40,  8, 61, 32, 41, 60, 29, 45, 90,  1, 36, 77, 11, 22, 54, 55, 50, 67, 38, 64, 31, 92, 63, 16, 96, 94, 35, 88, 12, 37, 80, 52, 59, 25, 73, 70, 72, 85, 93, 78, 14, 66, 81, 74,  5, 26, 82, 51, 83, 75, 53, 46, 89, 91, 34, 42, 17, 23, 86, 76, 49,  3, 44, 13, 48, 84, 21, 95, 47, 71, 62, 19, 24, 27, 69, 15, 33,  4,  2, 28, 10,  9, 79, 87, 57, 68, 56,  7, 30, 39, 65, 43, 20, 58,  6, 18], 2092.40755913, 2051.66441026, 0., 0., 25.24947577,  6.        , 35, 16, 47.  )
 (41, [31, 11, 21, 33, 25, 60, 72, 73, 37, 69,  9, 81, 19, 20, 16, 64, 17, 44, 86, 43,  8, 13, 41, 70, 59, 84, 62, 55, 92, 93, 38, 68, 39, 27, 74, 33, 65, 87, 32, 47,  1, 42, 88, 78,  7,  5, 94, 85, 66, 56, 96, 67, 51, 50, 76,  3, 12, 53, 36, 71, 22,  2, 80, 48,  6, 10, 24, 14, 18, 45, 31, 35, 83, 79, 26, 46, 23, 82, 30, 91, 28, 89, 63, 77, 90, 61, 52, 57, 95, 29, 54, 58, 11, 21, 15, 75, 40, 34, 49,  4], 2097.22197648, 2097.22197648, 0., 0.,  0.        ,  8.        , 36, 13, 45.75)
 (41, [32, 12, 21, 31, 25, 60, 72, 73, 37, 69,  9, 81, 19, 20, 16, 64, 17, 44, 86, 43,  8, 13, 41, 70, 59, 84, 62, 55, 77, 92, 93, 38, 68, 39, 27, 74, 33, 65, 87, 32, 47,  1, 42, 88, 78,  7,  5, 94, 85, 66, 56, 96, 67, 51, 50, 76,  3, 12, 53, 36, 71, 22,  2, 80, 48,  6, 10, 24, 14, 18, 45, 31, 35, 82, 79, 26, 46, 23, 83, 30, 91, 28, 89, 63, 90, 61, 52, 57, 95, 29, 54, 58, 11, 21, 15, 75, 40, 34, 49,  4], 2104.47776619, 2104.47776619, 0., 0.,  0.        ,  5.        , 37, 18, 50.5 )
 (41, [29, 14, 22, 31, 25, 60, 72, 73, 37, 69,  9, 81, 19, 20, 16, 64, 17, 44, 86, 43,  8, 13, 41, 70, 59, 84, 62, 55, 92, 93, 38, 68, 39, 27, 74, 33, 65, 87, 32, 47,  1, 42, 88, 78,  7,  5, 94, 85, 66, 56, 96, 67, 51, 50, 76,  3, 12, 53, 36, 71, 22,  2, 80, 48,  6, 10, 24, 14, 18, 45, 40, 35, 82, 79, 26, 46, 23, 83, 30, 91, 28, 89, 63, 77, 90, 61, 52, 57, 95, 29, 54, 58, 11, 21, 15, 75, 31, 34, 49,  4], 2155.8541846 , 2155.8541846 , 0., 0.,  0.        ,  8.        , 38, 14, 48.5 )
 (39, [26, 25, 23, 22, 84, 29, 35, 76, 33, 23, 87, 58, 37, 11,  1, 65, 83, 69, 90, 15, 77, 96, 26, 63, 12, 36, 16, 95, 41, 56, 67, 81, 48, 61, 22, 64, 59, 68, 91, 54, 93, 25, 70,  8, 13, 21, 52, 57, 43, 82,  4, 53, 92, 40, 72, 71, 18, 42, 44, 66, 19,  2,  7,  3, 50, 39, 24, 30, 73, 14, 60, 27, 85, 88, 79, 38, 94, 31, 32, 20,  9, 55, 89, 10, 47, 86, 45, 51, 34, 74, 80,  6, 49,  5, 75, 46, 62, 17, 28, 78], 2163.11217452, 2279.49138386, 0., 0.,  0.        ,  4.        , 39, 25, 57.75)
 (39, [26, 25, 23, 22, 84, 29, 35, 76, 33, 23, 87, 58, 37, 11,  1, 65, 83, 69, 90, 15, 77, 96, 26, 63, 12, 36, 16, 95, 41, 56, 67, 81, 48, 61, 22, 64, 59, 68, 91, 54, 93, 25, 70,  8, 13, 21, 52, 57, 43, 82,  4, 53, 92, 40, 72, 71, 18, 42, 44, 66, 19,  2,  7,  3, 50, 39, 24, 30, 73, 14, 60, 27, 85, 88, 79, 38, 94, 31, 32, 20,  9, 55, 89, 10, 47, 86, 45, 51, 34, 74, 80,  6, 49,  5, 75, 46, 62, 17, 28, 78], 2163.11217452, 2279.49138386, 0., 0.,  0.        ,  4.        , 39, 25, 57.75)
 (41, [31, 12, 21, 32, 73, 37, 69,  9, 33, 81, 19, 20, 16, 64, 17, 44, 86, 43, 13, 41, 70, 59, 84, 62, 55, 92, 93, 38, 68, 39, 27, 74, 25, 60,  8, 65, 87, 32, 47,  1, 78,  7,  5, 94, 42, 85, 88, 72, 66, 56, 96, 67, 51, 50, 76,  3, 12, 53, 36, 71, 22,  2, 80, 48,  6, 10, 24, 14, 29, 57, 95, 18, 28, 45, 31, 35, 82, 79, 26, 46, 23, 83, 30, 91, 89, 63, 77, 90, 61, 52, 54, 58, 11, 21, 15, 75, 40, 34, 49,  4], 2197.4418631 , 2197.4418631 , 0., 0.,  0.        ,  5.        , 42, 19, 56.25)
 (41, [31, 11, 23, 31, 25, 60, 72, 73, 37, 69,  9, 81, 31, 20, 16, 64, 17, 44, 86, 43,  8, 13, 41, 70, 59, 84, 62, 55, 92, 93, 38, 68, 39, 27, 74, 67, 65, 87, 32, 47,  1, 42, 88, 78,  7,  5, 94, 85, 66, 56, 96, 33, 51, 50, 76,  3, 12, 53, 36, 71, 22,  2, 80, 48,  6, 10, 24, 14, 18, 45, 19, 35, 82, 79, 26, 46, 23, 83, 30, 91, 28, 89, 63, 77, 90, 61, 52, 57, 95, 29, 54, 58, 11, 21, 15, 75, 40, 34, 49,  4], 2200.64713665, 2200.64713665, 0., 0.,  0.        , 10.        , 41,  7, 46.25)
 (41, [32, 11, 24, 29, 25, 60, 72, 73, 37, 69,  9, 81, 19, 20, 16, 64, 17, 44, 86, 43,  8, 13, 41, 70, 59, 84, 62, 55, 92, 93, 38, 68, 39, 27, 74, 33, 65, 87, 32, 47,  1, 42, 88, 78,  7,  5, 94, 85, 66, 56, 96, 67, 51, 50, 76,  3, 21, 53, 36, 71, 22,  2, 80, 48,  6, 10, 24, 14, 18, 45, 31, 35, 82, 79, 26, 46, 23, 83, 30, 91, 28, 89, 63, 77, 90, 61, 52, 57, 95, 29, 54, 58, 11, 12, 15, 75, 40, 34, 49,  4], 2304.30547114, 2500.42294858, 0., 0.,  1.3661668 , 10.        , 43,  6, 47.5 )
 (41, [29, 11, 24, 32, 25, 60, 72, 73, 37, 69,  9, 81, 19, 20, 16, 64, 38, 44, 86, 43,  8, 13, 41, 70, 59, 84, 62, 55, 92, 93, 17, 68, 39, 27, 74, 33, 65, 87, 32, 47,  1, 42, 88, 78,  7,  5, 94, 85, 66, 56, 96, 67, 51, 50, 76,  3, 12, 53, 36, 71, 22,  2, 80, 48,  6, 10, 24, 14, 18, 45, 31, 35, 82, 79, 26, 46, 23, 83, 30, 91, 28, 89, 63, 77, 90, 61, 52, 57, 95, 29, 54, 58, 11, 21, 15, 75, 40, 34, 49,  4], 2374.32355026, 2463.48699699, 0., 0.,  0.        , 10.        , 45,  3, 47.25)
 (45, [24, 24, 25, 23, 32, 49, 18, 61, 38, 27, 85, 25, 47, 68, 15,  3, 40, 35, 41, 37, 51, 74, 13, 86, 88,  8, 93, 11, 20, 96, 64, 78, 66, 10, 79, 21, 16, 17,  5, 45, 90, 43, 60, 91, 29, 59, 54, 82,  1, 57, 67, 95, 52, 46, 83, 58, 94, 30, 89, 28, 14, 34, 48,  6, 19, 76,  2, 70, 87, 23, 75, 53, 81, 44, 39, 63, 50, 71, 69, 92, 22, 56, 42, 26, 80, 55, 73,  9, 84, 33, 62, 65, 77, 24, 31, 12,  7, 72, 36,  4], 2424.73055166, 2519.65635998, 0., 0.,  0.        ,  6.        , 46, 17, 58.75)
 (45, [24, 24, 25, 23, 32, 49, 18, 61, 38, 27, 85, 25, 47, 68, 15,  3, 40, 35, 41, 37, 51, 74, 13, 86, 88,  8, 93, 11, 20, 96, 64, 78, 66, 10, 79, 21, 16, 17,  5, 45, 90, 43, 60, 91, 29, 59, 54, 82,  1, 57, 67, 95, 52, 46, 83, 58, 94, 30, 89, 28, 14, 34, 48,  6, 19, 76,  2, 70, 87, 23, 75, 53, 81, 44, 39, 63, 50, 71, 69, 92, 22, 56, 42, 26, 80, 55, 73,  9, 84, 33, 62, 65, 77, 24, 31, 12,  7, 72, 36,  4], 2424.73055166, 2519.65635998, 0., 0.,  0.        ,  6.        , 46, 17, 58.75)
 (41, [31, 12, 21, 32, 25, 60, 72, 73, 37, 69,  9, 81, 19, 20, 16, 64, 17, 44, 86, 43, 13, 41, 70, 59, 84, 62, 55, 92, 93, 38, 68, 39, 27, 74, 33, 65, 87, 32, 47,  1, 42, 88, 78,  7,  5, 94, 85, 66, 95, 56, 96, 67, 51, 50, 76,  3, 28, 10, 12, 53, 36, 71, 22,  2, 80, 48,  6, 24, 14, 18, 45, 31, 35, 82, 79, 26, 46, 23, 83, 30, 91, 89, 63, 77, 90, 61, 52, 57,  8, 29, 54, 58, 11, 21, 15, 75, 40, 34, 49,  4], 2475.51541172, 2471.84351292, 0., 0.,  2.27556098, 11.33333333, 47,  2, 48.5 )
 (47, [26, 24, 23, 23, 56, 39, 75, 88, 59,  8, 44, 69, 92,  4, 64, 70, 84, 66, 82, 48, 18, 72, 16, 34, 29, 96, 87, 42, 53, 14,  7, 71, 25, 95, 23,  2, 91, 30, 32,  9, 10, 50, 40, 51, 27, 13, 52, 33, 38, 90, 65, 19, 12, 45, 28, 11, 89, 35, 60, 77, 47, 31, 80, 21, 73, 57, 15, 61, 85, 43, 81, 49, 22, 63, 78, 83, 55, 54, 79, 17, 36,  6,  3,  1, 93, 62, 37, 26, 74, 68, 67, 24, 41, 94, 46, 20,  5, 76, 58, 86], 2477.55712081, 2502.00745126, 0., 0.,  0.        , 10.        , 48,  4, 51.  )
 (47, [26, 24, 23, 23, 56, 39, 75, 88, 59,  8, 44, 69, 92,  4, 64, 70, 84, 66, 82, 48, 18, 72, 16, 34, 29, 96, 87, 42, 53, 14,  7, 71, 25, 95, 23,  2, 91, 30, 32,  9, 10, 50, 40, 51, 27, 13, 52, 33, 38, 90, 65, 19, 12, 45, 28, 11, 89, 35, 60, 77, 47, 31, 80, 21, 73, 57, 15, 61, 85, 43, 81, 49, 22, 63, 78, 83, 55, 54, 79, 17, 36,  6,  3,  1, 93, 62, 37, 26, 74, 68, 67, 24, 41, 94, 46, 20,  5, 76, 58, 86], 2477.55712081, 2502.00745126, 0., 0.,  0.        , 10.        , 48,  4, 51.  )
 (41, [30, 12, 25, 29, 25, 60, 72, 73, 37, 69,  9, 81, 19, 20, 16, 64, 17, 44, 86, 43,  8, 13, 41, 70, 59, 84, 62, 55, 92, 49, 38, 68, 39, 27, 74, 33, 65, 87, 32, 47,  1, 42, 88, 78,  7,  5, 94, 85, 66, 56, 96, 67, 51, 50, 76,  3, 12, 53, 36, 71, 22,  2, 80, 48,  6, 10, 24, 14, 18, 45, 31, 35, 82, 79, 26, 46, 23, 83, 30, 91, 28, 89, 63, 77, 90, 61, 52, 57, 95, 29, 54, 58, 11, 21, 15, 75, 40, 34, 93,  4], 2521.74011743, 2521.74011743, 0., 0.,  0.        , 10.        , 49,  5, 52.75)
 (42, [22, 28, 22, 24, 87,  8, 59, 43, 72, 40, 57, 63, 55, 41, 93, 86, 39, 22,  3, 49, 47, 26, 85, 90, 12, 71, 94, 78, 10, 91, 37, 24, 76, 11, 32, 21,  4, 73,  6, 51, 92, 30, 38, 31, 64, 70, 18,  7,  2, 53, 17, 82, 33, 62, 29, 46, 14, 23, 34, 75, 15, 88, 67, 81, 84, 20, 54, 61, 52, 44, 60, 16,  9, 80, 48, 36, 74, 68, 56, 35, 25, 19,  1, 50, 69, 79,  5, 83, 95, 13, 66, 65, 28, 45, 42, 27, 77, 58, 89, 96], 2545.77136821, 2545.77136821, 0., 0.,  0.        , 17.66666667, 50,  1, 50.75)
 (42, [22, 28, 22, 24, 87,  8, 59, 43, 72, 40, 57, 63, 55, 41, 93, 86, 39, 22,  3, 49, 47, 26, 85, 90, 12, 71, 94, 78, 10, 91, 37, 24, 76, 11, 32, 21,  4, 73,  6, 51, 92, 30, 38, 31, 64, 70, 18,  7,  2, 53, 17, 82, 33, 62, 29, 46, 14, 23, 34, 75, 15, 88, 67, 81, 84, 20, 54, 61, 52, 44, 60, 16,  9, 80, 48, 36, 74, 68, 56, 35, 25, 19,  1, 50, 69, 79,  5, 83, 95, 13, 66, 65, 28, 45, 42, 27, 77, 58, 89, 96], 2545.77136821, 2545.77136821, 0., 0.,  0.        , 17.66666667, 50,  1, 50.75)]